C CINVESTAV-TAMAULIPAS, MEXICO 
C email: jtj@cinvestav.mx 
C http://www.tamps.cinvestav.mx/~jtj/ 
C 
42 180 2^180 3
0 0 0 0 0 0 0 0 0 0 0 0 0 0 0 0 0 0 0 0 0 0 0 0 0 0 0 0 0 0 0 0 0 0 0 0 0 0 0 0 0 0 0 1 0 0 0 0 0 0 0 0 0 0 0 0 0 0 0 0 0 1 0 0 0 0 0 0 0 0 0 0 0 0 0 0 0 0 0 0 0 0 0 0 0 0 0 0 0 0 0 0 0 0 0 0 0 0 0 0 0 0 0 0 0 0 0 0 0 0 0 0 0 0 0 0 0 0 0 0 0 0 0 0 0 0 0 0 0 0 0 0 0 0 1 0 0 0 0 0 0 0 0 0 0 0 0 0 0 0 0 0 0 0 0 0 1 0 0 0 0 0 0 0 0 0 0 0 0 0 0 0 0 0 0 0 0 0 0 0
1 0 1 1 1 1 0 0 1 1 1 0 0 1 1 0 1 1 0 0 1 0 0 1 1 1 0 0 1 1 0 1 1 0 1 1 0 0 1 0 0 1 0 0 0 0 1 0 1 1 1 1 0 1 1 0 1 0 0 0 1 1 1 0 1 0 0 1 1 1 1 1 1 0 0 1 0 1 0 1 1 1 1 0 0 1 0 0 1 0 1 1 1 1 0 0 1 0 0 1 0 1 1 1 1 0 0 1 0 0 1 0 1 1 1 1 0 0 0 1 1 1 1 0 1 0 1 1 0 1 1 0 0 0 0 0 1 1 1 1 1 0 1 1 0 0 1 1 1 1 1 1 0 1 0 1 0 1 0 1 1 1 0 1 0 0 0 1 0 0 0 1 0 1 0 0 1 1 0 0
0 0 1 0 1 1 1 1 1 0 1 1 1 0 1 1 0 0 1 1 0 0 1 0 1 1 1 0 0 1 0 1 1 0 0 1 1 0 0 1 0 1 0 0 1 1 0 0 1 0 1 1 1 0 0 1 0 1 0 1 0 1 1 1 0 1 0 0 0 1 0 1 1 1 0 0 1 0 0 1 0 1 1 1 0 0 1 1 0 0 1 0 1 0 1 0 0 1 1 0 0 1 0 1 1 1 0 0 1 1 1 0 1 0 1 1 0 1 1 0 1 0 1 1 0 1 0 0 0 0 1 1 1 1 1 1 1 0 0 1 1 0 1 0 1 1 0 1 1 0 1 1 1 0 1 1 0 0 1 0 1 0 0 1 0 1 0 1 1 1 1 0 0 1 1 1 0 0 1 1
0 1 0 0 1 1 1 0 0 0 1 0 1 1 0 0 0 0 1 0 0 1 0 1 0 1 0 1 1 0 1 0 1 1 1 0 0 1 0 1 1 1 1 0 1 0 1 1 0 0 1 1 0 1 0 1 0 1 1 0 0 0 1 0 0 1 1 1 1 0 0 1 1 0 1 0 1 1 1 0 0 1 1 0 1 0 1 0 1 1 0 0 1 0 0 1 0 1 0 0 1 0 0 1 1 0 1 0 1 0 0 1 0 0 1 1 1 1 0 1 1 0 1 0 0 0 1 1 1 0 1 0 0 1 1 0 1 1 0 1 1 1 0 0 1 0 1 1 0 0 1 1 0 0 0 0 1 0 1 1 0 0 1 1 1 0 1 1 0 0 0 1 1 1 0 0 0 1 0 0
1 1 1 0 0 1 0 0 1 0 1 1 0 0 1 1 0 1 0 1 0 1 0 0 1 0 0 1 0 1 1 1 1 1 0 1 1 1 1 0 1 0 1 0 0 0 0 1 1 1 0 1 1 0 1 0 1 0 1 0 0 0 1 1 1 0 1 0 0 1 0 0 1 1 1 1 0 0 1 1 0 0 1 1 1 1 0 0 0 1 1 0 0 0 1 1 1 0 0 0 1 1 0 0 1 1 1 1 0 0 1 1 1 0 0 1 1 0 0 0 1 0 0 1 1 0 0 0 1 0 0 1 1 0 1 0 0 0 0 0 1 1 1 0 0 0 0 0 1 0 0 1 1 1 0 1 0 1 0 0 1 0 1 1 1 0 1 1 1 0 0 0 1 1 1 1 1 0 1 1
1 0 0 1 0 1 1 1 0 1 1 0 1 0 0 0 1 1 1 0 1 1 1 0 0 0 1 0 0 0 0 0 1 1 0 0 0 1 1 0 1 0 0 0 1 1 0 0 0 1 0 1 0 0 1 1 1 1 0 1 1 0 1 0 1 1 0 0 0 0 1 0 1 0 1 1 1 0 0 0 1 0 1 0 1 1 1 1 0 0 0 1 0 1 0 1 1 1 1 1 0 0 1 0 1 0 1 1 1 1 0 0 0 1 0 1 1 1 1 0 1 1 0 0 1 1 0 0 1 1 0 0 0 1 0 1 0 0 1 0 1 0 0 1 1 1 0 0 0 1 0 1 0 1 1 0 1 1 1 0 0 1 1 1 1 1 1 1 0 1 1 0 0 1 0 0 1 0 0 0
1 0 0 0 1 0 0 1 0 0 0 1 0 1 0 1 0 1 0 1 0 1 1 1 0 1 1 0 1 0 0 0 0 1 1 0 1 1 1 0 1 1 0 1 0 1 1 0 0 1 1 0 1 1 1 0 1 0 0 1 0 0 0 1 1 0 0 1 1 0 0 1 0 1 1 1 0 1 0 0 0 1 0 1 1 1 0 1 1 0 0 0 1 0 1 1 1 0 1 0 0 0 0 1 0 1 1 1 0 1 0 0 0 0 1 0 1 0 1 1 0 0 1 1 1 1 1 1 1 0 1 1 1 0 1 1 1 1 0 1 0 0 0 0 0 1 1 1 0 0 1 0 1 1 1 0 1 1 0 1 0 0 1 0 1 1 1 0 1 1 1 1 0 0 1 1 1 1 1 1
0 1 0 1 0 1 0 1 0 1 1 1 0 1 0 1 1 0 0 1 1 0 1 1 0 0 1 1 1 0 1 0 1 0 1 0 1 0 0 1 0 0 1 0 0 1 1 1 0 0 0 1 1 0 0 0 0 0 1 1 1 1 1 1 0 0 1 1 1 0 1 0 1 1 0 0 0 1 1 0 1 0 1 1 0 0 0 1 1 1 0 1 0 1 1 0 0 0 1 1 1 0 1 0 1 1 0 0 0 1 0 1 0 1 0 1 0 0 1 1 1 1 0 1 0 1 1 1 0 1 0 1 1 0 0 1 0 1 1 0 1 1 0 1 0 1 1 0 0 1 0 1 1 0 1 0 1 0 0 1 0 1 0 1 0 1 0 1 1 1 1 1 1 1 1 1 0 1 1 1
0 1 1 1 1 0 0 1 1 1 0 0 0 0 1 0 1 0 0 0 1 1 1 0 1 1 1 1 0 1 1 1 0 1 0 1 0 1 0 1 1 1 1 1 0 1 0 1 1 0 1 0 0 1 0 0 0 0 1 1 1 0 0 0 0 0 1 0 0 1 1 1 0 0 1 0 0 0 1 1 1 1 0 0 1 0 0 1 0 1 1 1 1 1 0 1 0 0 1 1 1 1 1 1 0 0 1 0 0 1 1 1 1 1 1 0 1 0 1 0 0 1 1 0 0 1 0 0 1 1 1 0 0 0 0 1 1 0 1 1 0 1 1 1 0 1 0 1 1 1 1 0 0 0 1 1 0 0 0 0 1 1 1 0 1 1 1 0 0 1 1 0 1 0 0 0 0 0 0 0
0 0 1 1 0 0 1 0 1 1 0 1 1 1 1 1 1 0 1 1 1 1 0 1 1 0 0 0 1 1 0 1 0 1 1 1 1 1 0 0 1 0 0 1 1 0 1 0 1 0 0 0 1 1 0 1 0 1 0 0 1 0 0 1 0 1 0 1 1 1 1 0 0 1 1 0 1 1 0 1 1 0 0 1 1 0 1 0 1 0 1 1 0 1 1 1 0 1 0 1 0 1 1 0 0 1 1 0 1 0 1 0 1 1 0 0 1 1 0 1 0 1 0 1 0 0 1 1 1 1 0 1 1 1 0 0 0 1 1 0 0 0 1 1 1 0 1 0 1 1 0 0 1 0 0 1 0 0 1 1 1 1 1 0 1 0 1 0 1 0 0 1 0 0 1 1 0 1 1 1
1 1 0 1 1 0 1 0 0 1 0 1 1 0 0 1 1 1 1 1 1 0 0 0 0 1 0 1 0 0 1 0 0 0 0 0 1 0 1 1 0 1 1 1 1 0 0 1 0 1 1 0 1 0 1 1 1 1 1 0 1 1 0 1 1 1 1 0 0 0 1 1 0 1 0 1 1 0 1 0 1 1 0 1 0 1 1 0 0 1 0 1 1 1 1 0 1 1 0 1 1 0 1 1 0 1 0 1 1 0 0 1 0 1 1 0 0 1 0 0 0 1 1 1 1 0 0 0 0 1 1 1 1 1 0 0 1 0 1 1 0 1 0 1 1 0 0 1 0 1 1 0 1 1 0 0 1 1 1 0 0 1 0 0 0 0 0 0 1 0 0 0 1 0 1 1 1 0 1 1
0 1 1 0 1 1 1 1 1 1 1 1 1 1 0 1 1 1 1 0 1 0 0 0 0 1 0 1 0 1 1 1 1 1 1 0 1 1 1 0 0 1 0 1 1 1 0 0 0 0 1 1 0 1 1 1 1 0 0 1 1 1 0 0 1 0 1 0 1 0 1 0 0 1 0 0 0 0 0 0 0 0 0 0 0 0 0 0 0 0 1 0 0 0 0 1 0 0 0 1 1 1 0 0 0 1 1 0 0 0 1 1 1 0 0 1 1 0 1 1 1 0 1 1 0 1 1 1 1 1 1 1 1 1 1 1 1 1 1 1 1 0 0 1 1 1 1 1 0 1 0 1 1 1 1 0 1 1 1 0 0 1 1 0 0 0 0 0 0 0 0 0 0 0 0 1 0 1 1 1
0 0 1 0 0 1 0 0 1 0 1 0 0 1 1 1 0 0 1 1 0 1 1 0 1 0 0 0 1 1 1 1 1 1 1 1 1 0 0 1 1 0 1 0 1 1 1 0 0 1 1 0 1 1 1 1 0 1 0 0 1 0 1 1 1 1 1 0 0 0 0 1 1 0 0 1 0 1 0 1 1 1 1 0 0 0 0 1 0 1 0 1 1 0 0 0 0 1 0 1 0 0 1 0 0 0 1 1 0 1 0 0 0 0 0 0 1 1 0 0 0 0 0 1 1 0 0 0 1 0 1 1 0 0 0 0 1 1 1 1 0 1 0 1 0 1 1 0 0 1 1 1 0 0 1 0 1 1 1 0 1 1 0 1 1 0 1 1 1 0 1 0 1 0 0 0 1 0 1 1
0 0 0 0 1 0 1 0 1 1 0 1 0 0 0 1 0 0 0 1 1 1 0 1 0 0 1 0 1 0 0 1 0 1 0 0 1 0 0 0 1 0 0 0 0 1 0 1 1 1 1 0 0 1 0 1 1 1 1 0 1 1 0 1 1 0 1 1 0 0 0 0 1 0 1 0 1 0 0 1 0 1 1 1 0 1 1 0 0 1 1 1 1 1 0 1 1 0 0 0 1 0 1 1 0 1 0 0 0 1 1 0 0 1 0 1 0 1 1 0 1 0 1 0 1 0 0 0 0 1 0 0 1 0 1 0 0 1 0 0 1 0 1 0 0 0 1 1 1 0 1 1 0 0 1 1 1 0 1 1 0 1 1 0 1 1 0 1 1 1 0 0 1 1 0 1 0 1 0 0
1 0 1 1 1 0 1 0 0 1 1 0 0 1 0 0 1 0 1 1 0 1 0 1 1 1 1 0 0 1 1 0 1 0 1 0 0 1 0 0 1 1 1 0 1 0 0 1 0 0 0 1 0 0 1 0 1 0 0 0 0 1 0 1 0 0 0 0 0 1 1 0 1 1 0 0 1 1 1 0 0 1 1 0 1 1 0 1 1 0 1 1 1 0 1 1 0 1 1 0 1 0 1 0 1 1 0 1 1 0 1 0 0 0 1 1 1 0 1 0 0 1 1 1 0 0 0 0 1 1 0 1 0 0 1 0 0 0 0 1 0 0 1 1 0 1 0 0 1 1 1 0 1 0 0 0 0 1 0 1 1 0 0 0 1 1 0 1 1 0 1 1 0 0 1 1 1 1 0 0
1 0 0 1 0 1 1 1 0 0 1 1 1 0 1 0 0 1 0 1 1 0 1 0 0 0 0 1 1 0 0 0 1 0 0 1 0 0 1 1 0 0 0 0 0 0 1 0 0 1 0 0 0 0 0 0 1 1 0 0 0 1 0 0 0 1 0 0 0 1 0 0 0 0 1 1 0 0 1 1 0 0 1 1 1 0 0 0 1 1 1 0 1 1 1 0 0 0 1 1 1 1 1 1 1 0 1 0 1 1 1 1 0 1 1 0 1 1 1 1 1 1 0 1 1 1 0 1 1 0 1 1 1 0 1 0 1 0 1 1 1 1 0 1 0 0 0 1 0 1 0 0 0 0 0 0 0 0 0 0 0 0 1 0 1 0 0 0 1 0 0 1 1 1 1 0 0 1 1 1
0 0 1 1 0 0 0 1 0 0 0 1 1 1 1 1 1 1 1 1 1 0 1 1 0 1 1 1 0 1 1 0 0 1 1 1 1 1 1 1 0 1 0 0 1 0 1 1 1 0 1 1 1 1 1 0 0 0 1 0 1 0 1 0 0 1 0 1 0 0 1 1 0 1 0 1 1 0 0 0 1 0 1 0 1 1 1 0 0 0 0 0 1 0 1 0 1 0 0 0 0 1 1 0 1 0 0 0 0 0 0 1 0 0 1 0 0 0 0 1 1 1 0 0 0 1 0 1 0 0 0 0 1 0 0 0 0 0 0 0 1 1 1 0 0 1 0 1 1 0 0 1 1 0 0 1 1 1 0 1 0 1 1 1 1 1 1 0 1 1 0 0 0 0 1 0 0 0 0 0
0 1 0 1 0 1 1 0 0 0 0 0 0 0 1 1 1 0 0 0 0 1 1 0 1 1 0 0 0 0 0 0 0 1 0 1 1 1 0 1 1 1 1 1 0 0 1 0 1 0 1 1 0 1 0 0 1 0 1 1 1 1 0 1 0 1 0 1 1 0 1 0 1 1 1 1 0 1 0 0 0 1 0 1 1 0 1 1 0 0 1 1 0 1 1 0 1 1 0 1 1 0 0 1 1 0 1 1 0 0 1 0 1 1 1 0 0 0 1 0 0 1 0 0 0 0 1 0 0 0 1 0 0 1 1 1 1 0 1 0 0 1 0 0 1 0 0 0 0 0 1 1 1 1 0 1 1 0 0 0 1 1 0 0 0 0 0 1 0 1 1 0 0 1 1 0 1 1 1 1
1 0 0 0 1 1 0 1 1 1 0 0 1 0 0 0 1 1 0 1 0 0 0 0 1 1 0 1 0 0 0 1 0 0 0 0 0 1 1 0 0 1 1 0 0 1 0 0 1 0 0 1 1 0 0 1 0 0 1 0 0 0 1 0 1 0 1 1 0 1 1 1 0 1 1 0 0 1 1 0 1 0 1 1 0 0 1 1 1 0 0 0 1 1 0 1 1 1 1 1 0 1 1 1 0 1 1 1 1 0 0 1 0 1 0 1 0 0 0 1 0 0 1 0 0 1 0 1 0 1 1 0 0 0 0 0 1 1 1 0 0 0 0 0 0 0 1 0 0 0 0 0 1 0 1 1 0 0 1 0 1 0 0 1 1 0 1 0 1 1 1 1 0 1 0 1 1 0 1 1
1 1 1 1 1 1 0 0 0 1 0 1 0 1 0 0 0 0 1 0 1 1 0 0 0 0 0 0 1 1 1 0 0 0 1 0 0 0 0 0 1 0 0 1 1 0 0 0 1 1 0 0 1 0 1 0 0 1 1 1 0 0 1 1 0 0 0 1 1 1 0 1 1 0 0 0 0 0 1 1 1 1 0 0 1 0 1 0 1 1 0 1 0 0 1 1 1 0 1 1 0 0 0 0 1 1 1 0 1 1 0 0 1 0 1 1 0 1 0 0 1 1 1 0 1 0 1 0 0 1 1 0 1 1 0 1 1 0 1 0 1 0 0 0 1 1 0 1 0 0 1 0 0 1 0 1 0 1 0 0 0 0 1 1 0 0 1 1 0 1 0 1 1 0 1 1 0 0 1 1
0 1 0 1 1 0 0 1 0 1 1 0 1 0 0 1 0 1 0 0 0 0 0 1 1 0 1 1 1 0 0 0 1 1 0 0 1 0 1 0 0 0 1 1 0 0 0 1 0 1 1 0 1 1 0 0 0 1 0 1 1 0 1 0 0 0 0 0 1 0 0 1 0 0 1 0 1 1 0 1 1 0 0 1 1 1 0 1 0 1 0 0 0 1 1 1 0 1 0 0 0 1 0 1 1 1 0 1 0 1 0 1 1 1 1 1 1 1 0 1 0 1 1 1 1 1 1 1 1 1 0 1 0 1 0 1 0 0 0 1 0 0 1 1 1 0 0 0 1 1 0 1 0 1 0 0 1 0 0 1 1 1 0 1 0 1 1 0 0 0 1 0 1 1 1 1 1 0 0 0
1 1 0 0 0 0 0 0 1 0 1 1 0 0 1 0 1 0 0 0 1 1 1 1 0 1 1 0 0 0 0 1 1 0 0 1 0 1 0 1 1 1 0 1 0 1 1 1 0 0 0 1 1 0 0 1 0 0 0 1 0 0 1 1 1 1 1 0 1 1 1 1 1 1 1 1 1 0 1 0 1 1 0 1 0 1 0 0 1 0 0 1 0 1 0 0 0 0 1 0 0 0 0 1 0 0 0 0 1 0 0 0 1 1 0 0 1 0 0 0 0 0 0 1 0 0 1 0 1 0 0 1 1 1 0 1 0 1 0 1 1 1 1 1 1 0 1 1 1 1 1 0 1 1 1 0 0 0 1 1 0 0 1 1 0 1 1 1 0 0 0 1 0 1 0 0 0 0 0 0
0 1 1 0 0 0 1 1 1 0 1 1 1 1 0 1 0 1 1 0 0 0 0 0 1 0 1 1 0 1 1 1 1 1 1 0 1 0 1 0 0 0 1 1 0 0 0 0 0 0 0 0 0 1 0 0 1 0 1 1 0 0 0 0 0 0 1 1 1 1 0 0 1 1 1 1 1 1 1 1 1 1 1 1 1 1 1 1 1 0 0 1 1 1 0 0 1 1 0 1 0 0 1 0 0 0 0 0 0 0 0 0 1 0 0 0 0 0 0 1 1 0 0 1 0 1 1 1 0 0 1 1 1 1 1 1 1 0 1 1 1 0 0 1 1 1 0 1 0 1 1 0 0 1 0 0 0 0 0 0 1 0 1 0 1 1 0 1 1 1 1 1 0 1 0 0 0 0 0 0
1 1 1 1 0 1 0 1 1 1 0 0 1 1 1 1 1 0 0 0 1 0 0 0 1 1 0 1 1 1 0 1 0 1 1 1 1 1 0 1 0 1 1 0 1 1 1 0 0 0 0 0 1 1 1 1 1 0 0 0 0 0 0 1 0 0 0 1 1 0 0 1 0 0 0 0 1 0 1 0 0 0 0 1 1 1 0 1 0 1 1 0 1 1 1 0 1 0 1 0 1 0 1 1 0 0 1 1 1 1 0 0 0 0 0 1 1 0 0 0 1 1 0 0 0 1 1 0 1 1 0 0 0 1 1 0 0 1 0 0 1 1 1 1 1 0 1 1 1 1 1 1 0 0 1 0 1 1 1 0 1 0 0 0 0 0 0 0 0 1 1 0 1 1 1 0 1 0 0 0
1 0 0 0 0 1 1 0 1 1 0 0 0 1 0 1 0 1 0 1 0 0 1 0 0 0 1 0 1 0 1 1 0 0 1 0 1 0 1 1 0 0 0 0 0 1 1 1 0 0 1 1 0 0 1 1 0 1 1 1 1 0 0 1 1 0 0 0 0 1 0 1 1 0 0 1 0 1 1 0 1 0 0 0 1 0 1 1 0 0 1 0 0 1 0 1 1 0 0 0 1 1 1 0 1 1 0 0 1 1 1 0 1 1 1 0 1 1 0 1 0 0 0 1 0 0 0 1 1 1 1 1 0 1 0 1 1 0 0 0 0 1 1 0 1 0 0 1 1 0 1 0 1 0 1 0 0 1 1 0 0 1 0 0 1 1 1 1 0 0 1 0 0 1 0 1 0 1 0 0
1 0 1 1 1 0 1 0 0 0 0 0 1 0 0 0 0 0 1 1 0 1 0 1 0 1 1 1 1 1 0 0 0 1 0 0 0 0 0 1 1 1 1 1 0 1 1 0 1 1 1 0 1 1 1 1 0 0 1 0 0 1 1 0 0 1 1 0 1 0 1 0 1 0 0 1 0 0 0 1 1 0 0 1 0 1 0 0 1 0 1 0 1 0 0 1 0 1 0 0 1 0 0 0 1 0 1 0 1 1 0 1 1 1 0 1 0 0 1 1 1 1 1 1 1 0 1 1 0 0 1 1 0 0 0 0 1 0 0 0 1 1 1 1 0 1 0 0 1 1 0 0 1 1 1 1 0 1 1 1 0 0 0 1 1 1 0 1 0 1 0 1 0 0 0 0 0 0 1 1
1 1 1 0 1 1 0 1 0 1 1 0 1 0 0 0 1 1 0 0 1 1 1 1 1 0 0 1 0 1 1 0 1 0 0 0 0 1 1 0 1 0 1 0 0 0 1 1 1 1 0 0 0 0 0 1 1 1 0 1 0 1 1 1 1 1 0 1 1 1 1 1 1 1 0 0 1 1 0 0 1 1 0 0 0 1 1 0 0 0 0 0 0 0 1 0 0 0 0 1 1 1 0 1 0 0 0 0 0 1 1 1 0 0 0 0 1 1 1 0 0 0 1 1 1 1 1 0 1 1 1 1 0 0 1 1 1 0 1 0 0 0 1 0 0 0 0 0 1 0 0 1 0 0 0 1 1 0 1 1 1 0 1 1 1 0 0 1 1 1 0 0 0 0 1 0 0 1 1 1
1 0 0 0 0 0 0 0 1 0 1 0 0 1 1 0 1 1 1 1 1 0 0 1 0 0 0 0 0 0 1 1 1 1 1 1 0 1 1 0 0 0 0 1 1 0 1 0 1 1 1 1 0 1 0 1 0 0 0 1 1 1 0 0 0 1 1 0 0 1 0 0 0 1 0 0 0 1 1 1 0 1 0 1 0 0 1 1 1 1 0 0 1 0 1 1 1 1 1 1 1 0 0 1 1 1 0 1 0 1 0 1 0 1 1 0 0 0 1 0 1 0 0 0 1 0 0 0 0 0 0 0 0 1 0 1 0 1 1 0 1 0 1 1 1 1 1 0 1 1 0 1 1 1 0 1 1 0 1 1 0 1 1 0 0 0 1 0 1 0 1 1 1 0 1 1 1 0 0 0
0 1 0 1 0 0 0 1 1 0 0 1 0 1 0 0 1 0 1 0 1 0 1 1 1 1 0 0 1 0 0 1 0 0 1 0 0 1 0 1 0 1 0 1 0 1 0 1 1 1 0 1 1 0 1 0 1 1 0 0 1 1 0 0 1 1 1 1 0 0 0 0 1 0 1 0 1 0 1 1 1 0 1 0 0 0 0 1 1 0 1 1 0 0 1 0 1 1 0 0 0 1 0 1 0 1 1 0 1 0 1 1 0 0 1 1 0 1 1 0 0 1 0 1 1 1 0 0 0 0 1 1 1 1 1 0 1 0 0 1 0 1 0 0 1 1 0 0 0 0 0 1 0 1 1 1 1 1 0 1 1 1 0 0 1 0 1 1 0 0 1 1 0 0 1 1 0 1 0 0
1 1 0 1 1 0 1 1 0 0 1 0 0 0 1 1 0 0 1 0 0 1 1 0 1 1 1 0 0 0 0 0 1 0 0 1 1 0 0 0 1 1 0 1 1 0 1 1 0 0 0 1 1 0 0 1 1 1 1 0 1 0 1 0 1 0 1 1 0 0 1 0 0 1 0 1 1 0 0 1 0 1 0 0 1 0 0 0 1 1 0 0 0 1 0 0 0 1 1 1 1 1 1 0 0 1 1 1 0 1 1 0 1 0 1 1 0 1 0 1 0 1 1 0 0 1 0 1 0 0 0 0 0 0 1 0 0 1 1 0 0 0 1 0 0 1 1 1 1 0 1 0 0 1 0 0 0 0 1 0 1 1 1 1 0 1 1 0 1 0 0 1 1 1 0 1 1 1 1 1
0 1 0 0 1 1 1 1 0 1 0 1 0 0 1 0 0 1 0 0 0 1 0 1 1 0 1 0 1 0 1 0 0 1 0 1 0 0 1 1 1 0 0 0 1 1 0 0 1 1 0 1 0 1 1 0 1 0 1 1 1 1 1 1 0 1 0 1 0 1 1 1 0 0 1 1 1 1 0 0 0 0 1 1 0 0 1 0 0 1 1 1 1 0 0 0 0 0 1 0 0 0 0 0 0 1 0 1 1 0 0 1 1 0 1 0 1 0 1 1 1 0 1 0 1 1 0 1 1 1 0 0 1 0 1 1 0 1 0 1 1 1 0 1 0 0 1 0 0 1 0 0 0 0 1 1 0 1 0 1 1 1 0 1 0 1 1 0 0 0 0 0 1 0 0 1 1 0 1 1
0 0 1 1 0 1 1 0 1 1 1 1 1 1 1 0 0 0 0 1 0 0 1 1 0 1 1 1 0 1 0 1 1 0 1 1 0 0 0 0 0 1 1 0 1 0 0 1 1 1 1 0 1 0 0 0 0 1 1 0 0 1 0 1 1 1 0 0 1 0 0 1 0 1 1 1 0 0 1 0 0 1 1 0 0 1 0 1 0 1 0 1 0 0 0 1 1 0 1 1 0 1 0 0 1 0 1 1 0 0 1 1 1 1 0 1 1 1 1 1 0 1 0 0 1 0 1 1 1 1 0 0 1 1 0 0 0 1 1 1 0 0 0 0 1 0 1 0 0 0 0 0 1 0 0 1 0 0 0 1 0 0 1 0 0 1 0 0 1 1 1 0 1 0 0 0 1 1 0 0
0 0 1 0 1 0 0 0 0 0 0 1 1 0 1 1 1 1 1 1 1 1 1 0 0 0 0 1 1 1 1 0 0 0 0 1 1 1 1 1 1 0 1 1 1 1 0 1 0 0 1 0 0 0 1 0 0 1 0 1 0 0 1 0 1 0 1 0 1 1 1 0 0 0 1 0 0 1 0 1 0 0 1 0 1 1 1 0 1 1 1 1 0 1 1 1 0 1 1 0 0 1 1 1 1 0 0 1 1 0 1 0 0 1 0 0 0 1 0 0 0 0 1 0 0 0 1 0 0 0 0 0 1 0 0 1 0 1 0 1 0 1 0 0 0 1 1 1 0 0 1 1 1 1 1 0 1 1 0 0 0 0 0 1 0 0 0 0 0 1 0 1 1 1 1 0 1 1 1 1
0 1 0 1 1 0 0 1 1 1 1 1 1 1 1 1 1 1 1 1 0 1 0 1 1 1 1 0 0 1 0 0 0 0 0 0 0 0 0 1 0 0 1 0 0 1 0 1 0 0 1 0 1 1 1 1 1 1 1 1 1 1 1 0 1 0 1 1 1 1 0 1 0 0 1 1 1 0 1 0 0 0 0 0 1 1 0 0 0 0 0 0 0 0 0 1 1 0 0 1 0 0 1 0 0 0 1 0 1 1 1 1 1 1 0 0 0 0 0 0 1 0 0 0 1 0 0 1 1 0 0 1 0 1 0 0 1 1 0 0 0 0 1 0 0 0 0 0 0 1 1 0 1 1 0 1 1 0 0 0 0 0 1 0 1 0 1 1 1 1 1 1 1 1 1 1 1 0 0 1
1 1 1 1 1 0 1 1 1 1 1 1 1 1 1 1 1 1 0 1 0 0 0 0 0 0 0 1 0 0 0 0 0 0 0 0 0 0 0 1 1 1 0 0 1 0 0 0 1 1 0 0 1 1 0 0 1 0 1 0 1 0 0 0 1 0 1 0 1 0 0 0 1 1 0 0 0 0 0 0 0 0 0 0 0 0 1 1 1 1 1 0 0 1 1 1 1 1 1 1 1 1 0 0 0 0 0 0 0 0 0 1 0 0 0 0 0 1 1 0 0 0 0 1 0 0 0 1 1 0 0 0 0 0 0 1 1 0 0 1 1 0 0 0 1 1 1 0 1 1 1 1 0 1 1 0 0 1 1 1 1 0 0 1 0 1 0 0 0 0 0 0 0 0 0 1 1 1 1 0
1 1 1 1 1 1 1 1 0 0 0 0 0 0 0 0 0 0 1 1 1 0 0 0 0 0 0 1 1 0 1 1 1 1 1 1 1 1 1 0 1 1 0 1 0 1 1 1 1 1 1 1 0 0 0 0 0 1 0 0 0 1 0 0 0 0 0 1 0 1 1 1 1 1 1 1 1 1 1 1 1 1 1 0 1 1 0 0 0 0 0 1 1 0 0 0 0 0 0 0 0 0 1 1 1 1 1 1 1 1 1 0 1 1 1 1 0 0 0 0 0 0 0 0 0 0 1 1 1 1 1 1 1 1 1 1 0 1 1 0 1 1 1 1 0 0 0 1 0 0 0 0 0 0 0 0 1 1 1 1 1 1 1 1 1 1 1 0 0 0 1 1 1 1 1 0 0 0 0 1
0 0 0 1 0 0 0 0 1 1 1 1 1 0 0 0 1 0 0 0 0 1 1 1 1 0 0 0 0 1 0 0 0 0 1 1 1 0 1 0 0 1 1 0 1 0 0 0 0 0 1 0 1 1 1 1 1 1 1 0 0 0 1 1 0 1 0 1 1 0 0 0 1 0 0 0 0 0 0 0 0 0 0 1 0 0 1 1 1 1 0 0 0 1 1 0 0 1 0 0 1 0 0 0 0 0 1 1 1 0 1 1 0 0 0 0 1 0 1 1 0 0 1 1 1 1 0 0 0 0 1 0 0 1 0 1 0 1 1 0 1 1 0 1 0 1 0 0 1 0 1 1 1 1 1 1 0 0 0 0 0 1 0 0 1 1 0 0 1 1 0 0 0 0 0 1 0 0 0 1
0 0 0 0 1 1 0 0 1 1 0 0 0 1 1 0 1 1 1 0 0 1 1 1 0 1 1 0 1 1 1 0 1 1 0 0 1 0 0 0 0 0 1 1 0 1 1 0 1 0 0 1 1 0 0 1 0 0 1 1 0 0 0 1 0 1 0 0 1 1 1 0 0 0 0 1 0 0 1 1 1 1 1 1 0 1 1 0 1 1 1 0 1 0 1 0 0 0 1 0 0 1 1 0 1 1 0 0 0 1 0 0 0 1 1 0 1 1 1 1 0 1 0 1 1 1 0 0 0 0 0 0 1 0 1 0 1 0 1 1 1 1 0 0 1 0 1 1 1 1 0 1 1 0 0 0 0 1 0 0 1 1 1 1 0 0 0 1 1 1 1 0 0 1 0 0 1 1 0 1
1 1 0 0 0 1 1 0 0 0 1 1 0 1 0 1 0 0 0 1 1 0 0 0 1 1 1 1 1 1 1 1 0 1 0 1 0 1 1 1 1 0 0 1 1 1 1 0 0 0 0 1 0 0 1 1 0 0 0 1 1 0 0 0 1 0 1 0 1 0 1 0 1 1 0 0 0 1 0 1 1 1 1 0 0 0 1 1 1 0 1 1 1 1 1 1 1 1 1 0 1 1 0 1 1 0 0 1 0 0 0 0 0 0 1 1 1 1 1 1 1 1 1 0 1 1 0 0 0 1 0 1 0 1 1 0 1 0 1 1 0 0 1 0 0 1 1 1 0 1 0 1 0 0 0 1 0 0 0 1 0 0 0 1 0 0 0 0 0 0 0 0 1 0 0 1 0 1 1 0
1 0 1 0 0 1 1 0 0 0 0 0 0 0 1 1 1 0 1 0 0 1 1 1 1 0 1 1 1 0 0 1 1 0 1 0 0 0 1 0 0 1 0 1 0 0 0 1 0 1 0 0 1 1 0 1 1 1 1 1 1 1 1 1 0 1 0 0 0 0 0 1 0 1 1 1 1 0 0 0 0 0 1 1 1 0 0 1 1 1 1 0 0 1 0 0 0 0 1 1 0 1 0 0 1 0 0 0 0 0 0 0 1 0 0 0 1 0 0 0 1 1 1 1 0 1 1 1 0 1 1 0 1 0 0 0 0 0 0 1 0 1 1 0 1 0 1 0 0 1 1 0 0 0 1 1 1 1 0 0 0 0 0 0 0 0 1 1 0 0 0 0 0 1 1 1 1 1 1 0
0 0 0 0 0 0 0 1 1 0 1 0 1 1 1 1 0 1 0 0 1 1 1 0 1 1 1 0 0 1 1 0 0 0 0 0 0 1 0 1 0 0 1 0 1 0 1 1 1 1 0 1 0 1 1 0 0 0 0 0 0 1 1 1 1 1 1 0 0 1 1 1 0 0 1 0 1 1 1 0 1 1 0 1 1 1 0 1 0 1 1 1 0 0 1 1 1 1 1 1 1 1 1 1 0 1 0 1 0 1 0 1 1 1 1 1 1 1 0 1 1 1 1 0 0 0 1 0 0 1 1 1 1 0 1 1 0 1 0 1 0 0 0 1 1 1 0 1 1 0 0 0 1 1 1 0 1 0 1 1 0 1 1 0 0 0 1 1 1 1 0 1 0 0 0 0 0 1 1 0
0 0 1 0 0 0 0 0 0 1 0 1 1 0 0 0 0 1 0 0 1 0 1 1 0 1 0 0 0 0 0 1 1 1 1 1 1 1 0 1 1 0 1 0 1 0 0 0 0 0 1 0 0 0 1 0 1 0 0 1 1 0 1 1 1 1 1 1 0 0 0 0 0 0 0 0 0 1 0 1 0 0 0 1 0 0 1 0 0 0 0 1 1 1 0 1 1 1 0 1 1 0 0 1 0 1 1 0 1 0 1 1 0 0 0 1 0 1 1 1 1 1 1 1 1 1 1 0 1 0 0 0 0 0 0 0 1 0 0 0 0 0 0 1 1 1 1 0 1 0 1 1 1 1 1 1 0 0 1 0 1 0 0 0 1 1 0 1 1 1 1 1 1 0 1 0 1 0 1 0
C Elapsed Time 7313.220000 
