29 56 2^56 3
0 1 0 1 0 0 0 1 0 1 1 0 1 1 1 1 1 0 1 0 1 0 0 0 1 1 1 1 1 1 1 1 0 1 1 0 1 1 1 0 0 0 0 1 0 1 0 0 1 0 0 0 1 0 0 1
0 1 0 0 0 0 0 1 1 1 0 1 1 0 1 0 0 1 1 1 0 0 1 0 1 1 1 0 1 1 1 0 1 1 0 1 0 0 0 0 1 0 1 1 1 0 1 0 0 1 0 1 0 1 0 0
1 0 1 1 0 0 1 0 1 1 1 0 0 0 1 0 1 1 0 1 1 1 0 1 1 1 1 1 1 1 0 1 1 1 1 1 1 1 0 1 1 1 1 0 1 0 0 0 0 0 0 0 0 1 1 1
0 1 1 0 1 1 1 0 0 1 1 1 0 1 1 1 0 0 0 0 1 1 1 0 0 1 0 1 0 0 1 0 1 0 1 0 1 0 1 0 1 0 0 0 1 0 0 1 0 1 0 0 1 1 1 0
1 1 1 0 1 1 0 0 1 1 1 0 0 0 1 0 1 0 1 0 0 0 1 0 1 0 1 0 1 0 1 1 0 0 1 1 0 1 1 1 1 1 1 1 0 1 1 1 0 1 1 0 1 0 1 0
0 0 0 0 0 1 0 0 1 0 0 1 1 1 0 0 1 0 1 0 1 1 0 1 0 1 0 0 0 1 1 1 0 0 0 1 1 0 0 1 1 0 1 0 0 1 1 0 1 0 0 0 1 1 1 0
0 0 1 1 1 1 1 1 0 0 1 0 1 1 1 1 0 1 0 0 0 1 0 1 1 1 1 0 1 0 1 1 1 1 1 1 0 0 0 1 1 0 0 1 0 1 1 1 1 1 1 0 0 1 0 1
1 0 0 1 1 1 0 0 0 1 0 0 0 0 1 1 1 1 0 0 1 0 0 1 1 0 1 1 0 0 0 1 0 0 1 1 0 0 1 0 0 0 1 0 0 0 1 0 0 1 1 1 0 0 0 0
0 0 0 1 0 0 1 1 1 1 1 1 1 0 1 0 1 0 0 0 0 1 0 0 1 0 0 1 0 0 1 0 0 0 1 1 0 0 1 1 0 1 1 0 1 0 0 0 1 0 1 1 1 1 0 1
0 1 0 0 1 0 0 1 1 0 1 0 0 0 0 1 0 0 1 1 1 1 0 1 0 0 0 1 1 0 1 0 1 0 0 1 0 1 0 0 1 1 0 1 0 0 0 0 1 0 1 0 0 0 0 0
0 0 0 1 0 1 0 0 1 1 0 1 0 0 0 0 0 0 1 1 1 0 1 0 0 0 0 1 0 1 0 1 1 1 0 0 1 1 1 0 0 1 0 0 0 0 1 0 0 0 0 1 1 0 1 1
0 0 1 1 1 0 0 0 0 0 0 0 0 1 0 1 1 1 1 1 1 0 1 1 0 1 1 0 1 1 0 0 0 0 0 0 1 1 0 0 1 0 1 1 1 1 0 1 0 1 0 0 0 0 1 1
1 1 1 0 1 1 1 1 0 0 1 1 1 0 1 0 1 0 0 1 0 1 1 1 0 1 1 0 0 1 0 1 0 0 0 0 1 1 1 0 0 0 1 1 0 0 1 0 1 0 1 0 0 1 0 1
1 1 1 1 0 1 1 1 0 0 0 0 1 1 0 1 1 1 1 1 1 1 0 0 0 1 0 1 1 1 1 1 0 0 1 0 0 0 0 1 0 1 1 1 0 0 1 1 0 1 0 1 0 0 1 1
0 0 0 0 0 0 1 0 1 0 1 1 0 1 0 0 1 1 1 0 1 1 1 1 1 0 1 1 0 1 1 1 1 1 0 0 0 0 1 0 0 1 0 1 1 1 0 1 0 1 1 0 0 1 0 1
0 1 0 0 0 1 1 0 0 0 0 0 0 0 0 1 0 0 1 1 0 1 0 0 1 0 1 0 0 1 0 0 0 1 1 1 1 1 0 1 0 0 0 1 1 1 0 1 0 0 1 1 1 1 0 0
1 1 0 0 0 1 1 1 1 1 1 1 0 1 0 1 1 1 0 1 0 0 1 0 1 0 0 1 1 0 0 1 0 0 0 0 1 1 0 0 1 1 1 0 0 1 1 1 1 0 0 1 1 1 0 0
1 1 0 1 1 0 1 0 1 0 0 1 1 0 0 1 0 0 0 0 0 0 1 0 1 0 0 1 1 1 0 1 1 1 1 0 1 0 0 1 1 0 1 1 1 0 0 0 1 1 1 0 0 0 1 1
0 1 1 0 1 0 0 1 1 0 1 1 1 1 1 0 0 1 0 0 1 0 0 1 1 0 0 0 0 1 0 0 0 1 1 0 1 1 1 1 0 1 0 0 1 1 1 1 1 1 0 1 0 0 1 0
1 0 1 1 1 0 0 1 0 1 0 1 0 1 0 0 1 1 1 1 0 1 0 0 1 1 0 1 0 1 0 0 1 0 0 1 0 1 1 1 1 0 0 0 0 0 1 1 1 1 1 0 1 0 0 0
1 1 1 1 1 0 1 0 1 0 0 0 0 1 1 0 1 1 1 1 0 1 1 0 0 0 0 0 1 0 1 0 1 1 1 1 1 0 1 0 0 0 0 0 1 1 1 0 1 0 0 1 0 0 0 1
1 0 1 1 0 0 0 1 0 0 1 1 1 1 0 1 0 0 1 1 1 0 1 1 0 0 1 0 1 0 0 0 0 1 1 1 1 0 1 1 1 1 0 0 0 0 0 0 0 1 1 1 1 1 0 1
1 0 0 1 1 1 1 0 1 1 0 0 1 1 1 1 0 0 1 0 0 0 0 1 0 1 0 0 0 0 0 0 0 1 0 0 0 1 1 1 1 1 1 1 0 0 0 1 0 0 0 1 0 1 0 0
1 0 0 0 1 1 0 1 0 1 0 1 0 0 0 0 1 1 0 0 0 1 0 1 0 1 0 0 1 0 1 0 1 1 1 0 1 1 0 0 0 1 0 1 1 1 0 0 0 1 1 1 1 1 1 1
1 0 1 0 0 1 1 0 1 1 1 1 1 0 0 1 1 0 0 1 1 0 0 0 0 1 1 0 0 0 1 0 1 0 0 1 0 1 0 0 0 0 0 0 1 1 1 1 1 1 1 1 0 0 1 1
0 1 1 0 0 0 1 0 0 1 0 0 1 1 0 0 0 1 0 0 0 0 1 1 0 1 1 1 1 0 0 0 1 1 0 0 0 0 1 1 0 1 1 0 0 1 0 0 1 0 1 0 1 0 1 0
1 1 1 1 1 0 0 1 0 0 0 0 1 0 1 1 0 0 0 1 0 0 1 1 1 0 0 1 0 1 1 1 0 0 0 1 0 0 0 0 0 1 0 0 1 1 1 1 0 0 0 0 1 1 1 0
1 0 0 0 0 0 0 1 0 0 1 0 0 0 1 0 0 1 0 0 1 1 1 0 0 0 1 0 0 0 0 1 1 0 0 0 0 0 0 1 1 0 1 1 1 0 0 1 1 0 0 1 1 0 1 1
0 0 1 1 0 1 1 0 0 0 1 1 1 0 1 0 1 0 0 1 0 0 1 0 0 0 1 0 1 0 1 1 1 1 0 0 1 0 0 1 0 1 1 1 1 1 0 1 1 0 0 1 0 0 1 0
C Elapsed Time 1.030000 
