40 146 2^146 3
0 0 0 1 0 1 0 0 1 0 1 0 0 0 0 1 1 0 1 1 0 0 1 0 1 1 1 1 0 1 0 1 1 0 1 1 1 1 0 1 0 1 1 1 1 1 1 0 0 1 1 1 1 1 0 0 1 1 1 1 0 1 1 0 1 0 1 1 0 0 0 1 0 1 0 1 1 1 0 0 0 1 0 1 0 1 0 0 0 0 1 1 0 1 0 0 0 0 0 1 0 0 1 0 0 0 0 1 0 0 0 0 1 0 0 1 0 1 0 1 1 1 1 1 1 1 0 0 1 0 1 0 0 1 1 1 0 1 1 0 0 0 1 0 0 0
0 0 1 0 0 1 0 0 1 0 1 0 0 0 0 0 1 0 1 0 1 0 0 1 1 0 1 0 0 0 1 0 0 0 1 1 0 1 0 1 0 1 1 0 1 0 0 1 0 0 0 0 0 1 1 1 0 0 1 0 1 0 1 0 0 0 1 1 0 0 1 0 1 0 0 1 1 1 1 1 1 1 1 0 1 0 1 1 0 0 1 1 0 1 1 0 1 0 0 1 1 0 0 0 1 0 1 1 1 1 0 1 1 1 0 1 1 1 1 0 0 1 1 1 0 1 1 1 0 1 0 1 0 1 0 1 1 1 1 1 1 0 0 1 1 0
1 1 0 0 0 0 0 1 1 1 0 1 1 0 1 1 0 0 0 0 1 1 1 0 0 1 0 1 0 0 0 0 1 0 1 0 0 1 1 1 1 1 0 0 1 1 1 0 1 0 1 1 1 0 1 1 1 1 0 1 1 1 1 0 1 0 0 0 0 0 1 1 0 1 1 1 1 1 1 1 0 1 1 1 1 0 0 1 1 1 1 0 1 0 1 0 0 0 1 0 0 0 0 1 0 1 1 1 1 1 1 0 1 1 0 0 1 0 0 0 0 1 1 0 1 0 0 0 1 1 1 0 1 0 0 1 0 0 0 0 0 0 0 1 1 0
0 0 0 0 1 0 1 1 1 0 1 1 1 1 0 1 0 0 0 1 1 0 1 0 0 1 0 1 1 1 0 1 0 1 0 0 0 0 1 0 1 1 1 1 1 0 1 1 0 1 1 0 0 1 0 0 1 0 0 1 0 1 0 1 0 0 1 1 0 0 1 1 1 1 1 0 0 0 0 1 0 1 0 1 0 1 0 0 0 0 0 1 0 0 1 0 0 1 1 0 0 1 0 0 0 1 1 0 0 1 0 0 0 0 0 0 0 0 0 1 1 0 0 1 1 1 0 0 0 0 1 1 1 1 0 0 1 1 0 1 0 1 1 0 0 1
1 1 0 0 0 1 0 0 0 0 0 0 0 1 0 1 0 1 1 0 0 0 1 1 0 1 1 1 0 1 1 1 0 1 0 0 0 0 0 0 1 0 0 0 0 1 0 1 1 0 0 0 0 1 0 0 1 1 1 0 0 0 0 0 0 0 0 0 0 1 0 0 0 0 1 0 1 1 0 0 0 0 1 0 0 1 0 1 1 1 1 0 0 0 0 0 1 0 1 1 0 0 0 1 1 1 1 0 1 1 1 1 0 0 1 1 1 1 1 1 0 0 0 1 1 1 1 0 1 0 1 0 0 1 1 0 1 1 1 0 1 1 0 0 0 1
1 1 1 1 1 1 1 1 0 1 1 0 0 0 1 0 0 1 1 1 0 0 0 1 0 0 0 1 1 0 0 1 1 1 1 1 1 1 1 1 0 0 0 1 0 0 0 0 0 1 0 0 0 0 0 1 1 1 0 1 1 1 1 1 1 1 0 1 1 1 0 1 1 1 0 1 1 0 0 0 1 1 0 1 1 1 1 1 1 0 0 1 1 1 0 1 1 1 1 0 1 1 1 1 1 0 0 1 0 0 1 1 0 1 1 1 0 1 0 1 1 1 0 0 0 0 0 1 0 1 1 1 1 1 1 0 0 0 0 1 0 0 0 0 0 1
1 1 0 1 1 0 1 0 1 1 1 1 0 1 1 1 1 1 0 0 1 1 0 1 0 0 0 0 0 0 0 1 0 1 0 0 1 0 0 1 0 0 1 1 1 1 0 0 1 1 1 1 1 0 0 0 0 0 1 1 0 0 0 1 1 1 0 0 1 0 0 0 0 1 0 0 0 1 0 1 0 0 1 0 0 0 1 0 1 0 1 0 1 1 0 1 0 0 0 1 0 0 1 0 1 1 0 1 0 0 0 0 1 0 1 0 1 0 0 1 1 1 1 1 1 0 1 1 0 1 0 0 0 0 1 1 0 0 1 0 1 0 1 1 1 0
0 0 1 1 1 0 1 0 0 1 0 1 1 1 1 0 1 1 1 1 0 1 1 0 1 1 1 0 1 1 1 0 1 0 0 1 1 1 0 0 1 1 1 0 1 1 1 1 1 0 1 1 1 0 1 1 0 0 0 0 1 0 1 0 0 1 1 1 1 1 0 0 0 0 0 1 0 0 1 0 1 0 0 0 0 1 0 0 0 1 0 1 0 0 0 1 0 0 0 1 1 1 1 0 0 0 0 0 0 1 1 0 0 0 0 1 1 0 1 0 0 0 1 0 0 0 1 0 1 0 0 0 0 0 0 1 1 0 0 0 1 1 1 1 0 1
0 0 0 0 0 0 1 0 0 0 0 1 0 0 0 1 0 0 1 1 0 1 1 0 0 1 1 1 0 1 1 1 0 0 1 1 1 0 1 1 1 0 1 0 1 0 0 1 0 1 0 0 0 1 0 1 0 0 0 1 1 1 0 0 0 1 0 0 1 0 1 0 0 1 0 1 1 1 1 1 1 0 1 1 1 0 1 1 1 0 1 1 1 1 0 0 1 1 0 0 0 1 0 0 1 0 0 1 1 0 0 1 1 0 0 1 1 0 1 0 1 1 1 0 1 1 1 0 0 1 1 0 0 0 0 0 1 0 1 0 1 1 1 1 1 1
1 0 1 1 0 1 0 1 1 1 0 1 1 1 0 1 0 0 1 0 1 0 1 1 0 0 0 0 1 0 1 0 0 0 0 0 1 0 0 1 0 0 1 1 1 0 1 0 0 1 1 1 0 0 1 1 1 1 0 1 0 0 1 0 1 1 1 0 0 1 0 0 1 1 0 0 1 0 1 0 1 0 0 0 1 1 0 1 0 0 1 0 0 1 0 1 1 0 0 1 1 1 0 1 1 1 1 1 0 0 1 1 0 1 1 1 0 1 1 0 0 0 0 0 0 1 0 0 1 0 0 0 0 0 1 0 1 1 1 1 0 0 1 1 0 0
1 0 1 1 1 0 1 1 0 1 1 0 0 1 0 1 1 1 0 1 0 0 1 0 1 0 0 1 0 0 1 1 0 1 0 0 0 1 0 1 1 0 0 1 0 1 0 1 0 0 1 1 1 1 1 0 1 1 1 0 1 1 1 0 0 1 1 1 1 0 0 0 0 1 1 0 0 1 1 1 1 1 0 0 0 0 0 1 1 0 0 0 0 0 1 0 1 1 0 1 1 0 1 0 0 1 1 0 1 0 1 0 1 1 0 1 1 0 1 1 0 0 1 0 0 0 0 1 1 1 1 0 1 1 0 0 0 0 0 0 0 0 1 0 1 1
0 1 0 1 1 1 1 0 1 1 1 0 0 0 0 0 0 1 0 0 0 1 1 1 0 1 0 0 0 1 1 0 1 0 1 0 0 1 1 1 0 1 1 0 0 1 1 1 1 1 0 1 1 1 0 1 0 1 1 0 0 1 0 0 1 0 1 1 0 0 1 0 1 0 0 1 0 0 1 0 0 0 1 0 0 0 1 1 0 1 1 1 0 0 1 1 1 0 1 0 1 0 1 1 1 0 1 0 1 0 0 0 0 0 1 0 0 0 0 0 0 1 0 1 0 0 1 0 0 1 0 1 1 1 1 0 0 1 0 0 1 1 1 1 1 1
0 0 1 0 1 1 0 0 0 0 1 0 1 0 1 1 0 1 0 0 1 1 0 0 0 0 1 0 1 1 0 1 0 0 0 1 0 1 1 0 1 0 1 1 0 1 1 0 0 1 1 0 1 0 0 1 1 0 1 0 0 0 0 1 0 1 0 1 0 1 1 1 0 1 0 0 0 0 0 1 1 0 0 1 0 1 1 0 1 0 1 0 1 0 1 1 0 1 0 1 0 0 1 1 1 1 0 0 0 1 1 0 0 0 0 1 0 1 1 0 1 1 1 0 1 0 1 1 1 0 1 0 1 1 1 1 0 0 0 1 1 0 0 1 0 0
0 1 1 0 0 0 0 0 1 0 0 0 1 0 0 0 1 0 0 1 1 1 1 1 1 0 1 1 1 1 1 0 1 1 0 1 1 1 1 1 0 1 0 1 1 1 0 0 1 0 1 0 1 0 0 0 1 0 0 0 1 0 0 0 1 0 0 0 1 1 1 0 1 0 1 0 0 1 1 0 0 1 0 1 1 1 1 1 0 1 0 0 1 1 1 0 1 0 1 1 0 1 1 0 0 1 0 0 0 0 1 0 1 0 1 0 1 1 0 1 1 1 0 1 1 1 1 0 1 0 0 1 0 1 0 0 0 1 0 1 1 0 1 0 0 0
1 1 1 0 1 0 1 1 1 0 1 1 0 1 1 0 0 1 1 1 0 0 0 1 0 0 1 1 0 0 0 0 1 0 0 1 0 0 0 0 0 1 1 1 0 0 0 1 1 1 1 0 0 1 1 1 1 0 1 1 1 1 1 1 1 0 0 1 1 0 0 1 1 0 0 0 1 1 0 0 0 0 0 1 0 0 0 0 0 1 1 0 1 0 0 0 0 0 1 1 0 0 0 0 1 1 0 1 1 1 1 1 1 1 1 0 1 0 0 0 1 0 0 1 1 0 0 0 1 1 0 1 1 0 0 1 1 1 1 0 0 0 0 1 1 1
0 1 1 1 0 1 1 0 0 1 0 1 0 0 1 0 1 0 1 0 0 1 0 0 1 0 0 0 0 1 0 1 1 1 0 0 1 0 1 0 1 1 0 1 1 0 1 1 1 0 1 1 0 1 0 0 1 1 0 1 0 1 0 1 0 0 1 0 0 0 1 1 0 0 1 0 1 0 0 1 0 1 0 0 1 0 1 0 1 1 0 0 0 1 0 1 0 1 1 1 1 1 0 1 0 1 1 1 1 1 1 1 0 0 0 0 0 0 0 1 0 1 1 1 0 1 1 1 1 1 1 1 0 0 1 1 1 0 1 0 1 0 0 0 1 1
1 1 0 1 0 0 0 1 0 1 0 0 1 1 1 0 0 0 0 1 1 0 0 0 0 1 0 1 1 0 0 1 1 0 1 0 1 1 0 0 1 1 1 0 1 1 0 0 1 1 0 1 1 0 1 1 0 1 0 0 1 0 1 1 0 0 1 0 1 1 0 1 0 0 0 1 0 1 0 1 0 0 1 0 1 1 0 0 1 1 1 1 0 1 1 0 0 1 1 0 1 1 1 0 1 0 1 0 0 1 0 0 1 1 0 0 1 1 0 0 0 0 1 1 0 1 0 1 0 0 1 1 0 1 0 1 0 0 0 1 0 1 0 1 0 0
1 1 0 0 1 1 0 1 0 0 1 1 1 1 0 0 1 1 1 0 1 0 1 0 1 1 1 0 1 0 1 1 1 1 1 1 0 0 0 1 1 1 0 0 0 0 1 0 1 0 0 0 0 0 1 0 0 0 1 1 0 0 1 0 0 0 0 1 0 1 0 0 0 0 1 1 1 0 1 1 0 1 1 1 0 1 0 1 1 1 0 1 1 0 0 1 1 1 1 0 0 0 0 1 0 0 0 1 0 0 0 1 0 1 0 0 0 1 0 1 1 0 1 1 1 0 0 1 0 0 1 1 1 0 1 0 1 0 1 1 0 1 1 0 0 0
0 0 0 1 1 0 0 0 1 1 1 1 1 0 1 1 1 1 1 1 1 1 0 1 1 1 0 1 1 1 0 0 0 1 1 0 0 0 1 0 0 0 0 0 0 0 0 0 0 0 0 1 0 0 0 0 0 1 1 1 1 0 0 1 1 1 1 1 1 1 1 1 1 1 1 1 1 1 0 0 1 1 1 0 0 1 1 0 0 0 0 1 0 0 0 0 0 0 0 0 1 0 0 0 0 0 1 1 0 1 0 1 1 0 1 1 1 1 1 1 0 1 0 0 0 0 1 0 0 0 0 0 1 0 0 1 1 1 1 1 1 1 0 0 0 0
1 1 0 0 1 0 0 0 1 0 0 0 1 0 0 1 0 0 0 0 1 1 1 0 1 0 1 0 1 0 1 1 1 1 1 0 0 1 1 0 1 1 1 0 0 1 1 1 1 1 1 0 0 1 1 1 1 1 0 0 1 1 1 1 1 1 1 1 0 1 0 1 1 0 1 0 1 0 0 0 1 0 1 0 0 0 0 1 0 0 0 0 1 0 0 0 0 1 0 0 1 1 0 0 0 0 0 0 0 1 0 1 0 0 1 1 1 0 1 1 1 0 1 1 0 1 1 1 0 1 0 1 0 0 1 0 0 0 0 0 1 1 1 0 0 0
1 0 0 1 1 1 0 0 0 0 1 1 0 1 0 0 1 0 1 0 0 0 0 0 0 1 0 1 1 0 0 0 1 1 0 1 0 1 1 0 0 0 1 0 1 0 1 1 0 0 1 0 1 1 0 0 0 1 0 1 0 0 1 0 0 1 0 1 1 0 1 1 0 0 1 1 1 0 1 0 0 0 1 1 1 0 1 0 1 0 1 0 1 1 1 0 1 0 1 1 1 1 1 1 1 0 1 0 1 1 1 1 0 1 1 0 1 0 1 0 0 0 0 1 1 0 1 0 0 0 0 0 1 1 0 0 1 0 0 1 0 1 1 0 0 0
0 1 0 0 1 1 1 1 1 0 0 1 0 1 1 1 1 0 0 1 1 0 0 1 0 0 0 0 1 1 0 0 0 0 1 0 0 1 1 1 0 0 0 1 0 0 1 0 0 0 0 1 0 1 1 0 0 0 1 0 1 0 1 1 0 0 0 0 0 1 1 1 1 0 0 1 0 1 1 0 1 0 0 1 1 1 0 1 1 0 0 0 0 1 1 1 0 1 1 0 1 0 1 1 1 0 0 1 1 0 1 1 1 1 0 1 1 1 0 1 0 1 0 0 0 0 1 0 1 1 1 0 0 0 0 0 0 0 1 0 1 0 0 0 1 1
0 1 0 1 0 0 1 1 0 0 1 0 1 1 1 0 0 0 1 1 1 1 0 1 0 0 1 1 0 0 1 0 0 0 0 0 1 1 0 0 1 0 0 1 0 1 1 0 1 0 0 1 0 1 0 1 0 0 1 1 1 1 1 0 1 1 0 0 1 1 0 1 0 1 1 0 0 1 0 0 0 1 1 0 1 1 1 1 0 0 1 1 1 0 1 1 1 1 0 1 0 1 0 1 0 0 1 0 1 0 0 0 0 1 0 0 0 0 0 0 1 0 0 0 0 1 0 1 1 0 0 1 1 0 1 1 1 1 1 1 1 1 1 0 1 1
0 0 1 0 1 1 0 1 0 1 0 0 0 0 1 0 1 1 0 1 0 0 1 1 0 1 1 0 1 0 0 1 0 0 0 1 0 0 1 0 0 1 0 1 1 1 0 0 0 1 0 1 1 0 1 0 1 0 1 0 0 1 0 1 1 1 1 0 1 0 0 0 1 0 1 1 0 1 0 1 1 0 1 1 0 1 1 0 0 1 0 0 1 1 0 1 1 0 0 0 1 1 1 0 0 1 1 0 0 0 0 1 0 0 0 0 0 0 0 0 1 0 1 0 1 1 1 0 1 1 0 0 1 1 1 0 1 0 1 1 0 1 0 1 1 1
1 1 1 1 0 1 0 1 1 1 1 0 0 0 1 1 1 1 1 1 1 0 1 1 1 0 0 1 0 0 0 1 0 1 1 0 1 0 0 0 0 1 0 0 0 0 0 1 0 1 0 0 0 0 0 0 1 0 0 1 1 0 0 0 0 1 1 0 0 1 1 0 0 1 1 1 0 0 1 1 0 1 1 1 0 0 0 1 1 1 1 1 1 1 0 1 0 1 1 1 0 1 1 0 1 1 0 0 0 0 1 0 0 0 1 1 0 0 1 1 0 0 1 0 0 0 0 0 0 0 0 0 0 0 0 1 0 1 0 0 1 1 0 1 1 1
1 1 1 0 0 1 1 0 0 1 0 0 0 1 0 0 1 1 0 0 1 0 0 0 0 0 1 0 0 1 0 0 1 1 0 0 1 0 0 1 0 0 1 0 0 1 0 1 0 0 1 0 0 0 1 0 0 1 0 0 1 1 0 1 1 0 0 1 1 1 0 0 1 1 0 1 1 0 0 1 1 1 0 1 1 0 1 1 0 1 0 1 0 1 1 0 1 1 0 0 0 0 1 1 0 1 1 1 1 1 0 0 1 1 1 0 0 1 1 0 1 1 0 1 0 1 0 0 0 1 1 0 1 0 1 1 1 1 0 1 1 0 0 1 0 0
0 0 1 0 0 0 0 0 1 1 0 0 1 1 0 1 1 1 0 1 0 1 0 0 1 1 0 0 0 0 1 0 1 0 1 1 1 0 0 0 1 0 1 1 1 0 0 0 1 0 1 1 1 0 1 1 0 1 1 0 0 0 0 1 0 1 0 1 0 0 1 0 1 1 1 0 1 1 1 1 1 1 1 0 1 1 0 0 1 1 0 1 1 0 1 0 0 1 1 0 0 1 0 1 1 1 0 0 1 0 1 0 0 1 0 1 0 0 0 1 0 0 0 1 1 0 0 1 1 1 0 1 0 1 0 1 0 1 1 0 0 1 0 1 0 1
1 0 0 0 0 0 0 1 0 0 0 1 1 0 1 0 1 0 0 0 0 1 1 1 0 1 0 0 0 1 1 1 0 1 0 1 1 1 0 1 1 1 0 0 0 0 1 0 1 1 0 0 1 1 1 1 1 0 0 0 0 0 1 1 0 0 1 0 1 0 1 1 1 1 0 0 0 0 1 0 1 1 0 0 0 0 1 0 1 0 0 1 0 0 0 1 1 0 1 0 0 0 0 0 1 0 1 1 0 1 1 0 1 0 1 0 0 1 1 0 0 1 1 0 1 0 0 1 0 1 1 1 1 1 0 1 1 1 0 1 0 0 0 0 1 1
1 0 1 1 1 0 1 1 1 1 1 1 1 1 1 1 1 1 1 0 0 1 0 1 1 1 1 1 1 1 1 0 0 1 1 1 0 0 1 1 1 0 0 0 1 1 0 1 1 1 0 0 1 0 0 1 0 0 0 1 0 1 0 0 1 0 0 0 0 0 0 0 0 0 0 0 0 0 0 1 0 0 0 0 1 0 0 0 0 1 1 0 0 0 1 1 0 0 0 1 1 0 0 1 0 1 0 1 1 1 0 1 1 1 1 1 1 1 1 1 1 1 0 0 1 1 1 1 0 0 1 1 0 1 1 0 0 0 0 0 0 0 1 1 1 1
0 1 1 0 1 1 0 0 0 1 0 0 0 1 1 1 0 1 1 0 1 1 0 1 0 1 1 1 1 1 0 1 0 1 1 1 1 0 1 1 0 0 1 0 1 0 1 0 1 0 0 1 1 0 1 1 1 0 0 1 0 1 1 0 1 0 1 1 0 1 0 1 1 0 1 0 1 1 1 0 1 1 1 1 0 1 1 0 0 1 0 1 1 0 1 0 1 1 0 1 0 1 1 0 1 0 0 0 1 1 1 0 1 1 0 1 0 0 1 0 0 0 1 0 0 1 1 0 0 0 1 1 0 1 1 0 1 1 0 0 0 0 1 0 1 0
1 0 0 1 0 1 1 0 1 1 0 1 1 1 0 1 1 0 1 0 1 0 1 1 1 1 1 0 1 1 1 0 1 1 0 0 1 1 1 1 0 1 0 1 0 0 1 1 1 0 1 0 1 0 1 0 1 0 1 0 1 1 0 0 1 1 0 1 1 0 1 1 0 0 1 1 0 1 0 1 1 0 1 1 1 0 1 0 1 0 1 1 0 0 1 1 0 1 0 0 1 1 0 0 1 0 1 1 0 1 0 1 0 1 0 1 0 1 0 0 1 0 1 1 0 1 0 1 0 1 0 0 1 0 0 1 0 1 0 0 1 0 0 1 1 1
1 0 0 0 1 1 0 0 1 0 1 0 1 1 1 1 0 0 0 1 0 1 1 1 1 0 1 0 0 1 0 1 1 1 1 0 0 1 1 0 1 0 1 1 1 0 0 1 0 1 0 1 1 0 0 0 0 1 0 1 1 1 1 0 0 1 0 0 0 1 1 1 1 0 0 1 0 0 1 1 1 1 1 0 1 0 0 1 0 1 1 1 1 0 0 1 0 0 1 1 1 1 1 0 0 1 0 1 1 0 0 0 1 1 0 0 1 0 1 0 1 1 0 1 0 0 0 1 1 1 0 1 1 0 1 1 1 0 1 1 0 0 0 0 0 0
0 0 1 1 1 1 1 1 0 0 1 1 0 0 0 1 0 0 0 1 0 1 0 1 0 1 1 0 0 0 1 1 1 1 0 1 1 0 0 0 1 1 1 0 0 1 1 0 0 1 1 1 1 1 1 0 0 1 1 1 0 1 0 1 1 0 0 0 1 1 0 1 0 1 1 0 0 0 1 0 1 0 0 1 0 0 0 1 1 1 0 1 0 1 1 0 0 0 1 1 0 1 0 1 0 1 1 0 0 1 0 1 1 1 1 1 1 1 0 1 0 1 0 0 1 1 0 1 1 0 0 1 0 0 0 0 1 1 1 1 1 1 0 1 1 0
1 1 0 1 0 0 1 0 1 0 1 1 0 1 1 0 0 1 0 1 1 0 0 0 1 1 0 1 0 0 1 0 0 0 1 1 1 1 1 0 1 1 0 0 1 0 1 1 0 1 1 0 0 0 1 1 0 1 1 0 0 0 1 0 1 1 1 0 1 0 0 0 1 0 1 1 1 0 0 0 0 1 0 1 1 1 0 1 1 0 0 0 1 0 1 1 1 0 1 0 0 0 1 0 0 1 1 0 1 1 1 1 0 0 0 1 1 1 1 0 1 1 0 0 0 1 1 1 0 1 1 0 0 1 1 1 0 1 1 1 1 0 1 1 1 1
1 1 0 0 0 1 1 1 1 1 1 1 0 0 0 1 0 1 1 1 0 0 0 1 1 0 1 1 1 1 0 0 0 1 0 1 0 1 0 1 1 0 0 0 0 1 0 1 1 1 0 0 1 1 0 1 1 1 0 0 0 1 0 1 0 1 1 1 0 0 0 1 0 1 0 1 1 1 0 0 1 0 1 0 1 1 1 1 0 0 0 1 0 1 0 1 1 1 1 0 0 1 0 1 1 1 0 0 0 0 1 0 0 1 1 0 1 0 0 0 1 1 1 0 1 0 1 0 1 1 1 1 0 0 0 1 0 0 1 1 0 1 1 0 0 0
1 1 0 0 1 0 0 1 1 0 0 0 1 0 0 0 1 1 0 0 0 1 1 0 0 1 0 1 0 0 0 1 1 0 0 0 1 1 0 0 0 0 1 1 0 1 1 1 0 0 0 1 0 1 1 1 0 0 0 1 1 0 0 1 1 1 1 0 0 1 1 0 0 1 1 1 1 0 1 1 0 0 0 1 1 1 0 0 0 1 1 0 0 1 1 1 1 0 0 1 1 0 0 1 0 0 0 1 0 1 1 0 1 0 1 1 0 0 0 1 1 0 0 1 1 1 1 1 0 1 1 0 1 0 0 1 1 1 0 0 0 1 1 0 1 1
1 0 0 1 1 0 0 1 1 1 0 1 0 0 1 0 0 0 1 0 1 1 0 0 1 0 0 0 1 1 1 1 0 0 1 1 0 1 0 1 0 1 1 0 1 1 0 1 1 0 1 1 0 1 0 0 1 0 1 1 0 0 1 1 0 1 0 1 1 1 0 0 1 1 0 1 0 1 1 0 0 1 0 0 1 0 1 0 1 1 0 0 1 1 0 1 0 1 0 1 0 0 1 1 1 0 1 0 1 0 0 1 1 0 1 0 0 1 1 1 1 0 1 0 1 0 0 0 1 1 0 1 0 1 1 1 1 0 0 0 1 1 0 1 0 1
0 0 1 0 0 0 1 1 0 1 1 0 1 1 1 0 1 0 1 1 0 0 1 0 1 1 0 0 1 1 0 0 1 0 1 0 1 0 0 1 1 0 0 1 1 1 1 0 1 1 0 0 0 1 1 0 1 1 0 0 1 0 1 1 1 0 0 1 0 0 1 0 1 1 1 0 0 1 0 1 0 1 0 1 0 0 1 1 0 0 1 0 1 1 1 0 0 1 1 0 1 0 1 1 1 1 0 1 1 1 0 0 0 0 1 1 1 0 1 1 0 1 1 1 1 1 0 1 0 0 0 0 1 1 1 0 0 1 1 1 0 1 0 0 1 0
0 1 1 1 0 1 1 1 0 0 0 1 1 0 1 1 0 1 0 0 1 0 1 1 1 0 1 1 0 0 1 0 1 1 1 0 0 0 0 0 0 1 0 1 1 1 0 0 0 0 1 0 1 1 0 1 0 0 1 0 1 1 1 1 0 0 1 0 1 0 1 1 1 1 0 0 1 0 0 1 1 1 1 0 0 1 0 0 1 0 1 1 1 1 0 0 1 0 0 0 1 1 1 1 0 0 1 1 1 0 1 1 0 1 1 0 0 1 1 1 0 0 0 1 1 0 1 0 1 0 1 0 1 1 1 0 0 0 0 0 1 1 1 1 0 0
0 0 1 0 0 0 1 0 0 0 0 0 0 0 0 0 0 0 0 0 0 0 0 0 1 0 0 0 0 0 0 0 0 0 0 1 0 0 1 0 0 0 0 0 0 0 0 0 0 0 0 0 0 0 0 0 0 0 0 0 0 0 0 0 0 0 0 0 0 0 0 0 0 0 0 0 0 0 0 0 0 0 0 0 0 0 0 0 0 0 0 0 0 0 0 0 0 0 0 0 0 0 0 0 0 0 0 0 0 0 0 0 0 0 0 0 0 0 0 0 0 0 0 0 0 0 0 1 1 0 0 1 0 0 0 0 0 0 0 0 0 0 0 0 0 0
C Elapsed Time 5.240000 
