C CINVESTAV-TAMAULIPAS, MEXICO 
C email: jtj@cinvestav.mx 
C http://www.tamps.cinvestav.mx/~jtj/ 
C 
18 20 2^20 3
0 0 0 0 0 0 0 0 0 0 0 0 0 0 0 0 0 0 0 0
1 1 1 1 1 1 0 0 0 0 1 1 1 1 1 1 0 0 0 0
1 1 0 0 0 1 1 1 0 0 1 1 0 0 0 1 1 1 0 0
1 0 0 1 0 1 0 0 1 1 1 0 0 1 0 1 0 0 1 1
1 1 0 0 1 0 0 1 1 1 1 1 0 0 1 0 0 1 1 1
0 0 1 0 1 1 0 1 1 0 0 0 1 0 1 1 0 1 1 0
1 0 1 1 0 0 1 1 1 0 1 0 1 1 0 0 1 1 1 0
1 0 1 0 1 0 1 0 0 1 1 0 1 0 1 0 1 0 0 1
0 1 1 1 0 0 0 1 0 1 0 1 1 1 0 0 0 1 0 1
0 0 0 1 1 1 1 1 0 1 0 0 0 1 1 1 1 1 0 1
0 1 0 1 1 0 1 0 1 0 0 1 0 1 1 0 1 0 1 0
0 1 1 0 0 1 1 0 1 1 0 1 1 0 0 1 1 0 1 1
0 0 0 0 0 0 0 0 0 0 1 1 1 1 1 1 1 1 1 1
0 0 0 1 1 1 1 1 1 0 1 1 1 0 0 0 0 0 0 1
0 1 1 0 0 1 1 1 0 1 1 0 0 1 1 0 0 0 1 0
1 0 1 0 1 0 1 0 1 1 0 1 0 1 0 1 0 1 0 0
1 1 0 1 0 0 0 1 1 1 0 0 1 0 1 1 1 0 0 0
1 1 1 1 1 1 0 0 0 0 0 0 0 0 0 0 1 1 1 1
