44 244 2^244 3
0 1 0 1 1 1 0 0 1 0 0 0 1 1 1 0 0 1 0 0 0 1 0 1 0 0 1 0 0 0 1 0 1 1 0 1 0 0 0 1 0 1 1 1 0 0 0 0 1 0 1 1 1 0 0 1 0 1 0 1 1 1 0 0 1 0 0 0 1 1 1 0 0 1 0 0 0 1 1 1 0 0 1 0 0 0 1 0 1 0 0 1 0 0 0 1 0 1 1 1 1 0 0 0 1 0 1 1 1 0 0 0 0 1 0 1 1 1 0 0 1 1 0 1 0 1 1 1 0 0 1 0 0 0 1 1 1 0 0 1 0 0 0 1 0 1 0 0 1 0 0 0 1 0 1 1 0 1 0 0 0 1 0 1 1 1 0 0 0 0 1 0 1 1 1 0 0 1 0 1 0 1 1 1 0 0 1 0 0 0 1 1 1 0 0 1 0 0 0 1 1 1 0 0 1 0 0 0 1 0 1 0 0 1 0 0 0 1 0 1 1 1 1 0 0 0 1 0 1 1 1 0 0 0 0 1 0 1 1 1 0 0 1 1
1 1 0 0 0 1 0 1 0 0 0 1 0 0 1 0 1 0 1 0 1 1 0 1 0 1 0 1 0 1 1 0 0 0 1 0 1 0 1 1 0 0 0 1 0 1 0 1 1 0 0 0 1 0 1 0 1 1 0 0 0 1 0 1 0 1 0 0 0 0 1 0 1 0 1 0 1 1 0 1 0 1 0 1 0 1 1 0 0 0 1 0 1 0 1 1 0 0 0 1 0 1 0 1 1 0 0 0 1 0 1 0 1 1 0 0 0 1 0 1 0 0 1 1 0 0 0 1 0 1 0 0 0 1 0 0 1 0 1 0 1 0 1 1 0 1 0 1 0 1 0 1 1 0 0 0 1 0 1 0 1 1 0 0 0 1 0 1 0 1 1 0 0 0 1 0 1 0 1 1 0 0 0 1 0 1 0 1 0 0 0 0 1 0 1 0 1 0 1 1 0 1 0 1 0 1 0 1 1 0 0 0 1 0 1 0 1 1 0 0 0 1 0 1 0 1 1 0 0 0 1 0 1 0 1 1 0 0 0 1 0 1 0 0
1 1 1 0 0 0 1 0 1 0 0 0 0 0 0 1 0 1 1 0 0 1 1 0 1 0 1 1 0 0 1 1 0 0 0 1 1 0 0 1 1 0 0 0 1 1 0 0 1 1 0 0 0 1 0 1 0 1 1 0 0 0 1 0 1 1 0 1 0 0 0 1 0 1 1 0 0 1 0 0 1 0 1 1 0 0 1 1 0 1 0 1 1 0 0 1 1 0 0 0 1 1 0 0 1 1 0 0 0 1 0 0 0 1 1 0 0 0 1 0 1 0 1 1 1 0 0 0 1 0 1 0 0 0 0 0 0 1 0 1 1 0 0 1 1 0 1 0 1 1 0 0 1 1 0 0 0 1 1 0 0 1 1 0 0 0 1 1 0 0 1 1 0 0 0 1 0 1 0 1 1 0 0 0 1 0 1 1 0 1 0 0 0 1 0 1 1 0 0 1 0 0 1 0 1 1 0 0 1 1 0 1 0 1 1 0 0 1 1 0 0 0 1 1 0 0 1 1 0 0 0 1 0 0 0 1 1 0 0 0 1 0 1 0
0 0 0 1 0 0 1 1 1 0 0 1 1 0 0 1 1 1 0 0 1 0 0 0 1 1 1 0 0 1 0 0 1 0 1 1 0 0 1 0 0 1 0 0 1 0 0 1 0 0 1 0 0 1 1 1 1 0 0 1 0 0 1 1 1 0 0 0 1 0 0 1 1 1 0 0 1 0 0 0 1 1 1 0 0 1 0 0 1 1 1 1 0 0 1 0 0 1 0 0 1 0 0 1 0 0 1 0 0 1 1 0 1 0 0 1 0 0 1 1 1 1 0 0 0 1 0 0 1 1 1 0 0 1 1 0 0 1 1 1 0 0 1 0 0 0 1 1 1 0 0 1 0 0 1 0 1 1 0 0 1 0 0 1 0 0 1 0 0 1 0 0 1 0 0 1 1 1 1 0 0 1 0 0 1 1 1 0 0 0 1 0 0 1 1 1 0 0 1 0 0 0 1 1 1 0 0 1 0 0 1 1 1 1 0 0 1 0 0 1 0 0 1 0 0 1 0 0 1 0 0 1 1 0 1 0 0 1 0 0 1 1 1 1
0 1 0 0 1 0 1 1 0 1 1 0 0 1 0 1 1 0 0 1 0 1 0 0 1 1 0 0 1 0 1 0 0 1 1 0 0 1 0 1 0 0 1 0 1 0 1 0 1 0 0 1 0 1 1 0 0 1 0 0 1 0 1 1 0 0 1 0 0 1 0 1 1 0 0 1 0 1 1 0 1 1 0 0 1 0 1 0 0 1 1 0 0 1 0 1 0 0 1 0 0 0 1 0 1 0 0 1 0 1 1 1 0 1 0 0 1 0 1 1 0 1 0 1 0 0 1 0 1 1 0 1 1 0 0 1 0 1 1 0 0 1 0 1 0 0 1 1 0 0 1 0 1 0 0 1 1 0 0 1 0 1 0 0 1 0 1 0 1 0 1 0 0 1 0 1 1 0 0 1 0 0 1 0 1 1 0 0 1 0 0 1 0 1 1 0 0 1 0 1 1 0 1 1 0 0 1 0 1 0 0 1 1 0 0 1 0 1 0 0 1 0 0 0 1 0 1 0 0 1 0 1 1 1 0 1 0 0 1 0 1 1 0 1
0 0 1 0 1 1 1 0 0 0 0 1 0 1 1 1 0 0 0 0 1 0 1 1 1 0 0 0 0 1 0 1 0 1 0 0 0 0 1 0 1 0 1 1 1 0 0 1 0 1 0 1 1 1 0 0 1 0 1 0 1 1 1 0 0 0 0 1 0 1 1 1 0 0 0 0 1 0 1 1 1 0 0 0 0 1 0 1 0 1 0 0 0 0 1 0 1 0 1 1 0 0 0 1 0 1 0 1 1 1 0 0 1 0 1 0 1 1 1 0 0 1 0 0 1 0 1 1 1 0 0 0 0 1 0 1 1 1 0 0 0 0 1 0 1 1 1 0 0 0 0 1 0 1 0 1 0 0 0 0 1 0 1 0 1 1 1 0 0 1 0 1 0 1 1 1 0 0 1 0 1 0 1 1 1 0 0 0 0 1 0 1 1 1 0 0 0 0 1 0 1 1 1 0 0 0 0 1 0 1 0 1 0 0 0 0 1 0 1 0 1 1 0 0 0 1 0 1 0 1 1 1 0 0 1 0 1 0 1 1 1 0 0 1
1 0 0 0 1 0 0 0 1 1 1 1 0 1 0 0 0 1 1 1 1 0 0 0 0 0 1 1 1 1 0 0 0 1 0 1 1 1 1 0 0 0 1 0 0 1 1 1 0 0 0 1 0 0 0 1 1 0 0 0 1 0 0 0 1 1 1 0 0 1 0 0 0 1 1 1 1 0 1 0 0 0 1 1 1 1 0 0 0 0 0 1 1 1 1 0 0 0 1 0 1 1 1 1 0 0 0 1 0 0 0 1 1 0 0 0 1 0 0 0 1 0 1 0 0 0 1 0 0 0 1 1 1 1 0 1 0 0 0 1 1 1 1 0 0 0 0 0 1 1 1 1 0 0 0 1 0 1 1 1 1 0 0 0 1 0 0 1 1 1 0 0 0 1 0 0 0 1 1 0 0 0 1 0 0 0 1 1 1 0 0 1 0 0 0 1 1 1 1 0 1 0 0 0 1 1 1 1 0 0 0 0 0 1 1 1 1 0 0 0 1 0 1 1 1 1 0 0 0 1 0 0 0 1 1 0 0 0 1 0 0 0 1 0
0 0 1 0 0 1 0 1 1 1 1 0 0 0 1 0 1 1 0 1 0 0 1 1 0 1 1 0 1 0 0 1 0 0 1 1 0 1 0 0 1 0 0 1 0 0 1 0 0 1 0 0 1 0 1 1 0 0 1 0 0 1 0 1 1 0 1 1 0 0 1 0 1 1 0 1 0 0 0 1 0 1 1 0 1 0 0 1 0 0 1 1 0 1 0 0 1 0 0 1 1 0 1 0 0 1 0 0 1 0 1 1 0 0 1 0 0 1 0 1 1 1 0 0 1 0 0 1 0 1 1 1 1 0 0 0 1 0 1 1 0 1 0 0 1 1 0 1 1 0 1 0 0 1 0 0 1 1 0 1 0 0 1 0 0 1 0 0 1 0 0 1 0 0 1 0 1 1 0 0 1 0 0 1 0 1 1 0 1 1 0 0 1 0 1 1 0 1 0 0 0 1 0 1 1 0 1 0 0 1 0 0 1 1 0 1 0 0 1 0 0 1 1 0 1 0 0 1 0 0 1 0 1 1 0 0 1 0 0 1 0 1 1 1
1 0 0 1 0 1 1 0 0 1 1 0 1 0 1 1 0 0 1 1 0 0 0 1 1 0 0 1 1 0 0 0 1 0 0 0 1 1 0 0 0 1 0 1 1 1 1 0 0 0 1 0 1 1 0 0 0 0 0 1 0 1 1 0 0 1 1 0 1 0 1 1 0 0 1 1 0 0 0 1 1 0 0 1 1 0 0 0 1 1 0 0 1 1 0 0 0 1 0 1 0 1 1 0 0 0 1 0 1 1 0 1 0 0 0 1 0 1 1 0 0 0 1 0 0 1 0 1 1 0 0 1 1 0 1 0 1 1 0 0 1 1 0 0 0 1 1 0 0 1 1 0 0 0 1 0 0 0 1 1 0 0 0 1 0 1 1 1 1 0 0 0 1 0 1 1 0 0 0 0 0 1 0 1 1 0 0 1 1 0 1 0 1 1 0 0 1 1 0 0 0 1 1 0 0 1 1 0 0 0 1 1 0 0 1 1 0 0 0 1 0 1 0 1 1 0 0 0 1 0 1 1 0 1 0 0 0 1 0 1 1 0 0 0
1 0 1 1 1 0 0 1 0 0 0 0 1 1 0 0 1 0 1 0 0 0 1 0 0 1 0 1 0 0 0 1 1 1 1 0 1 0 0 0 1 1 1 0 0 1 0 0 0 1 1 1 0 0 1 0 0 0 1 1 1 0 0 1 0 1 0 1 1 1 0 0 1 0 1 0 0 0 1 0 0 1 0 1 0 0 0 1 1 0 1 0 1 0 0 0 1 1 1 0 0 1 0 0 0 1 1 1 0 0 1 0 0 0 1 1 1 0 0 1 0 0 1 0 1 1 1 0 0 1 0 0 0 0 1 1 0 0 1 0 1 0 0 0 1 0 0 1 0 1 0 0 0 1 1 1 1 0 1 0 0 0 1 1 1 0 0 1 0 0 0 1 1 1 0 0 1 0 0 0 1 1 1 0 0 1 0 1 0 1 1 1 0 0 1 0 1 0 0 0 1 0 0 1 0 1 0 0 0 1 1 0 1 0 1 0 0 0 1 1 1 0 0 1 0 0 0 1 1 1 0 0 1 0 0 0 1 1 1 0 0 1 0 0
0 1 1 1 0 0 0 0 0 0 1 1 1 0 0 0 0 0 0 1 1 1 1 0 0 0 0 0 1 1 1 1 1 0 0 0 0 1 1 1 1 1 0 0 0 0 1 1 1 1 1 0 0 0 0 0 1 1 1 1 0 0 0 0 0 0 1 1 1 0 0 0 0 0 0 1 1 1 0 0 0 0 0 0 1 1 1 1 1 0 0 0 0 1 1 1 1 1 0 0 0 0 1 1 1 1 1 0 0 0 0 1 1 1 1 1 0 0 0 0 0 1 0 1 1 1 0 0 0 0 0 0 1 1 1 0 0 0 0 0 0 1 1 1 1 0 0 0 0 0 1 1 1 1 1 0 0 0 0 1 1 1 1 1 0 0 0 0 1 1 1 1 1 0 0 0 0 0 1 1 1 1 0 0 0 0 0 0 1 1 1 0 0 0 0 0 0 1 1 1 0 0 0 0 0 0 1 1 1 1 1 0 0 0 0 1 1 1 1 1 0 0 0 0 1 1 1 1 1 0 0 0 0 1 1 1 1 1 0 0 0 0 0 1
1 0 1 1 1 0 1 0 0 1 1 1 1 1 1 0 1 0 0 0 1 1 0 1 1 0 1 0 0 0 1 1 0 1 1 0 1 0 0 0 1 1 0 1 1 0 1 0 0 0 1 1 0 1 1 1 1 0 0 0 1 1 0 1 1 1 0 0 0 0 1 1 0 1 1 1 0 1 0 0 1 1 0 1 1 1 0 1 0 0 1 1 0 1 1 1 0 1 0 0 1 1 0 1 1 1 0 1 0 0 0 1 0 1 1 1 0 1 0 0 0 1 1 0 1 1 1 0 1 0 0 1 1 1 1 1 1 0 1 0 0 0 1 1 0 1 1 0 1 0 0 0 1 1 0 1 1 0 1 0 0 0 1 1 0 1 1 0 1 0 0 0 1 1 0 1 1 1 1 0 0 0 1 1 0 1 1 1 0 0 0 0 1 1 0 1 1 1 0 1 0 0 1 1 0 1 1 1 0 1 0 0 1 1 0 1 1 1 0 1 0 0 1 1 0 1 1 1 0 1 0 0 0 1 0 1 1 1 0 1 0 0 0 1
1 1 0 1 0 0 1 1 1 1 1 0 0 1 0 0 1 1 1 0 1 0 1 1 0 0 1 1 1 0 1 0 1 0 0 0 1 1 1 0 1 0 1 0 1 0 1 1 1 0 1 0 1 0 1 0 1 1 1 0 1 0 1 0 1 0 0 1 1 0 1 0 1 0 1 0 0 1 1 0 1 0 1 0 1 0 0 1 1 0 1 0 1 0 1 0 0 1 1 1 1 0 1 0 1 0 0 1 1 1 0 0 1 0 1 0 0 1 1 1 0 1 1 1 0 1 0 0 1 1 1 1 1 0 0 1 0 0 1 1 1 0 1 0 1 1 0 0 1 1 1 0 1 0 1 0 0 0 1 1 1 0 1 0 1 0 1 0 1 1 1 0 1 0 1 0 1 0 1 1 1 0 1 0 1 0 1 0 0 1 1 0 1 0 1 0 1 0 0 1 1 0 1 0 1 0 1 0 0 1 1 0 1 0 1 0 1 0 0 1 1 1 1 0 1 0 1 0 0 1 1 1 0 0 1 0 1 0 0 1 1 1 0 1
0 0 0 1 1 0 0 1 1 0 0 1 0 1 1 0 0 1 1 1 0 1 0 1 1 0 0 1 1 1 0 1 0 0 1 0 0 1 1 1 0 1 0 0 1 0 0 1 1 1 0 1 0 0 1 1 0 1 1 1 0 1 0 0 1 1 0 1 1 1 0 1 0 0 1 1 0 0 1 1 0 1 0 0 1 1 0 0 1 1 0 1 0 0 1 1 0 0 1 1 0 1 0 0 1 1 0 0 1 1 1 1 0 0 1 1 0 0 1 1 1 0 0 0 0 1 1 0 0 1 1 0 0 1 0 1 1 0 0 1 1 1 0 1 0 1 1 0 0 1 1 1 0 1 0 0 1 0 0 1 1 1 0 1 0 0 1 0 0 1 1 1 0 1 0 0 1 1 0 1 1 1 0 1 0 0 1 1 0 1 1 1 0 1 0 0 1 1 0 0 1 1 0 1 0 0 1 1 0 0 1 1 0 1 0 0 1 1 0 0 1 1 0 1 0 0 1 1 0 0 1 1 1 1 0 0 1 1 0 0 1 1 1 0
0 0 1 1 0 1 1 0 1 1 0 0 1 1 0 1 1 0 1 1 0 0 0 1 0 1 1 0 1 1 0 0 0 1 0 1 1 0 1 1 0 0 0 1 1 1 1 0 1 1 0 0 0 1 1 0 1 0 1 1 0 0 0 1 1 0 1 0 1 1 0 0 0 1 1 0 1 1 1 1 0 0 0 1 1 0 1 1 0 1 0 0 0 1 1 0 1 1 0 1 0 0 0 1 1 0 1 1 0 1 1 0 0 1 1 0 1 1 0 1 1 0 0 0 1 1 0 1 1 0 1 1 0 0 1 1 0 1 1 0 1 1 0 0 0 1 0 1 1 0 1 1 0 0 0 1 0 1 1 0 1 1 0 0 0 1 1 1 1 0 1 1 0 0 0 1 1 0 1 0 1 1 0 0 0 1 1 0 1 0 1 1 0 0 0 1 1 0 1 1 1 1 0 0 0 1 1 0 1 1 0 1 0 0 0 1 1 0 1 1 0 1 0 0 0 1 1 0 1 1 0 1 1 0 0 1 1 0 1 1 0 1 1 0
0 1 1 0 1 0 1 1 0 1 0 0 1 0 1 0 1 1 0 1 0 0 1 0 1 0 1 1 0 1 0 0 1 1 1 0 1 1 0 1 0 0 1 1 0 0 1 1 0 1 0 0 1 1 0 1 1 1 0 1 0 0 1 1 0 1 0 1 0 1 0 0 1 1 0 1 0 1 0 1 0 0 1 1 0 1 0 1 1 1 0 0 1 1 0 1 0 1 1 0 0 0 1 1 0 1 0 1 1 0 1 0 1 1 0 1 0 1 1 0 1 0 0 1 1 0 1 0 1 1 0 1 0 0 1 0 1 0 1 1 0 1 0 0 1 0 1 0 1 1 0 1 0 0 1 1 1 0 1 1 0 1 0 0 1 1 0 0 1 1 0 1 0 0 1 1 0 1 1 1 0 1 0 0 1 1 0 1 0 1 0 1 0 0 1 1 0 1 0 1 0 1 0 0 1 1 0 1 0 1 1 1 0 0 1 1 0 1 0 1 1 0 0 0 1 1 0 1 0 1 1 0 1 0 1 1 0 1 0 1 1 0 1 0
0 1 1 1 0 1 0 1 0 0 0 1 1 1 0 1 0 1 0 0 0 1 1 1 0 1 0 1 0 0 0 1 1 1 0 1 0 1 0 0 0 1 1 1 1 1 0 1 0 0 0 1 1 1 1 0 0 1 0 0 0 1 1 1 1 0 1 1 0 0 0 1 1 1 1 0 1 0 0 0 0 1 1 1 1 0 1 0 1 0 0 1 1 1 1 0 1 0 1 0 0 1 1 1 1 0 1 0 1 0 0 1 1 1 1 0 1 0 1 0 0 1 0 1 1 1 0 1 0 1 0 0 0 1 1 1 0 1 0 1 0 0 0 1 1 1 0 1 0 1 0 0 0 1 1 1 0 1 0 1 0 0 0 1 1 1 1 1 0 1 0 0 0 1 1 1 1 0 0 1 0 0 0 1 1 1 1 0 1 1 0 0 0 1 1 1 1 0 1 0 0 0 0 1 1 1 1 0 1 0 1 0 0 1 1 1 1 0 1 0 1 0 0 1 1 1 1 0 1 0 1 0 0 1 1 1 1 0 1 0 1 0 0 1
1 0 0 0 0 1 1 1 0 0 1 1 0 0 0 1 1 1 0 1 1 1 0 0 0 1 1 1 0 1 1 1 0 0 0 1 1 1 0 1 1 1 0 0 0 1 1 1 0 1 1 1 0 0 0 0 1 1 0 1 1 1 0 0 0 0 1 1 0 1 1 1 0 0 0 0 1 1 0 1 1 1 0 0 0 0 1 1 1 1 1 1 0 0 0 0 1 1 1 0 1 1 0 0 0 0 1 1 1 0 1 1 0 0 0 0 1 1 1 0 1 0 1 0 0 0 0 1 1 1 0 0 1 1 0 0 0 1 1 1 0 1 1 1 0 0 0 1 1 1 0 1 1 1 0 0 0 1 1 1 0 1 1 1 0 0 0 1 1 1 0 1 1 1 0 0 0 0 1 1 0 1 1 1 0 0 0 0 1 1 0 1 1 1 0 0 0 0 1 1 0 1 1 1 0 0 0 0 1 1 1 1 1 1 0 0 0 0 1 1 1 0 1 1 0 0 0 0 1 1 1 0 1 1 0 0 0 0 1 1 1 0 1 0
1 0 1 0 1 1 0 1 1 1 1 0 1 0 1 1 0 1 1 0 1 0 0 0 1 1 0 1 1 0 1 0 0 1 1 1 0 1 1 0 1 0 0 1 0 1 0 1 1 0 1 0 0 1 0 1 0 1 1 0 1 0 0 1 0 1 1 1 1 0 1 0 0 1 0 1 1 0 1 0 1 0 0 1 0 1 1 0 1 0 1 0 0 1 0 1 1 0 1 1 1 0 0 1 0 1 1 0 1 1 0 0 0 1 0 1 1 0 1 1 0 1 1 0 1 0 1 1 0 1 1 1 1 0 1 0 1 1 0 1 1 0 1 0 0 0 1 1 0 1 1 0 1 0 0 1 1 1 0 1 1 0 1 0 0 1 0 1 0 1 1 0 1 0 0 1 0 1 0 1 1 0 1 0 0 1 0 1 1 1 1 0 1 0 0 1 0 1 1 0 1 0 1 0 0 1 0 1 1 0 1 0 1 0 0 1 0 1 1 0 1 1 1 0 0 1 0 1 1 0 1 1 0 0 0 1 0 1 1 0 1 1 0 1
0 1 0 0 1 1 1 0 1 0 0 1 0 0 1 1 1 0 1 0 0 1 1 0 1 1 1 0 1 0 0 1 1 0 1 1 1 0 1 0 0 1 1 0 0 1 1 0 1 0 0 1 1 0 0 1 1 0 1 0 0 1 1 0 0 1 1 0 1 0 0 1 1 0 0 1 1 1 1 0 0 1 1 0 0 1 1 1 0 0 0 1 1 0 0 1 1 1 0 1 0 1 1 0 0 1 1 1 0 1 0 1 1 0 0 1 1 1 0 1 0 1 0 1 0 0 1 1 1 0 1 0 0 1 0 0 1 1 1 0 1 0 0 1 1 0 1 1 1 0 1 0 0 1 1 0 1 1 1 0 1 0 0 1 1 0 0 1 1 0 1 0 0 1 1 0 0 1 1 0 1 0 0 1 1 0 0 1 1 0 1 0 0 1 1 0 0 1 1 1 1 0 0 1 1 0 0 1 1 1 0 0 0 1 1 0 0 1 1 1 0 1 0 1 1 0 0 1 1 1 0 1 0 1 1 0 0 1 1 1 0 1 0 1
1 1 0 1 1 1 0 0 0 0 1 0 0 1 1 1 0 0 0 1 1 0 1 1 1 1 0 0 0 1 1 0 1 0 1 1 0 0 0 1 1 0 1 0 1 1 0 0 0 1 1 0 1 0 1 1 0 0 0 1 1 0 1 0 1 1 1 0 0 1 1 0 1 0 1 1 1 0 0 1 1 0 1 0 1 1 1 0 0 1 1 0 1 0 1 1 1 0 0 0 1 0 1 0 1 1 1 0 0 0 1 0 1 0 1 1 1 0 0 0 1 0 1 1 0 1 1 1 0 0 0 0 1 0 0 1 1 1 0 0 0 1 1 0 1 1 1 1 0 0 0 1 1 0 1 0 1 1 0 0 0 1 1 0 1 0 1 1 0 0 0 1 1 0 1 0 1 1 0 0 0 1 1 0 1 0 1 1 1 0 0 1 1 0 1 0 1 1 1 0 0 1 1 0 1 0 1 1 1 0 0 1 1 0 1 0 1 1 1 0 0 0 1 0 1 0 1 1 1 0 0 0 1 0 1 0 1 1 1 0 0 0 1 0
1 1 1 0 0 0 0 0 1 0 1 1 1 0 0 0 0 0 1 1 1 1 1 0 0 0 0 0 1 1 1 1 1 1 0 0 0 0 1 1 1 1 1 1 0 0 0 0 1 1 1 1 1 1 0 0 0 0 1 1 1 1 1 1 0 0 0 0 1 1 1 1 1 1 0 0 0 0 1 1 1 1 1 1 0 0 0 0 0 1 1 1 1 1 0 0 0 0 0 1 1 1 1 1 0 0 0 0 0 1 1 1 1 1 0 0 0 0 0 1 1 0 1 1 1 0 0 0 0 0 1 0 1 1 1 0 0 0 0 0 1 1 1 1 1 0 0 0 0 0 1 1 1 1 1 1 0 0 0 0 1 1 1 1 1 1 0 0 0 0 1 1 1 1 1 1 0 0 0 0 1 1 1 1 1 1 0 0 0 0 1 1 1 1 1 1 0 0 0 0 1 1 1 1 1 1 0 0 0 0 0 1 1 1 1 1 0 0 0 0 0 1 1 1 1 1 0 0 0 0 0 1 1 1 1 1 0 0 0 0 0 1 1 0
0 0 0 1 1 0 1 1 1 0 1 0 0 0 1 1 0 1 1 1 0 1 0 0 0 1 1 0 1 1 1 0 1 0 0 0 1 1 0 1 1 1 0 1 0 0 0 1 1 0 1 1 1 0 1 0 0 0 1 1 0 1 1 1 0 1 0 0 0 1 1 0 1 1 1 0 1 0 0 0 1 1 0 1 1 1 0 1 0 0 0 1 1 0 1 1 1 0 1 0 0 0 1 1 0 1 1 1 0 1 0 0 0 1 1 0 1 1 1 0 1 1 0 0 0 1 1 0 1 1 1 0 1 0 0 0 1 1 0 1 1 1 0 1 0 0 0 1 1 0 1 1 1 0 1 0 0 0 1 1 0 1 1 1 0 1 0 0 0 1 1 0 1 1 1 0 1 0 0 0 1 1 0 1 1 1 0 1 0 0 0 1 1 0 1 1 1 0 1 0 0 0 1 1 0 1 1 1 0 1 0 0 0 1 1 0 1 1 1 0 1 0 0 0 1 1 0 1 1 1 0 1 0 0 0 1 1 0 1 1 1 0 1 1
1 1 0 1 0 1 0 1 0 1 1 1 1 0 1 0 1 0 1 0 0 1 1 1 0 1 0 1 0 1 0 0 1 1 1 0 1 0 1 0 1 0 0 1 1 1 0 1 0 1 0 1 0 0 1 1 1 0 1 0 1 0 1 0 0 1 1 1 0 1 0 1 0 1 0 0 1 1 1 0 1 0 1 0 1 0 0 1 1 1 0 1 0 1 0 1 0 0 1 1 1 0 1 0 1 0 1 0 0 1 1 1 0 1 0 1 0 1 0 0 1 1 1 1 0 1 0 1 0 1 0 1 1 1 1 0 1 0 1 0 1 0 0 1 1 1 0 1 0 1 0 1 0 0 1 1 1 0 1 0 1 0 1 0 0 1 1 1 0 1 0 1 0 1 0 0 1 1 1 0 1 0 1 0 1 0 0 1 1 1 0 1 0 1 0 1 0 0 1 1 1 0 1 0 1 0 1 0 0 1 1 1 0 1 0 1 0 1 0 0 1 1 1 0 1 0 1 0 1 0 0 1 1 1 0 1 0 1 0 1 0 0 1 1
1 1 1 0 1 0 0 1 1 1 0 1 1 1 0 1 0 0 1 1 0 0 1 1 1 0 1 0 0 1 1 0 0 1 1 1 0 1 0 0 1 1 0 0 1 1 1 0 1 0 0 1 1 0 0 1 1 1 0 1 0 0 1 1 0 0 1 1 1 0 1 0 0 1 1 0 0 1 1 1 0 1 0 0 1 1 0 0 1 1 1 0 1 0 0 1 1 0 0 1 1 1 0 1 0 0 1 1 0 0 1 1 1 0 1 0 0 1 1 0 0 1 1 1 1 0 1 0 0 1 1 1 0 1 1 1 0 1 0 0 1 1 0 0 1 1 1 0 1 0 0 1 1 0 0 1 1 1 0 1 0 0 1 1 0 0 1 1 1 0 1 0 0 1 1 0 0 1 1 1 0 1 0 0 1 1 0 0 1 1 1 0 1 0 0 1 1 0 0 1 1 1 0 1 0 0 1 1 0 0 1 1 1 0 1 0 0 1 1 0 0 1 1 1 0 1 0 0 1 1 0 0 1 1 1 0 1 0 0 1 1 0 0 1
0 1 1 0 0 0 1 1 0 1 1 0 1 1 0 0 0 1 1 0 1 1 0 1 1 0 0 0 1 1 0 1 1 0 1 1 0 0 0 1 1 0 1 1 0 1 1 0 0 0 1 1 0 1 1 0 1 1 0 0 0 1 1 0 1 1 0 1 1 0 0 0 1 1 0 1 1 0 1 1 0 0 0 1 1 0 1 1 0 1 1 0 0 0 1 1 0 1 1 0 1 1 0 0 0 1 1 0 1 1 0 1 1 0 0 0 1 1 0 1 1 0 0 1 1 0 0 0 1 1 0 1 1 0 1 1 0 0 0 1 1 0 1 1 0 1 1 0 0 0 1 1 0 1 1 0 1 1 0 0 0 1 1 0 1 1 0 1 1 0 0 0 1 1 0 1 1 0 1 1 0 0 0 1 1 0 1 1 0 1 1 0 0 0 1 1 0 1 1 0 1 1 0 0 0 1 1 0 1 1 0 1 1 0 0 0 1 1 0 1 1 0 1 1 0 0 0 1 1 0 1 1 0 1 1 0 0 0 1 1 0 1 1 0
1 0 1 0 0 1 1 0 1 0 1 1 0 1 0 0 1 1 0 1 0 1 1 0 1 0 0 1 1 0 1 0 1 1 0 1 0 0 1 1 0 1 0 1 1 0 1 0 0 1 1 0 1 0 1 1 0 1 0 0 1 1 0 1 0 1 1 0 1 0 0 1 1 0 1 0 1 1 0 1 0 0 1 1 0 1 0 1 1 0 1 0 0 1 1 0 1 0 1 1 0 1 0 0 1 1 0 1 0 1 1 0 1 0 0 1 1 0 1 0 1 1 1 0 1 0 0 1 1 0 1 0 1 1 0 1 0 0 1 1 0 1 0 1 1 0 1 0 0 1 1 0 1 0 1 1 0 1 0 0 1 1 0 1 0 1 1 0 1 0 0 1 1 0 1 0 1 1 0 1 0 0 1 1 0 1 0 1 1 0 1 0 0 1 1 0 1 0 1 1 0 1 0 0 1 1 0 1 0 1 1 0 1 0 0 1 1 0 1 0 1 1 0 1 0 0 1 1 0 1 0 1 1 0 1 0 0 1 1 0 1 0 1 1
1 0 0 0 1 1 1 1 0 0 0 1 0 0 0 1 1 1 1 0 1 0 1 0 0 0 1 1 1 1 0 1 0 1 0 0 0 1 1 1 1 0 1 0 1 0 0 0 1 1 1 1 0 1 0 1 0 0 0 1 1 1 1 0 1 0 1 0 0 0 1 1 1 1 0 1 0 1 0 0 0 1 1 1 1 0 1 0 1 0 0 0 1 1 1 1 0 1 0 1 0 0 0 1 1 1 1 0 1 0 1 0 0 0 1 1 1 1 0 1 0 0 1 0 0 0 1 1 1 1 0 0 0 1 0 0 0 1 1 1 1 0 1 0 1 0 0 0 1 1 1 1 0 1 0 1 0 0 0 1 1 1 1 0 1 0 1 0 0 0 1 1 1 1 0 1 0 1 0 0 0 1 1 1 1 0 1 0 1 0 0 0 1 1 1 1 0 1 0 1 0 0 0 1 1 1 1 0 1 0 1 0 0 0 1 1 1 1 0 1 0 1 0 0 0 1 1 1 1 0 1 0 1 0 0 0 1 1 1 1 0 1 0 0
1 0 1 1 1 0 0 0 0 0 1 1 0 1 1 1 0 0 0 0 1 1 1 0 1 1 1 0 0 0 0 1 1 1 0 1 1 1 0 0 0 0 1 1 1 0 1 1 1 0 0 0 0 1 1 1 0 1 1 1 0 0 0 0 1 1 1 0 1 1 1 0 0 0 0 1 1 1 0 1 1 1 0 0 0 0 1 1 1 0 1 1 1 0 0 0 0 1 1 1 0 1 1 1 0 0 0 0 1 1 1 0 1 1 1 0 0 0 0 1 1 0 1 0 1 1 1 0 0 0 0 0 1 1 0 1 1 1 0 0 0 0 1 1 1 0 1 1 1 0 0 0 0 1 1 1 0 1 1 1 0 0 0 0 1 1 1 0 1 1 1 0 0 0 0 1 1 1 0 1 1 1 0 0 0 0 1 1 1 0 1 1 1 0 0 0 0 1 1 1 0 1 1 1 0 0 0 0 1 1 1 0 1 1 1 0 0 0 0 1 1 1 0 1 1 1 0 0 0 0 1 1 1 0 1 1 1 0 0 0 0 1 1 0
1 1 0 1 0 0 1 0 1 1 0 1 1 0 1 0 0 1 0 1 1 0 1 1 0 1 0 0 1 0 1 1 0 1 1 0 1 0 0 1 0 1 1 0 1 1 0 1 0 0 1 0 1 1 0 1 1 0 1 0 0 1 0 1 1 0 1 1 0 1 0 0 1 0 1 1 0 1 1 0 1 0 0 1 0 1 1 0 1 1 0 1 0 0 1 0 1 1 0 1 1 0 1 0 0 1 0 1 1 0 1 1 0 1 0 0 1 0 1 1 0 0 1 1 0 1 0 0 1 0 1 1 0 1 1 0 1 0 0 1 0 1 1 0 1 1 0 1 0 0 1 0 1 1 0 1 1 0 1 0 0 1 0 1 1 0 1 1 0 1 0 0 1 0 1 1 0 1 1 0 1 0 0 1 0 1 1 0 1 1 0 1 0 0 1 0 1 1 0 1 1 0 1 0 0 1 0 1 1 0 1 1 0 1 0 0 1 0 1 1 0 1 1 0 1 0 0 1 0 1 1 0 1 1 0 1 0 0 1 0 1 1 0 0
0 1 0 0 1 1 0 0 1 1 1 0 1 0 0 1 1 0 0 1 1 1 0 1 0 0 1 1 0 0 1 1 1 0 1 0 0 1 1 0 0 1 1 1 0 1 0 0 1 1 0 0 1 1 1 0 1 0 0 1 1 0 0 1 1 1 0 1 0 0 1 1 0 0 1 1 1 0 1 0 0 1 1 0 0 1 1 1 0 1 0 0 1 1 0 0 1 1 1 0 1 0 0 1 1 0 0 1 1 1 0 1 0 0 1 1 0 0 1 1 1 0 0 1 0 0 1 1 0 0 1 1 1 0 1 0 0 1 1 0 0 1 1 1 0 1 0 0 1 1 0 0 1 1 1 0 1 0 0 1 1 0 0 1 1 1 0 1 0 0 1 1 0 0 1 1 1 0 1 0 0 1 1 0 0 1 1 1 0 1 0 0 1 1 0 0 1 1 1 0 1 0 0 1 1 0 0 1 1 1 0 1 0 0 1 1 0 0 1 1 1 0 1 0 0 1 1 0 0 1 1 1 0 1 0 0 1 1 0 0 1 1 1 0
0 0 1 1 0 1 0 1 1 0 0 0 0 1 1 0 1 0 1 1 1 0 0 0 1 1 0 1 0 1 1 1 0 0 0 1 1 0 1 0 1 1 1 0 0 0 1 1 0 1 0 1 1 1 0 0 0 1 1 0 1 0 1 1 1 0 0 0 1 1 0 1 0 1 1 1 0 0 0 1 1 0 1 0 1 1 1 0 0 0 1 1 0 1 0 1 1 1 0 0 0 1 1 0 1 0 1 1 1 0 0 0 1 1 0 1 0 1 1 1 0 0 0 0 1 1 0 1 0 1 1 0 0 0 0 1 1 0 1 0 1 1 1 0 0 0 1 1 0 1 0 1 1 1 0 0 0 1 1 0 1 0 1 1 1 0 0 0 1 1 0 1 0 1 1 1 0 0 0 1 1 0 1 0 1 1 1 0 0 0 1 1 0 1 0 1 1 1 0 0 0 1 1 0 1 0 1 1 1 0 0 0 1 1 0 1 0 1 1 1 0 0 0 1 1 0 1 0 1 1 1 0 0 0 1 1 0 1 0 1 1 1 0 0
0 1 1 1 1 1 1 0 0 0 0 0 1 1 1 1 1 1 0 0 0 0 0 1 1 1 1 1 1 0 0 0 0 0 1 1 1 1 1 1 0 0 0 0 0 1 1 1 1 1 1 0 0 0 0 0 1 1 1 1 1 1 0 0 0 0 0 1 1 1 1 1 1 0 0 0 0 0 1 1 1 1 1 1 0 0 0 0 0 1 1 1 1 1 1 0 0 0 0 0 1 1 1 1 1 1 0 0 0 0 0 1 1 1 1 1 1 0 0 0 0 1 0 1 1 1 1 1 1 0 0 0 0 0 1 1 1 1 1 1 0 0 0 0 0 1 1 1 1 1 1 0 0 0 0 0 1 1 1 1 1 1 0 0 0 0 0 1 1 1 1 1 1 0 0 0 0 0 1 1 1 1 1 1 0 0 0 0 0 1 1 1 1 1 1 0 0 0 0 0 1 1 1 1 1 1 0 0 0 0 0 1 1 1 1 1 1 0 0 0 0 0 1 1 1 1 1 1 0 0 0 0 0 1 1 1 1 1 1 0 0 0 0 1
0 0 1 1 0 1 0 0 0 1 0 1 0 1 0 1 0 1 0 0 1 1 1 0 1 1 0 0 0 1 1 1 0 0 0 1 0 0 1 1 0 1 0 0 0 0 0 1 1 1 1 1 0 0 0 0 0 1 1 1 1 1 0 0 0 0 0 0 1 1 1 1 0 0 0 0 1 0 0 1 1 1 0 1 0 0 1 0 0 0 1 1 1 0 1 1 1 0 0 0 0 1 0 1 1 1 1 0 0 0 0 0 1 1 1 1 1 0 0 0 0 1 0 0 1 1 0 1 0 0 0 1 0 1 0 1 0 1 0 1 0 0 1 1 1 0 1 1 0 0 0 1 1 1 0 0 0 1 0 0 1 1 1 1 0 0 0 0 0 1 1 1 1 1 0 0 0 0 0 1 1 1 1 1 0 0 0 0 0 0 1 1 1 1 0 0 0 0 1 0 0 1 1 1 0 1 0 0 1 0 0 0 1 1 1 0 1 1 1 0 0 0 0 1 0 1 1 1 1 0 0 0 0 0 1 1 1 1 1 0 0 0 0 1
1 1 1 1 1 1 1 1 1 1 1 1 1 1 1 1 1 1 1 1 1 1 1 1 1 1 1 1 1 1 1 1 1 1 1 1 1 1 1 1 1 1 1 1 1 1 1 1 1 1 1 1 1 1 1 1 1 1 1 1 1 1 1 1 1 1 1 1 1 1 0 0 0 0 0 0 0 0 0 0 0 0 0 0 0 0 0 0 0 0 0 0 0 0 0 0 0 0 0 0 0 0 0 0 0 0 0 0 0 0 0 0 0 0 0 0 0 0 0 0 0 0 0 0 0 0 0 0 0 0 0 0 0 0 0 0 0 0 0 0 0 0 0 0 0 0 0 0 0 0 0 0 0 0 0 0 0 0 0 0 0 0 0 0 0 0 0 0 0 0 0 0 0 0 0 0 0 0 0 0 0 0 0 0 0 0 0 0 0 0 0 0 1 1 1 1 1 1 1 1 1 1 1 1 1 1 1 1 1 1 1 1 1 1 1 1 1 1 1 1 1 1 1 1 1 1 1 1 1 1 1 1 1 1 1 1 1 1 1 1 1 1 1 1
1 1 1 1 1 1 1 1 1 1 1 1 1 1 1 1 1 1 1 1 1 1 1 1 1 1 1 1 1 1 1 1 1 1 1 0 0 0 0 0 0 0 0 0 0 0 0 0 0 0 0 0 0 0 0 0 0 0 0 0 0 0 0 0 0 0 0 0 0 0 1 1 1 1 1 1 1 1 1 1 1 1 1 1 1 1 1 1 1 1 1 1 1 1 1 1 1 1 1 1 1 1 1 1 1 0 0 0 0 0 0 0 0 0 0 0 0 0 0 0 0 0 0 0 0 0 0 0 0 0 0 0 0 0 0 0 0 0 0 0 0 0 0 0 0 0 0 0 0 0 0 0 0 0 0 0 0 1 1 1 1 1 1 1 1 1 1 1 1 1 1 1 1 1 1 1 1 1 1 1 1 1 1 1 1 1 1 1 1 1 1 1 0 0 0 0 0 0 0 0 0 0 0 0 0 0 0 0 0 0 0 0 0 0 0 0 0 0 0 0 0 0 0 0 0 0 0 1 1 1 1 1 1 1 1 1 1 1 1 1 1 1 1 1
1 1 1 1 1 1 1 1 1 1 1 1 1 1 1 0 0 0 0 0 0 0 0 0 0 0 0 0 0 0 0 0 0 0 0 1 1 1 1 1 1 1 1 1 1 1 1 1 1 1 1 1 1 1 1 0 0 0 0 0 0 0 0 0 0 0 0 0 0 0 1 1 1 1 1 1 1 1 1 1 1 1 1 1 1 1 1 1 1 1 0 0 0 0 0 0 0 0 0 0 0 0 0 0 0 1 1 1 1 1 1 1 1 1 1 1 1 1 1 1 0 0 0 0 0 0 0 0 0 0 0 0 0 0 0 0 0 1 1 1 1 1 1 1 1 1 1 1 1 1 1 1 1 1 1 1 1 0 0 0 0 0 0 0 0 0 0 0 0 0 0 0 0 0 0 0 0 1 1 1 1 1 1 1 1 1 1 1 1 1 1 1 0 0 0 0 0 0 0 0 0 0 0 0 0 0 0 0 0 0 0 0 1 1 1 1 1 1 1 1 1 1 1 1 1 1 1 0 0 0 0 0 0 0 0 0 0 0 0 0 0 0 1 1
1 1 1 1 1 0 0 0 0 0 0 0 0 0 0 1 1 1 1 1 1 1 1 1 1 0 0 0 0 0 0 0 0 0 0 1 1 1 1 1 1 1 1 1 1 0 0 0 0 0 0 0 0 0 0 1 1 1 1 1 1 1 1 1 1 0 0 0 0 0 1 1 1 1 1 1 1 1 1 1 0 0 0 0 0 0 0 0 0 0 1 1 1 1 1 1 1 1 1 1 0 0 0 0 0 1 1 1 1 1 1 1 1 1 1 0 0 0 0 0 1 1 0 0 0 0 0 1 1 1 1 1 1 1 1 1 1 0 0 0 0 0 0 0 0 0 0 1 1 1 1 1 1 1 1 1 1 0 0 0 0 0 0 0 0 0 0 1 1 1 1 1 1 1 1 1 1 0 0 0 0 0 0 0 0 0 0 1 1 1 1 1 0 0 0 0 0 0 0 0 0 0 1 1 1 1 1 1 1 1 1 1 0 0 0 0 0 0 0 0 0 0 1 1 1 1 1 0 0 0 0 0 0 0 0 0 0 1 1 1 1 1 0 0
1 0 0 0 0 1 1 1 1 0 0 0 0 0 0 1 1 1 1 0 0 0 0 0 0 1 1 1 1 1 1 0 0 0 0 1 1 1 1 0 0 0 0 0 0 1 1 1 1 1 1 0 0 0 0 1 1 1 1 1 1 0 0 0 0 1 1 1 1 0 1 1 1 1 0 0 0 0 0 0 1 1 1 1 1 1 0 0 0 0 1 1 1 1 1 1 0 0 0 0 1 1 1 1 0 1 1 1 1 1 1 0 0 0 0 1 1 1 1 0 1 1 0 1 1 1 1 0 0 0 0 1 1 1 1 1 1 0 0 0 0 1 1 1 1 1 1 0 0 0 0 0 0 1 1 1 1 0 0 0 0 1 1 1 1 1 1 0 0 0 0 0 0 1 1 1 1 0 0 0 0 0 0 1 1 1 1 0 0 0 0 1 0 0 0 0 1 1 1 1 1 1 0 0 0 0 0 0 1 1 1 1 0 0 0 0 0 0 1 1 1 1 0 0 0 0 1 0 0 0 0 0 0 1 1 1 1 0 0 0 0 1 0 0
0 1 0 0 0 1 0 0 0 1 1 1 0 0 0 1 0 0 0 1 1 1 0 0 0 1 1 1 0 0 0 1 1 1 0 1 0 0 0 1 1 1 0 0 0 1 1 1 0 0 0 1 1 1 0 1 1 1 0 0 0 1 1 1 0 1 1 1 0 1 1 0 0 0 1 1 1 0 0 0 1 1 1 0 0 0 1 1 1 0 1 1 1 0 0 0 1 1 1 0 1 1 1 0 1 1 1 1 0 0 0 1 1 1 0 1 1 1 0 1 1 1 1 0 1 1 1 0 1 1 1 0 0 0 1 1 1 0 1 1 1 0 0 0 1 1 1 0 0 0 1 1 1 0 0 0 1 0 1 1 1 0 0 0 1 1 1 0 0 0 1 1 1 0 0 0 1 0 0 0 1 1 1 0 0 0 1 0 0 0 1 0 0 1 1 1 0 0 0 1 1 1 0 0 0 1 1 1 0 0 0 1 0 0 0 1 1 1 0 0 0 1 0 0 0 1 0 0 0 0 1 1 1 0 0 0 1 0 0 0 1 0 0 0
0 0 1 0 0 0 1 0 0 1 0 0 1 1 0 0 1 0 0 1 0 0 1 1 0 1 0 0 1 1 0 1 1 0 1 0 1 0 0 1 0 0 1 1 0 1 0 0 1 1 0 1 1 0 1 1 0 0 1 1 0 1 1 0 1 1 1 0 1 1 0 1 0 0 1 0 0 1 1 0 1 0 0 1 1 0 1 1 0 1 1 0 0 1 1 0 1 1 0 1 1 1 0 1 1 1 0 0 1 1 0 1 1 0 1 1 1 0 1 1 1 1 1 1 0 1 1 1 0 1 1 0 1 1 0 0 1 1 0 1 1 0 1 1 0 0 1 0 1 1 0 0 1 0 0 1 0 1 0 1 1 0 1 1 0 0 1 0 1 1 0 0 1 0 0 1 0 0 1 1 0 0 1 0 0 1 0 0 0 1 0 0 1 0 1 1 0 1 1 0 0 1 0 1 1 0 0 1 0 0 1 0 0 1 1 0 0 1 0 0 1 0 0 0 1 0 0 0 1 1 0 0 1 0 0 1 0 0 0 1 0 0 0 0
0 0 0 1 0 0 0 1 0 0 1 0 1 0 1 0 0 1 0 0 1 0 1 0 1 0 1 0 1 0 1 1 0 1 1 0 0 1 0 0 1 0 1 0 1 0 1 0 1 0 1 1 0 1 1 0 1 0 1 0 1 1 0 1 1 1 0 1 1 1 0 0 1 0 0 1 0 1 0 1 0 1 0 1 0 1 1 0 1 1 0 1 0 1 0 1 1 0 1 1 1 0 1 1 1 0 1 0 1 0 1 1 0 1 1 1 0 1 1 1 1 0 1 1 1 0 1 1 1 0 1 1 0 1 0 1 0 1 1 0 1 1 0 1 0 1 0 1 0 1 0 1 0 0 1 0 0 1 1 0 1 1 0 1 0 1 0 1 0 1 0 1 0 0 1 0 0 1 0 1 0 1 0 0 1 0 0 0 1 0 0 0 1 1 0 1 1 0 1 0 1 0 1 0 1 0 1 0 0 1 0 0 1 0 1 0 1 0 0 1 0 0 0 1 0 0 0 1 0 1 0 1 0 0 1 0 0 0 1 0 0 0 0 1
0 0 0 0 1 0 0 0 1 0 0 1 0 1 1 0 0 0 1 0 0 1 0 1 1 0 0 1 0 1 1 0 1 1 1 0 0 0 1 0 0 1 0 1 1 0 0 1 0 1 1 0 1 1 1 0 0 1 0 1 1 0 1 1 1 0 1 1 1 1 0 0 0 1 0 0 1 0 1 1 0 0 1 0 1 1 0 1 1 1 0 0 1 0 1 1 0 1 1 1 0 1 1 1 1 0 0 1 0 1 1 0 1 1 1 0 1 1 1 1 0 1 1 1 1 1 0 1 1 1 0 1 1 0 1 0 0 1 1 1 0 1 1 0 1 0 0 1 1 0 1 0 0 1 0 0 0 1 1 1 0 1 1 0 1 0 0 1 1 0 1 0 0 1 0 0 0 1 1 0 1 0 0 1 0 0 0 1 0 0 0 0 1 1 1 0 1 1 0 1 0 0 1 1 0 1 0 0 1 0 0 0 1 1 0 1 0 0 1 0 0 0 1 0 0 0 0 1 1 0 1 0 0 1 0 0 0 1 0 0 0 0 1 0
0 0 0 0 0 0 0 0 0 0 0 0 0 0 0 0 0 0 0 0 0 0 0 0 0 0 0 0 0 0 0 0 0 0 0 0 0 0 0 0 0 0 0 0 0 0 0 0 0 0 0 0 0 0 0 0 0 0 0 0 0 0 0 0 0 0 0 0 0 0 0 0 0 0 0 0 0 0 0 0 0 0 0 0 0 0 0 0 0 0 0 0 0 0 0 0 0 0 0 0 0 0 0 0 0 0 0 0 0 0 0 0 0 0 0 0 0 0 0 0 0 0 1 1 1 1 1 1 1 1 1 1 1 1 1 1 1 1 1 1 1 1 1 1 1 1 1 1 1 1 1 1 1 1 1 1 1 1 1 1 1 1 1 1 1 1 1 1 1 1 1 1 1 1 1 1 1 1 1 1 1 1 1 1 1 1 1 1 1 1 1 1 1 1 1 1 1 1 1 1 1 1 1 1 1 1 1 1 1 1 1 1 1 1 1 1 1 1 1 1 1 1 1 1 1 1 1 1 1 1 1 1 1 1 1 1 1 1 1 1 1 1 1 1
C Elapsed Time 0.730000 
