38 141 2^141 3
0 1 0 0 0 0 1 0 0 0 0 0 0 1 1 0 0 1 0 0 1 1 1 1 1 0 0 0 1 1 1 0 1 0 0 0 0 1 0 0 1 0 0 1 1 1 1 1 1 1 0 0 0 1 1 1 1 0 0 0 1 0 0 0 1 1 0 1 0 1 0 0 0 0 0 1 0 1 0 0 1 1 1 1 1 1 0 0 1 1 0 1 0 0 0 1 1 1 0 1 0 1 0 0 0 1 0 0 0 0 0 0 0 0 1 1 1 0 1 1 0 0 0 1 0 0 1 0 1 0 1 0 1 0 0 0 1 0 0 1 1
1 1 1 0 0 1 1 1 0 0 1 0 1 0 0 1 1 1 0 1 0 1 1 1 1 0 1 1 0 1 0 1 0 1 1 0 1 0 0 1 1 0 0 0 0 1 1 1 0 1 1 1 1 1 0 0 1 0 0 1 1 0 1 1 0 0 0 1 0 0 0 0 1 1 1 1 0 0 0 1 0 0 1 1 1 0 0 1 0 0 0 1 1 0 1 0 0 0 1 1 0 0 1 0 0 0 1 1 1 0 1 0 0 0 1 0 1 0 1 1 0 1 0 1 1 1 1 0 0 1 1 0 1 0 1 0 1 1 0 1 0
1 1 0 1 1 0 0 0 1 0 0 1 0 1 1 0 0 0 1 1 0 0 0 0 0 1 1 0 0 0 0 1 1 0 0 1 0 1 1 1 1 1 1 1 0 0 0 0 0 1 0 0 1 1 1 0 0 1 0 0 1 0 0 0 0 0 0 1 0 1 0 1 0 0 1 0 1 0 0 0 0 1 0 1 0 0 1 0 1 1 0 0 0 0 1 1 0 1 1 0 1 1 1 0 1 1 0 0 1 0 1 0 0 0 1 0 0 1 1 0 0 1 0 1 1 0 0 0 0 0 1 1 0 0 0 0 1 0 1 0 0
1 1 0 1 0 0 1 1 0 0 0 0 1 1 0 0 1 1 1 0 0 1 1 0 0 0 0 1 1 0 1 1 0 0 0 1 1 1 1 0 1 0 1 0 0 1 0 1 0 0 0 1 0 0 1 1 0 1 1 1 1 1 0 1 0 0 1 0 1 0 1 0 0 0 0 1 0 1 0 0 1 0 0 1 1 1 0 1 0 1 1 1 1 1 1 1 1 0 0 0 0 0 1 1 0 0 0 1 1 0 0 1 0 1 1 1 0 1 0 1 1 1 1 1 1 1 0 1 1 0 0 0 1 1 1 0 1 0 0 0 1
0 0 0 0 1 1 1 0 0 0 0 1 1 0 1 0 0 0 0 1 0 0 1 0 1 0 1 1 1 0 1 0 0 0 1 0 1 0 0 1 0 0 0 1 0 1 0 0 0 1 1 0 1 1 0 1 0 0 1 1 1 1 1 0 0 0 1 1 1 0 1 1 1 0 1 1 0 1 0 1 1 0 1 1 0 1 0 1 1 0 1 1 1 1 0 0 1 1 1 1 1 0 0 1 1 1 0 0 0 0 1 1 0 1 0 1 0 0 1 0 1 0 1 0 0 0 1 1 1 1 1 1 0 1 0 0 0 0 1 1 1
0 0 1 0 1 0 0 1 1 0 1 1 0 0 1 1 1 0 0 0 0 1 0 1 0 1 0 0 1 1 0 0 1 1 0 0 0 0 0 0 0 1 0 1 0 0 1 1 0 0 0 1 0 0 0 0 1 0 1 0 1 1 0 1 0 0 1 0 0 1 0 1 0 1 0 0 1 0 0 0 0 1 0 1 1 1 1 0 1 0 0 0 0 0 0 0 1 1 0 0 1 1 0 0 1 1 1 1 0 0 0 0 0 0 0 0 1 0 0 1 1 0 1 0 0 1 0 1 1 0 0 1 1 1 1 0 0 1 1 0 1
0 0 1 1 0 1 0 0 1 0 1 0 0 1 0 1 0 0 1 0 0 0 0 1 1 1 0 0 0 1 1 0 1 1 1 1 0 1 1 0 0 1 1 0 0 0 1 0 0 0 1 0 0 0 1 1 1 1 0 0 1 0 1 0 0 0 0 0 1 1 1 0 1 1 0 0 1 1 0 1 1 1 1 1 0 0 1 0 0 1 1 0 0 1 0 1 0 0 0 1 0 1 0 1 0 0 1 0 0 0 0 1 0 1 0 1 1 1 0 0 0 0 0 0 0 0 1 0 0 1 0 0 0 0 0 0 0 1 0 1 0
0 1 1 1 1 1 0 1 1 1 1 1 1 1 1 0 1 0 0 1 1 1 1 0 1 1 1 1 1 1 1 1 1 1 1 1 1 1 1 0 1 1 0 1 0 1 1 1 1 1 1 1 1 1 1 1 1 1 0 1 1 1 1 1 1 1 1 0 0 1 1 1 0 1 1 1 1 1 1 1 1 0 0 0 0 0 1 0 1 1 1 1 1 0 1 1 1 0 1 1 1 1 1 1 1 0 1 0 0 1 1 1 1 1 1 1 1 1 1 1 1 1 1 1 1 1 1 1 1 1 1 1 1 1 1 1 1 1 1 1 1
0 0 0 0 1 1 0 1 0 0 0 0 0 1 0 1 0 1 0 1 1 0 0 0 1 0 0 1 0 1 0 1 0 1 0 1 1 0 1 1 1 0 1 1 1 0 0 0 0 0 0 1 0 1 1 1 1 1 1 0 1 0 1 1 0 0 0 0 0 1 1 0 0 0 1 1 0 1 0 0 0 0 1 0 1 0 1 0 1 0 1 0 1 1 1 0 1 0 1 0 0 1 0 1 0 1 1 0 1 1 0 0 1 0 0 0 0 0 0 1 1 0 0 1 0 1 1 0 1 0 1 1 0 1 0 1 1 1 1 1 1
1 0 1 1 1 0 1 1 1 0 0 0 1 1 1 0 0 0 1 0 1 1 0 1 0 0 0 0 1 0 0 0 0 1 0 0 1 0 0 0 0 0 0 0 0 1 0 1 0 0 1 0 1 0 0 1 0 1 0 0 0 0 1 1 0 1 0 1 1 1 0 1 1 0 1 1 1 0 1 0 0 1 0 1 0 1 0 1 0 0 0 0 0 0 0 0 1 1 1 1 0 1 1 1 0 0 0 1 0 1 0 1 0 0 0 1 1 1 1 0 1 1 0 1 0 0 1 1 0 0 0 1 0 0 0 0 1 1 0 0 0
1 1 0 0 1 0 0 0 0 1 0 1 0 1 0 0 1 0 1 1 0 0 1 1 0 0 1 1 0 0 1 1 1 0 1 0 1 1 0 0 0 1 0 0 0 0 1 0 1 1 0 0 0 0 1 1 1 0 0 0 0 1 0 1 0 0 0 1 1 0 1 0 1 1 0 0 0 0 0 1 0 1 0 0 0 1 0 1 0 0 0 1 0 0 0 1 0 1 1 0 0 1 0 0 1 0 0 1 0 1 0 0 0 1 0 0 0 0 0 1 1 0 1 1 1 0 1 0 0 0 0 0 0 0 1 0 0 1 1 1 1
0 1 0 1 1 1 1 0 1 1 1 0 1 1 0 1 1 0 0 0 0 0 1 0 0 1 0 0 0 1 0 0 1 0 0 0 1 1 1 1 0 0 1 1 1 0 0 1 0 1 0 1 0 1 0 1 0 0 1 1 1 0 0 1 1 0 1 0 0 0 0 1 0 1 0 0 0 1 1 1 1 1 1 1 1 0 0 0 0 1 0 0 1 1 1 0 0 0 1 1 1 1 1 0 1 1 0 0 1 1 1 0 1 1 1 1 1 0 1 0 1 0 1 1 0 0 1 1 0 1 0 0 1 1 0 0 0 1 0 0 0
0 0 1 0 1 0 1 0 0 0 1 1 0 1 1 1 0 1 0 0 0 1 0 0 1 1 1 0 1 0 1 0 0 0 1 1 1 0 0 1 1 1 1 0 1 1 1 0 1 0 1 0 1 0 0 1 0 0 1 1 1 1 0 1 1 1 1 0 0 0 0 0 0 0 0 0 1 0 0 0 1 0 1 1 1 0 1 1 1 1 1 1 0 1 0 1 0 0 1 0 1 1 0 0 0 1 1 0 1 1 1 1 0 0 1 0 0 1 0 0 1 1 0 1 1 1 1 0 1 1 1 0 1 0 1 1 0 1 0 0 0
0 1 1 0 0 1 1 1 0 1 0 1 0 0 1 1 1 1 0 0 1 1 1 0 0 0 1 0 1 1 1 0 1 1 1 0 0 1 1 1 0 1 1 1 1 1 1 0 1 1 1 1 1 1 0 0 0 1 1 0 1 1 1 0 0 1 0 0 0 1 0 0 0 1 1 1 1 1 0 1 0 1 1 1 1 0 0 0 0 0 0 1 1 1 1 1 1 0 0 0 0 0 0 1 1 1 0 0 1 0 0 1 1 1 0 0 0 1 0 0 0 1 1 0 1 0 0 0 0 0 0 1 0 1 1 0 1 0 0 0 0
1 1 0 0 0 0 1 1 0 1 1 0 0 0 0 0 1 0 1 0 1 0 1 1 1 1 0 0 0 0 0 0 1 1 0 1 0 1 0 0 1 0 0 0 0 0 0 0 0 1 0 0 0 0 0 0 0 1 0 1 0 0 1 0 1 0 1 1 1 1 0 0 1 1 1 1 0 0 0 1 1 0 0 1 0 1 1 1 1 1 1 0 0 0 0 0 1 1 0 0 1 0 0 1 1 0 1 1 0 0 1 0 0 1 1 0 0 0 0 0 0 0 1 0 0 1 0 0 1 1 1 1 1 0 0 1 1 0 0 0 0
0 0 0 1 0 0 0 1 1 0 1 1 1 0 0 1 0 1 0 1 1 0 0 0 0 1 1 1 0 0 1 1 0 1 1 0 0 0 0 1 0 1 1 0 1 0 1 1 1 0 0 0 0 0 1 0 1 1 1 1 1 1 1 0 1 0 1 0 0 1 1 1 0 0 1 1 0 0 1 0 1 1 1 0 1 0 0 1 0 1 0 1 0 1 0 1 1 0 0 1 1 0 1 1 0 1 0 0 1 0 1 0 0 0 1 1 1 0 1 1 0 0 0 0 1 0 0 1 0 1 0 1 1 0 1 0 1 0 1 1 1
0 1 1 1 0 0 0 0 1 1 0 0 1 0 1 1 1 1 0 1 0 1 1 0 1 0 0 1 1 0 0 1 1 0 0 1 0 1 0 1 1 0 1 0 1 1 0 1 0 1 1 0 1 0 1 0 1 0 1 0 1 0 0 0 0 1 0 0 0 0 1 1 0 1 0 0 1 0 1 1 0 0 1 0 1 0 1 1 1 0 1 0 0 1 0 0 0 0 0 1 0 0 1 0 1 1 1 0 1 0 0 1 0 1 0 1 1 1 1 1 0 1 1 0 0 1 0 1 1 0 1 0 0 0 0 1 0 0 1 1 1
1 0 0 1 0 1 1 0 1 0 0 1 1 0 0 0 0 0 1 0 0 0 0 1 1 0 1 0 0 1 1 0 0 0 1 1 0 0 1 0 1 1 0 1 0 0 1 1 1 0 0 1 0 1 0 0 0 0 0 0 0 1 0 0 0 0 0 1 1 0 0 1 1 0 0 0 0 1 1 0 0 0 0 1 0 1 1 0 1 0 1 1 1 0 1 1 0 1 0 1 0 0 1 0 0 0 1 1 0 0 0 0 1 0 0 1 1 0 1 0 0 0 0 0 1 1 0 1 1 0 1 0 0 1 1 1 0 0 0 0 0
1 0 1 0 0 1 0 0 0 0 1 0 0 0 1 0 0 0 1 1 0 1 0 1 0 1 0 1 1 1 0 1 0 0 0 0 0 0 1 0 0 0 0 1 0 1 0 0 0 0 1 1 1 1 1 0 1 0 0 1 0 0 0 0 1 1 1 1 1 0 1 0 1 0 0 0 1 1 0 0 1 1 0 0 0 1 0 0 0 1 0 0 1 0 1 0 0 1 0 0 1 0 0 0 0 0 0 1 0 0 1 1 1 0 1 0 0 1 0 1 0 1 0 0 0 0 0 0 0 1 0 0 1 1 0 0 0 0 1 1 1
1 0 1 1 1 1 0 1 1 1 1 1 1 0 0 1 1 0 1 1 1 1 1 1 1 1 1 1 1 0 1 1 1 0 0 0 1 1 1 1 1 1 1 1 1 1 1 1 0 1 1 0 1 1 1 1 1 1 1 1 0 1 1 1 1 1 1 1 1 1 1 1 1 1 1 1 1 1 1 1 1 0 1 1 1 1 1 0 1 1 1 1 1 1 1 1 0 1 1 1 1 1 0 1 0 1 1 1 1 1 0 0 1 1 1 0 1 1 1 1 0 1 1 1 1 1 1 1 1 1 0 1 0 1 1 1 1 1 1 0 1
1 0 0 0 0 0 0 0 0 0 1 1 1 0 0 1 1 1 1 1 1 1 1 1 1 0 0 0 1 0 0 0 0 1 1 1 0 1 0 0 0 1 1 0 0 0 0 0 0 0 0 1 1 0 0 1 0 1 1 1 1 1 1 1 1 0 0 1 0 0 1 1 1 0 1 0 1 1 1 1 0 0 1 0 0 0 0 0 1 0 1 1 0 0 1 1 0 0 0 0 1 1 1 0 1 1 0 0 0 1 1 1 1 1 1 0 1 0 1 1 1 1 0 0 0 1 0 0 0 0 0 0 0 1 0 0 1 1 0 0 1
0 1 0 0 1 1 0 1 1 1 0 0 1 1 1 1 1 0 1 0 0 0 0 0 1 1 1 1 1 1 0 0 0 0 0 0 1 1 1 1 0 0 0 0 0 0 0 0 1 0 1 0 1 0 0 1 0 0 0 0 1 1 1 0 1 0 1 1 1 0 0 0 0 1 0 0 0 0 0 0 0 1 0 1 0 0 0 0 0 0 1 1 0 0 1 0 1 0 0 0 1 0 0 1 0 1 1 1 1 1 0 0 0 0 0 1 1 1 0 1 0 0 0 0 1 0 0 1 0 0 1 0 1 0 0 1 1 0 1 1 0
1 1 1 1 0 0 0 0 0 0 1 1 1 1 1 1 1 0 1 0 0 0 0 0 0 0 0 0 0 1 0 1 0 0 0 0 0 0 0 0 1 0 1 1 1 1 1 1 1 1 0 0 1 0 1 0 0 0 0 0 0 1 1 1 0 0 0 0 0 1 1 0 0 0 1 0 1 0 1 1 1 0 0 1 0 1 1 1 0 0 1 0 1 1 1 0 1 0 1 0 1 0 0 0 0 0 0 0 0 1 0 0 0 0 0 1 0 0 0 0 0 0 1 0 0 0 1 0 0 1 1 1 1 1 1 0 0 0 0 1 0
0 0 0 0 1 1 0 0 0 0 0 0 1 0 0 1 1 1 1 1 0 0 0 0 0 1 1 1 0 0 1 0 1 1 1 1 0 0 0 0 1 1 0 1 1 1 1 1 0 1 0 1 1 1 1 0 1 1 1 1 1 1 1 0 0 1 0 0 0 1 0 1 1 1 0 1 0 0 0 0 1 1 0 0 1 1 0 1 0 1 1 0 0 0 1 0 0 1 0 1 1 0 1 1 1 0 0 1 1 1 1 1 1 1 0 0 0 1 0 0 1 1 0 1 0 1 1 1 1 0 0 0 0 0 0 1 0 1 0 0 0
0 0 1 1 0 0 0 1 1 1 0 0 1 0 0 1 1 0 1 0 1 1 1 1 0 0 0 0 0 0 1 1 1 1 1 1 1 0 1 1 0 0 0 0 0 0 0 0 0 0 1 1 1 1 0 0 1 0 0 0 0 1 1 0 0 1 1 0 1 0 0 0 0 0 0 1 0 1 0 0 0 1 1 0 1 0 1 1 1 1 1 0 1 1 1 1 0 1 1 1 1 1 1 0 1 0 1 0 0 1 1 1 0 0 1 0 0 0 1 0 1 0 1 1 1 0 0 0 1 1 0 1 0 0 1 0 0 0 1 0 1
0 0 1 1 0 0 1 1 1 1 0 0 0 0 0 0 0 1 0 1 0 0 0 0 1 0 0 0 1 0 0 1 0 1 1 1 1 1 1 1 1 1 0 1 1 1 1 1 0 1 1 1 0 0 1 1 0 1 1 1 0 0 0 0 1 0 1 1 1 1 0 1 1 0 0 0 0 0 0 0 1 1 0 0 0 1 1 0 0 0 0 1 1 1 0 0 0 0 1 0 0 0 1 0 1 1 1 0 0 0 1 1 1 1 0 0 1 0 0 1 1 1 1 0 1 1 1 0 0 1 0 1 0 0 1 0 1 1 1 0 0
1 0 1 1 1 1 1 0 0 0 1 1 0 0 0 0 0 0 0 0 0 0 0 0 1 1 1 1 1 0 1 1 1 1 1 1 0 1 0 0 0 0 1 0 0 0 0 0 0 0 0 1 0 1 0 1 1 0 0 0 0 0 0 1 1 1 0 1 0 0 1 0 0 1 1 1 1 0 1 1 0 0 0 0 1 0 1 0 0 1 0 1 1 1 0 0 0 1 1 1 0 0 1 1 1 1 0 1 1 0 1 1 0 0 0 0 1 1 0 1 1 0 1 1 0 0 0 1 1 1 0 1 0 1 1 1 1 0 0 0 0
1 0 0 0 1 1 1 1 1 1 1 1 0 0 0 0 0 1 0 0 1 1 1 1 0 1 1 1 0 0 0 0 0 1 1 1 1 0 1 1 1 0 1 1 1 1 1 1 0 1 1 1 0 0 1 0 0 0 0 0 1 0 0 1 0 0 1 0 1 1 1 0 0 1 1 0 1 1 1 1 1 0 1 0 0 1 0 1 1 0 0 0 0 0 0 1 0 0 0 0 0 1 1 1 1 0 1 1 1 0 1 1 0 0 1 0 0 1 1 0 1 0 0 0 1 0 1 1 0 0 0 0 0 1 0 1 0 0 1 0 1
0 1 1 1 1 1 1 0 0 0 0 0 0 1 1 0 0 1 0 1 1 1 1 1 0 1 1 1 0 1 0 1 0 0 0 0 0 0 0 0 0 1 0 0 0 0 0 0 1 0 0 0 0 0 0 0 0 1 1 1 0 0 0 0 0 0 0 0 0 0 0 1 1 1 0 0 0 1 0 0 0 1 1 1 0 0 1 1 1 0 0 0 1 1 0 1 1 0 1 0 0 1 0 1 0 0 0 1 1 0 0 0 1 1 1 1 0 1 1 0 0 1 1 0 0 1 0 1 0 1 1 1 1 0 1 1 0 1 0 1 1
1 1 0 0 0 0 1 1 1 1 1 1 0 1 1 0 0 1 0 1 0 0 0 0 0 0 0 0 0 1 1 0 1 0 0 0 1 0 1 1 0 1 1 0 0 0 0 0 1 0 1 0 0 1 0 0 1 1 1 1 1 0 0 1 0 1 1 0 1 0 1 1 1 0 1 1 1 0 1 1 0 0 0 1 1 0 0 1 0 1 0 0 0 0 0 0 1 1 0 1 0 0 0 0 0 0 1 0 0 0 0 0 1 1 0 1 0 0 0 0 0 1 0 1 1 1 0 0 1 0 1 0 1 1 0 0 0 1 1 1 0
1 1 1 1 1 1 1 1 0 1 1 1 0 1 1 1 1 0 1 1 1 1 0 1 1 0 1 0 1 1 1 1 0 1 1 1 0 1 1 1 1 0 1 1 1 0 1 1 1 1 1 1 1 1 1 1 1 1 1 0 0 1 1 1 1 1 1 1 1 0 1 1 1 1 1 0 0 1 1 1 1 1 1 0 1 1 0 1 1 1 1 0 0 1 1 1 1 1 1 1 1 0 1 1 1 1 1 1 1 1 1 1 1 1 1 1 1 1 1 1 1 1 1 1 1 1 1 1 1 1 1 1 1 1 1 1 1 1 1 1 1
1 1 1 0 1 0 1 0 0 1 1 1 1 0 1 1 0 1 0 0 1 0 1 1 0 0 0 1 0 1 1 1 0 1 0 0 1 0 0 0 1 0 0 1 1 1 1 0 1 0 0 0 0 0 0 1 1 0 0 1 0 0 0 0 1 1 0 0 1 0 1 1 0 1 0 1 0 1 1 0 1 0 0 0 0 0 0 1 1 0 1 1 1 1 1 0 0 1 0 0 1 0 1 1 1 1 1 0 1 1 0 1 1 1 1 1 1 0 0 0 0 1 0 1 1 0 0 0 0 0 0 1 0 0 0 1 1 1 1 0 0
1 1 0 0 0 1 0 0 1 1 0 0 0 0 0 0 0 0 0 0 1 0 0 0 1 1 0 0 1 0 0 1 1 0 1 0 0 0 0 0 1 1 0 0 1 0 0 0 1 0 1 0 0 0 0 0 0 0 1 0 0 1 1 0 1 1 1 0 0 1 0 0 1 0 0 0 1 0 1 1 0 1 1 0 0 1 1 0 0 0 0 0 0 0 1 0 1 0 0 1 0 1 1 0 0 0 0 0 1 1 0 0 1 0 1 0 0 0 0 0 1 1 1 1 1 0 1 1 1 1 0 0 0 1 0 1 1 0 0 1 1
0 0 0 0 0 0 0 1 1 1 0 0 0 0 0 0 1 0 0 1 1 1 0 0 0 1 1 0 0 0 1 0 1 0 0 0 0 0 0 1 0 1 0 0 1 0 0 1 1 1 0 1 1 1 0 1 0 0 0 0 0 0 0 1 1 1 0 1 1 1 1 0 0 0 1 0 1 1 1 0 1 1 0 0 1 0 1 0 0 0 1 0 0 1 0 0 0 0 1 0 0 1 0 1 0 0 0 1 0 1 1 1 1 1 0 1 0 0 1 1 0 0 0 0 0 1 0 0 0 0 1 0 1 0 1 1 0 0 0 0 0
0 0 1 1 0 0 1 0 0 1 1 0 1 1 0 1 0 1 1 1 1 0 1 1 0 0 1 1 1 1 0 0 0 1 0 1 1 1 1 1 0 0 1 0 1 1 1 0 1 1 0 0 1 1 1 0 1 1 1 1 0 1 0 0 1 1 1 1 0 0 0 0 0 1 1 1 0 0 1 0 0 0 0 0 0 1 0 1 0 1 0 1 1 0 0 1 1 0 1 0 0 0 0 0 0 0 1 0 0 1 1 0 1 0 0 0 1 1 1 0 1 0 1 0 0 0 0 1 1 0 1 0 0 1 0 1 0 1 0 0 1
0 0 0 1 1 1 1 1 0 1 0 1 1 1 1 0 1 1 1 0 1 1 1 0 1 0 0 1 0 0 0 0 0 0 1 1 1 1 1 0 0 0 1 1 1 1 0 1 1 0 1 1 0 0 1 0 0 1 0 1 0 0 1 1 1 1 0 0 0 0 0 1 1 0 0 1 0 0 1 1 0 0 1 0 1 0 0 1 1 1 0 1 1 0 0 1 0 1 0 1 1 0 0 0 1 1 0 1 0 1 0 0 1 0 0 0 0 1 0 1 0 0 0 0 0 1 1 0 0 1 0 1 1 0 1 1 0 0 1 1 0
1 1 0 0 0 0 0 0 1 0 0 0 1 1 1 1 0 0 1 0 0 0 1 1 0 1 0 1 0 1 0 0 1 1 1 1 1 0 0 1 0 1 1 0 1 1 0 0 1 0 0 1 0 0 0 0 0 0 1 1 0 0 0 0 0 0 0 1 1 1 0 0 1 0 0 1 1 0 0 0 0 0 1 0 1 1 1 0 0 0 0 1 1 1 0 0 1 1 0 0 0 1 1 0 1 1 0 1 1 0 1 1 0 0 0 1 0 0 0 0 1 0 0 0 0 0 0 0 0 0 1 0 1 0 0 0 0 0 0 1 0
1 1 0 0 1 0 0 0 1 1 1 0 0 0 0 0 1 1 1 0 0 0 0 1 0 1 0 0 0 1 0 0 1 0 0 0 0 1 0 0 0 1 0 1 0 0 0 1 0 1 0 0 1 1 0 0 0 0 0 0 0 1 1 1 1 0 1 1 1 1 0 1 1 1 0 0 1 0 0 1 1 1 0 1 0 1 1 0 0 1 0 0 0 0 1 0 1 1 1 1 1 1 0 1 1 0 1 1 0 1 1 0 0 1 1 0 0 0 1 0 1 0 1 0 0 0 1 1 1 1 0 1 0 1 0 0 0 0 0 0 0
C Elapsed Time 424.690000 
