C kint 7711320 vt 8 
C Weight 0 -> 
C DEL VECTOR = 0 0 0 0 0 0 0 0 0 0 0 0 0 0 0 0 0 0 0 0 0 0 0 0 0 0 0 0 0 0 0 0 0 0 0 0 0 0 0 0 0 0 0 0 0 0 0 0 0 0 0 0 0 0 0 0 0 0 0 0 0 0 0 0 0 0 0 0 0 0 0 0 0 0 0 0 0 0 0 0 0 0 0 0 0 0 0 0 0 0 0 0 0 0 0 0 0 0 0 0 0 0 0 0 0 0 0 0 0 0 0 0 0 0 0 0 0 0 0 0 0 0 0 0 0 0 0 0 0 0 0 0 0 0 0 0 0 0 0 0 0 0 0 0 0 0 0 0 0 0 0 0 0 0 0 0 0 0 0 0 0 0 0 0 0 0 0 0 0 0 0 0 0 0 0 0 0 0 0 0 0 0 0 0 0 0 0 0 0 0 0 0 0 0 0 0 0 0 0 0 0 0 0 0 0 0 0 0 0 0 0 0 0 0 0 0 0 0 0 0 0 0 0 0 0 0 0 0 0 0 0 0 0 0 0 0 0 0 0 0 0 0 0 0 0 0 0 0 0 0 0 0 0 0 0 0 0 0 0 0 0 0 0 0 0 0 0 0 0 0 0 0 0 0 0 0 0 0 0 0 0 0 0 0 0 0 0 0 0 0 0 0 0 0 0 0 0 0 0 0 0 0 0 0 0 0 0 0 0 0 0 0 0 0 0 0 0 0 0 0 0 0 0 0 0 0 0 0 0 0 0 0 0 0 0 0 0 0 0 0 0 0 0 0 0 0 0 0 0 0 0 0 0 0 1 0 0 0 0 0 
C 
49 359 2^359 3
1 1 1 0 0 1 1 1 1 1 0 0 0 0 1 1 0 0 1 1 1 1 1 1 0 0 0 0 0 0 1 0 0 0 1 1 1 1 1 1 1 0 0 0 0 0 1 1 0 1 1 0 0 1 0 1 1 1 1 0 0 0 0 0 0 1 1 1 1 1 0 0 0 0 0 0 1 1 1 0 1 1 1 1 1 0 0 0 1 0 0 1 1 0 1 1 0 0 0 0 0 1 1 1 1 0 0 1 1 1 1 1 1 0 0 0 0 0 1 1 0 0 1 1 1 1 1 1 1 1 1 0 0 0 1 0 0 0 1 1 1 1 1 1 1 0 0 0 0 1 1 1 1 0 0 1 1 0 1 1 0 0 1 0 0 1 1 1 1 1 1 0 0 0 0 0 0 1 1 1 0 1 1 1 1 0 0 0 1 0 1 1 0 0 1 1 1 1 1 0 0 0 0 1 1 1 0 0 0 0 1 1 1 1 1 1 1 0 0 0 0 0 0 0 0 1 1 1 0 1 1 1 1 1 0 0 0 1 0 0 0 1 1 1 1 1 1 0 0 0 1 1 1 1 0 0 1 1 1 1 0 0 0 1 1 0 0 1 1 1 1 1 1 0 0 0 0 0 0 1 1 1 0 1 1 1 1 1 1 0 0 0 0 0 1 1 0 0 1 1 1 0 0 0 0 1 1 1 0 0 1 0 0 0 1 1 1 1 1 1 1 1 0 0 0 0 0 1 1 1 0 1 1 1 1 1 0 0 0 1 0 0 0 1 1 1 1 0 0 0 1 1 1 1 1 1 0 1 1 
0 0 1 1 1 1 0 0 1 1 1 1 0 0 1 0 1 1 1 1 0 1 0 1 0 0 1 1 1 0 0 1 1 1 1 0 1 0 0 1 1 0 1 1 0 0 1 0 1 1 1 0 0 0 1 1 1 0 0 1 0 0 0 1 1 1 0 1 0 1 0 0 1 1 1 0 0 1 0 1 0 1 1 0 0 1 0 0 0 1 1 1 0 0 0 1 0 0 1 1 1 0 1 0 0 1 1 0 1 0 0 1 1 0 1 1 0 0 1 0 1 1 1 1 0 1 0 1 1 0 0 1 0 0 0 1 1 1 1 0 1 0 0 1 1 0 1 1 0 1 0 1 1 1 0 1 0 1 1 1 0 0 0 1 1 1 1 0 1 0 1 0 0 1 1 1 0 0 1 0 1 0 1 1 0 1 0 0 0 1 1 0 1 1 1 1 0 1 0 0 0 1 1 0 0 0 0 1 1 1 1 0 1 0 0 1 1 0 1 1 0 0 1 1 0 0 1 0 1 0 1 1 0 0 1 0 0 0 1 1 1 1 0 1 0 0 1 0 1 1 1 1 0 1 1 0 0 0 1 1 1 0 0 1 0 1 1 1 1 0 1 0 1 0 0 1 1 1 0 0 1 0 1 0 1 1 0 1 1 0 1 1 0 0 1 0 1 1 1 1 0 0 0 1 1 1 0 0 0 0 0 1 1 1 1 0 1 0 0 1 0 1 0 1 1 1 0 0 1 0 1 0 1 1 0 0 1 0 0 0 1 1 1 1 0 1 0 0 1 1 0 1 0 0 1 1 0 0 1 
0 1 0 1 1 1 0 1 0 0 1 1 1 0 1 0 0 1 0 0 1 1 1 0 1 0 0 1 1 1 0 0 1 1 0 1 1 0 1 0 0 0 1 1 1 0 1 0 0 0 0 1 1 0 0 0 0 1 1 1 1 0 0 0 1 0 1 1 1 0 1 0 0 1 1 1 1 1 0 0 1 0 0 1 1 1 1 0 0 0 1 0 1 0 1 0 1 0 0 1 1 1 1 1 1 1 1 1 1 0 1 0 0 0 1 1 1 0 1 0 0 1 0 0 1 1 1 0 0 1 1 1 1 0 0 0 1 1 0 1 1 0 1 0 0 0 1 1 1 1 0 0 0 1 1 1 0 0 0 0 1 0 0 0 1 0 0 1 1 1 0 1 0 0 1 1 1 1 1 0 0 1 0 0 1 1 1 0 0 0 1 0 0 1 0 0 1 1 1 1 0 0 1 1 1 1 0 0 1 1 0 1 1 0 1 0 0 0 1 1 1 0 1 1 1 1 1 0 0 1 0 0 1 1 1 1 0 0 0 1 1 0 1 1 0 1 0 0 1 1 1 1 1 0 1 1 0 0 0 0 1 1 0 1 0 0 1 0 0 1 1 1 0 1 0 0 1 1 1 1 1 0 0 1 0 0 1 0 0 0 1 1 1 0 1 0 0 1 0 0 1 1 0 0 0 0 1 1 1 0 0 0 1 1 0 1 1 0 1 1 1 0 0 0 1 1 1 1 1 0 0 1 0 0 1 1 1 1 0 0 0 1 1 0 1 1 1 0 1 1 1 1 0 0 0 1 0 0 0 
1 1 0 1 1 0 1 1 0 1 1 1 0 1 0 1 0 1 0 1 0 0 1 0 0 1 0 1 1 0 1 0 1 1 1 0 0 1 1 0 1 1 1 1 0 1 0 1 0 0 1 0 0 1 0 0 1 0 1 1 0 1 1 0 1 1 0 0 1 0 0 1 0 1 1 0 0 0 1 0 1 0 1 0 1 1 0 1 1 0 1 1 0 1 1 0 0 1 0 1 1 0 0 1 1 1 1 0 0 1 1 0 1 1 1 1 0 1 0 1 0 1 0 1 0 0 1 0 1 0 1 1 0 1 1 0 1 1 1 0 0 1 1 0 1 1 1 1 0 0 1 0 0 1 0 0 1 0 1 1 0 1 1 0 1 0 1 0 0 1 0 0 1 0 1 1 0 0 0 1 0 1 0 1 0 1 0 1 1 0 0 1 0 1 0 1 0 0 1 0 1 0 1 0 0 1 1 0 1 1 1 0 0 1 1 0 1 1 1 1 0 1 1 1 0 0 0 1 0 1 0 1 0 1 1 0 1 1 0 1 1 1 0 0 1 1 0 1 1 1 0 0 1 0 1 0 1 1 0 1 1 0 1 0 1 0 1 0 1 0 0 1 0 0 1 0 1 1 0 0 0 1 0 1 0 1 1 0 1 1 1 1 0 1 0 1 0 1 0 1 0 0 1 0 0 1 0 1 0 1 1 0 1 1 1 0 0 1 0 0 1 0 1 0 1 1 0 0 0 1 0 1 0 1 0 1 1 0 1 1 0 1 1 1 0 0 1 1 1 1 0 0 1 0 0 0 0 0 1 
0 0 1 1 1 0 0 0 1 1 0 1 1 1 0 0 0 0 1 1 1 0 0 1 1 1 0 0 1 1 0 0 0 1 1 1 0 0 0 1 1 1 0 1 1 1 0 0 0 1 1 1 1 0 0 1 1 1 0 1 1 1 1 0 0 1 1 0 0 1 1 1 0 0 1 1 1 0 0 0 0 1 1 1 0 1 1 1 0 0 0 1 1 1 0 1 1 1 0 0 1 1 0 0 0 0 1 1 0 0 0 1 1 1 0 1 1 1 0 0 0 0 1 1 1 0 0 1 1 1 0 1 1 1 0 0 0 1 1 1 0 0 0 1 1 1 0 1 1 0 0 1 1 1 1 0 0 0 1 1 1 1 0 0 0 1 1 1 0 0 1 1 1 0 0 1 1 1 0 0 0 0 1 1 1 1 1 1 0 0 0 0 0 0 1 1 1 0 0 1 1 0 0 1 1 0 1 0 0 1 1 1 0 0 0 1 1 1 0 1 1 1 0 1 1 1 0 0 0 0 1 1 1 0 1 1 1 0 0 0 1 1 1 0 0 0 1 1 0 1 0 0 0 1 1 1 0 0 1 1 1 1 1 0 0 0 0 1 1 1 0 0 1 1 1 0 0 1 1 1 0 0 0 0 1 1 0 1 1 1 0 1 1 1 0 0 0 0 1 1 1 1 1 0 0 1 1 0 1 1 0 0 0 1 1 1 0 0 1 0 0 1 1 0 0 1 1 1 0 0 0 0 1 1 1 0 1 1 1 0 0 0 1 1 1 0 0 1 0 0 1 0 1 0 1 1 0 0 1 
1 0 0 1 1 1 1 0 0 0 0 1 0 1 1 1 1 0 0 0 1 1 0 0 0 1 1 0 1 0 1 1 0 1 0 1 1 1 0 0 0 1 0 1 0 1 1 1 1 0 0 0 0 1 1 0 0 1 0 1 0 1 1 1 0 0 1 1 0 0 0 1 1 0 1 0 1 1 1 1 0 0 0 1 0 1 0 1 1 1 0 0 1 1 0 0 0 1 1 0 1 1 1 0 0 0 1 1 1 1 0 0 0 1 0 1 0 1 1 1 1 0 0 0 1 1 0 0 0 1 0 1 0 1 1 1 0 1 0 1 1 1 0 0 0 1 0 1 0 1 1 0 0 1 0 1 1 1 0 0 0 1 1 1 0 0 0 1 1 0 0 0 1 1 0 1 0 1 1 1 1 0 0 0 1 1 0 1 1 1 1 1 1 0 0 0 1 1 0 0 1 1 0 1 1 0 1 1 0 1 0 1 1 1 0 0 0 1 0 1 0 1 0 1 0 1 1 1 1 0 0 0 1 0 1 0 1 1 1 0 1 0 1 1 1 0 0 1 0 1 1 1 0 0 1 0 1 1 0 0 1 0 1 1 1 1 0 0 0 1 1 0 0 0 1 1 0 1 0 1 1 1 1 0 0 0 0 0 0 1 0 1 0 1 1 1 1 0 0 0 1 0 1 1 1 0 1 0 0 1 1 1 0 1 0 1 1 1 1 1 0 0 1 1 0 1 0 1 1 1 1 0 0 0 1 0 1 0 1 1 1 0 1 0 1 1 0 1 0 0 1 1 1 0 1 1 0 0 1 
1 0 1 0 0 1 1 0 1 0 1 0 1 1 1 1 0 1 1 0 0 1 0 1 1 1 0 1 0 1 1 0 1 0 0 0 1 1 0 1 0 1 1 0 1 1 1 1 0 1 0 1 1 1 0 1 0 0 0 0 1 1 1 0 1 0 0 1 0 1 1 1 0 1 0 1 0 1 1 0 0 1 0 0 0 0 1 1 1 0 1 0 0 1 0 1 1 1 0 1 0 0 1 0 0 1 0 0 1 1 0 1 0 1 1 0 1 1 1 1 0 1 1 0 0 1 0 1 0 0 0 0 1 1 1 0 1 0 0 0 1 1 0 1 0 1 1 0 1 1 1 1 1 0 1 1 1 0 0 0 1 1 1 0 1 1 0 0 1 0 1 1 1 0 1 0 1 0 1 1 0 0 1 0 0 0 1 1 1 0 1 1 0 1 1 0 0 1 0 1 1 0 1 0 0 0 1 0 1 0 0 0 1 1 0 1 0 1 1 0 1 1 1 0 1 0 1 1 0 0 1 0 0 0 0 1 1 1 0 1 0 0 0 1 1 0 1 1 1 0 1 1 0 1 0 1 1 1 1 0 0 1 1 1 1 0 1 1 0 0 1 0 1 1 1 0 1 0 1 0 1 1 0 0 1 0 0 1 0 1 1 0 1 1 1 1 0 1 1 0 0 1 1 0 0 0 0 0 1 1 1 0 1 0 0 0 1 1 0 1 0 1 1 0 1 0 1 0 1 1 0 0 1 0 0 0 0 1 1 1 0 1 0 0 0 1 0 1 1 1 0 1 0 0 1 1 0 0 1 
1 1 1 1 1 0 1 1 1 0 0 1 1 0 0 1 1 0 1 0 0 0 1 1 1 0 1 0 1 1 1 1 0 1 0 0 0 1 1 1 0 0 0 1 1 0 0 1 1 1 0 1 1 1 1 1 0 0 1 1 1 0 0 1 0 0 0 0 1 1 1 0 1 0 1 1 0 0 1 1 1 1 0 0 1 1 1 0 1 1 0 0 0 0 1 1 1 0 1 0 1 0 0 1 1 0 1 0 0 1 1 1 0 0 0 1 1 0 0 1 1 0 1 0 0 0 1 1 0 0 1 1 1 0 1 1 0 1 0 0 0 1 1 1 0 0 0 1 1 0 1 1 1 1 1 0 1 1 0 0 1 0 1 1 0 1 0 0 0 1 1 1 0 1 0 1 1 0 0 1 1 1 1 0 0 1 1 0 1 1 0 1 1 0 1 0 0 0 1 1 0 1 0 0 0 1 0 1 0 1 0 0 0 1 1 1 0 0 0 1 1 0 0 1 1 0 0 1 1 1 1 0 0 1 1 1 0 1 1 0 1 0 0 0 1 1 1 0 0 1 0 0 1 1 1 1 1 1 1 0 1 1 0 0 1 1 0 1 0 0 0 1 1 1 0 1 0 1 1 0 0 1 1 1 1 0 1 1 0 0 0 1 1 0 0 1 1 0 1 0 0 1 0 1 1 0 0 1 1 0 1 1 0 1 0 0 0 1 0 0 1 1 0 1 0 1 1 0 0 1 1 1 1 0 0 1 1 1 0 1 1 0 1 0 0 0 1 0 0 0 0 0 1 0 1 1 1 0 1 
0 1 1 0 0 0 0 1 1 0 1 0 0 1 0 0 1 1 1 0 1 0 1 1 0 1 1 1 0 0 0 1 1 0 0 1 0 0 1 1 0 1 1 0 0 1 0 0 1 1 0 0 0 0 1 1 0 1 1 0 0 1 1 1 1 0 1 0 1 1 0 1 1 1 0 0 1 0 0 1 1 1 0 1 1 0 0 1 0 1 1 0 1 1 1 1 0 1 1 1 0 1 0 1 1 1 0 1 0 0 1 1 0 1 1 0 0 1 0 0 1 1 1 0 1 0 1 1 0 1 1 0 0 1 0 1 1 0 0 1 0 0 1 1 0 1 1 0 0 0 0 1 1 0 0 0 0 1 0 0 0 1 0 1 1 1 0 1 0 1 1 0 1 1 1 0 0 1 0 0 1 1 1 0 1 0 0 1 0 1 0 0 1 1 1 0 1 0 1 0 1 1 1 1 1 1 1 1 1 0 0 1 0 0 1 1 0 1 1 0 0 1 1 0 0 1 0 0 1 1 1 0 1 1 0 0 1 0 1 1 0 0 1 0 0 1 1 1 1 0 0 0 1 1 0 0 0 0 1 0 0 0 1 0 0 1 1 1 0 1 0 1 1 0 1 1 1 0 0 1 0 0 1 1 1 0 1 1 0 1 1 0 0 1 0 0 1 1 1 0 1 0 1 1 1 0 1 1 0 1 0 1 1 0 0 1 0 0 1 0 1 1 1 1 1 0 0 1 0 0 1 1 1 0 1 1 0 0 1 0 1 1 0 0 1 0 1 1 1 1 1 0 1 0 1 1 0 0 1 
0 1 0 0 0 1 0 1 0 1 0 0 1 1 1 0 1 0 0 1 0 1 1 0 1 1 1 0 0 1 0 1 0 0 1 0 1 0 1 0 1 1 0 0 1 1 1 0 1 0 1 1 1 0 1 0 1 0 1 0 1 1 1 1 0 1 0 1 1 0 1 1 1 0 0 1 0 1 0 1 1 0 1 0 1 0 1 1 0 1 0 1 0 1 1 0 1 1 1 0 0 0 1 1 1 0 0 0 1 0 1 0 1 1 0 0 1 1 1 0 1 0 0 1 0 1 1 0 1 0 1 0 1 1 0 1 0 0 1 0 1 0 1 0 1 1 0 0 1 1 0 0 0 0 1 1 0 1 1 1 1 1 0 1 0 0 1 0 1 1 0 1 1 1 0 0 1 0 1 0 1 1 0 1 0 0 1 1 0 1 1 0 1 0 0 1 0 1 1 1 1 1 0 0 0 1 1 1 0 0 1 0 1 0 1 0 1 1 0 0 1 1 0 0 1 0 1 0 1 1 0 1 0 1 0 1 1 0 1 0 0 1 0 1 0 1 0 1 0 0 1 1 1 0 0 1 0 0 0 1 0 1 1 1 0 1 0 0 1 0 1 1 0 1 1 1 0 0 1 0 1 0 1 1 0 1 1 0 1 1 0 0 1 1 1 0 1 0 0 1 0 1 1 1 1 1 0 1 1 1 0 1 0 0 1 0 1 0 0 1 1 0 1 1 0 0 1 0 1 0 1 1 0 1 0 1 0 1 1 0 1 0 0 1 0 1 1 1 0 0 0 1 1 0 1 1 0 0 1 
1 0 0 0 0 0 1 0 0 1 1 0 1 0 0 1 1 1 0 1 1 0 0 0 1 0 1 1 0 1 1 1 1 0 1 1 0 1 0 0 1 0 1 0 1 0 0 1 1 0 1 1 1 1 1 0 1 1 0 0 1 0 0 1 1 1 1 0 0 0 1 0 1 1 0 1 1 0 1 1 0 0 1 1 0 0 1 0 1 1 1 1 1 0 0 0 1 0 1 1 0 1 0 0 0 1 0 1 0 1 0 0 1 0 1 0 1 0 0 1 1 1 0 1 1 0 0 0 1 1 0 0 1 0 1 1 1 0 1 1 0 1 0 0 1 0 1 0 1 0 1 0 0 0 1 0 1 1 1 1 1 0 1 1 1 0 1 1 0 0 0 1 0 1 1 0 1 1 0 1 1 0 0 1 1 0 1 0 1 1 0 1 1 1 0 1 1 0 0 1 0 1 1 1 1 0 0 1 1 0 1 1 0 1 0 0 1 0 1 0 1 0 1 0 1 1 0 1 1 0 0 1 1 0 0 1 0 1 1 1 0 1 1 0 1 0 0 0 1 0 0 0 0 0 0 1 1 1 0 1 0 1 0 0 1 1 1 0 1 1 0 0 0 1 0 1 1 0 1 1 0 1 1 0 0 1 0 0 1 0 1 0 1 0 0 1 1 1 0 1 1 1 0 1 1 1 1 0 1 0 1 1 1 0 1 1 0 1 1 0 0 0 0 1 1 0 1 1 0 1 1 0 0 1 1 0 0 1 0 1 1 1 0 1 1 0 0 0 1 1 1 0 1 0 1 0 0 0 0 
1 0 0 0 0 1 1 1 1 1 0 0 1 1 0 0 0 0 1 0 0 0 1 0 1 1 1 1 1 1 1 1 1 1 1 1 1 1 0 1 1 0 0 0 0 0 1 0 0 1 1 1 1 0 1 0 0 0 0 1 1 0 0 1 0 1 1 1 1 1 0 1 0 0 0 1 0 0 0 0 1 1 0 0 1 1 1 1 1 1 1 0 0 0 0 1 0 0 0 0 0 1 1 1 1 1 1 0 0 0 0 0 0 1 1 1 1 0 1 1 1 1 0 1 1 1 1 1 1 1 1 0 0 1 0 0 0 0 1 0 0 0 1 1 0 1 1 1 1 0 1 0 0 0 0 1 1 1 1 1 1 1 0 0 1 0 0 0 0 0 0 1 1 1 1 1 1 1 1 1 1 0 0 1 1 0 0 0 1 0 0 0 0 0 1 1 0 0 1 1 1 1 1 0 0 0 0 1 1 0 1 1 1 1 1 1 1 0 0 0 0 1 0 1 1 0 0 0 0 1 0 0 0 0 1 1 1 1 1 1 1 0 1 1 1 0 0 0 0 0 1 1 1 1 1 1 0 1 0 0 1 0 0 1 1 1 1 1 1 1 1 1 1 0 0 0 0 0 0 1 0 0 0 1 1 1 1 0 0 1 1 1 1 1 1 1 1 1 0 0 1 0 0 1 0 1 1 1 1 1 0 0 0 1 0 0 0 0 0 0 0 0 0 1 1 1 0 1 1 1 1 0 1 1 1 1 0 0 0 0 0 0 0 1 1 0 1 1 1 1 0 1 0 0 1 0 1 1 0 
1 1 0 1 1 1 0 1 1 0 0 0 0 1 1 1 0 0 0 1 1 1 0 1 0 1 1 1 0 1 1 0 1 0 0 1 1 0 0 0 1 0 1 1 0 0 0 1 1 0 1 1 1 0 0 1 1 0 1 1 0 1 1 0 1 1 0 1 1 1 0 0 1 0 0 0 1 1 1 0 1 0 1 1 0 1 0 1 0 1 1 0 0 1 0 0 1 0 1 1 1 1 0 1 0 0 1 1 0 0 1 1 1 0 0 1 0 1 1 1 0 1 0 0 1 1 0 1 1 0 1 0 0 0 1 1 0 0 0 1 1 1 1 0 1 0 1 1 0 0 0 1 0 1 1 0 1 0 0 1 1 1 0 0 0 1 1 1 0 1 1 1 0 1 0 1 0 0 1 1 0 0 0 0 1 1 1 0 0 1 1 1 1 0 1 0 1 1 1 1 0 0 1 0 0 1 1 1 0 1 1 1 0 1 0 1 1 0 1 0 0 0 0 0 1 1 1 0 0 0 1 1 1 1 0 1 0 1 1 0 1 0 0 1 1 0 0 1 1 1 1 0 1 0 1 1 0 0 1 0 0 1 1 1 0 1 0 0 1 1 0 0 1 0 0 1 1 0 0 0 1 1 1 0 1 0 0 1 1 1 1 0 1 0 0 1 1 0 0 0 0 1 1 0 1 0 1 1 0 1 1 0 0 0 1 1 1 0 0 0 1 1 1 0 1 0 1 1 1 0 1 0 0 1 1 0 1 0 0 1 1 1 0 1 0 1 0 1 0 1 0 0 0 0 0 1 1 1 1 
0 1 1 0 1 1 0 0 0 1 1 0 1 0 1 1 1 0 0 0 1 1 0 0 1 1 0 0 1 1 0 1 1 0 1 0 0 1 0 1 0 1 1 1 1 0 0 0 1 1 1 0 0 0 1 1 1 1 1 1 0 0 1 0 0 0 1 1 0 0 0 1 1 1 0 1 0 1 1 1 1 0 0 1 0 0 1 1 1 0 0 1 0 1 0 1 1 1 0 1 1 1 0 0 1 1 0 1 1 0 0 1 1 0 1 1 0 0 0 0 1 1 0 1 0 0 1 0 0 1 0 1 0 1 1 1 1 0 0 0 1 1 1 0 0 1 0 0 1 0 1 1 1 0 1 1 1 0 1 1 0 0 1 0 1 0 1 1 1 0 1 1 0 0 1 1 0 1 0 0 1 1 0 1 0 1 1 1 0 0 0 1 1 1 1 0 0 1 1 0 1 1 0 1 0 1 1 1 0 0 0 0 1 1 1 0 0 0 1 1 0 1 0 1 0 1 1 1 0 0 0 1 1 0 1 1 0 0 0 1 1 0 1 0 0 1 0 1 0 1 1 0 0 1 0 0 0 1 1 1 0 0 1 0 1 1 0 1 0 0 1 1 0 1 0 1 1 1 0 0 0 1 1 1 1 0 0 0 1 1 0 1 1 0 1 0 0 1 1 0 1 1 1 0 0 1 1 0 1 0 1 1 0 1 0 1 1 1 1 0 1 1 0 1 1 0 0 0 0 1 1 0 1 0 0 1 1 1 0 0 1 1 1 1 0 0 1 0 1 0 0 1 0 0 1 0 0 1 0 
0 1 0 0 1 0 1 0 1 0 0 1 1 0 1 1 0 1 1 0 1 1 1 0 0 0 0 1 0 0 1 0 0 1 1 0 1 0 1 1 0 0 1 1 0 1 1 0 1 0 0 0 1 1 1 1 1 0 1 0 1 0 1 1 0 1 0 0 0 1 1 1 1 0 1 1 0 1 1 0 0 1 0 1 1 1 0 0 1 0 1 0 1 1 1 1 1 0 0 1 1 0 1 1 0 1 0 1 0 1 0 1 1 1 0 0 1 0 0 1 0 0 1 1 0 1 1 0 1 0 0 0 1 1 1 1 0 1 1 0 1 1 0 1 0 0 0 1 0 1 1 1 0 0 1 0 0 1 0 0 0 1 0 1 1 0 1 1 0 0 1 0 1 1 0 0 1 1 0 1 0 0 1 1 0 1 1 0 1 0 0 1 1 0 0 1 0 1 0 1 0 1 0 0 1 1 1 0 1 0 0 1 0 0 1 0 1 1 1 0 1 1 1 1 0 1 1 0 1 1 0 1 1 0 0 0 1 0 1 0 0 1 1 0 1 0 1 1 0 1 0 1 1 0 0 1 1 1 1 0 1 0 1 1 0 0 1 1 0 1 0 1 0 0 1 1 1 0 1 1 0 1 1 0 0 1 1 0 1 0 1 0 0 1 1 0 1 0 0 1 1 1 1 1 0 0 0 1 1 0 1 0 1 1 0 1 1 0 0 1 1 1 0 0 0 1 0 0 1 0 0 1 1 0 1 1 1 0 1 0 1 1 0 0 1 0 0 1 1 0 1 1 0 0 0 0 1 0 0 
1 1 1 0 0 0 0 1 1 1 1 1 0 1 0 1 1 1 0 0 0 1 0 0 1 0 1 1 1 0 1 1 0 0 0 1 1 1 1 0 1 1 0 1 1 1 0 0 0 1 0 1 1 1 0 0 1 1 0 0 0 0 1 0 0 1 1 0 1 1 1 0 1 1 1 0 0 0 1 1 0 0 0 0 0 1 1 0 0 1 1 1 1 0 1 0 1 1 0 0 1 0 0 1 1 0 1 1 1 1 0 0 1 0 1 0 0 0 1 1 1 0 1 0 1 1 0 1 1 1 1 1 1 0 0 1 1 1 0 0 0 1 0 0 0 1 1 1 1 1 0 1 1 0 0 1 0 0 1 0 1 1 1 1 0 0 0 1 1 0 0 0 0 1 1 0 0 0 1 1 1 1 1 0 1 0 1 1 0 0 0 0 1 1 0 0 0 0 0 1 1 0 1 1 1 1 0 0 0 0 1 1 1 0 0 1 1 1 1 1 1 0 1 0 1 0 1 1 1 0 0 0 1 0 1 0 0 1 1 1 0 1 0 1 1 1 1 1 0 0 0 0 1 1 1 1 1 0 1 1 0 0 0 1 1 0 0 0 1 1 1 0 1 1 1 0 1 1 1 0 0 0 1 1 0 0 0 0 0 0 1 1 0 0 0 1 1 1 1 1 0 0 1 0 0 1 0 1 0 1 1 1 1 0 0 0 1 1 1 1 0 1 0 1 0 0 0 1 1 1 0 1 0 1 1 0 1 1 1 0 0 1 1 0 0 0 1 1 0 1 1 0 0 0 0 0 0 1 0 
0 1 0 1 0 1 1 0 0 1 0 1 0 0 0 1 0 1 1 1 0 1 1 1 1 1 0 0 1 1 0 1 1 1 0 0 0 1 1 0 0 0 0 1 0 1 1 1 0 1 1 0 0 1 0 0 1 0 0 1 1 1 1 1 1 0 1 1 0 0 1 0 1 0 1 0 1 0 1 0 1 1 1 0 1 0 1 1 0 0 0 0 1 0 1 0 1 0 1 0 1 1 1 0 1 0 0 1 0 1 1 0 1 1 1 1 1 1 0 0 1 1 1 0 0 0 0 0 0 1 0 0 1 0 0 1 0 1 1 1 0 1 1 1 1 1 0 0 1 1 0 1 0 1 0 1 1 1 1 1 0 0 0 1 0 1 0 1 0 1 0 1 1 0 1 1 1 0 0 0 1 0 1 0 0 0 1 0 1 1 1 0 1 0 1 1 1 0 1 0 1 0 0 0 1 1 0 1 1 1 0 0 1 1 0 0 0 1 1 0 1 0 1 0 0 0 1 0 1 1 1 0 1 1 1 1 1 0 0 1 1 1 0 0 0 0 1 1 1 0 1 1 0 1 0 0 1 0 1 0 1 1 0 0 1 1 1 0 0 0 1 0 0 0 1 0 1 0 1 1 1 0 1 1 1 1 1 1 0 1 0 1 1 1 0 0 0 1 0 1 0 0 1 1 1 1 1 0 0 0 1 0 1 0 1 0 1 0 0 1 0 1 1 1 1 1 1 0 0 1 1 1 0 0 0 0 1 0 1 1 0 1 0 1 1 1 1 0 0 0 1 0 0 1 0 0 1 1 1 
1 0 1 0 1 1 1 1 0 0 1 1 0 1 1 0 1 1 1 0 1 0 1 0 0 1 1 0 0 1 0 0 1 1 0 1 0 0 1 0 1 1 1 0 1 1 1 0 1 0 1 1 0 1 0 1 0 1 1 1 1 0 0 1 0 0 0 1 1 0 1 0 0 1 1 0 0 1 0 1 1 1 0 1 1 0 0 1 0 1 0 1 1 1 1 0 0 1 0 1 0 1 1 0 0 0 1 0 1 1 0 1 0 1 0 1 1 0 1 0 0 1 1 0 1 0 0 1 0 0 1 1 1 0 1 0 1 1 1 0 1 0 1 1 0 0 1 0 0 1 0 0 1 0 1 0 1 1 0 1 1 0 1 1 0 0 1 0 1 0 1 1 1 0 0 1 1 0 1 0 0 1 1 0 1 1 0 1 1 0 0 1 0 1 1 1 0 1 1 0 0 0 1 1 1 0 1 1 1 0 1 0 0 1 0 1 0 1 0 1 1 0 1 0 1 1 0 1 1 1 0 1 0 0 0 1 1 1 0 0 1 1 0 1 0 1 1 0 0 1 1 1 0 0 1 0 1 0 0 1 1 0 1 0 0 1 1 0 1 0 0 0 1 1 1 1 0 1 1 1 0 1 0 0 1 1 1 0 1 1 0 0 1 1 0 1 0 0 1 1 0 1 0 1 0 0 1 0 0 1 0 1 1 0 0 1 0 1 1 1 1 0 0 0 1 1 0 1 0 0 1 1 0 1 0 0 0 1 1 0 1 0 1 1 1 0 0 0 0 1 1 0 0 0 0 1 1 0 0 
1 1 1 1 0 0 1 1 0 0 1 0 1 1 0 1 1 0 1 1 0 1 1 1 0 0 1 0 0 0 0 0 0 1 1 1 0 0 0 1 1 1 0 1 1 0 1 1 0 0 0 1 0 0 1 0 1 1 0 0 1 1 1 1 1 0 0 0 1 0 0 1 1 1 0 1 1 0 1 1 0 1 1 0 1 0 0 0 1 1 0 1 0 0 0 1 1 1 1 0 1 0 1 0 0 1 1 1 1 0 1 0 1 1 0 0 1 1 1 0 0 0 0 1 1 0 1 1 0 0 1 1 0 1 0 1 1 0 1 1 0 1 0 1 1 0 1 0 0 0 1 1 1 1 0 0 0 1 0 0 1 0 1 0 1 1 0 1 1 1 0 0 1 0 0 0 1 1 1 0 0 1 0 1 1 0 1 1 1 1 1 0 1 1 0 1 1 0 0 0 0 1 1 1 0 1 0 0 1 1 1 0 0 0 1 1 0 0 1 1 0 1 0 1 1 0 1 1 0 1 1 0 1 1 0 0 1 1 0 0 0 0 1 1 0 1 0 1 1 0 0 1 0 0 1 0 0 1 1 1 1 1 0 0 0 0 1 1 1 0 0 1 1 1 0 0 1 1 0 1 1 0 1 0 0 1 1 1 0 0 0 0 0 1 1 1 0 0 1 0 1 0 1 1 1 0 0 0 1 1 1 1 0 1 1 0 1 1 1 0 0 1 1 0 0 1 1 1 0 0 0 0 1 1 0 1 1 1 0 1 0 1 1 0 1 1 0 0 1 1 0 1 0 1 0 0 0 1 0 
1 0 0 1 1 0 0 1 0 1 0 1 1 1 1 0 0 1 0 1 1 0 0 1 1 0 1 0 1 0 0 1 0 0 1 1 0 1 1 1 1 0 1 0 0 1 0 1 1 1 0 1 0 1 1 1 0 0 1 0 0 1 0 0 1 0 1 0 1 0 1 1 0 0 1 1 1 1 0 0 0 0 1 1 0 0 1 0 1 1 0 0 1 1 1 1 0 0 1 1 0 0 0 0 1 1 1 0 0 1 1 1 0 0 1 0 0 1 1 0 1 0 1 1 1 0 1 1 0 1 1 0 1 1 1 0 0 1 0 1 1 0 0 0 1 1 1 0 1 1 1 0 0 1 1 1 0 0 1 0 1 0 0 1 1 1 1 0 0 1 1 0 0 0 1 0 0 1 1 0 1 0 1 1 1 1 0 0 0 1 1 1 0 0 0 0 1 1 0 0 1 1 1 0 1 0 1 0 0 1 1 0 1 0 1 1 0 1 0 0 1 1 1 1 1 1 0 0 1 0 1 1 0 1 1 0 0 1 0 1 0 1 1 1 0 0 1 0 1 1 0 0 0 1 1 0 1 1 0 0 0 1 1 0 1 0 0 1 1 0 1 1 1 0 1 1 0 0 1 0 1 1 0 1 0 0 0 1 1 0 0 1 0 0 1 1 0 1 0 1 1 1 0 0 1 1 0 0 1 1 0 0 1 1 1 1 0 0 0 1 1 0 1 1 0 0 1 1 0 1 0 1 1 1 0 1 0 0 1 1 1 0 0 0 0 1 1 0 1 1 1 1 0 0 0 0 1 0 0 
0 0 1 1 0 1 0 0 1 0 1 1 1 0 0 0 1 1 0 1 0 0 0 1 0 1 0 1 0 1 1 0 1 0 1 0 1 0 1 1 0 1 0 0 1 1 0 1 0 0 1 0 1 1 1 0 0 1 0 1 0 1 0 0 1 1 0 1 0 1 1 1 0 1 1 1 1 0 0 1 1 0 1 0 0 1 0 1 1 0 1 1 1 0 1 1 0 1 1 0 0 1 0 1 0 1 0 0 1 1 1 0 0 0 0 1 0 1 0 1 0 1 1 1 0 1 1 0 1 0 0 1 1 1 0 0 1 1 0 1 0 0 1 0 1 0 0 1 0 1 1 0 1 1 0 0 1 0 0 1 0 1 1 1 1 1 0 0 1 1 0 1 0 1 0 1 0 1 0 1 0 1 1 1 0 0 0 1 0 1 1 0 0 1 1 0 1 0 1 1 0 1 0 1 1 0 0 1 0 1 0 1 0 1 1 0 1 1 0 1 1 1 1 1 0 0 0 1 1 0 1 0 0 1 0 1 0 0 1 0 1 1 1 0 1 1 1 0 1 0 1 0 1 0 0 1 1 1 0 1 0 1 0 1 0 1 0 1 0 1 0 1 0 1 1 0 0 1 1 0 1 0 0 0 1 0 0 1 0 1 1 0 1 0 1 0 1 0 1 1 1 0 0 0 1 0 1 1 1 0 0 1 1 1 1 0 0 1 1 1 0 0 1 0 1 0 1 0 1 0 1 1 1 0 1 1 0 1 1 1 0 0 1 1 0 1 0 1 1 0 1 1 0 0 0 0 1 1 0 
0 0 1 1 1 0 1 0 1 1 1 0 0 0 1 0 1 0 1 1 1 0 1 1 1 0 0 1 1 0 1 1 0 1 0 0 1 1 0 0 0 1 1 0 1 0 1 1 1 1 0 0 1 0 0 1 0 1 1 0 1 1 0 1 1 1 1 0 0 1 0 0 0 1 0 0 1 1 0 1 0 1 1 1 1 1 1 0 0 0 1 1 0 1 0 0 0 1 1 1 0 0 1 1 1 0 0 0 1 0 1 1 0 1 1 0 1 1 0 1 1 0 0 0 0 1 0 0 1 1 0 1 0 0 1 0 1 0 1 1 1 0 0 1 1 1 0 1 1 0 0 0 1 1 1 1 0 1 1 0 0 1 1 0 0 1 1 0 1 1 1 0 1 1 1 0 1 0 0 1 1 1 0 0 0 1 0 1 1 1 1 1 0 1 0 1 1 1 0 1 1 0 0 1 0 0 1 0 1 1 0 1 1 0 0 0 1 0 0 1 0 0 0 0 0 1 0 1 0 1 1 1 0 1 1 0 1 0 1 1 0 0 0 0 1 1 0 0 1 1 0 1 1 1 0 1 0 0 0 1 1 1 1 1 1 0 1 0 0 1 1 0 0 1 0 1 0 1 0 1 1 1 0 1 0 1 1 1 1 0 1 1 0 1 0 0 1 1 1 0 0 1 0 1 1 1 0 1 0 0 0 1 0 0 1 1 0 1 1 0 1 0 1 1 0 1 1 0 1 1 0 0 0 0 1 0 0 1 0 1 1 0 1 0 1 1 1 1 0 0 0 0 1 1 0 0 1 1 0 
0 1 1 1 1 1 1 0 1 1 0 0 0 1 0 0 0 0 0 0 0 0 0 0 0 0 1 0 0 0 0 0 1 1 0 0 0 1 0 0 0 0 0 0 0 0 0 0 0 1 0 1 0 1 1 1 1 1 1 0 1 1 0 0 0 1 1 0 1 1 1 1 1 1 1 1 0 1 1 1 0 0 1 1 1 0 0 0 0 0 0 0 0 0 1 1 0 1 0 0 1 0 0 0 0 0 0 0 0 0 1 0 0 1 1 1 1 0 1 1 1 1 1 1 1 1 0 0 0 0 0 1 0 0 1 1 0 0 1 1 1 0 1 1 1 1 1 1 1 0 1 0 1 0 0 0 0 0 1 1 1 1 0 0 1 0 0 0 0 0 0 0 0 0 0 0 0 1 0 0 0 1 1 0 0 1 1 1 1 1 0 0 0 0 0 0 0 0 0 1 0 1 1 1 1 1 1 1 1 1 0 0 1 1 0 0 1 0 0 0 0 0 1 1 1 1 1 1 1 0 1 1 1 1 0 0 1 0 0 0 1 0 0 0 0 0 0 0 0 0 1 0 1 0 0 0 0 0 0 0 1 0 0 1 1 1 0 1 1 1 1 1 1 1 1 0 1 1 1 0 0 1 1 0 0 0 1 1 0 1 1 1 1 1 1 1 1 1 0 1 1 0 0 0 0 0 0 0 0 0 1 0 0 0 1 1 0 0 0 1 0 0 0 0 0 0 0 0 0 0 0 1 0 0 0 0 1 1 0 1 1 1 0 1 1 1 1 1 0 1 1 1 1 1 0 1 1 1 1 
1 0 1 0 1 0 0 1 0 0 1 0 1 0 0 1 0 1 0 0 1 0 0 1 1 0 1 1 0 0 0 1 0 0 1 0 1 0 1 0 1 0 0 0 1 0 1 0 0 1 1 1 1 1 1 0 0 1 0 1 0 0 0 1 0 1 1 1 1 1 0 0 0 0 0 1 1 0 0 0 0 1 0 0 0 1 0 1 0 1 0 0 0 1 0 0 1 0 0 1 0 1 0 0 0 0 1 1 0 0 1 1 0 1 0 1 1 1 0 0 1 1 0 0 0 1 1 0 0 1 0 1 1 0 1 1 1 0 0 1 1 1 0 1 1 0 0 0 0 1 0 0 0 0 1 0 1 0 0 0 0 0 0 1 0 0 1 0 1 1 0 0 0 1 0 0 1 1 1 0 0 1 1 1 0 0 1 1 0 0 0 0 1 0 1 0 0 1 0 1 1 1 1 0 1 1 0 0 0 0 0 1 0 0 0 1 0 1 0 1 0 1 0 1 1 0 0 0 1 1 0 0 0 0 0 1 0 1 0 1 0 0 1 0 1 0 1 0 1 0 1 0 1 1 0 1 0 1 0 0 1 1 0 0 1 1 1 0 0 1 1 0 1 0 0 1 0 0 0 0 1 0 0 1 0 1 1 1 1 0 0 0 1 1 0 0 0 1 1 0 0 0 1 1 1 1 0 1 0 0 1 1 0 0 1 1 1 0 1 0 0 1 1 0 0 1 0 1 0 0 1 1 1 0 0 0 1 1 1 0 1 1 1 0 0 1 0 0 1 0 1 1 0 1 0 1 0 1 0 
0 0 0 0 0 0 0 1 1 0 0 0 1 1 1 0 0 1 1 1 0 0 1 0 0 1 1 0 1 1 0 1 1 0 0 0 1 1 0 0 1 1 1 1 0 0 0 1 1 1 0 0 0 0 1 0 0 0 0 1 1 0 1 0 1 0 1 0 0 1 0 0 1 0 0 0 1 1 0 0 0 1 1 0 1 0 0 1 1 0 0 1 1 0 0 0 1 1 0 1 1 0 0 1 0 1 0 0 1 1 1 0 1 0 0 0 1 0 0 0 0 1 1 0 0 0 0 1 1 0 1 1 0 1 0 1 0 1 0 0 1 0 0 0 1 0 1 0 0 1 1 0 1 0 1 1 0 0 1 0 1 0 0 1 1 1 0 0 1 0 0 1 1 0 1 1 0 1 0 1 1 0 1 0 1 0 0 1 0 0 1 1 0 0 0 1 1 0 1 1 0 0 1 0 1 0 0 1 0 0 0 1 1 0 0 1 1 0 1 0 0 1 0 0 1 1 0 0 0 1 1 0 0 0 0 1 1 0 0 1 1 1 0 0 1 1 0 1 0 1 1 1 1 0 1 0 1 0 1 1 1 0 1 0 0 1 0 0 0 0 1 0 0 1 0 1 1 0 0 0 1 1 0 0 0 1 0 1 0 0 0 0 0 1 1 0 0 0 1 1 0 0 1 0 1 0 0 0 1 1 1 0 1 1 0 1 0 1 1 1 0 1 0 1 1 0 0 0 1 1 0 1 0 1 1 1 0 1 0 0 0 1 0 0 0 0 0 1 1 0 0 1 1 1 0 0 1 1 0 
0 0 1 0 1 0 0 0 1 0 1 1 0 1 0 1 1 0 1 0 1 1 0 1 0 1 0 0 1 0 1 0 1 0 1 1 0 1 1 1 0 0 1 0 1 1 0 1 0 0 0 1 0 1 0 0 0 1 0 0 1 0 0 0 1 1 0 0 1 0 0 0 1 0 0 1 0 1 0 0 1 0 1 0 1 1 1 0 0 1 1 1 0 0 0 0 0 1 1 0 1 1 1 0 1 0 1 0 1 0 0 0 1 1 0 1 0 0 0 0 1 0 1 0 0 1 0 1 0 1 0 0 0 1 1 0 0 1 0 1 0 0 0 1 0 0 1 0 0 0 1 1 1 1 0 0 1 1 1 0 1 0 1 0 1 0 1 1 0 1 1 1 0 0 1 0 1 0 0 1 0 1 0 0 1 0 1 0 0 0 1 0 1 1 0 1 0 1 1 0 0 1 0 0 0 1 0 1 0 0 1 0 1 0 1 0 1 1 0 1 1 0 0 1 0 1 0 0 1 0 1 0 0 0 1 0 1 1 1 0 1 0 1 1 0 0 1 1 0 1 0 1 0 0 0 1 1 1 1 0 0 0 1 0 1 0 0 0 0 1 0 0 1 1 0 0 1 0 0 1 0 1 0 1 1 0 1 0 0 0 0 0 1 0 1 0 0 1 0 1 0 1 0 1 0 1 1 1 1 0 0 0 1 0 1 0 0 1 0 1 1 0 1 1 0 1 1 0 1 0 1 0 0 1 0 1 1 0 0 0 1 0 0 0 0 1 0 1 0 0 1 0 1 1 0 1 1 1 0 
1 0 0 1 0 1 0 1 1 1 0 1 1 1 0 0 1 1 0 0 0 1 0 0 1 0 0 1 0 0 1 1 1 1 0 1 1 1 0 1 1 0 0 0 0 1 1 0 0 0 1 0 1 0 0 1 0 0 0 1 1 1 0 1 0 0 0 1 0 0 1 0 1 1 0 0 1 1 1 0 1 1 1 1 1 0 1 1 0 0 1 0 0 1 1 0 1 1 1 1 1 0 1 0 1 0 0 1 0 0 0 1 0 0 0 0 0 1 1 0 0 0 1 1 0 0 1 0 0 0 0 0 1 0 0 0 1 0 0 0 0 1 0 0 0 1 1 1 0 1 1 1 1 1 1 0 0 1 1 0 1 1 1 1 1 0 0 1 1 0 1 0 0 1 0 0 0 0 1 0 0 0 0 1 0 0 0 0 1 0 0 0 0 1 1 0 0 0 0 0 1 0 0 0 0 0 0 1 1 0 1 1 1 1 1 1 1 0 0 0 1 1 0 0 0 1 1 0 0 1 1 1 0 1 1 1 1 0 1 1 1 0 0 1 1 0 0 0 1 0 0 0 0 1 0 0 0 0 0 0 0 1 0 0 0 0 1 1 0 0 0 0 0 1 1 1 1 1 0 1 1 1 1 0 1 1 0 0 1 0 1 0 0 0 1 1 0 0 1 1 1 1 1 0 1 0 1 0 0 0 0 1 0 0 0 0 1 0 1 1 1 1 0 0 0 0 1 1 0 0 0 0 1 0 0 0 0 0 1 0 0 0 1 1 0 0 1 1 1 1 0 0 1 1 0 0 1 0 0 
1 0 1 1 1 1 0 0 0 1 0 0 0 0 1 0 0 0 1 1 0 0 1 0 1 1 0 1 1 1 0 0 0 1 0 0 0 0 0 0 0 1 1 1 0 0 1 1 1 0 1 1 1 1 0 1 0 1 0 0 0 1 1 1 1 1 0 1 1 0 1 0 0 1 0 1 0 0 1 0 0 0 0 1 0 0 0 0 1 0 0 1 1 1 1 0 0 0 0 0 0 0 0 1 0 1 0 1 1 1 0 1 1 1 0 1 0 1 1 0 1 0 0 1 0 1 1 1 1 0 1 0 1 1 1 0 1 1 0 1 0 1 0 1 0 1 0 1 0 0 0 0 0 0 0 1 0 0 0 0 0 1 0 0 0 1 0 0 0 0 0 1 1 1 1 1 0 0 1 1 1 1 0 1 1 0 1 0 1 0 1 1 0 0 1 1 1 0 1 0 1 1 0 0 0 1 0 0 1 0 0 0 0 1 0 0 0 0 1 0 0 0 0 1 0 0 1 0 1 0 0 1 0 1 0 0 0 0 0 0 0 1 0 0 0 1 0 1 1 1 0 1 0 1 1 0 1 0 1 1 0 1 1 0 1 0 1 1 0 1 0 0 1 0 1 0 0 1 0 0 0 0 1 0 0 0 1 0 1 0 1 0 1 0 0 1 0 1 0 0 1 0 0 0 0 0 0 0 1 1 0 1 1 1 1 0 1 1 0 0 0 0 0 1 1 0 0 1 1 1 0 0 1 1 1 1 1 0 1 0 1 0 1 1 0 1 1 0 0 1 1 0 0 0 1 1 1 1 0 
1 1 0 0 0 0 1 0 1 0 1 0 0 1 1 1 0 0 0 1 1 0 1 1 1 0 0 1 0 1 0 0 1 0 1 0 0 1 1 0 0 1 0 1 1 0 1 0 1 0 1 0 1 0 0 0 1 0 1 0 1 0 1 1 0 0 0 1 0 0 0 1 1 0 1 0 0 1 0 1 0 0 1 0 1 1 0 0 1 1 0 0 1 1 0 1 0 1 0 0 1 1 0 1 0 1 1 1 0 1 0 1 0 0 1 0 0 1 0 1 0 0 1 0 1 0 1 0 1 1 1 0 1 0 0 0 1 0 1 0 0 1 1 0 0 0 1 0 1 0 1 0 1 0 0 1 1 0 1 1 1 0 0 0 1 1 1 0 0 1 0 0 1 1 0 1 1 0 1 0 1 0 0 1 0 1 0 0 0 1 0 1 1 0 1 0 1 1 0 0 1 0 0 1 0 0 1 1 0 1 0 0 1 0 0 0 1 1 1 1 0 0 1 0 0 1 0 1 0 0 1 0 1 0 0 0 1 1 0 0 1 1 1 0 0 1 1 0 1 0 0 0 0 1 1 1 0 1 0 1 0 1 0 1 0 0 1 0 1 0 0 1 0 1 0 0 1 0 1 0 0 1 0 1 0 0 0 0 1 1 0 1 0 0 1 0 1 0 0 1 0 0 0 1 0 1 0 1 0 1 0 1 0 1 0 0 1 0 0 1 0 0 1 0 1 1 0 1 0 1 1 0 1 0 1 0 0 0 1 1 0 0 1 0 1 0 0 1 0 0 0 0 1 1 0 1 1 0 0 
0 0 0 1 0 1 0 0 0 1 1 1 0 0 1 1 1 0 0 1 1 1 1 1 0 0 1 0 0 1 1 0 0 1 1 1 0 0 1 1 0 1 0 1 1 1 0 0 1 1 0 0 0 0 1 1 0 0 0 0 0 1 1 0 0 0 1 0 0 1 1 0 0 1 0 0 0 0 1 0 1 0 0 1 0 1 1 0 1 1 1 0 1 0 1 0 0 0 1 0 0 1 1 1 1 1 1 0 0 1 1 0 0 0 0 0 1 0 1 0 0 1 0 1 0 0 0 0 1 1 1 1 0 0 0 1 0 0 0 0 1 0 0 0 1 1 0 1 0 0 0 1 0 1 0 1 1 1 0 0 0 1 1 0 0 1 1 1 0 1 1 0 1 0 0 1 1 1 0 0 1 0 1 0 0 0 0 1 1 0 0 1 1 1 0 0 1 1 0 1 0 0 1 0 1 0 0 0 1 0 1 0 0 1 1 0 0 1 1 1 1 0 0 0 1 0 1 0 0 0 0 1 0 1 1 0 0 1 1 0 0 1 1 1 0 1 1 0 0 0 1 0 1 0 1 1 0 1 0 1 1 0 0 0 0 1 0 1 0 0 1 0 0 0 1 0 0 1 0 1 0 0 1 1 1 0 0 1 0 0 1 0 0 1 0 1 0 0 0 0 1 1 0 1 0 1 1 1 0 1 1 0 0 1 0 1 0 0 0 0 1 0 1 0 1 1 1 0 0 1 1 1 0 0 1 0 0 1 0 0 0 1 0 1 0 0 1 0 0 1 0 1 1 1 0 1 1 1 1 
0 1 1 0 1 0 1 1 0 0 0 1 1 0 1 0 1 1 0 1 0 1 1 0 0 0 0 0 0 1 1 1 0 0 0 1 1 0 0 1 1 1 0 1 0 1 0 0 1 0 0 1 0 1 0 0 1 1 1 1 0 0 1 0 0 1 0 0 1 0 0 1 0 0 1 1 1 0 0 1 1 1 0 0 0 0 1 1 1 0 1 0 1 0 0 1 1 0 1 1 0 0 1 1 1 1 0 0 0 1 0 0 0 1 1 1 0 0 0 1 1 0 0 0 1 1 0 0 1 0 1 0 0 0 1 0 0 0 1 1 0 0 1 1 0 0 0 0 1 1 0 1 0 1 1 1 0 1 0 1 0 0 1 1 0 1 0 1 1 0 1 0 1 0 0 1 0 0 0 0 1 1 0 0 0 1 1 0 0 1 0 1 0 1 0 0 1 0 0 0 0 1 0 1 0 1 1 0 0 1 1 1 0 0 1 1 0 0 1 0 1 1 1 1 0 0 0 1 1 1 0 0 1 0 1 1 0 0 1 1 0 1 0 1 1 1 0 0 0 0 0 0 0 0 1 0 0 0 0 1 0 0 0 1 1 0 0 0 1 1 0 1 1 0 0 1 0 0 1 1 1 0 0 0 1 1 1 0 0 1 0 1 1 0 0 0 1 1 1 0 0 1 1 0 1 0 1 0 0 1 0 0 0 1 1 0 0 0 1 0 1 1 0 0 1 0 1 0 0 1 0 0 0 0 1 0 1 0 0 1 1 0 0 0 1 1 0 0 1 0 1 0 1 1 1 1 1 1 1 
0 1 0 1 0 1 1 1 0 1 1 0 1 0 0 1 0 1 1 0 1 0 0 1 0 1 0 0 1 0 0 1 0 1 1 0 1 0 1 0 1 0 1 0 1 0 0 1 0 0 0 0 0 0 0 1 1 0 1 1 0 1 0 0 1 0 0 0 0 0 1 1 0 1 1 0 1 0 1 1 0 1 0 1 0 1 0 1 0 1 0 1 0 0 1 1 1 0 0 1 0 1 0 0 0 0 1 0 1 0 0 0 1 0 1 0 0 0 1 1 0 0 0 1 1 0 0 1 0 1 0 0 0 1 0 0 0 1 1 0 0 0 1 0 0 1 0 1 1 1 0 0 0 0 1 0 1 0 0 1 0 1 0 1 0 0 1 0 1 1 0 1 0 0 1 0 1 0 0 1 0 0 0 0 1 1 0 0 1 1 1 0 1 0 0 1 0 1 1 0 0 0 0 1 0 0 1 0 1 1 0 1 0 1 0 1 0 1 0 1 0 1 1 0 0 0 1 1 0 1 0 1 1 1 0 1 0 1 0 1 0 0 1 0 1 0 1 1 0 1 0 1 0 0 0 1 1 1 1 0 0 0 1 1 0 0 0 1 1 0 0 1 0 0 1 1 0 1 1 0 1 0 1 1 0 1 0 0 0 1 1 1 0 0 0 1 1 0 1 0 1 0 1 1 1 1 0 1 1 0 0 0 1 0 0 0 0 1 1 0 0 1 1 1 0 1 0 0 1 0 1 0 0 1 0 1 0 0 0 1 0 0 0 1 1 0 1 0 1 1 0 0 1 1 1 1 1 1 0 
1 1 0 0 0 0 1 0 0 0 0 1 0 0 0 0 1 0 1 0 0 1 0 0 1 1 1 1 1 0 1 0 0 0 0 1 0 0 0 1 0 0 1 0 0 1 1 1 0 1 1 0 1 0 1 0 1 0 1 0 0 0 0 1 1 0 1 1 0 1 0 1 0 0 1 0 0 0 0 1 1 0 0 0 0 0 1 0 0 0 1 1 0 1 0 1 0 0 1 0 0 0 1 0 1 0 0 1 1 0 1 1 1 0 1 0 1 1 0 1 0 1 0 0 1 0 1 1 0 0 0 1 1 1 0 1 1 1 1 0 1 1 1 0 1 0 0 0 1 0 0 1 0 1 0 0 0 1 0 1 0 0 1 0 0 0 0 1 0 0 1 1 0 1 1 0 0 1 1 1 0 0 1 1 1 1 0 1 0 1 1 0 0 1 1 1 0 0 1 1 1 0 1 1 1 0 1 0 0 1 1 0 0 0 1 0 0 0 0 0 1 0 1 0 1 0 0 1 0 0 0 0 1 0 1 0 0 0 1 0 0 0 0 1 0 0 0 1 1 1 1 1 1 1 0 0 1 0 1 0 1 1 1 1 0 1 1 0 1 0 1 1 0 0 0 0 0 0 1 1 0 0 0 0 1 0 0 1 1 1 0 1 0 1 0 0 1 0 0 0 0 1 0 0 0 0 1 0 1 0 1 1 1 0 0 1 1 1 0 0 1 0 0 1 0 0 1 1 1 0 0 1 1 1 0 1 0 1 1 1 0 1 1 0 1 0 0 0 0 0 0 1 1 1 0 0 1 1 1 
0 1 0 1 1 0 1 0 0 1 1 0 0 1 1 0 0 1 1 0 0 1 0 1 1 0 1 0 0 1 1 0 0 1 1 0 0 1 0 0 1 1 1 0 0 1 1 0 0 1 0 1 1 0 1 0 0 1 1 1 0 0 1 0 1 0 0 1 0 1 1 0 1 0 0 1 1 0 0 1 1 0 0 1 1 1 0 0 1 0 0 1 0 1 0 1 1 0 1 0 0 1 0 1 1 0 1 0 0 1 0 0 1 1 1 0 0 1 1 0 0 1 1 0 0 1 1 0 0 1 1 1 0 0 1 0 0 1 1 0 0 1 0 0 1 1 1 0 0 1 0 1 1 0 1 0 0 1 1 1 0 1 0 0 1 1 0 0 1 0 1 1 0 1 0 0 1 1 0 0 1 1 0 0 1 1 0 0 1 0 1 0 0 1 1 0 0 1 0 1 0 1 0 1 1 1 0 0 0 1 1 0 0 1 0 0 1 1 1 0 0 1 0 0 1 1 0 0 1 1 0 0 1 1 1 0 0 1 0 0 1 1 0 0 1 0 0 1 1 0 1 1 0 1 1 0 1 1 0 1 0 0 1 1 0 0 1 1 0 0 1 0 1 1 0 1 0 0 1 1 0 0 1 1 0 0 0 0 1 1 1 0 0 1 1 0 0 1 1 0 0 1 0 1 1 0 1 1 0 0 1 0 0 1 1 0 0 1 0 1 0 1 0 1 0 0 1 1 0 0 1 1 0 0 1 1 1 0 0 1 0 0 1 1 0 0 0 1 1 1 1 0 0 1 1 0 1 0 0 
0 0 1 0 1 0 1 1 0 1 0 1 0 1 0 1 0 1 0 1 0 1 0 1 0 1 0 1 0 1 0 1 0 1 0 1 0 1 1 0 1 0 0 1 0 1 0 1 0 0 1 0 1 0 1 1 0 1 1 0 1 0 1 0 1 1 0 1 0 1 0 1 0 1 0 1 0 1 0 1 0 1 0 1 1 0 1 0 0 1 0 0 1 0 0 1 0 1 0 1 0 0 1 0 1 0 1 1 0 1 1 0 1 0 0 1 0 1 0 1 0 1 0 1 0 1 0 1 0 1 1 0 1 0 0 1 0 1 0 1 0 1 1 0 1 0 0 1 0 0 1 0 1 0 1 1 0 1 0 1 0 1 1 0 1 0 1 0 1 0 1 0 1 0 1 0 1 0 1 0 1 0 1 0 1 0 1 0 0 1 0 1 0 1 0 1 0 1 0 0 1 0 1 0 1 1 0 1 0 1 0 1 0 1 1 0 1 0 0 1 0 1 1 0 1 0 1 0 1 0 1 0 1 1 0 1 0 0 1 0 1 0 1 0 1 1 0 0 0 1 0 1 0 1 0 1 0 1 0 1 1 0 1 0 1 0 1 0 1 0 1 0 1 0 1 0 1 0 1 0 1 0 1 0 1 0 1 0 1 0 0 1 0 1 0 1 0 1 0 1 0 0 1 0 1 0 1 1 1 0 0 1 0 1 0 1 0 1 0 1 0 1 1 0 1 0 1 0 1 0 1 0 1 0 1 1 0 1 0 0 1 0 1 0 1 0 1 0 0 1 0 1 1 1 1 1 0 0 0 
1 0 0 0 1 1 1 0 1 1 0 0 1 1 0 0 1 1 0 0 1 1 1 1 0 0 0 0 1 1 0 0 1 1 0 0 1 1 0 1 1 0 0 0 1 1 0 0 1 0 0 0 1 1 1 0 1 1 1 0 0 1 1 1 1 0 1 1 1 1 0 0 0 0 1 1 0 0 1 1 0 0 1 1 1 0 0 1 0 0 1 0 0 0 1 1 0 0 0 0 1 0 0 0 1 1 1 0 1 1 0 1 1 0 0 0 1 1 0 0 1 1 0 0 1 1 0 0 1 1 1 0 0 1 0 0 1 1 0 0 1 1 0 1 1 0 0 0 1 0 0 0 1 1 1 0 1 1 0 1 1 1 0 1 1 0 0 1 1 1 1 0 0 0 0 1 1 0 0 1 1 0 0 1 1 0 0 1 0 0 0 0 1 1 0 0 1 1 1 0 0 0 0 0 1 1 1 0 1 1 0 0 1 1 0 1 1 0 0 0 1 1 0 1 1 0 0 1 1 0 0 1 1 1 0 0 1 0 0 1 1 0 0 1 1 0 1 0 0 0 0 1 1 1 0 0 0 1 1 1 0 1 1 0 0 1 1 0 0 1 1 1 1 0 0 0 0 1 1 0 0 1 1 0 0 1 0 1 1 0 0 0 1 1 0 0 1 1 0 0 1 0 0 0 1 1 1 1 0 1 0 0 1 1 0 0 1 1 1 1 1 1 0 0 0 1 1 0 0 1 1 0 0 1 1 1 0 0 1 0 0 1 1 0 0 1 0 0 0 1 0 0 0 0 0 0 0 1 1 
0 1 1 1 0 0 0 1 0 0 1 1 0 0 1 1 0 0 1 1 0 0 0 0 1 1 1 1 0 0 1 1 0 0 1 1 0 0 1 0 0 1 1 1 0 0 1 1 0 1 1 1 0 0 0 1 0 0 0 1 1 0 0 0 0 1 0 0 0 0 1 1 1 1 0 0 1 1 0 0 1 1 0 0 0 1 1 0 1 1 0 1 1 1 0 0 1 1 1 1 0 1 1 1 0 0 0 1 0 0 1 0 0 1 1 1 0 0 1 1 0 0 1 1 0 0 1 1 0 0 0 1 1 0 1 1 0 0 1 1 0 0 1 0 0 1 1 1 0 1 1 1 0 0 0 1 0 0 1 0 0 0 1 0 0 1 1 0 0 0 0 1 1 1 1 0 0 1 1 0 0 1 1 0 0 1 1 0 1 1 1 1 0 0 1 1 0 0 0 1 1 1 1 1 0 0 0 1 0 0 1 1 0 0 1 0 0 1 1 1 0 0 1 0 0 1 1 0 0 1 1 0 0 0 1 1 0 1 1 0 0 1 1 0 0 1 0 1 1 1 1 0 0 0 1 1 1 0 0 0 1 0 0 1 1 0 0 1 1 0 0 0 0 1 1 1 1 0 0 1 1 0 0 1 1 0 1 0 0 1 1 1 0 0 1 1 0 0 1 1 0 1 1 1 0 0 0 0 1 0 1 1 0 0 1 1 0 0 0 0 0 0 1 1 1 0 0 1 1 0 0 1 1 0 0 0 1 1 0 1 1 0 0 1 1 0 1 1 1 0 1 1 0 0 0 0 0 1 1 
1 1 0 1 0 1 0 0 1 0 1 0 1 0 1 0 1 0 1 0 1 0 1 0 1 0 1 0 1 0 1 0 1 0 1 0 1 0 0 1 0 1 1 0 1 0 1 0 1 1 0 1 0 1 0 0 1 0 0 1 0 1 0 1 0 0 1 0 1 0 1 0 1 0 1 0 1 0 1 0 1 0 1 0 0 1 0 1 1 0 1 1 0 1 1 0 1 0 1 0 1 1 0 1 0 1 0 0 1 0 0 1 0 1 1 0 1 0 1 0 1 0 1 0 1 0 1 0 1 0 0 1 0 1 1 0 1 0 1 0 1 0 0 1 0 1 1 0 1 1 0 1 0 1 0 0 1 0 1 0 1 0 0 1 0 1 0 1 0 1 0 1 0 1 0 1 0 1 0 1 0 1 0 1 0 1 0 1 1 0 1 0 1 0 1 0 1 0 1 1 0 1 0 1 0 0 1 0 1 0 1 0 1 0 0 1 0 1 1 0 1 0 0 1 0 1 0 1 0 1 0 1 0 0 1 0 1 1 0 1 0 1 0 1 0 0 1 1 1 0 1 0 1 0 1 0 1 0 1 0 0 1 0 1 0 1 0 1 0 1 0 1 0 1 0 1 0 1 0 1 0 1 0 1 0 1 0 1 0 1 1 0 1 0 1 0 1 0 1 0 1 1 0 1 0 1 0 0 0 1 1 0 1 0 1 0 1 0 1 0 1 0 0 1 0 1 0 1 0 1 0 1 0 1 0 0 1 0 1 1 0 1 0 1 0 1 0 1 1 0 1 0 1 1 1 1 0 0 0 
1 0 1 0 0 1 0 1 1 0 0 1 1 0 0 1 1 0 0 1 1 0 1 0 0 1 0 1 1 0 0 1 1 0 0 1 1 0 1 1 0 0 0 1 1 0 0 1 1 0 1 0 0 1 0 1 1 0 0 0 1 1 0 1 0 1 1 0 1 0 0 1 0 1 1 0 0 1 1 0 0 1 1 0 0 0 1 1 0 1 1 0 1 0 1 0 0 1 0 1 1 0 1 0 0 1 0 1 1 0 1 1 0 0 0 1 1 0 0 1 1 0 0 1 1 0 0 1 1 0 0 0 1 1 0 1 1 0 0 1 1 0 1 1 0 0 0 1 1 0 1 0 0 1 0 1 1 0 0 0 1 0 1 1 0 0 1 1 0 1 0 0 1 0 1 1 0 0 1 1 0 0 1 1 0 0 1 1 0 1 0 1 1 0 0 1 1 0 1 0 1 0 1 0 0 0 1 1 1 0 0 1 1 0 1 1 0 0 0 1 1 0 1 1 0 0 1 1 0 0 1 1 0 0 0 1 1 0 1 1 0 0 1 1 0 1 1 0 0 1 0 0 1 0 0 1 0 0 1 0 1 1 0 0 1 1 0 0 1 1 0 1 0 0 1 0 1 1 0 0 1 1 0 0 1 1 1 1 0 0 0 1 1 0 0 1 1 0 0 1 1 0 1 0 0 1 0 0 1 1 0 1 1 0 0 1 1 0 1 0 1 0 1 0 1 1 0 0 1 1 0 0 1 1 0 0 0 1 1 0 1 1 0 0 1 1 1 0 0 0 0 1 0 1 1 0 1 0 0 
1 0 1 1 0 0 0 0 0 1 0 0 1 0 0 1 0 1 1 0 1 1 1 0 0 1 1 1 0 1 0 1 0 1 1 0 1 1 1 1 0 0 1 1 0 1 1 0 1 0 1 1 0 0 0 0 0 1 0 0 0 1 0 0 0 0 0 1 1 0 0 0 0 1 0 1 1 0 1 1 0 1 1 0 1 1 1 0 1 0 1 0 1 1 0 1 1 1 1 0 1 0 1 1 0 0 0 0 0 1 0 1 0 0 0 1 0 1 1 0 1 1 0 1 1 0 0 0 1 0 1 0 1 0 1 0 1 1 0 1 1 0 1 0 1 1 1 0 1 0 1 1 0 0 0 0 0 1 1 0 0 0 0 0 1 0 0 1 0 0 1 0 1 1 0 1 1 0 1 1 0 1 1 0 1 1 0 1 0 1 0 1 1 0 1 1 0 1 1 1 0 0 1 1 0 0 0 0 0 1 0 0 1 0 1 0 1 0 1 0 1 1 0 0 1 0 0 1 0 0 1 0 1 1 1 0 1 0 1 1 0 1 1 0 1 0 1 1 0 1 1 0 0 0 0 1 1 0 0 0 0 0 1 0 0 1 0 0 1 0 1 1 1 1 0 0 1 1 0 1 1 0 1 1 0 1 0 1 1 1 0 1 1 0 1 1 0 1 1 0 1 0 1 1 0 0 0 1 0 0 0 0 1 0 0 1 0 1 0 0 0 1 0 0 0 1 0 0 1 0 1 1 0 1 1 0 0 1 1 1 1 0 1 1 0 1 1 0 1 0 1 0 1 0 1 0 0 0 1 
0 1 0 0 1 1 1 1 1 0 1 1 0 0 1 0 0 0 0 0 0 1 1 1 0 0 0 1 1 0 1 0 0 0 0 0 0 1 0 1 1 0 0 1 1 0 1 1 0 1 0 0 1 1 1 1 1 0 0 1 1 0 1 1 1 1 1 0 0 0 1 1 1 0 0 0 0 0 0 1 0 0 1 1 0 0 1 1 1 1 0 1 0 0 1 0 0 1 1 1 0 1 0 0 1 1 1 1 1 0 1 0 0 1 1 0 0 0 0 0 0 1 0 0 1 1 1 1 0 0 0 1 0 0 0 0 0 1 0 0 1 1 1 1 0 0 1 1 0 1 0 0 1 1 1 1 1 0 0 1 1 1 1 1 0 1 1 0 0 0 0 1 0 0 0 0 1 0 0 1 1 0 1 1 0 1 1 0 1 0 0 0 1 1 0 1 1 0 0 1 1 1 0 0 1 1 1 1 1 0 1 1 0 0 0 0 0 1 0 0 0 1 1 1 0 1 1 0 0 1 0 0 0 1 0 0 0 0 0 1 1 0 1 1 0 1 0 1 1 0 0 1 1 1 1 0 0 1 1 1 1 1 0 1 1 0 0 1 0 0 0 0 1 0 0 0 0 1 1 0 1 1 0 1 1 0 0 0 1 0 0 0 1 1 0 1 1 0 1 1 0 1 0 0 1 1 1 0 1 1 1 1 0 0 1 0 0 0 1 1 1 0 1 1 1 0 0 1 0 0 0 0 0 0 1 1 0 0 1 0 1 1 0 1 1 0 0 1 0 1 1 1 0 1 0 1 1 1 1 
1 1 1 1 1 1 0 1 0 0 1 0 0 0 0 0 0 1 0 0 1 0 0 1 0 1 1 0 1 1 0 0 0 1 0 0 1 0 1 0 1 0 1 0 1 1 0 1 1 1 1 1 1 1 0 1 0 0 0 1 0 0 1 1 0 1 0 0 0 0 1 0 0 0 0 1 0 0 1 0 0 1 0 1 1 1 0 1 0 1 1 1 1 1 1 1 1 0 0 1 1 1 1 1 1 1 0 1 0 0 0 0 0 1 0 0 0 1 0 0 1 0 0 1 0 1 1 0 0 0 1 0 0 0 0 0 1 0 0 1 0 1 0 1 1 1 0 1 1 1 1 1 1 1 0 1 0 0 1 1 1 0 1 0 0 1 0 0 0 0 1 0 0 0 0 1 0 0 1 0 1 1 0 1 1 0 1 1 1 1 0 1 0 1 1 0 1 1 1 0 1 1 1 1 1 0 1 1 0 0 1 0 0 0 0 0 1 0 0 0 1 0 1 0 0 1 0 0 0 0 0 0 1 0 0 0 1 0 1 0 1 1 0 1 1 1 1 0 1 1 1 1 1 0 1 1 1 1 1 0 1 0 0 1 0 0 0 0 0 0 1 1 0 0 0 0 1 0 1 1 0 1 1 0 1 1 0 1 0 0 0 1 0 1 1 0 1 1 0 1 1 1 1 1 1 1 0 0 1 0 1 0 0 0 0 0 0 1 1 0 0 0 1 1 0 0 0 0 0 0 1 0 0 1 0 1 0 1 0 1 0 1 1 0 1 1 1 1 1 1 0 1 0 1 1 0 0 0 1 
1 0 1 1 0 0 1 0 1 0 0 1 0 1 1 0 1 0 0 1 0 1 1 0 1 0 0 1 0 1 1 0 1 0 0 1 0 1 0 1 0 1 0 1 0 1 1 0 1 0 1 1 0 0 1 0 1 0 1 0 1 0 0 0 1 0 1 0 0 1 0 1 1 0 1 0 0 1 0 1 1 0 1 0 1 0 1 0 1 0 1 0 1 1 0 1 0 1 1 0 1 0 1 1 0 0 1 0 1 0 1 0 1 0 1 0 1 0 0 1 0 1 1 0 1 0 0 1 0 1 0 1 0 1 0 1 0 1 1 0 1 0 1 0 1 0 1 0 1 0 1 1 0 0 1 0 1 0 1 0 0 1 0 1 0 0 1 0 1 1 0 1 0 0 1 0 1 1 0 1 0 0 1 0 1 1 0 1 0 1 1 0 1 0 0 1 0 1 1 1 0 0 1 1 0 1 0 0 1 0 0 1 0 1 0 1 0 1 0 1 0 1 0 1 0 0 1 0 1 1 0 1 0 1 0 1 0 1 0 1 0 0 1 0 1 0 1 1 0 1 1 0 0 1 0 1 1 0 0 1 0 1 0 0 1 0 1 1 0 1 0 0 1 0 1 1 0 1 0 0 1 0 1 1 0 1 1 0 1 0 1 0 1 0 0 1 0 1 1 0 1 0 1 1 0 0 1 0 0 1 0 1 0 1 1 0 1 0 0 1 1 0 0 0 1 0 1 1 0 1 0 0 1 0 1 0 1 0 1 0 1 0 1 1 0 1 1 0 1 0 1 0 0 1 1 0 0 0 1 
1 1 1 1 0 0 1 0 1 1 0 1 1 0 1 1 0 0 1 0 0 0 0 1 0 0 0 0 1 1 1 1 0 0 1 0 0 0 0 0 1 0 0 0 1 1 0 1 1 1 1 1 0 0 1 0 1 1 0 0 1 1 0 0 1 0 1 1 1 0 0 1 1 1 0 0 1 0 0 0 0 0 0 1 1 0 0 1 0 1 1 1 1 1 1 1 0 0 0 1 1 1 1 1 0 0 1 0 1 1 1 1 0 0 1 1 0 0 1 0 0 0 0 0 0 1 0 1 1 0 0 1 1 0 1 0 0 0 0 0 0 1 0 1 1 0 0 1 1 1 1 1 0 0 1 0 1 1 1 0 0 1 0 1 1 0 1 1 0 0 0 1 1 1 0 0 0 0 0 0 1 0 0 1 1 0 1 1 1 1 0 0 0 1 0 0 1 1 1 0 1 1 1 1 0 1 0 0 1 1 0 1 1 0 1 0 0 1 1 0 0 0 0 1 1 0 1 1 0 1 1 0 0 0 1 0 0 0 0 0 1 0 0 1 1 1 1 0 1 1 1 0 0 1 1 1 1 0 0 1 0 1 1 0 1 1 0 1 1 0 0 0 0 1 0 0 0 0 1 0 0 1 1 0 1 1 0 0 0 1 0 0 0 1 0 0 1 1 0 1 1 1 1 1 0 0 1 1 0 1 0 1 1 0 1 1 0 0 0 1 1 1 0 0 1 1 0 1 1 0 0 1 0 0 0 1 0 0 0 0 0 1 1 0 1 1 1 1 1 0 0 1 1 0 0 1 1 1 0 
0 1 0 0 0 0 0 0 0 1 0 0 1 1 0 1 1 0 1 1 0 1 1 1 1 0 0 1 1 0 0 1 1 0 1 1 0 1 0 1 1 1 0 1 1 0 1 1 0 1 0 0 0 0 0 0 0 1 1 0 0 1 0 0 0 0 0 1 1 1 0 0 0 1 1 0 1 1 0 1 1 0 1 1 0 0 1 1 1 1 0 1 0 0 1 0 0 1 1 1 0 1 0 0 0 0 0 0 0 1 0 1 1 0 0 1 1 0 1 1 0 1 1 0 1 1 0 0 1 1 0 0 1 1 1 1 0 1 1 0 1 1 1 1 0 0 1 1 0 1 0 0 0 0 0 0 0 1 0 0 0 0 0 0 1 0 0 1 1 1 0 0 1 1 1 0 1 1 0 1 1 0 1 1 0 1 1 0 1 0 1 0 1 1 0 1 1 0 0 1 1 1 0 0 0 0 0 0 0 1 0 0 1 1 1 1 0 0 1 1 0 1 0 0 1 0 0 1 1 0 1 1 0 1 1 1 0 1 0 1 1 0 1 1 0 1 0 1 1 0 0 0 0 0 1 0 0 0 0 0 0 0 1 0 0 1 1 0 1 1 0 0 1 1 1 1 0 1 1 0 1 1 0 1 1 0 1 0 1 1 1 0 1 1 0 1 1 0 1 1 0 1 0 0 0 0 0 1 0 0 0 0 1 1 0 1 1 0 0 0 0 1 0 0 0 1 1 0 1 1 0 1 1 0 1 1 1 0 1 0 1 1 0 1 1 0 0 1 0 0 1 1 0 1 1 0 0 0 1 
0 0 0 0 1 1 0 1 0 0 1 0 0 1 0 0 1 1 0 1 1 1 1 0 1 1 1 1 0 0 0 0 1 1 0 1 1 1 1 1 0 1 1 1 0 0 1 0 0 0 0 0 1 1 0 1 0 0 1 1 0 0 1 1 0 1 0 0 0 1 1 0 0 0 1 1 0 1 1 1 1 1 1 0 0 1 1 0 1 0 0 0 0 0 0 0 1 1 1 0 0 0 0 0 1 1 0 1 0 0 0 0 1 1 0 0 1 1 0 1 1 1 1 1 1 0 1 0 0 1 1 0 0 1 0 1 1 1 1 1 1 0 1 0 0 1 1 0 0 0 0 0 1 1 0 1 0 0 0 1 1 0 1 0 0 1 0 0 1 1 1 0 0 0 1 1 1 1 1 1 0 1 1 0 0 1 0 0 0 0 1 1 1 0 1 1 0 0 0 1 0 0 0 0 1 0 1 1 0 0 1 0 0 1 0 1 1 0 0 1 1 1 1 0 0 1 0 0 1 0 0 1 1 1 0 1 1 1 1 1 0 1 1 0 0 0 0 1 0 0 0 1 1 0 0 0 0 1 1 0 1 0 0 1 0 0 1 0 0 1 1 1 1 0 1 1 1 1 0 1 1 0 0 1 0 0 1 1 1 0 1 1 1 0 1 1 0 0 1 0 0 0 0 0 1 1 0 0 1 0 1 0 0 1 0 0 1 1 1 0 0 0 1 1 0 0 1 0 0 1 1 0 1 1 1 0 1 1 1 1 1 0 0 1 0 0 0 0 0 1 1 0 1 0 0 1 1 1 0 
0 1 0 0 0 0 1 0 1 0 0 1 0 1 1 0 1 1 0 1 1 0 0 1 1 1 1 0 1 0 1 0 1 1 0 1 1 0 1 0 1 1 1 0 1 0 0 1 0 1 0 0 0 0 1 0 1 0 1 0 1 0 0 0 1 0 1 0 0 1 0 1 1 0 1 1 0 1 1 0 1 1 0 1 0 1 0 1 0 1 0 1 0 0 1 0 1 0 0 1 0 1 0 0 0 0 1 0 1 0 1 0 1 0 1 0 1 1 0 1 1 0 1 1 0 1 0 1 0 1 1 1 0 1 0 1 1 0 1 1 0 1 0 1 0 1 0 1 0 1 0 0 0 0 1 0 1 0 0 0 0 1 0 1 0 0 1 0 1 1 1 1 0 0 1 1 0 1 1 0 1 1 0 1 0 0 1 0 1 0 1 1 0 1 1 0 1 0 0 0 1 1 0 0 0 1 0 0 1 0 0 1 0 1 0 1 1 1 0 1 1 0 0 1 0 0 1 0 1 1 0 1 1 0 0 1 1 1 1 0 1 1 0 1 0 1 0 0 1 0 0 0 0 1 1 0 0 0 0 1 0 1 0 0 1 0 1 1 0 1 1 1 0 0 1 1 1 0 1 1 0 1 0 0 1 0 1 1 0 0 1 1 0 1 1 0 1 0 0 1 0 1 0 0 0 0 1 0 0 1 0 1 0 1 1 0 1 1 0 1 1 0 0 0 1 0 1 1 0 1 1 0 1 1 0 1 1 1 0 1 0 1 0 0 1 0 0 1 0 0 0 1 0 1 0 0 1 1 1 
0 0 0 0 1 1 1 1 1 1 1 1 1 0 1 1 0 1 1 0 1 0 0 0 0 1 1 0 0 0 1 1 0 1 1 0 1 0 1 0 0 0 1 0 0 0 0 0 0 0 0 0 1 1 1 1 1 1 0 1 1 1 1 1 1 1 1 1 1 0 1 1 1 1 0 1 1 0 1 0 0 1 0 0 0 1 0 0 0 0 0 0 0 0 0 0 1 0 0 0 0 0 0 0 1 1 1 1 1 1 1 1 0 1 1 1 0 1 1 0 1 0 0 1 0 0 1 1 1 0 1 1 1 0 1 0 1 0 0 1 0 0 0 0 0 1 0 0 0 0 0 0 1 1 1 1 1 1 0 1 1 1 1 1 1 1 1 1 0 0 1 1 1 1 0 1 0 0 1 0 0 1 0 0 0 0 0 0 0 0 0 1 0 0 1 0 0 0 0 0 0 0 0 0 1 1 1 1 1 1 1 1 1 0 1 0 1 1 1 0 1 0 1 1 1 1 1 1 0 1 1 0 1 0 1 0 1 0 1 0 0 1 0 0 0 0 0 0 0 0 0 1 1 1 0 0 0 1 1 1 1 1 1 1 1 1 0 1 1 0 1 1 0 1 0 0 1 0 0 1 0 0 0 0 0 0 0 1 0 1 0 1 0 0 1 0 0 0 0 0 0 0 0 0 1 1 1 1 1 1 1 1 1 0 1 1 0 1 1 1 1 1 1 1 1 1 0 1 1 0 1 1 0 1 0 0 0 1 0 1 0 0 0 0 0 0 0 0 0 1 0 0 0 1 1 0 0 0 1 
1 0 1 1 1 1 0 1 0 1 1 0 1 1 0 1 1 0 1 1 0 0 0 0 1 0 0 0 0 1 0 1 1 0 1 1 0 0 0 0 0 1 0 0 0 1 0 0 1 0 1 1 1 1 0 1 0 1 1 1 0 1 1 1 0 1 0 1 1 1 1 0 0 1 1 0 1 1 0 0 1 0 0 0 1 0 0 0 0 0 1 0 1 1 0 1 0 0 0 0 1 0 1 1 1 1 0 1 0 1 0 1 1 1 0 1 1 0 1 1 0 0 1 0 0 0 1 0 1 1 0 0 1 1 1 1 0 0 1 0 0 0 0 0 1 0 0 0 1 0 1 1 1 1 0 1 0 1 1 1 1 0 1 0 1 1 0 1 1 1 0 0 1 1 1 0 0 1 0 0 0 0 0 0 1 0 0 1 0 1 1 0 0 0 0 0 0 1 1 0 0 0 1 1 1 0 1 1 0 1 1 0 1 1 1 1 0 0 1 1 0 0 1 0 1 1 0 1 1 0 1 1 0 0 1 1 0 1 0 0 0 0 0 0 1 0 1 0 0 1 1 1 1 0 0 1 1 1 1 0 1 0 1 1 0 1 1 0 1 1 0 0 0 1 1 1 0 0 0 0 0 0 1 0 0 1 1 0 0 1 1 0 0 0 0 0 0 1 0 0 1 0 1 1 1 1 0 1 1 0 1 0 1 1 0 1 1 0 1 0 0 1 1 1 0 1 1 0 1 1 0 1 1 0 0 0 1 0 0 0 0 0 1 0 0 1 1 0 1 1 0 0 1 0 1 1 0 0 0 
