C CINVESTAV-TAMAULIPAS, MEXICO 
C email: jtj@cinvestav.mx 
C http://www.tamps.cinvestav.mx/~jtj/ 
C 
47 262 2^262 3
0 1 0 1 1 0 1 0 0 1 0 0 1 0 0 0 1 0 0 1 0 1 0 1 0 0 0 1 0 1 0 1 1 0 0 0 0 0 1 0 0 1 0 0 0 0 0 1 1 0 0 0 0 1 1 0 0 1 0 1 0 0 1 0 0 0 1 0 1 0 0 0 0 0 1 1 1 0 1 1 1 1 1 1 1 1 0 0 0 1 0 0 1 0 0 1 0 0 0 0 1 1 0 1 0 0 0 1 1 1 0 0 0 1 0 0 0 1 1 1 1 1 1 1 1 1 1 1 0 0 1 0 0 0 0 1 0 0 0 0 0 0 0 1 1 1 0 0 1 0 0 1 0 0 0 1 0 0 0 1 0 1 0 0 0 1 0 1 0 1 0 0 0 0 1 0 0 0 0 0 0 0 1 1 0 0 0 0 1 1 0 0 1 1 1 0 0 1 0 0 0 1 0 0 0 0 0 0 1 1 1 1 1 1 1 1 1 1 0 0 1 0 0 1 0 0 0 0 1 1 0 1 0 0 1 0 1 0 0 0 1 0 0 0 1 1 1 1 1 1 1 1 1 0 0 0 0 0 0 0 0 0
1 0 0 1 0 1 1 0 1 1 1 0 1 0 1 1 0 1 0 0 1 1 0 1 0 1 1 0 0 0 1 1 0 1 0 1 0 0 0 1 0 1 0 1 1 0 0 1 0 1 1 0 1 0 0 1 0 1 0 1 0 0 1 1 0 0 0 0 1 1 1 0 1 0 0 1 0 0 0 0 0 1 0 1 1 1 0 1 1 0 0 0 0 1 1 0 0 1 1 0 0 1 0 0 1 1 0 1 1 1 0 0 0 0 1 1 1 0 1 0 0 1 1 1 0 1 0 1 0 0 1 1 0 1 1 1 0 0 1 0 1 0 0 1 0 1 0 1 1 1 0 1 0 1 1 0 1 0 1 1 0 1 0 1 1 0 0 0 1 1 1 0 0 0 0 1 0 0 1 1 0 0 1 0 1 1 0 1 0 0 1 0 1 0 1 0 0 1 1 0 0 0 0 1 1 0 1 0 0 1 0 0 0 1 0 1 1 1 1 1 0 0 1 0 0 1 1 0 0 1 0 0 1 0 1 1 1 0 0 0 0 1 1 1 0 1 0 0 1 1 1 1 0 1 0 1 0 1 0 0 1 0
0 1 1 1 1 0 1 0 0 0 1 1 1 1 0 1 1 0 0 0 0 1 0 1 1 0 1 1 0 0 0 1 0 0 1 1 1 1 0 1 0 0 0 0 1 1 1 1 1 0 1 0 0 0 0 1 1 1 1 0 1 1 1 1 0 0 1 0 0 1 1 0 0 0 0 0 1 1 1 1 0 0 0 1 0 1 1 0 1 1 1 0 0 0 1 0 1 0 1 1 1 1 0 0 0 1 0 0 0 1 1 1 1 0 0 1 0 0 1 1 1 0 0 1 0 0 0 1 0 1 0 0 1 1 0 0 0 0 0 0 0 1 1 1 1 0 0 0 0 1 1 1 1 0 1 1 0 0 0 1 0 1 1 0 1 1 0 0 0 1 0 1 1 1 0 1 0 0 0 1 1 1 1 1 0 1 0 0 0 0 1 1 1 1 0 1 1 1 1 0 0 1 0 1 1 0 0 0 0 0 1 1 0 0 0 1 0 1 0 1 1 1 1 0 1 0 1 1 1 1 0 0 1 0 0 0 1 1 1 1 0 0 1 0 0 1 1 1 0 0 1 0 0 1 1 0 1 1 0 0 0 0
0 1 0 0 0 1 0 1 0 0 1 0 0 0 1 0 1 0 0 1 0 1 1 0 0 1 0 0 0 1 0 0 1 0 0 0 0 0 1 1 1 0 0 1 0 1 0 0 0 0 1 1 0 0 1 0 1 0 0 1 1 0 0 0 1 0 0 0 1 1 0 1 0 0 1 0 0 1 0 1 1 0 0 0 0 0 0 1 0 1 0 0 1 0 1 1 0 1 0 1 0 0 0 1 0 1 1 0 1 0 1 0 0 1 0 1 0 0 0 1 0 1 0 1 1 0 0 1 0 1 1 0 0 0 0 1 1 1 0 0 0 1 0 0 0 1 1 0 0 1 0 0 0 1 0 1 0 0 0 1 1 0 0 1 0 0 0 1 0 0 0 0 0 0 1 1 1 0 1 0 1 0 0 0 0 1 1 0 0 1 0 1 0 0 1 1 0 0 0 1 0 0 0 1 0 1 0 0 1 0 0 1 1 0 0 0 0 0 1 0 1 0 1 1 0 1 0 1 0 0 0 1 1 1 0 1 0 1 0 0 1 0 1 0 0 0 1 0 1 0 1 0 0 1 1 0 0 0 1 1 0 0
0 0 1 0 0 0 0 0 1 0 1 1 0 0 0 0 0 1 1 1 0 1 0 0 0 0 0 1 1 1 0 0 0 1 0 0 0 1 1 1 0 1 1 0 0 0 1 0 0 0 1 0 1 1 1 0 0 0 0 0 0 1 0 0 1 0 0 0 0 1 0 0 1 1 1 0 1 0 0 0 0 1 1 0 0 0 0 0 0 0 1 1 1 0 1 0 0 0 0 0 1 0 1 1 0 1 0 1 0 0 0 1 0 1 0 1 1 1 0 0 1 0 0 1 0 1 1 1 1 0 0 0 1 0 1 0 0 0 1 1 0 0 1 0 0 0 0 1 0 1 1 0 0 0 0 0 1 1 0 1 0 0 0 0 0 1 1 1 0 0 1 0 0 1 1 1 0 1 0 0 0 1 0 0 0 1 0 1 1 1 0 0 0 0 0 0 1 0 0 1 0 0 0 1 0 0 1 1 1 0 1 0 0 1 1 0 0 0 0 0 0 1 1 0 0 0 0 0 1 0 1 1 1 0 1 0 0 0 1 0 1 0 1 1 1 0 0 1 0 0 1 1 1 1 0 0 1 0 0 0 1 1
1 0 0 1 1 0 0 1 0 1 1 0 1 1 0 0 0 0 1 0 1 1 1 1 1 0 0 0 1 0 1 1 1 0 1 0 1 0 0 1 1 0 1 0 0 0 0 1 1 1 1 1 0 1 0 0 0 1 1 0 0 0 1 1 0 0 1 0 0 1 1 1 0 1 0 1 0 0 1 0 1 0 1 0 1 1 1 0 0 0 0 1 0 1 1 1 1 0 0 0 0 1 1 0 1 1 1 0 0 0 0 0 1 0 1 1 0 1 0 0 0 0 1 1 1 0 1 1 1 0 0 1 0 0 0 0 1 1 0 1 1 0 0 1 1 0 1 0 1 1 0 1 1 0 0 0 0 1 1 1 1 1 1 0 0 0 1 0 1 1 0 1 1 0 0 1 1 1 0 0 0 0 1 1 1 1 1 0 1 0 0 0 1 1 0 0 0 1 1 0 0 1 0 1 1 1 0 1 0 1 0 0 1 0 1 0 1 1 0 0 0 0 1 1 1 0 0 0 0 1 1 0 1 1 0 0 0 0 0 1 0 1 1 0 1 0 0 0 0 1 1 0 1 1 0 1 0 0 1 1 0 1
1 1 1 0 1 1 1 1 1 1 1 1 0 1 1 1 1 1 1 0 1 1 1 0 1 1 1 1 1 0 1 0 1 1 1 1 1 1 0 1 1 1 1 1 1 1 1 0 1 1 1 1 1 1 0 1 1 0 1 1 1 1 0 1 1 0 1 0 1 1 1 1 1 1 0 1 1 1 1 1 1 1 1 1 1 0 1 1 1 1 1 1 0 1 1 1 1 1 1 1 1 0 1 0 1 1 1 1 1 1 1 1 1 0 1 1 1 1 1 1 1 1 1 1 1 1 1 0 1 1 1 1 1 1 1 1 1 1 1 1 1 1 1 0 1 1 1 1 1 1 1 0 1 1 1 1 1 1 1 1 1 0 1 1 1 1 1 0 1 0 1 1 1 1 0 1 1 1 1 1 1 1 0 1 1 1 1 1 1 0 1 1 0 1 1 1 1 0 1 1 0 1 0 1 1 1 1 1 0 1 1 1 1 1 1 1 0 0 1 1 1 1 1 1 1 1 1 1 1 0 1 0 1 1 1 1 1 1 1 1 0 1 1 1 1 1 1 1 1 1 1 1 1 1 1 1 1 1 1 1 1 1
0 0 0 0 0 0 0 0 0 0 0 0 0 0 0 0 0 0 0 0 0 0 0 0 0 0 0 0 1 0 0 0 0 0 0 0 1 0 0 0 0 0 0 0 0 0 0 0 0 0 0 0 0 0 0 0 0 0 0 0 1 1 1 1 0 1 1 1 1 1 1 1 1 0 1 1 0 0 0 0 0 0 0 0 0 1 1 1 1 1 1 1 1 1 1 1 1 1 1 1 1 1 1 1 1 1 1 1 1 1 1 1 1 1 1 1 1 1 1 1 1 1 1 1 1 1 1 0 0 0 0 0 0 1 1 0 1 0 0 0 0 0 0 0 0 0 0 0 0 0 0 0 0 0 0 0 0 0 0 0 0 0 0 0 0 0 1 0 0 0 0 0 1 0 0 0 0 0 0 0 0 0 0 0 0 0 0 0 0 0 0 0 0 0 0 1 1 1 1 0 1 1 1 1 1 1 1 0 1 1 0 0 0 0 0 0 0 1 1 1 1 1 1 1 1 1 1 1 1 1 1 1 1 1 1 1 1 1 1 1 1 1 1 1 1 1 1 1 1 1 1 1 1 0 0 0 0 1 1 0 0 0
0 0 0 0 0 0 0 0 0 0 0 0 0 0 0 0 0 0 0 0 0 0 0 0 0 0 0 0 0 1 1 1 1 1 1 1 0 1 1 1 1 1 1 1 1 1 1 1 1 1 1 1 1 1 1 1 1 1 1 1 0 0 0 1 1 0 1 1 0 0 1 0 0 1 0 0 0 1 0 0 0 0 0 0 0 0 0 0 0 0 0 0 0 0 0 0 1 1 1 1 1 1 1 1 1 1 1 1 0 0 0 0 0 0 0 0 0 0 1 1 1 1 1 1 1 1 1 0 0 0 1 1 1 0 0 0 0 0 0 0 0 0 0 0 0 0 0 0 0 0 0 0 0 0 0 0 0 0 0 0 0 0 0 0 0 0 0 1 1 1 1 1 0 1 1 1 1 1 1 1 1 1 1 1 1 1 1 1 1 1 1 1 1 1 1 0 0 0 1 1 0 1 1 0 1 0 0 1 0 0 0 0 0 0 0 0 0 0 0 0 0 0 0 0 1 1 1 1 1 1 1 1 1 1 1 0 0 0 0 0 0 0 0 0 0 1 1 1 1 1 1 1 1 0 0 1 1 0 0 0 0 0
0 0 0 0 0 0 0 0 0 0 0 0 0 0 0 0 0 1 1 1 1 1 1 1 1 1 1 1 0 0 0 0 0 0 0 0 0 0 1 1 1 1 1 1 1 1 1 1 1 1 1 1 1 1 1 1 1 1 1 1 0 0 0 1 0 1 0 0 0 0 1 0 0 0 0 0 1 0 1 1 1 1 1 1 1 1 1 1 1 1 1 1 1 1 1 1 0 0 0 0 0 0 0 0 0 0 0 0 1 1 1 1 1 1 1 1 1 1 0 0 0 0 0 0 0 0 0 0 0 1 0 1 1 0 1 1 1 0 0 0 0 0 0 0 0 0 0 0 0 0 0 0 0 0 0 0 1 1 1 1 1 1 1 1 1 1 0 0 0 0 0 0 0 0 1 1 1 1 1 1 1 1 1 1 1 1 1 1 1 1 1 1 1 1 1 0 0 0 1 0 1 0 0 0 1 0 0 0 0 0 1 1 1 1 1 1 1 1 1 1 1 1 1 1 0 0 0 0 0 0 0 0 0 0 0 1 1 1 1 1 1 1 1 1 1 0 0 0 0 0 0 0 0 0 1 1 1 0 1 0 0 0
0 0 0 0 0 0 0 1 1 1 1 1 1 1 1 1 1 0 0 0 0 0 0 0 0 0 0 0 1 1 1 1 1 1 1 1 1 1 0 0 0 0 0 0 0 0 0 0 0 1 1 1 1 1 1 1 1 1 1 1 1 1 1 1 0 0 0 0 1 1 0 1 1 1 1 1 1 1 1 1 1 1 1 1 1 0 0 0 0 0 0 0 0 0 0 0 0 0 0 0 0 0 0 0 0 0 0 0 1 1 1 1 1 1 1 1 1 1 0 0 0 0 0 0 0 0 0 0 1 0 1 0 1 1 0 1 1 0 0 0 0 0 0 0 0 0 1 1 1 1 1 1 1 1 1 1 0 0 0 0 0 0 0 0 0 0 1 1 1 1 1 1 1 1 0 0 0 0 0 0 0 0 0 0 1 1 1 1 1 1 1 1 1 1 1 1 1 1 1 0 0 0 0 1 0 1 1 1 1 1 1 1 1 1 1 1 1 0 0 0 0 0 0 0 0 0 0 0 0 0 0 0 0 0 0 1 1 1 1 1 1 1 1 1 1 0 0 0 0 0 0 0 0 0 0 0 1 1 1 0 0 0
0 0 0 0 0 0 0 1 1 1 1 1 1 1 1 1 1 1 1 1 1 1 1 1 1 1 1 1 1 0 0 0 0 0 0 0 1 0 1 1 1 1 1 1 1 1 1 1 1 0 0 0 0 0 0 0 0 0 0 0 1 1 1 1 1 1 1 1 1 1 0 1 1 0 1 1 0 0 0 0 0 0 0 0 0 0 0 0 0 0 0 0 0 0 0 0 0 0 0 0 0 0 0 0 0 0 0 0 0 0 0 0 0 0 0 0 0 0 1 1 1 1 1 1 1 1 1 0 1 1 0 1 0 1 0 0 0 0 0 0 0 0 0 0 0 0 1 1 1 1 1 1 1 1 1 1 1 1 1 1 1 1 1 1 1 1 1 0 0 0 0 0 1 0 1 1 1 1 1 1 1 1 1 1 0 0 0 0 0 0 0 0 0 0 0 1 1 1 1 1 1 1 1 1 0 1 1 0 1 1 0 0 0 0 0 0 0 0 0 0 0 0 0 0 0 0 0 0 0 0 0 0 0 0 0 0 0 0 0 0 0 0 0 0 0 1 1 1 1 1 1 1 1 0 1 1 0 1 0 0 0 0
0 0 0 0 0 0 0 1 1 1 1 1 1 1 1 1 1 1 1 1 1 1 1 1 1 1 1 1 0 1 1 1 1 1 1 1 0 1 0 0 0 0 0 0 0 0 0 0 0 0 0 0 0 0 0 0 0 0 0 0 0 0 0 1 1 0 0 0 0 0 0 0 0 1 0 0 1 1 1 1 1 1 1 1 1 1 1 1 1 1 1 1 1 1 1 1 1 1 1 1 1 1 1 1 1 1 1 1 0 0 0 0 0 0 0 0 0 0 0 0 0 0 0 0 0 0 0 0 1 1 1 0 0 0 1 1 0 0 0 0 0 0 0 0 0 0 1 1 1 1 1 1 1 1 1 1 1 1 1 1 1 1 1 1 1 1 0 1 1 1 1 1 0 1 0 0 0 0 0 0 0 0 0 0 0 0 0 0 0 0 0 0 0 0 0 0 0 0 1 1 0 0 0 0 0 0 0 1 0 0 1 1 1 1 1 1 1 1 1 1 1 1 1 1 1 1 1 1 1 1 1 1 1 1 1 0 0 0 0 0 0 0 0 0 0 0 0 0 0 0 0 0 0 0 1 0 0 0 0 0 0 0
1 1 1 1 1 1 1 0 0 0 0 0 0 0 0 0 0 0 0 0 0 0 0 0 0 0 0 0 1 1 1 1 1 1 1 1 1 1 1 1 1 1 1 1 1 1 1 1 1 0 0 0 0 0 0 0 0 0 0 0 1 1 1 0 1 0 0 0 1 1 1 1 1 1 1 1 1 1 1 1 1 1 1 1 1 1 1 1 1 1 1 1 1 1 1 1 0 0 0 0 0 0 0 0 0 0 0 0 0 0 0 0 0 0 0 0 0 0 0 0 0 0 0 0 0 0 0 1 0 0 1 1 0 1 1 1 0 1 1 1 1 1 1 1 1 1 0 0 0 0 0 0 0 0 0 0 0 0 0 0 0 0 0 0 0 0 1 1 1 1 1 1 1 1 1 1 1 1 1 1 1 1 1 1 0 0 0 0 0 0 0 0 0 0 0 1 1 1 0 1 0 0 0 1 1 1 1 1 1 1 1 1 1 1 1 1 1 1 1 1 1 1 1 1 0 0 0 0 0 0 0 0 0 0 0 0 0 0 0 0 0 0 0 0 0 0 0 0 0 0 0 0 0 1 0 1 0 1 0 1 1 1
1 1 1 1 1 1 1 0 0 0 0 0 0 0 0 0 0 1 1 1 1 1 1 1 1 1 1 1 1 0 0 0 0 0 0 0 1 0 0 0 0 0 0 0 0 0 0 0 0 1 1 1 1 1 1 1 1 1 1 1 1 1 1 0 1 1 0 0 1 1 1 1 1 0 1 1 1 0 1 1 1 1 1 1 1 0 0 0 0 0 0 0 0 0 0 0 1 1 1 1 1 1 1 1 1 1 1 1 0 0 0 0 0 0 0 0 0 0 0 0 0 0 0 0 0 0 0 1 0 1 0 0 1 1 0 1 0 1 1 1 1 1 1 1 1 1 0 0 0 0 0 0 0 0 0 0 1 1 1 1 1 1 1 1 1 1 1 0 0 0 0 0 1 0 0 0 0 0 0 0 0 0 0 0 1 1 1 1 1 1 1 1 1 1 1 1 1 1 0 1 1 0 0 1 1 1 1 0 1 1 1 1 1 1 1 1 1 0 0 0 0 0 0 0 1 1 1 1 1 1 1 1 1 1 1 0 0 0 0 0 0 0 0 0 0 0 0 0 0 0 0 0 0 1 1 0 1 1 0 1 1 1
1 1 1 1 1 1 1 0 0 0 0 0 0 0 0 0 0 1 1 1 1 1 1 1 1 1 1 1 0 1 1 1 1 1 1 1 0 1 0 0 0 0 0 0 0 0 0 0 0 0 0 0 0 0 0 0 0 0 0 0 0 0 0 0 0 0 1 1 0 0 1 0 0 1 0 0 0 1 0 0 0 0 0 0 0 0 0 0 0 0 0 0 0 0 0 0 0 0 0 0 0 0 0 0 0 0 0 0 1 1 1 1 1 1 1 1 1 1 1 1 1 1 1 1 1 1 1 1 0 1 1 0 0 0 0 0 1 1 1 1 1 1 1 1 1 1 0 0 0 0 0 0 0 0 0 0 1 1 1 1 1 1 1 1 1 1 0 1 1 1 1 1 0 1 0 0 0 0 0 0 0 0 0 0 0 0 0 0 0 0 0 0 0 0 0 0 0 0 0 0 0 1 1 0 1 0 0 1 0 0 0 0 0 0 0 0 0 0 0 0 0 0 0 0 0 0 0 0 0 0 0 0 0 0 0 1 1 1 1 1 1 1 1 1 1 1 1 1 1 1 1 1 1 1 1 0 0 0 1 1 1 1
1 1 1 1 1 1 1 1 1 1 1 1 1 1 1 1 1 0 0 0 0 0 0 0 0 0 0 0 0 0 0 0 0 0 0 0 0 0 0 0 0 0 0 0 0 0 0 0 0 1 1 1 1 1 1 1 1 1 1 1 0 0 0 0 1 1 1 1 0 0 0 0 0 0 0 0 0 0 0 0 0 0 0 0 0 1 1 1 1 1 1 1 1 1 1 1 0 0 0 0 0 0 0 0 0 0 0 0 0 0 0 0 0 0 0 0 0 0 1 1 1 1 1 1 1 1 1 1 1 0 0 0 1 0 1 0 0 1 1 1 1 1 1 1 1 1 1 1 1 1 1 1 1 1 1 1 0 0 0 0 0 0 0 0 0 0 0 0 0 0 0 0 0 0 0 0 0 0 0 0 0 0 0 0 1 1 1 1 1 1 1 1 1 1 1 0 0 0 0 1 1 1 1 0 0 0 0 0 0 0 0 0 0 0 0 0 0 1 1 1 1 1 1 1 0 0 0 0 0 0 0 0 0 0 0 0 0 0 0 0 0 0 0 0 0 1 1 1 1 1 1 1 1 1 0 0 1 0 0 1 1 1
1 1 1 1 1 1 1 1 1 1 1 1 1 1 1 1 1 0 0 0 0 0 0 0 0 0 0 0 0 0 0 0 0 0 0 0 0 0 1 1 1 1 1 1 1 1 1 1 1 0 0 0 0 0 0 0 0 0 0 0 0 0 0 0 0 1 0 0 0 0 0 0 0 0 0 0 1 0 1 1 1 1 1 1 1 0 0 0 0 0 0 0 0 0 0 0 1 1 1 1 1 1 1 1 1 1 1 1 1 1 1 1 1 1 1 1 1 1 0 0 0 0 0 0 0 0 0 1 1 0 0 1 0 0 0 1 1 1 1 1 1 1 1 1 1 1 1 1 1 1 1 1 1 1 1 1 0 0 0 0 0 0 0 0 0 0 0 0 0 0 0 0 0 0 1 1 1 1 1 1 1 1 1 1 0 0 0 0 0 0 0 0 0 0 0 0 0 0 0 0 1 0 0 0 0 0 0 0 0 0 1 1 1 1 1 1 1 0 0 0 0 0 0 0 1 1 1 1 1 1 1 1 1 1 1 1 1 1 1 1 1 1 1 1 1 0 0 0 0 0 0 0 0 1 0 1 0 0 1 1 1 1
1 1 1 1 1 1 1 1 1 1 1 1 1 1 1 1 1 1 1 1 1 1 1 1 1 1 1 1 1 1 1 1 1 1 1 1 1 1 1 1 1 1 1 1 1 1 1 1 1 1 1 1 1 1 1 1 1 1 1 1 1 1 1 0 0 0 0 1 0 1 0 1 1 1 1 1 0 1 0 0 0 0 0 0 0 1 1 1 1 1 1 1 1 1 1 1 1 1 1 1 1 1 1 1 1 1 1 1 1 1 1 1 1 1 1 1 1 1 0 0 0 0 0 0 0 0 0 1 1 1 1 1 1 1 1 0 1 1 1 1 1 1 1 1 1 1 1 1 1 1 1 1 1 1 1 1 1 1 1 1 1 1 1 1 1 1 1 1 1 1 1 1 1 1 1 1 1 1 1 1 1 1 1 1 1 1 1 1 1 1 1 1 1 0 1 1 1 1 0 0 0 0 1 1 0 1 1 1 1 1 0 0 0 0 0 0 0 1 1 1 1 1 1 1 1 1 1 1 1 1 1 1 1 1 1 1 1 1 1 1 1 1 1 1 1 0 0 0 0 0 0 0 0 1 1 1 1 1 1 1 1 1
1 1 0 0 0 0 1 0 0 0 1 1 0 0 1 0 1 0 0 0 1 0 1 1 0 0 1 1 0 0 0 1 0 1 1 0 1 0 0 0 1 0 1 1 0 0 1 0 1 0 0 0 1 0 1 1 0 1 0 1 1 0 0 0 1 0 1 0 0 1 0 0 0 1 0 1 0 0 0 1 1 0 0 0 0 0 0 0 1 0 1 0 0 1 0 1 0 0 0 1 0 1 1 0 0 1 0 1 0 0 0 1 1 1 0 0 0 1 0 0 0 1 1 0 0 1 0 0 0 0 0 0 0 1 1 1 1 0 0 1 1 1 0 0 0 0 0 0 0 1 1 0 0 1 0 1 0 0 1 0 1 1 0 0 1 1 0 0 0 1 1 1 1 0 0 0 1 1 1 0 0 1 0 1 0 0 0 1 0 1 1 0 1 0 1 1 0 0 0 1 0 1 0 1 0 0 0 1 0 1 0 1 1 0 0 0 0 0 0 1 0 1 0 1 0 0 0 1 0 1 1 0 1 0 1 0 0 0 1 1 1 0 0 0 1 0 0 0 1 1 0 1 0 0 0 0 0 1 1 0 0 1
0 0 1 1 0 0 1 0 1 0 0 0 1 1 0 0 1 0 1 0 1 0 0 0 1 1 0 1 0 1 0 1 0 0 0 1 0 0 0 0 1 0 0 0 1 1 0 0 1 0 1 0 1 0 0 0 1 0 0 1 1 1 0 1 0 0 1 1 0 0 0 1 1 0 0 1 0 0 0 0 0 1 1 1 0 0 1 0 1 0 0 1 1 0 0 1 0 1 0 0 0 0 0 1 1 1 0 1 0 0 0 1 0 0 1 1 0 1 0 1 0 0 0 1 1 0 0 0 0 0 1 1 1 0 0 1 0 1 0 1 0 0 1 1 0 0 0 1 0 0 0 1 1 0 0 1 0 1 1 0 0 0 1 1 0 1 0 1 0 1 0 0 0 0 0 0 1 0 0 1 1 0 0 1 0 1 0 1 0 0 0 1 0 0 1 1 1 0 1 0 0 1 1 0 0 1 1 0 0 1 0 0 0 1 1 1 0 0 0 1 0 0 0 1 0 1 0 0 0 0 0 1 1 0 1 0 0 0 1 0 0 1 1 0 1 0 1 0 0 0 1 0 0 0 0 1 1 0 0 1 0 1
0 1 0 1 1 1 0 0 1 1 0 1 0 1 1 1 0 0 1 0 0 1 0 1 0 1 1 0 0 1 0 0 1 0 1 1 1 1 0 0 0 1 0 1 0 1 1 1 0 0 1 0 0 1 0 1 0 1 1 0 0 1 0 0 0 1 0 0 1 1 1 0 1 1 1 0 0 0 0 0 1 0 1 1 1 0 1 0 0 1 0 0 1 1 1 0 0 1 0 1 1 0 1 0 1 0 1 0 0 1 0 0 0 1 0 1 1 0 0 1 0 0 1 0 1 1 1 0 0 1 0 1 1 0 1 0 1 1 0 0 0 1 0 1 1 1 0 1 1 0 1 0 1 1 1 0 0 1 0 1 0 1 0 1 1 0 0 1 0 0 0 1 1 1 0 0 0 0 1 0 1 1 1 0 0 1 0 0 1 0 1 0 1 1 0 0 1 0 0 0 1 0 0 1 1 0 1 1 1 0 0 0 1 0 1 1 1 0 0 0 1 0 1 0 0 1 0 1 1 0 1 0 0 1 0 0 1 0 0 0 1 0 1 1 0 0 1 0 0 1 0 1 1 0 1 1 1 0 1 1 0 0
1 0 1 1 1 0 0 0 0 1 1 0 1 1 1 0 0 0 0 1 0 1 1 0 1 1 1 0 0 0 1 0 1 1 0 1 1 0 0 1 0 1 1 0 1 1 1 0 0 0 0 1 0 1 1 0 1 1 0 0 0 0 1 0 1 1 0 0 1 0 1 1 1 1 0 0 0 0 1 1 0 1 1 0 0 0 0 1 0 1 1 1 1 1 0 0 0 0 1 1 1 1 0 1 1 0 0 0 0 1 1 0 1 0 1 1 0 0 0 0 1 1 0 1 1 1 0 0 1 0 1 0 1 1 0 0 1 0 1 0 1 0 1 1 1 0 0 0 1 1 0 1 1 1 0 0 0 0 0 1 1 0 1 1 1 0 0 0 1 0 1 0 1 0 0 1 0 1 0 1 1 1 0 0 0 0 1 0 1 1 0 1 1 0 0 0 0 1 0 1 1 0 0 0 1 1 1 1 0 0 0 1 0 1 1 0 0 0 1 0 1 1 0 0 0 0 1 1 1 1 0 1 0 0 0 0 1 1 0 1 0 1 1 0 0 0 0 1 1 0 1 1 0 0 0 0 1 1 1 0 1 0
1 0 0 0 0 1 1 0 1 0 1 0 0 0 0 1 1 0 1 1 0 0 1 0 0 0 0 1 0 1 1 0 0 1 0 0 0 1 0 1 0 0 1 0 0 0 0 1 1 0 1 1 0 0 1 0 0 0 1 1 0 1 1 1 0 0 0 1 0 0 1 0 0 0 1 1 0 0 1 1 0 0 0 1 1 0 1 1 0 0 1 0 0 0 1 1 0 1 1 0 0 1 0 0 0 0 1 1 0 0 1 0 1 0 0 0 1 1 0 1 1 1 0 0 0 0 1 0 1 1 0 1 0 1 0 0 0 1 1 0 1 0 0 0 0 1 0 1 0 1 0 0 0 0 1 1 0 1 0 0 1 0 0 0 0 1 0 1 1 0 1 0 0 1 0 1 0 1 0 0 0 0 1 1 0 1 1 0 0 1 0 0 0 1 1 0 1 1 1 0 0 0 1 0 1 0 0 0 1 1 0 1 0 0 0 1 1 0 1 0 0 1 1 1 0 1 1 0 0 1 0 0 0 1 1 0 0 1 0 1 0 0 0 1 1 0 1 1 1 0 0 0 1 0 1 1 0 1 0 1 1 0
0 1 1 0 1 1 0 0 0 1 0 1 1 0 0 1 0 0 0 1 1 1 0 1 1 0 0 0 0 0 1 1 1 0 1 0 0 1 0 1 1 1 0 1 1 0 0 1 0 0 0 1 1 1 0 1 1 0 1 0 1 0 1 1 1 1 1 1 1 1 0 1 0 0 1 0 0 0 1 0 1 1 0 0 1 0 0 1 1 1 0 1 0 0 1 0 0 0 1 0 1 0 1 1 0 1 1 0 0 1 1 1 0 1 1 0 1 0 0 0 1 0 1 1 0 0 1 0 1 1 1 0 0 0 1 1 0 0 1 1 0 1 1 0 1 1 0 0 1 0 1 1 0 0 1 0 0 0 1 1 0 1 1 0 0 0 0 0 1 1 0 1 0 1 0 1 1 0 1 1 0 0 1 0 0 0 1 1 1 0 1 1 0 1 0 1 0 1 1 1 1 1 1 1 0 1 0 0 1 0 0 0 1 1 0 0 1 0 1 1 1 0 1 0 0 0 1 0 1 0 1 1 1 1 0 0 1 1 1 0 1 1 0 1 0 0 0 1 0 1 1 0 1 0 1 0 0 0 0 0 1 1
1 1 1 0 1 0 0 1 1 1 1 1 1 0 0 0 0 1 1 0 0 1 1 1 1 0 0 0 1 1 0 0 1 1 1 0 0 0 1 0 0 1 1 1 1 0 0 0 0 1 1 0 0 1 1 1 1 0 0 0 0 1 0 1 0 1 0 1 1 1 1 1 0 0 0 0 1 1 0 1 1 1 0 1 0 1 1 0 0 1 1 1 0 0 0 0 1 1 0 0 1 1 1 1 0 0 0 0 1 1 0 0 1 1 1 0 0 0 1 1 0 1 1 1 0 0 0 1 0 0 1 1 0 1 1 0 0 1 0 0 1 1 1 0 1 0 1 1 1 1 1 1 0 0 0 0 1 1 0 1 1 1 1 0 0 0 1 1 0 0 1 1 0 0 1 0 0 1 1 1 0 0 0 0 1 1 0 0 1 1 1 1 0 0 0 0 1 0 1 0 1 0 1 1 1 1 0 0 0 0 1 1 1 1 0 1 0 1 0 0 1 1 0 0 1 1 0 0 1 1 1 1 0 0 0 1 1 0 0 1 1 1 0 0 0 1 1 0 1 1 1 0 0 1 0 1 0 1 0 1 0 0
1 0 0 1 1 1 0 1 0 1 1 0 0 1 0 1 0 1 0 0 1 1 1 0 0 1 0 0 1 0 0 1 1 1 0 1 0 1 1 0 1 1 1 0 0 1 0 1 0 1 0 0 1 1 1 0 0 0 1 0 1 0 0 1 1 1 1 1 1 0 0 0 1 0 1 0 1 1 0 1 0 0 1 0 1 1 0 0 1 1 1 0 1 0 1 0 1 0 0 0 1 1 0 0 1 1 1 0 1 1 0 1 1 0 0 1 1 0 1 0 0 1 0 0 1 0 1 1 0 1 0 0 1 1 0 1 0 0 0 1 1 0 0 1 1 1 1 0 1 1 0 0 1 0 1 0 1 0 1 1 1 0 0 1 0 0 1 0 0 1 1 0 0 1 1 0 1 1 0 0 1 0 1 0 1 0 0 1 1 1 0 0 0 1 0 1 0 0 1 1 1 1 1 0 0 0 1 0 1 0 1 1 0 0 1 0 1 1 0 1 1 1 1 0 1 0 0 0 1 1 0 0 1 1 0 1 1 0 1 1 0 0 1 1 0 1 0 0 1 0 0 0 1 1 1 0 1 1 0 0 0 1
0 0 1 0 0 1 1 1 0 0 0 0 1 0 1 1 1 1 0 0 0 0 0 0 1 0 1 1 1 0 0 0 0 0 0 0 1 1 1 0 0 0 0 0 1 0 1 1 1 1 0 0 0 0 0 0 1 1 1 1 0 0 0 0 1 0 0 0 0 0 1 1 0 1 1 1 1 1 0 0 0 1 0 0 1 1 0 0 0 0 0 1 0 1 1 1 1 0 0 1 0 0 0 1 0 0 1 1 1 0 0 0 0 0 1 0 1 1 1 0 0 0 0 1 0 1 1 1 0 1 1 0 0 0 0 0 1 0 0 0 0 0 1 0 0 1 1 0 0 0 0 1 0 1 1 1 1 0 0 0 0 0 1 0 1 1 1 0 0 0 0 0 1 1 1 0 0 0 0 1 0 1 1 1 1 0 0 0 0 0 0 1 1 1 1 0 0 0 0 1 0 0 0 0 1 1 0 1 1 1 1 0 0 1 0 0 1 1 0 0 0 0 1 1 1 0 0 1 0 0 0 1 0 1 1 1 0 0 0 0 0 1 0 1 1 1 0 0 0 0 1 1 1 1 1 0 0 0 1 0 0 0
0 1 0 1 0 0 1 1 0 0 0 1 0 1 0 0 1 1 0 1 0 0 0 1 0 1 0 1 1 0 1 0 0 0 1 1 0 0 1 1 0 0 0 1 0 1 0 0 1 1 0 1 0 0 0 1 0 0 0 1 0 0 1 1 1 0 0 1 0 1 1 0 1 0 0 1 1 1 1 0 1 0 1 0 0 1 0 1 0 0 0 0 1 0 0 1 1 0 1 0 0 0 1 0 1 0 0 1 1 0 1 0 0 1 0 1 0 1 1 0 1 0 1 0 1 0 0 1 1 0 0 0 1 0 1 0 0 0 1 0 0 1 0 1 0 0 1 0 0 0 1 0 1 0 0 1 1 0 0 0 0 1 0 1 0 1 1 0 1 0 0 1 0 0 1 1 0 0 1 0 1 0 0 1 1 0 1 0 0 0 1 0 0 0 1 0 0 1 1 1 0 0 1 1 1 0 1 0 0 1 1 0 1 0 1 0 0 1 1 0 0 0 0 1 1 0 1 0 0 0 1 0 0 0 1 1 0 1 0 0 1 0 1 0 1 1 0 1 0 1 0 0 0 1 0 0 1 0 0 0 1 0
0 0 0 0 1 0 0 1 1 1 0 0 0 0 1 0 0 1 1 1 1 1 0 0 0 0 1 0 1 1 1 1 1 0 0 0 1 0 1 1 1 1 0 0 0 0 1 0 0 1 1 1 1 1 0 0 0 1 0 0 1 1 1 0 0 1 1 0 1 0 0 0 0 1 0 0 1 1 1 0 0 0 0 1 0 1 1 1 1 1 0 0 0 1 0 0 1 1 1 1 1 0 0 0 0 1 0 0 1 1 1 1 0 0 0 0 0 0 1 1 1 0 0 0 0 1 0 1 1 0 0 1 0 0 0 1 1 1 1 1 0 0 0 0 1 0 1 1 1 0 0 0 0 1 0 0 1 1 1 1 0 0 0 0 1 0 1 1 1 1 0 0 1 0 1 1 1 0 0 0 0 1 0 0 1 1 1 1 1 0 0 0 1 0 0 1 1 1 0 0 1 1 0 0 0 0 0 1 0 0 1 0 0 0 0 1 0 1 1 1 1 0 0 0 1 1 1 1 1 0 0 0 1 0 0 1 1 1 1 0 0 0 0 0 0 1 1 1 0 0 0 1 0 1 0 1 0 0 1 1 1 1
1 0 1 1 0 1 0 1 1 0 1 1 1 1 1 1 0 1 1 1 1 0 1 1 1 1 1 0 1 1 1 1 0 1 1 1 1 1 1 1 1 0 1 1 1 1 1 1 0 1 1 1 1 0 1 1 1 1 1 0 1 1 1 0 0 1 1 0 0 1 0 1 1 1 1 0 1 1 1 1 1 1 1 1 1 1 1 1 1 0 1 1 1 1 1 0 1 1 1 1 0 1 1 1 1 1 1 0 0 0 1 1 1 1 1 1 1 0 1 1 1 1 1 1 1 1 1 1 1 1 0 1 1 1 1 1 1 1 1 1 1 1 1 1 0 1 1 1 0 1 1 1 1 1 1 0 1 1 1 0 1 1 1 1 1 0 1 1 1 1 1 1 1 1 1 1 1 1 1 1 1 1 1 0 1 1 1 1 0 1 1 1 1 1 0 1 1 1 0 0 1 1 0 1 0 1 1 1 1 0 1 1 1 1 1 1 1 1 1 1 0 1 1 0 1 1 1 1 0 1 1 1 1 1 0 1 0 1 1 1 1 1 1 1 0 1 1 1 1 1 1 1 1 1 1 1 1 1 1 1 1 1
0 0 0 0 1 0 1 1 1 0 0 0 0 1 0 1 0 1 0 1 0 0 1 0 1 0 1 0 0 1 0 0 1 1 1 1 1 0 1 0 1 1 0 0 1 0 0 0 1 0 0 1 1 0 1 1 0 0 1 0 0 0 0 0 1 1 1 1 0 0 0 1 1 0 1 0 0 0 1 0 1 1 0 1 0 0 1 0 1 0 0 0 1 0 0 1 1 0 1 0 0 0 0 1 0 0 1 1 0 1 0 0 1 1 0 0 1 0 1 0 0 0 0 0 1 1 0 0 0 0 0 0 0 1 1 0 1 1 1 0 0 0 0 0 1 0 1 1 0 0 0 0 1 0 1 0 1 0 0 0 1 0 1 0 1 0 0 1 0 0 1 1 1 0 1 0 1 0 0 1 0 0 0 1 0 0 1 1 0 1 1 0 0 1 0 0 0 0 0 1 1 1 1 0 0 1 1 0 1 0 0 0 1 1 0 1 0 0 0 1 0 0 0 1 1 0 1 0 0 0 0 1 0 1 1 0 1 0 0 1 1 0 0 1 0 1 0 0 0 0 0 1 0 0 0 0 0 1 1 1 1 0
1 0 1 0 1 1 0 0 0 1 0 1 0 1 1 0 0 0 0 1 1 0 0 0 1 1 0 1 0 1 1 0 0 0 1 0 1 1 1 0 0 0 0 1 0 0 1 0 1 1 0 0 0 0 1 0 0 0 1 1 0 1 0 0 1 1 1 1 1 0 0 0 0 0 1 1 1 0 1 0 0 0 0 0 1 0 1 1 0 0 1 0 1 1 0 0 1 1 0 0 1 0 0 1 1 0 0 0 1 0 0 1 1 1 1 0 0 0 0 0 1 1 1 0 0 0 0 0 0 0 1 1 1 0 0 1 0 0 0 0 1 0 1 0 1 1 0 0 1 0 1 0 1 1 0 0 0 0 1 0 0 0 1 1 0 1 0 1 1 0 0 1 1 1 1 0 0 0 1 0 0 1 0 1 1 0 0 0 0 1 0 0 0 1 1 0 1 0 0 1 1 1 1 0 0 0 0 0 1 1 1 0 0 0 0 0 1 0 1 0 0 1 0 0 1 1 0 0 1 0 0 1 0 0 0 1 0 0 1 1 1 1 0 0 0 0 0 1 1 1 0 0 0 0 0 1 1 0 0 0 0 0
1 1 1 1 0 0 0 1 1 1 0 1 1 0 0 0 1 1 0 0 1 0 1 1 0 0 0 1 0 0 1 1 1 1 0 0 0 1 0 0 1 1 0 0 0 1 1 1 0 1 0 1 1 0 0 0 1 1 0 0 1 1 1 1 0 1 0 1 0 0 1 1 1 0 0 1 1 1 0 1 1 1 0 0 1 1 0 0 0 1 1 0 0 1 0 1 0 0 0 1 1 1 0 0 1 0 1 1 0 0 1 1 0 0 1 0 1 0 0 1 1 0 1 0 1 1 0 0 0 1 0 1 1 0 1 0 1 1 1 0 1 1 1 1 0 0 1 1 1 0 1 1 0 0 0 1 1 0 1 0 1 1 0 0 0 1 0 0 1 1 1 0 0 1 0 0 1 0 0 0 1 1 1 0 1 0 1 1 0 0 0 1 1 0 0 1 1 1 1 0 1 0 1 0 1 1 1 0 0 1 1 1 1 1 0 0 1 1 0 0 1 1 0 1 0 0 0 1 1 1 0 0 0 1 1 0 0 1 1 0 0 1 0 1 0 0 1 1 0 1 0 1 0 0 1 1 1 0 1 1 1 0
0 0 1 1 0 1 1 1 0 0 0 1 1 0 1 1 0 0 1 0 0 0 1 1 0 1 1 1 1 0 0 1 1 0 0 1 0 1 0 0 1 0 1 1 1 0 1 1 0 0 0 1 0 1 0 1 0 1 0 1 0 1 1 1 0 1 0 1 1 0 1 1 0 1 0 0 1 0 0 0 1 0 1 1 0 1 0 1 1 0 1 1 0 0 0 1 0 1 1 0 1 1 1 0 0 0 1 0 1 1 0 1 0 0 0 0 0 1 1 0 1 1 0 0 1 0 1 0 1 0 1 0 1 1 0 1 1 1 0 1 0 0 1 1 0 1 1 0 0 0 1 1 0 1 1 0 0 1 0 0 1 1 0 1 1 1 1 0 0 1 0 0 0 1 0 0 1 1 1 1 0 1 1 0 0 0 1 0 1 0 1 0 1 0 1 0 1 1 1 0 1 0 1 0 1 1 0 1 0 0 1 0 1 0 1 1 0 1 1 1 0 1 0 1 0 1 1 0 1 1 1 0 0 1 0 1 1 0 1 0 0 0 0 0 1 1 0 1 1 0 0 0 1 0 0 0 1 1 1 1 0 1
1 1 0 0 0 0 1 0 0 1 0 0 0 0 0 1 1 0 1 1 1 0 0 0 0 0 1 0 1 1 1 0 0 0 0 1 0 0 1 0 0 0 1 0 1 1 0 0 0 1 0 0 0 1 1 1 1 0 0 0 1 0 0 0 1 1 0 1 0 0 0 0 0 1 1 1 0 1 0 1 0 0 1 1 1 0 0 0 1 1 0 1 1 1 0 0 0 0 1 1 0 0 1 1 1 0 0 0 0 1 1 0 0 1 1 0 0 1 1 1 0 0 1 0 0 0 1 0 1 1 0 1 0 1 0 0 0 0 0 1 1 1 0 0 0 0 0 0 1 0 0 0 0 0 1 1 0 1 1 0 0 0 0 0 1 0 1 1 1 0 0 0 0 0 1 0 0 1 0 1 1 0 0 0 1 0 0 0 1 1 1 1 0 0 0 1 0 0 0 1 1 0 1 0 0 0 0 1 1 1 0 1 0 0 1 1 1 0 0 1 1 0 0 0 0 0 1 1 0 0 1 1 0 0 0 0 1 1 0 0 1 1 0 0 1 1 1 0 0 1 0 0 1 0 1 1 0 1 0 0 0 1
0 1 0 1 1 1 0 0 1 0 0 0 1 1 1 0 1 1 1 0 0 0 0 1 1 1 0 0 1 0 0 1 0 1 1 0 1 0 0 0 0 1 1 1 0 1 0 1 1 0 0 0 1 1 0 0 1 1 1 1 1 0 1 1 0 1 1 1 1 0 1 0 1 1 0 0 0 1 1 1 0 1 1 0 0 1 1 1 0 1 0 1 0 0 0 0 1 1 0 1 0 1 1 0 0 0 0 1 1 0 1 0 1 0 0 0 1 1 0 1 0 1 0 0 0 1 1 0 1 1 1 0 0 0 1 1 0 0 1 1 0 1 0 1 1 1 0 1 0 0 0 1 1 1 0 1 1 1 0 0 0 1 1 1 0 0 1 0 0 1 1 1 1 0 0 0 0 1 1 0 1 0 1 1 0 0 0 1 1 0 0 1 1 1 1 1 0 1 1 0 1 1 1 0 1 0 1 1 0 0 0 1 0 1 1 0 0 1 1 0 1 0 0 0 1 1 0 1 0 1 1 0 0 0 1 1 0 1 0 1 0 0 0 1 1 0 1 0 1 0 0 1 1 0 1 0 0 0 0 0 1 1
0 1 1 0 0 0 0 0 0 0 0 0 0 0 0 0 0 0 0 0 0 0 0 0 0 0 0 0 0 0 0 0 0 0 0 0 1 0 0 0 1 0 0 0 0 0 0 0 0 1 0 0 0 0 0 0 0 1 1 0 0 0 0 0 1 0 0 0 0 0 0 0 0 0 0 0 0 0 1 0 0 0 0 0 0 0 0 0 0 1 1 0 1 1 0 0 0 0 0 0 0 0 0 0 0 0 1 0 0 0 0 0 0 0 0 0 0 0 0 0 0 0 1 0 0 0 1 0 1 0 1 0 0 1 0 1 0 0 0 0 1 0 0 1 1 1 1 1 1 1 1 1 1 1 1 1 1 1 1 1 1 1 1 1 1 1 1 1 1 1 1 1 0 1 1 1 0 1 1 1 1 1 1 1 0 1 1 1 1 1 1 1 0 0 1 1 1 1 1 0 1 1 1 1 1 1 1 1 1 1 1 1 1 1 1 1 1 1 1 1 0 0 1 1 1 1 1 1 1 1 1 1 1 0 1 1 1 1 1 1 1 1 1 1 1 1 1 1 1 0 1 1 0 1 1 1 1 0 1 1 1 1
1 0 0 0 0 1 0 0 0 0 0 0 0 0 1 0 0 0 1 1 0 0 0 0 0 0 0 0 1 1 0 1 0 0 0 1 1 0 1 0 1 0 0 1 0 1 1 0 0 1 1 1 0 1 0 1 1 0 0 1 1 1 1 0 0 1 1 0 1 0 1 0 0 1 0 1 0 0 1 1 0 0 1 1 1 1 1 1 0 1 1 1 1 1 1 1 1 0 1 1 1 1 1 0 1 1 1 1 1 1 1 1 1 1 1 1 1 1 1 1 1 1 1 1 1 1 1 1 1 1 1 1 1 1 1 1 1 0 1 1 0 1 1 1 1 0 1 1 1 1 1 1 1 0 1 1 1 0 1 1 1 1 1 1 1 1 0 0 1 0 1 1 0 1 0 1 0 1 0 1 0 0 1 1 0 0 0 1 0 1 0 0 1 1 0 0 0 0 1 1 0 0 1 1 0 1 1 0 1 0 1 0 1 1 0 0 0 0 0 1 0 0 0 0 0 1 0 0 0 0 0 1 0 0 0 0 0 0 0 0 0 0 0 0 0 0 0 0 0 0 0 0 0 0 0 0 0 0 0 1 0 0
0 1 1 1 0 0 0 0 1 0 1 0 0 0 0 0 0 0 0 1 0 1 1 0 0 0 1 0 1 1 0 0 1 1 1 0 0 1 1 1 0 1 1 1 1 1 1 1 1 0 1 1 1 1 1 0 1 1 1 1 1 1 1 1 0 1 1 1 1 1 1 0 1 1 1 1 1 0 1 1 1 1 1 0 1 1 0 1 1 1 0 1 0 0 1 1 1 1 1 1 1 1 0 1 0 0 1 0 0 1 0 0 0 0 0 0 1 0 0 0 0 0 0 0 0 0 0 0 0 0 0 0 0 0 0 0 0 0 0 0 1 0 0 0 1 1 1 0 1 0 1 1 1 1 1 1 1 1 1 0 0 1 1 1 0 1 0 0 1 1 0 0 1 0 0 0 1 0 0 0 0 0 0 0 1 0 0 0 0 0 1 0 0 0 0 0 0 0 0 1 0 0 0 0 0 1 0 0 0 0 0 0 0 0 0 1 0 0 0 0 0 1 0 0 0 0 0 0 0 0 1 0 1 0 1 1 0 1 1 1 1 1 1 0 1 1 1 1 1 1 1 1 1 1 1 1 1 1 1 1 1 1
0 0 0 0 1 0 1 0 1 1 0 1 1 1 0 1 1 1 0 0 1 1 1 1 1 0 0 0 0 0 0 0 1 1 1 0 1 1 1 1 1 1 1 1 1 1 1 1 1 0 1 0 1 1 1 1 1 1 1 1 1 1 1 1 1 1 1 0 0 0 1 0 0 0 0 0 0 1 0 0 1 0 0 0 0 0 0 0 0 0 0 0 0 0 0 0 0 0 0 0 0 0 0 1 0 1 0 0 1 1 1 1 1 0 1 0 0 1 0 1 1 1 1 1 1 1 1 1 0 1 0 1 0 0 1 0 1 0 1 0 1 1 1 1 0 1 1 0 0 1 0 0 0 1 0 0 0 1 0 0 0 0 0 1 1 1 1 1 1 1 0 0 0 0 0 0 0 0 0 0 0 0 0 0 1 0 1 0 0 0 0 0 0 0 0 0 0 0 0 0 0 0 1 1 0 1 1 1 1 1 1 1 0 1 1 1 1 1 1 1 1 1 1 1 1 1 1 1 1 1 1 0 0 1 1 0 0 0 0 0 1 0 1 1 0 1 0 0 0 0 0 0 0 0 0 0 1 1 0 1 0 1
0 0 1 0 1 0 1 1 1 1 1 1 1 1 1 1 1 1 1 0 0 0 0 0 0 0 0 1 0 1 1 0 1 1 1 1 1 1 1 1 1 1 1 1 1 1 1 0 0 0 0 1 0 0 0 0 0 0 0 0 0 0 0 0 0 0 0 1 0 1 1 1 1 1 1 1 1 0 1 1 0 1 1 0 1 1 1 0 0 0 1 0 0 0 0 0 0 1 0 0 0 0 1 0 1 1 1 1 1 0 1 1 1 1 1 1 1 1 1 1 1 1 0 0 0 0 0 0 0 0 0 0 0 0 0 0 0 1 0 1 1 1 0 1 0 1 0 0 0 0 0 0 0 0 0 0 0 0 1 1 1 1 1 1 1 0 1 0 0 1 0 0 0 0 0 0 0 0 0 0 0 0 1 1 1 1 0 1 1 1 1 1 1 1 1 1 1 1 1 1 1 1 0 0 0 0 0 0 0 0 0 0 1 0 0 1 0 0 1 1 1 0 1 1 1 0 1 1 1 1 0 1 0 0 0 0 1 0 0 0 0 0 0 0 0 0 0 0 0 1 1 1 1 1 1 1 1 1 1 0 1 0
0 0 1 0 1 1 1 1 1 1 1 1 1 1 1 0 0 0 1 1 1 1 1 1 1 1 1 1 1 1 0 1 0 1 1 1 0 0 0 0 0 0 0 0 0 0 0 1 0 1 1 0 1 1 1 1 1 0 0 0 0 0 0 0 0 0 0 1 1 1 1 1 1 1 1 1 1 1 0 0 0 0 0 1 0 0 1 1 1 1 1 1 1 1 1 1 1 0 0 0 0 0 1 1 1 1 1 1 1 1 1 1 0 0 0 0 0 0 0 0 0 0 1 0 1 0 1 1 1 1 1 1 1 0 1 1 0 1 1 0 1 1 0 1 0 0 0 0 0 0 0 0 0 0 1 1 1 0 0 0 0 0 0 0 0 0 0 0 1 0 0 0 1 1 1 1 1 1 1 1 1 1 0 1 0 0 1 0 0 0 0 0 1 1 1 1 1 1 1 1 1 1 0 0 0 0 0 0 0 0 0 1 1 1 1 0 1 1 0 0 0 0 0 0 0 1 1 1 1 1 0 0 0 0 0 0 0 0 0 1 1 1 1 1 1 1 1 1 1 0 1 1 0 0 0 0 0 1 1 0 0 1
1 1 0 1 1 1 1 1 1 1 0 0 0 0 0 1 1 1 0 1 1 1 0 0 1 1 1 1 1 0 1 1 1 0 0 1 0 1 1 1 1 1 0 0 0 0 0 0 1 1 1 0 0 0 1 1 0 0 0 1 0 1 1 0 0 0 0 1 1 1 0 1 0 0 1 0 0 1 0 1 1 1 1 0 0 0 1 1 1 1 0 1 0 0 0 0 0 1 1 1 1 0 1 1 1 1 0 0 0 0 0 0 1 1 1 1 1 1 0 0 0 0 0 1 1 1 1 1 0 0 0 0 1 1 1 0 0 0 0 1 0 0 1 0 0 0 0 0 0 1 1 1 1 1 0 0 0 1 0 0 1 1 0 0 0 0 0 1 0 0 1 1 1 0 0 0 0 1 1 1 1 1 1 0 0 0 1 1 1 0 0 1 1 1 0 1 0 0 1 1 1 1 0 0 1 0 1 1 0 1 1 0 0 0 0 1 1 1 0 0 0 1 1 1 1 0 0 0 0 1 0 0 0 1 1 1 1 1 1 0 0 0 0 0 0 1 1 1 1 1 0 0 0 0 1 1 0 0 1 1 1 0
1 0 0 1 0 1 1 0 0 0 0 1 1 0 1 1 1 0 0 0 1 1 0 1 1 1 1 1 0 0 1 1 0 1 0 0 1 1 0 0 0 0 1 1 0 0 0 1 1 0 0 0 1 1 0 0 0 1 1 1 1 0 0 1 1 1 0 1 0 0 0 1 1 1 0 0 1 0 1 1 0 1 0 1 1 1 0 1 1 0 0 0 1 1 1 1 0 1 1 1 0 1 1 0 0 0 0 1 1 0 0 0 0 1 1 0 0 0 1 1 1 0 1 1 1 0 0 0 1 1 1 0 0 1 0 1 1 1 1 1 0 1 1 0 1 0 1 1 1 1 0 0 1 0 0 0 1 1 0 0 1 0 0 0 0 0 1 1 0 0 0 1 0 0 1 1 1 0 0 1 1 1 0 0 1 1 1 0 0 1 1 1 0 0 0 0 1 1 0 0 0 1 0 1 1 0 0 0 1 1 0 0 1 0 1 0 0 0 0 0 1 1 0 0 1 0 0 0 1 0 0 1 1 1 0 0 1 1 1 1 0 0 1 1 1 0 0 0 1 0 0 1 1 1 0 1 1 0 0 0 0 0
1 1 0 1 1 0 0 1 0 0 1 1 0 1 1 1 0 1 1 1 1 0 1 1 0 1 1 0 0 0 1 1 1 0 1 0 0 0 0 0 0 1 0 0 1 1 0 1 1 0 0 1 0 0 0 1 0 0 1 0 1 1 0 1 1 0 1 0 1 0 0 1 1 0 1 1 0 1 0 0 1 1 0 1 1 0 0 0 0 0 1 1 0 0 1 0 1 0 1 0 1 1 0 1 0 0 0 0 0 1 1 0 1 0 0 1 1 0 1 1 0 1 0 0 0 1 0 0 0 1 0 1 1 1 0 0 1 1 0 1 0 0 1 0 0 1 0 1 1 0 0 1 0 0 0 1 0 0 0 1 0 0 1 0 0 1 1 1 0 0 1 0 1 1 1 1 1 1 1 0 0 1 0 0 1 1 0 1 1 1 0 1 1 0 1 0 0 1 0 0 1 0 1 1 1 0 0 1 0 0 1 1 0 0 1 0 0 1 1 1 1 0 0 1 0 1 0 1 0 0 1 0 1 1 1 1 0 0 1 0 1 1 0 0 1 0 0 1 0 1 1 0 1 1 0 0 0 0 0 0 1 0
1 1 1 1 0 1 0 1 0 1 1 0 1 1 0 0 1 1 1 0 0 0 1 1 1 1 0 1 1 1 1 0 0 0 0 1 0 0 0 1 0 0 1 0 1 0 1 0 0 1 0 1 1 0 1 0 1 1 0 0 0 0 1 1 1 1 1 0 0 1 0 0 0 0 0 0 1 1 0 0 1 0 1 1 0 1 1 0 1 0 0 0 1 1 0 1 1 1 0 1 1 1 0 0 1 0 0 1 0 0 0 1 0 1 0 1 0 1 1 0 1 1 0 1 0 1 0 1 1 0 1 1 1 0 1 1 1 1 1 0 0 0 0 0 1 0 0 1 0 0 1 0 0 1 1 0 0 0 1 1 0 0 0 0 1 0 0 0 0 1 1 1 1 1 1 0 1 0 1 0 1 0 1 1 0 1 0 0 1 0 1 0 0 1 1 1 1 0 0 0 0 0 1 0 1 1 1 1 1 1 0 1 0 1 0 0 1 0 1 0 1 1 1 0 0 0 1 0 0 0 1 1 1 1 0 1 1 1 0 1 0 1 0 1 0 0 1 0 0 1 0 0 1 0 1 0 0 1 0 0 0 1
C Elapsed Time 0.000000 
