126 154 2^154 4
0 0 0 0 0 1 1 1 1 1 1 0 1 0 0 1 1 1 0 0 0 0 1 0 1 1 0 1 1 1 0 1 0 0 1 0 1 1 1 0 0 1 1 1 1 0 1 0 1 0 0 0 1 0 1 1 1 0 0 1 0 0 0 1 0 0 0 0 0 1 1 1 1 1 1 1 0 1 1 1 0 0 0 0 1 0 1 1 1 1 1 0 0 0 1 0 1 0 0 1 0 0 1 0 0 0 1 1 0 1 0 1 0 0 1 0 0 1 1 0 1 1 0 1 0 0 0 1 0 0 0 1 0 0 0 1 1 1 1 0 1 0 1 1 1 0 1 0 0 1 1 0 0 1
1 0 0 1 0 0 1 1 1 1 0 0 0 1 0 0 1 0 1 1 0 1 0 0 1 0 0 1 1 0 1 0 1 0 0 1 1 0 1 0 0 0 1 1 0 1 1 1 1 0 1 1 1 1 0 1 1 0 0 0 0 0 0 0 1 1 0 0 0 1 1 1 0 1 0 0 1 1 0 0 1 0 1 1 0 0 1 0 0 1 1 1 1 0 0 0 0 0 0 1 1 0 1 1 0 0 1 1 1 0 0 1 0 0 0 0 1 1 1 1 1 1 1 0 1 0 0 0 0 1 0 0 1 1 1 0 1 0 0 0 0 0 1 0 0 1 1 1 1 0 1 1 1 1
1 0 1 1 0 0 1 0 0 0 1 1 0 1 1 0 0 1 0 1 0 1 1 0 0 0 0 1 0 1 0 1 0 0 1 1 0 0 1 0 0 0 0 0 1 1 0 0 0 0 0 1 0 1 1 1 0 0 1 1 0 0 0 1 1 0 0 1 1 1 1 1 1 1 1 1 0 0 0 1 1 0 0 1 0 1 0 0 1 0 0 1 1 0 1 0 1 1 1 1 1 0 0 1 1 0 0 0 0 1 0 0 0 1 1 1 1 0 1 0 0 0 1 1 1 0 0 1 1 0 0 0 1 1 0 0 1 1 1 0 0 0 0 1 0 1 0 0 1 1 1 1 1 1
0 1 1 1 0 0 0 1 1 1 0 1 0 1 1 0 1 1 0 0 1 1 0 1 1 0 1 0 1 1 0 1 0 1 1 0 1 0 0 1 0 0 1 1 0 0 1 0 1 0 0 0 1 1 1 0 1 0 1 1 0 1 0 0 1 0 0 1 1 0 0 0 0 0 1 1 0 1 0 0 1 1 0 0 0 1 1 0 1 1 1 0 0 1 0 0 0 1 1 0 0 0 1 0 1 1 1 1 0 1 1 1 0 1 0 1 1 1 0 0 1 1 0 0 1 0 0 1 1 0 1 0 1 1 0 0 0 0 1 1 0 0 1 1 0 1 1 0 0 0 0 0 1 0
1 0 0 0 1 1 1 0 0 0 1 0 1 0 0 1 0 0 1 1 0 0 1 0 0 1 0 1 0 0 1 0 1 0 0 1 0 1 1 0 1 1 0 0 1 1 0 1 0 1 1 1 0 0 0 1 0 1 0 0 1 0 1 1 0 1 1 0 0 1 1 1 1 1 0 0 1 0 1 1 0 0 1 1 1 0 0 1 0 0 0 1 1 0 1 1 1 0 0 1 1 1 0 1 0 0 0 0 1 0 0 0 1 0 1 0 0 0 1 1 0 0 1 1 0 1 1 0 0 1 0 1 0 0 1 1 1 1 0 0 1 1 0 0 1 0 0 1 1 1 1 1 0 1
0 1 0 1 0 1 1 0 0 0 0 0 1 1 0 1 0 1 1 0 1 1 0 1 0 1 1 1 0 1 1 1 1 1 1 0 0 1 1 1 0 1 0 0 0 0 0 1 0 0 1 0 0 1 1 1 0 0 0 1 0 1 0 0 1 1 0 0 0 1 1 1 0 1 1 1 1 0 1 0 1 1 1 0 1 0 0 1 1 0 0 0 0 1 0 0 0 0 0 1 0 0 0 0 0 1 0 0 1 1 1 0 0 0 0 0 1 0 1 1 0 0 0 0 1 0 0 1 0 1 1 1 1 1 1 1 1 0 1 1 1 0 0 1 1 1 0 1 0 0 1 0 1 1
1 1 1 0 0 1 1 1 0 1 0 1 1 0 1 1 1 0 0 1 1 0 0 1 0 1 1 1 1 0 0 0 0 1 0 1 0 1 1 1 0 1 1 1 0 1 0 0 0 0 0 1 1 0 0 1 0 0 1 0 0 1 0 0 0 0 0 1 1 1 1 1 0 1 0 0 0 0 1 0 0 1 0 1 1 1 0 1 0 0 1 1 1 1 0 0 0 1 1 1 1 0 1 1 1 1 0 1 0 0 1 0 0 1 0 1 0 1 1 0 0 1 1 0 0 0 0 0 1 0 1 1 0 0 0 1 1 0 0 1 1 0 1 0 1 0 0 0 1 0 1 1 0 1
1 1 0 0 1 0 1 0 1 0 0 0 0 0 0 0 0 1 0 1 1 0 0 1 1 0 1 1 0 1 0 1 0 1 1 1 1 0 1 1 1 0 0 0 0 1 1 0 1 1 0 1 0 0 1 1 1 1 0 1 1 1 1 0 0 0 1 0 0 1 1 1 0 1 1 1 0 1 0 0 0 1 0 1 0 0 1 0 1 1 0 1 1 1 0 1 0 0 0 1 1 1 0 1 0 1 1 0 0 1 1 1 1 0 0 0 0 0 1 0 1 0 1 0 0 1 1 1 0 0 1 0 0 0 0 0 1 0 1 1 0 1 0 1 0 0 1 0 1 0 1 1 0 1
0 1 0 1 1 0 1 1 0 1 1 0 0 1 0 0 1 0 0 0 1 1 1 1 0 0 1 1 1 0 0 0 0 1 0 0 0 0 1 1 1 0 1 1 1 0 0 0 0 1 0 0 1 1 0 1 0 1 0 0 1 1 1 1 1 0 1 0 0 1 1 1 1 1 0 0 0 0 0 1 1 1 0 0 0 0 0 0 0 0 1 0 0 1 1 1 1 0 0 1 0 1 1 0 0 1 0 1 0 0 1 0 1 0 1 0 1 1 1 0 0 1 0 1 1 1 1 0 0 0 1 0 1 1 0 0 1 1 0 1 0 1 1 0 0 1 0 0 0 1 1 0 1 1
0 1 0 0 1 1 0 1 1 1 0 0 1 0 0 1 1 0 1 0 1 0 0 1 1 1 1 0 1 0 1 0 1 1 0 0 1 1 0 1 1 1 1 1 0 0 1 1 1 1 1 0 1 0 0 0 1 1 0 0 1 1 1 0 0 1 1 0 0 0 0 0 0 0 0 0 1 1 1 0 0 1 1 0 1 0 1 1 0 1 1 0 0 1 0 1 0 0 0 0 0 1 1 0 0 1 1 1 1 0 1 1 1 0 0 0 0 1 0 1 1 1 0 0 0 1 1 0 0 1 1 1 0 0 1 1 0 0 0 1 1 1 1 0 1 0 1 1 0 0 0 0 0 0
1 0 0 1 1 1 0 1 0 1 0 0 1 1 0 1 1 1 0 1 0 1 0 0 0 1 0 0 1 1 0 1 0 0 1 1 0 1 0 0 1 1 1 1 0 1 0 0 0 1 0 1 1 1 1 0 0 1 0 1 1 0 1 0 1 0 1 0 0 0 0 0 0 0 1 1 0 0 1 0 1 0 0 1 1 0 0 1 1 0 1 1 1 0 0 1 0 0 0 0 1 1 1 1 0 0 0 1 0 1 0 0 1 0 0 0 1 1 0 0 0 1 1 0 1 1 1 1 0 0 0 1 1 1 0 1 0 0 1 0 1 1 1 1 1 1 0 0 1 0 0 1 1 0
1 0 1 0 0 1 0 0 1 0 0 1 1 0 1 1 0 1 1 1 0 0 0 0 1 1 0 0 0 1 1 1 1 0 1 1 1 1 0 0 0 1 0 0 0 1 1 1 1 0 1 1 0 0 1 0 1 0 1 1 0 0 0 0 0 1 0 1 1 0 0 0 0 0 1 1 1 1 1 0 0 0 1 1 1 1 1 1 1 1 0 1 1 0 0 0 0 1 1 0 1 0 0 1 1 0 1 0 1 1 0 1 0 1 0 1 0 0 0 1 1 0 1 0 0 0 0 1 1 1 0 1 0 0 1 1 0 0 1 0 1 0 0 1 1 0 1 1 1 0 0 1 0 0
0 1 1 0 0 0 1 0 1 0 1 1 0 0 1 0 0 0 1 0 1 0 1 1 1 0 1 1 0 0 1 0 1 1 0 0 1 0 1 1 0 0 0 0 1 0 1 1 1 0 1 0 0 0 0 1 1 0 1 0 0 1 0 1 0 1 0 1 1 1 1 1 1 1 0 0 1 1 0 1 0 1 1 0 0 1 1 0 0 1 0 0 0 1 1 0 1 1 1 1 0 0 0 0 1 1 1 0 1 0 1 1 0 1 1 1 0 0 1 1 1 0 0 1 0 0 0 0 1 1 1 0 0 0 1 0 1 1 0 1 0 0 0 0 0 0 1 1 0 1 1 0 0 1
0 0 1 0 1 0 1 1 0 1 0 1 0 0 1 0 1 1 1 0 0 0 0 0 0 0 0 1 1 1 1 1 1 0 1 0 0 0 1 0 1 0 1 1 0 0 0 1 0 1 1 0 1 0 1 1 0 1 1 1 1 0 1 0 0 1 1 1 1 1 1 1 0 1 1 1 1 0 0 0 0 0 1 0 0 1 0 0 1 0 1 0 0 0 0 1 0 1 1 1 0 1 1 0 1 0 0 1 1 1 0 0 1 1 0 1 0 1 1 1 0 1 0 0 0 1 1 1 1 1 0 0 0 0 1 0 1 0 1 0 0 1 1 1 0 0 0 1 0 0 1 0 0 1
0 0 0 1 1 0 0 0 1 0 1 0 0 1 0 0 0 1 1 0 0 1 1 0 1 0 0 0 0 1 1 1 1 0 1 0 1 0 0 0 1 0 0 0 1 0 1 1 1 1 1 0 0 1 1 0 1 1 0 1 1 0 1 1 1 1 1 0 0 0 0 0 1 0 1 1 1 1 0 1 1 0 1 0 0 0 1 0 1 1 0 0 0 0 1 1 1 0 0 0 0 1 0 0 0 0 1 0 1 1 0 1 1 0 1 0 1 0 0 1 1 0 0 1 1 1 1 1 0 1 0 0 1 1 1 0 0 1 1 0 0 1 0 1 0 1 1 1 0 1 0 0 1 0
0 0 1 1 1 1 1 0 1 0 0 1 1 1 1 1 0 0 0 0 0 1 0 0 1 1 0 1 0 0 0 0 0 0 0 0 1 1 1 0 1 1 0 0 0 0 1 0 1 1 0 0 0 1 0 1 1 1 1 0 1 0 1 0 1 0 1 1 1 1 1 1 0 1 0 0 0 1 1 0 1 0 0 0 1 1 1 1 0 1 0 0 0 0 0 1 0 1 1 1 0 1 0 0 1 0 1 0 0 0 0 1 1 1 0 1 1 0 1 0 1 0 0 0 1 1 1 0 1 0 0 1 1 1 0 1 1 0 0 0 1 1 0 0 1 1 1 0 0 0 1 0 1 1
1 1 1 1 1 0 0 0 0 0 0 1 0 1 1 0 0 0 1 1 1 1 0 1 0 0 1 0 0 0 1 0 1 1 0 1 0 0 0 1 1 0 0 0 0 1 0 1 0 1 1 1 0 1 0 0 0 1 1 0 1 1 1 0 1 1 1 1 1 0 0 0 0 0 0 0 1 0 0 0 1 1 1 1 0 1 0 0 0 0 0 1 1 1 0 1 0 1 1 0 1 1 0 1 1 1 0 0 1 0 1 0 1 1 0 1 1 0 0 1 0 0 1 0 1 1 1 0 1 1 1 0 1 1 1 0 0 0 0 1 0 1 0 0 0 1 0 1 1 0 0 1 1 0
1 1 0 1 0 1 0 0 1 0 1 0 1 1 0 1 0 0 0 1 1 1 1 1 1 1 1 0 0 0 0 0 0 1 0 1 1 1 0 1 0 1 0 0 1 1 1 0 1 0 0 1 0 1 0 0 1 0 0 0 0 1 0 1 1 0 0 0 0 0 0 0 1 0 0 0 0 1 1 1 1 1 0 1 1 0 1 1 0 1 0 1 1 1 1 0 1 0 0 0 1 0 0 1 0 1 1 0 0 0 1 1 0 0 1 0 1 0 0 0 1 0 1 1 1 0 0 0 0 0 1 1 1 1 0 1 0 1 0 1 1 0 0 0 1 1 1 0 1 1 0 1 1 0
0 0 1 1 0 1 0 1 0 1 1 1 1 1 1 1 1 0 1 0 0 1 1 0 0 1 0 0 1 0 1 0 1 0 0 0 0 1 0 0 0 1 1 1 1 0 0 1 0 0 1 0 1 1 0 0 0 0 1 0 0 0 0 1 1 1 0 1 1 0 0 0 1 0 0 0 1 0 1 1 1 0 1 0 1 1 0 1 0 0 1 0 0 0 1 0 1 1 1 0 0 0 1 0 1 0 0 1 1 0 0 0 0 1 1 1 1 1 0 1 0 1 0 1 1 0 0 0 1 1 0 1 1 1 1 1 0 1 0 0 1 0 1 0 1 1 0 1 0 1 0 0 1 0
0 1 1 0 1 1 0 0 0 0 1 1 1 0 1 1 0 1 0 0 1 0 1 1 0 1 1 0 0 1 0 1 0 1 1 0 0 1 0 1 1 1 0 0 1 0 0 0 0 1 0 0 0 0 1 0 0 1 1 1 1 1 1 1 0 0 1 1 1 0 0 0 1 0 1 1 0 0 1 1 0 1 0 0 1 1 0 1 1 0 0 0 0 1 1 1 1 1 1 0 0 1 0 0 1 1 0 0 0 1 1 0 1 1 1 1 0 0 0 0 0 0 0 1 0 1 1 1 1 0 1 1 0 0 0 1 0 1 1 1 1 1 0 1 1 0 0 0 0 1 0 0 0 0
1 0 1 0 1 0 0 1 1 1 1 1 0 0 1 0 1 0 0 1 0 0 1 0 1 0 0 0 1 0 0 0 0 0 0 1 1 0 0 0 1 0 1 1 1 1 1 0 1 1 0 1 1 0 0 0 1 1 1 0 1 0 1 1 0 0 1 1 1 0 0 0 1 0 0 0 0 1 0 1 0 0 0 1 0 1 1 0 0 1 1 1 1 0 1 1 1 1 1 0 1 1 1 1 1 0 1 1 0 0 0 1 1 1 1 1 0 1 0 0 1 1 1 1 0 1 1 0 1 0 0 0 0 0 0 0 0 1 0 0 0 1 1 0 0 0 1 0 1 1 0 1 0 0
1 1 0 0 0 0 0 1 0 1 1 0 0 0 0 0 1 1 1 1 1 0 1 1 0 0 1 0 1 1 1 1 1 1 1 1 0 0 0 1 0 0 1 1 1 1 0 1 0 0 1 1 1 0 1 0 0 0 0 1 0 1 0 1 0 1 0 0 0 0 0 0 1 0 1 1 1 0 0 1 0 1 1 1 0 0 0 0 1 0 1 1 1 1 1 0 1 0 0 0 1 0 1 1 0 1 0 1 1 1 1 0 0 0 1 0 0 1 0 1 0 1 1 1 0 0 0 1 0 1 1 0 0 0 1 0 0 1 1 1 0 0 1 1 0 0 0 1 1 1 0 1 0 0
1 0 0 0 1 0 0 1 0 0 1 1 0 0 0 0 0 0 1 1 1 0 0 1 1 0 1 1 0 1 0 0 0 0 1 0 0 1 1 0 0 1 1 1 0 1 0 1 0 0 1 0 1 0 0 0 1 1 1 0 0 0 1 0 1 0 1 1 1 0 1 0 1 1 0 1 0 1 1 1 0 1 1 1 0 0 1 1 1 0 0 0 1 1 0 0 0 0 0 0 0 1 0 1 0 0 1 1 0 1 1 1 1 1 1 1 1 0 0 1 0 1 0 1 1 0 1 0 1 1 1 1 1 0 0 0 1 0 1 0 1 0 1 1 1 1 1 1 1 1 1 0 1 1
0 0 1 0 0 1 0 1 0 0 1 0 1 1 0 0 1 1 1 1 1 0 1 1 1 0 1 0 0 0 1 0 1 0 0 1 0 1 0 1 0 1 0 1 0 0 1 0 1 1 1 0 0 1 1 1 1 1 1 0 0 1 0 1 1 0 1 0 1 1 1 0 0 1 1 1 0 1 0 0 1 0 1 1 0 0 0 0 0 0 1 1 1 0 0 0 0 1 1 0 0 0 1 0 0 0 0 1 1 1 1 1 1 1 1 0 0 0 1 0 1 0 0 1 1 1 1 0 1 0 0 1 1 0 0 1 0 1 1 1 0 1 1 1 1 0 0 1 1 0 1 1 1 1
0 1 0 0 1 0 0 1 1 0 1 1 0 0 1 1 0 1 1 1 0 1 1 1 0 1 1 0 1 1 1 1 0 0 0 0 0 1 0 0 0 1 0 0 1 1 0 0 0 0 0 0 0 0 0 0 1 1 1 0 1 1 0 0 0 0 0 0 1 1 0 1 0 1 0 1 1 1 0 0 1 1 1 0 0 0 0 0 0 1 0 0 1 0 0 1 1 0 1 1 1 0 1 0 1 1 0 1 0 1 1 1 1 1 1 0 1 1 0 0 1 1 1 0 1 0 1 1 0 1 0 1 1 1 1 1 1 0 1 0 1 1 1 0 0 0 1 1 1 1 1 1 1 1
1 0 0 0 0 0 0 1 0 0 1 0 1 0 0 0 0 1 1 0 0 0 1 0 0 1 1 1 0 0 1 0 0 0 1 0 0 0 1 0 0 1 1 0 1 0 0 1 1 0 0 0 1 1 0 0 1 1 0 0 0 1 1 0 0 0 0 1 1 1 0 0 1 0 1 1 0 1 1 1 1 0 0 0 0 0 1 1 1 1 1 1 1 1 0 1 0 1 1 1 0 1 1 1 1 1 1 1 1 0 1 0 1 1 0 1 0 1 1 1 1 0 1 0 0 1 0 1 0 0 1 1 1 1 1 1 0 1 1 1 0 1 0 0 0 1 0 1 1 0 1 1 1 1
0 1 0 0 1 0 0 1 1 0 0 1 1 0 1 1 0 1 0 0 1 1 1 0 1 0 1 0 1 1 1 1 0 0 0 0 0 0 1 0 0 0 1 1 0 1 0 0 1 0 1 0 0 1 0 0 1 0 0 0 1 1 1 0 1 0 1 0 1 1 1 1 0 0 1 0 1 0 1 1 1 1 0 1 0 0 0 0 1 0 1 1 1 0 0 0 1 1 1 0 1 0 1 1 0 0 1 0 1 0 0 0 1 0 0 1 1 0 1 1 1 1 0 1 0 1 0 0 1 1 1 1 0 0 0 1 1 1 1 1 1 1 0 1 1 1 1 1 0 1 1 1 1 0
1 0 0 0 1 0 0 0 0 0 0 1 1 0 0 0 0 1 0 1 1 0 1 1 1 1 0 1 0 1 1 0 0 0 1 0 0 1 0 0 0 0 0 1 1 1 0 1 1 0 1 0 1 1 0 0 0 0 1 0 0 1 0 0 1 0 1 1 0 1 1 0 1 1 1 0 0 0 0 0 1 1 1 1 0 0 1 1 0 1 1 1 0 1 0 1 0 1 1 1 0 1 1 0 1 1 0 0 1 1 0 1 0 0 1 0 1 1 1 0 1 1 1 1 1 1 1 1 1 1 0 0 0 1 1 1 1 1 0 1 1 1 1 1 1 0 1 0 0 1 0 1 0 0
0 0 0 1 1 0 1 0 0 1 1 1 1 0 0 0 0 1 1 1 0 0 1 1 0 0 0 0 0 1 1 0 0 1 0 0 1 1 1 0 1 1 1 0 0 1 0 0 1 0 0 1 0 1 0 0 0 1 1 1 0 1 1 0 0 1 0 0 0 1 0 0 0 1 1 1 0 1 1 1 1 1 1 0 1 1 0 0 1 0 1 1 0 0 1 0 0 1 1 0 0 0 1 1 0 0 1 1 1 1 1 1 0 1 1 1 1 0 1 1 1 1 0 0 1 1 1 0 0 1 1 0 1 0 0 1 1 1 0 1 1 1 1 0 0 1 1 0 1 1 0 1 0 1
0 0 0 1 1 0 1 1 0 1 1 1 1 0 0 0 0 0 1 0 1 0 0 0 1 1 1 0 0 1 0 0 0 1 0 0 1 0 0 0 1 1 0 1 1 1 0 0 1 0 1 1 0 1 0 0 1 1 0 1 0 0 0 0 1 1 1 0 1 0 1 0 0 0 1 1 0 1 0 0 0 1 0 1 1 1 0 0 0 1 1 1 1 0 1 1 0 1 0 1 0 0 0 0 1 1 0 1 1 0 1 0 1 1 0 0 1 1 1 0 0 1 1 1 0 1 0 1 1 1 0 1 1 1 1 0 1 1 1 1 1 0 0 1 1 0 1 1 1 1 1 0 1 1
0 0 1 0 1 1 0 1 0 0 0 1 1 1 0 0 1 0 0 1 0 0 0 1 0 1 1 0 0 1 0 0 1 0 0 1 0 1 1 1 0 0 1 0 1 1 1 0 1 1 0 0 0 1 1 1 1 0 1 0 0 0 1 1 0 0 0 0 1 0 0 0 0 1 1 0 0 0 1 1 0 1 1 0 0 0 0 0 1 1 1 1 1 0 0 1 0 1 0 1 0 0 0 1 1 1 1 0 1 1 0 1 1 0 1 1 1 1 1 1 0 1 1 0 1 1 1 1 0 1 1 1 0 1 1 0 1 1 1 1 1 0 1 0 0 1 1 1 0 1 1 0 1 0
0 0 1 0 1 1 0 0 0 0 1 1 0 1 0 0 1 1 1 0 1 0 1 0 1 1 0 0 0 1 1 0 1 0 0 1 0 0 1 1 0 1 1 1 1 1 1 0 0 1 1 0 0 0 1 1 0 1 0 0 0 1 1 1 1 0 1 0 0 1 1 0 0 0 0 1 0 1 1 1 1 1 0 1 0 0 0 0 1 1 0 0 0 0 0 1 0 0 1 1 0 0 1 1 1 1 1 1 0 0 1 0 0 1 0 1 1 1 0 1 1 1 1 1 0 0 0 1 1 1 1 0 1 1 1 1 1 0 0 0 1 1 0 1 1 1 1 0 1 1 0 1 0 1
0 0 0 1 0 0 1 1 0 1 0 0 0 0 0 0 0 1 0 1 1 0 1 1 1 1 1 0 0 0 1 0 0 1 0 0 1 1 1 0 1 0 1 1 1 0 0 0 0 0 1 1 0 0 0 0 1 0 1 1 0 1 1 0 1 1 1 0 1 1 1 0 0 1 0 0 0 0 1 1 1 0 1 1 1 1 0 0 1 1 0 0 1 0 1 1 0 0 1 1 0 0 1 1 1 1 1 0 0 1 0 1 1 0 1 1 0 1 0 1 1 0 1 1 1 0 1 1 1 0 1 1 0 1 1 1 0 0 1 0 0 1 1 1 1 1 0 1 0 0 1 1 1 0
0 1 0 0 0 0 0 0 1 0 1 0 1 0 1 1 0 0 1 1 1 1 0 1 1 1 0 0 1 0 0 1 0 0 0 0 0 1 1 0 0 1 1 1 1 0 0 0 1 0 1 0 0 1 0 0 0 1 1 0 1 0 1 0 1 0 1 0 0 0 1 1 0 1 1 1 1 1 1 1 0 0 1 1 0 0 0 0 1 1 1 1 0 0 0 1 1 1 0 1 1 0 0 1 1 1 1 1 1 1 1 1 0 1 1 1 0 1 1 1 0 0 1 1 1 1 1 1 1 0 1 0 1 1 1 0 0 1 0 1 0 0 1 1 1 1 0 0 1 0 0 0 0 1
1 0 1 1 1 1 1 1 0 1 0 1 0 1 0 0 1 1 0 0 0 0 1 0 0 0 1 1 0 1 1 0 1 1 1 1 1 0 0 1 1 0 0 0 0 1 1 1 0 1 0 1 1 0 1 1 1 0 0 1 0 1 0 1 0 1 0 1 1 1 0 0 1 0 0 0 0 0 0 0 1 1 0 0 1 1 1 1 0 0 0 0 1 1 1 0 0 0 1 0 0 1 1 0 0 0 0 0 0 0 0 0 1 0 0 0 1 0 0 0 1 1 0 0 0 0 0 0 0 1 0 1 0 0 0 1 1 0 1 0 1 1 0 0 0 0 1 1 0 1 1 1 1 0
0 1 1 1 0 1 1 0 1 1 0 0 1 1 1 1 1 1 0 0 0 1 1 0 0 1 0 0 1 0 1 1 1 1 0 1 1 0 0 1 1 0 0 0 1 0 1 0 1 1 0 1 0 1 1 1 0 0 0 1 1 1 0 1 0 1 0 0 0 1 0 1 0 0 1 0 1 0 0 0 1 0 0 0 1 1 0 0 0 1 1 1 0 0 1 1 1 1 1 1 1 0 1 0 1 1 0 0 1 0 0 0 0 0 0 0 0 1 1 0 1 0 1 0 0 1 0 1 0 0 0 0 0 1 1 1 0 1 0 1 0 1 0 0 0 0 0 0 0 0 0 1 0 0
1 1 0 1 1 0 1 0 1 1 0 1 0 0 1 1 0 0 0 0 0 1 0 0 0 1 0 1 1 1 0 1 0 1 1 0 1 0 1 0 1 0 1 0 1 1 0 1 0 0 0 1 1 0 0 0 0 0 0 1 1 0 1 0 0 1 0 1 0 0 0 1 1 0 0 0 1 0 1 1 0 1 0 0 1 1 1 1 1 1 0 0 0 1 1 1 1 0 0 1 1 1 0 1 1 1 1 0 0 0 0 0 0 0 0 1 1 1 0 1 0 1 1 0 0 0 0 1 0 1 1 0 0 1 1 0 1 0 0 0 1 0 0 0 0 1 1 0 0 1 0 0 0 0
1 0 1 1 0 1 1 0 0 1 0 0 1 1 0 0 1 0 0 0 1 0 0 0 1 0 0 1 0 0 0 0 1 1 1 1 1 0 1 1 1 0 1 1 0 0 1 1 1 1 1 1 1 1 1 1 0 0 0 1 0 0 1 1 1 1 1 1 0 0 1 0 1 0 1 0 0 0 1 1 0 0 0 1 1 1 1 1 1 0 1 1 0 1 1 0 0 1 0 0 0 1 0 1 0 0 1 0 1 0 0 0 0 0 0 1 0 0 1 1 0 0 0 1 0 1 0 0 1 0 1 0 0 0 0 0 0 1 0 1 0 0 0 1 1 1 0 0 0 0 0 0 0 0
0 1 1 1 1 1 1 0 1 1 0 1 0 1 1 1 1 0 0 1 1 1 0 1 1 0 0 0 1 1 0 1 1 1 0 1 1 1 0 1 1 0 0 1 0 1 1 0 0 1 1 1 0 0 1 1 0 0 1 1 1 0 0 1 1 1 1 0 0 0 1 1 0 1 0 0 1 0 0 0 0 1 1 1 1 1 0 0 0 0 0 0 0 0 1 0 1 0 0 0 1 0 0 0 0 0 0 0 0 1 0 1 0 0 1 0 1 0 0 0 0 1 0 1 1 0 1 0 1 1 0 0 0 0 0 0 1 0 0 0 1 0 1 1 1 0 1 0 0 1 0 0 0 0
1 0 1 1 0 1 1 0 0 1 1 0 0 1 0 0 1 0 1 1 0 0 0 1 0 1 0 1 0 0 0 0 1 1 1 1 1 1 0 1 1 1 0 0 1 0 1 1 0 1 0 1 1 0 1 1 0 1 1 1 0 0 0 1 0 1 0 1 0 0 0 0 1 1 0 1 0 1 0 0 0 0 1 0 1 1 1 1 0 1 0 0 0 1 1 1 0 0 0 1 0 1 0 0 1 1 0 1 0 1 1 1 0 1 1 0 0 1 0 0 0 0 1 0 1 0 1 1 0 0 0 0 1 1 1 0 0 0 0 0 0 0 1 0 0 0 0 0 1 0 0 0 0 1
0 1 1 1 0 1 1 1 1 1 1 0 0 1 1 1 1 0 1 0 0 1 0 0 0 0 1 0 1 0 0 1 1 1 0 1 1 0 1 1 1 1 1 0 0 0 1 0 0 1 0 1 0 0 1 1 1 1 0 1 1 0 1 1 0 1 0 0 1 0 0 1 0 0 0 1 1 1 1 1 0 0 0 0 1 1 0 0 1 0 0 0 1 0 1 0 1 0 0 0 1 0 0 1 0 0 1 1 0 0 1 0 1 1 0 1 0 0 0 1 0 0 0 0 0 0 0 0 0 0 1 1 1 0 0 0 0 0 1 0 0 0 0 0 0 1 0 1 1 0 1 0 1 1
1 1 1 0 0 1 0 1 1 0 0 0 0 1 1 1 1 0 0 0 1 1 0 0 1 1 1 1 1 0 0 1 1 0 1 1 0 0 0 1 0 0 0 1 1 0 1 1 0 1 1 0 1 0 1 1 1 0 0 0 1 0 0 1 1 0 1 1 1 0 1 1 1 0 0 0 1 0 0 0 0 0 0 1 0 0 1 1 0 1 0 0 1 1 0 1 1 0 0 1 1 1 0 0 1 1 0 0 0 0 0 0 1 0 0 0 0 1 0 0 0 0 1 1 0 0 0 1 1 0 0 1 0 1 1 0 0 0 1 0 0 0 0 1 1 0 0 1 0 0 1 0 1 0
1 1 1 0 0 1 0 0 1 0 0 0 0 1 1 1 1 1 0 1 0 1 1 1 0 0 0 1 1 0 1 1 1 0 1 1 0 1 1 1 0 0 1 0 0 0 1 1 0 1 0 0 1 0 1 1 0 0 1 0 1 1 1 1 0 0 0 1 0 1 0 1 1 1 0 0 1 0 1 1 1 0 1 0 0 0 1 1 1 0 0 0 0 1 0 0 1 0 1 0 1 1 1 1 0 0 1 0 0 1 0 1 0 0 1 1 0 0 0 1 1 0 0 0 1 0 1 0 0 0 1 0 0 0 0 1 0 0 0 0 0 1 1 0 0 1 0 0 0 0 0 1 0 0
1 1 0 1 0 0 1 0 1 1 1 0 0 0 1 1 0 1 1 0 1 1 1 0 1 0 0 1 1 0 1 1 0 1 1 0 1 0 0 0 1 1 0 1 0 0 0 1 0 0 1 1 1 0 0 0 0 1 0 1 1 1 0 0 1 1 1 1 0 1 1 1 1 0 0 1 1 1 0 0 1 0 0 1 1 1 1 1 0 0 0 0 0 1 1 0 1 0 1 0 1 1 1 0 0 0 0 1 0 0 1 0 0 1 0 0 0 0 0 0 1 0 0 1 0 0 0 0 1 0 0 0 1 0 0 1 0 0 0 0 0 1 0 1 1 0 0 0 1 0 0 1 0 1
1 1 0 1 0 0 1 1 1 1 0 0 1 0 1 1 0 0 0 1 0 1 0 1 0 0 1 1 1 0 0 1 0 1 1 0 1 1 0 0 1 0 0 0 0 0 0 1 1 0 0 1 1 1 0 0 1 0 1 1 1 0 0 0 0 1 0 1 1 0 0 1 1 1 1 0 1 0 0 0 0 0 1 0 1 1 1 1 0 0 1 1 1 1 1 0 1 1 0 0 1 1 0 0 0 0 0 0 1 1 0 1 1 0 1 0 0 0 1 0 0 0 0 0 1 1 1 0 0 0 0 1 0 0 0 0 0 1 1 1 0 0 1 0 0 0 0 1 0 0 1 0 1 0
1 1 1 0 1 1 0 0 1 0 1 1 1 1 1 1 1 0 1 0 0 1 0 0 0 0 0 1 1 1 0 1 1 0 1 1 0 0 0 1 0 1 0 0 0 1 1 1 1 1 0 0 1 1 1 1 0 1 0 0 1 0 0 1 0 0 0 1 0 0 0 1 1 0 1 1 1 1 0 0 0 1 0 0 0 0 1 1 0 0 1 1 0 1 0 0 1 1 0 0 1 1 0 0 0 0 0 1 1 0 1 0 0 1 0 0 1 0 1 0 0 1 0 0 0 1 0 0 0 1 0 0 1 0 0 0 1 1 0 1 1 0 0 0 0 0 1 0 1 1 0 0 0 1
1 0 0 0 0 0 0 0 1 0 0 1 0 1 1 1 1 0 0 0 0 1 1 0 0 0 1 0 1 1 1 0 1 1 0 1 1 1 1 1 1 1 0 0 0 0 0 0 0 0 1 0 0 1 0 0 0 1 0 0 0 1 0 1 0 1 0 1 1 0 1 1 0 1 1 1 0 0 0 0 0 0 0 1 1 1 1 1 1 1 1 0 0 0 1 1 0 1 0 0 1 1 1 1 1 1 1 1 1 1 1 0 1 0 1 0 1 0 0 1 1 1 1 1 0 0 1 1 0 0 1 1 1 0 0 0 1 1 0 0 0 1 1 1 1 0 1 1 0 1 1 1 1 1
0 0 1 0 0 1 1 0 0 1 0 0 0 0 0 1 0 0 1 1 0 1 0 1 1 0 0 0 1 1 0 0 1 0 1 1 1 0 0 1 1 0 0 0 0 1 0 0 1 1 1 0 1 0 0 0 0 0 0 1 0 1 0 0 0 0 1 1 1 1 0 1 1 0 1 1 1 0 1 0 1 1 0 1 1 1 0 1 0 1 0 0 0 0 0 1 1 0 0 1 0 1 0 1 1 1 1 1 1 1 0 1 0 0 1 1 0 1 0 1 1 1 0 1 0 1 0 0 1 1 1 1 1 1 0 1 1 1 1 1 0 1 1 0 0 1 0 0 1 1 1 1 1 1
0 1 0 0 1 0 1 0 0 0 0 0 1 1 0 0 0 1 0 1 0 1 0 0 1 0 0 0 1 1 0 0 1 0 0 1 0 0 1 1 1 0 1 1 1 0 0 1 0 1 1 1 1 0 1 1 1 0 1 0 1 1 0 0 1 0 0 1 0 0 0 1 0 0 0 1 0 1 0 1 0 0 0 1 1 1 0 1 0 1 0 0 1 1 1 1 1 1 0 0 1 0 1 1 1 0 1 1 1 1 1 0 0 1 1 1 0 0 1 0 1 1 0 0 1 0 1 1 0 1 1 1 0 1 1 1 0 1 1 1 1 1 0 0 1 0 1 1 0 1 1 0 1 1
1 0 0 0 0 1 1 0 1 0 0 1 0 0 1 0 1 0 0 1 0 0 1 0 1 0 1 0 1 1 1 0 0 1 0 1 0 1 0 1 0 1 0 1 0 0 0 0 0 1 1 1 1 1 1 0 1 1 0 1 1 0 0 1 0 1 0 0 0 1 1 1 1 1 0 1 1 0 0 1 0 1 0 1 1 1 1 1 1 0 1 0 0 1 0 1 1 0 0 0 0 0 0 0 1 0 1 1 1 0 0 1 1 1 1 1 1 1 1 0 1 0 1 0 1 1 0 0 1 1 1 0 0 1 1 1 0 0 1 1 1 1 0 1 0 1 0 0 1 1 1 0 1 0
0 1 0 0 1 1 1 0 0 0 0 0 1 1 1 1 0 1 0 1 0 0 0 0 1 0 0 0 1 0 1 0 0 1 0 0 1 0 1 1 0 1 1 0 1 0 0 1 0 1 0 0 1 0 0 1 0 0 1 1 0 0 0 1 1 0 0 0 1 1 0 0 1 1 1 1 1 1 0 0 0 1 0 1 1 0 1 0 0 0 1 0 1 0 1 0 1 1 0 0 1 1 1 0 1 1 1 0 1 0 1 1 1 0 0 1 1 1 0 1 0 0 1 1 0 1 1 1 1 1 0 0 1 1 0 1 1 0 1 1 0 1 1 1 1 1 1 1 1 1 1 1 0 0
1 0 0 0 0 1 1 0 1 0 0 1 0 1 0 1 1 0 0 1 0 1 1 0 1 0 1 0 0 0 0 0 1 0 0 0 1 1 1 0 1 0 0 1 0 0 0 0 0 1 0 1 1 1 1 0 1 1 0 1 1 1 0 0 0 1 0 1 1 1 1 0 1 0 1 0 1 0 0 1 0 1 0 0 0 0 0 0 1 1 0 0 0 1 1 0 1 1 0 0 1 1 1 1 0 1 0 0 0 1 1 1 0 1 0 1 0 1 1 1 0 1 0 1 1 1 1 1 1 1 0 1 1 1 1 1 1 1 1 1 1 0 1 0 1 1 1 1 1 0 0 1 0 1
0 0 0 1 0 1 1 1 0 0 1 0 0 1 1 0 0 0 0 1 1 1 0 0 1 1 0 1 0 1 1 1 1 1 0 1 0 0 1 0 1 1 0 0 0 0 1 0 0 1 1 0 1 0 0 0 0 0 0 1 0 1 1 1 0 0 0 1 0 1 0 1 1 1 0 0 1 0 0 0 0 1 1 0 0 1 1 1 0 1 1 1 0 0 1 1 1 1 1 0 1 0 1 1 0 0 0 1 0 1 1 1 1 0 1 1 1 1 0 0 1 1 1 0 0 1 1 1 1 1 1 1 0 1 0 1 0 1 1 1 0 0 0 1 1 1 1 1 1 0 0 0 1 1
0 0 0 1 0 1 0 1 0 0 1 0 0 1 0 1 0 0 0 0 1 0 0 0 0 1 0 1 1 1 0 1 0 0 0 1 1 0 1 1 0 0 0 1 0 0 1 0 0 0 1 1 0 0 1 0 1 0 0 1 1 0 1 0 0 0 0 0 1 1 0 1 1 0 1 1 1 0 0 1 0 1 1 1 1 1 0 1 0 0 0 1 0 1 1 1 0 1 1 0 1 1 1 0 1 1 1 1 1 0 1 1 0 1 1 0 0 1 1 1 1 0 0 1 1 1 1 1 1 0 1 0 1 0 1 0 1 0 0 0 1 1 1 0 1 1 1 1 1 1 1 1 1 0
0 0 1 0 0 1 0 0 0 1 0 0 0 1 1 0 0 0 1 0 0 1 0 1 0 0 0 0 1 0 1 0 1 1 1 0 0 0 1 1 1 1 0 1 0 1 0 0 1 0 0 1 0 0 1 0 1 0 0 1 1 1 0 1 0 0 1 1 0 1 0 0 1 1 0 1 1 0 1 1 1 1 0 1 1 0 1 0 0 1 1 0 0 1 1 0 0 1 0 1 1 0 1 1 1 0 1 0 1 1 1 1 1 1 0 0 1 1 1 0 0 1 1 0 1 1 1 1 1 0 0 1 0 0 1 0 0 1 0 0 1 1 0 1 1 1 1 1 1 1 1 0 0 1
0 0 1 0 0 0 1 0 0 1 0 0 0 1 1 1 0 0 1 1 0 0 0 1 1 0 0 0 0 1 1 0 0 1 1 1 1 0 1 0 0 1 0 1 0 1 0 0 1 1 1 1 1 0 1 0 1 0 0 0 1 0 0 1 0 0 1 0 1 0 0 1 0 1 1 0 0 0 1 1 1 0 0 0 0 1 1 1 0 0 1 0 0 1 1 1 1 1 0 1 1 1 1 0 0 1 0 1 0 0 1 0 1 1 1 1 1 0 1 1 1 0 1 1 1 0 1 1 0 1 1 0 1 1 1 1 1 0 1 1 1 0 1 1 1 0 1 1 0 0 0 1 1 0
0 0 0 1 0 0 1 1 0 0 1 0 0 0 1 1 0 0 0 1 1 1 0 0 1 1 0 1 1 0 1 1 1 1 0 0 1 0 0 1 1 1 0 1 0 0 1 0 0 1 0 1 1 0 1 0 1 0 0 0 1 1 1 1 0 0 0 1 1 0 0 0 0 1 1 1 0 0 0 1 0 0 1 1 1 0 1 0 0 1 1 1 0 1 0 0 1 0 1 0 0 1 0 1 1 1 1 0 1 1 0 0 1 1 0 1 1 0 1 1 0 1 1 1 1 0 0 0 0 1 0 1 1 1 1 1 1 1 1 1 1 1 1 1 0 0 0 0 0 1 1 1 0 1
0 1 0 0 1 1 0 0 0 0 0 0 1 0 1 1 0 1 0 0 0 1 0 0 0 0 0 0 0 1 1 0 1 1 0 1 1 0 0 0 1 1 1 1 1 0 0 1 0 0 1 1 0 0 1 1 1 0 1 1 1 1 0 1 1 0 0 1 1 1 0 1 1 1 1 0 1 1 0 1 0 1 0 0 0 1 1 1 0 1 1 0 1 1 0 1 0 0 0 0 0 1 0 1 0 1 0 1 0 1 0 1 1 1 1 0 1 1 1 1 1 1 1 1 1 1 0 0 1 0 1 1 1 0 1 0 1 1 0 0 1 0 1 1 0 1 0 0 1 0 0 1 1 1
1 0 1 1 0 0 1 1 1 1 1 1 0 1 0 0 1 0 1 1 1 0 1 1 1 1 1 1 1 0 0 1 0 0 1 0 0 1 1 1 0 0 0 0 0 1 1 0 1 1 0 0 1 1 0 0 0 1 0 0 0 0 1 0 0 1 1 0 0 0 1 0 0 0 0 1 0 0 1 0 1 0 1 1 1 0 0 0 1 0 0 1 0 0 1 0 1 1 1 1 1 0 1 0 1 0 1 0 1 0 1 0 0 0 0 1 0 0 0 0 0 0 0 0 0 0 1 1 0 1 0 0 0 1 0 1 0 0 1 1 0 1 0 0 1 0 1 1 0 1 1 0 0 0
0 1 1 1 1 1 1 1 0 1 1 0 1 0 0 0 0 1 1 1 1 0 0 1 1 1 0 1 0 0 0 1 0 0 1 0 0 0 0 0 0 0 1 1 1 1 1 1 1 1 0 1 1 0 1 1 1 0 1 1 1 0 1 0 1 0 1 0 0 1 0 0 1 0 0 0 1 1 1 1 1 1 1 0 0 0 0 0 0 0 0 1 1 1 0 0 1 0 1 1 0 0 0 0 0 0 0 0 0 0 0 1 0 1 0 1 0 1 1 0 0 0 0 0 1 1 0 0 1 1 0 0 0 1 1 1 0 0 1 1 1 0 0 0 0 1 0 0 1 0 0 0 0 0
1 1 0 1 1 0 0 1 1 0 1 1 1 1 1 0 1 1 0 0 1 0 1 0 0 1 1 1 0 0 1 1 0 1 0 0 0 1 1 0 0 1 1 1 1 0 1 1 0 0 0 1 0 1 1 1 1 1 1 0 1 0 1 1 1 1 0 0 0 0 1 0 0 1 0 0 0 1 0 1 0 0 1 0 0 0 1 0 1 0 1 1 1 1 1 0 0 1 1 0 1 0 1 0 0 0 0 0 0 0 1 0 1 1 0 0 1 0 1 0 0 0 1 0 1 0 1 1 0 0 0 0 0 0 1 0 0 0 0 0 1 0 0 1 1 0 1 1 0 0 0 0 0 0
1 0 1 1 0 1 0 1 1 1 1 1 0 0 1 1 1 0 1 0 1 0 1 1 0 1 1 1 0 0 1 1 0 1 1 0 1 1 0 0 0 1 0 0 0 1 1 0 1 0 0 0 0 1 0 0 0 1 0 1 0 0 1 1 0 1 1 0 1 1 1 0 1 1 1 0 1 0 1 0 1 1 1 0 0 0 1 0 1 0 1 1 0 0 0 0 0 0 1 1 0 1 0 0 0 1 0 0 0 0 0 1 1 0 0 0 1 1 0 1 0 0 1 1 0 1 0 0 1 0 0 0 1 0 0 0 1 0 0 0 0 0 1 1 0 1 0 0 1 0 0 1 0 0
0 1 1 1 1 0 0 1 0 1 1 0 1 1 0 1 0 1 1 0 1 1 0 1 0 1 0 1 0 0 0 1 1 0 1 0 1 0 1 0 1 0 1 0 1 1 1 1 1 0 0 0 0 0 0 1 0 0 1 0 0 1 1 0 1 0 1 1 1 0 0 0 0 0 1 0 0 1 1 0 1 0 1 0 0 0 0 0 0 1 0 1 1 0 1 0 0 1 1 1 1 1 1 1 0 1 0 0 0 1 1 0 0 0 0 0 0 0 0 1 0 1 0 1 0 0 1 1 0 0 0 1 1 0 0 0 1 1 0 0 0 0 1 0 1 0 1 1 0 0 0 1 0 1
1 0 1 1 0 0 0 1 1 1 1 1 0 0 0 0 1 0 1 0 1 1 1 1 0 1 1 1 0 1 0 1 1 0 1 1 0 1 0 0 1 0 0 1 0 1 1 0 1 0 1 1 0 1 1 0 1 1 0 0 1 1 1 0 0 1 1 1 0 0 1 1 0 0 0 0 0 0 1 1 1 0 1 0 0 1 0 1 1 1 0 1 0 1 0 1 0 0 1 1 0 0 0 1 0 0 0 1 0 1 0 0 0 1 1 0 0 0 1 0 1 1 0 0 1 0 0 0 0 0 1 1 0 0 1 0 0 1 0 0 1 0 0 0 0 0 0 0 0 0 0 0 1 1
0 1 1 1 1 0 0 1 0 1 1 0 1 0 1 0 0 1 1 0 1 0 0 1 0 1 0 1 1 1 1 1 0 1 1 1 0 0 0 1 0 1 1 0 1 1 1 1 1 0 1 0 0 0 0 1 0 0 1 0 0 0 1 1 1 0 1 0 0 0 0 1 0 1 0 1 0 1 1 0 1 0 1 1 1 1 1 1 0 0 1 1 1 0 0 1 0 0 1 1 0 0 0 0 1 0 1 1 1 0 0 0 1 0 1 0 1 0 0 0 1 0 1 0 0 0 0 0 0 0 1 0 0 0 0 0 0 0 0 0 0 1 0 1 0 0 0 0 0 1 1 0 1 0
1 1 1 0 1 0 0 0 1 1 0 1 1 0 0 1 1 1 1 0 0 0 1 1 0 0 1 0 1 0 0 0 0 0 1 0 1 1 0 1 0 0 1 1 1 1 0 1 1 0 0 1 0 1 1 1 1 1 1 0 1 0 0 0 1 1 1 0 1 0 1 0 0 0 1 1 0 1 1 1 1 0 0 1 1 0 0 0 1 0 0 0 1 1 0 0 0 0 0 1 0 1 0 0 1 1 1 0 1 0 0 0 0 1 0 0 0 0 1 1 0 0 0 1 1 0 0 0 0 0 0 0 1 0 1 0 1 0 0 0 1 1 1 0 0 0 0 0 0 1 1 1 0 0
1 1 1 0 1 0 1 0 1 1 0 1 1 0 1 0 1 1 1 1 0 1 1 1 1 0 1 0 0 0 1 0 1 1 1 0 0 1 0 0 1 1 1 0 1 1 0 1 1 1 0 0 1 1 0 1 0 1 1 0 0 1 0 1 1 1 1 1 0 0 1 0 0 1 0 0 0 1 1 0 1 0 0 0 0 0 1 0 1 1 1 0 1 0 0 0 1 0 0 1 0 0 0 1 0 0 0 0 0 1 0 0 1 0 0 1 1 0 0 0 0 1 1 0 0 0 0 0 0 1 0 1 0 1 0 1 0 1 1 1 0 0 0 1 0 0 0 0 0 0 0 0 0 1
1 1 0 1 1 0 1 1 1 0 1 1 1 0 0 1 1 1 0 1 1 0 1 0 1 1 1 1 0 1 0 1 0 0 0 1 1 1 0 0 0 0 1 0 1 0 1 1 0 1 1 0 1 1 0 1 0 1 1 0 0 0 1 0 1 1 0 0 1 0 1 1 0 0 1 0 0 1 0 0 0 0 1 0 0 1 0 1 1 0 0 1 1 0 0 1 1 0 1 0 0 1 0 0 0 1 0 1 0 0 0 0 0 0 1 1 0 0 0 1 1 0 0 1 0 0 0 0 0 1 1 0 1 1 0 1 1 0 1 1 0 0 1 0 0 0 0 0 0 0 0 1 1 0
1 1 0 1 1 1 0 1 1 0 1 1 1 0 0 0 1 1 0 0 1 1 1 0 0 1 1 1 1 0 0 1 1 0 0 0 0 1 0 1 1 0 1 0 1 0 1 1 0 0 0 0 0 1 0 1 0 1 1 1 0 1 1 0 1 1 0 1 0 1 1 0 1 0 0 1 1 1 0 0 0 1 1 1 1 0 0 0 1 1 0 1 1 0 0 0 0 0 1 0 0 0 0 1 1 0 1 0 1 1 0 1 0 0 0 0 0 1 0 0 0 1 0 0 0 1 0 0 1 0 0 1 0 0 0 0 0 1 0 0 0 1 0 0 0 1 0 0 1 1 1 0 0 1
1 1 1 0 1 1 0 0 1 1 0 1 1 1 0 0 1 1 1 0 0 0 1 1 0 0 1 0 0 1 0 0 0 0 1 1 0 1 1 0 0 0 1 0 1 1 0 1 1 0 1 0 0 1 0 1 0 1 1 1 0 0 0 0 1 1 1 0 0 1 1 1 1 0 0 0 1 1 1 0 1 1 0 0 0 1 0 1 1 0 0 0 1 0 1 1 0 1 0 1 1 0 1 0 0 0 0 1 0 0 1 1 0 0 1 0 0 1 0 0 1 0 0 0 0 1 1 1 1 0 1 0 0 0 0 0 0 0 0 0 0 0 0 0 1 1 1 1 1 0 0 0 1 0
1 0 0 0 1 1 0 0 0 1 0 1 0 1 1 0 1 1 1 0 1 0 1 0 1 1 0 0 1 0 0 1 0 0 1 0 0 0 0 1 0 0 0 0 0 0 1 1 0 0 0 0 1 1 1 1 0 0 0 1 1 1 0 0 0 1 1 0 1 0 0 1 0 1 0 0 0 1 1 1 0 0 0 0 1 1 1 0 1 0 0 1 1 1 1 0 1 0 1 1 0 1 0 1 1 1 0 1 1 1 1 1 1 0 1 0 1 1 1 1 1 0 1 1 1 0 1 0 1 1 0 1 0 1 0 0 0 1 0 1 1 1 1 0 1 1 1 1 1 0 1 1 1 1
0 0 1 0 0 0 1 1 0 0 1 0 0 0 1 0 1 1 0 0 0 1 1 0 0 0 0 0 0 0 1 0 0 1 1 0 0 1 0 1 0 0 1 0 1 0 1 0 1 0 0 1 1 1 1 0 1 1 0 0 1 0 0 1 1 1 0 1 0 0 1 0 0 0 1 0 1 1 1 0 1 1 1 1 1 1 1 1 0 0 0 1 1 0 0 1 1 0 1 1 1 1 0 1 0 1 1 1 0 1 1 1 0 1 1 0 1 1 1 1 0 1 1 1 0 1 1 1 1 1 1 0 0 0 0 1 1 0 1 1 1 1 0 0 1 1 0 1 0 0 1 0 1 1
0 1 0 0 0 1 0 1 1 1 0 0 1 0 1 0 1 0 0 1 1 0 1 1 0 0 0 1 0 1 0 0 1 0 1 1 1 0 0 0 1 1 0 1 0 0 1 1 1 0 0 1 0 0 1 0 0 1 0 0 0 0 1 1 1 1 0 1 0 1 0 1 0 0 0 0 1 1 0 0 0 0 0 0 1 0 1 0 1 0 0 1 1 0 0 0 1 1 1 1 0 1 1 1 1 1 0 1 0 1 1 0 1 0 1 1 1 1 1 1 0 0 0 0 1 0 1 1 1 1 1 0 1 0 1 1 1 1 0 1 1 1 0 1 1 1 1 0 0 1 1 1 1 0
1 0 0 0 1 0 0 1 1 0 0 1 1 1 1 0 0 0 1 0 0 0 1 1 1 1 0 1 1 0 0 1 0 1 1 1 0 0 0 0 1 0 0 0 1 0 1 0 1 0 0 1 0 0 1 1 0 1 0 1 0 1 0 1 1 1 1 1 1 0 1 0 0 1 0 0 1 1 0 1 1 0 1 0 1 0 0 1 0 0 0 0 1 1 1 0 0 0 1 0 1 1 1 1 0 1 1 1 1 0 0 0 0 1 1 1 1 1 1 0 1 1 0 0 0 1 1 1 0 1 1 1 1 1 1 1 1 0 1 1 0 0 1 1 1 1 0 0 1 1 1 0 0 0
0 1 0 0 0 1 0 1 0 1 0 1 0 0 0 0 0 1 0 1 1 0 0 0 0 0 0 0 0 1 0 1 1 1 0 0 1 0 0 1 0 1 0 1 1 0 0 1 1 0 0 1 1 1 1 1 0 1 0 0 1 0 1 1 1 1 1 1 0 1 1 1 0 0 0 0 1 1 1 0 1 0 1 0 0 1 0 1 1 0 0 0 0 1 1 0 0 1 1 0 1 1 0 1 1 0 1 0 1 0 0 1 1 1 1 0 1 1 0 0 1 1 1 1 1 1 0 1 0 0 1 1 0 1 0 1 1 1 1 1 0 0 1 0 1 0 1 1 1 0 1 1 0 1
1 0 0 0 1 1 0 1 1 1 0 0 1 1 0 0 1 1 1 0 1 0 0 1 1 1 0 1 1 0 0 0 0 1 0 1 0 0 0 1 1 0 0 0 1 0 0 1 1 0 0 1 1 1 0 0 0 1 0 1 1 1 0 1 1 0 0 1 1 0 1 1 0 1 0 0 1 0 1 1 1 0 1 0 0 1 1 1 1 0 0 1 0 0 0 0 1 0 0 1 1 0 1 0 1 0 1 0 0 1 1 1 1 1 0 1 0 0 0 1 0 1 1 1 1 1 0 1 1 0 1 0 1 0 1 1 1 1 1 0 1 1 0 1 0 0 1 1 0 1 0 1 1 1
0 0 0 1 0 1 0 1 0 1 0 1 0 0 1 1 1 0 0 0 1 0 1 0 0 0 1 0 0 0 0 1 0 1 1 0 0 0 1 0 0 0 0 0 1 1 1 1 1 1 1 1 0 0 0 1 0 1 1 0 0 0 0 1 1 0 1 1 0 0 1 1 1 0 0 1 1 0 0 0 1 0 1 0 1 0 1 1 1 1 1 1 1 1 1 0 1 0 0 1 1 0 0 0 1 1 1 1 1 1 1 0 1 1 0 0 0 0 1 1 1 1 0 0 1 1 1 1 1 1 1 1 0 1 0 1 1 1 1 0 1 1 1 0 0 1 1 0 1 0 0 1 1 0
0 0 0 1 0 1 0 0 1 1 0 0 1 0 1 1 0 1 0 0 1 0 1 1 0 0 1 1 0 0 0 0 0 1 1 1 0 0 1 1 1 0 0 0 1 1 1 1 0 1 1 0 1 1 1 0 0 0 1 0 1 0 0 0 0 1 0 0 0 0 1 1 1 0 0 1 0 1 1 0 1 0 1 0 1 1 0 1 1 1 1 0 1 0 0 0 0 0 1 0 1 1 1 1 1 1 1 1 0 0 0 1 1 1 1 1 1 1 1 0 0 1 1 1 1 1 1 0 0 1 0 0 1 0 1 0 0 1 1 1 0 0 0 1 1 1 1 1 0 1 1 1 0 1
0 0 1 0 0 1 1 0 1 1 1 1 1 0 0 0 1 0 0 0 1 1 0 1 0 0 0 1 0 0 1 1 0 1 0 1 0 1 0 0 1 0 1 0 1 0 0 1 0 0 0 0 0 0 1 1 1 0 0 0 0 0 0 0 0 1 1 0 0 0 1 1 0 0 1 0 0 1 0 0 1 1 1 1 0 0 1 1 1 0 0 1 0 1 1 1 1 0 1 1 1 1 1 1 1 0 1 0 1 1 1 0 1 1 1 1 1 1 0 1 1 1 0 0 1 1 0 0 1 0 0 1 1 1 1 0 0 1 1 1 1 1 1 1 1 0 1 0 1 1 1 1 1 0
0 0 1 0 0 1 1 1 1 1 1 1 1 0 1 0 0 1 0 0 1 1 1 1 0 0 0 1 0 0 1 1 0 0 1 1 0 1 0 1 1 0 1 0 0 0 1 1 1 0 0 1 1 1 0 1 1 1 0 0 1 0 0 1 1 0 1 1 0 0 0 1 0 0 1 0 1 0 1 0 0 1 0 1 1 1 0 0 1 0 0 0 1 1 1 1 0 0 0 0 0 0 1 0 1 1 0 1 1 0 0 1 1 0 0 1 0 0 1 0 1 0 1 1 1 0 1 1 0 1 1 1 1 1 1 1 1 1 0 0 0 0 1 1 0 1 1 1 1 1 0 1 0 1
0 0 0 1 0 0 0 1 1 0 0 1 1 0 0 1 1 1 0 0 0 0 0 1 0 0 1 1 0 0 0 1 0 0 0 1 0 0 1 1 1 0 0 0 0 1 0 0 1 1 1 1 1 1 1 1 0 1 1 0 1 0 0 1 1 1 1 1 0 0 0 0 1 0 0 1 1 1 1 0 0 0 0 0 0 1 1 0 0 1 1 1 0 1 1 0 1 0 1 1 0 1 1 1 0 0 0 0 1 1 1 1 0 0 1 1 1 1 0 1 1 0 1 1 0 0 0 1 1 0 1 1 1 1 1 1 1 0 0 1 1 1 1 1 1 0 0 1 1 1 1 0 1 1
0 1 0 0 0 0 0 0 1 0 0 1 1 0 1 0 1 1 0 1 0 0 1 1 0 0 0 1 0 1 0 1 1 1 1 1 1 0 0 1 1 1 0 1 1 0 1 0 0 0 0 0 1 1 0 1 0 0 0 0 1 0 1 0 0 0 1 0 0 1 1 0 0 0 0 0 0 0 1 0 1 0 1 0 1 1 1 1 0 0 0 1 1 1 1 0 1 1 0 1 1 0 1 0 0 1 1 1 1 1 1 1 0 1 0 1 0 0 1 1 1 1 1 1 0 1 1 0 1 1 0 1 1 1 1 0 0 0 1 0 1 1 1 1 0 1 0 1 1 1 0 0 1 1
1 0 1 1 1 1 1 1 0 1 1 0 0 1 0 1 0 0 1 0 1 1 0 0 1 1 1 0 1 0 1 0 0 0 0 0 0 1 1 0 0 0 1 0 0 1 0 1 1 1 1 1 0 0 1 0 1 1 1 1 0 1 0 1 1 1 0 1 1 0 0 1 1 1 1 1 1 1 0 1 0 1 0 1 0 0 0 0 1 1 1 0 0 0 0 1 0 0 1 0 0 1 0 1 1 0 0 0 0 0 0 0 1 0 1 0 1 1 0 0 0 0 0 0 1 0 0 1 0 0 1 0 0 0 0 1 1 1 0 1 0 0 0 0 1 0 1 0 0 0 1 1 0 0
0 1 1 1 0 0 1 1 1 0 1 0 1 0 0 1 0 0 0 1 0 1 0 1 0 0 1 1 0 1 1 0 1 1 0 1 1 1 1 0 1 1 1 1 1 1 0 0 1 1 1 1 0 0 0 0 1 1 1 0 0 0 1 1 1 0 0 1 0 1 1 0 1 0 1 1 1 0 0 0 1 1 1 1 0 0 0 1 0 1 1 0 0 0 0 1 0 1 0 0 1 0 1 0 0 0 1 0 0 0 0 0 0 1 0 1 0 0 0 0 0 1 0 0 0 1 0 1 0 0 1 0 1 0 1 1 1 0 1 0 0 0 0 1 0 0 0 0 0 1 0 0 0 0
1 1 0 1 1 1 0 0 1 1 0 1 1 1 0 1 0 0 1 1 1 0 0 1 1 1 1 1 1 1 0 1 1 0 0 1 1 0 1 0 1 1 0 1 0 1 0 1 0 1 1 0 0 0 0 1 0 0 1 1 0 1 1 0 0 0 1 0 1 1 0 1 1 1 0 1 0 0 0 1 0 0 0 0 0 0 0 0 1 1 1 0 0 1 1 0 0 1 0 0 0 0 1 0 1 0 0 0 1 0 0 0 1 0 0 1 0 0 0 0 1 0 0 0 1 0 0 0 0 0 0 1 1 1 1 0 0 1 0 0 0 0 1 1 0 0 1 0 1 1 0 1 0 0
1 0 1 1 1 0 1 0 0 0 1 1 0 1 0 1 0 1 1 0 0 1 0 0 1 1 1 0 1 0 1 1 0 1 0 0 0 1 1 1 0 0 1 0 1 1 0 0 0 1 1 0 1 1 0 1 1 0 1 1 1 1 0 0 0 0 1 0 1 0 1 0 1 1 1 1 0 0 1 1 1 1 1 1 0 1 0 1 0 1 1 0 0 1 1 1 0 0 0 0 1 0 0 0 0 0 1 0 1 0 0 1 0 1 0 0 0 0 0 0 1 1 1 1 0 1 0 0 0 0 0 1 0 1 0 0 0 0 1 0 0 0 1 0 0 0 0 1 1 0 0 0 0 1
0 1 1 1 0 1 1 0 0 1 1 0 0 0 0 1 1 1 0 1 1 1 0 0 0 0 1 0 0 1 1 0 1 0 0 0 1 1 1 1 0 1 1 1 0 1 0 1 0 1 1 0 1 1 0 0 1 0 1 0 1 0 1 0 0 0 0 0 0 1 0 1 1 0 1 1 0 0 1 0 0 1 0 1 0 1 1 0 1 1 1 1 0 0 0 1 1 1 0 1 0 0 0 0 1 0 0 0 0 1 1 1 1 0 0 0 0 0 0 1 0 0 1 1 1 0 0 0 1 0 0 0 0 0 0 0 0 1 0 0 1 1 0 0 0 0 1 1 0 0 0 1 1 1
1 0 1 1 1 0 1 0 1 0 1 0 1 1 1 1 1 0 1 0 0 1 1 1 1 1 1 1 1 0 1 0 0 0 1 1 0 1 1 0 1 0 1 0 0 1 1 0 0 1 1 0 0 0 0 0 1 0 1 1 0 1 0 0 0 0 0 0 1 0 0 0 1 1 1 1 0 0 0 1 0 1 0 1 1 0 1 0 0 1 1 1 1 0 0 1 1 0 0 1 0 0 1 0 0 1 0 1 0 1 1 0 0 0 0 1 0 0 1 1 0 0 0 0 0 0 1 0 1 1 0 0 1 0 1 0 0 0 0 0 1 1 0 1 0 1 0 0 0 1 0 0 1 0
0 1 1 1 0 0 1 0 0 0 1 1 0 0 1 1 0 0 0 1 0 1 1 0 0 0 1 0 0 1 1 1 1 0 1 0 1 1 1 0 0 1 1 1 0 1 1 0 0 1 1 0 0 0 1 1 1 0 1 0 0 0 1 0 0 1 1 0 0 1 0 0 1 0 1 1 0 1 0 0 0 1 0 1 1 0 0 0 0 1 1 0 1 1 1 1 0 1 1 0 0 1 0 1 0 1 0 1 1 0 0 0 0 0 1 0 1 1 1 0 1 0 0 0 0 0 1 0 0 1 0 1 0 1 0 0 0 0 0 1 0 0 1 0 1 1 0 0 1 0 1 0 0 0
1 1 1 0 1 0 1 0 1 0 1 0 1 1 0 0 0 1 1 1 0 1 0 1 1 1 0 1 1 1 1 0 1 0 0 1 1 1 0 1 1 1 1 1 0 0 0 0 0 0 0 0 1 1 1 0 1 0 0 1 1 1 1 0 0 1 0 0 1 1 0 0 0 1 1 0 0 1 1 1 0 1 0 1 0 1 0 0 0 0 0 0 0 0 0 1 0 1 1 0 0 1 1 1 0 0 0 0 0 0 0 1 0 0 1 1 1 1 0 0 0 0 1 1 0 0 0 0 0 0 0 0 1 0 1 0 0 0 0 1 0 0 0 1 1 0 0 1 0 1 1 0 0 1
1 1 1 0 1 0 1 1 0 0 1 1 0 1 0 0 1 0 1 1 0 1 0 0 1 1 0 0 1 1 1 1 1 0 0 0 1 1 0 0 0 1 1 1 0 0 0 0 1 0 0 1 0 0 0 1 1 1 0 1 0 1 1 1 1 0 1 1 1 1 0 0 0 1 1 0 1 0 0 1 0 1 0 1 0 0 1 0 0 0 0 1 0 1 1 1 1 1 0 1 0 0 0 0 0 0 0 0 1 1 1 0 0 0 0 0 0 0 0 1 1 0 0 0 0 0 0 1 1 0 1 1 0 1 0 1 1 0 0 0 1 1 1 0 0 0 0 0 1 0 0 0 1 0
1 1 0 1 1 0 0 1 0 0 0 0 0 1 1 1 0 1 1 1 0 0 1 0 1 1 1 0 1 1 0 0 1 0 1 0 1 0 1 1 0 1 0 1 0 1 1 0 1 1 1 1 1 1 0 0 0 1 1 1 1 1 1 1 1 0 0 1 1 1 0 0 1 1 0 1 1 0 1 1 0 0 0 0 1 1 0 0 0 1 1 0 1 0 0 0 0 1 0 0 0 0 0 0 0 1 0 1 0 0 0 1 0 0 0 0 0 0 1 0 0 0 1 1 0 0 1 1 0 1 1 0 0 0 0 1 1 0 0 0 0 0 0 0 0 1 0 1 0 0 0 0 0 1
1 1 0 1 1 0 0 0 0 0 0 0 0 1 0 1 1 0 1 1 0 0 0 0 1 1 1 0 1 1 0 0 1 1 0 0 1 0 1 0 0 1 0 1 1 1 0 0 0 1 1 0 0 0 1 0 0 0 1 1 0 1 1 0 0 1 0 0 1 1 1 0 1 1 0 1 0 1 0 1 1 0 1 0 0 0 1 1 0 1 1 1 0 0 0 0 1 1 1 1 1 1 0 1 0 0 1 0 0 1 1 0 0 1 1 0 1 1 0 1 0 1 0 0 0 1 0 0 1 0 0 0 0 0 0 0 0 0 1 1 1 1 0 0 1 0 0 0 0 0 1 0 1 0
1 1 1 0 1 1 1 0 0 1 1 0 0 1 1 0 0 0 1 1 1 1 1 0 1 1 0 0 1 1 1 0 1 1 1 0 1 1 0 0 0 1 1 1 1 0 1 1 0 0 0 0 0 0 0 0 1 0 0 1 0 1 1 0 0 0 0 0 1 1 1 1 0 1 1 0 0 0 0 1 1 1 1 1 1 0 0 1 1 0 0 0 1 0 0 1 0 1 0 0 1 0 0 0 1 1 1 1 0 0 0 0 1 1 0 0 0 0 1 0 0 1 0 0 1 1 1 0 0 1 0 0 0 0 0 0 0 1 1 0 0 0 0 0 0 1 1 0 0 0 0 1 0 0
1 0 0 0 0 0 0 0 1 1 1 1 1 1 0 1 0 0 1 1 1 0 0 1 1 1 0 0 0 1 1 0 0 1 0 0 0 1 1 1 1 0 1 0 0 1 1 0 0 1 0 1 1 1 1 1 1 1 1 1 1 0 1 0 1 0 0 0 0 0 0 1 1 1 1 0 1 1 0 0 1 0 1 0 1 0 1 1 0 0 0 0 1 1 1 1 1 1 1 0 0 0 1 0 1 0 0 1 1 1 0 0 0 1 0 0 0 1 0 1 0 1 1 1 0 0 0 1 1 1 1 1 0 0 0 0 1 1 0 1 0 1 0 1 0 1 1 0 0 0 1 1 1 1
1 0 1 0 0 0 1 1 0 1 0 1 1 0 1 0 1 0 1 1 0 0 1 1 1 1 0 1 0 1 1 1 0 1 0 1 1 1 1 0 0 1 1 1 1 1 1 1 0 1 1 0 0 1 0 1 1 1 0 1 1 1 1 0 1 0 1 0 1 0 0 1 1 0 0 1 1 0 1 0 0 1 0 0 1 0 1 0 1 1 0 0 0 1 1 0 0 0 1 0 1 1 1 1 1 0 0 1 0 1 1 1 0 1 0 0 1 0 1 1 0 1 1 1 1 1 0 1 0 0 0 0 0 1 0 1 0 1 0 1 0 0 0 0 0 0 0 1 0 1 1 1 1 0
0 1 0 0 1 1 0 0 0 0 1 1 0 0 1 1 1 0 1 0 0 1 0 1 1 1 1 1 0 1 0 0 0 1 1 0 1 1 0 0 1 0 1 0 1 1 0 0 0 1 0 0 1 1 1 1 1 0 0 0 1 0 1 1 1 1 1 1 0 1 0 1 1 1 0 1 1 0 0 1 1 1 0 1 1 1 1 0 0 0 1 1 1 0 1 0 0 0 1 1 0 0 1 1 0 0 1 1 1 1 0 0 0 1 0 0 0 0 0 1 1 0 1 0 1 0 1 1 1 0 1 0 1 0 1 1 0 1 1 1 0 0 1 0 1 0 1 1 0 0 1 1 0 0
1 0 0 0 1 0 1 0 1 1 0 0 0 1 1 0 1 0 0 0 1 1 1 1 1 1 1 1 0 1 0 1 0 1 1 1 1 1 0 1 0 0 1 1 1 1 0 1 0 1 0 1 0 1 0 1 0 0 1 0 1 0 0 1 0 0 1 0 1 1 0 0 0 0 1 1 1 1 1 0 0 1 1 0 0 1 1 1 0 1 0 1 0 0 1 1 1 1 1 0 0 0 0 1 0 0 1 1 0 0 1 0 0 1 0 0 1 1 0 1 0 0 0 0 1 1 0 1 0 1 0 1 0 0 1 1 1 1 0 0 0 1 1 1 1 1 0 1 0 0 1 1 0 1
0 1 0 0 0 1 1 0 1 0 1 0 1 1 1 1 1 0 0 1 1 0 1 1 0 1 0 1 0 1 1 1 0 0 0 1 1 0 1 0 1 0 1 1 1 0 1 1 0 1 1 1 1 1 1 0 0 1 1 1 0 0 0 0 0 1 1 1 1 0 0 0 0 1 1 1 1 0 1 1 1 1 0 1 0 0 1 1 0 1 1 0 1 1 1 0 0 0 0 1 0 0 0 1 1 0 0 0 1 0 1 1 0 1 0 0 1 1 0 0 1 1 0 1 1 1 1 0 1 1 1 0 1 0 0 1 0 0 1 0 0 1 0 0 0 0 1 1 0 0 1 1 1 1
1 1 0 0 1 0 1 0 0 1 1 1 1 0 1 1 1 0 1 1 0 1 1 0 0 0 1 1 0 0 1 1 0 0 1 1 1 0 1 1 1 0 0 1 1 0 1 1 0 0 0 0 1 0 1 0 1 1 0 1 0 0 1 1 1 0 1 0 1 1 0 1 1 1 0 1 0 1 1 0 1 1 1 0 1 1 0 0 0 1 0 1 1 1 0 1 1 1 0 0 0 0 1 1 1 0 1 0 1 1 1 0 0 0 0 0 1 0 0 0 0 1 1 1 1 1 0 0 1 0 1 1 0 0 1 1 1 0 0 1 0 0 1 1 1 1 1 1 0 0 0 0 1 0
0 0 0 1 0 0 1 0 1 0 1 1 0 1 1 1 1 1 1 0 1 0 1 0 1 0 0 1 1 0 0 1 1 1 0 1 1 1 0 0 1 0 0 1 1 1 0 1 1 0 0 1 1 0 1 1 1 0 1 0 1 0 1 0 1 0 1 0 1 0 1 1 1 1 1 1 0 0 1 0 1 1 0 0 1 0 0 1 0 1 0 0 1 0 0 0 0 0 1 0 0 0 1 1 0 1 0 1 1 1 1 0 1 0 1 1 1 1 0 1 0 0 1 0 1 1 0 1 1 1 1 0 0 0 0 1 0 1 0 1 1 1 0 0 0 0 1 1 1 0 0 0 0 1
0 0 0 1 1 0 1 0 0 0 1 0 1 0 0 1 0 1 0 1 0 1 1 1 1 1 1 0 1 1 1 1 1 1 1 1 0 1 1 0 1 0 1 1 0 1 1 1 1 1 0 0 1 1 1 1 0 1 0 1 1 0 0 1 0 0 0 0 1 1 1 0 0 1 0 0 1 0 1 0 1 0 0 0 0 1 1 0 0 1 0 1 1 1 1 0 0 0 1 0 0 0 0 0 1 1 1 1 1 0 1 0 1 1 1 1 1 0 0 1 0 1 0 1 0 1 0 1 1 0 1 0 0 0 1 0 0 1 0 0 1 0 1 0 1 0 1 0 1 0 1 1 1 0
0 0 1 0 1 0 1 1 1 0 1 1 0 1 0 1 0 0 1 0 1 1 1 1 0 1 1 0 0 1 0 1 0 0 1 1 0 0 0 0 1 1 1 1 0 0 0 1 0 1 1 1 1 1 1 0 1 0 1 0 0 1 1 1 1 0 0 0 1 1 0 1 1 1 1 0 1 0 1 0 1 0 0 0 1 1 1 1 1 1 0 1 1 0 1 0 0 0 0 0 1 1 1 0 0 0 1 0 1 1 1 1 0 1 0 0 1 1 1 0 0 0 1 0 0 1 0 0 1 1 1 0 0 1 1 0 0 0 0 1 0 1 1 0 1 0 1 0 0 1 1 1 0 1
0 0 1 0 1 0 0 1 1 0 1 0 1 1 1 1 1 0 0 1 1 1 0 0 1 0 1 1 0 0 1 0 0 1 1 0 1 1 1 0 1 1 0 0 1 1 1 0 0 0 1 1 1 0 1 1 0 1 1 1 1 1 0 1 0 0 1 0 0 1 0 0 0 1 1 1 0 0 0 0 1 1 0 0 0 1 0 1 1 0 0 1 1 1 0 0 0 0 1 0 1 1 0 1 1 0 1 1 1 0 0 1 0 0 0 0 0 1 1 1 0 1 0 1 1 0 0 1 1 1 1 0 0 1 1 1 0 1 0 0 0 1 1 0 1 0 1 1 0 1 0 0 1 1
0 0 0 1 1 0 0 0 1 0 0 1 1 1 1 0 1 1 1 1 1 1 0 1 0 1 1 1 1 1 1 0 1 0 1 0 1 0 1 0 0 0 1 0 1 0 1 0 1 1 0 1 0 1 0 0 1 1 1 1 0 0 1 1 1 0 1 0 0 1 1 1 1 0 1 1 1 0 0 0 0 1 0 0 1 1 1 1 0 0 0 1 0 1 1 0 0 0 0 0 0 0 1 1 1 1 1 0 0 1 0 0 1 1 1 1 0 1 0 0 0 1 1 1 1 0 0 0 0 1 0 0 0 0 1 1 0 0 0 1 1 1 1 0 1 0 0 1 1 0 1 1 1 1
0 1 0 0 1 1 1 0 1 0 0 1 1 1 0 0 0 0 1 1 1 1 1 0 1 0 1 0 0 0 1 1 0 1 1 1 0 1 1 0 0 0 0 1 0 1 1 1 0 0 0 1 0 0 0 1 1 1 1 1 1 0 1 1 1 1 0 1 1 1 0 1 1 0 1 0 0 0 1 1 0 0 0 1 1 1 0 1 0 1 1 1 0 1 0 0 0 0 1 1 0 0 1 0 1 0 1 1 0 1 1 0 0 0 0 0 1 1 0 1 1 1 1 1 0 1 1 1 0 1 0 0 1 0 1 0 0 1 1 1 0 1 1 0 1 0 0 0 0 0 0 0 1 1
1 0 1 1 0 0 0 1 0 1 1 0 0 0 1 1 1 1 0 0 0 0 0 1 0 1 0 1 1 1 0 0 1 0 0 0 1 0 0 1 1 1 1 0 1 0 0 0 1 1 1 0 1 1 1 0 0 0 0 0 0 1 0 0 0 0 1 0 0 0 1 0 0 1 0 1 1 1 0 0 1 1 1 0 0 0 1 0 1 0 0 0 1 0 1 1 1 1 0 0 1 1 0 1 0 1 0 0 1 0 0 1 1 1 1 1 0 0 1 0 0 0 0 0 1 0 0 0 1 0 1 1 0 1 0 1 1 0 0 0 1 0 0 1 0 1 1 1 1 1 1 1 0 0
0 1 1 1 1 1 1 1 0 0 0 0 0 0 1 0 1 1 0 0 0 1 1 0 0 0 1 1 1 0 0 1 1 0 1 1 1 0 0 0 0 1 0 1 1 0 0 1 1 0 1 0 0 0 0 0 0 0 0 0 0 1 0 1 0 1 1 1 1 1 1 0 0 0 0 1 0 0 1 1 0 1 0 1 0 1 0 0 1 1 1 1 0 0 0 0 0 0 0 1 1 1 0 1 0 1 1 0 0 0 1 1 1 0 1 1 1 0 1 0 1 0 0 0 1 1 1 0 0 0 0 0 1 1 1 1 0 0 1 0 1 0 1 0 1 0 0 1 1 1 0 0 0 0
1 1 0 1 1 1 0 0 1 1 1 0 0 1 0 1 0 1 0 0 1 1 0 0 0 0 1 0 1 0 0 0 1 0 1 0 0 0 0 1 1 0 0 0 0 0 0 0 1 0 0 1 1 0 1 0 0 0 1 0 0 0 0 1 0 1 0 1 0 1 1 0 0 1 1 0 0 0 0 1 1 0 1 1 0 1 0 1 0 0 1 1 1 0 0 1 1 1 0 1 0 0 0 0 0 1 1 0 1 0 0 0 1 0 1 1 0 1 0 0 1 0 0 0 0 0 1 0 1 1 1 1 1 0 1 0 1 0 1 0 1 1 1 1 1 1 1 0 1 0 0 0 0 1
1 0 1 1 0 0 1 1 1 1 0 0 1 1 0 0 0 1 0 1 1 0 1 0 0 0 0 0 1 0 1 1 1 0 0 1 0 0 1 1 0 1 0 1 0 0 1 1 1 0 1 1 0 0 0 0 0 1 1 1 0 1 0 0 0 0 0 0 1 0 1 0 0 0 1 0 0 1 1 0 0 0 1 0 0 0 0 1 1 1 0 0 0 1 0 1 1 1 0 0 1 1 0 0 1 1 0 0 0 0 1 1 1 0 1 1 1 1 1 0 0 1 0 1 0 1 0 0 0 1 0 1 0 1 0 0 1 0 0 0 1 1 0 1 0 1 0 0 1 1 0 0 1 1
0 1 1 1 0 1 0 1 0 0 1 1 1 0 0 1 0 1 1 1 0 0 0 0 0 0 0 0 1 0 1 0 1 0 0 0 0 0 1 0 1 1 0 0 0 0 1 0 1 0 1 0 1 0 1 0 1 1 0 1 0 1 1 0 1 1 0 1 0 0 1 1 1 1 0 0 0 0 0 1 1 0 0 1 1 0 0 0 1 0 1 0 1 1 0 0 0 0 0 1 1 1 1 0 1 1 0 0 1 1 0 1 1 0 1 1 0 0 1 0 1 1 1 1 0 0 1 0 1 0 1 0 1 1 0 0 0 0 1 1 1 0 0 0 0 0 1 0 1 1 0 0 1 0
1 0 1 1 1 0 0 1 0 1 0 1 0 0 0 0 0 1 1 0 0 1 0 0 1 0 1 0 1 0 0 0 1 1 1 0 0 1 0 1 0 1 0 0 0 1 0 0 1 0 1 0 0 0 0 1 1 0 0 0 1 0 1 1 1 0 0 0 0 1 1 1 1 0 0 0 0 1 0 0 0 0 1 0 1 1 0 0 1 0 0 1 0 0 0 1 1 1 1 0 1 1 1 0 0 1 1 1 0 1 0 1 1 0 1 1 0 0 1 1 0 0 1 0 0 0 0 1 0 0 0 1 0 1 1 0 1 1 0 1 1 0 1 1 1 1 0 0 1 1 0 0 0 0
0 0 1 1 0 1 0 1 1 0 0 0 0 1 0 0 0 1 0 0 1 0 0 1 1 1 0 0 1 1 0 0 1 1 0 0 0 1 0 0 0 1 1 0 0 1 0 0 1 1 1 1 0 1 0 1 0 0 1 0 1 1 0 0 0 1 0 1 0 0 1 0 0 0 1 0 1 0 0 1 0 0 0 1 0 0 1 1 1 0 1 0 0 0 1 0 0 0 1 1 1 1 0 0 0 1 0 1 0 0 0 1 1 1 1 1 0 1 1 1 1 0 0 0 0 0 1 1 0 1 0 0 1 1 0 0 0 1 1 0 1 1 0 0 0 0 0 0 1 1 1 1 0 1
1 1 1 0 1 1 0 1 0 1 0 0 1 0 0 0 0 0 0 1 0 1 0 1 0 1 1 0 0 1 1 0 0 0 1 0 0 0 1 1 0 1 1 0 0 0 1 0 0 1 1 0 0 1 0 0 0 1 0 1 0 1 0 1 0 1 0 1 0 1 0 0 0 0 0 0 1 1 0 1 0 0 1 1 0 1 1 0 1 0 1 1 0 1 1 1 1 1 0 1 1 1 0 0 1 0 1 0 0 0 0 1 0 1 0 0 0 0 1 0 1 1 0 1 0 0 1 0 0 0 0 1 1 1 1 0 1 0 1 0 0 0 1 1 1 1 0 0 0 1 1 1 1 0
1 1 1 0 0 1 0 1 1 1 0 1 0 1 1 0 1 0 1 0 1 0 0 0 0 0 0 1 0 0 0 0 0 0 0 0 1 0 0 1 0 1 0 0 1 0 0 0 0 0 1 1 0 0 0 0 1 0 1 0 0 1 1 0 1 1 1 1 0 0 0 1 1 0 1 1 0 1 0 1 0 1 1 1 1 0 0 1 1 0 1 0 0 0 0 1 1 1 0 1 1 1 1 1 0 0 0 0 0 1 0 1 0 0 0 0 0 1 1 0 1 0 1 0 1 0 1 0 0 1 0 1 1 1 0 1 1 0 1 1 0 1 0 1 0 1 0 1 0 1 0 0 0 1
1 1 0 1 0 1 0 0 0 1 0 0 1 0 1 0 1 1 0 1 0 0 0 0 1 0 0 1 1 0 1 0 1 1 0 0 1 1 1 1 0 0 0 0 1 1 1 0 1 0 0 0 0 0 0 1 0 1 0 1 1 0 0 0 0 1 1 1 0 0 1 0 0 0 0 1 0 1 0 1 0 1 1 1 0 0 0 0 0 0 1 0 0 1 0 1 1 1 1 1 0 0 0 1 1 1 0 1 0 0 0 0 1 0 1 1 0 0 0 1 1 1 0 1 1 0 1 1 0 0 0 1 1 0 0 1 1 1 1 0 1 0 0 1 0 1 0 1 1 0 0 0 1 0
1 1 0 1 0 1 1 0 0 1 0 1 0 0 0 0 0 1 1 0 0 0 1 1 0 1 0 0 1 1 0 1 1 0 0 1 0 0 0 1 0 0 1 1 0 0 0 1 1 1 0 0 0 1 0 0 1 0 0 0 0 0 1 0 1 1 0 1 1 0 1 1 1 0 0 0 1 1 1 1 0 0 1 1 1 0 1 0 0 1 1 0 0 0 1 1 1 1 0 1 0 0 1 0 0 1 0 0 0 1 1 0 1 1 1 1 1 0 0 0 1 0 1 0 0 1 1 0 0 0 0 1 1 0 0 0 1 0 1 1 1 0 0 1 0 1 0 0 1 0 1 1 0 0
0 1 0 1 1 1 1 0 0 1 0 1 1 0 1 1 0 0 1 1 1 0 1 1 1 0 0 1 0 0 0 1 1 0 0 1 0 1 1 0 0 1 1 0 0 0 0 0 1 0 0 1 0 0 1 0 1 0 0 0 0 1 0 0 0 1 0 0 1 1 1 0 0 0 1 1 0 1 0 0 0 0 0 0 1 1 1 0 1 0 1 0 1 1 0 1 1 0 0 1 1 1 0 1 0 0 0 1 1 1 0 0 0 0 0 0 0 0 1 1 0 1 1 1 0 0 0 1 0 1 1 0 0 0 0 0 1 1 1 0 0 0 0 1 0 0 1 1 0 1 0 0 0 0
1 1 1 1 1 1 1 1 1 1 1 1 1 1 1 1 1 1 1 1 1 1 1 1 1 1 1 1 1 1 1 1 1 1 1 1 1 1 1 1 1 1 1 1 1 1 1 1 1 1 1 1 1 1 1 1 1 1 1 1 1 1 1 1 1 1 1 1 1 1 1 1 1 1 1 1 1 1 1 1 1 1 1 1 1 1 1 1 1 1 1 1 1 1 1 1 1 1 1 1 1 1 1 1 1 1 1 1 1 1 1 1 1 1 1 1 1 1 1 1 1 1 1 1 1 1 1 1 1 1 1 1 1 1 1 1 1 1 1 1 1 1 1 1 1 1 1 1 1 1 1 1 1 1
0 0 0 0 0 0 0 0 0 0 0 0 0 0 0 0 0 0 0 0 0 0 0 0 0 0 0 0 0 0 0 0 0 0 0 0 0 0 0 0 0 0 0 0 0 0 0 0 0 0 0 0 0 0 0 0 0 0 0 0 0 0 0 0 0 0 0 0 0 0 0 0 0 0 0 0 0 0 0 0 0 0 0 0 0 0 0 0 0 0 0 0 0 0 0 0 0 0 0 0 0 0 0 0 0 0 0 0 0 0 0 0 0 0 0 0 0 0 0 0 0 0 0 0 0 0 0 0 0 0 0 0 0 0 0 0 0 0 0 0 0 0 0 0 0 0 0 0 0 0 0 0 0 0
1 1 0 0 1 0 1 1 1 0 1 0 0 1 0 0 1 1 0 0 0 1 0 1 0 1 1 1 0 1 0 0 1 1 1 0 1 0 1 0 0 1 0 1 0 1 1 1 0 1 0 0 1 0 1 0 1 0 1 1 1 1 0 1 1 0 1 1 0 0 0 1 1 0 1 0 0 1 1 1 1 0 1 1 1 0 0 0 1 0 0 0 0 0 1 1 0 0 0 0 1 0 0 0 0 0 0 0 1 0 1 1 0 0 0 0 1 0 1 1 0 0 0 0 0 1 0 0 0 1 0 0 1 1 0 0 0 1 0 0 0 0 0 0 0 0 0 1 0 1 0 1 0 0
1 1 1 0 0 1 1 1 0 1 1 0 0 0 0 1 0 0 0 0 0 0 1 0 1 0 0 0 0 0 0 1 0 1 0 1 0 1 0 1 1 1 0 1 0 1 0 1 0 0 1 0 1 0 1 1 0 0 0 0 1 1 0 0 0 1 0 1 1 0 0 0 0 1 0 0 0 1 1 1 1 0 1 1 0 0 0 0 1 1 1 0 1 0 0 1 1 1 1 1 1 1 0 0 0 0 0 1 1 0 1 1 0 0 0 0 1 0 1 1 1 0 0 0 0 1 1 1 1 0 1 1 1 1 0 0 1 1 1 0 0 0 0 1 0 1 1 0 0 1 0 0 0 0
1 0 1 0 0 0 1 0 0 0 1 1 1 0 1 1 1 0 0 1 1 0 0 0 0 0 1 0 1 1 1 0 0 0 1 1 1 0 0 1 1 0 1 0 1 0 1 1 0 0 1 0 0 1 0 0 0 0 1 0 1 1 1 0 1 1 0 0 0 0 1 0 1 1 1 0 1 1 1 1 0 1 0 0 0 0 1 1 0 1 1 0 1 1 0 0 0 0 1 0 0 0 0 0 0 0 0 0 0 0 0 0 0 0 0 0 0 0 0 0 1 0 0 0 0 1 1 0 0 0 0 0 1 0 0 0 0 0 0 0 0 0 0 0 1 0 0 0 0 0 0 0 0 0
1 0 0 1 0 1 0 1 1 0 0 0 0 0 1 0 0 0 1 0 1 1 1 1 1 0 0 0 1 1 1 0 0 1 1 1 1 1 1 0 0 0 0 1 0 0 1 0 0 1 0 1 1 1 1 1 0 1 1 0 0 1 0 1 0 0 1 0 1 0 1 1 1 1 0 1 1 0 1 0 0 1 1 1 0 1 0 0 1 1 1 1 1 1 0 0 1 1 1 1 0 1 0 1 0 1 0 1 0 1 0 1 1 1 1 0 1 1 1 1 1 1 1 1 1 1 0 0 1 0 1 1 1 0 1 0 1 1 0 0 1 0 1 1 0 1 0 0 1 0 0 1 1 1
0 0 1 0 1 0 0 0 0 1 0 0 0 1 0 0 0 1 0 0 0 1 0 0 1 1 1 1 1 0 1 1 0 1 0 0 1 1 0 1 1 1 0 0 1 0 1 1 1 1 1 1 0 0 0 0 0 1 0 1 0 0 1 1 0 1 1 1 0 1 0 1 0 1 0 1 0 0 0 1 1 1 0 1 1 1 1 1 0 1 0 1 0 0 0 0 1 1 0 1 0 1 0 1 0 0 0 0 0 1 0 0 1 0 0 1 1 0 0 0 0 1 1 0 0 0 0 0 0 1 0 1 0 1 0 1 0 1 1 1 0 0 0 1 0 0 0 0 0 0 0 0 0 1
0 1 1 1 0 1 0 1 1 0 1 1 1 1 0 1 1 0 0 1 1 0 1 1 0 1 0 0 0 0 0 1 0 0 1 1 0 0 0 1 1 0 1 0 0 1 0 1 0 0 1 0 1 1 0 1 1 1 0 1 1 0 1 1 0 0 0 1 1 1 0 0 0 1 0 0 1 1 0 0 1 1 1 0 1 0 0 1 0 0 1 0 0 0 1 1 1 0 0 0 0 0 1 0 1 0 0 1 1 1 0 0 0 1 0 0 0 1 0 1 0 1 1 1 0 0 0 1 1 1 1 1 0 0 0 0 1 1 0 1 0 1 0 1 0 1 1 0 0 0 1 1 1 1
C Elapsed Time 45008.700000 
