C Criteria = 0
C Removed Row = 3
C Missings = 0
C Uncovering Columns = 0
C
131 169 2^169 4
0 0 0 0 0 0 0 0 0 0 0 0 0 0 0 0 0 0 0 0 0 0 0 0 0 0 0 0 0 0 0 0 0 0 0 0 0 0 0 0 0 0 0 0 0 0 0 0 0 0 0 0 0 0 0 0 0 0 0 0 0 0 0 0 0 0 0 0 0 0 0 0 0 0 0 0 0 0 0 0 0 0 0 0 0 0 0 0 0 0 0 0 0 0 0 0 0 0 0 0 0 0 0 0 0 0 0 0 0 0 0 0 0 0 0 0 0 0 0 0 0 0 0 0 0 0 0 0 0 0 0 0 0 0 0 0 0 0 0 0 0 0 0 0 0 0 0 0 0 0 0 0 0 0 0 0 0 0 0 0 0 0 0 0 0 0 0 0 0
1 1 1 1 1 1 1 1 1 1 1 1 1 1 1 1 1 1 1 1 1 1 1 1 1 1 1 1 1 1 1 1 1 1 1 1 1 1 1 1 1 1 1 1 1 1 1 1 1 1 1 1 1 1 1 1 1 1 1 1 1 1 1 1 1 1 1 1 1 1 1 1 1 1 1 1 1 1 1 1 1 1 1 1 1 1 1 1 1 1 1 1 1 1 1 1 1 1 1 1 1 1 1 1 1 1 1 1 1 1 1 1 1 1 1 1 1 1 1 1 1 1 1 1 1 1 1 1 1 1 1 1 1 1 1 1 1 1 1 1 1 1 1 1 1 1 1 1 1 1 1 1 1 1 1 1 1 1 1 1 1 1 1 1 1 1 1 1 1
1 0 0 0 0 1 1 0 0 0 1 1 0 1 1 1 0 0 1 0 1 1 0 0 0 0 0 0 0 0 0 0 0 0 0 1 1 1 0 0 0 0 0 0 0 1 1 0 0 0 1 0 1 0 0 1 1 0 1 0 1 1 0 0 0 1 1 1 1 0 0 1 0 1 1 0 1 1 1 1 1 1 1 1 0 0 1 0 1 1 0 1 1 0 1 0 0 0 0 0 1 0 1 0 1 0 1 0 1 0 1 0 1 1 0 0 0 0 1 0 1 1 1 1 0 1 1 0 0 0 0 0 0 1 1 0 1 0 0 1 1 1 0 1 1 0 1 0 0 1 1 0 1 0 1 1 0 0 0 1 0 1 0 0 1 1 0 1 0
0 1 1 0 0 0 0 0 0 1 1 1 0 1 1 0 0 0 1 0 1 0 0 0 0 0 1 1 1 1 0 0 1 1 1 0 1 0 1 0 0 1 1 1 1 1 0 0 1 0 1 0 0 0 1 0 0 1 0 1 0 1 0 0 0 0 1 0 0 1 0 1 0 0 0 0 0 0 0 0 0 1 0 1 0 1 1 1 0 1 0 1 1 0 1 0 0 0 0 0 1 0 0 0 0 0 1 0 0 0 1 0 0 1 0 1 0 0 1 0 1 1 1 0 0 1 1 1 1 0 1 1 1 0 1 0 1 1 0 1 1 0 1 1 0 0 1 1 1 0 0 1 0 0 0 0 1 1 1 1 1 1 0 0 1 1 1 0 1
1 0 0 0 1 0 0 1 1 0 0 0 1 1 1 0 1 1 0 0 1 0 0 0 1 1 1 0 0 0 0 0 0 1 1 0 0 0 1 0 1 0 1 1 1 0 1 0 0 1 1 1 1 1 1 0 0 0 0 0 0 1 1 1 0 1 0 0 1 0 0 1 1 1 0 1 0 1 0 1 0 0 0 1 0 0 1 1 0 0 0 1 1 0 1 1 0 1 0 1 0 0 0 1 0 1 1 0 0 1 0 0 0 1 1 1 1 0 0 0 1 1 0 0 0 1 0 0 0 0 0 0 0 1 1 0 1 1 0 1 1 0 0 1 0 0 1 0 0 0 1 0 1 1 0 1 0 0 0 1 1 1 1 0 1 1 1 1 0
1 0 1 1 0 0 0 0 0 0 0 0 0 1 1 0 0 0 0 1 1 0 1 1 0 0 0 1 0 0 1 1 0 0 0 0 0 0 0 1 0 1 0 0 0 0 1 1 1 0 1 0 1 0 0 0 0 0 0 0 0 1 0 0 1 1 0 0 1 1 1 1 0 1 0 0 0 1 0 1 0 0 0 1 1 1 1 0 0 0 1 1 1 1 1 0 1 0 1 0 0 1 0 0 0 0 1 1 0 0 0 1 0 1 0 0 0 1 0 1 1 1 0 0 1 1 0 1 1 1 1 1 1 1 1 1 1 0 1 1 1 0 0 1 0 1 1 1 1 0 1 0 1 0 0 1 0 0 0 1 0 1 0 1 1 1 0 1 0
1 1 0 0 0 0 0 1 0 1 1 1 1 0 1 0 0 1 1 1 1 0 1 0 1 1 0 0 1 1 1 1 1 0 0 0 1 0 0 0 1 0 0 0 0 1 1 1 0 1 1 0 1 0 0 0 0 1 0 1 0 0 0 0 0 1 1 0 1 0 0 0 1 1 0 0 0 1 0 1 0 1 0 0 1 0 0 0 0 1 1 1 0 0 1 1 1 0 0 1 1 0 0 1 0 1 0 1 0 0 1 0 0 1 1 0 0 0 1 0 0 1 1 0 1 1 1 0 0 0 0 0 0 1 0 0 1 0 1 1 1 0 1 1 0 1 0 0 0 0 1 1 1 0 0 1 1 1 1 0 0 0 0 1 0 1 0 1 1
0 1 0 1 1 0 0 0 1 1 1 1 0 1 0 0 1 0 1 0 0 0 0 1 0 0 0 0 1 1 0 0 1 0 0 0 1 0 0 1 0 0 0 0 0 1 1 0 0 0 0 1 1 1 0 0 0 1 0 1 0 1 1 1 1 1 1 0 1 0 1 1 0 1 0 1 0 1 0 1 0 1 0 1 0 0 1 0 0 1 0 0 1 1 0 0 0 1 1 0 1 1 0 0 0 0 1 0 0 1 1 1 0 0 0 0 1 1 1 1 1 0 1 0 0 0 1 0 0 1 0 0 0 1 1 1 0 0 0 0 0 0 1 0 0 0 1 0 0 0 1 1 1 1 0 1 1 1 1 1 0 1 1 0 1 0 0 1 1
1 1 1 0 1 1 0 0 1 1 0 0 0 0 1 1 1 0 0 0 1 1 0 0 0 0 0 1 1 1 0 0 1 0 0 0 0 1 0 0 0 1 0 0 0 0 1 0 1 0 1 1 1 1 0 1 0 1 0 1 1 0 1 1 0 1 0 0 1 1 0 0 0 1 1 1 1 1 0 1 0 0 0 0 0 1 0 0 1 0 0 1 0 0 1 0 0 1 0 0 0 0 1 0 0 0 0 0 0 1 0 0 1 1 0 0 1 0 0 0 0 1 0 0 0 1 0 1 1 0 1 1 1 1 0 0 1 0 0 1 1 1 1 1 1 0 0 1 1 0 1 1 1 1 0 1 1 1 1 0 0 0 1 0 0 1 0 1 1
1 1 1 0 0 0 1 1 0 1 0 0 1 1 0 0 0 1 0 0 0 0 0 0 1 1 0 1 1 1 0 0 1 0 0 1 0 0 0 0 1 1 0 0 0 0 1 0 1 1 0 0 1 0 0 0 1 1 1 1 0 1 0 0 0 1 0 1 1 1 0 1 1 1 0 0 0 1 1 1 1 0 1 1 0 1 1 0 0 0 0 0 1 0 0 1 0 0 0 1 0 0 0 1 1 1 1 0 1 0 0 0 0 0 1 0 0 0 0 0 1 0 0 1 0 0 0 1 1 0 1 1 1 1 1 0 0 0 0 0 0 0 1 0 0 0 1 1 1 1 1 1 1 0 1 1 1 1 1 1 0 1 0 0 1 0 0 1 1
0 1 0 1 0 1 0 1 0 1 0 0 1 0 1 1 0 1 0 0 1 1 0 1 1 1 0 0 1 1 0 0 1 0 0 0 0 1 0 1 1 0 0 0 0 0 0 0 0 1 1 0 0 0 0 1 0 1 0 1 1 1 0 0 1 0 0 0 0 0 1 1 1 0 1 0 1 0 0 0 0 0 0 1 0 0 1 0 1 0 0 1 1 1 1 1 0 0 1 1 0 1 1 1 0 1 1 0 0 0 0 1 1 1 1 0 0 1 0 1 1 1 0 0 0 1 0 0 0 1 0 0 0 0 1 1 1 0 0 1 1 1 1 1 1 0 1 0 0 0 0 1 0 0 0 0 1 1 1 1 0 1 0 0 1 1 0 0 1
1 1 0 1 0 0 1 0 0 1 0 0 0 0 1 0 0 0 0 0 1 0 0 1 0 0 1 0 1 1 0 0 1 1 1 1 0 0 1 1 0 0 1 1 1 0 1 0 0 0 1 0 1 0 1 0 1 1 1 1 0 0 0 0 1 1 0 1 1 0 1 0 0 1 0 0 0 1 1 1 1 0 1 0 0 0 0 1 0 0 0 1 0 1 1 0 0 0 1 0 0 1 0 0 1 0 0 0 1 0 0 1 0 1 0 1 0 1 0 1 0 1 0 1 0 1 0 0 0 1 0 0 0 1 0 1 1 1 0 1 1 0 1 1 0 0 0 0 0 1 1 1 1 0 1 1 1 1 1 0 1 0 0 0 0 1 1 1 1
1 1 0 0 0 1 0 0 0 1 0 0 0 1 0 1 0 0 0 1 0 1 1 0 0 0 1 0 1 1 1 1 1 1 1 0 0 1 1 0 0 0 1 1 1 0 1 1 0 0 0 0 1 0 1 1 0 1 0 1 1 1 0 0 0 1 0 0 1 0 0 1 0 1 1 0 1 1 0 1 0 0 0 1 1 0 1 1 1 0 1 0 1 0 0 0 1 0 0 0 0 0 1 0 0 0 1 1 0 0 0 0 1 0 0 1 0 0 0 0 1 0 0 0 1 0 0 0 0 0 0 0 0 1 1 0 0 1 1 0 0 1 1 0 1 1 1 0 0 0 1 1 1 0 0 1 1 1 1 1 1 1 0 1 1 0 1 1 1
0 0 1 1 1 0 1 1 1 0 1 1 1 0 1 0 1 1 1 0 1 0 0 1 1 1 0 1 0 0 0 0 0 0 0 1 1 0 0 1 1 1 0 0 0 1 0 0 1 1 1 1 0 1 0 0 1 0 1 0 0 0 1 1 1 0 1 1 0 1 1 0 1 0 0 1 0 0 1 0 1 1 1 0 0 1 0 0 0 1 0 1 0 1 1 1 0 1 1 1 1 1 0 1 1 1 0 0 1 1 1 1 0 1 1 0 1 1 1 1 0 1 1 1 0 1 1 1 1 1 1 1 1 0 0 1 1 0 0 1 1 0 0 1 0 0 0 1 1 1 0 0 0 1 1 0 0 0 0 0 0 0 1 0 0 1 0 0 0
0 1 1 1 1 0 0 1 1 1 0 0 1 0 0 0 1 1 0 1 0 0 1 1 1 1 1 1 1 1 1 1 1 1 1 0 0 0 1 1 1 1 1 1 1 0 0 1 1 1 0 1 0 1 1 0 0 1 0 1 0 0 1 1 1 0 0 0 0 1 1 0 1 0 0 1 0 0 0 0 0 0 0 0 1 1 0 1 0 0 1 0 0 1 0 1 1 1 1 1 0 1 0 1 0 1 0 1 0 1 0 1 0 0 1 1 1 1 0 1 0 0 0 0 1 0 0 1 1 1 1 1 1 0 0 1 0 1 1 0 0 0 1 0 0 1 0 1 1 0 0 1 0 1 0 0 1 1 1 0 1 0 1 1 0 0 1 0 1
1 0 1 1 0 1 0 1 0 0 1 1 1 0 0 1 0 1 1 0 0 1 0 1 1 1 1 1 0 0 0 0 0 1 1 0 1 1 1 1 1 1 1 1 1 1 1 0 1 1 0 0 1 0 1 1 0 0 0 0 1 0 0 0 1 1 1 0 1 1 1 0 1 1 1 0 1 1 0 1 0 1 0 0 0 1 0 1 1 1 0 0 0 1 0 1 0 0 1 1 1 1 1 1 0 1 0 0 0 0 1 1 1 0 1 1 0 1 1 1 0 0 1 0 0 0 1 1 1 1 1 1 1 1 0 1 0 1 0 0 0 1 0 0 1 0 0 1 1 0 1 0 1 0 0 1 0 0 0 0 1 0 0 0 0 0 1 1 0
1 0 0 1 1 1 1 1 1 0 0 0 1 0 0 1 1 1 0 1 0 1 1 1 1 1 0 0 0 0 1 1 0 0 0 1 0 1 0 1 1 0 0 0 0 0 1 1 0 1 0 1 1 1 0 1 1 0 1 0 1 0 1 1 1 1 0 1 1 0 1 0 1 1 1 1 1 1 1 1 1 0 1 0 1 0 0 0 1 0 1 0 0 1 0 1 1 1 1 1 0 1 1 1 1 1 0 1 1 1 0 1 1 0 1 0 1 1 0 1 0 0 0 1 1 0 0 0 0 1 0 0 0 1 0 1 0 0 1 0 0 1 0 0 1 1 0 0 0 1 1 0 1 1 1 1 0 0 0 0 0 0 1 1 0 0 0 1 0
0 1 1 1 0 1 1 0 0 1 1 1 0 0 0 1 0 0 1 1 0 1 1 1 0 0 0 1 1 1 1 1 1 0 0 1 1 1 0 1 0 1 0 0 0 1 0 1 1 0 0 0 0 0 0 1 1 1 1 1 1 0 0 0 1 0 1 1 0 1 1 0 0 0 1 0 1 0 1 0 1 1 1 0 1 1 0 0 1 1 1 0 0 1 0 0 1 0 1 0 1 1 1 0 1 0 0 1 1 0 1 1 1 0 0 0 0 1 1 1 0 0 1 1 1 0 1 1 1 1 1 1 1 0 0 1 0 0 1 0 0 1 1 0 1 1 0 1 1 1 0 1 0 0 1 0 1 1 1 0 0 0 0 1 0 0 0 0 1
0 1 0 0 1 1 1 1 1 1 1 1 1 0 0 1 1 1 1 0 0 1 0 0 1 1 1 0 1 1 0 0 1 1 1 1 1 1 1 0 1 0 1 1 1 1 0 0 0 1 0 1 0 1 1 1 1 1 1 1 1 0 1 1 0 0 1 1 0 0 0 0 1 0 1 1 1 0 1 0 1 1 1 0 0 0 0 1 1 1 0 0 0 0 0 1 0 1 0 1 1 0 1 1 1 1 0 0 1 1 1 0 1 0 1 1 1 0 1 0 0 0 1 1 0 0 1 0 0 0 0 0 0 0 0 0 0 1 0 0 0 1 1 0 1 0 0 0 0 1 0 1 0 1 1 0 1 1 1 0 1 0 1 0 0 0 1 0 1
0 0 1 1 1 1 1 0 1 0 0 0 0 1 0 1 1 0 0 0 0 1 0 1 0 0 1 1 0 0 0 0 0 1 1 1 0 1 1 1 0 1 1 1 1 0 0 0 1 0 0 1 0 1 1 1 1 0 1 0 1 1 1 1 1 0 0 1 0 1 1 1 0 0 1 1 1 0 1 0 1 0 1 1 0 1 1 1 1 0 0 0 1 1 0 0 0 1 1 0 0 1 1 0 1 0 1 0 1 1 0 1 1 0 0 1 1 1 0 1 1 0 0 1 0 0 0 1 1 1 1 1 1 0 1 1 0 1 0 0 0 1 0 0 1 0 1 1 1 1 0 0 0 1 1 0 0 0 0 1 1 1 1 0 1 0 1 0 0
0 0 1 0 0 1 1 1 0 0 0 0 1 0 1 1 0 1 0 1 1 1 1 0 1 1 1 1 0 0 1 1 0 1 1 1 0 1 1 0 1 1 1 1 1 0 0 1 1 1 1 0 0 0 1 1 1 0 1 0 1 0 0 0 0 0 0 1 0 1 0 0 1 0 1 0 1 0 1 0 1 0 1 0 1 1 0 1 1 0 1 1 0 0 1 1 1 0 0 1 0 0 1 1 1 1 0 1 1 0 0 0 1 1 1 1 0 0 0 0 0 1 0 1 1 1 0 1 1 0 1 1 1 0 0 0 1 1 1 1 1 1 0 1 1 1 0 1 1 1 0 0 0 0 1 0 0 0 0 0 1 0 0 1 0 1 1 0 0
0 0 0 1 0 0 1 1 0 0 1 1 1 1 0 0 0 1 1 1 0 0 1 1 1 1 1 0 0 0 1 1 0 1 1 1 1 0 1 1 1 0 1 1 1 1 0 1 0 1 0 0 0 0 1 0 1 0 1 0 0 1 0 0 1 0 1 1 0 0 1 1 1 0 0 0 0 0 1 0 1 1 1 1 1 0 1 1 0 1 1 0 1 1 0 1 1 0 1 1 1 1 0 1 1 1 1 1 1 0 1 1 0 0 1 1 0 1 1 1 1 0 1 1 1 0 1 0 0 1 0 0 0 0 1 1 0 1 1 0 0 0 0 0 0 1 1 0 0 1 0 0 0 0 1 0 0 0 0 1 1 1 0 1 1 0 1 0 0
0 0 0 1 1 1 0 0 1 0 1 1 0 0 1 1 1 0 1 1 1 1 1 1 0 0 1 0 0 0 1 1 0 1 1 0 1 1 1 1 0 0 1 1 1 1 0 1 0 0 1 1 0 1 1 1 0 0 0 0 1 0 1 1 1 0 1 0 0 0 1 0 0 0 1 1 1 0 0 0 0 1 0 0 1 0 0 1 1 1 1 1 0 1 1 0 1 1 1 0 1 1 1 0 0 0 0 1 0 1 1 1 1 1 0 1 1 1 1 1 0 1 1 0 1 1 1 0 0 1 0 0 0 0 0 1 1 1 1 1 1 1 0 1 1 1 0 0 0 0 0 0 0 1 0 0 0 0 0 0 1 0 1 1 0 1 1 0 0
1 0 1 0 1 0 1 0 1 0 1 1 0 1 0 0 1 0 1 1 0 0 1 0 0 0 1 1 0 0 1 1 0 1 1 1 1 0 1 0 0 1 1 1 1 1 1 1 1 0 0 1 1 1 1 0 1 0 1 0 0 0 1 1 0 1 1 1 1 1 0 0 0 1 0 1 0 1 1 1 1 1 1 0 1 1 0 1 0 1 1 0 0 0 0 0 1 1 0 0 1 0 0 0 1 0 0 1 1 1 1 0 0 0 0 1 1 0 1 0 0 0 1 1 1 0 1 1 1 0 1 1 1 1 0 0 0 1 1 0 0 0 0 0 0 1 0 1 1 1 1 0 1 1 1 1 0 0 0 0 1 0 1 1 0 0 1 1 0
0 0 1 0 1 1 0 1 1 0 1 1 1 1 0 1 1 1 1 1 0 1 1 0 1 1 0 1 0 0 1 1 0 0 0 0 1 1 0 0 1 1 0 0 0 1 0 1 1 1 0 1 0 1 0 1 0 0 0 0 1 1 1 1 0 0 1 0 0 1 0 1 1 0 1 1 1 0 0 0 0 1 0 1 1 1 1 0 1 1 1 0 1 0 0 1 1 1 0 1 1 0 1 1 0 1 1 1 0 1 1 0 1 0 1 0 1 0 1 0 1 0 1 0 1 0 1 1 1 0 1 1 1 0 1 0 0 0 1 0 0 1 0 0 1 1 1 1 1 0 0 0 0 1 0 0 0 0 0 1 0 1 1 1 1 0 0 0 0
1 0 0 0 0 1 1 0 1 1 1 0 1 1 1 1 1 1 1 0 0 1 0 1 1 0 0 1 1 1 1 0 1 0 1 0 1 0 0 1 0 0 1 1 1 1 0 1 0 1 0 0 0 1 0 1 1 0 0 0 0 1 0 1 1 1 1 1 1 1 1 1 1 0 0 0 0 1 1 1 1 0 0 1 0 1 0 1 1 0 0 1 0 0 0 1 0 0 1 0 0 0 1 0 0 0 0 1 1 1 0 0 0 1 0 0 1 1 0 0 1 0 0 0 1 1 1 0 1 0 0 0 1 0 0 0 0 0 0 0 1 0 0 1 0 1 0 1 0 0 1 0 0 0 0 0 1 0 0 0 1 1 0 1 0 0 0 0 1
0 1 0 0 1 0 1 0 1 1 0 1 1 1 1 0 1 0 0 1 1 1 1 1 0 1 0 0 0 1 1 0 1 1 1 0 1 1 0 0 0 0 1 1 0 1 1 0 1 1 1 0 0 0 0 1 0 0 0 0 1 1 0 0 1 1 1 1 1 1 0 0 1 1 0 1 0 1 0 0 0 0 0 1 0 1 1 0 0 1 0 1 1 0 0 0 0 0 0 0 1 1 1 0 1 1 0 0 1 1 0 0 0 0 1 1 0 1 0 1 0 0 0 0 1 0 0 0 0 1 1 0 1 1 1 0 1 0 1 0 0 1 1 1 0 1 0 0 1 1 0 0 0 1 1 0 0 0 1 0 0 0 0 0 0 0 1 0 0
0 1 1 0 0 0 0 0 1 1 0 1 1 1 1 0 1 0 1 0 0 1 1 1 0 1 0 1 0 1 1 1 0 0 1 1 1 0 1 0 0 0 1 0 1 0 0 0 0 1 0 0 1 1 0 0 0 1 0 1 1 1 1 0 1 1 1 1 0 1 1 0 0 0 0 1 1 1 1 0 0 0 0 0 1 1 0 0 1 0 0 1 1 1 1 1 0 0 0 1 0 1 1 1 1 0 1 1 1 0 1 1 0 0 0 1 0 0 0 0 0 1 1 1 1 0 0 1 0 0 1 0 0 1 0 0 1 1 0 0 1 0 0 0 1 0 0 0 0 0 1 0 0 0 0 1 1 0 0 1 0 1 1 0 0 0 0 0 0
1 0 0 0 1 0 0 1 1 1 1 0 1 1 1 1 1 0 0 0 0 1 0 1 1 0 0 0 1 1 1 0 0 1 1 0 1 0 1 1 0 1 1 0 0 0 0 1 0 1 1 1 1 0 1 0 1 1 1 0 0 1 1 1 1 1 1 1 0 1 0 1 0 1 0 0 0 1 0 0 0 1 0 0 1 1 1 1 0 0 0 1 0 1 1 0 1 0 0 1 1 0 1 0 0 1 0 0 1 0 1 0 1 0 0 0 0 0 0 1 0 0 0 1 1 1 0 1 1 0 0 0 0 0 0 1 0 0 1 1 0 1 1 0 1 0 0 0 1 0 0 1 1 0 1 0 0 0 0 1 0 0 0 0 1 0 0 0 0
1 0 1 1 0 0 0 0 1 1 1 0 1 1 1 1 1 0 0 1 1 1 0 1 1 0 1 0 1 1 1 1 0 0 1 1 1 1 0 1 1 0 1 0 0 0 1 1 1 1 0 0 0 0 0 0 1 0 0 1 0 1 0 1 1 1 1 1 0 1 0 1 0 0 1 0 1 1 0 0 0 0 1 0 0 1 0 1 0 1 1 1 0 0 0 0 0 1 0 0 0 0 1 1 0 0 1 0 1 0 0 1 0 0 1 0 0 0 1 0 0 1 1 0 1 1 0 0 1 1 0 1 0 0 1 0 0 1 0 0 0 0 0 0 0 0 1 0 0 1 0 0 0 1 0 1 0 1 1 0 0 0 1 0 0 1 1 1 0
1 1 0 0 0 0 0 1 0 1 1 1 1 0 1 1 1 0 1 1 1 1 1 0 1 1 0 1 1 0 0 0 0 0 1 0 1 1 0 1 0 1 0 0 1 0 1 1 1 0 0 1 0 1 1 0 1 0 1 0 1 1 0 1 1 0 0 0 0 0 1 1 0 0 0 1 0 1 1 0 0 1 0 0 0 1 0 1 1 1 0 0 1 0 0 1 1 0 0 0 0 1 0 0 1 0 0 1 1 0 0 0 1 0 1 1 0 0 0 0 0 0 0 0 1 1 0 0 1 1 1 0 0 1 1 1 1 0 0 1 1 0 0 0 0 0 0 0 0 1 1 1 1 1 0 0 1 0 1 0 0 1 0 0 1 0 1 0 0
1 1 0 1 1 0 0 0 1 0 1 1 0 1 0 1 0 0 1 0 0 0 1 1 1 1 1 1 1 1 1 0 0 1 0 0 0 0 0 1 1 0 1 0 1 0 0 1 0 1 1 0 0 1 0 0 1 0 0 0 1 0 0 1 0 1 1 1 0 1 1 1 0 1 1 1 0 0 1 0 0 0 1 0 0 0 1 1 1 0 1 1 1 0 0 1 0 1 0 0 1 1 1 0 1 1 0 1 0 0 0 0 0 0 0 1 0 0 1 1 0 0 0 0 0 1 0 0 1 0 1 1 0 1 0 0 1 0 1 0 1 1 1 0 0 0 1 0 1 0 1 0 0 0 1 0 1 1 0 0 0 1 0 0 0 1 0 1 0
1 1 1 0 1 1 0 0 0 1 1 1 1 0 1 1 1 1 0 0 0 1 1 0 1 1 0 0 1 0 0 1 0 1 1 1 1 0 0 1 0 0 0 0 0 0 0 1 0 0 1 0 0 0 0 0 1 0 0 1 1 1 0 1 1 0 0 0 0 0 0 1 0 1 0 1 1 1 0 1 1 0 0 0 0 1 1 1 0 0 0 0 1 0 0 0 0 0 1 0 1 1 0 1 1 1 1 0 1 0 0 1 0 1 0 1 1 0 0 1 1 1 1 0 1 1 1 0 1 0 1 0 0 1 0 0 1 1 1 0 0 1 1 0 0 0 0 1 1 0 0 0 0 0 1 1 0 0 0 0 1 0 1 1 0 0 0 0 1
1 1 1 0 0 0 1 1 1 0 1 1 0 1 0 1 0 0 0 0 0 0 1 1 1 1 0 0 1 1 1 1 1 0 0 1 0 0 0 1 0 1 1 1 0 1 0 1 0 1 0 1 0 0 1 1 1 0 1 1 1 0 0 1 0 1 1 1 1 1 0 1 1 0 0 1 1 0 0 0 0 1 0 1 0 0 0 1 0 0 0 1 1 0 0 0 1 0 0 0 0 1 1 1 1 0 1 0 0 1 0 1 1 0 0 1 0 1 0 0 0 1 1 0 0 1 0 0 1 0 1 0 1 1 0 1 1 1 0 1 0 0 0 1 0 1 0 0 0 0 0 1 1 0 0 1 0 0 0 0 0 0 1 0 1 0 0 0 0
0 1 0 1 0 1 0 1 1 1 0 1 1 1 1 0 1 1 0 0 0 1 1 1 0 1 1 0 0 1 1 0 0 0 1 0 1 0 0 0 1 1 1 0 0 0 0 0 0 1 0 1 0 0 1 0 0 0 1 0 1 1 0 0 1 1 1 1 0 1 0 0 0 0 1 1 0 1 0 1 1 1 1 0 0 1 0 0 0 0 1 1 1 0 0 0 1 1 1 0 0 1 1 0 1 0 0 0 1 0 0 0 1 1 0 1 1 0 1 0 1 0 0 0 1 0 1 0 0 0 1 1 0 1 0 1 1 0 0 1 0 0 0 0 0 0 1 1 0 0 0 1 1 0 0 0 0 1 0 0 1 0 0 1 1 1 0 1 1
1 1 0 1 0 0 1 0 0 1 1 1 1 0 1 1 1 0 0 0 0 1 1 0 1 1 1 0 1 0 0 0 1 0 1 0 1 0 1 1 1 0 0 1 0 1 0 1 0 0 0 0 1 0 0 1 1 1 0 0 1 1 1 1 1 0 0 0 1 0 0 1 1 0 1 1 0 1 0 0 0 0 1 1 1 1 0 1 0 0 1 0 1 1 1 0 0 1 0 1 0 1 0 0 1 0 0 0 1 1 1 0 0 0 0 1 0 1 1 0 0 0 0 1 1 1 0 1 1 0 1 1 1 1 0 0 1 0 0 0 0 0 0 1 1 1 1 0 0 0 0 0 0 0 0 0 0 1 0 1 0 0 0 0 0 1 0 1 0
1 1 0 0 0 1 0 0 1 0 1 1 0 1 0 1 0 1 0 1 1 0 1 1 1 1 0 0 1 1 1 0 0 0 0 0 0 1 1 1 0 0 1 0 0 0 1 1 1 1 0 0 1 0 0 0 1 1 0 0 1 0 1 1 0 1 1 1 0 1 0 1 0 0 0 1 0 0 0 1 1 0 0 0 1 0 0 1 0 1 0 1 1 1 1 0 0 0 1 1 0 1 1 0 1 0 0 0 0 0 1 0 0 1 1 1 1 0 0 0 1 0 0 1 0 1 1 1 1 1 1 0 0 1 1 0 1 0 0 0 0 0 0 0 1 0 0 1 0 1 0 0 0 1 0 0 0 0 1 1 1 0 0 1 0 0 1 0 1
0 0 1 1 1 0 1 1 0 1 0 0 1 0 1 0 1 0 1 0 0 1 0 0 0 0 1 1 0 0 0 1 1 1 1 1 1 0 0 0 1 1 0 1 1 1 0 0 0 0 1 1 0 1 1 1 0 0 1 1 0 1 0 0 1 0 0 0 1 0 1 0 1 1 1 0 1 1 1 0 0 1 1 1 0 1 1 0 1 0 1 0 0 0 0 1 1 1 0 0 1 0 0 1 0 1 1 1 1 1 0 1 1 0 0 0 0 1 1 1 0 1 1 0 1 0 0 0 0 0 0 1 1 0 0 1 0 1 1 1 1 1 1 1 0 1 1 0 1 0 1 1 1 0 1 1 1 1 0 0 0 1 1 0 1 1 0 1 0
0 1 1 1 1 0 0 1 0 0 0 1 0 0 0 0 0 0 0 1 1 0 1 0 0 1 1 0 0 0 0 1 0 1 0 1 0 1 1 0 1 1 0 0 0 0 1 0 1 0 1 1 1 0 1 0 0 1 1 1 1 0 1 0 0 0 0 0 0 0 0 0 0 1 1 1 1 0 0 0 0 1 1 0 1 0 1 0 0 1 1 0 1 1 1 0 1 1 0 1 1 1 0 1 1 1 1 0 0 0 1 1 1 0 1 1 0 0 1 1 0 1 1 1 0 0 0 1 0 1 1 1 0 1 1 1 1 1 1 1 0 1 1 0 1 0 1 0 1 1 0 1 1 1 1 1 0 1 1 1 0 0 1 0 1 1 1 1 0
1 0 1 1 0 1 0 1 0 0 1 0 0 0 0 1 0 1 1 0 0 0 0 0 1 0 1 1 1 0 0 1 0 0 0 1 0 0 1 1 1 1 0 0 1 0 0 1 0 0 0 1 1 1 1 0 1 1 1 1 0 0 1 1 0 0 0 0 0 0 1 1 0 0 1 0 1 0 1 1 1 1 1 0 1 0 0 1 1 0 1 0 0 1 1 1 1 1 1 1 0 0 0 1 0 0 1 1 0 0 1 1 1 1 0 0 1 0 1 0 1 1 1 1 0 1 1 1 1 0 0 1 0 0 0 1 0 1 0 1 1 0 0 0 1 0 1 1 0 0 1 1 1 0 0 1 1 1 0 1 1 1 1 1 1 1 0 1 1
1 0 0 1 1 1 1 1 0 0 1 0 0 0 0 1 0 1 0 1 1 0 0 0 1 0 1 0 1 0 0 0 1 1 0 0 0 1 0 1 1 1 0 1 0 1 1 1 1 0 1 1 0 0 1 1 1 0 1 0 0 0 0 1 0 0 0 0 1 0 0 1 1 1 1 0 0 0 0 1 1 1 1 1 0 0 1 1 0 1 1 0 0 0 0 0 1 1 1 0 1 0 0 0 0 1 0 0 0 1 0 0 1 1 1 0 1 1 1 1 1 0 0 0 0 1 1 0 1 1 0 1 1 0 1 1 0 0 1 1 0 1 1 1 0 1 1 1 1 1 0 1 1 1 1 0 0 1 1 0 1 0 0 1 1 1 1 1 1
0 1 1 1 0 1 1 0 0 0 0 1 0 0 0 0 0 1 1 1 1 0 1 0 0 1 1 1 0 0 0 1 1 0 0 1 0 1 0 0 1 0 0 1 1 1 1 0 1 0 0 0 0 1 0 1 0 0 0 1 1 0 0 0 0 0 0 0 1 0 1 0 1 0 1 1 1 0 1 1 1 0 1 1 0 0 0 0 1 1 1 0 1 0 0 1 0 1 1 0 0 1 0 1 1 0 1 1 0 1 0 1 0 1 1 1 1 1 1 0 1 1 1 0 0 0 1 0 0 1 1 1 1 1 1 0 1 1 0 0 1 0 0 1 0 1 1 1 0 1 1 0 0 1 0 1 1 1 1 0 1 1 1 1 0 1 1 1 1
0 1 0 0 1 1 1 1 0 0 0 1 0 0 0 0 0 1 1 0 0 0 1 0 0 1 0 1 0 0 0 0 1 1 0 0 0 0 1 0 0 1 0 1 1 1 0 0 0 0 1 1 1 1 1 1 0 1 1 0 1 0 1 0 0 0 0 0 1 0 1 0 1 1 0 1 0 0 1 1 1 1 0 1 1 0 1 0 1 0 0 0 1 1 1 1 1 0 1 1 1 1 0 0 1 1 0 1 0 1 1 0 1 1 0 1 1 1 0 1 1 0 0 1 0 0 1 1 0 0 1 0 1 1 0 1 1 0 1 1 1 1 1 1 1 1 0 1 1 0 1 1 1 0 1 0 1 0 0 1 1 1 0 1 1 0 0 0 1
0 0 1 1 1 1 1 0 1 0 0 0 0 1 0 0 0 1 0 0 0 0 0 1 0 0 1 0 0 1 1 1 1 1 0 1 0 0 1 0 1 0 1 1 0 1 0 0 0 1 1 0 1 0 0 1 0 1 0 1 0 0 1 0 0 1 1 1 1 1 0 0 1 1 1 0 1 0 0 1 1 0 1 1 1 0 1 0 0 0 1 1 0 1 1 0 0 1 1 1 1 0 1 1 0 1 1 0 0 1 1 1 0 1 0 0 1 1 1 1 1 1 1 1 0 0 1 1 0 0 0 1 1 0 0 0 0 1 1 0 0 1 1 1 1 1 1 1 1 0 0 0 0 0 1 1 0 1 0 1 1 0 1 1 0 1 0 1 1
0 0 1 0 0 1 1 1 0 1 0 0 1 0 1 0 1 1 0 1 1 1 0 0 0 0 0 0 0 0 0 1 1 0 1 1 1 1 1 0 0 1 0 1 0 1 1 0 1 0 0 1 1 0 1 1 0 1 1 1 0 1 1 0 1 0 0 0 1 0 0 0 1 0 0 0 1 1 0 1 1 1 0 1 1 1 0 0 0 1 0 0 0 1 1 0 1 0 1 1 0 0 0 1 0 0 1 0 1 1 1 1 1 1 1 0 1 1 0 0 1 1 1 1 1 0 1 1 0 1 0 0 1 0 1 1 0 1 0 1 0 0 0 1 1 1 0 1 0 1 0 1 1 1 0 1 0 0 1 1 1 0 1 1 1 0 1 0 1
0 0 0 1 0 0 1 1 1 0 0 0 0 1 0 0 0 0 1 1 1 0 0 1 0 0 1 1 0 1 1 0 1 0 0 0 0 1 1 0 1 1 1 1 1 1 1 0 1 1 0 1 1 1 1 1 0 1 1 0 0 0 1 0 0 1 1 1 1 1 1 0 1 0 1 0 0 0 1 0 0 1 1 1 1 0 0 0 1 1 1 1 0 1 1 1 1 1 0 1 0 0 1 0 0 0 0 1 0 1 1 0 1 0 1 0 0 1 1 0 0 0 0 1 0 0 0 1 0 1 0 1 1 0 1 1 0 0 0 1 1 0 0 1 1 1 1 0 0 1 1 1 1 1 0 0 1 1 1 1 0 1 0 0 1 1 1 1 0
0 0 0 1 1 1 0 0 0 1 0 0 1 0 1 0 1 1 1 1 1 1 0 0 0 0 1 1 0 0 0 0 0 1 1 0 1 1 1 0 1 0 0 0 1 0 1 0 1 0 1 0 1 1 0 0 0 1 0 0 0 1 1 0 1 0 0 0 0 0 1 0 0 1 1 0 0 1 1 1 1 0 1 0 1 1 1 0 1 1 1 0 0 1 1 1 0 1 1 1 1 0 0 0 0 1 0 1 1 0 1 0 0 1 1 0 1 0 1 1 1 0 0 1 1 0 1 1 0 1 0 1 0 0 1 0 0 0 1 0 1 1 1 0 1 0 1 1 1 1 1 0 0 1 1 0 1 1 1 1 1 1 0 1 0 1 1 1 1
1 0 1 0 1 0 1 0 0 0 1 0 0 0 0 1 0 0 1 1 1 0 0 0 1 0 0 1 1 0 0 1 1 1 0 1 0 1 1 1 0 0 0 1 1 1 1 1 1 0 1 0 1 1 0 1 1 1 0 1 0 0 1 1 0 0 0 0 1 0 1 1 1 1 0 0 1 0 1 0 0 0 0 1 1 0 1 1 1 1 0 0 0 1 1 1 0 0 0 1 1 0 0 1 0 1 1 1 0 1 1 1 0 0 1 0 0 1 0 1 0 1 1 1 0 1 0 1 1 1 0 0 1 0 1 0 0 1 1 0 1 1 1 1 1 1 0 0 1 1 1 0 0 1 1 1 1 0 1 1 0 1 1 0 0 0 1 0 0
0 0 1 0 1 1 0 1 1 0 0 0 0 1 0 0 0 1 1 1 1 0 0 1 0 0 0 1 0 1 1 1 0 1 0 1 0 1 0 0 0 1 1 0 1 0 1 0 1 1 1 1 0 1 1 0 0 0 1 1 0 0 0 0 0 1 1 1 0 1 1 0 0 1 0 0 1 0 1 1 1 1 0 0 0 0 1 0 1 1 0 1 0 0 0 1 1 0 1 0 1 0 1 1 0 1 1 1 0 0 0 1 1 1 1 0 1 0 0 1 1 1 1 0 0 0 1 0 0 1 0 0 0 0 1 1 0 1 1 1 1 1 1 0 0 0 0 1 1 1 1 1 1 1 1 1 1 0 1 0 1 1 1 1 1 0 1 0 1
1 0 0 0 0 1 1 0 1 0 1 1 1 1 1 0 0 0 1 0 1 1 0 1 0 1 0 0 1 0 0 1 1 1 0 1 0 0 0 0 1 0 1 1 0 0 0 1 1 1 1 1 0 0 1 1 0 1 0 1 0 1 1 0 1 0 0 0 1 1 1 1 1 1 0 1 0 0 1 1 1 1 1 0 1 0 0 1 1 0 1 0 0 0 0 0 1 1 0 0 0 1 0 0 0 0 0 0 0 0 1 1 0 1 1 0 1 0 1 0 1 0 0 0 1 0 0 1 0 1 1 1 0 1 1 0 0 1 0 1 1 1 0 0 1 0 0 0 1 0 0 1 0 0 1 1 0 0 1 0 0 1 0 0 0 0 0 0 0
0 1 0 0 1 0 1 0 0 1 1 0 0 1 1 1 1 1 0 1 1 1 0 1 0 1 1 1 0 1 1 1 1 1 0 0 1 0 0 1 1 0 0 1 0 0 0 1 0 0 0 1 1 1 0 0 0 0 1 1 0 0 1 0 1 1 0 0 0 1 0 0 0 1 1 1 0 0 1 1 1 1 0 1 1 0 0 1 1 1 0 0 0 0 1 0 0 0 0 0 0 1 0 1 1 1 1 1 0 0 0 0 1 1 1 1 0 1 1 1 0 1 0 1 0 1 1 1 0 0 0 1 1 0 1 0 0 0 0 0 0 1 0 0 0 0 0 1 0 0 0 1 0 0 0 1 0 0 0 0 0 1 0 0 1 0 1 1 0
0 1 1 0 0 0 0 0 0 0 1 0 0 1 1 1 1 1 1 0 1 1 1 1 1 1 1 1 0 0 1 1 1 1 1 0 0 0 1 0 1 0 1 1 0 0 1 1 0 0 0 1 1 0 0 0 1 0 1 1 1 0 1 0 0 0 1 1 0 0 0 1 1 1 0 0 1 0 1 1 1 1 1 1 0 1 1 0 1 1 0 0 0 0 0 1 0 0 1 0 1 1 0 0 0 0 0 0 0 1 0 1 0 0 0 0 1 0 0 1 0 1 0 0 1 0 0 1 0 0 0 1 0 1 1 1 0 0 0 1 0 0 0 1 1 0 0 0 1 0 0 0 1 1 0 0 1 1 1 1 0 0 0 1 0 1 0 0 0
1 0 0 0 1 0 0 1 1 1 1 1 1 1 1 0 0 0 0 0 1 1 1 1 0 1 0 0 0 0 0 1 1 1 0 1 0 0 1 1 1 0 0 1 1 1 0 1 1 0 1 1 0 0 1 1 1 1 0 1 0 0 1 0 0 1 1 0 0 0 1 0 0 1 1 0 1 1 1 1 1 1 0 0 0 1 1 0 1 0 1 0 0 1 1 1 0 0 1 0 0 1 1 1 1 0 0 1 0 0 0 0 0 0 0 0 0 0 0 0 1 0 0 0 0 0 1 1 1 0 0 1 1 0 1 0 1 0 1 0 0 0 0 1 0 0 1 0 0 1 0 0 1 1 0 0 0 1 0 0 0 0 1 0 1 0 1 0 1
1 0 1 1 0 0 0 0 1 0 1 1 1 1 1 0 0 0 0 1 1 1 0 1 1 1 0 0 0 1 0 1 1 1 1 1 1 1 0 0 1 1 0 1 0 0 1 1 1 0 1 1 0 1 1 1 0 1 0 1 1 0 1 1 0 0 0 1 0 0 1 0 0 1 0 0 0 0 1 1 1 1 0 0 0 0 0 0 1 0 1 1 1 0 0 0 0 0 0 1 1 1 0 0 0 1 1 0 1 1 0 0 1 0 0 1 0 1 0 0 1 0 1 1 0 1 0 1 0 0 0 1 0 0 1 1 0 0 0 0 0 0 1 0 0 1 0 1 0 0 1 0 0 0 0 0 1 0 0 1 1 0 0 1 0 1 0 1 0
1 1 0 0 0 0 0 1 1 0 0 1 1 0 1 1 1 1 1 1 0 0 0 1 0 1 1 1 0 1 1 0 0 0 0 1 1 0 0 0 0 0 1 1 1 1 0 1 1 0 1 0 1 1 1 1 0 1 1 1 0 0 1 0 0 0 0 0 0 0 1 1 1 1 0 0 0 1 0 0 1 1 1 1 0 0 0 0 1 1 1 0 0 1 0 0 0 0 0 0 0 0 1 0 0 1 1 0 0 0 0 1 1 0 0 1 1 1 0 1 1 1 0 1 1 1 0 0 1 0 0 1 0 1 1 0 1 0 1 1 0 0 0 0 1 0 1 1 1 1 0 0 0 0 0 0 0 0 1 0 0 0 1 0 0 0 0 1 1
1 1 0 1 1 0 0 0 1 1 1 1 1 1 0 1 1 1 1 0 1 1 0 0 0 0 1 1 0 0 1 1 1 1 0 1 0 1 0 1 1 1 1 0 0 0 0 0 1 0 1 1 1 0 1 1 0 1 1 0 0 0 0 1 0 1 0 0 0 0 1 1 1 0 1 0 0 0 1 1 0 0 1 1 0 0 0 0 0 1 1 1 1 0 1 0 0 0 0 1 0 1 0 1 1 0 0 1 1 0 0 1 0 0 0 0 1 0 0 1 1 1 1 0 1 0 1 1 0 0 0 0 1 1 0 0 0 0 0 1 0 0 1 0 1 1 0 0 1 0 1 0 0 0 0 0 0 0 1 0 1 0 0 0 1 0 1 0 0
1 1 1 0 1 1 0 0 1 1 0 1 1 0 1 1 1 1 0 0 0 0 0 1 1 1 1 1 1 0 1 0 0 0 1 1 0 0 0 1 0 0 0 1 0 0 1 1 1 1 1 0 1 0 1 1 0 1 1 1 1 1 1 0 0 1 0 1 1 0 1 0 0 1 1 0 0 0 0 0 1 1 0 1 0 0 0 0 1 1 1 0 0 0 1 0 1 1 0 0 1 0 0 1 1 0 0 1 0 1 1 0 0 0 0 0 0 0 0 1 1 1 0 0 0 0 1 0 0 1 1 1 1 0 1 1 0 1 0 0 1 0 0 0 0 0 0 0 0 0 0 0 0 0 1 0 1 0 0 1 0 0 0 1 1 1 1 0 0
1 1 1 0 0 0 1 1 1 0 1 1 1 1 0 1 1 1 0 0 1 1 0 0 1 0 1 1 0 0 1 1 1 1 1 1 0 0 0 0 1 0 0 0 1 1 1 0 1 0 1 1 1 0 1 1 0 1 1 0 1 0 0 0 1 0 0 1 0 1 1 0 0 0 0 1 0 1 1 1 0 0 0 1 1 0 0 1 0 1 1 0 0 1 0 0 0 0 0 0 1 1 1 0 0 0 0 0 0 1 0 0 0 1 1 0 0 0 1 1 1 1 0 0 0 0 0 1 1 0 0 0 0 0 0 1 1 0 1 0 0 1 0 0 0 0 1 0 0 1 0 1 0 0 0 1 1 0 0 1 0 1 1 1 0 1 0 0 1
0 1 0 1 0 1 0 1 0 0 1 0 0 1 1 1 1 1 0 0 1 1 0 1 0 1 1 1 1 0 1 1 1 1 0 0 0 1 0 0 1 1 0 1 1 1 0 1 0 1 0 1 1 0 0 0 0 0 1 1 0 1 1 1 0 0 0 0 1 0 0 0 0 1 0 0 0 1 1 1 1 1 0 1 0 0 0 0 1 1 0 1 1 1 0 0 1 1 0 1 0 1 1 0 0 0 0 0 1 0 1 0 0 0 0 0 0 0 0 1 0 1 1 0 0 0 0 1 1 1 1 1 0 0 1 0 1 1 1 0 1 0 1 0 0 1 1 0 0 1 1 0 0 0 1 0 0 0 0 0 1 0 1 0 0 0 0 0 1
1 1 0 1 0 0 1 0 1 0 0 1 1 0 1 1 1 1 0 0 0 0 1 1 0 1 1 1 0 0 1 0 0 0 0 1 0 1 1 0 0 1 0 1 0 0 0 1 1 0 1 0 1 0 1 1 1 1 1 1 0 0 1 1 1 0 1 0 0 1 1 0 0 1 0 1 1 0 0 0 1 1 0 1 1 1 1 1 1 1 1 1 1 0 0 1 0 0 1 1 0 0 0 0 0 0 0 0 1 0 0 0 0 1 1 0 0 0 1 1 1 1 1 0 0 0 0 0 0 0 0 1 0 0 1 0 0 0 0 0 0 1 1 1 0 1 0 0 0 0 1 1 1 1 0 1 0 1 0 0 1 1 0 0 0 0 0 0 0
1 1 0 0 0 1 0 0 1 0 1 1 1 1 0 1 1 1 0 1 1 1 1 0 0 0 1 1 1 1 1 1 1 1 0 1 1 0 1 0 1 0 0 0 0 0 0 0 1 1 1 1 1 1 1 1 1 1 1 0 0 1 0 0 0 0 1 0 1 0 1 0 0 0 0 0 1 0 1 1 0 0 0 1 0 1 1 0 0 1 1 0 0 0 0 1 1 1 1 0 0 1 0 0 0 1 1 0 0 0 1 0 1 0 0 1 0 1 0 1 1 1 0 1 0 1 0 1 0 1 1 0 0 0 0 0 0 1 0 0 1 0 0 1 0 0 0 1 0 0 0 0 1 1 1 0 0 1 0 0 0 0 0 0 0 0 0 1 0
0 0 1 1 1 0 1 1 0 1 0 0 0 0 1 0 0 0 1 0 0 0 0 1 1 1 0 0 0 0 0 0 0 0 1 0 0 1 0 1 0 1 1 1 1 1 1 1 0 0 0 0 0 0 0 0 0 0 0 1 1 0 1 1 1 1 0 1 0 1 0 1 1 1 1 1 0 1 0 0 1 1 1 0 1 0 0 1 1 0 0 1 1 1 1 0 0 0 0 1 1 0 1 1 1 0 0 1 1 1 0 1 0 1 1 0 1 0 1 0 0 0 1 0 1 0 1 0 1 0 0 1 1 1 1 1 1 0 1 1 0 1 1 0 1 1 1 0 1 1 1 1 0 0 0 1 1 0 1 1 1 1 1 1 1 1 1 0 1
0 1 1 1 1 0 0 1 0 1 0 0 0 0 0 1 1 1 0 1 0 0 1 0 1 0 1 1 0 1 1 0 0 0 1 0 1 1 1 1 0 1 0 0 1 1 1 0 0 0 0 0 1 1 0 0 1 0 1 0 1 0 0 1 0 1 1 1 0 0 0 0 0 0 1 0 1 1 0 0 0 0 0 1 0 1 1 0 0 1 0 1 1 1 1 1 0 0 1 1 1 0 1 1 1 1 1 1 1 1 0 0 1 0 0 1 0 1 0 1 0 1 1 1 0 1 1 0 1 0 0 0 1 0 0 1 1 0 1 0 0 0 1 1 0 1 1 1 0 1 1 0 1 1 0 0 1 1 0 1 1 0 1 1 1 1 1 1 1
1 0 1 1 0 1 0 1 1 0 0 1 1 0 0 0 0 0 1 0 0 0 1 0 1 0 0 0 1 0 0 0 0 0 1 1 0 1 1 0 0 1 1 0 1 1 1 0 1 1 1 0 0 0 1 1 1 1 0 0 1 1 0 1 0 0 1 1 1 0 1 1 1 0 0 0 1 1 0 0 0 0 1 0 0 1 1 0 0 0 1 1 1 1 0 1 1 1 1 1 1 0 1 0 0 0 0 0 1 1 1 1 0 0 0 0 1 0 0 0 1 0 1 0 1 0 0 0 1 1 1 0 0 1 0 1 1 1 1 1 1 0 1 1 1 1 1 0 1 1 1 0 1 1 1 0 1 1 1 1 1 0 1 1 0 1 0 0 1
1 0 0 1 1 1 1 1 1 1 0 1 1 0 0 0 0 0 0 1 0 0 0 0 0 0 0 0 1 1 0 0 0 0 0 1 1 1 0 1 0 1 0 0 1 1 0 0 1 1 1 0 0 1 1 1 0 1 0 0 0 1 0 1 1 1 0 0 1 1 1 0 0 0 1 1 0 1 0 0 0 0 0 0 1 0 0 1 0 0 1 1 1 1 1 0 1 1 0 1 0 0 1 1 1 1 1 1 1 0 1 0 1 1 1 1 0 1 1 0 1 0 1 1 0 1 1 0 1 1 1 0 1 0 0 0 1 1 1 0 1 1 1 0 0 1 1 1 0 1 1 1 0 0 1 1 0 0 0 0 1 1 1 0 1 0 1 1 1
0 1 1 1 0 1 1 0 0 0 0 0 0 0 0 1 1 1 1 1 0 0 0 0 1 0 1 1 1 1 1 0 0 0 1 0 1 1 0 0 0 1 1 0 0 0 1 0 0 1 0 0 1 1 0 0 0 0 1 0 1 1 0 1 1 0 0 1 1 1 0 1 1 0 0 1 0 0 0 0 0 0 1 1 1 0 0 1 0 1 0 1 1 0 0 0 1 1 0 1 1 0 0 0 0 1 1 0 1 1 1 1 1 1 1 1 1 1 1 1 0 1 1 1 1 1 0 0 0 1 1 0 0 1 0 1 0 1 0 1 1 1 1 0 1 1 0 1 1 0 1 1 0 0 1 1 1 0 1 1 1 1 0 1 0 1 0 1 0
0 1 0 0 1 1 1 1 0 1 0 0 0 0 0 1 1 1 1 0 0 0 1 0 0 0 1 1 1 0 1 0 0 0 0 0 0 0 1 1 0 0 1 0 1 1 0 0 0 1 0 0 1 0 0 0 1 0 1 0 0 1 0 0 1 1 1 0 1 1 0 1 1 0 1 1 1 1 0 0 0 0 1 1 1 1 1 1 0 1 0 0 0 1 1 1 1 1 1 0 0 0 1 1 1 0 0 1 0 0 1 1 0 1 1 0 1 0 1 1 0 1 0 0 1 0 1 0 1 1 1 0 1 1 0 0 1 1 1 1 1 1 0 1 1 0 1 0 1 1 0 1 1 1 1 1 0 1 1 0 0 1 1 0 1 0 1 0 1
0 0 1 1 1 1 1 0 0 1 1 0 0 1 0 0 0 0 0 0 1 1 1 0 1 0 0 0 1 0 0 1 1 1 1 0 0 1 1 1 1 1 0 0 0 0 1 0 0 1 0 1 0 0 0 0 1 0 0 0 1 1 0 1 1 1 1 1 1 1 0 0 0 0 1 1 1 0 1 1 0 0 0 0 1 1 1 1 0 0 0 1 1 0 1 1 1 1 1 1 1 1 0 1 1 0 0 1 1 1 1 0 0 1 1 0 0 0 1 0 0 0 1 0 0 0 1 1 0 1 1 0 1 0 0 1 0 1 0 0 1 1 1 1 0 1 0 0 0 0 1 1 1 1 1 1 1 1 0 1 1 1 0 1 1 1 1 0 0
0 0 1 0 0 1 1 1 0 0 0 0 0 0 1 0 0 0 0 1 0 0 1 1 1 1 0 0 1 1 0 0 0 0 1 0 1 0 1 0 0 0 0 1 1 1 1 1 0 1 0 0 0 1 0 0 1 0 0 1 1 1 1 0 1 0 1 1 1 1 0 0 0 1 0 1 1 1 0 0 1 1 0 0 1 1 1 1 1 0 0 0 0 1 0 1 1 1 1 0 1 0 1 0 0 1 1 0 0 1 1 0 1 1 1 1 0 1 1 0 0 0 0 1 0 1 0 0 1 1 1 1 0 0 1 1 1 1 1 0 1 1 0 1 0 0 1 1 0 1 0 1 1 1 1 1 1 1 0 1 0 1 1 1 0 1 0 1 1
0 0 0 1 0 0 1 1 0 0 1 0 0 1 0 0 0 0 1 1 1 1 1 0 0 0 0 0 0 1 0 1 1 1 0 0 1 1 1 0 1 1 1 0 1 1 0 0 0 0 0 1 0 1 0 0 1 0 0 0 0 0 0 1 1 0 1 0 0 1 0 1 1 0 0 1 1 1 1 1 0 0 1 0 1 1 1 1 0 0 0 1 1 1 0 1 0 0 1 1 0 1 1 0 0 1 1 0 1 0 0 1 1 1 1 1 1 1 1 0 0 0 1 1 1 1 0 1 1 0 0 0 0 1 0 0 1 0 1 1 0 1 1 1 1 1 1 1 1 1 1 1 1 1 0 1 0 1 1 0 1 1 1 0 0 0 0 1 1
0 0 0 1 1 1 0 0 0 1 0 0 0 0 1 0 0 0 1 1 0 0 1 1 0 1 0 0 1 1 0 0 0 0 0 0 1 1 1 1 0 1 1 1 0 0 0 1 0 1 0 0 0 1 0 0 1 0 0 1 0 1 1 1 0 1 1 0 1 0 0 1 1 1 1 0 1 0 0 0 1 1 1 0 0 1 1 0 1 0 0 1 1 0 1 1 1 1 1 1 0 0 0 1 1 1 1 1 1 0 1 1 1 0 0 1 1 1 0 0 0 0 1 1 1 1 1 0 0 1 1 1 1 1 1 0 0 1 0 1 1 0 1 1 1 1 0 1 1 0 1 0 1 1 1 0 0 1 1 0 1 0 0 0 1 0 1 1 0
1 0 1 0 1 0 1 0 1 1 0 1 1 0 0 0 0 0 1 1 0 0 1 0 1 0 0 0 0 1 0 0 0 0 1 1 1 0 1 1 0 0 1 0 0 0 1 0 1 0 1 0 0 1 1 1 1 1 0 0 1 0 0 0 1 1 1 1 0 1 1 1 1 0 1 1 1 0 0 0 0 0 1 0 1 1 1 1 0 0 1 0 0 0 1 1 0 0 1 0 1 0 0 1 1 1 1 1 0 1 0 1 1 1 1 1 1 1 1 0 1 0 0 1 1 1 1 0 0 0 0 0 1 1 0 1 0 0 0 1 0 1 0 1 1 0 0 1 1 0 0 1 1 1 0 1 1 1 1 1 0 1 0 1 1 1 1 1 0
0 0 1 0 1 1 0 1 0 1 1 0 0 1 0 0 0 0 1 1 1 1 0 0 1 0 0 0 1 1 0 1 1 1 1 0 1 0 0 1 1 0 1 0 1 1 1 0 0 1 0 1 0 1 0 0 0 0 0 0 1 1 0 0 0 1 0 1 1 0 0 1 1 0 1 0 0 1 1 1 0 0 1 0 0 0 0 0 0 0 0 0 0 1 1 0 1 1 0 0 1 1 1 1 1 1 1 1 0 1 1 1 1 0 0 1 1 1 0 0 0 0 0 1 1 1 1 1 1 1 1 0 1 1 0 1 1 1 1 1 1 0 0 0 1 0 1 1 1 1 0 0 0 0 1 0 1 0 1 1 0 0 1 1 1 1 1 1 1
1 0 0 0 0 1 1 0 1 1 0 1 0 1 1 1 0 0 1 0 0 0 1 1 1 0 1 1 1 1 0 1 0 1 0 0 1 1 0 1 1 1 1 0 1 0 1 0 1 1 0 1 0 0 0 0 0 1 1 0 1 1 0 0 0 0 0 0 1 0 1 0 1 0 0 1 1 1 0 0 1 1 1 0 1 0 1 1 0 0 0 0 0 1 1 1 0 0 1 0 0 0 0 1 0 0 1 0 0 1 0 0 1 1 0 1 1 0 0 1 0 1 1 0 1 0 1 1 0 0 0 1 1 0 1 0 1 0 1 0 0 0 1 0 0 1 0 0 0 1 1 1 0 1 1 0 0 0 0 1 0 0 0 0 0 1 0 1 0
0 1 0 0 1 0 1 0 0 0 1 0 1 1 1 0 0 0 0 1 1 0 0 0 1 1 1 0 1 1 0 1 0 0 1 0 1 0 0 1 1 1 1 0 1 1 1 0 1 0 0 0 1 1 0 0 1 1 1 0 1 1 0 1 0 0 0 1 1 1 1 0 1 1 1 1 1 0 0 0 1 0 0 1 1 1 1 0 1 0 1 0 0 0 1 0 1 0 0 1 0 1 1 0 0 0 0 0 0 0 0 1 1 0 0 0 1 0 1 1 1 0 1 1 0 0 1 0 0 0 0 1 0 0 0 1 1 1 1 0 1 0 0 1 0 0 0 0 1 0 1 0 0 1 0 1 0 0 1 0 1 0 0 0 1 0 0 0 1
0 1 1 0 0 0 0 0 1 0 0 0 0 1 1 1 0 1 1 0 1 0 0 0 0 0 1 0 1 1 0 0 1 0 1 0 1 0 1 1 1 1 0 0 1 1 1 0 1 0 0 0 0 1 1 1 1 0 1 1 1 0 1 0 1 1 1 0 1 1 1 0 1 1 1 1 1 1 1 0 1 0 0 0 1 0 1 0 0 1 0 0 1 0 1 0 1 1 1 1 0 0 0 1 0 1 0 1 1 0 0 1 0 0 0 1 1 0 0 0 1 0 1 0 0 1 0 1 1 1 0 0 0 1 1 0 0 0 1 1 0 1 0 0 0 1 1 0 0 0 0 1 0 0 1 0 0 0 0 0 0 0 0 1 0 1 0 0 0
1 0 0 0 1 0 0 1 0 1 1 0 0 1 1 0 1 0 0 0 0 0 1 0 0 1 1 1 1 1 0 0 0 1 0 1 1 1 1 1 1 1 0 0 1 0 1 1 1 1 0 0 0 0 0 1 0 0 1 1 1 0 0 0 1 1 0 0 1 0 1 0 1 0 0 1 1 0 1 1 1 1 1 1 1 1 1 0 0 1 1 1 1 1 1 0 0 1 0 0 1 0 1 0 0 1 1 0 0 1 0 0 0 1 0 0 1 1 0 0 0 0 1 1 0 0 0 0 1 0 1 0 0 0 0 1 0 0 1 1 1 0 0 0 1 0 0 0 0 0 0 0 0 0 0 1 0 1 1 0 1 1 0 1 0 0 1 0 0
1 0 1 1 0 0 0 0 0 1 0 0 1 1 1 0 0 1 0 1 0 1 1 0 0 0 1 1 1 1 1 0 1 1 0 0 1 1 0 1 1 1 0 1 1 0 1 0 1 1 1 0 1 0 1 0 0 0 1 0 1 0 1 1 0 0 1 1 1 0 1 1 1 0 0 1 1 0 0 0 1 1 1 0 1 0 1 0 1 0 0 0 0 1 1 0 0 0 0 0 0 1 0 0 1 0 1 1 1 1 1 0 0 1 1 0 1 0 1 0 0 0 1 0 0 1 0 0 0 1 0 0 0 1 0 0 0 1 1 0 0 1 0 1 0 0 1 1 1 0 0 0 1 0 0 0 1 0 0 0 0 0 1 0 1 0 0 0 1
1 1 0 0 0 0 0 1 1 1 0 0 1 0 1 1 1 0 1 1 1 0 1 0 0 0 0 1 0 1 0 0 0 1 1 1 0 1 0 1 1 0 0 0 1 1 0 1 1 1 0 0 1 1 0 0 1 0 1 0 1 0 0 1 0 0 0 1 1 1 0 0 0 1 1 0 0 1 0 1 0 1 1 0 1 0 1 0 1 0 0 1 0 1 0 0 1 0 1 1 1 1 0 1 0 0 1 0 0 1 0 1 0 1 0 1 1 1 1 0 1 0 1 0 0 0 0 1 0 0 1 0 0 0 1 0 0 1 0 0 0 0 0 1 1 1 0 0 1 0 0 1 0 0 1 0 0 1 0 0 0 1 0 0 1 1 1 0 1
1 1 0 1 1 0 0 0 1 1 1 0 0 1 0 1 0 0 1 0 1 1 1 0 0 1 1 1 1 0 1 0 0 1 1 0 1 1 0 0 0 1 0 1 0 1 1 0 0 1 1 0 0 1 0 0 1 0 0 0 0 0 0 0 0 0 0 0 0 1 1 1 1 1 1 1 1 1 0 0 1 1 1 1 0 1 0 0 0 0 1 0 0 1 1 0 1 0 1 1 0 0 1 1 1 0 1 0 0 1 1 1 0 1 1 1 0 0 0 0 1 0 0 1 0 0 0 1 0 0 0 0 0 0 1 1 0 0 1 0 1 0 0 0 0 1 0 1 0 0 0 1 1 0 1 1 1 0 1 0 1 0 1 0 0 1 0 0 0
1 1 1 0 1 1 0 0 0 1 1 1 0 0 1 0 0 1 0 0 1 0 1 1 0 1 0 1 0 1 0 0 1 1 1 0 0 1 0 1 1 0 0 0 1 1 0 0 1 1 0 1 0 1 1 0 1 0 1 0 1 0 1 0 0 0 1 0 1 1 0 0 0 1 1 0 0 0 0 0 0 1 1 1 1 1 1 1 0 0 1 0 0 1 0 1 1 0 0 1 0 0 1 0 0 0 1 1 1 1 0 1 0 1 0 0 1 0 0 0 1 1 1 1 1 1 0 0 0 1 0 0 1 1 0 1 0 0 0 0 1 1 1 0 0 0 1 0 0 1 0 0 0 0 0 1 0 0 1 1 1 0 0 0 0 0 0 1 0
1 1 1 0 0 0 1 1 0 1 0 0 0 1 0 0 1 1 0 0 1 0 1 0 1 0 1 1 1 0 0 1 1 1 1 1 1 1 0 0 0 1 1 0 0 1 1 1 0 1 0 0 0 1 1 0 1 1 0 0 0 1 1 0 0 0 1 0 0 1 1 0 1 1 1 1 1 0 0 1 1 1 1 0 0 0 0 0 0 0 0 1 0 1 1 0 1 0 0 1 1 0 0 0 0 0 1 1 1 1 0 1 1 1 0 0 0 1 0 1 1 0 0 0 0 1 1 0 0 1 1 1 0 1 0 0 1 0 1 0 0 1 0 0 1 0 1 0 0 0 1 0 0 1 0 0 0 1 0 0 0 1 0 0 0 0 1 0 0
0 1 0 1 0 1 0 1 0 0 0 1 0 1 1 0 1 0 0 0 1 1 0 1 0 0 1 0 1 1 1 0 0 0 1 1 1 0 0 1 1 1 0 1 1 1 1 1 1 0 1 1 0 1 0 0 1 0 1 0 1 0 0 0 0 0 0 0 1 1 1 1 1 1 1 1 1 0 0 1 1 0 0 0 1 0 1 1 0 0 0 1 0 0 1 1 1 0 0 1 1 0 0 0 1 0 0 0 0 0 1 1 0 0 1 0 1 1 0 0 1 1 1 0 1 0 0 0 0 0 1 0 1 0 0 0 0 0 1 0 0 0 1 0 1 0 0 1 0 1 0 0 1 0 0 0 1 1 0 1 0 1 1 0 0 0 1 1 0
1 1 0 1 0 0 1 0 0 1 0 0 0 0 1 0 0 0 0 0 1 1 1 0 1 0 0 1 0 1 1 1 0 1 1 0 0 1 1 1 1 0 1 1 1 1 0 0 1 1 1 0 0 1 0 1 1 1 1 1 1 1 0 0 1 1 0 0 1 1 0 1 0 1 1 0 0 0 1 0 0 1 1 0 1 0 1 0 0 1 0 0 1 1 0 0 1 1 0 1 0 0 0 0 1 1 1 0 0 1 1 1 1 1 1 0 1 0 0 1 1 0 1 0 0 0 1 0 1 0 0 1 0 0 0 0 1 0 0 1 0 0 0 0 0 0 0 1 0 0 1 0 1 1 0 0 1 0 0 0 0 0 1 1 0 0 0 0 0
1 1 0 0 0 1 0 0 0 1 0 1 1 1 0 0 0 0 0 1 1 0 1 1 0 0 1 1 1 0 0 0 0 1 1 0 1 1 1 0 0 1 0 0 0 1 1 0 0 1 0 1 1 1 0 1 1 0 0 1 0 0 0 1 1 1 0 1 0 1 1 0 1 1 1 1 1 0 1 0 1 1 1 0 0 0 0 1 1 1 0 0 1 1 1 1 1 1 0 1 0 1 0 0 0 1 1 0 0 1 0 1 0 1 0 0 0 0 1 0 1 1 0 0 1 0 0 0 1 0 0 0 1 0 0 0 0 1 1 1 0 0 1 1 0 0 0 0 1 1 0 0 0 0 0 0 0 0 0 1 0 0 0 1 1 0 0 1 1
0 0 1 1 1 0 1 1 1 0 1 0 0 0 1 1 1 1 1 0 0 1 0 0 1 1 0 0 0 1 1 1 1 0 0 1 0 0 0 1 1 0 1 1 1 0 0 1 1 0 1 0 0 0 1 0 0 1 1 0 1 1 1 0 0 0 1 0 1 0 0 1 0 0 0 0 0 1 0 1 0 0 0 1 1 1 1 0 0 0 1 1 0 0 0 0 0 0 1 0 1 0 1 1 1 0 0 1 1 0 1 0 1 0 1 1 1 1 0 1 0 0 1 1 0 1 1 1 0 1 1 1 0 1 1 1 1 0 0 0 1 1 0 0 1 1 1 1 0 0 1 1 1 1 1 1 1 1 1 0 1 1 1 0 0 1 1 0 0
0 1 1 1 1 0 0 1 0 0 1 0 1 0 0 0 1 1 0 1 1 1 0 0 0 1 0 0 0 0 1 0 1 0 1 1 0 0 1 0 0 0 0 1 0 1 0 1 0 0 1 0 1 1 1 1 1 0 0 1 0 0 1 1 1 1 1 1 0 1 0 1 0 1 1 0 0 0 1 1 0 0 0 1 0 1 0 0 1 1 1 1 1 0 0 0 1 1 0 1 1 1 1 0 1 1 0 1 1 0 1 1 0 0 1 0 0 1 1 0 1 0 0 1 0 1 0 0 1 1 1 0 0 1 0 1 0 1 0 1 1 1 0 1 1 0 1 1 1 0 0 0 1 0 0 1 1 1 1 0 1 1 1 1 1 0 1 0 1
1 0 1 1 0 1 0 1 1 1 0 1 0 0 0 1 1 1 1 0 0 1 1 1 0 0 0 1 0 0 1 0 1 1 0 1 0 1 1 0 0 0 0 1 0 0 0 1 0 1 1 1 0 0 1 1 0 0 0 1 0 0 1 0 1 1 1 0 0 0 0 1 0 0 0 0 0 1 1 1 0 1 1 0 0 0 0 1 0 1 0 1 1 1 0 1 0 1 1 0 1 0 0 1 1 1 1 1 1 1 1 0 0 1 1 1 0 1 0 0 0 1 0 0 1 1 0 1 1 1 1 0 1 1 1 0 0 0 0 1 0 1 1 0 1 1 1 1 0 1 0 1 1 0 1 0 1 1 0 1 0 1 1 1 0 1 1 1 0
1 0 0 1 1 1 1 1 0 1 1 1 1 0 0 0 1 0 0 1 0 1 1 1 1 1 0 1 0 0 1 1 0 1 0 1 0 1 0 0 0 0 1 1 0 0 0 1 0 1 1 1 1 0 0 0 0 1 0 0 0 1 0 1 0 0 0 1 0 0 0 1 0 0 0 0 0 0 0 1 0 1 1 1 0 1 0 1 1 0 1 1 0 1 0 1 0 0 0 0 1 1 1 0 1 0 1 0 0 1 1 0 1 1 1 0 0 1 1 1 0 1 0 1 1 0 1 0 0 0 1 1 1 0 0 1 1 1 0 0 1 0 1 1 1 0 0 1 1 1 1 0 1 1 0 1 1 1 1 1 1 1 1 0 1 0 1 1 1
0 1 1 1 0 1 1 0 1 0 0 1 1 0 0 1 0 1 1 1 1 1 0 1 1 0 0 0 0 0 1 1 1 0 1 0 0 0 0 0 0 0 1 1 0 1 0 0 0 0 1 1 1 1 1 0 1 1 0 0 0 1 1 1 0 0 1 1 0 1 0 1 0 1 1 0 0 1 0 0 0 0 0 0 0 0 0 1 1 0 0 0 0 0 0 1 1 0 1 1 0 1 0 1 1 0 0 1 1 0 1 1 1 0 1 1 0 0 1 1 1 1 0 0 1 1 1 1 0 1 0 1 1 1 1 0 1 1 0 0 0 1 1 1 0 1 1 1 1 1 1 1 1 1 1 0 1 0 0 1 0 0 1 0 1 1 0 1 1
0 1 0 0 1 1 1 1 1 0 1 1 0 0 0 1 1 0 1 0 1 0 0 1 1 1 0 0 0 0 0 1 0 0 1 1 0 0 1 0 0 0 1 0 0 1 0 1 0 0 0 1 0 1 0 1 1 1 0 1 0 1 0 0 1 1 0 0 0 1 0 0 0 1 1 0 0 1 1 1 0 0 0 1 0 1 0 1 0 1 1 1 1 0 0 1 1 1 1 1 1 0 1 1 0 1 0 0 0 0 0 1 1 0 0 1 0 1 0 1 1 1 0 1 1 0 1 1 1 0 1 1 1 0 1 1 1 0 0 1 1 0 1 0 1 1 0 0 0 1 1 1 0 1 1 1 0 1 1 1 1 1 0 1 0 1 1 1 0
0 0 1 1 1 1 1 0 0 0 1 1 0 1 0 0 0 1 0 0 0 1 0 1 1 1 1 0 1 0 1 1 1 0 0 0 1 0 1 0 0 1 1 1 0 0 1 0 0 0 1 1 0 0 1 1 0 1 0 1 0 1 1 0 1 1 1 0 0 0 1 1 1 0 0 1 1 0 1 0 1 0 0 1 0 1 0 1 0 1 1 0 1 0 1 1 0 1 0 0 0 0 1 0 1 1 0 1 1 0 1 0 1 0 1 0 0 0 0 1 0 1 0 1 1 1 1 0 1 1 0 1 1 1 0 1 1 0 1 1 1 1 1 0 0 0 1 1 0 1 1 0 1 1 0 1 1 0 1 1 1 0 1 1 0 0 0 1 0
0 0 1 0 0 1 1 1 0 0 0 1 1 0 1 0 1 1 0 1 0 0 0 1 1 0 0 0 0 1 0 1 1 0 0 1 0 0 1 1 1 0 1 0 1 0 0 1 1 0 0 1 1 0 1 1 0 1 1 1 1 1 1 1 1 1 1 1 1 0 0 0 0 0 0 0 0 0 1 1 0 0 0 0 1 0 1 1 1 1 0 1 1 0 0 1 0 1 0 0 1 1 0 0 0 1 0 1 1 0 0 0 1 0 0 0 1 1 1 1 0 1 1 0 1 1 1 0 1 1 1 1 1 1 0 0 1 1 0 1 0 1 1 1 1 0 1 0 1 1 1 0 0 1 0 0 0 1 0 1 0 1 0 1 1 0 1 1 1
0 0 0 1 0 0 1 1 1 0 0 0 1 1 0 1 1 0 1 1 0 1 0 0 1 0 1 0 1 0 1 1 0 0 0 1 1 0 1 0 0 1 1 1 0 0 1 1 0 0 1 0 1 0 0 1 0 1 0 1 0 1 0 1 1 1 0 1 0 0 1 1 1 0 0 1 1 1 1 1 1 0 0 0 0 0 0 0 1 1 0 1 1 0 1 0 0 1 1 0 1 1 0 1 1 1 0 0 0 0 1 0 1 0 1 1 0 1 1 1 0 0 0 0 0 0 1 1 1 0 1 1 0 0 1 0 1 1 1 1 0 0 0 1 1 1 0 1 1 0 1 1 1 1 1 0 1 1 0 0 0 1 1 1 1 1 1 0 1
0 0 0 1 1 1 0 0 1 0 1 1 1 0 1 1 0 0 1 1 0 1 0 1 0 1 0 0 0 1 1 0 0 0 0 0 0 0 1 1 1 0 0 1 1 0 0 0 1 0 1 1 1 0 0 1 0 0 1 1 1 0 0 1 1 1 0 1 1 0 0 1 0 0 0 0 0 1 1 0 0 0 0 1 1 1 1 1 1 1 1 0 1 0 0 1 0 1 1 0 0 1 1 1 1 1 0 0 0 0 1 0 0 0 1 1 1 0 1 0 0 1 1 1 1 0 0 1 1 0 0 0 1 0 1 1 0 1 0 1 1 0 1 1 0 1 0 1 1 1 0 1 1 0 1 1 1 0 1 1 1 0 1 1 1 1 0 1 1
1 0 1 0 1 0 1 0 1 1 1 0 1 0 0 1 0 1 1 1 0 0 1 0 1 1 0 1 0 0 0 1 1 1 0 0 0 1 1 0 0 0 1 0 0 0 0 0 0 1 0 0 1 0 1 1 0 1 0 1 0 1 1 1 1 1 1 1 0 0 0 0 0 0 0 0 0 1 1 0 0 1 1 1 0 1 0 0 1 1 1 0 1 1 0 0 0 1 1 0 0 1 1 1 0 1 1 1 1 1 0 0 1 1 0 1 0 0 1 1 0 0 0 1 0 1 1 1 1 1 0 1 0 1 1 1 1 1 0 1 1 1 0 1 0 1 1 0 1 0 1 1 0 1 1 1 0 0 1 0 1 0 0 1 1 1 0 0 1
0 0 1 0 1 1 0 1 1 0 1 1 1 1 0 1 1 1 1 1 0 0 0 1 0 1 1 0 1 0 0 0 1 0 0 1 1 0 0 0 0 1 0 0 0 0 1 1 0 0 0 1 1 0 1 0 0 0 0 0 0 0 1 1 0 0 1 1 0 0 1 0 1 0 0 1 1 1 0 1 1 0 0 1 0 1 0 1 1 0 1 1 0 0 1 1 0 0 1 0 1 1 1 1 0 0 0 1 1 0 0 0 0 0 0 1 0 1 1 0 0 1 0 1 1 1 0 1 0 1 1 0 1 1 1 1 0 1 1 0 1 1 1 1 1 1 1 0 1 1 0 1 0 0 1 1 0 1 1 1 1 1 0 0 1 1 1 1 1
1 0 0 0 0 1 1 0 0 0 0 1 0 1 1 0 1 1 1 0 0 0 1 1 0 1 0 1 0 1 0 0 0 1 1 0 0 0 0 0 1 1 0 0 1 1 1 1 0 0 0 1 1 0 1 0 0 1 0 0 0 1 0 1 0 1 1 1 1 0 0 1 0 0 1 0 1 0 0 0 0 0 1 0 0 1 0 1 1 1 1 0 0 0 1 0 0 1 0 1 0 1 0 0 1 1 1 0 1 0 0 1 0 0 1 0 0 1 0 1 1 0 1 0 0 1 0 1 0 0 0 0 1 0 1 1 1 0 1 1 1 1 0 0 1 1 0 1 0 0 0 1 0 1 1 1 1 1 0 0 0 0 1 1 0 0 1 0 1
0 1 0 0 1 0 1 0 0 0 0 1 0 1 1 0 1 1 0 1 0 0 1 1 1 0 1 0 0 0 0 1 1 0 0 0 1 1 0 1 0 1 0 0 0 1 1 0 0 1 1 0 0 0 1 1 1 0 1 1 0 0 1 0 1 1 0 0 1 1 1 1 0 0 1 0 0 0 0 1 0 1 1 0 0 1 0 1 1 0 1 0 0 0 0 0 0 0 0 1 0 1 1 1 0 1 1 0 0 0 1 0 0 0 0 1 1 0 0 1 0 0 1 0 1 1 0 1 0 0 1 0 0 0 0 0 0 0 0 0 1 0 0 1 1 0 1 0 1 1 1 1 1 1 1 0 1 0 0 1 1 1 1 1 0 1 1 0 1
0 1 1 0 0 0 0 0 0 0 1 1 1 1 1 1 0 1 1 0 0 0 0 0 0 0 0 0 0 1 1 1 0 1 0 1 1 0 1 1 0 1 0 1 0 1 0 1 0 1 0 0 1 1 0 1 0 0 0 0 1 0 1 0 0 1 0 0 1 0 0 0 1 0 0 1 1 1 1 0 0 0 1 0 0 1 1 1 1 0 1 1 0 1 0 0 1 1 0 1 0 1 0 0 0 0 1 0 1 0 0 0 0 1 1 0 0 0 0 1 1 0 0 0 0 1 1 0 0 1 0 1 1 0 0 1 1 0 0 0 0 0 1 0 1 0 0 0 1 1 0 1 1 1 1 0 1 0 1 0 1 1 1 1 1 1 1 1 0
1 0 0 0 1 0 0 1 0 0 1 1 0 1 1 0 0 1 0 0 0 1 0 0 1 1 0 0 1 0 1 0 0 0 0 1 0 1 1 0 0 1 1 0 1 1 0 0 1 0 0 1 0 1 0 0 0 0 1 1 1 1 0 0 0 1 0 1 1 1 1 0 1 1 0 0 0 1 0 1 0 0 1 0 0 1 0 1 1 1 1 0 1 0 1 0 0 0 1 1 0 1 0 0 0 0 1 1 0 1 1 1 0 1 0 1 0 0 1 1 0 1 0 1 1 1 0 0 0 1 0 1 0 0 0 0 0 0 0 0 0 1 1 1 1 1 1 1 0 0 0 1 0 1 1 0 1 1 0 0 0 0 1 1 1 0 1 0 0
1 0 1 1 0 0 0 0 1 1 0 1 1 1 1 1 0 1 0 1 1 0 0 0 0 1 1 0 0 0 0 0 1 0 0 0 0 0 0 0 0 1 0 1 1 1 0 0 0 0 1 1 0 0 0 0 1 0 0 0 0 1 0 0 1 1 0 1 1 0 0 0 0 0 0 1 0 0 1 0 1 1 1 1 1 1 1 1 1 1 1 1 0 1 1 1 1 0 0 1 1 1 1 1 0 0 1 0 0 0 0 1 1 0 0 0 1 0 0 1 0 0 0 0 0 1 1 0 1 0 1 0 0 1 0 0 0 1 0 0 0 1 0 0 1 1 0 1 0 0 1 1 0 1 1 0 1 1 1 1 0 0 1 1 0 0 1 1 0
1 1 0 0 0 0 0 1 0 0 0 0 0 0 0 0 0 1 1 1 0 1 0 0 0 1 1 0 1 1 0 1 1 1 0 0 1 0 0 1 0 1 1 0 1 1 0 1 1 1 1 1 1 0 0 1 1 0 0 0 0 1 1 0 1 1 0 1 0 0 0 0 0 1 0 0 1 0 0 0 0 1 0 0 0 0 0 1 0 1 1 0 1 0 1 0 0 1 1 0 0 1 1 1 0 0 1 1 1 1 0 1 0 0 1 0 1 0 1 0 1 1 0 1 0 0 0 0 0 0 1 0 1 0 0 1 1 0 0 0 0 1 0 0 1 1 0 1 1 1 1 0 1 1 1 0 1 1 0 1 1 1 0 0 0 1 0 0 0
1 1 0 1 1 0 0 0 1 1 0 1 0 1 0 0 0 0 1 0 1 0 0 0 1 1 0 0 0 1 0 1 0 1 0 0 1 1 0 1 0 0 0 0 1 0 0 1 0 1 0 1 1 0 0 1 0 0 1 1 0 1 1 0 0 0 0 1 1 1 1 0 0 0 0 0 1 0 0 1 1 0 1 1 1 1 0 0 1 1 0 0 0 0 1 1 0 1 0 1 1 0 0 0 0 0 0 0 1 0 1 1 1 0 1 1 0 0 0 1 1 0 0 0 1 1 0 0 1 0 0 0 1 1 0 1 1 1 0 0 0 1 0 1 0 1 1 1 1 1 0 1 1 0 0 0 0 1 0 0 1 1 1 1 0 1 1 0 0
1 1 1 0 1 1 0 0 0 0 0 0 1 0 1 1 0 1 0 0 0 0 0 0 1 1 0 1 0 0 0 1 0 0 1 0 1 1 0 1 1 1 0 1 1 1 0 0 0 1 0 1 0 0 0 1 0 1 1 1 0 1 1 1 0 1 1 1 0 1 1 0 0 0 0 1 0 0 1 1 0 0 0 0 0 0 1 1 0 1 1 1 0 1 1 0 1 0 0 0 0 1 0 0 1 0 1 0 0 0 1 1 0 0 0 1 0 1 0 0 0 0 0 0 1 0 1 0 0 0 0 0 0 0 1 0 0 0 1 1 0 1 0 1 1 1 1 1 1 1 0 0 1 1 1 1 1 1 1 0 1 1 0 0 0 1 0 1 0
1 1 1 0 0 0 1 1 0 0 0 1 1 1 0 1 1 0 0 0 0 1 1 1 0 1 0 0 1 0 0 1 0 0 0 0 1 0 0 1 0 0 1 1 1 0 1 0 1 1 0 1 0 0 1 1 0 0 0 0 0 1 1 0 0 0 0 1 1 0 0 1 0 1 1 1 0 0 1 0 0 0 1 0 0 1 1 0 1 1 0 1 1 1 1 0 1 0 1 1 0 0 0 0 0 1 0 1 0 1 0 1 0 0 0 0 0 0 1 1 0 1 1 1 0 1 1 1 0 0 0 0 0 0 0 0 0 0 0 0 1 1 0 0 0 1 0 1 1 1 0 1 1 0 0 0 0 1 1 0 1 1 1 1 0 1 1 1 1
0 1 0 1 0 1 0 1 1 1 0 1 0 1 1 0 0 1 0 0 1 1 0 0 0 0 0 1 1 0 0 1 0 0 1 0 1 0 0 1 1 1 1 0 0 1 0 0 1 1 0 0 0 0 0 1 0 1 0 0 0 0 1 1 0 1 1 0 1 0 0 0 0 1 0 0 0 0 0 0 1 0 1 1 1 1 0 1 1 0 1 0 1 0 0 1 0 0 1 1 1 1 0 0 1 0 1 1 0 1 0 0 1 0 0 0 0 1 1 1 0 1 0 1 0 1 0 0 1 0 0 0 0 1 1 0 0 1 1 1 0 0 0 0 1 0 0 0 1 1 0 1 1 1 1 1 1 0 0 0 1 1 1 1 0 1 1 0 0
1 1 0 1 0 0 1 0 1 1 1 0 0 0 1 0 1 1 0 0 1 0 1 1 0 1 0 0 0 0 1 1 0 0 0 1 1 0 1 1 0 1 0 0 1 1 1 0 0 1 0 1 0 1 1 1 0 0 0 0 1 1 1 0 0 1 0 1 0 0 0 1 1 0 1 0 0 1 0 0 1 0 0 1 1 0 0 1 0 1 1 0 0 0 1 1 0 0 0 0 1 1 0 0 0 1 1 0 0 0 0 1 1 1 0 0 0 0 0 0 0 0 1 0 0 0 0 1 1 1 0 1 0 1 0 0 0 1 0 0 1 1 1 0 1 1 0 1 1 1 0 0 1 1 1 0 1 1 0 0 1 1 0 0 1 1 0 0 1
1 1 0 0 0 1 0 0 0 0 1 1 0 1 0 0 0 0 0 1 0 0 0 0 0 1 1 1 0 0 1 1 1 0 1 1 1 0 1 1 1 0 0 0 1 0 0 0 0 1 1 1 0 1 0 1 1 1 0 0 1 1 1 1 1 0 1 1 1 0 0 0 1 0 0 0 0 1 0 0 0 1 1 0 0 1 0 0 1 1 0 0 0 0 1 0 0 0 0 1 0 0 1 1 1 0 0 0 0 0 0 1 0 1 0 0 1 1 0 1 0 0 0 0 0 1 0 0 0 1 1 1 0 0 1 0 0 0 1 1 0 1 1 0 0 1 0 1 1 1 1 1 1 0 0 1 0 1 0 1 1 1 1 1 1 1 1 0 0
0 0 1 1 1 0 1 1 1 1 0 0 1 0 1 1 1 1 1 0 1 1 1 1 1 0 0 0 1 1 0 0 0 1 0 0 0 1 0 0 0 1 1 1 0 1 1 1 1 0 0 0 1 0 1 0 0 0 1 1 0 0 0 0 0 1 0 0 0 1 1 1 0 1 1 1 1 0 1 1 1 0 0 1 1 0 1 1 0 0 1 1 1 1 0 1 1 1 1 0 1 1 0 0 0 1 1 1 1 1 1 0 1 0 1 1 0 0 1 0 1 1 1 1 1 0 1 1 1 0 0 0 1 1 0 1 1 1 0 0 1 0 0 1 1 0 1 0 0 0 0 0 0 1 1 0 1 0 1 0 0 0 0 0 0 0 0 1 1
0 1 1 1 1 0 0 1 1 1 1 0 1 0 0 1 0 0 0 1 1 1 0 0 1 0 1 0 1 0 1 1 1 0 0 1 1 1 1 1 0 0 1 1 0 0 0 0 1 1 1 0 0 1 0 1 1 0 1 1 1 0 1 0 1 0 0 0 0 1 1 0 1 1 0 1 0 1 1 1 1 1 0 1 1 0 1 0 0 0 0 1 1 1 0 1 1 0 1 0 1 0 1 1 0 0 0 1 0 1 1 0 1 1 0 1 1 0 1 0 0 1 0 1 1 0 1 0 1 1 1 1 0 1 0 0 0 1 0 0 0 0 1 1 0 0 1 0 1 1 1 0 1 0 0 0 0 0 1 1 1 1 0 0 1 1 0 1 0
1 0 1 1 0 1 0 1 1 1 1 0 1 0 0 1 0 0 1 0 1 1 0 0 0 1 0 1 1 1 1 0 0 1 1 1 0 0 1 0 1 0 1 1 1 0 0 1 1 0 0 1 1 1 0 0 0 1 0 0 1 1 0 1 0 0 1 1 0 0 0 0 1 1 0 1 1 1 1 0 1 0 0 1 1 0 1 0 0 1 0 1 1 1 1 1 1 1 1 0 1 0 0 0 1 0 0 1 1 1 0 1 1 1 1 0 0 1 1 0 1 1 0 1 0 0 1 0 1 1 0 1 1 1 1 1 1 1 1 1 0 1 1 0 0 1 0 1 0 0 0 0 0 0 0 1 0 1 1 0 0 0 0 0 1 0 0 1 0
1 0 0 1 1 1 1 1 1 1 0 0 0 0 0 0 1 0 0 1 1 1 1 1 1 1 1 1 1 0 0 0 1 0 1 0 0 1 0 0 1 0 1 0 1 0 1 0 1 0 1 1 0 0 1 0 1 1 1 1 0 1 0 1 1 0 1 1 0 1 1 1 0 1 1 0 0 0 0 1 1 1 0 1 1 0 0 0 0 1 0 0 1 0 1 1 0 0 1 0 1 0 1 1 1 1 0 1 0 1 1 1 1 0 0 1 1 1 1 0 0 1 1 1 1 0 0 1 1 0 1 0 0 1 1 0 0 1 1 1 1 1 0 1 0 1 1 1 0 0 1 0 0 0 0 1 0 1 0 1 0 0 0 0 0 0 0 0 1
0 1 1 1 0 1 1 0 1 1 0 0 1 0 0 1 1 0 1 1 1 0 1 1 0 0 1 1 0 1 0 1 1 1 1 0 1 0 0 1 1 0 0 1 0 0 1 1 0 1 1 0 1 0 1 1 1 1 0 0 0 0 1 1 1 0 1 0 0 0 0 1 0 0 1 1 1 0 1 0 1 1 0 1 1 0 1 0 0 0 0 1 0 1 0 1 1 1 0 0 1 0 1 1 1 1 0 0 1 0 0 0 1 0 1 0 1 1 0 0 1 0 1 0 0 0 1 1 1 0 1 0 1 1 1 1 1 1 1 1 1 0 0 0 0 0 0 0 1 1 1 0 1 0 0 1 0 0 1 1 1 1 0 0 0 1 0 1 1
0 1 0 0 1 1 1 1 0 0 1 0 0 0 0 0 1 0 1 0 0 1 1 1 1 0 0 1 1 1 1 1 0 1 1 1 1 1 1 1 1 0 1 0 0 0 1 1 1 1 0 0 1 1 1 1 0 1 1 1 1 0 1 1 0 0 1 0 0 1 1 1 1 1 1 0 1 1 0 1 0 0 0 0 0 0 0 0 0 0 0 0 1 0 0 0 0 1 1 0 0 0 0 0 1 1 0 1 1 1 1 0 0 1 1 1 0 1 1 0 1 1 1 1 1 0 0 1 0 1 0 1 1 0 1 1 1 0 1 1 1 0 1 1 0 0 1 0 1 1 0 0 1 0 0 1 0 0 0 0 1 1 0 0 1 1 0 0 1
0 0 1 1 1 1 1 0 1 1 1 1 1 1 1 1 1 0 0 0 1 0 1 1 1 0 0 1 0 0 1 0 0 0 1 1 0 1 1 0 1 0 0 1 0 0 1 0 0 0 0 0 0 1 1 0 0 1 1 1 1 0 0 1 0 0 1 0 1 1 1 1 1 0 1 1 0 1 1 1 1 0 1 1 1 1 1 0 1 0 0 1 0 1 0 1 1 0 0 1 1 0 0 0 1 1 0 0 0 0 1 0 1 1 0 1 0 1 0 1 0 0 1 0 1 1 1 1 1 1 0 1 0 1 1 0 0 1 1 1 1 0 1 1 0 0 1 0 0 0 0 1 0 0 0 1 0 0 1 0 0 0 1 1 1 0 1 1 1
0 0 1 0 0 1 1 1 0 0 1 0 1 0 1 1 1 1 0 1 0 1 1 1 0 0 1 1 1 0 1 0 1 0 1 1 0 0 1 0 1 1 1 1 0 1 1 0 1 0 1 0 0 1 1 0 1 1 0 0 1 0 0 1 1 1 1 0 0 0 0 1 1 1 1 1 0 1 1 0 0 1 0 0 0 0 1 1 0 0 1 1 1 1 0 0 1 0 1 0 0 1 1 1 1 1 1 1 0 1 0 0 0 1 0 0 1 1 1 0 0 1 1 1 0 0 1 1 0 1 1 1 0 0 1 0 0 0 1 1 1 0 1 0 1 0 0 0 0 0 1 0 0 1 1 1 1 0 1 1 0 0 0 0 1 0 0 1 1
0 0 0 1 0 0 1 1 1 1 1 1 0 1 0 0 1 0 1 1 1 1 1 1 0 0 1 0 1 1 1 0 1 1 0 1 0 0 1 0 0 0 1 0 0 0 1 1 1 0 1 0 1 1 1 0 1 0 0 0 1 0 0 0 1 0 0 0 1 0 0 1 1 1 1 0 1 1 0 0 1 1 1 1 1 1 0 0 1 0 0 0 1 0 0 1 0 1 1 1 1 0 1 1 0 1 0 1 1 1 0 0 1 1 1 0 1 0 1 1 1 1 1 1 0 1 0 1 1 1 1 1 1 1 0 1 1 1 0 0 1 0 1 0 0 0 0 0 0 0 1 1 0 0 0 0 0 0 0 1 0 0 1 1 1 0 1 0 1
0 0 0 1 1 1 0 0 1 1 1 0 0 0 1 0 0 1 1 1 1 0 0 0 1 0 1 1 0 1 1 0 1 1 1 1 0 1 1 0 1 1 0 0 0 1 0 1 0 0 1 0 1 1 0 0 1 1 1 1 1 0 0 1 1 1 1 0 0 1 1 0 1 0 0 0 1 1 0 1 1 1 0 1 1 0 0 1 0 0 1 0 0 0 0 1 0 1 0 0 1 1 1 1 1 0 1 0 1 0 1 0 1 1 1 1 1 1 0 0 1 0 0 0 1 0 0 0 1 1 1 1 1 1 1 1 1 1 1 1 0 0 1 1 1 0 1 0 0 0 1 0 0 1 1 1 1 0 0 1 0 0 0 0 1 0 0 0 0
1 0 1 0 1 0 1 0 0 0 1 0 1 0 0 1 1 0 1 1 0 0 1 1 1 1 1 0 0 1 1 0 1 1 0 1 0 1 1 0 0 0 0 1 1 0 1 1 0 0 1 1 1 1 1 0 1 0 1 1 1 1 0 0 1 0 0 1 0 1 1 1 1 0 1 1 1 1 1 1 0 1 0 0 0 0 1 0 0 1 0 1 0 1 1 0 1 1 0 0 0 0 1 1 0 1 0 0 1 0 1 1 0 1 1 1 1 0 0 0 1 0 1 0 1 0 1 1 0 1 1 1 1 0 0 1 1 0 0 0 1 1 1 1 0 1 1 1 0 0 1 0 0 0 0 0 0 1 1 1 0 0 0 0 1 0 0 1 1
0 0 1 0 1 1 0 1 0 0 0 1 1 1 0 1 0 0 1 1 0 1 0 0 1 0 1 1 1 1 0 0 1 1 1 0 0 1 0 0 1 0 1 1 0 0 0 1 1 0 1 0 1 0 0 0 1 1 1 1 0 0 0 1 1 0 1 0 1 1 1 0 0 1 0 1 1 0 1 1 0 1 1 0 0 1 1 0 1 0 0 1 1 1 0 0 1 1 1 1 0 0 1 1 1 0 0 1 1 1 1 0 0 0 1 1 1 1 1 1 1 1 0 1 1 1 1 0 0 0 1 0 1 0 1 1 1 0 1 1 0 0 0 1 0 0 1 0 0 0 1 1 0 0 0 1 0 0 1 1 0 0 1 1 0 0 1 1 0
1 1 0 1 1 1 1 0 0 0 0 0 1 0 0 0 1 1 1 0 1 1 0 1 0 0 0 1 1 1 1 1 0 1 0 0 1 0 1 0 1 0 1 1 0 0 1 1 0 0 1 1 1 0 1 0 1 1 1 1 1 1 0 1 1 1 0 0 1 1 1 0 0 0 0 0 0 0 0 0 1 0 0 1 0 1 1 0 1 0 0 1 0 0 0 1 1 1 0 1 1 0 0 1 1 1 1 0 0 1 1 0 1 1 1 1 0 0 0 0 0 0 1 0 0 0 1 0 0 0 0 0 0 1 1 0 0 1 1 0 0 0 1 1 1 0 0 0 0 1 1 1 0 1 1 1 1 1 1 0 0 1 1 1 0 1 0 0 0
0 1 1 1 0 1 1 0 0 1 1 0 1 1 0 1 0 0 0 0 0 1 0 1 1 1 1 1 0 1 0 1 0 1 0 1 0 1 0 1 0 1 0 0 1 0 0 0 1 0 0 0 1 0 1 1 1 0 0 1 0 0 1 0 0 1 1 0 1 0 1 0 1 1 1 1 0 0 0 0 0 1 0 0 1 0 1 0 0 0 1 0 0 0 0 0 1 0 1 1 0 0 0 0 0 1 0 0 1 1 1 1 0 1 1 1 0 0 1 1 1 0 1 1 1 1 0 0 1 1 1 0 1 0 1 1 1 0 0 1 1 1 1 0 0 1 0 1 0 1 0 1 1 0 1 0 1 0 1 1 0 0 1 1 1 1 0 0 1
1 1 1 0 1 1 0 1 1 0 1 1 0 1 1 1 1 0 1 1 0 0 1 0 0 1 1 0 1 0 0 1 1 1 0 0 0 0 0 1 1 0 1 1 0 1 1 1 1 1 0 1 0 1 0 0 0 0 0 0 0 0 1 0 1 0 1 1 0 1 1 1 1 0 0 0 1 1 1 1 1 0 0 1 1 0 0 1 1 1 0 1 1 1 1 1 1 0 1 1 1 1 0 0 1 0 1 1 1 1 0 0 0 0 0 0 1 0 1 0 0 1 1 0 1 0 0 0 0 0 0 1 1 0 0 1 1 0 1 1 1 0 1 1 1 1 1 0 0 1 0 1 0 1 0 0 1 1 0 1 0 1 0 1 1 1 0 1 1
1 0 0 0 1 0 1 0 0 1 1 1 1 0 1 1 1 0 0 1 0 0 1 1 1 0 1 0 1 1 1 0 0 0 1 1 0 1 0 0 1 1 1 0 1 1 1 0 0 0 1 0 0 1 0 1 0 1 0 0 0 1 1 1 1 0 0 0 0 1 0 0 1 1 0 1 1 0 1 1 0 1 1 1 1 0 1 0 0 1 1 0 1 1 1 1 0 1 0 0 0 1 1 1 1 0 0 1 1 0 0 1 0 0 0 0 0 1 1 0 1 1 0 0 0 1 1 1 0 0 1 0 0 0 0 0 0 0 0 1 1 1 1 0 0 1 1 0 0 0 0 1 0 1 1 0 1 1 1 1 0 1 1 1 1 1 1 0 1
1 0 1 0 0 0 0 0 1 0 0 0 0 0 0 0 1 0 0 0 1 1 1 1 1 0 0 0 0 1 0 0 1 0 1 1 1 0 1 0 0 1 0 1 0 0 0 1 1 1 1 0 0 1 0 1 0 1 1 0 1 1 0 0 0 0 1 1 1 0 0 1 1 0 1 1 0 1 0 1 1 1 1 0 0 1 0 1 1 1 1 1 1 0 1 0 0 1 1 1 0 1 1 0 0 1 1 1 0 0 0 0 1 1 0 0 1 1 0 1 0 1 0 1 0 1 0 0 1 1 0 1 0 1 0 0 0 0 1 1 1 0 0 1 0 1 1 0 1 1 0 1 0 1 1 0 0 1 1 1 1 1 1 0 1 0 0 0 1
0 0 0 1 0 1 0 1 0 1 0 1 0 1 1 0 0 1 0 1 1 0 1 0 0 1 0 1 1 0 1 0 1 0 1 0 1 1 1 1 0 1 1 1 1 1 0 1 0 1 0 0 1 0 1 1 1 0 1 1 1 0 0 1 0 0 0 1 0 1 0 1 0 1 0 1 0 1 1 0 0 0 1 0 0 0 0 0 0 0 1 1 0 1 0 0 1 1 1 0 0 0 0 1 0 0 1 1 1 0 1 0 0 0 1 0 1 1 0 1 1 1 0 1 1 1 1 1 0 0 0 1 0 0 1 0 1 1 1 1 0 0 1 1 0 0 1 1 0 1 0 0 0 1 1 0 1 1 1 1 0 1 1 1 1 1 0 0 1
0 1 0 0 0 0 1 1 1 1 1 1 1 0 1 0 0 1 1 1 0 0 0 1 0 0 0 0 1 0 0 0 1 1 0 1 0 0 1 0 0 1 0 0 1 0 1 1 1 1 1 1 0 1 0 0 1 1 1 1 0 0 1 1 1 1 1 1 0 0 1 1 0 0 0 1 1 0 1 1 0 0 1 1 1 1 0 1 1 0 1 0 1 0 1 0 1 1 0 0 1 0 0 0 1 0 1 0 0 1 0 0 1 1 0 1 1 0 0 0 1 1 1 1 0 0 1 0 0 0 0 0 0 0 1 0 1 0 1 0 1 0 1 1 0 1 1 0 0 1 0 1 0 1 1 0 1 1 1 1 0 1 1 1 1 1 0 0 1
0 0 0 1 0 0 0 1 1 1 1 0 0 1 1 0 0 1 1 0 0 1 1 0 1 1 1 1 0 0 1 1 0 1 0 0 1 1 0 0 0 0 1 1 0 1 0 0 1 1 0 0 1 1 0 0 1 1 1 1 0 1 0 1 0 0 0 1 1 0 0 1 0 0 0 1 0 0 1 0 1 1 0 1 0 0 1 0 0 0 0 1 1 0 1 0 1 1 0 0 0 0 0 0 1 0 0 1 1 1 0 1 0 1 0 0 1 0 0 0 1 1 0 1 1 1 0 0 0 0 0 0 0 0 1 0 1 0 1 1 1 0 0 1 0 1 1 0 0 1 0 1 0 1 1 0 1 1 1 1 0 1 1 1 1 1 0 0 1
0 1 0 0 1 1 1 0 1 0 0 0 1 1 0 0 1 0 0 1 1 0 1 0 0 0 0 0 1 1 1 1 1 0 0 1 0 0 0 0 0 0 0 0 0 0 0 1 0 0 1 1 0 1 0 0 1 1 1 1 0 1 1 1 0 0 0 1 0 0 0 1 0 0 0 1 0 0 1 0 1 0 1 1 1 0 1 0 0 0 1 1 1 0 1 0 1 1 0 0 0 0 0 0 1 0 1 1 1 1 0 0 0 1 0 0 1 0 0 0 1 1 0 1 1 1 0 0 0 0 0 0 0 0 1 0 1 0 1 1 1 0 1 1 0 1 1 0 0 1 0 1 0 1 1 0 1 1 1 1 0 1 1 1 1 1 0 0 1
1 1 0 1 0 0 1 1 1 1 0 1 0 1 1 1 1 0 0 1 1 0 1 0 0 1 0 0 1 1 1 1 1 0 0 1 0 0 0 0 0 0 0 0 0 0 0 1 0 0 1 1 0 1 0 0 1 1 1 1 0 1 1 1 0 0 0 1 0 0 0 1 0 0 0 1 0 0 1 0 1 0 1 1 1 0 1 0 0 0 1 1 1 0 1 0 1 1 0 0 0 0 0 0 1 0 1 1 1 1 0 0 0 1 0 0 1 0 0 0 1 1 0 1 1 1 0 0 0 0 0 0 0 0 1 0 1 0 1 1 1 0 1 1 0 1 1 0 0 1 0 1 0 1 1 0 1 1 1 1 0 1 1 1 1 1 0 0 1
