C kint 28342440 vt 16 
C Weight 0 -> 
C DEL VECTOR = 0 0 0 0 0 0 0 0 0 0 0 0 0 0 0 0 0 0 0 0 0 0 0 0 0 0 0 0 0 0 0 0 0 0 0 0 0 0 0 0 0 0 0 0 0 0 0 0 0 0 0 0 0 0 0 0 0 0 0 0 0 0 0 0 0 0 0 0 0 0 0 0 0 0 0 0 0 0 0 0 0 0 0 0 0 1 0 0 0 0 0 0 0 0 0 0 0 0 0 0 0 0 0 0 0 0 0 0 0 0 0 0 0 0 0 0 0 0 0 0 0 0 0 0 0 0 0 0 0 0 0 0 0 0 0 0 0 0 0 0 0 0 0 0 0 0 0 0 0 0 0 0 0 0 0 0 0 0 0 0 0 0 0 
C 
129 162 2^162 4
0 0 0 1 1 1 1 0 0 1 1 0 0 1 1 1 0 1 1 1 1 1 0 0 0 1 1 0 0 0 1 0 1 1 0 0 0 1 1 1 0 0 1 1 0 1 1 1 1 1 1 0 0 0 0 0 1 1 1 0 1 0 0 0 1 1 1 0 0 1 0 0 1 0 0 0 1 1 1 1 1 0 1 1 1 1 1 1 0 1 1 0 1 1 0 1 1 1 1 1 0 0 1 1 0 0 0 1 1 1 0 1 1 0 1 1 0 1 1 1 1 0 0 0 1 0 1 1 1 1 1 0 1 0 0 1 0 1 0 1 0 0 0 1 1 0 0 0 1 0 0 1 0 1 0 0 1 0 0 1 1 0 
0 1 1 1 1 0 1 1 1 1 1 0 0 1 1 1 0 0 1 0 0 0 1 0 1 1 1 1 1 1 1 0 0 1 0 0 1 0 0 1 1 0 1 1 1 1 1 1 1 1 1 1 0 0 0 1 1 1 1 1 0 1 0 1 1 1 0 0 0 1 0 1 0 0 0 0 0 0 1 0 0 0 0 0 0 1 0 0 1 1 0 1 1 1 1 1 0 1 1 1 0 0 1 1 1 1 0 0 1 0 0 0 0 1 1 1 1 1 0 0 0 1 1 1 0 0 1 0 1 0 1 0 1 0 1 0 0 0 1 1 1 1 1 1 0 0 0 0 0 0 1 1 1 1 0 0 0 1 0 0 1 0 
1 0 1 1 0 0 1 0 1 1 1 1 1 1 1 1 1 1 1 0 0 0 0 1 0 1 0 0 0 1 1 1 0 0 1 1 0 1 0 1 1 0 1 1 0 0 0 1 1 0 1 0 1 1 1 0 1 1 1 1 1 0 0 1 1 1 1 1 0 1 1 0 0 0 0 1 1 0 1 1 0 1 1 1 0 1 0 0 1 1 0 0 0 1 0 1 0 1 1 0 1 1 1 1 0 0 1 1 1 0 1 1 0 1 1 0 1 1 1 0 0 0 0 1 0 1 1 0 0 0 1 1 0 0 0 1 0 0 0 1 0 0 0 1 0 0 1 1 1 1 0 0 1 1 0 1 0 1 0 0 0 0 
0 1 1 1 0 1 1 0 1 1 0 1 1 0 1 1 1 0 1 1 1 1 1 1 1 0 0 0 0 1 1 1 1 0 1 0 0 0 1 0 1 0 1 0 1 0 0 1 0 0 1 1 1 1 0 0 0 1 1 1 0 1 0 1 1 0 0 1 0 0 0 1 1 0 0 1 0 1 1 0 1 0 0 0 1 0 1 1 1 0 1 1 0 1 0 1 1 1 1 0 1 0 1 1 1 1 0 0 1 1 1 0 1 1 1 0 1 1 0 1 1 1 0 1 1 0 1 1 0 1 0 1 0 0 0 0 0 1 1 1 0 1 0 1 1 0 0 0 0 0 0 0 1 0 0 0 1 1 0 1 0 0 
1 1 1 0 1 1 1 0 1 0 0 0 0 0 1 0 0 1 0 1 0 1 1 0 1 0 1 0 0 1 0 0 0 1 0 1 0 1 1 0 1 0 1 0 1 1 1 1 0 1 1 1 0 0 1 0 0 1 0 1 1 1 0 1 0 0 1 0 0 0 1 1 0 0 0 0 1 0 1 1 1 1 1 1 0 0 0 1 1 0 1 1 1 0 0 0 1 0 0 1 0 1 1 1 1 1 1 1 1 1 0 1 0 1 0 1 1 1 1 1 0 1 0 1 1 1 0 1 1 1 0 0 1 0 0 1 0 0 1 1 0 1 0 1 0 0 1 1 1 1 0 1 1 0 0 1 0 1 0 0 1 0 
1 1 1 0 1 0 0 0 1 0 1 1 1 1 0 0 1 1 0 0 1 0 1 1 1 1 1 0 0 1 0 1 1 1 1 0 0 1 0 1 1 0 0 1 1 1 1 0 1 1 0 1 1 1 0 0 1 0 0 1 1 1 0 1 0 1 1 1 0 1 0 1 1 0 0 1 1 1 0 1 0 0 1 1 1 1 1 0 1 1 0 1 1 0 0 0 0 0 0 1 1 0 0 0 1 1 0 1 0 0 1 1 1 1 0 1 1 0 1 0 1 1 0 1 0 0 0 0 1 0 1 1 1 0 0 1 0 1 1 0 0 1 0 0 1 0 0 0 1 0 0 1 1 1 0 0 1 1 0 1 1 0 
0 1 1 1 0 1 0 0 1 1 1 0 0 1 0 1 0 1 1 1 0 1 1 0 1 1 0 0 0 1 1 0 0 0 0 0 0 1 1 1 1 1 0 1 1 0 0 0 1 0 0 1 0 0 0 0 1 0 1 1 1 1 1 1 1 1 1 0 1 1 0 1 0 1 1 0 1 0 0 1 1 0 1 1 0 1 0 1 1 1 1 1 0 1 0 1 1 1 1 0 0 0 0 0 1 1 0 1 0 1 0 1 0 1 1 0 1 0 1 1 0 1 0 1 1 0 1 1 0 1 1 0 0 1 0 1 1 0 1 0 0 1 0 0 0 1 0 0 1 0 0 0 1 1 1 0 0 1 1 0 0 1 
0 1 0 1 1 0 1 0 0 1 0 1 1 0 1 1 1 1 1 0 0 0 1 1 1 0 1 0 0 0 1 1 0 1 1 0 0 1 0 0 0 1 1 0 1 1 1 1 0 1 1 1 1 1 0 0 0 1 1 0 1 1 1 0 1 0 1 1 1 0 0 1 0 1 1 1 1 0 1 1 0 0 1 1 0 0 0 0 0 0 0 1 1 1 0 1 0 1 1 1 1 0 1 1 1 1 0 1 1 0 1 1 0 0 1 1 0 1 1 0 0 1 0 0 0 0 1 0 1 0 0 1 1 1 0 1 1 0 1 1 0 1 0 1 0 1 0 0 1 0 0 1 0 0 1 0 0 0 1 0 1 1 
0 1 0 0 0 1 1 1 0 0 1 1 1 1 1 0 1 1 0 1 0 1 1 1 1 1 0 1 1 0 0 1 0 0 1 0 1 1 1 1 0 0 1 1 1 0 0 1 1 0 1 1 1 1 0 1 1 1 0 0 1 1 0 0 0 1 1 1 0 1 0 1 0 0 0 1 1 0 1 1 1 0 1 1 0 1 0 1 0 1 1 1 0 0 1 0 1 0 0 0 1 0 1 1 1 1 0 1 1 1 1 1 0 0 0 0 0 1 1 1 0 1 1 0 1 0 0 1 0 1 1 1 0 0 1 1 0 0 1 1 1 1 1 1 0 0 0 0 1 0 1 0 0 1 0 0 0 0 0 0 0 0 
0 0 1 1 1 1 0 1 1 1 0 1 1 0 0 1 1 1 1 1 0 1 0 1 0 0 1 1 1 1 1 1 0 1 1 0 1 1 1 0 1 0 0 0 0 1 1 0 0 1 0 0 1 1 0 1 0 0 1 1 1 0 0 1 1 0 1 1 0 0 0 0 0 0 0 1 1 0 0 1 1 0 1 1 0 0 0 1 1 0 1 0 1 1 1 1 1 1 1 1 1 0 0 0 0 0 0 1 0 1 1 1 0 1 1 1 1 0 1 1 0 0 1 1 1 0 1 1 1 1 0 1 1 0 1 1 0 0 0 0 1 0 1 0 0 0 0 0 1 0 1 1 1 0 0 0 0 1 0 0 1 0 
0 0 1 0 1 1 1 0 1 0 1 1 1 1 1 0 1 0 0 1 0 1 0 1 0 1 1 0 0 1 0 1 0 1 1 0 0 0 1 1 1 1 1 1 0 1 1 1 1 1 1 0 1 1 0 0 1 1 0 1 0 0 1 1 0 1 0 1 1 1 0 0 0 1 1 1 0 0 1 0 1 0 0 0 0 1 0 1 1 1 1 0 1 0 0 0 1 0 0 1 1 0 1 1 0 0 0 0 1 1 1 0 0 1 0 1 1 1 0 1 0 0 0 1 1 0 0 1 1 1 1 1 1 1 0 0 1 0 0 1 0 0 0 1 0 1 0 0 0 0 0 1 1 1 1 0 0 1 1 0 1 1 
1 1 0 1 1 1 0 0 0 1 1 1 1 1 0 1 1 0 1 1 0 1 1 1 1 1 1 0 0 0 1 1 0 1 1 1 0 0 1 1 0 0 0 1 1 1 1 0 1 1 0 1 1 1 1 0 1 0 1 0 0 1 0 0 1 1 0 1 0 1 1 1 0 0 0 1 0 0 0 0 1 1 0 0 0 1 0 1 0 1 1 1 1 1 0 1 1 1 1 1 1 1 0 0 1 1 1 0 0 1 1 0 0 0 1 1 0 0 0 1 0 1 0 0 1 1 1 1 1 1 1 1 1 0 0 0 0 0 1 0 0 1 0 0 0 0 1 1 0 1 0 1 0 1 0 1 0 0 0 0 1 0 
0 0 1 0 0 0 1 1 1 0 0 0 0 0 1 0 0 1 0 0 1 0 0 0 0 0 0 1 1 1 0 0 1 0 0 0 1 1 0 0 1 1 1 0 0 0 0 1 0 0 1 0 0 0 0 1 0 1 0 1 1 0 1 1 0 0 1 0 1 0 0 0 1 1 1 0 1 1 1 1 0 0 1 1 1 0 1 0 1 0 0 0 0 0 1 0 0 0 0 0 0 0 1 1 0 0 0 1 1 0 0 1 1 1 0 0 1 1 1 0 1 0 1 1 0 0 0 0 0 0 0 0 0 1 1 1 1 1 0 1 1 0 1 1 1 1 0 0 1 0 1 0 1 0 1 0 1 1 1 1 0 1 
1 1 1 0 0 0 0 1 1 0 0 1 1 0 0 0 1 0 0 0 0 0 1 1 1 0 0 1 1 1 0 1 0 0 1 1 1 0 0 0 1 1 0 0 1 0 0 0 0 0 0 1 1 1 1 1 0 0 0 1 0 1 1 1 0 0 0 1 1 0 1 1 0 1 1 1 0 0 0 0 0 1 0 0 0 0 0 0 1 0 0 1 0 0 1 0 0 0 0 0 1 1 0 0 1 1 1 0 0 0 1 0 0 1 0 0 1 0 0 0 0 1 1 1 0 1 0 0 0 0 0 1 0 1 1 0 1 0 1 0 1 1 1 0 0 1 1 1 0 1 1 0 1 0 1 1 0 1 1 0 0 1 
1 0 0 0 0 1 0 0 0 0 0 1 1 0 0 0 1 1 0 1 1 1 0 1 0 0 0 0 0 0 0 1 1 0 1 1 0 1 1 0 0 1 0 0 0 0 0 0 0 0 0 0 1 1 1 0 0 0 0 0 1 0 1 0 0 0 1 1 1 0 1 0 1 1 1 1 1 1 0 1 1 1 1 1 1 0 1 1 0 0 1 0 0 0 0 0 1 0 0 0 1 1 0 0 0 0 1 1 0 1 1 1 1 0 0 0 0 0 1 1 1 0 0 0 1 1 0 1 0 1 0 1 0 1 0 1 1 1 0 0 0 0 0 0 1 1 1 1 1 1 0 0 0 0 1 1 1 0 1 1 0 1 
0 1 0 0 1 1 0 1 0 0 0 0 0 0 0 0 0 0 0 1 1 1 1 0 1 0 1 1 1 0 0 0 1 1 0 0 1 0 1 0 0 1 0 0 1 1 1 0 0 1 0 1 0 0 0 1 0 0 0 0 0 1 1 0 0 0 0 0 1 0 0 1 1 1 1 0 0 1 0 0 1 0 0 0 1 0 1 1 0 0 1 1 1 0 1 0 1 0 0 1 0 0 0 0 1 1 0 0 0 1 0 0 1 0 0 1 0 0 0 1 1 1 1 0 1 0 0 1 1 1 0 0 1 1 1 0 1 1 1 0 1 1 1 0 1 1 0 0 0 0 1 1 0 0 1 0 1 0 1 1 1 1 
1 0 0 0 1 0 0 1 0 0 1 0 0 1 0 0 0 1 0 0 0 0 0 0 0 1 1 1 1 0 0 0 0 1 0 1 1 1 0 1 0 1 0 1 0 1 1 0 1 1 0 0 0 0 1 1 1 0 0 0 1 0 1 0 0 1 1 0 1 1 1 0 0 1 1 0 1 0 0 1 0 1 1 1 0 1 0 0 0 1 0 0 1 0 1 0 0 0 0 1 0 1 0 0 0 0 1 1 0 0 0 1 0 0 0 1 0 0 1 0 0 0 1 0 0 1 0 0 1 0 1 0 1 1 1 1 1 0 0 0 1 0 1 0 0 1 1 1 1 1 1 1 0 1 1 1 0 0 1 0 1 1 
0 0 0 1 0 0 0 1 0 1 1 1 1 1 0 1 1 0 1 0 1 0 0 1 0 1 0 1 1 0 1 1 1 0 1 0 1 0 0 1 0 1 0 1 0 0 0 0 1 0 0 0 1 1 0 1 1 0 1 0 0 0 1 0 1 1 0 1 1 1 0 0 1 1 1 1 0 1 0 0 0 0 0 0 1 1 1 0 0 1 0 0 0 1 1 1 0 1 1 0 1 0 0 0 0 0 0 0 0 0 1 0 1 0 1 0 0 0 0 0 1 0 1 0 0 0 1 0 0 0 1 1 0 1 1 0 1 1 0 0 1 0 1 0 1 1 0 0 0 0 1 0 0 1 1 0 1 0 1 1 0 1 
0 0 0 1 0 1 1 1 0 1 0 0 0 0 1 1 0 0 1 1 0 1 0 0 0 0 0 1 1 0 1 0 0 0 0 1 1 0 1 0 0 1 1 0 0 0 0 1 0 0 1 0 0 0 1 1 0 1 1 0 0 0 1 0 1 0 0 0 1 0 1 0 0 1 1 0 0 0 1 0 1 1 0 0 0 0 0 1 0 0 1 0 0 1 1 1 1 1 1 0 0 1 1 1 0 0 1 0 1 1 0 0 0 0 1 0 0 1 0 1 0 0 1 0 1 1 1 1 0 1 0 0 0 1 1 0 1 0 0 1 1 0 1 1 0 1 1 1 0 1 1 0 0 0 1 1 0 0 1 0 0 1 
1 0 0 0 1 0 1 1 0 0 0 1 1 0 1 0 1 0 0 0 1 0 0 1 0 0 1 1 1 0 0 1 1 1 1 1 1 0 0 0 0 0 1 0 0 1 1 1 0 1 1 0 1 1 1 1 0 1 0 0 0 0 0 0 0 0 0 1 0 0 1 0 1 0 0 1 0 1 1 0 0 1 0 0 1 0 1 0 0 0 0 0 1 0 1 0 0 0 0 1 1 1 1 1 0 0 1 0 1 0 1 0 1 0 0 1 0 1 0 0 1 0 1 0 0 1 0 0 1 0 0 1 1 0 1 0 0 1 0 1 1 0 1 1 1 0 1 1 0 1 1 1 0 0 0 1 1 0 0 1 1 0 
1 0 1 0 0 1 0 1 1 0 1 0 0 1 0 0 0 0 0 1 1 1 0 0 0 1 0 1 1 1 0 0 1 0 0 1 1 0 1 1 1 0 0 1 0 0 0 0 1 0 0 0 0 0 1 1 1 0 0 1 0 0 0 1 0 1 0 0 0 1 1 0 1 0 0 0 0 1 0 0 1 1 0 0 1 1 1 1 1 1 1 0 0 0 1 0 1 0 0 0 0 1 0 0 0 0 1 0 0 1 0 0 1 1 0 0 1 0 0 1 1 0 1 1 1 1 0 1 0 1 1 0 0 0 1 0 0 1 0 0 1 0 1 0 1 0 1 1 0 1 1 0 1 1 0 1 1 1 0 1 0 0 
1 0 1 1 1 0 0 0 1 1 0 0 0 0 0 1 0 0 1 0 1 0 0 0 0 0 1 0 0 1 1 0 1 1 0 1 0 0 0 0 1 1 0 0 0 1 1 0 0 1 0 0 0 0 1 0 0 0 1 1 0 0 1 1 1 0 0 0 1 0 1 0 1 1 1 0 0 1 0 0 0 1 0 0 1 0 1 0 1 0 0 0 1 1 0 1 0 1 1 1 0 1 0 0 0 0 1 0 0 0 0 0 1 1 1 1 1 0 0 0 1 0 0 1 0 1 1 0 1 0 0 0 1 1 0 0 1 1 0 0 0 0 0 0 1 1 1 1 0 1 0 1 1 0 1 1 1 1 1 1 1 1 
1 1 0 0 0 0 1 0 0 0 1 0 0 1 1 0 0 0 0 0 1 0 1 0 1 1 0 0 0 0 0 0 1 0 0 1 0 0 0 1 0 1 1 1 1 0 0 1 1 0 1 1 0 0 1 0 1 1 0 0 0 1 1 0 0 1 0 0 1 1 1 1 1 1 1 0 0 1 1 0 0 1 0 0 1 1 1 0 0 1 0 1 0 0 0 0 0 0 0 0 0 1 1 1 1 1 1 0 1 0 0 0 1 0 0 0 0 1 0 0 1 1 0 0 0 1 0 0 0 0 1 0 0 1 0 0 1 1 1 1 0 1 0 1 1 1 1 1 0 1 0 0 0 1 1 1 1 0 1 1 0 1 
1 1 0 1 0 0 0 1 0 1 0 0 0 0 0 1 0 1 1 0 1 0 1 0 1 0 0 1 1 0 1 0 1 0 0 1 1 1 0 0 0 0 0 0 1 0 0 0 0 0 0 1 0 0 1 1 0 0 1 0 1 1 0 0 1 0 1 0 0 0 1 1 1 0 0 0 1 1 0 1 0 1 1 1 1 0 1 0 0 0 0 1 0 1 1 1 0 1 1 0 0 1 0 0 1 1 1 1 0 0 0 1 1 0 1 0 0 0 1 0 1 1 1 0 0 1 1 0 0 0 0 0 0 0 1 1 0 1 1 0 1 1 1 0 1 0 1 1 1 1 1 0 0 0 0 1 1 0 0 1 0 0 
0 0 0 1 1 1 0 1 0 0 0 1 0 0 1 0 0 0 1 0 1 0 0 1 1 0 1 0 1 1 0 1 0 0 0 1 0 0 1 1 0 0 1 0 0 1 0 1 1 1 0 1 0 1 1 0 1 0 1 0 1 1 0 1 1 0 0 0 1 0 1 0 1 0 1 1 1 0 0 0 1 0 1 0 0 1 0 0 1 1 0 0 0 1 0 0 1 1 0 0 1 0 1 1 1 0 0 1 1 0 0 1 1 0 0 0 0 0 1 1 1 1 1 1 1 1 1 1 1 0 1 1 0 1 1 0 1 0 1 1 0 1 1 0 1 0 0 1 1 0 1 1 1 1 1 1 0 1 1 1 1 1 
0 1 1 1 1 0 0 0 0 1 1 1 0 1 0 0 1 0 0 0 0 0 1 1 0 0 1 1 1 1 0 0 1 1 0 1 0 1 0 1 0 1 0 0 0 0 0 1 0 1 1 0 1 1 0 1 1 0 1 0 0 1 1 0 1 0 1 1 0 1 1 0 1 0 1 0 1 0 1 0 1 1 1 0 0 0 1 1 0 0 0 0 0 0 0 1 1 1 1 1 0 0 1 1 0 1 1 0 1 1 0 1 1 1 0 0 1 0 0 1 1 1 0 1 0 1 0 1 0 1 1 1 1 1 1 1 1 0 1 0 0 1 1 1 1 0 1 1 1 0 0 1 0 1 0 0 1 1 1 0 0 0 
1 0 1 1 0 0 0 0 1 0 1 1 0 0 0 1 0 0 0 1 1 1 0 0 1 1 1 0 1 1 0 0 0 0 1 1 0 0 0 1 1 0 0 0 1 0 0 0 0 1 0 0 1 1 1 1 1 1 1 0 0 0 1 0 0 1 0 0 0 0 0 1 0 1 0 1 1 0 1 1 0 1 0 1 1 0 0 0 0 1 0 0 1 0 1 1 1 1 0 1 0 0 1 1 0 1 0 1 1 0 1 1 1 0 1 1 0 1 0 1 1 1 1 0 1 1 1 1 0 1 0 1 0 1 1 1 1 1 1 1 1 1 0 0 1 1 0 1 1 1 0 1 1 1 0 0 1 1 1 0 1 1 
0 1 1 1 0 1 0 1 0 0 1 1 0 1 1 0 0 0 1 0 0 1 0 0 0 0 1 1 1 1 0 1 0 0 1 1 0 0 1 0 1 1 1 0 1 1 0 0 1 1 0 1 1 0 0 1 1 0 1 0 1 0 1 1 0 1 1 1 1 0 0 0 0 0 0 0 1 0 1 1 0 1 0 0 0 1 1 1 1 0 0 0 1 1 0 1 1 0 1 1 1 0 0 1 1 1 0 0 1 0 0 1 0 0 1 0 1 1 1 1 1 1 0 0 0 0 0 0 1 1 0 1 1 1 1 1 0 1 1 0 1 0 0 1 1 1 1 1 0 1 1 0 0 1 1 1 1 1 1 1 0 0 
1 1 1 0 1 1 0 0 1 0 1 0 0 1 0 1 0 0 1 1 1 0 0 1 1 1 1 1 1 0 0 0 0 0 0 1 0 0 0 0 0 1 1 0 0 0 0 1 1 0 0 1 1 0 1 1 0 1 1 0 0 1 1 1 1 0 1 1 0 0 1 1 1 1 1 1 1 0 1 0 1 1 1 1 1 0 1 1 0 1 0 0 0 0 1 1 0 0 1 1 1 0 0 0 0 1 0 1 1 0 1 0 0 0 0 1 1 0 1 1 1 0 1 1 1 0 1 0 1 1 1 1 1 1 0 1 0 0 1 1 0 0 1 1 0 0 1 0 0 0 1 0 1 1 1 1 1 1 0 1 1 1 
0 1 1 0 1 0 0 1 0 0 1 0 0 1 1 0 0 0 0 0 1 1 0 1 1 0 0 1 0 0 0 1 0 0 1 0 0 0 1 1 1 1 0 0 1 1 0 1 0 0 0 0 1 1 1 1 0 0 0 0 1 1 1 0 1 1 1 1 1 0 1 0 1 0 1 1 0 0 1 1 1 1 1 0 0 1 1 1 1 1 0 0 1 1 0 1 0 1 1 1 0 0 1 0 1 1 0 1 0 0 0 0 1 0 1 0 1 1 0 0 0 0 1 1 1 1 1 1 0 1 1 0 1 0 0 1 1 1 0 1 1 1 1 1 0 1 1 0 1 1 0 1 1 0 0 0 1 0 0 0 1 1 
0 1 1 1 0 1 1 0 0 0 1 1 1 1 0 0 0 1 1 0 1 0 0 0 1 0 0 1 0 1 1 0 0 0 0 0 1 0 0 1 0 1 1 1 0 0 1 0 1 1 0 1 1 1 1 1 1 0 0 1 0 0 1 1 0 0 1 1 0 0 0 0 0 0 0 1 0 1 1 0 0 1 0 0 0 0 1 1 0 1 1 1 0 0 0 1 1 1 1 1 1 1 1 1 0 1 0 1 0 0 0 1 1 0 0 0 1 0 1 0 0 1 1 0 1 1 1 1 1 1 0 0 1 0 1 1 1 0 0 1 0 1 0 1 1 0 1 1 1 0 1 1 1 0 1 1 1 0 1 1 1 1 
0 1 0 1 1 0 1 0 0 0 0 1 1 1 0 0 0 1 0 0 1 1 0 1 1 0 1 1 1 1 1 0 0 0 1 1 1 0 0 0 1 1 0 1 1 0 1 1 0 1 0 0 0 0 1 0 1 0 1 1 0 1 0 0 1 1 1 1 0 0 1 0 1 0 1 1 1 1 0 1 1 0 1 0 0 0 1 1 0 1 1 1 1 0 0 0 1 0 1 0 0 1 0 1 0 0 0 1 1 0 0 1 0 0 1 0 1 1 0 1 1 1 1 1 1 0 1 0 0 0 1 1 1 1 1 0 0 1 1 1 1 0 1 1 1 1 1 1 0 1 0 0 1 1 0 0 0 1 1 0 1 1 
0 1 0 0 0 1 0 0 0 1 0 0 0 1 0 0 1 0 1 0 1 1 1 0 1 0 1 1 1 0 0 0 1 1 1 1 0 1 0 1 1 1 1 0 1 0 0 0 1 0 1 1 0 1 1 0 0 0 1 0 0 0 0 1 0 1 1 1 0 1 0 0 0 0 0 1 1 0 0 1 0 0 0 0 0 0 1 1 0 1 0 0 1 0 0 0 0 1 1 0 1 0 1 0 0 0 1 1 1 1 0 0 1 1 1 0 1 1 1 1 1 0 1 0 1 1 1 1 1 0 0 1 1 1 0 0 1 1 1 1 1 1 0 1 0 1 1 0 1 1 1 1 1 1 1 1 0 1 0 1 1 1 
0 0 1 1 1 1 0 0 0 1 1 1 0 0 0 0 1 0 1 0 1 1 1 1 1 0 0 0 0 1 0 0 1 1 1 0 0 1 0 0 1 0 1 0 1 0 0 1 1 1 1 1 1 0 1 1 1 0 0 0 0 1 1 1 1 1 0 0 0 1 1 0 1 0 1 1 0 0 1 1 1 1 1 0 0 0 0 0 0 1 0 0 1 0 0 1 1 0 0 1 1 0 0 1 0 1 1 1 0 1 0 1 0 1 1 0 0 1 1 0 0 1 1 1 1 0 1 0 1 1 1 0 0 0 1 1 0 1 0 1 1 0 1 0 1 1 0 1 0 1 1 0 1 0 1 1 1 0 1 1 1 1 
0 0 1 0 1 1 1 0 0 0 1 0 1 0 0 0 0 1 1 0 0 1 0 1 0 0 1 0 1 0 1 0 0 0 1 1 1 0 0 1 1 0 1 1 1 0 1 1 1 0 0 1 1 1 0 1 0 0 1 1 0 1 1 1 1 1 0 0 0 0 1 0 1 0 1 0 1 1 1 1 1 1 1 0 0 0 0 0 0 0 1 1 1 0 0 1 0 1 0 1 1 1 1 0 0 1 0 0 1 0 0 0 1 0 1 0 0 1 1 1 1 0 0 1 0 1 0 1 1 1 1 1 0 1 0 1 1 1 1 0 1 1 1 0 0 1 0 0 1 1 1 1 0 1 1 1 1 1 0 1 0 0 
1 1 0 1 1 1 0 0 1 0 0 1 0 1 0 1 0 0 1 1 0 1 0 1 0 1 0 1 0 1 0 0 0 0 1 0 0 0 0 1 1 1 1 0 1 0 0 1 1 1 0 1 0 1 0 0 1 1 0 0 0 1 0 1 1 1 1 1 0 0 1 1 1 1 1 0 0 0 0 1 1 0 1 1 1 0 1 1 0 0 0 0 1 0 1 0 1 1 1 0 1 0 1 1 0 0 0 0 0 0 1 1 1 0 1 1 1 1 1 0 0 1 0 1 0 1 0 1 1 0 1 0 1 0 1 0 1 1 0 0 1 1 1 1 1 1 1 1 1 1 1 1 0 0 1 1 0 0 1 1 0 0 
0 0 1 0 0 0 1 1 0 1 1 0 1 0 1 0 1 1 0 0 1 0 1 0 1 0 1 0 1 0 1 1 1 1 0 1 1 1 1 0 0 0 0 1 0 1 1 0 0 0 1 0 1 0 1 1 0 0 1 1 1 0 1 0 0 0 0 0 1 1 0 0 0 0 0 1 1 1 1 0 0 1 0 0 0 1 0 0 1 1 1 1 0 1 0 1 0 0 0 1 0 1 0 0 1 1 1 1 1 1 0 0 0 1 0 0 0 0 0 1 1 0 1 0 1 0 1 0 0 1 0 1 0 1 0 1 0 0 1 1 0 0 0 0 0 0 0 0 0 0 0 0 1 1 0 0 1 1 0 0 1 1 
1 1 1 0 0 0 1 0 1 1 1 0 1 1 0 1 1 1 0 1 0 1 1 0 0 1 0 1 0 0 1 0 1 1 1 0 1 1 0 0 1 1 0 1 1 0 1 0 0 0 1 0 1 0 0 1 0 1 0 1 0 0 1 0 0 1 1 1 0 1 0 1 0 1 0 0 0 1 1 1 0 1 0 1 1 0 1 1 0 0 1 1 1 0 1 1 0 0 1 1 0 1 0 0 0 1 1 0 0 1 1 0 0 1 1 1 1 1 0 0 0 0 0 0 0 0 0 0 0 1 0 0 1 0 0 1 0 1 0 0 1 0 0 1 0 1 1 0 0 1 0 0 0 0 0 0 1 0 0 0 0 0 
1 0 0 0 0 1 1 1 1 0 0 0 1 0 1 1 0 1 1 1 1 1 0 0 1 1 0 0 0 0 1 1 0 0 1 0 1 0 1 0 1 0 1 1 1 1 1 0 1 0 0 1 0 0 1 0 0 1 0 1 1 0 0 1 0 1 0 0 1 0 0 1 0 1 0 1 0 1 0 1 0 0 0 1 1 1 0 0 1 1 1 1 1 1 1 0 0 0 0 0 1 1 0 0 1 0 0 1 0 0 1 0 0 0 1 1 0 1 1 0 0 0 1 0 1 0 1 0 1 0 0 0 0 0 0 0 0 1 0 1 1 0 0 0 0 1 0 0 0 1 1 0 1 0 1 1 0 0 0 1 1 1 
0 1 0 0 1 1 1 1 0 1 0 0 1 1 1 0 1 1 1 0 0 0 1 1 0 0 0 1 0 0 1 1 1 1 0 0 1 1 1 0 0 1 1 1 0 1 1 1 1 0 1 1 0 0 0 0 0 0 0 1 1 1 0 1 1 0 1 1 1 1 1 0 1 0 1 0 0 1 0 0 1 0 1 0 0 1 1 1 1 0 1 1 0 1 0 0 0 0 1 0 1 1 0 0 1 0 1 0 0 1 0 0 0 1 0 0 1 0 1 0 0 0 0 1 0 0 0 0 1 0 1 0 1 0 0 0 0 0 0 0 0 0 1 1 0 0 1 0 0 0 1 0 0 0 1 1 0 0 0 1 0 0 
1 0 0 0 1 0 1 0 1 1 0 0 1 0 0 1 1 1 0 1 1 0 1 1 1 1 0 0 0 0 1 0 1 1 0 0 1 1 0 1 0 0 0 1 0 0 1 1 0 0 1 0 0 1 1 0 0 1 0 1 0 1 0 0 1 0 0 0 0 1 1 1 1 1 1 1 0 1 0 0 1 0 1 1 1 0 0 0 0 1 1 1 0 0 1 0 0 1 0 0 0 1 1 0 0 0 1 1 0 1 1 0 1 1 0 1 0 0 0 0 0 0 1 1 1 1 1 1 0 0 1 0 0 0 0 0 1 0 0 1 0 1 1 0 0 0 0 0 1 0 0 1 1 0 0 0 0 0 0 0 1 1 
0 0 0 1 0 0 1 1 0 1 0 1 1 0 1 0 1 1 0 0 0 1 1 0 0 0 0 0 0 1 1 1 1 1 1 0 1 1 1 1 1 0 0 1 1 1 1 0 0 1 1 0 0 1 0 0 1 0 0 1 1 0 0 0 0 1 0 0 1 1 0 0 0 0 0 0 0 1 0 1 0 0 0 0 0 1 0 0 1 0 1 1 1 1 0 0 1 1 0 0 0 1 1 1 1 0 1 0 0 1 0 1 1 1 1 0 0 1 0 0 0 1 0 0 0 1 0 1 0 0 0 0 0 0 1 0 1 1 0 0 1 1 0 0 1 1 0 1 1 1 0 1 0 0 0 0 0 0 1 0 0 0 
1 0 0 1 0 1 1 0 1 1 0 1 1 0 0 1 1 1 1 1 0 0 1 0 0 1 1 0 1 1 1 0 1 1 0 1 1 1 0 0 0 0 1 1 0 0 1 0 1 1 1 1 0 0 0 0 1 1 1 1 0 0 0 1 0 0 0 0 0 1 0 1 0 1 0 0 1 1 0 0 0 0 0 1 1 0 0 0 0 0 1 1 0 0 1 0 1 0 0 0 1 1 0 1 0 0 1 0 1 1 1 1 0 1 0 1 0 0 1 1 1 1 0 0 0 0 0 0 1 0 0 1 0 1 1 0 0 0 1 0 0 0 0 0 1 0 0 1 0 0 1 0 0 1 1 1 0 1 1 1 0 0 
1 0 0 0 1 0 0 1 1 1 0 0 0 0 1 1 1 0 0 1 0 1 1 1 0 1 1 0 1 0 0 1 1 1 1 1 0 1 1 0 1 0 0 0 1 1 0 1 0 0 1 0 0 0 0 0 0 1 1 0 1 1 0 0 1 1 0 0 1 1 1 1 1 1 1 0 1 0 0 1 1 0 1 1 1 1 0 0 1 0 0 0 1 1 1 0 0 0 0 0 0 0 0 0 1 0 1 0 1 1 1 0 0 1 1 1 0 1 0 1 1 0 0 1 0 0 0 0 0 0 1 1 0 1 0 0 0 1 1 0 1 0 1 0 0 1 0 0 0 1 0 0 0 1 0 0 0 1 0 0 0 0 
1 0 1 0 0 1 0 1 1 1 1 0 0 0 1 1 1 0 1 1 0 0 1 0 0 1 0 0 0 0 0 1 1 1 0 0 0 1 1 1 0 0 1 0 0 1 0 0 1 0 1 1 1 1 0 1 0 1 0 0 1 0 1 1 0 0 0 0 1 1 0 1 0 1 0 0 0 0 1 0 0 1 0 1 1 1 0 0 1 0 0 0 0 1 1 1 0 1 0 1 1 0 1 0 1 1 1 0 0 1 1 0 1 1 0 1 0 0 1 0 0 0 0 0 0 1 0 1 1 1 0 0 0 0 0 1 1 0 0 0 0 1 0 0 0 0 0 0 1 0 1 1 0 0 1 1 1 0 0 1 0 0 
1 0 1 1 1 0 1 1 1 0 1 1 1 0 1 1 0 1 0 1 0 0 0 1 0 1 0 0 0 1 1 1 0 0 0 0 1 0 1 0 0 0 0 1 0 1 1 1 0 1 0 0 1 0 0 1 1 1 0 1 1 1 1 0 1 0 0 0 1 0 1 1 1 1 1 0 0 1 1 0 1 1 1 1 1 1 0 0 1 0 1 1 0 1 1 1 1 0 0 1 0 1 0 1 1 1 0 0 0 0 1 1 0 0 0 1 0 0 0 0 0 1 0 1 0 0 0 0 0 1 1 0 0 0 1 1 0 0 0 0 0 0 1 0 1 0 0 1 0 0 0 0 0 0 0 0 1 0 1 0 0 0 
1 1 0 0 0 0 1 1 1 0 0 0 1 1 1 1 0 1 0 1 0 0 0 0 0 1 1 1 1 0 1 1 0 0 0 1 1 0 1 1 0 1 0 1 0 1 1 0 0 0 0 0 0 1 0 0 0 1 1 1 1 0 0 0 0 0 1 1 1 0 0 1 0 1 0 0 1 1 0 0 0 0 0 1 1 1 1 1 1 0 1 1 0 1 1 0 0 1 1 0 0 1 1 0 1 0 0 0 1 0 1 0 1 0 0 1 1 0 0 1 1 0 0 0 0 1 0 1 0 0 0 1 1 1 0 0 1 0 1 0 0 1 0 1 0 0 1 0 1 0 0 1 0 1 0 0 0 1 0 0 0 0 
1 1 0 1 0 0 0 1 1 1 0 1 0 1 1 1 1 0 0 1 1 0 1 0 1 1 0 1 0 1 0 1 1 1 0 0 0 1 1 0 0 1 0 0 0 1 0 0 0 1 1 0 0 0 1 0 1 1 0 0 1 0 0 0 0 0 1 1 1 1 0 1 0 1 0 1 0 0 0 0 0 0 0 1 1 1 1 1 1 1 0 0 0 1 1 0 1 0 1 0 0 0 0 1 1 0 1 1 0 1 1 1 0 1 0 1 1 0 0 0 0 1 1 0 1 0 1 0 0 0 0 0 1 0 1 0 0 0 0 1 0 0 0 1 1 0 1 1 0 0 0 0 1 0 0 0 0 0 1 0 1 1 
0 0 0 1 1 1 0 1 1 1 0 0 1 1 0 1 1 1 0 0 0 1 0 1 0 0 0 1 1 1 0 0 1 1 0 1 1 0 1 1 0 1 1 0 1 0 1 1 1 0 0 0 1 0 0 0 1 1 0 1 1 0 0 0 0 1 0 1 1 0 0 0 1 1 0 0 0 0 0 1 1 1 0 1 1 0 0 1 1 1 0 1 0 0 1 1 0 1 1 1 1 1 1 1 1 1 1 1 1 1 0 0 0 0 0 0 0 0 1 0 0 1 1 1 0 0 1 1 0 0 1 1 1 1 0 1 0 1 1 1 1 1 0 0 0 0 0 1 0 1 0 1 0 0 0 1 1 1 1 1 1 1 
0 1 1 1 1 0 1 1 1 0 0 1 0 1 0 1 1 1 0 1 1 0 1 1 0 0 1 0 1 0 1 0 1 0 0 0 1 0 0 1 0 0 0 1 1 1 0 0 0 0 0 0 0 0 1 0 1 1 0 1 0 1 1 1 0 0 1 1 1 0 0 0 1 1 0 1 0 0 1 1 1 1 1 0 0 1 0 1 1 1 0 1 0 1 0 0 1 1 0 0 1 0 0 1 1 1 1 0 1 1 1 0 1 1 1 1 0 1 1 1 0 0 0 0 0 1 1 1 0 0 0 0 1 1 0 1 0 0 0 1 1 0 1 0 1 1 1 0 1 1 1 1 0 1 1 1 1 1 1 1 1 0 
1 0 1 1 0 0 1 1 0 0 1 0 0 0 0 1 1 0 1 0 0 0 1 1 1 0 0 1 0 0 0 1 1 0 1 0 1 0 1 1 0 0 1 0 1 0 1 0 0 0 1 0 0 0 0 0 1 1 0 1 0 0 0 0 1 1 0 1 1 1 0 1 1 1 1 1 1 1 0 1 1 1 1 0 1 0 0 1 1 1 1 1 1 1 0 1 1 0 0 0 0 0 0 1 0 1 1 1 1 0 0 1 1 0 0 1 1 0 1 0 1 0 0 1 0 0 1 1 1 1 0 1 1 1 1 1 1 0 0 0 1 1 0 1 0 1 1 1 0 0 1 1 1 1 0 1 0 1 0 1 1 0 
0 1 1 1 0 1 1 0 0 1 0 0 1 0 0 1 0 0 0 0 0 1 1 1 0 0 0 0 0 1 0 0 1 1 1 1 1 0 0 0 0 1 0 1 1 1 0 1 1 0 0 0 1 0 1 0 1 1 0 1 1 0 0 0 1 0 0 1 1 1 0 1 1 0 0 1 1 1 1 0 0 0 1 1 0 0 0 1 1 1 0 0 0 1 1 0 1 0 1 1 0 1 1 0 0 1 1 0 1 0 1 0 1 1 1 1 0 0 1 1 0 1 1 0 0 0 0 1 1 1 1 0 0 1 1 1 1 1 1 0 1 0 1 1 1 1 1 0 1 0 1 1 1 1 1 1 0 0 0 0 1 1 
1 1 1 0 1 1 1 0 1 0 1 0 0 1 0 1 0 1 1 0 0 0 1 0 1 0 0 1 1 1 0 1 0 1 0 0 0 0 1 0 0 0 1 1 0 1 1 0 0 0 1 0 1 0 1 0 1 0 0 1 1 0 0 0 0 1 0 1 1 0 0 0 1 0 1 1 0 0 1 0 0 0 1 0 1 0 0 0 0 0 1 0 1 1 1 1 1 1 1 0 1 1 1 0 1 1 1 1 1 1 1 1 1 1 1 1 1 0 1 1 1 0 0 1 0 0 0 1 0 0 1 1 0 0 0 0 0 1 1 1 1 1 1 0 1 1 1 1 1 1 1 0 0 1 1 0 1 0 1 0 1 1 
0 1 1 0 1 0 1 1 1 1 0 0 1 1 0 0 1 1 0 0 0 1 1 0 0 0 0 1 1 0 0 0 0 0 1 1 0 0 1 1 0 1 1 1 0 1 1 1 1 0 0 0 0 0 1 0 0 0 0 0 0 0 0 0 1 1 0 0 0 1 0 1 0 1 0 1 1 1 1 1 1 1 1 1 1 0 0 0 0 0 0 1 0 1 0 1 1 1 0 1 1 0 0 1 1 0 0 1 0 1 1 0 1 1 1 1 0 0 0 1 0 1 1 1 0 0 1 0 1 1 0 1 1 0 1 0 1 0 0 1 0 1 1 1 1 1 1 1 1 1 1 0 1 1 1 0 1 1 1 1 0 0 
0 1 1 1 0 1 1 1 0 0 0 0 0 0 1 0 1 0 0 0 0 0 1 1 0 1 0 1 0 1 0 0 1 1 0 0 1 1 1 1 1 0 1 1 1 1 1 0 0 1 0 1 1 1 1 1 0 1 1 0 1 0 0 0 0 1 0 0 0 0 1 0 0 1 0 1 0 0 1 1 1 1 1 0 1 0 1 1 1 1 0 1 0 1 1 1 1 0 1 0 0 1 1 1 0 0 0 1 0 0 1 0 1 1 1 1 0 0 0 1 0 0 0 1 1 0 1 0 0 0 1 1 1 1 0 1 0 1 1 0 0 1 1 0 1 1 1 1 1 0 1 1 0 1 1 1 0 1 0 1 0 1 
0 1 0 1 1 0 0 0 1 0 0 0 0 1 1 1 0 1 0 0 0 0 0 1 0 1 0 1 1 0 0 0 1 0 1 0 1 1 1 0 1 0 1 1 1 1 1 0 0 1 0 1 0 1 1 1 1 1 1 1 0 0 0 0 1 1 0 1 1 1 1 1 1 0 0 0 1 1 1 0 0 0 0 0 1 0 1 1 1 1 0 0 0 0 0 1 0 1 0 0 1 0 0 0 1 1 1 1 1 1 1 0 0 1 1 0 0 0 1 1 0 0 0 1 1 0 0 1 1 1 0 1 0 1 1 1 1 0 0 1 1 1 1 1 1 0 0 1 1 1 0 1 1 0 1 1 1 0 1 0 1 0 
0 1 0 0 0 1 0 1 0 0 0 1 0 0 0 1 1 0 0 1 1 0 0 0 0 0 1 1 0 1 1 0 0 1 1 0 0 0 1 1 0 0 1 1 0 1 1 0 0 0 0 0 1 0 1 0 1 0 0 1 1 1 1 1 1 1 1 1 1 1 0 1 1 1 0 0 1 1 1 1 1 1 0 0 1 1 0 0 0 0 0 1 0 0 1 1 0 0 1 0 0 1 1 1 0 1 1 1 1 0 1 0 0 1 1 0 0 1 1 1 0 0 0 1 0 1 1 1 1 1 1 1 1 0 1 0 1 1 1 0 1 1 1 1 1 0 0 1 1 0 0 0 1 0 1 0 0 1 0 1 1 1 
0 0 1 1 1 1 1 0 1 0 0 1 0 1 0 0 0 1 0 1 1 0 1 1 0 0 1 1 1 1 1 0 1 1 1 0 1 0 1 0 0 0 1 0 1 0 1 0 0 0 0 0 1 0 0 0 0 1 0 0 1 1 1 1 1 1 1 0 0 1 0 1 0 0 0 1 1 1 0 0 0 0 1 0 1 1 0 1 1 1 0 0 0 1 1 1 1 1 1 0 1 1 1 0 1 0 0 1 0 1 0 0 1 0 0 1 0 1 0 0 0 0 0 1 0 1 0 0 1 1 1 1 0 1 1 1 1 1 1 1 0 1 0 1 0 1 1 1 0 1 1 1 1 1 0 1 1 0 1 0 0 1 
0 0 1 0 1 1 1 1 1 0 0 0 0 1 1 1 1 1 0 0 0 0 1 0 0 1 0 0 1 1 0 0 0 1 1 0 0 1 0 1 1 0 0 0 0 0 0 0 0 1 0 1 1 1 0 1 1 0 1 1 1 0 0 0 1 0 0 1 1 1 1 1 1 1 0 1 1 1 0 1 1 1 1 0 0 0 1 0 0 0 0 1 0 1 1 0 1 1 1 0 1 1 1 1 1 1 1 0 1 1 0 0 1 0 0 1 0 0 1 0 0 0 0 0 1 0 1 1 1 1 1 0 1 0 1 0 1 1 1 1 1 0 0 1 0 1 1 0 0 1 1 0 1 1 0 0 1 1 1 1 1 1 
1 1 0 1 1 1 0 1 1 0 1 0 0 1 0 0 1 1 1 0 0 0 0 1 1 0 0 0 1 1 0 1 1 1 1 0 1 0 0 1 0 0 0 1 1 1 0 0 0 0 1 0 1 0 1 0 0 1 0 0 1 0 0 0 1 0 0 0 0 1 0 1 0 1 1 0 1 1 1 1 1 1 0 0 0 0 0 1 1 1 1 1 1 0 1 0 0 1 1 0 1 1 1 1 1 0 0 0 0 1 1 1 0 1 1 0 1 0 0 1 1 0 0 0 0 0 1 0 1 1 1 0 1 1 1 1 1 1 1 1 0 0 1 1 1 0 0 0 1 1 0 1 1 0 1 1 1 1 1 1 0 1 
0 0 1 0 0 0 1 0 0 1 0 1 1 0 1 1 0 0 0 1 1 1 1 0 0 1 1 1 0 0 1 0 0 0 0 1 0 1 1 0 1 1 1 0 0 0 1 1 1 1 0 1 0 1 0 1 1 0 1 1 0 1 1 1 0 1 1 1 1 0 1 0 1 0 0 1 0 0 0 0 0 0 1 1 1 1 1 0 0 0 0 0 0 1 0 1 1 0 0 1 0 0 0 0 0 1 1 1 1 0 0 0 1 0 0 1 0 1 1 0 0 1 1 1 1 1 0 1 0 0 0 1 0 0 0 0 0 0 0 0 1 1 0 0 0 1 1 1 0 0 1 0 0 1 0 0 0 0 0 0 1 0 
1 1 1 0 0 0 1 0 0 0 1 1 0 0 1 0 0 0 1 1 1 0 1 0 1 1 1 0 0 0 1 1 0 0 1 0 0 1 0 0 1 0 0 1 0 1 0 0 0 1 1 1 0 1 1 1 0 0 1 0 0 1 1 1 1 0 1 0 0 1 1 1 0 0 1 1 1 1 1 0 0 0 1 0 0 1 1 0 0 0 1 0 1 1 0 0 1 0 0 0 0 0 0 0 0 0 0 0 0 0 1 1 1 1 1 1 1 1 0 1 1 0 0 0 1 1 0 0 1 1 0 0 0 0 1 0 1 0 0 0 0 0 1 1 1 1 1 0 1 0 1 0 1 1 1 0 0 0 0 0 0 0 
1 0 0 0 0 1 0 0 0 1 1 0 1 0 1 0 0 0 1 0 0 1 0 0 1 1 0 1 0 1 0 1 0 1 1 1 0 1 1 0 1 1 1 0 0 0 1 1 1 1 1 1 1 1 0 1 0 0 1 0 1 0 0 0 1 1 0 0 0 1 1 1 0 0 1 0 1 1 0 0 0 0 0 1 1 0 1 0 0 0 1 0 1 0 1 1 0 0 1 1 0 1 1 0 0 0 0 1 0 0 0 1 0 0 0 0 1 0 0 0 1 1 1 1 1 0 0 0 1 1 1 1 0 0 1 0 1 1 1 0 0 1 0 1 0 0 0 1 0 0 0 0 1 0 0 0 0 0 0 0 0 1 
0 1 0 0 1 1 0 0 1 1 0 1 1 1 1 0 0 1 0 1 1 1 0 0 0 1 1 0 1 1 1 0 0 1 0 1 0 1 0 0 1 1 0 1 0 1 0 1 1 1 0 1 1 1 1 1 0 0 1 0 1 1 1 1 0 0 1 0 0 0 1 0 0 0 0 0 0 0 1 0 0 0 0 1 0 1 1 0 0 0 0 0 0 0 1 0 0 1 1 1 1 1 1 0 1 0 0 0 0 1 1 0 0 1 1 0 0 1 0 1 0 1 1 0 1 1 0 0 0 0 1 0 0 0 0 0 0 1 1 1 0 0 1 0 1 0 0 0 1 1 0 0 0 0 1 0 1 0 1 0 0 1 
1 0 0 0 1 0 0 1 1 0 1 1 0 1 1 0 1 1 1 1 1 0 0 0 1 1 1 1 1 0 1 1 0 0 0 0 0 1 1 1 1 0 1 0 0 0 1 0 0 1 1 1 0 1 0 1 0 0 1 0 0 1 1 1 0 1 1 0 0 0 1 0 0 1 1 0 0 0 0 1 1 1 0 0 1 1 1 0 0 0 1 1 1 0 0 1 0 1 0 0 1 0 0 1 1 0 0 1 0 1 0 1 0 0 0 0 1 1 0 0 1 0 0 1 1 1 1 0 0 0 0 1 1 0 0 0 0 0 0 1 0 1 0 0 0 0 0 1 0 1 0 0 0 0 0 0 1 1 1 1 0 0 
0 0 0 1 0 0 0 1 0 1 0 1 1 0 1 0 1 0 0 1 1 1 0 1 0 1 1 0 0 0 1 0 1 0 1 1 1 1 0 1 1 1 0 0 1 0 0 1 1 1 0 1 0 1 0 1 0 1 1 0 0 1 1 1 1 0 1 0 0 1 1 1 0 1 0 0 1 1 0 1 1 1 0 1 0 1 1 1 1 1 0 1 0 0 0 0 0 0 0 1 0 0 0 1 0 0 0 0 0 0 0 0 0 0 0 0 0 1 0 0 0 1 1 0 1 1 1 0 1 1 0 0 1 1 1 1 1 0 0 0 0 0 0 1 0 0 0 0 0 0 0 1 1 0 0 1 0 1 0 1 0 0 
1 0 0 1 0 1 0 0 0 0 1 1 0 0 1 1 0 0 1 1 1 0 0 1 1 1 1 0 0 1 1 1 1 1 0 0 1 1 0 0 1 0 0 0 1 0 0 0 0 1 1 1 1 1 0 1 1 1 1 1 1 1 1 1 0 0 1 1 1 0 1 0 1 0 1 0 0 0 0 0 0 0 0 0 0 1 1 1 1 1 1 0 1 0 1 0 0 0 1 0 0 1 1 0 0 1 1 0 1 0 0 1 0 0 0 0 1 1 1 0 1 0 0 0 1 1 0 1 0 0 1 0 0 1 0 1 0 1 1 0 1 0 0 0 0 0 0 0 0 0 0 1 0 0 0 1 0 0 0 0 1 1 
1 0 0 0 1 0 0 0 1 1 1 1 1 1 0 1 0 1 1 1 1 1 0 0 1 0 1 0 1 0 1 1 0 0 1 1 0 0 0 0 0 1 0 0 0 0 0 1 1 0 1 0 0 0 0 0 1 0 0 1 0 1 1 1 1 0 1 1 1 1 0 1 1 0 1 0 1 1 0 0 0 0 0 1 0 1 0 0 0 0 1 0 1 0 0 0 0 1 0 1 1 0 0 0 1 1 1 0 1 1 0 1 0 0 0 0 1 1 1 0 1 1 1 0 0 1 0 1 1 1 0 0 0 0 1 0 1 0 0 1 1 0 0 1 0 0 0 0 0 1 0 0 1 0 0 0 1 0 1 0 1 0 
1 0 1 0 0 1 1 1 0 1 1 1 1 0 0 0 1 0 1 1 1 1 1 0 1 0 1 0 0 1 1 1 0 1 0 1 0 0 0 1 0 1 0 0 0 0 0 1 1 0 1 0 1 0 0 0 0 0 0 0 1 1 1 1 0 0 1 0 0 0 0 0 0 1 1 1 0 0 0 1 1 1 1 1 0 1 0 0 0 0 1 1 1 1 1 0 1 0 1 1 0 1 1 1 0 0 0 0 0 0 0 1 1 0 0 1 1 1 0 0 1 1 1 0 0 1 1 0 0 0 1 0 1 0 0 0 0 1 1 0 0 0 0 0 0 1 1 0 0 0 1 0 0 1 0 0 0 1 0 1 0 1 
1 0 1 1 1 0 1 0 1 1 1 0 1 1 1 0 0 1 1 0 0 1 1 1 1 1 0 0 1 0 0 1 1 0 0 1 1 1 0 0 1 1 0 0 1 0 0 1 1 1 1 1 0 1 0 1 0 1 1 0 0 0 0 0 0 0 0 0 0 0 1 0 0 0 1 1 0 0 0 0 0 0 1 1 0 0 1 1 1 1 1 0 1 1 0 0 1 1 0 1 1 0 0 0 1 0 0 0 0 1 0 1 1 0 0 1 1 0 0 0 1 1 1 0 1 0 0 0 0 0 0 0 0 1 0 1 0 0 0 1 0 0 0 0 0 1 1 0 0 1 1 1 0 1 0 1 1 0 1 0 0 0 
1 1 0 0 0 0 0 1 0 1 1 0 1 0 1 1 1 0 1 0 0 1 0 0 1 1 0 0 0 0 0 1 0 0 0 1 0 1 0 1 1 1 0 1 0 1 0 1 1 1 1 1 0 1 1 1 1 0 1 1 0 0 0 0 0 0 0 1 1 0 1 0 1 1 1 0 0 0 1 1 1 1 0 1 0 0 1 0 0 0 1 1 1 0 0 0 0 0 0 1 0 0 0 1 0 1 1 0 1 0 1 1 0 1 1 0 1 0 1 1 1 1 1 0 1 0 1 1 0 0 0 0 1 0 0 0 0 0 0 0 1 0 1 0 1 0 0 0 1 0 0 0 0 0 1 0 0 1 0 1 1 0 
1 1 0 1 0 0 0 0 0 1 1 1 1 0 0 0 0 0 1 1 1 1 0 1 1 0 1 1 0 0 1 1 1 0 0 1 1 0 1 0 0 1 1 1 1 1 1 1 1 0 1 0 0 0 1 0 0 1 0 0 0 1 1 1 0 1 1 0 0 0 0 0 0 0 1 0 0 0 1 0 0 0 0 1 1 1 0 1 1 1 1 0 1 0 0 1 0 0 0 1 0 0 0 0 0 0 0 1 0 0 1 1 0 1 1 0 1 1 0 1 1 1 1 1 0 1 0 0 0 0 0 1 0 1 0 1 0 0 0 0 0 1 1 0 1 0 0 1 1 0 0 1 0 0 1 1 0 0 0 0 0 0 
0 0 0 1 1 1 0 0 0 1 1 1 1 0 0 1 0 0 0 1 0 0 0 0 1 1 0 0 1 0 1 1 0 0 0 0 1 1 0 1 1 1 0 1 0 0 1 0 1 0 1 0 0 0 0 1 0 1 0 1 1 1 0 1 0 0 0 1 0 1 1 1 0 0 0 1 0 0 0 0 1 1 1 0 0 1 1 1 0 0 1 0 0 1 1 0 1 1 0 1 1 0 1 1 1 1 1 1 1 0 0 1 0 1 1 1 0 1 0 0 1 0 1 1 1 0 0 0 1 0 0 1 1 1 0 1 1 1 1 0 1 1 1 1 1 1 1 1 1 1 0 1 1 0 1 0 1 1 0 1 0 1 
0 1 1 1 1 0 1 1 0 1 1 0 1 1 0 0 0 0 1 1 0 0 0 0 0 0 0 0 0 0 0 0 0 1 0 0 1 1 1 1 0 1 0 0 1 0 0 1 0 1 0 0 1 1 1 1 0 0 1 1 1 0 1 1 0 1 1 0 0 1 0 1 1 1 1 1 1 1 0 0 1 0 0 0 1 1 1 0 1 0 1 0 1 1 1 0 0 0 0 1 1 1 0 1 1 1 1 0 1 1 1 1 0 0 1 1 0 1 1 0 1 1 0 1 1 0 1 1 0 0 0 1 0 1 1 0 0 1 0 1 0 1 1 1 0 0 1 1 1 1 0 1 1 1 1 1 0 0 0 1 0 1 
1 0 1 1 0 0 0 1 0 1 0 0 1 0 1 0 1 1 0 1 0 1 0 0 0 0 1 1 0 1 1 1 1 1 1 0 0 1 0 1 0 0 0 0 0 0 0 0 1 0 0 1 0 0 0 1 0 1 1 1 1 0 0 0 1 1 1 0 1 1 1 0 0 0 1 1 0 1 1 0 1 0 0 1 0 1 1 0 0 1 1 1 0 0 1 1 1 0 0 1 1 0 0 0 1 1 0 1 1 0 1 1 1 1 1 1 1 1 0 1 1 1 0 1 0 1 0 1 0 0 1 0 1 1 0 0 1 0 1 1 1 1 1 1 0 0 1 1 0 1 1 1 1 0 1 1 1 0 1 1 1 1 
0 1 1 1 0 1 0 1 0 0 0 1 1 0 1 1 0 0 0 1 0 0 0 0 1 1 0 0 1 0 0 0 1 1 1 0 0 1 0 0 1 0 0 1 0 0 1 1 0 0 1 0 0 1 0 1 0 0 1 1 0 1 1 0 0 1 1 1 0 1 0 0 0 0 1 1 0 1 0 0 1 1 1 1 1 1 0 1 1 0 0 1 1 0 1 1 0 1 0 1 0 1 1 0 1 0 0 0 1 1 1 1 0 0 1 0 1 0 1 1 1 1 1 1 0 1 1 1 1 0 1 0 0 0 1 1 0 0 0 1 0 1 0 1 1 1 1 0 0 1 1 1 0 1 1 1 0 1 1 1 1 1 
1 1 1 0 1 1 0 1 0 0 1 0 1 0 0 0 1 1 0 1 0 1 0 0 0 1 1 1 0 1 1 1 0 1 0 0 1 0 0 0 0 1 0 0 0 0 1 1 1 0 1 1 0 1 0 1 0 1 1 0 0 1 1 1 1 1 1 1 1 1 1 1 0 0 1 0 0 1 1 0 0 0 0 0 1 0 0 0 1 1 0 0 1 1 0 0 1 1 0 0 0 1 0 1 1 0 1 1 1 1 1 1 1 1 1 0 0 0 1 0 0 1 1 1 1 0 1 1 0 0 0 1 1 0 1 1 1 1 1 1 1 0 0 0 1 1 1 0 1 0 0 1 0 1 0 1 1 1 0 1 0 1 
0 1 1 0 1 0 0 1 0 1 1 1 0 0 1 1 0 0 0 0 0 0 0 0 1 0 0 0 1 0 1 1 1 1 1 0 1 0 0 1 1 1 0 1 0 0 0 1 1 0 0 0 0 1 0 0 0 1 1 0 1 0 1 1 0 1 1 0 0 0 1 1 0 0 1 0 0 1 0 0 0 1 1 1 1 0 1 1 1 0 1 1 1 1 0 1 1 0 0 0 1 1 1 1 0 1 1 1 0 1 1 0 0 1 0 1 1 1 1 1 0 1 0 0 1 1 1 1 1 0 1 1 1 1 1 0 1 1 1 1 1 0 1 0 0 0 0 1 1 0 1 0 1 1 0 1 1 0 1 0 1 0 
0 1 1 1 0 1 0 1 1 1 0 0 0 0 0 0 0 0 0 0 1 0 1 1 0 1 0 0 0 0 1 1 0 1 0 1 0 1 0 1 0 0 1 0 0 1 1 1 1 0 1 0 0 1 0 0 1 1 1 1 1 1 1 0 0 1 1 1 0 0 1 0 0 0 1 1 0 1 0 1 1 0 0 0 1 1 1 0 1 0 1 0 1 0 1 0 1 1 1 1 1 1 0 0 0 1 0 1 0 1 1 0 0 1 0 1 0 1 1 0 1 1 1 0 0 0 1 1 0 1 0 0 1 1 1 1 1 0 1 1 1 1 1 1 1 1 0 1 0 1 0 0 1 1 1 1 1 1 0 0 0 0 
0 1 0 1 1 0 0 0 1 0 1 0 1 0 1 0 0 0 0 1 1 0 1 1 0 0 0 0 0 0 1 1 1 0 1 1 1 1 0 0 0 1 1 0 0 1 0 1 1 0 0 0 0 1 0 1 1 1 0 1 0 0 1 1 0 0 0 0 0 1 1 1 0 0 0 1 0 0 0 1 1 0 0 1 1 1 0 0 1 0 0 1 1 1 1 1 1 0 1 1 0 1 0 1 1 0 1 1 1 1 0 1 0 1 1 0 1 0 1 1 1 0 0 1 1 1 1 0 0 1 1 1 1 0 1 0 1 1 1 0 1 1 0 1 0 0 1 0 1 1 1 1 0 1 1 0 1 0 1 1 1 1 
0 1 0 0 0 1 1 0 0 1 0 0 1 1 1 0 0 0 1 1 0 0 0 0 0 1 0 0 0 0 1 1 1 0 1 0 0 0 1 1 0 0 0 0 1 0 1 1 1 1 1 0 1 1 1 1 0 1 0 0 1 1 1 0 0 0 0 1 0 1 1 0 1 1 0 0 1 0 0 0 0 0 0 1 1 0 1 0 1 0 1 1 1 0 0 1 1 1 0 0 1 1 0 0 1 1 0 1 1 1 0 1 0 1 1 1 1 1 1 1 0 0 1 1 0 1 1 0 0 0 1 0 1 1 1 1 1 0 1 0 1 0 1 0 1 1 1 1 0 0 1 1 1 1 0 0 1 1 1 1 1 1 
0 0 1 1 1 1 1 1 0 0 1 0 0 1 1 0 0 0 1 0 0 0 0 0 0 1 0 0 0 0 1 1 1 1 1 0 1 1 1 0 0 1 0 0 1 0 1 0 1 1 1 0 1 0 1 0 0 1 1 1 0 1 0 1 0 1 1 1 0 0 1 1 1 1 1 1 1 1 0 0 1 0 0 1 0 1 0 0 0 0 0 1 0 1 1 1 1 1 0 1 0 0 0 1 0 0 1 1 0 0 1 0 0 1 0 0 1 0 0 1 1 1 1 0 1 1 0 1 0 0 1 1 1 0 0 1 1 1 1 1 1 1 0 1 1 1 0 0 1 1 1 0 0 0 1 1 1 1 1 0 1 0 
0 0 1 0 1 1 0 1 1 1 1 0 1 0 1 0 0 0 0 1 1 0 1 1 0 1 0 0 0 0 0 0 1 1 1 1 1 0 0 1 0 1 1 0 0 1 1 0 0 0 1 0 0 0 0 1 1 0 1 0 1 1 0 1 0 1 1 1 0 1 0 1 0 0 1 0 0 1 0 1 0 0 0 1 0 0 1 0 0 0 1 1 0 1 0 1 0 1 1 0 1 0 0 1 1 1 1 0 1 0 1 1 0 0 1 1 1 1 0 1 0 1 1 1 1 1 0 1 0 1 1 1 0 1 0 1 0 1 0 1 0 0 1 0 1 1 1 1 1 0 1 1 1 0 0 1 0 1 1 1 1 1 
1 1 0 1 1 1 0 0 0 1 1 0 0 0 1 0 1 1 0 0 0 1 0 0 0 1 1 1 0 1 0 0 1 0 1 0 1 1 0 1 0 1 0 0 0 0 1 1 0 0 1 1 0 1 0 0 0 0 0 1 1 1 1 1 1 0 0 1 1 0 0 1 0 0 0 1 0 0 1 0 1 0 0 1 1 1 1 0 1 1 1 1 1 1 1 1 0 1 0 1 1 1 0 1 0 1 1 0 0 1 0 0 1 0 0 1 1 1 1 1 1 0 1 0 1 1 1 0 0 0 1 1 0 1 1 1 0 1 0 0 0 1 1 1 1 1 0 1 1 1 1 0 1 1 1 0 0 1 1 0 1 0 
0 0 1 0 0 0 1 1 1 0 0 1 1 1 0 1 0 0 1 1 1 0 1 1 1 0 0 0 1 0 1 1 0 1 0 1 0 0 1 0 1 0 1 1 1 1 0 0 1 1 0 0 1 0 1 1 1 1 1 0 0 0 0 0 0 1 1 0 0 1 1 0 1 1 1 0 1 1 0 1 0 1 1 0 0 0 0 1 0 0 0 0 0 0 0 0 1 0 1 0 0 0 1 0 1 0 0 1 1 0 1 1 0 1 1 0 0 0 0 0 0 1 0 1 0 0 0 1 1 1 0 0 1 0 0 0 1 0 1 1 1 0 0 0 0 0 1 0 0 0 0 1 0 0 0 1 1 0 0 1 0 1 
1 1 1 0 0 0 1 1 1 0 0 0 0 1 1 0 1 1 1 0 1 1 1 1 0 0 1 1 0 1 0 0 1 1 1 1 0 0 1 0 0 0 1 0 1 1 0 1 0 1 0 1 1 1 1 0 1 0 1 0 0 0 1 0 1 1 1 0 1 0 0 0 1 1 1 0 1 1 1 1 0 0 0 1 1 0 0 0 1 1 0 1 1 0 0 1 0 0 1 0 0 1 0 0 0 0 0 0 0 1 1 0 1 0 0 0 1 0 1 1 0 1 0 0 0 1 1 1 0 1 1 0 0 0 1 0 0 0 0 1 0 0 0 0 0 0 0 0 0 0 1 0 0 1 0 1 0 0 1 0 1 0 
1 0 0 0 0 1 0 0 1 0 0 1 0 0 1 1 1 1 0 0 1 1 1 1 1 1 1 1 1 1 1 1 1 0 1 1 0 0 0 0 1 0 1 1 0 1 1 0 1 0 1 1 0 0 0 0 1 1 0 0 0 1 0 0 1 0 0 1 1 0 1 0 0 0 0 0 0 0 1 1 0 1 1 1 0 0 0 1 0 1 0 1 0 0 0 1 1 1 1 0 0 0 1 0 0 0 0 1 0 0 0 0 1 1 0 0 1 0 0 1 0 0 1 0 0 1 0 0 1 1 1 0 1 0 0 1 1 0 1 0 1 0 0 0 1 1 0 0 0 0 1 0 0 0 0 0 1 1 1 0 1 0 
0 1 0 0 1 1 1 0 1 0 1 1 0 1 0 1 0 0 1 0 1 0 1 1 1 1 0 0 1 0 0 0 0 0 0 1 1 0 1 0 1 1 1 1 1 1 1 1 0 1 1 0 1 1 1 0 1 0 0 0 0 1 1 1 0 0 0 1 0 0 0 1 1 1 0 0 1 0 0 1 0 1 1 0 1 0 0 1 1 0 0 0 1 1 0 0 0 1 1 0 0 1 1 1 0 0 1 0 0 1 0 0 0 0 0 0 0 0 1 0 0 0 1 0 1 0 1 0 1 1 0 1 0 0 1 1 0 1 0 0 0 0 0 0 1 1 0 0 1 0 0 0 0 1 0 0 0 1 0 0 0 0 
1 0 0 0 1 0 1 0 1 1 1 0 0 1 0 0 1 1 1 0 1 1 1 1 0 0 1 1 0 1 1 1 0 0 0 1 1 0 1 1 0 1 1 0 1 1 0 0 1 1 0 1 1 0 1 0 1 1 0 0 1 0 0 1 1 0 0 0 1 0 1 1 1 1 0 0 1 0 1 1 0 0 0 0 0 0 1 0 0 1 1 0 0 1 0 0 1 0 1 0 1 0 0 1 0 1 1 1 0 0 0 0 1 1 0 1 0 1 0 0 0 0 0 0 1 0 0 0 0 1 0 1 1 1 0 0 1 1 1 0 1 0 1 0 0 0 0 1 1 0 0 0 1 0 0 0 1 0 0 0 0 0 
0 0 0 1 0 0 1 0 1 1 0 1 0 1 1 1 0 0 1 0 1 0 1 1 1 0 0 0 1 0 0 0 1 0 1 1 0 1 1 1 1 0 1 1 1 1 0 0 0 1 0 0 1 0 1 0 1 0 0 1 1 0 0 0 0 0 0 0 0 0 0 0 1 1 0 1 1 0 0 1 1 1 1 1 0 1 1 1 0 0 1 1 0 0 1 1 0 0 1 1 1 0 1 0 0 1 0 0 0 0 0 0 0 0 0 1 1 1 0 1 1 0 0 0 0 1 0 0 1 1 1 0 0 1 0 0 0 0 0 0 0 1 1 1 0 0 0 1 0 1 1 0 1 0 1 0 0 0 1 0 1 0 
1 0 0 1 0 1 1 0 1 0 0 0 1 1 0 0 1 1 1 1 1 1 1 1 0 1 1 1 0 1 0 0 0 0 0 1 0 1 1 0 0 0 1 0 1 1 1 0 0 1 1 1 1 0 1 1 1 0 0 1 0 1 0 0 1 0 0 1 1 1 0 0 1 1 0 1 1 0 1 1 1 0 0 0 0 1 0 0 0 1 0 0 0 0 1 0 0 1 1 1 0 0 0 0 1 0 0 0 1 0 0 1 1 0 1 0 0 0 0 0 1 0 1 1 0 0 0 0 0 1 0 0 0 0 0 1 0 0 0 0 0 1 0 1 1 1 1 0 0 1 0 1 0 0 1 0 0 1 0 1 0 1 
1 0 0 0 1 0 1 0 0 0 1 1 1 1 1 1 1 1 1 1 0 1 0 0 1 0 1 1 1 1 0 0 1 0 1 0 1 0 1 0 1 1 0 1 1 0 0 0 0 1 0 1 1 0 1 1 0 0 0 0 0 0 0 1 1 0 0 0 1 1 0 1 1 1 0 0 1 0 1 0 0 1 1 1 0 0 0 1 0 1 0 1 0 1 0 1 0 0 0 0 0 0 1 1 1 0 1 0 1 0 0 1 1 0 1 0 1 0 0 1 0 0 0 1 1 1 0 0 1 0 1 1 0 0 0 0 0 1 0 0 0 0 0 0 0 0 1 0 1 0 1 1 0 0 0 0 0 0 1 1 1 1 
1 0 1 0 0 1 1 1 0 1 0 1 0 1 0 1 1 1 1 0 0 1 0 0 1 1 1 1 1 1 0 0 0 1 0 0 0 0 1 1 1 0 0 1 1 0 1 0 0 1 1 1 1 0 1 0 0 0 1 0 1 1 0 0 1 1 1 1 1 0 0 0 1 1 1 0 1 1 1 0 0 1 1 0 0 0 1 1 0 1 1 0 0 0 0 0 0 1 0 0 1 0 1 0 0 1 0 0 0 0 1 0 1 0 0 1 0 1 0 0 0 1 1 0 0 0 0 1 1 0 0 0 0 1 0 1 0 0 0 1 0 0 1 0 1 1 0 1 0 0 0 0 1 0 0 1 0 1 0 0 0 0 
1 0 1 1 1 0 0 1 1 0 1 1 0 0 0 1 1 1 0 0 1 1 1 1 1 0 1 1 1 1 0 0 0 1 0 1 1 1 0 0 1 1 1 1 0 1 0 0 0 0 0 1 0 0 0 0 1 0 1 1 0 0 0 1 1 1 1 0 1 0 0 1 0 0 1 1 0 1 1 1 1 1 1 0 0 1 0 1 0 1 0 0 0 1 1 0 0 0 1 1 0 0 1 1 0 0 1 0 0 0 1 0 1 0 0 0 0 0 0 0 1 1 0 0 1 0 0 1 1 1 0 1 0 0 0 0 0 1 0 1 0 1 0 1 0 0 0 0 1 1 0 0 0 0 1 1 0 0 0 0 0 0 
1 1 0 0 0 0 0 0 1 1 0 1 1 0 0 1 1 1 0 1 1 1 1 1 1 0 1 1 1 1 0 0 0 0 0 1 0 0 0 1 1 0 1 1 0 1 0 1 0 0 0 1 0 1 0 1 1 0 0 0 1 0 1 0 1 0 0 0 1 1 0 0 0 0 0 0 0 0 1 1 0 1 1 0 1 0 1 1 1 1 1 0 1 0 0 0 0 0 1 0 1 1 1 0 1 1 0 0 1 1 0 1 1 0 1 1 0 1 1 0 0 0 0 1 0 0 1 0 1 1 0 0 0 1 1 0 0 0 0 0 0 0 1 0 0 0 1 1 0 0 0 1 1 1 0 0 0 0 0 1 0 1 
1 1 0 1 0 0 1 0 0 0 0 1 0 1 0 1 1 1 1 0 0 1 0 0 1 0 1 1 1 1 1 1 0 0 0 0 0 1 1 0 1 0 0 1 1 0 0 1 1 1 0 1 1 1 1 0 0 1 0 1 0 0 1 0 1 0 0 0 1 0 1 0 1 1 0 1 1 0 1 0 1 1 1 0 1 1 0 1 1 1 0 0 1 0 1 0 1 0 0 1 0 1 1 0 0 0 0 1 0 1 0 0 1 1 0 0 0 0 1 0 1 0 0 0 0 0 1 0 1 0 0 0 1 0 1 0 1 0 1 0 1 1 0 1 0 0 0 0 0 1 0 0 0 1 1 0 1 0 0 0 0 0 
0 0 0 1 1 1 0 0 1 0 0 1 0 1 0 0 0 0 1 1 1 1 1 0 0 0 1 1 0 0 1 0 0 0 0 0 0 1 0 1 1 1 1 1 1 1 1 0 0 1 1 1 1 1 0 1 0 1 0 1 1 0 1 0 0 1 0 1 1 1 1 1 0 0 1 1 1 1 0 0 1 0 1 1 0 0 0 0 1 1 0 1 0 1 0 1 0 0 0 0 1 1 1 1 0 1 1 1 1 1 1 1 1 0 1 1 1 0 0 1 1 1 1 0 0 1 1 0 0 1 1 0 1 1 1 0 0 1 0 1 1 0 1 0 0 0 1 0 0 0 0 0 0 0 1 1 1 1 0 0 0 0 
0 1 1 1 1 0 1 0 0 1 0 1 0 0 1 0 0 1 1 1 1 0 1 1 0 1 0 0 1 1 0 1 1 0 0 0 0 1 0 1 1 1 1 1 0 1 1 0 1 0 1 1 1 0 1 1 1 1 1 1 1 1 0 1 1 1 0 0 1 0 0 1 0 0 1 0 1 0 0 1 1 1 1 0 1 0 0 1 0 1 1 0 1 0 1 1 0 0 0 1 1 1 0 0 1 0 0 0 1 1 1 0 1 0 0 0 1 0 0 1 0 1 1 0 0 1 1 1 0 0 0 1 1 1 1 0 1 1 0 0 1 0 0 1 0 1 1 1 1 0 0 0 0 0 0 0 1 0 0 1 1 1 
1 0 1 1 0 0 0 1 1 1 0 1 1 0 1 0 0 1 1 0 1 1 1 0 1 0 0 0 0 0 0 0 0 1 1 1 1 0 0 1 1 1 0 0 0 1 1 0 0 1 1 1 0 0 1 1 1 1 0 1 1 1 1 0 0 1 0 1 1 1 0 1 1 1 1 0 1 0 1 0 1 0 1 0 0 1 1 1 0 1 0 1 1 1 1 1 1 1 1 0 1 1 1 0 0 0 0 1 1 1 1 0 0 1 0 0 0 1 1 1 1 0 1 1 1 1 0 0 1 0 0 1 1 0 1 1 1 1 0 0 0 1 1 0 0 0 1 0 0 0 0 0 0 1 0 1 1 0 1 1 0 0 
0 1 1 1 0 1 1 0 0 1 0 0 0 1 1 0 0 1 1 0 1 0 1 0 1 1 1 1 1 0 1 1 1 1 1 1 1 0 0 0 1 1 0 0 1 0 1 0 0 0 1 0 0 1 1 1 1 0 0 0 1 1 0 1 1 1 0 0 1 0 1 1 0 1 0 1 0 1 1 1 1 0 1 1 0 1 1 1 1 1 0 0 1 0 1 0 1 1 0 1 1 1 0 1 0 1 1 0 1 0 1 1 0 0 1 1 0 0 1 1 0 0 0 1 0 1 0 1 0 1 1 1 1 0 1 0 1 0 0 1 0 0 0 0 0 0 0 1 0 0 0 0 0 0 1 0 1 1 0 1 0 1 
1 1 1 0 1 1 1 1 1 1 0 0 1 1 1 0 0 1 1 1 0 1 1 0 0 1 1 0 1 0 0 1 1 0 0 0 0 1 0 0 1 1 1 1 0 0 1 0 0 1 0 0 1 0 1 0 1 0 0 0 1 1 1 1 1 0 0 1 0 1 1 0 1 0 0 1 0 1 0 1 1 0 0 1 0 0 0 1 1 1 0 1 1 1 1 0 0 0 1 1 0 0 1 1 0 1 0 1 1 0 1 0 1 1 1 0 1 1 0 0 1 1 0 0 1 1 1 1 1 0 0 1 0 1 1 1 1 0 0 0 1 1 1 0 0 0 0 1 0 0 0 0 0 1 0 1 1 0 1 1 0 1 
0 1 1 0 1 0 1 0 1 1 0 1 0 0 1 0 0 1 0 1 0 1 0 0 1 1 0 1 1 0 1 1 1 1 1 1 1 1 0 1 0 0 1 1 1 1 0 0 0 1 0 1 1 1 1 0 1 1 0 1 0 1 1 1 1 0 0 1 0 1 0 0 0 1 1 0 1 0 1 1 0 0 0 0 0 1 1 1 0 0 0 1 1 1 1 1 1 1 0 1 0 0 1 0 0 0 1 1 0 1 0 1 1 0 0 1 1 0 1 0 1 1 1 1 0 0 1 1 0 1 1 1 0 1 0 0 1 1 0 1 1 0 1 0 0 0 1 1 0 0 0 0 0 0 1 1 0 1 0 1 0 1 
0 1 1 1 0 1 1 0 1 1 1 1 0 1 1 1 1 1 0 0 1 1 0 0 0 1 1 0 1 0 0 1 1 0 0 0 0 0 1 1 0 0 0 0 0 1 0 1 0 1 1 1 0 0 1 1 1 1 0 1 0 1 1 1 1 1 1 1 1 1 1 1 0 0 1 1 1 1 0 1 0 0 1 1 0 0 0 1 1 0 0 1 1 1 1 1 0 0 0 1 1 1 1 1 0 1 0 1 0 1 0 0 0 0 1 0 0 0 0 1 1 0 1 0 0 0 0 1 0 0 0 1 1 0 0 0 1 1 1 0 0 0 1 0 1 0 1 1 0 1 1 1 1 0 0 1 0 0 0 1 0 1 
0 1 0 1 1 0 1 0 1 0 1 0 0 0 0 1 1 0 1 1 1 1 1 0 1 1 0 0 1 0 0 1 1 1 1 1 1 1 1 0 1 1 1 1 0 0 1 1 0 1 1 0 1 0 0 1 0 0 0 0 1 0 1 1 1 1 1 1 1 1 0 1 0 1 0 0 0 0 1 1 1 0 1 0 0 1 1 0 0 1 0 1 0 1 0 0 1 1 0 1 1 1 1 0 0 0 0 1 1 0 1 0 1 0 0 0 1 0 1 1 1 1 0 1 0 1 1 1 0 0 0 0 1 1 1 0 0 0 1 0 1 0 1 0 1 0 0 1 0 1 1 1 1 0 0 1 1 0 0 0 0 1 
0 1 0 0 0 1 1 0 1 0 0 1 0 1 0 0 0 0 1 0 0 1 1 1 1 1 1 0 1 1 0 1 1 1 1 1 1 0 0 1 1 1 0 0 0 1 1 0 1 1 0 1 0 0 0 0 0 1 1 1 1 0 1 1 1 0 0 1 0 1 1 0 0 1 1 1 1 1 1 1 1 1 0 1 1 1 1 0 1 1 1 1 0 1 0 1 1 1 0 1 0 0 1 1 1 1 0 1 1 1 1 0 0 0 1 0 0 0 1 0 1 0 1 1 0 1 0 1 0 0 0 0 0 0 1 0 0 1 0 0 0 0 1 1 0 1 1 1 1 0 0 0 0 0 0 1 1 0 0 0 1 1 
0 0 1 1 1 1 0 0 1 1 0 0 0 1 1 0 0 1 0 1 1 1 0 1 1 0 1 0 0 1 0 0 0 1 1 1 1 1 0 0 0 0 1 1 0 0 0 0 1 1 1 0 1 0 1 1 1 0 1 0 0 1 1 0 0 1 0 1 1 1 1 1 0 1 0 1 0 1 1 0 0 1 1 1 1 1 1 1 1 0 1 1 1 1 1 0 1 1 0 0 1 1 1 1 1 1 0 1 0 0 0 0 1 0 1 0 1 0 1 1 1 1 0 1 0 0 1 0 0 0 0 1 1 1 0 0 1 0 0 0 1 0 1 1 0 1 0 0 1 0 0 0 0 0 0 1 0 0 0 1 1 0 
0 0 1 0 1 1 0 0 0 1 1 1 0 1 1 1 1 1 1 1 0 0 1 0 1 0 1 0 0 0 0 0 0 1 1 1 1 1 1 1 1 1 1 1 0 1 1 1 0 0 0 1 1 0 1 0 1 1 0 1 1 1 0 0 0 0 1 0 0 0 1 0 0 1 1 1 1 1 1 0 1 0 0 1 0 1 1 1 1 1 0 0 1 0 1 1 1 1 0 0 0 0 0 1 0 1 0 0 1 1 1 0 1 0 1 0 1 0 1 0 0 1 1 1 0 1 1 0 0 0 0 1 0 1 1 0 1 1 1 0 1 0 0 0 1 0 1 0 0 1 1 1 1 0 0 0 1 0 0 1 0 0 
1 1 0 1 1 1 1 1 0 0 0 1 1 1 0 0 0 0 0 1 1 0 0 0 1 1 1 0 1 0 0 1 1 1 1 1 1 1 0 1 0 0 1 1 0 1 0 0 0 0 1 1 1 0 0 1 0 1 0 1 0 0 0 1 1 1 0 0 1 0 1 1 1 1 1 1 1 1 1 1 0 0 1 1 0 1 1 0 1 0 0 0 0 0 0 1 1 1 1 1 1 1 0 1 0 1 0 0 0 1 0 0 1 1 1 0 1 1 1 1 0 1 1 1 1 0 1 1 1 0 0 0 1 1 0 1 0 1 0 0 1 1 0 0 0 0 1 1 0 0 0 0 0 1 0 0 0 0 1 0 0 1 
0 0 1 0 0 0 0 0 1 1 1 0 0 0 1 1 1 1 1 0 0 1 1 1 0 0 0 1 0 1 1 0 0 0 0 0 0 0 1 0 1 1 0 0 1 0 1 1 1 1 0 0 0 1 1 0 1 0 1 0 1 1 1 0 0 0 1 1 0 1 0 0 0 0 0 0 0 0 0 0 1 1 0 0 1 0 0 1 0 1 1 1 1 1 1 0 0 0 0 0 0 0 1 0 1 0 1 1 1 0 1 1 0 0 0 1 0 0 0 0 1 0 0 0 0 1 0 0 0 1 1 1 0 0 1 0 1 0 1 1 0 0 1 1 1 1 0 0 1 1 1 1 1 0 1 1 1 1 0 1 1 0 
1 1 1 0 0 0 1 1 0 1 1 0 1 0 1 1 1 1 0 0 0 0 0 1 1 1 0 0 1 1 0 1 1 1 1 1 1 0 1 0 0 0 0 0 0 0 0 1 1 0 0 0 0 0 1 0 1 0 1 0 0 1 0 1 1 0 1 0 0 0 0 0 1 1 0 0 0 0 1 1 0 1 0 0 1 1 1 1 0 0 1 0 1 0 1 0 1 1 1 1 0 0 0 0 1 0 0 0 0 0 0 0 0 1 0 0 0 1 1 0 0 0 0 1 1 0 0 1 1 0 0 1 0 0 0 1 1 0 1 0 0 1 0 1 1 1 0 1 1 1 1 1 1 1 0 0 0 0 1 1 1 1 
1 0 0 0 0 1 0 1 1 0 1 0 1 1 0 1 1 0 0 0 0 1 0 0 1 0 1 1 0 0 1 0 0 1 1 1 1 0 1 0 0 0 0 0 1 0 0 1 0 1 0 0 0 1 0 0 0 0 0 0 0 0 1 0 0 0 1 1 0 1 1 0 1 1 0 1 0 1 1 0 0 0 0 1 0 1 1 0 1 0 0 1 0 1 0 0 1 1 1 0 0 0 1 1 0 1 1 1 0 0 0 1 0 1 1 1 0 1 1 0 1 0 0 1 1 0 0 0 1 1 1 0 0 0 0 1 0 0 1 1 0 1 1 0 1 0 0 0 0 1 1 1 1 1 1 1 0 1 1 0 0 0 
0 1 0 0 1 1 1 0 0 0 1 0 0 1 0 1 1 0 0 1 0 0 0 1 0 1 1 1 1 1 1 1 1 0 0 0 0 1 1 0 0 0 1 1 1 0 0 1 1 0 0 0 1 1 0 0 0 0 1 0 0 0 0 1 1 0 1 0 0 0 1 0 0 0 0 1 0 1 0 1 0 1 0 1 1 0 0 0 1 0 1 0 0 0 0 0 0 0 0 1 0 0 0 1 1 1 1 0 0 0 0 1 1 0 1 1 1 0 0 0 0 1 0 0 0 0 1 1 0 1 1 0 0 1 0 0 0 0 1 1 1 0 0 1 1 1 0 1 1 1 1 1 1 0 1 0 0 1 0 0 1 1 
1 0 0 0 1 0 0 1 1 0 1 1 1 0 0 1 1 0 0 1 0 1 0 1 0 0 0 0 0 1 0 0 0 0 0 0 0 1 1 1 0 0 1 1 0 1 0 1 1 1 0 1 1 0 0 0 0 1 1 1 0 0 1 0 0 0 1 1 0 1 0 0 1 0 1 0 1 0 0 0 0 1 0 0 1 0 0 0 0 0 1 1 0 1 0 1 0 0 1 0 0 0 1 0 1 0 0 1 0 1 0 0 1 1 0 0 1 1 0 0 1 1 1 0 1 0 1 0 1 0 0 0 0 1 0 1 0 1 1 0 1 1 1 1 1 1 1 0 1 1 1 1 1 1 0 1 0 0 1 0 1 0 
0 0 0 1 0 0 0 0 0 0 1 1 0 0 0 1 1 0 0 0 1 0 0 1 1 0 0 1 0 1 1 0 0 1 1 1 1 0 1 1 0 0 0 0 1 1 0 1 1 0 1 1 0 1 0 1 0 1 1 1 0 0 0 0 0 1 1 0 1 0 0 1 0 1 1 0 1 0 1 0 0 1 1 0 1 1 1 0 0 0 1 0 0 0 0 1 1 1 0 0 1 1 0 0 1 0 1 0 0 1 0 1 0 0 0 1 0 0 1 1 0 0 1 1 0 0 0 0 0 1 1 0 1 0 0 0 0 1 1 1 0 0 0 1 1 1 1 0 1 1 1 1 1 0 1 0 0 1 0 0 1 0 
1 0 0 1 0 1 0 1 0 0 1 0 1 1 0 1 1 0 1 0 1 0 1 1 0 0 1 0 0 1 0 0 0 0 0 0 0 0 1 0 1 1 0 0 0 0 1 1 1 0 1 0 0 0 0 1 0 0 1 0 1 0 0 0 0 1 1 0 1 0 1 1 1 0 0 1 0 1 0 0 1 1 1 1 1 0 0 0 1 1 1 0 0 0 0 0 0 0 1 0 1 1 0 1 1 1 0 0 1 0 1 0 0 1 1 0 0 1 0 1 0 0 0 0 1 1 0 0 1 0 0 0 1 0 1 1 0 0 1 0 0 1 0 1 1 1 0 0 1 1 1 1 1 1 0 0 1 0 1 0 1 0 
1 0 0 0 1 0 0 1 0 0 0 0 1 0 0 0 0 0 1 1 0 0 1 1 1 0 0 1 0 1 1 0 0 1 1 1 1 1 0 0 1 1 1 1 1 0 1 0 1 0 0 0 1 1 0 0 0 0 1 0 1 0 0 0 0 0 0 0 0 0 0 0 1 1 0 0 0 0 1 0 1 1 0 0 1 1 1 0 0 1 1 0 0 0 0 0 1 1 1 0 0 0 0 0 1 0 1 0 1 0 1 1 1 1 0 1 1 1 1 0 0 1 0 1 1 1 1 0 1 1 1 0 0 1 1 1 0 0 0 1 1 1 0 1 0 1 0 0 1 0 0 0 0 1 1 0 1 1 1 0 1 0 
1 0 1 0 0 1 0 1 0 1 0 1 1 1 1 0 0 1 0 0 0 0 0 1 0 0 1 1 0 1 1 0 0 0 0 0 0 0 0 1 0 0 0 0 1 1 0 0 1 0 0 1 0 1 1 0 1 1 1 1 0 1 0 0 0 0 0 0 0 0 1 0 1 0 1 1 1 1 0 0 0 1 0 1 1 0 0 1 1 0 1 0 1 0 1 1 0 0 1 0 0 0 0 1 1 1 1 0 0 1 0 1 0 1 1 1 0 1 0 0 0 0 1 0 1 0 0 0 1 1 1 1 0 0 0 1 1 1 0 1 0 1 0 1 0 1 1 0 1 0 0 0 0 1 1 0 0 1 1 1 1 0 
1 0 1 1 1 0 0 1 0 1 1 0 1 0 1 1 1 1 0 1 1 0 0 0 0 0 0 1 0 0 1 0 0 0 0 0 0 1 1 0 0 0 1 1 1 0 0 1 0 0 1 0 1 1 1 1 1 0 0 0 0 1 0 0 0 1 1 0 1 0 0 1 1 0 0 0 0 0 0 0 0 0 1 0 0 0 0 1 0 0 0 0 1 0 1 0 0 0 1 0 1 1 0 0 0 0 1 0 0 0 0 1 1 1 0 1 1 1 0 1 0 1 0 0 1 0 1 0 1 1 1 1 1 1 0 1 1 0 1 1 1 1 0 0 1 0 0 0 0 1 1 1 1 1 1 0 0 1 1 1 0 0 
1 1 0 0 0 0 1 1 0 0 1 1 1 0 0 1 1 0 1 0 0 0 1 0 0 1 0 1 1 0 1 1 1 0 0 0 0 0 1 1 1 1 0 0 1 1 1 1 0 0 0 1 0 1 0 0 0 1 0 1 1 0 0 1 1 0 1 0 0 0 0 0 1 0 1 0 1 0 0 1 1 0 0 0 0 0 0 0 0 1 0 0 0 0 0 1 0 0 1 1 0 0 0 0 0 0 1 0 1 1 1 1 0 1 0 1 0 1 0 0 0 0 1 0 1 1 0 1 1 1 1 0 0 0 1 1 0 1 1 1 0 1 0 0 1 0 1 1 0 1 1 1 1 1 1 0 1 1 1 0 0 1 
1 1 0 1 0 0 1 1 1 0 0 0 1 0 0 0 0 0 0 0 1 1 0 1 0 1 0 1 1 1 1 1 1 0 0 0 0 0 0 0 0 0 0 0 1 0 0 0 1 1 1 0 0 1 0 1 0 0 1 0 0 0 1 1 1 1 0 1 1 1 0 1 1 0 0 0 0 0 0 1 0 1 1 0 1 0 0 0 0 0 1 1 0 1 0 0 0 0 1 1 1 1 1 0 1 0 1 1 0 0 0 1 0 1 0 1 0 1 0 1 1 0 0 0 1 0 0 1 1 1 1 0 1 0 0 1 0 0 0 1 0 1 1 1 0 1 0 1 1 0 0 0 0 1 1 1 0 1 1 0 1 1 
1 1 1 1 1 1 1 1 1 1 1 1 1 1 1 1 1 1 1 1 1 1 1 1 1 1 1 1 1 1 1 1 1 1 1 1 1 1 1 1 1 1 1 1 1 1 1 1 1 1 1 1 1 1 1 1 1 1 1 1 1 1 1 1 1 1 1 1 1 1 1 1 1 1 1 1 1 1 1 1 1 1 1 1 1 1 1 1 1 1 1 1 1 1 1 1 1 1 1 1 1 1 1 1 1 1 1 1 1 1 1 1 1 1 1 1 1 1 1 1 1 1 1 1 1 1 1 1 1 1 1 1 1 1 1 1 1 1 1 1 1 1 1 1 1 1 1 1 1 1 1 1 1 1 1 1 1 1 1 1 1 1 
0 0 0 0 0 0 0 0 0 0 0 0 0 0 0 0 0 0 0 0 0 0 0 0 0 0 0 0 0 0 0 0 0 0 0 0 0 0 0 0 0 0 0 0 0 0 0 0 0 0 0 0 0 0 0 0 0 0 0 0 0 0 0 0 0 0 0 0 0 0 0 0 0 0 0 0 0 0 0 0 0 0 0 0 0 0 0 0 0 0 0 0 0 0 0 0 0 0 0 0 0 0 0 0 0 0 0 0 0 0 0 0 0 0 0 0 0 0 0 0 0 0 0 0 0 0 0 0 0 0 0 0 0 0 0 0 0 0 0 0 0 0 0 0 0 0 0 0 0 0 0 0 0 0 0 0 0 0 0 0 0 0 
0 1 0 0 0 0 1 0 1 0 1 0 1 0 1 1 1 0 1 0 0 1 0 1 1 1 1 1 0 0 0 0 1 0 0 0 1 1 0 1 0 1 0 1 1 0 1 0 0 0 0 0 1 1 0 0 1 1 1 0 1 1 0 1 0 1 1 1 1 0 1 0 0 0 0 1 1 1 1 1 0 1 1 0 1 1 0 1 0 0 1 0 1 0 1 0 0 0 0 0 0 1 0 1 1 1 0 1 0 0 0 1 1 1 0 1 0 1 0 0 0 0 1 0 0 0 1 0 1 0 0 1 1 0 0 0 0 1 0 0 0 0 0 1 0 0 0 1 1 0 0 1 1 0 1 1 1 0 1 0 1 1 
0 0 1 0 1 0 1 1 1 1 0 1 1 1 0 1 0 1 1 1 0 0 1 1 0 1 1 0 1 1 0 1 0 1 1 1 1 0 0 0 1 0 0 0 1 1 0 1 1 0 1 1 0 0 1 1 1 1 0 1 1 0 1 0 0 1 1 1 1 0 0 0 0 1 0 0 0 0 0 0 1 0 1 0 1 0 1 0 1 0 0 1 0 0 0 1 1 0 0 1 0 0 1 0 0 1 1 0 0 0 1 0 1 0 0 0 1 0 1 0 1 0 0 1 1 1 0 1 1 1 1 0 1 1 1 1 1 1 0 1 1 1 0 1 1 0 0 1 1 0 1 0 0 1 0 0 0 0 0 0 0 0 
1 1 0 1 0 1 0 1 0 0 1 1 0 1 1 1 0 1 0 0 1 1 1 1 0 0 0 1 0 0 1 0 1 1 1 1 1 0 1 0 1 0 1 1 0 1 0 0 1 1 1 0 1 1 0 0 0 0 0 1 0 1 0 1 1 1 0 0 0 1 0 0 1 0 1 0 1 0 1 0 1 1 0 1 1 0 1 0 1 0 0 0 0 1 1 1 0 1 0 1 0 0 1 0 0 0 0 0 1 1 0 0 0 0 0 0 0 0 1 1 0 1 1 1 1 1 1 0 0 0 0 1 0 0 1 1 1 0 1 1 0 1 1 0 1 1 0 0 1 0 0 0 0 1 0 1 0 1 0 1 0 1 
0 1 0 1 1 0 1 0 0 0 0 0 0 1 0 0 1 0 0 0 0 1 0 0 1 1 0 0 1 0 1 0 1 0 0 0 0 0 1 1 1 0 1 0 0 1 0 0 0 1 1 0 1 1 0 0 1 1 1 0 0 0 1 1 1 0 0 0 0 1 1 1 1 1 1 1 0 1 0 0 0 1 1 1 0 1 1 0 0 1 0 0 0 0 1 0 1 1 1 0 0 1 0 1 1 1 0 1 0 1 1 1 0 1 1 1 1 1 1 0 1 1 0 0 1 1 1 1 0 0 1 0 0 0 0 1 0 1 1 1 0 0 0 0 0 0 1 1 0 1 1 1 1 0 1 1 1 0 1 1 1 0 
1 0 0 1 1 1 0 1 0 1 0 1 0 0 0 0 0 0 1 1 1 0 1 0 0 0 0 1 1 1 0 1 0 1 0 1 0 1 1 1 0 1 0 1 0 0 1 1 0 1 0 1 0 1 1 1 0 1 0 0 0 0 0 0 1 0 0 1 0 0 1 1 0 1 1 1 0 0 1 1 0 0 1 1 0 1 0 1 1 1 1 1 1 1 0 0 1 1 0 0 1 0 0 0 0 0 1 1 1 1 1 0 0 0 0 0 1 1 0 1 1 0 1 0 1 0 1 0 0 1 0 0 1 0 1 0 1 0 1 1 1 0 0 1 1 1 1 0 0 1 0 0 1 0 1 0 0 1 1 0 1 0 
1 0 1 1 0 0 1 0 1 1 1 0 1 0 1 0 1 0 0 1 0 0 0 1 1 1 0 0 1 1 1 1 0 0 0 0 1 1 0 0 1 1 0 1 1 1 1 0 0 0 0 1 0 0 1 1 0 0 1 0 0 1 1 0 0 1 0 0 1 0 1 1 0 1 0 0 1 1 1 0 0 0 0 0 0 0 1 1 1 0 0 1 1 0 0 1 0 0 1 0 1 1 0 1 1 1 1 0 1 1 0 1 1 1 1 0 0 0 0 1 1 1 0 1 0 1 0 1 0 1 1 0 0 1 0 1 1 1 0 0 0 1 1 0 0 0 0 0 1 1 0 0 0 1 1 0 0 0 1 1 0 1 
1 0 0 1 1 1 0 0 0 0 1 0 0 1 1 1 0 1 1 1 1 0 0 0 0 1 1 0 0 1 1 1 1 1 0 0 0 0 1 1 0 0 1 0 1 0 1 1 1 1 1 0 0 0 0 0 1 1 0 1 1 0 0 0 1 1 1 0 0 1 0 0 1 0 0 0 1 1 1 1 1 0 1 1 0 1 1 1 0 1 1 1 1 1 0 1 1 1 1 1 0 0 1 1 0 0 0 1 1 1 1 1 1 0 1 1 0 1 1 1 1 0 0 0 1 0 1 1 1 1 1 0 1 0 0 1 0 1 0 1 0 0 0 1 1 0 0 0 1 0 0 1 0 1 0 0 1 0 0 1 1 0 
