101 103 2^103 4
0 1 1 0 0 1 1 1 0 1 1 0 1 1 1 1 0 1 0 1 0 1 0 1 0 1 0 1 0 1 1 1 0 0 0 1 1 0 1 0 0 1 1 1 0 0 0 0 0 0 0 1 1 1 0 1 0 1 0 0 1 1 0 0 0 1 0 0 0 0 1 1 0 0 1 0 1 0 1 1 0 1 1 0 0 0 1 1 1 1 0 1 1 1 0 1 0 0 0 1 0 1 0
0 0 1 0 1 1 1 1 0 0 1 0 1 0 0 1 0 1 1 0 0 0 0 0 0 1 1 1 1 1 1 0 1 0 1 1 0 0 0 0 0 0 1 0 1 1 0 0 0 1 0 1 0 1 1 1 0 0 1 1 1 1 0 1 1 1 0 1 1 1 0 1 1 0 0 1 0 1 0 1 1 1 0 1 0 1 1 0 0 1 0 0 0 0 0 0 0 1 1 0 1 0 1
1 0 1 0 0 0 1 0 1 1 1 1 0 0 0 0 1 1 0 1 0 0 1 1 0 0 0 0 0 1 1 1 1 1 1 0 1 0 1 1 0 0 0 0 1 0 0 0 0 1 1 0 0 0 1 0 1 1 1 1 1 0 0 0 1 1 0 1 1 1 1 0 1 1 0 0 0 0 1 0 1 1 1 1 0 1 1 0 1 0 0 1 1 1 0 1 0 0 0 0 1 1 0
0 1 1 0 0 0 1 1 1 0 1 1 0 0 1 1 1 1 1 1 1 0 1 0 1 0 1 1 0 1 0 0 0 1 1 1 1 0 0 0 0 1 0 1 0 0 1 0 1 1 1 0 0 0 0 1 0 1 1 1 1 0 1 0 1 0 1 1 0 0 0 0 0 0 0 1 1 1 0 1 1 0 0 0 0 0 1 1 1 1 1 1 0 1 1 0 1 0 1 0 0 0 0
1 1 0 0 1 1 1 0 1 1 0 1 1 1 1 1 0 1 1 0 1 0 1 0 1 1 0 0 1 1 1 0 0 0 1 1 0 1 0 0 1 1 1 0 0 0 0 1 0 1 1 0 1 0 1 0 1 0 0 1 1 0 0 0 1 0 0 0 1 1 1 0 0 1 1 0 1 1 1 1 0 0 1 0 0 0 1 0 0 0 1 1 0 0 0 1 0 0 1 1 1 0 0
0 1 0 1 1 1 1 0 1 1 1 1 0 1 0 1 1 0 1 0 0 1 0 1 1 1 1 0 0 0 1 0 0 1 0 1 1 0 0 0 0 1 0 1 1 0 1 1 1 0 0 0 1 1 1 0 0 0 1 0 0 0 0 0 1 0 0 1 1 0 1 1 0 1 1 0 0 0 0 1 1 0 0 1 0 1 0 1 0 1 1 1 0 1 0 0 0 1 0 1 1 1 1
1 1 1 1 0 0 1 0 1 0 0 0 1 0 0 1 1 1 1 1 0 0 0 0 0 1 0 1 0 0 1 0 0 0 0 0 1 0 1 1 1 1 0 1 0 1 0 0 1 1 0 0 1 0 0 0 1 0 0 0 0 1 1 0 1 0 1 1 1 0 1 0 1 1 1 1 0 1 1 1 1 1 1 0 0 1 0 1 0 0 0 0 0 1 1 0 1 0 1 1 1 0 0
0 1 1 0 1 0 0 1 0 1 0 0 0 0 0 1 1 0 1 1 0 1 0 1 0 0 1 0 0 0 0 0 0 0 0 1 1 1 1 0 0 1 0 0 1 1 1 0 0 1 1 1 0 1 1 1 1 0 1 0 1 0 1 1 0 0 0 0 1 1 1 1 1 1 0 0 1 0 1 0 1 1 1 0 1 0 0 1 0 0 0 1 0 0 0 1 1 0 1 0 0 0 1
0 0 0 0 1 1 0 1 0 0 1 1 0 0 0 0 0 0 1 0 1 1 1 0 1 0 1 0 1 1 0 0 1 0 0 0 1 0 0 0 1 0 0 1 1 0 0 1 1 1 0 0 1 1 0 1 1 1 0 0 1 1 0 0 1 1 0 1 1 0 1 0 1 1 1 1 1 1 0 0 0 1 1 1 0 1 1 1 0 0 0 1 0 1 1 1 1 0 1 0 0 1 1
1 0 0 0 0 1 1 0 1 0 1 1 1 0 0 0 0 1 1 1 1 1 1 1 0 1 0 0 0 1 0 0 0 1 0 0 0 1 0 0 0 1 0 0 1 1 0 0 1 1 0 1 1 1 1 0 1 1 1 0 0 1 1 1 1 0 0 0 0 0 0 1 1 1 1 1 1 1 0 0 1 0 0 0 0 0 1 0 0 1 1 0 1 0 1 1 0 1 0 1 0 1 0
1 1 1 1 1 0 0 0 0 1 1 0 0 1 1 1 0 0 0 0 1 0 1 1 0 1 0 0 1 0 0 1 0 0 0 0 1 0 1 0 1 0 0 0 1 1 0 0 1 1 0 1 0 1 0 1 1 1 1 1 1 1 1 0 1 0 0 1 0 0 0 0 0 0 1 1 1 1 0 1 1 0 0 0 0 1 0 1 1 0 0 1 1 0 0 0 1 0 0 1 1 0 1
1 1 1 1 1 1 0 0 1 0 0 1 0 0 1 1 1 0 0 0 0 1 0 1 1 1 1 1 0 1 1 1 1 0 0 0 0 0 0 1 0 1 0 0 0 1 1 0 0 1 0 1 1 0 1 0 1 1 0 1 1 1 1 0 1 1 1 0 1 1 0 0 1 0 0 0 1 1 0 0 0 0 1 1 0 0 0 1 1 1 1 0 0 0 0 0 0 0 0 0 0 1 1
1 0 1 1 1 1 1 1 0 1 1 0 0 1 0 0 1 1 0 0 0 0 0 1 1 0 1 1 0 1 1 0 0 1 0 0 0 0 0 0 0 0 1 1 0 0 0 1 1 0 1 0 1 1 0 0 1 0 1 1 0 1 1 1 0 0 1 0 1 1 0 1 0 0 1 0 1 1 0 1 1 0 1 1 1 1 0 0 1 0 0 1 0 0 1 1 0 0 1 0 0 0 0
1 0 0 1 0 1 1 1 0 0 1 1 0 1 0 0 0 1 1 1 0 0 0 0 1 0 1 0 1 1 0 1 0 1 0 1 1 0 0 0 0 0 0 1 0 1 1 0 0 0 1 0 1 0 1 1 1 0 0 1 1 1 1 1 1 1 0 0 1 0 1 0 0 1 0 0 0 0 1 0 0 1 0 0 0 1 0 1 1 1 0 0 1 0 0 0 1 1 0 1 1 0 1
0 1 0 0 1 0 1 1 1 0 0 1 0 0 1 0 1 0 1 1 1 0 0 0 0 1 0 1 0 0 1 0 1 0 0 0 1 0 0 0 1 0 0 0 1 0 1 1 0 0 1 0 1 0 0 1 1 1 1 0 1 1 1 0 1 1 1 0 0 1 0 1 1 0 1 0 0 0 0 1 0 1 0 1 1 1 0 1 0 0 1 1 1 0 0 1 0 1 0 1 1 0 0
0 0 1 0 0 1 0 1 1 1 0 0 1 1 0 1 0 0 1 1 1 1 0 0 0 0 1 1 1 0 1 1 0 1 1 0 0 0 0 0 0 0 0 0 0 0 0 1 1 0 0 1 0 1 0 0 1 1 0 1 0 1 1 1 1 1 1 1 0 1 1 0 0 1 0 0 1 1 1 0 0 0 0 1 0 0 0 1 0 0 1 1 0 1 0 1 1 1 1 1 1 1 0
0 0 0 0 1 0 1 1 1 1 0 0 0 0 1 1 1 0 0 0 1 1 1 1 0 0 0 1 0 0 0 1 0 1 1 1 1 1 0 0 0 0 1 0 0 0 0 1 0 1 0 0 1 0 1 1 0 0 1 0 0 1 0 1 1 0 1 1 1 0 0 1 0 1 0 0 0 1 1 1 0 1 1 1 0 1 1 0 0 0 0 0 1 0 1 0 1 0 0 1 1 1 1
0 1 0 0 0 1 0 0 1 1 1 0 0 0 0 1 0 0 1 0 0 1 1 1 0 0 0 0 1 0 1 1 1 0 1 1 0 1 1 0 0 0 0 1 0 0 0 0 1 0 1 0 1 1 0 1 1 0 0 1 0 0 1 1 1 1 1 1 1 1 0 1 1 0 1 1 0 0 0 1 0 0 1 0 1 1 1 1 1 1 1 0 1 0 0 1 1 1 1 1 0 0 0
0 1 0 1 0 0 0 1 0 1 1 1 1 0 0 0 1 0 0 0 1 0 0 1 1 0 0 0 0 0 0 0 1 1 0 1 0 0 0 1 1 0 0 0 0 1 0 0 0 0 0 1 0 1 1 0 0 1 0 1 1 0 0 1 1 1 1 0 1 1 1 1 0 1 1 1 0 1 1 1 1 1 1 0 1 0 1 1 0 1 1 1 1 0 1 0 0 0 1 1 0 0 0
1 0 1 0 1 0 0 0 1 0 1 1 1 1 0 0 0 1 1 0 0 1 0 0 1 1 0 0 0 0 1 1 0 1 1 0 1 1 0 0 1 0 0 0 0 0 1 0 0 1 1 1 0 0 1 1 0 0 0 0 1 1 1 0 0 1 1 1 0 1 1 1 0 0 1 0 1 1 0 1 1 0 1 0 1 1 1 0 0 0 0 0 1 1 0 0 1 1 1 0 0 1 1
0 1 0 1 0 1 0 0 0 1 1 1 1 1 1 0 0 1 0 1 0 0 1 0 1 1 1 0 0 0 0 1 1 0 1 1 0 0 1 0 0 1 0 0 0 0 0 1 0 0 0 0 1 0 0 1 1 0 1 0 0 1 1 0 1 0 1 1 1 1 1 1 1 0 0 1 1 0 1 0 1 1 0 1 1 0 1 0 0 0 1 1 0 0 1 0 1 1 0 0 1 1 1
1 1 0 1 0 1 0 1 1 0 0 1 1 1 1 1 0 0 1 1 0 1 0 0 1 1 1 1 0 0 0 1 0 1 0 1 1 0 1 0 1 0 1 1 0 0 0 0 0 1 0 0 0 1 0 0 0 1 0 1 1 0 0 1 0 0 0 1 1 1 0 1 1 1 1 0 0 1 0 0 0 0 0 1 1 1 1 0 1 0 1 0 1 0 1 1 1 0 0 0 0 0 1
0 1 1 0 1 0 1 0 0 1 1 0 1 1 1 1 1 0 0 1 1 0 1 0 0 0 1 1 1 0 0 0 1 0 1 0 1 1 0 1 0 0 0 1 1 0 0 0 0 0 0 0 1 1 1 1 0 0 0 0 1 1 0 1 1 0 1 0 1 1 1 0 1 1 1 0 0 1 0 0 1 0 0 0 1 1 0 0 1 1 1 0 1 1 0 0 1 1 0 0 0 1 0
0 0 1 1 0 1 0 1 0 0 0 1 0 1 1 1 1 0 0 0 1 1 0 1 1 0 0 1 1 1 0 0 0 1 1 1 0 0 1 0 1 1 0 0 1 1 0 0 0 0 1 0 0 0 1 1 0 0 1 0 0 1 1 0 1 1 0 1 0 1 1 1 1 1 0 1 0 0 0 0 0 0 1 0 0 1 0 0 1 0 1 0 1 1 1 1 0 0 1 0 1 1 0
1 0 0 1 1 0 1 0 0 0 0 0 1 0 1 1 1 1 0 0 0 1 1 0 0 1 0 1 1 1 0 0 0 0 0 1 1 1 0 1 0 0 1 0 0 0 1 0 0 0 0 0 0 1 0 1 1 0 1 1 1 0 1 0 1 1 0 0 1 1 1 1 0 1 1 1 1 0 0 0 0 0 0 1 1 0 1 1 1 0 0 1 0 1 1 0 1 1 1 1 0 1 0
1 1 0 0 1 1 0 1 1 0 1 0 0 1 0 1 1 1 0 0 0 0 1 1 0 0 1 0 1 1 1 0 0 0 1 0 1 1 1 0 1 1 0 1 0 0 1 1 0 0 0 1 0 0 1 0 1 1 0 1 1 0 0 1 0 1 1 0 0 0 1 1 1 0 1 1 0 0 0 0 1 1 0 1 0 0 0 0 1 0 1 0 1 0 1 0 1 0 1 1 1 1 0
1 1 1 1 1 0 0 1 0 1 0 0 0 1 0 0 0 1 1 1 1 0 0 0 1 0 1 0 1 0 1 1 0 0 0 0 0 1 0 1 1 0 1 0 1 0 1 0 0 1 0 0 0 0 0 0 0 1 1 0 0 0 1 0 1 1 0 1 1 0 0 1 1 1 1 0 1 0 1 1 1 1 0 1 0 0 1 1 1 1 1 0 1 0 1 1 0 1 1 0 0 1 0
0 1 1 1 1 1 0 0 1 0 1 0 0 0 1 0 1 1 1 1 1 1 0 0 1 1 0 0 0 1 0 1 1 0 0 0 0 1 1 0 1 1 0 1 0 1 0 1 0 0 1 0 0 1 0 0 0 0 1 1 0 0 0 1 0 1 0 0 1 1 0 0 0 1 1 1 1 1 1 1 0 1 1 1 0 0 0 0 0 1 0 0 1 1 0 0 1 1 0 0 1 1 0
1 0 1 1 1 1 1 0 0 1 0 1 0 1 0 1 0 0 1 1 1 1 1 0 0 1 1 1 0 0 0 1 1 1 0 0 0 0 1 1 0 1 1 0 1 0 1 0 1 0 1 0 0 0 1 0 0 0 0 1 1 0 0 1 0 0 1 0 0 1 1 0 1 0 1 1 1 0 0 1 0 1 0 0 0 1 1 1 0 0 0 1 1 0 1 0 0 0 1 1 1 1 0
1 1 0 1 1 1 1 1 1 0 1 0 1 0 0 0 0 1 1 1 1 1 1 1 0 0 1 0 1 0 1 1 1 1 0 0 0 1 0 1 1 1 1 1 0 1 0 1 0 1 0 1 0 0 0 1 0 0 1 0 1 1 0 0 1 0 1 1 0 1 1 1 0 1 0 1 0 0 0 0 0 0 1 0 1 1 0 1 1 0 0 1 0 0 0 0 0 0 0 0 0 1 0
0 1 1 1 1 0 1 1 0 0 0 1 0 1 0 1 0 1 0 1 0 1 1 1 1 0 0 0 1 1 1 1 0 0 1 1 1 0 0 0 1 1 1 0 1 1 1 0 1 0 0 0 1 0 0 0 0 0 0 0 0 1 0 1 0 0 1 0 0 1 0 0 1 1 0 1 0 1 0 0 1 0 1 1 1 0 1 1 0 1 0 1 1 0 0 1 1 1 0 0 1 0 0
1 0 1 1 1 1 0 1 1 0 1 0 1 0 1 1 0 0 0 0 1 0 1 1 1 1 0 0 0 1 0 0 1 0 1 1 1 0 0 0 0 0 1 1 0 1 1 1 0 1 1 1 0 1 0 0 0 0 0 0 0 0 1 1 0 0 1 1 0 1 1 0 1 1 1 0 1 0 1 0 1 1 0 0 0 1 1 1 1 0 1 0 0 0 0 1 0 1 0 1 1 0 0
1 0 0 1 0 1 1 1 1 1 0 0 1 1 0 1 1 1 0 0 1 0 0 1 1 1 1 1 0 0 0 0 1 0 1 0 0 1 0 0 0 0 0 1 0 1 1 0 1 1 0 0 0 0 0 1 1 0 0 0 1 0 0 0 0 1 0 0 0 1 0 0 1 0 0 1 0 0 1 1 1 0 1 0 0 1 1 1 0 1 1 1 1 1 1 1 1 1 0 0 0 1 1
1 1 0 0 1 0 1 1 1 1 1 0 0 1 1 0 0 0 0 0 0 1 0 0 1 1 1 1 1 0 0 1 0 1 0 1 0 1 1 0 0 0 0 0 1 0 1 1 0 1 1 1 1 1 0 0 1 1 0 0 0 1 0 0 1 0 1 0 0 1 1 0 1 1 0 1 0 0 0 1 0 1 1 0 0 0 1 0 1 1 0 0 0 1 1 1 0 1 1 0 1 0 0
1 1 1 0 0 1 0 1 0 1 1 1 0 0 1 1 1 1 1 0 0 0 1 0 0 1 1 1 1 1 0 1 1 0 0 0 1 1 1 1 0 0 0 0 0 1 0 1 1 0 1 0 0 0 1 0 0 1 0 0 0 0 1 0 0 1 1 1 0 0 1 1 0 1 1 0 0 1 0 0 1 0 1 0 1 0 1 1 0 1 0 1 0 0 1 1 0 1 0 0 1 0 1
0 1 1 1 0 0 1 0 1 0 1 1 1 0 0 1 0 0 0 1 0 0 0 1 1 0 1 1 1 1 0 0 1 1 1 0 0 1 1 1 1 0 0 0 0 0 1 0 1 1 1 1 1 1 0 1 0 0 0 0 0 0 0 0 0 0 0 1 1 0 0 1 0 0 1 0 0 1 0 0 0 1 1 1 0 0 1 1 1 0 1 1 0 0 0 0 1 1 1 1 1 1 0
0 0 1 1 1 0 0 1 1 1 1 1 1 1 0 0 1 1 1 0 1 0 0 0 0 1 0 1 1 1 1 0 0 1 0 1 0 0 1 1 1 0 0 0 0 0 0 1 0 1 0 1 0 0 1 0 1 0 1 0 0 0 0 1 0 0 1 0 1 0 0 0 1 0 0 1 1 0 0 0 0 0 0 0 1 0 1 1 1 1 0 1 1 1 0 1 1 0 0 1 1 1 1
1 0 0 1 1 1 0 0 1 1 1 1 1 1 1 0 1 0 0 1 0 1 0 0 0 0 1 1 1 1 1 0 0 0 1 0 1 0 0 1 1 1 0 0 0 0 0 0 1 0 1 1 1 1 0 1 0 1 1 1 0 0 0 0 0 0 0 1 0 1 0 0 1 1 0 1 1 0 1 0 1 1 1 0 1 1 0 1 0 1 0 0 1 0 1 0 0 1 1 1 0 0 1
0 0 1 1 0 0 1 1 1 0 1 0 0 1 1 1 1 1 1 0 1 0 1 0 0 0 1 0 1 0 1 1 1 0 0 0 1 0 0 1 0 1 1 1 1 0 0 0 0 0 1 1 0 1 1 0 1 0 1 0 0 1 1 0 0 0 0 0 0 1 0 1 0 0 0 1 0 1 1 1 0 1 1 0 0 0 1 0 1 0 1 0 0 0 1 1 1 1 0 1 0 1 1
1 0 0 1 1 0 0 1 0 1 1 1 1 0 1 1 1 0 1 1 0 1 0 1 0 0 0 0 0 1 1 1 1 1 0 0 0 1 0 0 1 0 1 1 1 1 0 0 0 0 0 0 1 1 1 1 0 1 0 1 0 0 1 0 0 0 1 0 0 0 1 0 1 0 0 1 1 0 1 1 1 0 0 1 0 0 1 0 1 0 1 1 0 1 0 0 1 1 1 0 1 0 1
1 1 0 0 1 1 0 0 0 0 1 1 1 1 0 1 1 1 0 0 1 0 1 0 1 0 0 1 0 0 0 1 1 1 0 0 0 0 1 0 0 0 0 1 1 1 1 0 0 0 0 1 1 0 1 1 1 0 1 0 1 0 0 1 0 0 0 1 0 0 0 1 1 1 0 0 1 1 1 1 0 0 1 1 1 0 0 1 1 0 0 0 0 1 1 1 0 1 1 1 1 0 0
0 1 1 0 0 1 1 0 1 0 0 1 1 1 1 0 1 1 0 0 1 1 0 1 0 1 0 0 1 0 1 1 1 1 1 0 0 1 0 1 1 1 0 0 1 1 1 1 0 0 1 0 0 1 0 1 1 1 0 1 0 1 0 1 0 0 0 0 1 0 0 0 0 1 1 0 0 0 0 1 1 1 0 0 1 1 1 1 1 0 0 0 0 0 1 1 1 0 1 0 1 0 1
0 0 1 1 0 0 1 1 1 1 1 0 1 1 1 1 1 1 1 0 0 1 1 0 1 0 1 0 0 1 0 1 1 1 1 1 0 1 1 0 1 0 1 0 0 1 1 1 1 0 0 0 1 1 1 0 1 1 1 0 1 0 1 0 1 0 0 0 0 0 0 0 1 0 1 0 0 1 1 0 0 1 0 0 1 1 0 1 0 0 0 0 1 0 0 0 0 0 1 0 0 1 0
1 0 0 0 1 1 0 0 0 1 0 0 1 0 1 1 1 1 1 1 1 0 0 1 1 0 1 1 0 0 1 1 0 1 1 1 1 0 0 1 1 1 0 0 1 0 0 1 1 1 0 0 0 1 0 1 1 1 1 0 1 0 1 1 0 1 0 1 0 0 1 0 0 0 1 1 0 1 0 0 0 1 1 0 1 0 1 0 1 1 1 0 0 0 0 0 0 1 0 0 1 0 0
1 1 0 0 0 1 1 0 0 0 1 0 0 1 0 1 1 0 1 1 1 1 0 0 0 1 0 0 1 0 0 0 1 0 1 1 1 0 0 0 1 0 1 0 0 1 0 0 1 1 1 0 0 0 1 0 1 1 1 1 0 1 0 0 0 0 1 0 0 0 0 1 0 0 0 0 1 0 1 0 1 1 1 1 1 1 1 1 1 1 1 0 0 1 0 0 0 0 1 0 1 1 0
1 0 1 1 0 0 0 1 1 1 1 1 1 0 0 1 1 1 0 1 1 1 1 1 1 1 0 0 1 0 0 1 0 0 0 1 1 1 0 0 0 1 1 0 1 0 0 1 0 0 1 1 0 0 0 0 1 0 0 1 1 1 0 0 0 1 0 1 1 0 0 0 1 0 0 0 0 1 0 0 0 1 0 1 1 1 0 0 0 1 1 1 0 1 1 0 0 1 1 1 0 0 0
0 1 0 1 1 0 0 0 0 1 0 1 1 1 0 0 0 1 1 0 1 1 1 1 0 1 1 1 0 1 1 0 1 0 1 0 1 1 1 0 0 0 1 1 0 1 0 0 1 0 1 1 0 0 0 0 0 1 1 1 1 1 1 1 1 0 0 0 1 0 0 0 0 1 0 0 0 0 0 0 0 1 1 0 0 0 0 0 1 0 1 1 1 1 1 0 0 1 1 0 1 0 1
0 0 1 0 1 1 0 0 0 0 0 0 1 1 1 0 1 1 1 1 0 1 1 1 0 0 1 0 1 0 0 0 0 1 0 1 0 1 1 1 0 0 0 1 1 0 1 0 0 1 0 1 1 0 0 0 0 0 1 1 0 1 1 0 0 1 1 0 0 1 0 0 0 0 1 0 0 1 1 0 1 1 1 1 0 1 1 1 0 0 1 1 1 1 1 0 0 0 0 1 1 0 1
0 0 0 1 0 1 1 0 1 0 1 0 0 1 1 1 0 0 1 1 1 0 1 1 1 0 0 1 0 1 1 0 0 0 0 0 1 1 1 1 1 0 0 0 1 1 0 1 0 0 0 1 1 0 0 0 0 0 0 1 1 0 1 1 1 0 0 1 0 1 1 0 0 0 1 0 0 0 0 1 1 1 0 1 1 0 1 1 0 1 0 0 0 1 1 1 0 0 1 0 0 1 1
0 0 0 0 1 0 1 1 1 1 1 1 0 0 1 1 0 1 1 1 1 0 0 1 1 1 0 1 1 0 0 1 0 0 1 0 0 1 1 1 1 0 0 0 0 1 1 0 1 0 1 0 1 1 0 0 0 0 1 0 1 1 0 1 0 1 1 0 1 0 1 1 0 0 0 1 1 0 1 0 1 0 0 1 0 1 0 0 1 0 1 0 1 0 1 1 0 0 0 1 0 0 1
1 0 0 0 0 1 0 1 0 1 0 1 1 0 0 1 1 0 0 1 1 1 1 0 1 1 1 0 1 1 1 0 1 0 0 1 0 1 1 1 1 1 0 1 0 0 1 1 0 1 0 0 1 1 1 0 0 0 0 1 0 1 1 1 1 0 0 1 0 1 0 1 0 0 0 0 1 0 0 1 1 1 1 0 0 1 0 0 1 0 0 1 1 1 0 1 1 1 0 0 0 0 0
0 1 0 0 0 0 1 0 0 0 0 0 1 1 0 0 1 0 1 0 1 1 1 1 1 1 1 0 0 1 0 1 0 1 0 0 1 0 1 1 1 1 1 0 0 0 0 1 1 0 0 1 0 1 1 1 0 0 0 0 1 0 1 0 1 1 1 0 1 1 0 0 1 0 0 0 1 0 1 0 1 0 0 1 0 1 1 0 1 1 0 0 0 0 1 1 1 1 1 1 1 0 0
0 0 1 0 0 0 0 1 0 0 1 0 0 1 1 0 1 1 0 1 0 1 1 1 1 1 1 1 0 0 1 0 1 0 0 0 0 1 0 1 1 1 1 1 0 0 0 0 1 1 1 0 0 1 1 1 1 0 0 0 0 1 0 1 1 1 0 1 0 0 1 0 1 1 0 0 1 0 0 1 0 0 0 1 1 0 1 0 0 0 1 0 1 0 0 0 0 0 1 1 1 0 1
0 0 0 1 0 0 0 0 1 0 1 1 0 0 1 1 0 1 0 0 1 0 1 1 0 1 1 1 1 0 1 1 0 1 1 0 0 0 1 0 1 1 1 1 1 0 0 0 0 1 0 0 1 0 1 1 1 1 0 0 0 0 1 1 0 1 1 0 1 1 0 1 0 1 1 0 1 0 1 0 1 1 0 0 0 1 0 1 0 1 0 1 0 1 0 0 0 1 1 0 0 0 0
0 0 0 0 1 0 0 0 1 1 0 1 1 0 0 1 0 1 1 0 0 1 0 1 1 0 1 0 1 1 0 0 1 0 0 1 0 0 0 1 0 1 1 1 1 1 0 0 0 0 1 1 0 0 0 1 1 1 1 1 0 0 0 0 1 0 1 1 0 0 1 0 0 0 1 0 1 1 1 1 1 1 0 0 1 0 0 0 1 1 0 0 1 0 1 1 1 0 0 0 1 1 0
0 0 0 0 0 1 0 0 1 1 0 0 1 1 0 0 1 0 1 1 0 0 1 0 1 1 0 1 1 1 0 1 0 1 1 0 1 1 0 0 1 1 1 1 1 1 1 0 0 0 1 0 0 1 0 0 1 1 0 0 0 0 0 1 1 1 1 1 1 1 1 1 1 0 0 1 0 1 0 1 1 1 1 0 0 0 0 1 1 0 0 1 0 0 0 0 0 0 0 1 0 1 1
1 0 0 0 0 0 1 0 1 0 0 0 0 1 1 0 1 0 1 1 1 0 0 1 1 1 1 1 1 1 1 1 1 0 0 1 0 0 1 0 0 0 1 1 1 1 1 1 0 0 0 1 1 0 1 0 0 1 1 0 0 0 0 0 0 1 0 1 1 0 1 0 0 1 0 1 1 1 0 0 1 0 1 0 1 1 1 0 0 0 1 1 1 0 0 1 1 0 1 1 0 0 0
1 1 0 0 0 0 0 1 0 1 1 0 0 0 1 1 0 1 0 1 1 1 0 0 1 1 1 0 1 1 1 0 0 1 1 0 1 0 0 1 0 1 0 1 1 1 1 1 1 0 0 1 0 0 0 1 0 0 1 1 0 0 0 0 1 0 1 0 1 1 0 1 1 0 1 0 0 1 1 0 0 0 0 0 0 0 1 0 0 0 0 0 1 1 0 1 0 0 1 1 0 0 1
0 1 1 0 0 0 0 0 0 0 1 1 0 0 0 1 1 1 0 0 1 1 1 0 0 1 1 1 0 1 1 0 0 1 0 1 0 0 0 0 1 0 1 0 1 1 1 1 1 1 0 0 1 1 0 0 1 0 1 1 1 0 0 0 0 1 1 1 0 1 1 1 0 1 0 0 0 0 1 1 1 1 1 0 1 0 0 0 1 0 1 0 1 0 1 0 1 1 0 1 0 1 1
0 0 1 1 0 0 0 0 0 0 0 1 1 0 0 0 1 0 1 0 0 1 1 1 1 0 1 1 1 0 1 1 0 0 1 0 1 1 0 0 0 0 0 1 0 1 1 1 1 1 0 0 1 0 1 0 0 1 1 1 1 1 0 0 0 0 0 1 1 1 1 1 1 0 1 1 1 0 1 1 0 1 0 0 1 0 1 0 1 1 0 0 0 1 1 1 0 0 0 1 1 0 0
1 0 0 1 1 0 0 0 0 0 1 0 1 1 0 0 1 0 1 1 0 0 1 1 0 1 0 1 1 1 1 1 1 0 1 1 0 0 1 0 0 1 0 0 1 0 1 1 1 1 1 0 0 1 0 1 0 0 0 1 1 1 1 0 0 0 1 0 1 0 1 1 0 1 0 0 0 1 1 1 0 0 0 0 0 0 0 1 0 1 1 0 1 0 1 1 1 0 1 0 0 1 0
0 1 0 0 1 1 0 0 1 0 0 1 0 1 1 0 0 1 0 1 1 0 0 1 0 0 1 1 1 1 0 1 1 1 0 1 1 1 0 1 0 0 1 0 0 1 0 1 1 1 1 0 0 1 1 0 1 0 0 0 0 1 1 0 0 0 0 1 0 1 0 1 1 0 1 1 0 0 1 1 1 0 0 1 0 0 0 0 0 1 0 1 1 1 0 0 1 0 1 1 0 0 0
1 0 1 0 1 0 0 1 0 0 0 0 0 0 1 0 1 0 1 1 0 0 1 0 1 1 1 0 1 0 1 0 1 1 1 1 0 0 1 1 1 1 0 0 0 1 0 0 1 0 1 1 1 0 0 0 1 1 0 0 1 1 0 1 1 0 0 0 0 1 0 1 0 1 1 0 0 0 1 1 0 0 0 1 1 1 1 0 1 1 0 1 0 1 1 0 1 1 0 1 0 1 1
0 1 0 1 0 1 0 0 0 0 1 0 0 0 0 1 1 0 0 1 1 0 0 1 0 1 1 0 0 1 1 1 0 1 1 1 1 1 1 1 0 0 1 0 0 0 1 0 0 1 1 1 1 0 0 0 0 1 1 0 0 1 0 1 1 1 0 0 0 0 1 0 1 0 1 1 0 1 1 1 0 0 0 0 1 1 0 0 0 0 0 1 0 0 1 1 1 1 1 0 1 1 1
1 1 0 1 0 1 0 1 1 0 0 0 1 0 0 0 1 1 0 0 0 1 1 0 1 0 0 1 1 0 1 1 1 1 1 1 1 0 1 1 0 0 1 0 1 0 0 0 1 0 1 1 1 1 1 0 0 0 1 0 1 0 0 0 1 1 1 0 0 0 0 0 0 1 1 1 1 0 0 1 1 1 0 1 0 0 0 1 0 0 1 0 0 1 0 1 1 0 0 0 0 0 1
1 1 1 0 1 0 1 0 1 1 0 0 0 1 0 0 0 0 1 0 0 0 1 1 1 1 0 1 1 1 0 1 1 1 0 1 1 0 0 1 1 1 0 1 0 1 0 0 0 1 0 0 1 1 1 1 0 0 1 1 0 1 0 1 0 1 1 1 0 0 0 0 1 0 1 0 0 0 1 0 0 1 0 0 1 0 0 0 0 0 1 1 0 1 1 1 0 1 1 0 0 1 1
0 1 1 1 0 1 0 1 0 1 0 0 0 0 1 0 0 1 1 1 0 1 0 1 0 1 1 0 1 1 0 0 1 1 1 0 1 1 0 0 1 0 1 0 1 0 1 0 0 0 0 1 1 1 1 1 1 0 0 1 1 0 1 0 0 0 1 1 1 0 0 0 0 1 0 1 1 0 0 1 1 0 1 0 1 1 0 0 0 1 1 0 0 1 1 1 0 0 0 1 1 1 0
1 0 1 1 1 0 1 0 0 0 0 0 0 0 0 1 0 0 0 1 1 0 0 0 0 0 1 0 0 1 1 1 0 1 1 1 0 1 1 0 0 1 0 1 0 1 1 1 0 0 1 0 0 1 1 1 1 1 0 0 1 1 0 0 1 0 1 1 1 0 0 0 0 0 1 1 1 0 0 0 1 1 1 1 1 0 1 1 0 0 1 0 1 1 1 1 0 1 0 1 0 0 1
1 1 0 1 1 1 0 1 1 0 1 0 0 0 0 0 0 0 1 0 1 1 0 0 1 0 0 1 0 0 1 0 1 0 1 1 1 1 1 1 0 1 1 0 1 0 1 0 1 0 0 0 1 1 1 1 1 1 0 0 0 1 1 1 0 1 0 1 1 1 0 0 0 0 0 0 0 1 1 0 1 0 0 0 1 0 1 0 1 0 0 1 1 1 1 0 0 0 0 1 1 1 0
0 1 1 0 1 1 1 0 0 1 1 1 0 0 0 0 1 0 0 1 0 1 1 0 1 1 0 1 1 0 0 0 0 1 0 1 1 1 1 1 1 0 1 1 0 1 0 1 0 1 0 1 0 0 1 1 1 1 0 0 0 0 1 0 0 0 0 0 1 1 1 0 0 0 0 1 0 1 1 1 0 0 0 1 0 1 0 1 0 0 1 0 1 0 1 1 0 1 0 0 0 0 0
1 0 1 1 0 1 1 1 1 0 0 1 1 0 0 0 0 0 0 0 1 0 1 1 0 1 1 0 1 1 0 1 0 0 0 1 1 1 1 1 1 0 0 1 1 0 1 1 1 0 0 0 0 1 0 1 1 1 1 0 0 0 0 1 1 0 1 0 0 1 1 1 0 0 0 0 1 1 1 1 0 0 1 1 1 0 0 0 0 1 1 0 1 1 0 0 0 0 1 0 1 0 1
0 1 0 1 1 0 1 1 0 1 0 0 1 1 0 0 0 1 0 0 0 1 0 1 0 0 1 0 0 1 0 1 1 0 1 0 1 0 1 1 1 1 0 0 1 1 0 1 0 1 1 0 1 0 1 1 0 1 1 1 0 0 0 1 0 1 0 1 0 1 1 1 0 0 0 0 1 1 0 1 0 0 0 0 0 1 1 1 0 0 1 0 0 1 1 0 1 1 0 1 0 0 0
0 0 1 0 1 1 0 1 1 0 1 0 0 1 1 0 0 0 0 0 0 0 1 0 0 0 0 1 0 0 1 1 1 1 0 1 0 1 0 1 1 1 1 0 0 1 1 0 1 0 0 0 0 0 0 1 0 1 1 1 1 0 0 0 1 0 0 0 1 0 1 1 1 0 0 0 1 1 1 0 1 1 1 0 0 1 0 0 0 1 1 1 0 1 1 1 1 1 0 1 1 0 0
0 0 0 1 0 1 1 0 0 1 0 1 0 0 1 1 0 0 1 0 0 0 0 1 1 0 0 1 1 0 1 0 1 1 0 0 1 1 1 0 1 1 1 1 0 0 1 1 0 1 1 1 0 1 0 0 1 0 1 1 1 1 0 0 1 1 1 0 0 0 0 1 1 1 0 0 1 1 0 0 1 0 0 0 1 0 1 1 0 0 0 0 1 1 1 0 1 1 0 0 1 0 0
0 0 0 0 1 0 1 1 1 0 1 0 1 0 0 1 0 0 0 1 0 0 0 0 1 1 0 0 1 1 0 0 0 1 1 0 0 1 1 1 0 1 1 1 1 0 0 1 1 0 0 0 0 0 1 0 0 1 1 1 1 1 1 0 0 1 0 1 0 1 0 0 1 1 1 0 1 0 1 1 0 0 1 0 1 0 0 1 1 1 1 1 0 0 1 0 1 0 0 0 1 0 1
0 0 0 0 0 1 0 1 1 1 0 1 0 1 0 0 1 0 0 0 1 0 0 0 0 1 1 0 0 1 0 1 0 0 1 1 0 1 1 1 1 1 1 1 1 1 0 0 1 1 1 1 1 0 0 1 0 0 1 1 1 1 1 0 0 0 1 0 1 0 1 0 1 1 1 0 0 1 0 1 1 0 0 1 1 0 1 1 1 0 0 0 0 1 0 0 0 1 0 1 0 1 0
0 0 0 0 0 0 1 0 1 1 1 0 1 0 1 0 1 1 0 0 0 1 0 0 1 0 1 0 0 0 1 1 1 0 1 1 1 0 1 1 1 0 1 1 1 1 1 0 0 1 0 0 0 0 0 0 1 0 0 1 1 1 1 1 0 0 1 1 0 0 0 1 0 1 1 1 1 0 0 0 0 0 1 1 0 0 0 0 0 1 0 1 1 0 1 1 0 1 1 1 1 1 1
1 0 0 0 0 0 0 1 0 1 0 1 0 1 0 1 0 1 0 0 0 0 1 0 0 1 0 1 0 0 1 0 1 1 0 1 1 1 0 1 1 1 0 1 1 1 1 1 0 0 1 1 1 1 0 0 0 1 1 0 1 1 1 1 0 0 0 1 1 1 0 0 0 0 1 1 1 0 1 0 0 0 1 1 0 1 1 1 0 1 1 0 0 0 0 0 1 0 1 0 1 1 0
1 1 0 0 0 0 0 0 1 0 1 0 1 0 1 0 0 1 0 0 0 0 0 1 0 0 1 1 1 0 0 0 0 1 0 0 1 0 1 0 1 1 1 0 1 1 1 1 1 0 1 0 0 0 1 0 0 0 0 1 0 1 1 1 1 0 0 0 1 0 1 0 1 0 0 1 1 1 1 1 0 1 1 1 1 1 1 1 1 0 1 1 1 1 0 1 0 1 0 0 0 1 1
1 1 1 0 0 0 0 0 1 1 1 1 0 1 0 1 1 0 1 0 0 0 0 0 0 0 0 0 1 1 0 1 0 0 1 0 0 0 0 1 0 1 1 1 0 1 1 1 1 1 1 1 1 1 0 1 0 0 0 0 1 0 1 1 1 1 0 0 0 1 0 1 0 1 0 1 1 0 0 1 0 1 0 1 1 1 1 0 0 0 1 1 1 1 1 0 0 0 0 0 1 0 0
1 1 1 1 0 0 0 0 0 1 1 1 1 0 1 0 0 0 1 1 0 0 0 0 0 0 0 1 0 1 0 1 1 0 1 1 0 1 0 0 1 1 1 1 1 0 1 1 1 1 0 1 0 0 1 0 1 0 1 0 0 1 0 1 1 1 0 0 0 1 1 0 0 0 1 0 0 1 0 0 1 0 1 1 0 1 0 1 1 1 0 0 0 1 1 1 1 0 1 1 0 0 1
0 0 1 1 1 1 0 0 0 1 0 0 1 1 1 0 0 0 0 0 1 1 0 0 0 1 0 0 0 1 1 0 0 1 0 0 1 1 1 1 0 1 0 1 1 1 1 0 1 1 1 0 1 0 1 0 1 0 0 0 1 0 0 0 1 1 1 1 0 0 0 1 0 1 0 1 0 1 1 0 0 1 0 1 1 1 0 0 1 1 1 1 0 0 0 1 1 0 1 0 0 0 0
1 0 0 1 1 1 1 0 0 0 1 1 0 1 1 1 1 1 1 0 0 1 1 0 0 0 1 0 0 0 0 0 0 0 1 0 0 0 1 1 1 0 1 0 1 1 1 1 0 1 1 1 0 1 0 1 0 1 0 0 0 1 0 1 1 1 1 1 1 0 0 0 1 0 1 0 0 0 1 1 0 0 1 0 1 0 0 0 0 1 0 1 0 1 0 1 1 0 0 1 0 0 0
0 1 0 0 1 1 1 1 0 0 0 1 1 0 1 1 0 0 0 1 0 0 1 1 0 0 0 0 0 0 1 1 0 0 1 1 0 0 0 1 1 0 0 1 0 1 1 1 1 0 1 1 0 1 1 0 1 0 1 0 0 0 1 0 0 1 1 1 1 0 0 0 1 1 0 0 1 1 0 1 0 1 0 0 0 1 1 0 1 1 0 1 1 1 1 0 0 0 1 0 0 1 1
1 0 0 1 0 0 1 1 0 0 0 1 0 1 1 0 1 0 0 1 0 1 0 0 0 0 0 0 1 0 0 0 1 1 0 0 1 1 1 0 0 1 1 0 0 1 0 1 1 1 0 1 1 0 0 1 1 0 1 0 1 0 0 1 0 1 1 1 1 1 1 0 0 0 1 0 1 1 0 1 1 1 0 0 0 0 0 0 1 1 1 1 1 0 0 1 0 1 1 0 1 1 1
1 1 0 0 0 0 1 1 0 1 1 1 1 1 0 0 0 0 0 1 1 0 1 1 1 0 1 1 0 0 1 0 0 0 0 0 0 1 1 0 0 1 1 0 0 1 1 0 0 1 1 0 0 1 1 1 0 1 1 1 0 0 1 0 0 1 1 0 0 1 0 0 0 1 1 1 0 1 0 0 0 1 0 1 1 1 0 0 0 1 0 0 0 1 0 1 1 0 0 1 1 1 1
1 1 1 0 0 0 0 1 0 0 0 1 0 1 1 0 0 0 1 0 1 1 0 1 0 1 0 0 0 0 1 0 1 1 1 0 0 0 1 1 1 0 1 1 0 0 1 1 0 0 1 0 1 1 1 1 1 0 1 1 1 0 0 1 1 0 0 1 0 0 1 0 1 0 1 1 0 1 1 0 1 0 1 1 0 0 0 1 0 1 0 1 0 0 1 0 0 1 0 0 0 1 0
0 1 0 1 1 1 1 1 0 0 0 1 1 0 1 0 1 1 0 0 0 0 0 0 1 1 0 1 1 0 0 1 0 0 1 0 0 1 0 0 0 1 0 1 1 0 0 0 1 1 0 1 1 1 1 0 0 1 1 1 1 0 1 1 1 0 1 1 0 0 1 0 0 0 0 0 0 0 1 0 0 1 1 1 1 1 1 0 1 0 0 1 1 0 0 1 1 1 1 1 0 1 0
0 0 0 1 0 0 1 0 1 1 0 0 0 1 1 0 0 1 0 1 1 1 1 0 0 0 0 0 1 1 1 0 1 0 0 1 0 0 0 0 0 1 0 0 0 0 1 0 1 1 0 1 0 1 1 0 0 1 0 0 1 0 1 1 1 1 1 1 1 0 1 1 1 0 1 1 0 1 1 1 0 0 1 1 1 1 0 1 1 0 0 0 0 1 1 0 0 1 0 0 1 0 1
1 1 1 0 1 1 1 1 1 1 0 1 0 1 1 0 1 0 0 1 1 1 1 1 0 0 0 1 0 1 0 0 1 1 1 0 0 0 1 0 1 0 1 1 1 0 1 0 1 0 0 1 0 0 0 0 1 0 0 1 0 1 1 0 1 1 0 1 1 0 1 1 0 0 1 1 1 0 1 0 0 1 0 0 1 0 1 0 0 1 0 0 0 0 0 0 1 1 0 0 0 0 1
1 1 1 1 0 1 1 1 0 1 1 0 1 0 1 0 0 0 1 0 1 1 1 1 0 0 0 1 1 0 0 0 0 1 1 1 0 0 0 1 0 1 0 1 1 1 0 1 0 1 1 0 1 0 0 0 0 1 0 0 1 0 1 0 0 1 0 0 1 0 0 1 1 0 0 0 1 0 0 1 1 0 1 1 1 0 0 0 0 0 0 0 1 0 0 0 1 1 1 1 1 1 1
0 0 1 0 1 1 1 1 1 1 0 1 1 0 1 0 0 0 0 1 0 0 1 0 1 1 1 0 0 0 1 1 0 0 0 0 1 0 0 0 0 0 1 0 1 1 0 1 1 1 1 1 1 0 1 1 0 0 0 1 0 0 0 1 1 1 0 0 1 0 0 1 0 0 1 1 1 0 1 0 1 0 1 0 1 0 0 1 1 0 1 0 1 1 1 0 1 0 1 0 1 1 0
1 1 1 0 0 1 1 0 0 1 0 0 1 0 1 1 0 1 1 0 1 1 0 0 1 0 0 0 1 1 1 1 1 1 0 0 1 0 1 0 1 0 0 1 0 0 1 0 1 1 1 1 0 0 1 1 0 1 1 0 0 1 1 1 0 0 0 0 1 1 1 0 1 1 0 1 0 0 0 1 1 1 0 1 1 0 0 0 0 1 1 1 0 0 1 0 1 0 0 1 0 1 0
0 1 0 1 0 0 1 1 0 0 0 0 0 1 0 1 0 0 1 0 0 1 1 0 1 1 0 1 0 1 1 1 1 1 1 0 0 1 0 1 0 0 0 0 1 0 0 1 0 1 1 1 0 0 0 1 1 0 0 1 0 0 1 1 0 0 0 0 0 0 1 1 1 1 1 1 1 1 1 0 1 1 1 1 1 1 0 0 1 1 1 1 1 1 0 1 0 0 0 1 0 0 1
0 0 0 1 1 1 1 1 1 1 0 0 1 0 0 1 1 1 1 1 0 0 1 1 0 1 0 0 0 0 0 1 1 1 0 1 0 0 0 1 1 1 1 1 0 0 1 1 1 1 1 1 1 1 1 1 0 1 0 1 1 1 0 0 0 0 0 1 1 1 1 0 0 1 0 1 0 1 0 0 1 1 0 1 1 0 0 0 1 1 0 0 1 1 0 1 0 1 1 1 1 1 1
1 0 1 0 1 0 1 0 0 0 1 1 1 1 1 1 0 0 1 0 1 0 0 1 1 1 1 0 0 0 0 0 1 1 1 1 1 1 0 1 0 1 1 0 0 0 0 0 1 0 0 1 1 0 0 0 1 1 1 1 0 0 1 1 0 1 1 1 1 0 1 1 1 1 0 1 0 0 0 1 0 1 1 1 0 0 0 1 0 0 0 0 1 1 0 1 1 0 0 0 0 0 1
0 0 1 1 0 1 0 0 1 1 0 0 0 0 0 0 0 1 1 1 1 0 1 0 1 0 0 1 0 0 0 0 0 0 1 0 1 0 1 1 0 1 1 0 0 1 1 1 0 0 0 1 1 1 1 1 1 1 1 1 0 1 0 0 0 0 1 0 0 0 1 1 1 1 1 0 0 0 0 1 0 0 1 1 0 1 1 0 1 1 1 1 1 0 0 0 1 1 1 0 0 0 1
1 1 1 0 0 1 1 0 0 1 0 1 0 0 1 0 1 1 1 0 0 0 0 1 1 0 0 0 0 1 1 0 0 0 0 1 0 1 1 1 0 0 1 0 1 0 0 1 1 0 0 0 0 0 0 1 0 1 0 0 1 1 0 1 0 0 1 1 0 1 0 1 1 1 0 1 1 1 1 0 0 1 0 0 0 1 0 1 1 0 1 0 0 1 0 0 1 1 1 1 0 1 1
1 0 1 0 1 0 1 0 0 0 0 1 0 0 0 0 0 1 0 0 1 1 0 0 0 0 1 1 0 0 0 1 1 0 1 1 1 1 1 0 1 1 0 1 0 0 0 1 0 0 0 1 1 1 0 0 0 0 0 1 0 0 1 0 1 1 0 0 0 1 0 1 1 1 0 1 0 1 1 1 1 0 0 0 1 1 0 1 1 1 1 1 0 0 0 1 0 0 1 1 1 1 1
1 1 1 1 1 0 0 0 1 0 0 1 1 1 0 1 1 1 0 1 1 0 0 0 1 0 0 0 1 0 1 0 1 1 0 1 1 1 1 0 0 0 1 1 1 1 0 1 1 1 1 0 1 1 0 1 0 1 0 1 0 0 1 1 1 1 1 0 0 0 1 1 1 0 0 0 1 0 0 0 0 0 1 0 0 1 1 0 0 1 0 0 0 0 1 0 0 0 0 1 0 1 1
1 1 1 1 1 0 0 0 1 0 0 0 1 1 1 1 1 0 0 1 0 1 1 0 1 0 1 1 0 1 0 0 0 0 0 1 0 1 0 1 1 0 0 1 1 0 0 1 1 0 1 1 1 0 1 1 1 1 1 1 1 1 0 1 0 1 1 0 1 0 0 1 0 1 0 1 0 0 1 0 1 0 0 0 0 1 1 1 1 1 0 1 1 0 0 1 0 1 0 0 1 1 1
C Elapsed Time 0.000004 
