141 191 2^191 4
0 1 0 0 0 1 0 0 1 1 1 1 0 0 1 0 1 0 0 1 1 0 1 0 0 1 1 1 1 1 0 1 0 1 1 0 0 1 0 1 0 1 1 0 1 0 0 0 0 0 0 1 1 1 0 0 1 0 1 1 1 1 1 0 1 1 1 1 0 1 0 1 1 1 0 1 1 0 0 1 0 0 0 1 0 1 0 0 1 0 0 1 0 0 0 1 1 1 1 1 0 1 1 0 1 1 1 0 1 0 1 1 0 1 0 1 0 0 0 1 0 0 0 0 1 1 0 1 0 0 1 1 0 0 0 0 1 0 1 1 0 1 1 1 0 0 0 1 0 0 1 0 1 1 1 1 0 0 0 0 0 1 0 0 0 0 0 1 1 1 0 0 0 0 1 0 1 1 1 1 1 0 0 1 0 0 1 0 1 1 1
1 0 0 1 0 1 1 0 0 1 1 0 0 1 0 0 0 1 1 0 0 1 0 1 0 1 1 1 0 0 1 0 0 0 0 1 0 0 0 1 1 1 1 1 1 1 1 0 0 0 1 0 1 1 1 1 0 0 0 1 0 1 0 0 1 1 1 1 1 1 0 1 0 1 1 0 1 0 1 1 1 1 0 0 1 1 1 1 0 1 1 0 0 1 0 0 0 1 1 0 0 0 0 0 1 0 1 0 0 0 0 1 0 0 1 0 1 0 1 0 1 0 0 0 0 1 1 1 1 1 0 0 1 1 0 0 1 1 1 0 0 0 1 0 1 0 1 1 1 1 1 0 1 0 1 0 0 0 1 0 0 1 0 0 1 0 1 1 0 0 1 1 0 1 1 1 0 1 1 1 0 0 1 1 0 1 0 1 1 0 1
0 0 0 0 0 0 1 0 0 0 1 0 1 1 0 1 1 0 1 0 1 1 1 0 0 1 0 1 1 0 0 1 1 1 0 1 1 1 1 0 1 0 1 0 1 0 1 0 1 1 1 0 1 1 1 0 1 1 0 1 1 0 1 1 0 1 0 1 0 1 0 1 1 0 1 1 0 0 0 1 1 0 0 1 0 1 0 0 0 0 1 0 1 1 0 0 1 1 1 1 1 1 0 1 0 1 1 1 1 1 0 0 0 0 0 0 0 0 1 1 0 0 0 0 0 0 0 1 1 0 1 0 1 0 0 1 0 1 0 0 0 1 1 1 1 0 0 1 1 0 0 0 1 1 0 1 1 0 1 0 1 0 1 1 1 0 0 0 0 1 0 1 1 1 1 1 0 0 0 0 0 1 1 1 0 0 1 0 1 0 0
1 0 1 0 1 1 1 1 1 1 1 1 1 1 1 1 1 1 1 1 1 1 1 1 1 1 1 1 1 1 1 1 1 1 1 1 1 1 1 1 1 1 1 1 1 1 1 1 1 1 1 1 0 0 1 1 1 1 1 1 1 1 1 1 1 1 1 1 1 1 1 1 1 1 1 1 1 1 1 1 1 1 1 1 1 1 1 1 1 0 1 1 1 1 1 1 1 1 1 1 1 1 1 1 1 1 1 1 1 1 1 1 1 1 1 1 1 1 1 1 1 1 1 1 1 1 1 1 1 1 1 1 1 1 0 1 1 1 1 1 1 1 1 1 1 1 1 1 0 1 1 1 1 0 1 1 1 1 1 1 1 1 1 1 1 1 1 1 1 1 1 1 1 1 1 1 1 1 1 0 0 1 1 1 1 1 1 1 1 1 1
1 1 0 0 1 0 1 1 1 1 1 0 0 1 0 0 1 0 1 1 1 1 1 1 0 1 0 1 0 1 1 0 1 1 1 0 1 0 0 0 1 0 1 0 1 1 1 0 0 0 0 1 1 0 1 0 0 1 1 1 1 1 0 1 0 1 1 0 1 1 0 1 0 0 0 0 0 0 0 0 0 1 0 0 0 1 0 0 1 1 0 1 0 0 0 1 0 0 1 0 1 1 1 1 0 1 1 1 0 0 1 1 0 0 0 1 1 1 0 0 1 1 1 1 0 0 0 0 1 0 1 0 1 1 0 0 1 1 0 0 1 0 0 1 0 0 1 0 1 1 0 0 1 0 0 1 0 1 1 0 0 0 0 0 0 1 0 1 0 1 1 0 1 0 0 0 0 1 0 1 1 1 0 0 0 1 1 1 0 0 0
0 1 0 1 1 0 1 0 0 1 0 1 1 1 1 1 0 1 0 1 0 0 1 0 0 0 1 1 0 1 0 0 0 1 1 1 1 0 0 1 1 1 1 1 0 1 1 0 1 0 1 1 1 0 0 1 1 1 0 0 0 1 1 0 0 1 0 1 1 0 1 0 1 1 0 1 0 0 0 1 0 1 0 0 1 0 1 1 0 0 1 1 0 0 0 1 0 0 1 1 1 1 1 0 0 0 0 0 1 0 0 1 0 0 1 1 1 0 1 0 0 1 0 1 1 1 0 0 0 0 1 1 1 0 0 1 0 0 1 0 0 0 0 1 0 1 1 1 0 1 0 0 1 0 1 1 0 1 0 0 1 0 0 0 1 0 0 0 1 1 1 1 0 1 0 1 0 1 1 0 0 0 1 0 1 0 1 1 0 0 0
0 1 0 1 0 0 0 1 1 0 0 1 0 0 1 0 1 0 1 0 1 1 0 1 1 1 0 0 1 0 1 1 0 0 1 0 0 0 1 1 1 1 0 1 1 1 1 1 0 0 0 1 0 0 1 1 0 1 0 0 1 1 0 0 0 0 1 0 1 1 1 0 1 0 0 0 1 0 0 1 0 0 1 0 1 1 1 0 1 0 0 1 0 1 1 1 0 0 1 0 1 1 0 0 1 0 1 1 0 1 0 1 0 1 1 1 0 0 1 1 0 0 1 0 0 1 1 1 0 1 1 1 1 0 1 0 0 0 1 1 0 1 1 0 0 0 1 1 1 0 1 0 1 0 0 1 1 0 0 0 1 0 1 1 1 1 0 1 0 0 1 0 0 0 1 1 0 0 0 0 0 1 1 0 1 0 1 0 1 0 1
0 0 1 1 0 1 0 0 0 0 1 0 1 0 0 0 1 0 0 0 1 0 1 1 1 0 0 0 1 1 1 0 0 1 0 1 0 0 0 1 1 0 1 1 0 1 0 0 0 0 1 0 0 1 1 0 0 1 0 0 1 0 0 1 1 1 0 0 0 0 1 1 1 0 1 1 0 0 1 1 1 0 0 1 1 1 0 1 1 1 1 0 1 1 1 1 0 0 0 0 1 0 1 1 1 1 1 0 1 0 1 0 0 1 0 0 1 1 1 0 0 1 0 0 0 1 1 1 0 0 1 1 1 0 1 0 1 1 0 0 0 0 0 1 0 1 0 0 0 1 0 1 0 1 0 1 1 1 0 0 1 0 0 0 1 1 1 1 1 1 1 0 0 1 1 0 1 1 0 1 1 0 1 0 0 1 0 0 0 0 1
0 0 1 0 0 0 1 1 1 0 0 1 0 0 1 1 1 1 1 0 1 1 1 0 1 1 1 0 0 0 0 1 0 0 0 0 1 1 1 1 0 0 0 0 1 1 0 0 1 1 0 0 1 0 0 0 0 1 1 1 0 1 0 0 0 1 1 0 1 0 0 0 0 0 0 0 0 0 0 0 1 0 1 0 1 0 1 0 0 1 1 1 1 0 1 0 1 0 0 0 0 1 0 0 0 1 1 1 1 0 1 0 1 0 1 1 1 0 1 0 0 1 1 0 1 1 1 1 1 0 0 1 0 0 1 1 1 1 0 0 0 1 0 1 1 1 0 0 1 0 0 0 0 0 0 1 0 1 0 0 0 1 0 0 1 1 1 1 1 1 0 1 1 1 1 1 0 1 1 0 1 0 0 1 0 0 1 1 1 0 1
1 0 1 1 1 0 0 0 0 0 0 0 0 0 1 0 0 0 0 0 1 0 0 1 0 0 0 1 1 1 1 1 1 1 1 1 0 1 0 0 0 1 0 0 0 1 1 1 1 1 0 0 0 1 0 0 0 0 1 0 0 1 0 1 0 1 0 1 1 1 0 0 1 0 1 1 1 0 0 1 0 1 1 1 1 1 1 1 0 1 1 1 0 1 0 0 0 0 1 1 0 0 1 0 0 1 1 0 1 0 0 1 1 0 0 0 0 0 0 1 1 1 1 0 1 0 1 1 0 1 1 0 1 0 0 1 1 1 0 1 1 1 0 1 0 1 0 1 1 1 0 1 1 0 0 0 0 0 0 0 0 1 0 1 1 0 1 1 1 0 0 0 1 1 0 1 0 1 1 0 1 1 0 0 1 0 0 0 1 0 0
0 1 0 1 0 0 0 0 0 0 0 0 0 0 1 0 1 1 1 1 0 0 0 0 1 1 1 1 1 1 0 0 1 0 0 0 1 0 0 0 0 0 1 1 0 0 0 1 1 0 1 0 0 1 0 0 0 1 0 1 1 1 1 0 1 0 1 1 1 0 1 1 1 0 1 0 0 1 0 1 0 1 1 0 1 1 1 1 1 1 0 0 0 0 0 1 0 0 1 1 0 0 0 0 0 1 0 1 0 1 1 0 0 0 1 0 0 1 0 1 0 1 0 1 0 0 0 1 0 0 0 0 1 1 1 1 0 1 0 1 1 0 1 1 0 0 0 0 1 0 1 0 0 1 1 0 1 1 1 1 1 1 0 1 1 1 1 0 1 1 0 0 0 1 0 1 0 1 0 1 0 1 1 1 0 0 1 1 1 0 1
0 1 0 0 0 1 0 0 0 0 1 0 0 1 0 1 0 0 0 0 1 1 0 1 1 1 0 0 0 0 0 0 0 1 1 0 0 1 1 1 0 1 0 0 1 0 0 1 0 0 0 1 1 1 0 0 1 1 0 1 1 1 0 1 1 1 0 1 1 0 0 0 1 1 0 0 1 1 1 1 1 1 1 0 0 0 0 1 0 1 0 0 0 0 1 0 1 0 1 1 1 1 1 1 1 0 1 0 0 1 0 0 0 1 0 1 0 1 0 0 1 0 1 1 0 0 1 1 0 0 0 0 0 0 1 1 1 0 1 1 1 0 0 1 1 1 0 1 0 1 0 0 0 0 1 1 1 1 1 1 1 1 0 1 0 1 1 0 1 0 1 1 1 1 0 1 0 0 1 0 1 1 0 1 0 1 0 1 1 0 0
1 1 1 1 1 0 0 1 0 0 1 1 1 1 1 1 1 0 0 1 0 0 0 1 1 0 1 1 1 0 0 1 1 0 0 0 1 1 1 1 1 0 1 1 1 0 1 1 0 0 0 0 0 1 1 0 1 0 1 0 0 0 0 0 0 0 0 1 0 1 1 1 1 1 1 0 0 0 1 0 1 1 0 0 0 0 0 0 0 1 1 0 0 0 1 0 0 1 1 1 0 0 1 1 1 1 0 0 0 0 0 0 0 1 0 1 1 0 1 0 0 1 1 1 1 1 1 0 1 0 0 1 0 1 0 1 0 1 0 1 0 1 1 0 1 0 0 0 1 0 0 0 1 0 1 1 0 1 1 0 1 0 0 0 0 1 0 0 1 1 1 0 1 0 0 1 0 1 1 0 1 1 0 0 1 0 0 0 1 0 1
0 0 0 1 0 1 1 1 1 1 0 1 1 0 1 0 1 1 0 1 0 0 0 0 0 0 1 0 0 0 0 1 0 1 0 1 1 1 0 1 1 1 0 0 1 1 1 1 0 0 1 1 0 1 0 0 0 1 0 1 1 0 0 1 0 1 1 0 0 0 1 1 1 0 1 0 1 0 1 1 1 0 0 0 0 1 0 1 1 1 1 0 0 0 1 0 0 0 0 1 1 0 1 0 0 1 0 1 1 1 1 1 1 1 0 0 0 1 0 0 1 1 0 1 0 0 0 0 0 1 0 1 0 0 1 0 0 0 1 0 1 0 0 0 1 0 0 1 1 1 0 0 1 0 1 1 0 0 0 0 0 1 1 0 0 1 0 0 0 0 0 0 1 0 0 0 0 1 1 0 1 1 1 1 1 0 0 0 1 1 0
1 0 1 1 1 1 0 1 1 1 0 0 0 1 1 1 1 1 1 1 1 1 1 1 1 0 1 0 0 0 0 0 0 1 0 0 1 1 1 0 0 0 1 1 0 0 1 0 1 0 1 0 1 1 1 0 0 0 0 0 1 0 0 1 1 1 0 0 0 0 1 0 0 0 0 0 1 1 1 0 0 1 1 0 1 0 0 0 0 1 1 1 0 1 0 1 1 1 1 0 1 1 0 0 1 0 1 0 0 0 0 1 1 0 0 0 0 0 0 0 0 0 0 1 1 1 0 0 1 1 1 0 1 0 0 1 1 0 1 1 1 1 1 0 1 0 0 1 0 1 1 0 1 1 1 1 1 0 0 1 1 0 1 0 1 1 0 1 0 0 0 0 0 1 1 0 1 1 0 1 0 1 0 1 1 0 1 1 0 0 1
1 1 1 1 1 0 0 0 1 0 1 0 1 0 0 0 0 1 0 1 1 0 0 0 1 0 0 1 0 0 0 1 0 1 0 0 1 0 0 1 0 1 0 0 0 1 0 1 1 1 0 1 1 1 1 0 1 1 0 0 1 1 0 0 0 0 1 1 1 1 0 1 0 1 1 0 1 1 0 1 1 0 0 0 0 1 0 0 0 0 1 1 1 0 0 0 1 0 0 0 0 0 0 0 0 1 1 1 1 0 1 0 1 1 0 0 0 1 1 1 1 1 0 1 1 0 1 1 1 0 0 1 1 1 1 0 0 0 1 0 1 1 1 1 0 0 0 0 0 1 0 1 1 1 1 1 1 0 0 1 0 0 1 1 1 1 0 0 0 0 1 1 0 1 0 1 0 0 0 1 0 0 0 0 1 1 1 1 1 0 0
0 1 1 0 1 0 0 0 0 1 1 1 1 0 1 1 0 0 1 1 0 1 0 0 0 0 1 1 0 1 0 1 1 0 0 0 0 1 0 0 1 1 1 0 0 0 0 0 0 1 0 0 0 1 1 1 1 1 1 0 0 1 0 1 0 0 1 1 1 0 1 1 0 1 0 0 0 0 1 0 1 1 1 0 0 0 1 0 1 0 1 0 1 1 0 1 1 0 1 0 1 1 0 0 1 1 0 1 1 1 1 1 0 0 0 1 1 0 0 0 1 0 0 1 0 1 0 1 0 1 1 1 0 0 1 1 1 0 0 1 1 1 1 1 0 1 1 0 1 0 0 1 0 1 1 1 0 0 1 0 0 0 0 1 0 1 1 1 0 0 1 0 0 1 1 0 0 0 0 0 1 0 1 1 0 0 0 1 0 1 0
0 0 0 0 0 1 0 1 1 1 1 0 1 1 0 0 1 0 0 1 0 1 0 1 0 0 0 1 0 1 1 0 1 0 1 0 0 0 1 0 0 1 1 1 0 0 0 0 1 1 0 1 0 0 1 1 0 1 0 1 1 1 1 1 0 1 0 1 1 0 0 0 1 0 1 1 0 0 1 0 1 1 1 1 1 0 1 1 0 1 0 0 0 0 0 1 1 1 0 0 0 1 1 0 0 1 0 1 1 0 1 1 1 1 0 0 0 0 0 1 0 1 1 0 1 1 1 0 1 0 0 0 0 1 1 0 1 0 1 1 0 0 1 0 0 0 1 0 0 0 1 0 1 0 1 1 0 0 1 0 1 0 1 0 0 1 0 0 1 1 0 0 1 1 1 1 0 1 0 0 0 1 1 1 1 1 0 0 1 0 0
1 0 0 0 0 0 1 1 1 0 1 1 0 0 1 0 0 1 1 1 1 1 0 1 1 0 1 0 0 0 0 0 0 1 1 1 0 0 1 0 0 0 0 0 0 0 1 0 1 0 1 0 1 0 0 1 1 1 1 1 0 1 0 0 1 1 0 1 1 1 1 1 0 0 1 0 0 0 0 1 0 0 0 1 1 0 0 0 1 0 1 0 0 1 0 0 1 1 0 1 0 1 1 1 1 0 0 1 1 0 1 1 0 1 1 1 0 0 0 0 0 1 0 0 0 0 0 1 0 1 0 1 1 1 0 0 0 1 0 1 1 1 0 1 1 1 1 1 0 1 1 1 1 1 1 1 0 1 0 0 0 0 1 1 1 1 1 0 1 0 1 0 0 1 0 1 1 0 0 0 1 1 0 1 0 1 0 0 1 1 1
1 1 0 0 1 1 0 1 0 1 0 1 0 1 0 1 1 1 0 0 0 0 0 1 0 0 1 0 0 0 0 1 0 1 1 0 0 1 1 1 1 0 1 0 0 1 0 0 1 1 0 0 0 1 0 1 1 1 1 0 0 1 0 0 1 0 1 0 0 0 0 1 1 0 1 1 0 0 0 0 0 1 0 0 0 1 1 0 1 0 0 1 0 1 0 1 0 1 1 1 1 0 0 0 0 0 1 0 1 1 0 0 1 1 1 1 0 0 1 1 1 1 0 0 0 0 0 0 1 1 1 0 1 1 1 0 1 0 1 0 0 0 1 0 1 1 0 0 0 0 0 1 0 1 1 0 0 1 0 1 1 1 1 1 1 1 0 1 0 1 0 0 1 1 1 1 0 0 0 1 1 1 0 1 0 1 0 0 0 1 1
0 1 0 1 0 0 1 1 0 1 0 1 0 0 0 1 0 0 1 1 1 0 1 0 0 0 1 0 1 0 1 1 0 0 1 1 0 1 0 1 1 0 1 0 0 1 0 1 1 0 1 1 1 1 0 0 1 1 0 1 0 1 0 0 0 0 0 1 0 0 0 1 0 1 0 0 1 1 1 0 0 0 1 1 1 1 1 1 1 0 0 0 1 0 1 1 1 1 0 1 0 0 1 0 1 1 0 0 1 0 0 0 1 1 0 0 0 1 0 1 1 1 1 1 0 0 1 0 1 1 0 0 1 1 0 0 0 1 0 0 0 1 1 0 0 1 1 1 0 0 1 0 1 0 0 1 0 1 1 0 1 0 0 0 1 1 1 1 0 0 1 1 1 0 1 0 0 1 0 0 1 1 1 1 0 0 0 1 0 0 0
1 0 0 0 1 1 1 1 0 0 1 0 0 1 0 1 0 0 1 0 0 0 0 1 0 0 1 0 0 1 0 1 1 1 1 0 1 1 0 1 1 0 1 1 1 1 0 0 1 0 0 0 0 0 1 1 0 1 0 0 1 0 0 1 1 0 1 1 1 0 1 1 0 0 0 1 1 0 1 1 0 1 1 1 0 0 0 0 1 1 0 1 0 1 0 1 1 0 0 1 0 0 0 1 1 1 0 0 1 0 0 1 1 0 0 1 0 1 0 0 1 1 0 1 0 1 1 1 0 1 0 1 0 1 0 1 0 1 1 0 0 1 0 0 0 0 1 0 1 0 1 0 1 1 1 1 0 1 1 1 0 1 1 0 1 1 1 1 1 1 0 1 1 1 0 0 0 0 1 1 0 0 0 0 1 0 1 0 1 0 1
0 1 1 1 0 1 1 1 0 1 0 0 0 0 1 0 1 0 1 0 1 0 0 0 0 0 1 0 1 1 1 1 0 1 0 0 1 1 1 0 0 0 1 0 1 0 0 0 0 1 0 1 1 0 0 0 1 0 0 1 1 0 1 1 0 0 1 1 1 0 1 0 1 1 1 0 1 1 0 0 1 1 0 1 1 0 0 0 1 1 1 1 0 0 1 1 0 0 1 0 0 1 0 1 0 0 0 0 1 1 0 1 0 1 0 0 1 1 1 0 0 1 0 1 0 0 1 1 1 1 0 1 1 0 0 1 1 0 0 0 0 0 1 0 1 0 1 1 0 1 0 1 1 1 0 1 1 1 0 1 1 1 0 0 0 0 1 0 0 0 0 0 0 1 1 1 0 0 1 0 1 0 0 0 1 1 0 0 0 1 1
0 0 0 0 0 1 1 0 1 1 0 1 1 0 0 1 1 0 1 0 1 0 0 0 1 1 0 0 0 1 0 1 1 1 1 0 1 0 1 0 1 1 0 0 1 1 0 1 1 0 0 0 0 1 1 0 0 0 0 0 0 1 1 1 1 1 0 1 0 1 1 0 0 1 0 1 0 0 1 0 0 0 1 1 1 0 0 0 0 0 1 1 0 1 0 1 0 0 1 0 0 0 1 1 0 0 0 1 0 0 1 0 1 1 1 0 1 1 1 1 1 1 1 1 1 1 0 0 0 0 1 0 1 1 1 1 0 0 0 1 1 1 0 0 0 0 0 0 0 1 1 0 1 0 0 0 0 0 1 0 0 1 0 0 1 1 1 0 0 0 1 1 0 1 1 1 1 0 1 0 1 0 1 1 0 1 1 0 0 1 1
0 0 1 1 0 0 0 1 1 0 1 0 1 0 0 0 0 1 1 1 1 0 1 0 0 0 1 1 1 1 1 0 0 0 1 1 1 1 1 0 1 1 0 1 0 0 0 0 0 1 0 1 0 1 0 0 1 0 1 0 0 1 1 0 1 1 1 0 0 1 0 0 0 0 0 0 0 0 0 1 0 0 1 1 0 1 0 0 1 0 1 1 1 0 0 1 0 1 0 1 1 1 0 1 1 0 0 0 0 1 0 1 0 0 0 0 1 1 1 1 0 1 1 1 1 0 0 0 1 0 0 1 1 0 1 1 0 1 1 0 1 0 1 0 1 0 0 1 0 0 0 0 0 0 1 0 0 0 1 1 1 1 1 0 0 1 1 0 1 0 0 1 1 1 1 0 1 1 0 1 0 1 1 0 1 1 0 1 1 0 1
0 1 1 1 0 1 0 0 0 0 1 0 1 1 1 0 1 1 1 1 0 1 1 0 0 1 1 1 0 1 0 0 0 0 0 1 0 1 1 0 0 1 0 0 1 1 0 0 1 1 0 0 1 1 1 0 1 1 0 1 0 0 0 1 0 0 0 1 0 0 1 0 0 1 0 1 1 1 1 1 0 1 0 1 0 0 1 0 1 0 0 0 1 1 1 1 0 0 0 1 1 1 0 0 0 0 1 0 0 0 1 1 1 0 1 0 0 1 0 1 0 0 1 0 0 0 1 0 0 1 1 1 0 1 1 0 0 1 0 0 0 1 0 1 1 0 0 0 0 1 1 0 1 0 0 0 1 0 1 0 0 1 1 1 1 1 0 1 1 1 1 0 0 0 0 1 1 1 1 1 1 1 0 0 1 1 0 1 0 0 1
1 0 1 1 0 0 1 1 0 1 1 0 0 0 0 0 0 0 0 1 0 0 1 0 1 1 0 1 0 0 1 0 1 1 1 0 1 1 1 0 1 1 1 0 0 1 0 0 1 0 1 1 1 1 0 0 1 0 0 1 0 0 0 1 1 0 0 0 1 1 1 1 1 0 1 1 0 1 0 0 1 0 1 0 1 0 1 0 0 0 0 0 0 1 1 1 1 0 0 1 1 0 0 0 1 1 1 1 0 1 1 0 1 0 1 1 1 0 1 0 0 0 0 0 0 0 1 0 1 0 1 1 1 0 0 1 1 0 1 1 1 1 0 0 0 1 0 1 0 1 1 0 1 1 0 0 0 1 0 0 0 1 1 1 0 0 1 0 0 1 1 0 1 0 0 0 0 0 1 1 0 0 1 1 1 0 0 1 1 0 1
1 1 1 1 1 0 1 0 1 1 0 1 0 0 0 1 1 0 1 0 1 0 1 0 0 0 0 1 1 0 1 0 0 0 1 0 1 0 1 0 1 0 0 1 1 0 0 0 0 0 0 0 1 0 1 1 0 0 0 0 1 0 1 1 0 0 0 1 0 0 0 1 1 0 0 1 1 0 1 1 0 1 0 1 0 1 0 1 0 1 0 0 1 0 1 0 0 0 0 1 0 0 0 0 0 0 0 0 1 1 1 0 0 0 1 1 0 0 1 0 0 1 1 1 1 1 1 0 0 1 1 1 1 0 1 0 1 1 1 1 1 0 1 1 0 1 1 1 0 0 0 1 1 1 1 0 0 1 1 0 0 1 0 1 1 1 0 0 0 0 1 0 1 0 0 1 1 0 0 1 1 0 0 1 1 1 1 1 1 1 0
0 0 1 1 1 1 0 0 1 1 0 1 1 1 1 0 1 0 0 0 0 1 1 1 0 1 0 1 1 0 1 1 1 1 0 0 0 1 1 1 1 0 0 0 0 0 1 1 1 0 1 1 0 1 0 1 1 1 1 0 0 1 0 1 1 0 1 1 1 1 0 0 0 0 1 0 1 1 1 0 1 0 0 0 0 1 1 0 0 1 1 0 1 0 1 1 1 0 1 1 1 1 0 1 0 0 1 1 1 0 0 1 1 0 1 0 1 1 1 0 0 0 1 1 1 1 0 0 1 0 0 0 0 1 0 0 1 1 1 0 1 1 0 1 0 0 1 1 1 0 1 0 1 0 1 0 0 1 0 1 1 1 0 0 1 0 1 1 1 1 0 0 0 1 0 0 1 0 0 1 0 1 0 0 0 1 0 0 0 1 1
1 1 1 0 0 0 0 1 1 1 1 1 0 0 1 0 1 0 0 1 0 1 0 1 0 0 1 0 1 1 1 0 1 1 0 0 0 1 0 1 0 1 1 1 1 0 0 1 0 0 1 0 1 0 1 1 1 1 0 1 0 0 0 1 1 1 0 0 1 1 0 0 0 0 0 1 0 1 0 0 0 0 1 0 0 0 0 1 1 0 0 1 1 1 1 0 0 1 1 0 0 1 0 0 1 1 0 0 1 1 0 0 1 0 1 0 1 1 1 1 1 1 0 1 0 0 1 0 0 0 0 0 0 0 0 1 1 1 1 0 1 0 1 1 1 0 0 0 0 1 0 1 1 0 1 0 1 0 0 0 1 0 1 1 1 1 1 0 0 1 1 1 0 0 0 1 1 1 1 0 1 0 1 0 0 0 1 0 1 1 0
1 0 1 0 0 1 1 1 0 1 0 0 0 1 0 1 0 0 0 1 0 1 0 0 1 1 1 1 0 0 0 1 1 0 1 1 1 1 0 1 1 1 0 1 1 0 0 1 1 0 1 1 0 1 0 1 1 1 0 0 0 0 0 1 1 0 1 0 0 0 0 1 1 0 0 0 1 0 0 0 1 1 1 1 1 1 0 1 0 0 1 1 1 0 0 1 0 1 1 0 1 1 1 1 0 0 1 0 1 0 0 1 0 1 1 0 1 0 0 1 0 0 1 0 0 1 1 0 0 1 0 1 1 1 0 1 0 0 0 1 1 0 1 1 1 1 0 0 1 0 0 1 1 1 0 0 0 0 0 0 0 0 0 1 0 1 0 1 1 1 1 1 0 0 0 1 1 1 0 1 0 0 0 1 1 0 0 0 0 0 1
1 0 1 0 0 0 1 1 0 0 0 1 0 1 1 0 0 0 1 1 0 0 0 1 0 0 0 1 1 0 1 0 0 1 1 0 0 0 1 0 1 1 0 0 0 0 0 0 0 1 1 1 1 1 1 0 0 1 1 0 1 1 1 0 1 0 1 1 0 0 1 0 0 1 0 1 1 1 1 1 1 0 0 1 0 0 1 0 1 0 1 0 0 0 1 0 0 1 1 0 1 0 0 1 0 0 1 1 0 1 1 0 1 0 1 0 1 0 0 0 1 1 0 0 1 0 0 1 0 1 0 0 0 1 0 1 0 1 1 1 0 0 1 1 0 0 1 1 1 1 0 0 0 1 0 1 1 0 0 0 1 1 0 0 0 1 1 0 1 1 1 1 1 0 1 1 1 1 0 1 1 0 0 1 1 0 1 0 0 0 0
1 1 0 0 1 0 1 0 0 0 0 0 1 0 0 0 1 1 0 0 0 0 0 1 1 0 1 0 1 0 1 1 1 1 0 0 0 0 0 0 0 1 0 1 0 0 0 1 1 1 0 1 1 1 0 0 0 1 0 1 0 0 1 1 0 1 1 0 0 0 1 0 1 1 0 1 0 0 0 0 0 1 0 0 0 1 1 1 1 0 1 1 1 1 1 1 1 1 0 0 1 1 0 1 1 0 0 0 0 1 1 0 1 1 0 0 0 0 1 0 1 0 1 1 0 1 0 0 0 0 0 1 1 1 0 0 1 1 1 1 0 1 0 1 0 1 1 1 1 0 0 1 1 0 0 1 0 0 1 1 0 1 0 1 1 0 0 0 0 1 1 0 1 1 1 0 1 1 1 0 0 1 0 1 0 1 0 1 1 0 1
1 1 0 1 1 0 1 0 1 1 1 0 0 0 1 1 0 0 0 0 1 0 0 1 1 0 0 0 1 1 0 0 1 0 1 0 0 1 0 1 0 0 0 1 1 0 1 0 1 0 1 0 1 1 1 1 0 0 0 0 0 1 0 0 0 1 1 1 1 0 0 0 1 1 0 1 1 1 1 0 1 1 0 0 0 0 0 0 1 0 1 0 1 0 0 0 0 0 0 0 0 1 1 1 0 1 0 1 1 1 1 1 1 1 1 0 1 1 1 0 0 0 0 0 0 1 0 0 1 1 1 1 1 1 0 1 0 0 0 1 1 1 0 0 1 1 0 1 0 0 1 0 0 0 1 0 1 0 0 1 1 1 1 0 0 0 0 1 0 1 0 0 1 0 1 1 1 1 0 1 1 1 1 0 1 1 0 1 1 0 0
0 0 1 1 1 0 0 0 0 0 0 1 0 1 1 0 0 1 1 0 1 0 1 1 1 1 1 1 1 1 1 1 0 1 0 1 1 0 0 1 1 1 1 0 1 0 1 1 1 0 1 1 0 0 1 1 1 0 0 1 0 0 0 0 0 1 0 0 0 0 0 0 0 0 0 1 1 0 1 0 0 1 0 0 1 1 0 1 0 0 0 0 0 0 0 0 1 1 0 0 1 1 0 0 0 0 0 1 1 1 1 0 1 1 0 1 1 1 0 0 0 0 0 1 0 0 1 1 1 0 0 1 1 0 1 1 0 0 1 1 1 0 1 0 0 0 0 0 1 1 1 0 1 0 0 1 0 1 1 1 0 1 1 1 0 0 1 1 1 0 0 0 1 1 1 1 1 1 0 1 1 0 0 1 0 1 0 0 0 1 0
0 1 1 0 1 1 1 0 0 0 0 1 0 1 1 1 0 0 0 1 0 0 1 1 0 0 0 1 1 0 0 0 1 0 0 0 1 0 0 0 0 1 0 1 0 0 1 1 0 1 0 0 0 0 0 1 0 1 0 1 1 1 1 1 0 1 1 1 1 1 0 1 0 1 0 1 1 1 0 0 0 0 1 1 0 0 0 0 1 0 1 0 0 1 1 1 0 0 0 0 0 0 0 1 1 0 1 1 0 0 0 0 1 0 0 1 1 0 0 1 0 1 0 0 0 1 1 1 1 0 1 0 1 0 1 0 1 0 0 0 1 1 0 0 1 1 0 1 1 0 1 0 1 1 1 1 1 1 1 1 0 0 1 0 1 0 1 0 1 0 1 1 1 1 0 1 0 1 0 1 1 1 1 1 1 1 0 0 0 1 1
0 0 0 1 1 1 0 0 0 0 1 1 0 1 0 1 0 1 1 0 0 1 0 1 0 1 0 1 0 0 1 0 1 1 0 0 1 1 1 1 0 0 1 0 1 1 1 0 0 0 1 0 1 1 1 1 0 1 1 0 1 0 1 0 1 0 0 1 0 1 1 0 1 1 0 0 0 0 0 1 0 0 1 1 1 0 1 1 1 0 1 1 1 0 1 0 0 0 0 0 0 1 0 0 1 1 0 0 0 1 1 0 0 1 1 0 1 1 0 1 1 1 0 0 1 0 0 0 1 0 0 1 1 1 1 0 1 1 0 0 1 1 1 1 1 1 1 0 0 0 1 0 0 0 0 1 0 0 0 1 1 0 0 1 0 0 0 0 0 0 0 0 1 1 0 0 0 1 1 1 0 0 0 1 1 1 0 0 0 1 1
0 1 0 0 0 1 1 0 0 1 1 1 1 1 0 0 0 0 0 1 1 1 0 1 1 0 1 0 0 0 1 0 1 0 1 1 0 0 0 0 1 0 1 0 1 1 1 1 0 1 0 0 0 0 0 1 0 0 1 1 0 1 0 1 0 0 0 1 0 1 1 0 1 0 1 0 1 1 0 0 1 0 0 1 0 0 1 0 0 0 0 1 1 0 0 0 0 1 0 0 0 0 0 0 0 1 0 1 0 1 0 1 1 1 1 1 1 1 0 1 1 0 1 1 1 1 1 1 0 0 1 1 0 0 0 0 0 1 1 0 0 0 1 1 0 1 0 1 0 1 1 1 1 1 1 0 0 1 0 1 1 0 1 1 1 1 0 1 1 1 0 0 1 1 0 0 0 1 0 0 0 0 0 1 0 0 1 1 0 0 1
0 1 0 0 0 0 1 1 1 1 1 1 0 1 1 1 0 1 1 1 0 1 1 1 0 0 0 0 0 0 0 1 1 1 0 0 1 0 0 1 0 0 0 1 0 1 1 0 0 1 0 0 0 1 0 0 1 0 1 0 1 1 0 1 1 1 1 0 0 1 0 1 1 0 0 1 1 1 1 1 1 1 1 0 1 1 1 0 1 0 0 1 1 1 0 1 1 1 1 1 0 0 1 0 0 0 0 0 0 1 1 0 0 1 0 0 1 0 0 0 0 0 0 1 1 1 1 1 1 1 0 1 1 0 1 0 0 0 0 0 0 0 0 1 0 0 0 0 0 0 1 0 0 1 0 0 1 0 1 0 1 1 1 1 0 0 1 0 0 1 1 0 1 1 0 1 1 1 1 0 0 0 0 0 0 1 0 0 1 0 0
1 1 1 0 1 1 0 0 1 0 1 1 0 0 0 1 0 0 0 1 1 0 0 0 0 0 0 1 0 0 1 0 1 1 0 1 0 1 1 1 0 0 1 0 1 0 1 0 1 1 0 1 0 0 0 0 0 1 0 1 0 0 1 0 0 1 0 0 1 0 1 0 0 1 1 0 1 0 1 0 0 1 1 1 1 1 0 0 1 0 0 0 1 1 1 1 1 1 1 1 0 0 1 1 1 1 1 0 0 1 1 1 1 0 1 1 1 0 0 0 0 0 0 0 1 1 0 0 0 0 0 1 1 1 1 0 0 1 0 1 1 0 1 1 0 0 0 1 1 1 0 0 0 0 1 0 0 1 0 1 1 1 0 1 1 1 0 1 0 0 0 1 0 1 1 1 0 0 1 1 0 0 1 0 0 1 1 0 0 0 0
0 1 1 0 0 0 0 1 0 0 0 1 1 0 0 0 1 0 0 1 1 1 1 0 0 0 0 0 1 1 0 0 0 1 1 1 1 0 1 0 1 1 1 1 0 1 0 0 0 0 1 0 0 0 1 1 1 0 1 0 0 0 0 0 0 0 1 0 1 0 0 0 1 1 0 0 0 1 0 0 1 1 1 1 1 1 1 1 1 0 1 0 0 1 1 1 0 0 0 1 0 0 1 1 0 0 1 1 0 1 1 1 1 1 1 0 0 1 1 0 1 0 1 1 0 0 0 1 1 0 0 0 0 0 0 0 1 0 0 1 0 1 1 1 1 0 1 1 1 0 1 1 1 1 1 0 0 0 1 1 0 0 1 1 0 0 0 1 1 0 0 1 1 1 0 1 1 1 1 1 0 0 0 1 0 1 1 0 1 0 0
0 1 1 0 1 0 1 0 1 0 0 1 0 0 1 1 1 1 0 0 0 0 0 0 0 1 0 0 0 0 1 0 0 1 1 0 0 0 0 1 0 0 1 1 1 0 0 1 0 1 1 1 1 0 1 1 1 0 1 1 1 0 0 1 1 0 1 1 1 0 1 0 0 1 0 1 1 0 0 1 1 0 1 1 1 1 1 0 0 0 0 0 0 1 0 0 1 0 1 0 1 0 1 1 1 1 0 1 0 0 0 1 1 0 0 1 0 1 1 0 0 0 0 1 1 0 1 0 1 1 1 0 1 1 0 1 0 1 0 0 0 0 0 1 0 1 0 0 0 0 0 1 1 0 0 0 0 0 1 0 1 0 1 1 0 0 1 1 1 0 1 0 0 1 1 0 0 1 0 1 0 1 0 1 1 1 1 1 1 1 1
1 1 1 1 0 0 1 1 1 1 0 0 0 0 1 1 0 0 1 0 1 0 0 0 1 1 0 1 1 1 0 0 1 1 0 1 0 0 1 1 0 1 1 0 0 1 1 0 0 1 0 0 1 0 0 1 0 0 0 1 0 1 1 1 0 0 0 0 0 1 0 0 0 0 1 1 0 0 1 1 1 0 0 0 1 1 1 0 0 0 0 0 0 0 0 1 0 0 0 1 1 1 0 1 1 1 0 0 0 0 0 1 1 1 0 0 0 0 1 0 1 1 1 1 1 1 1 1 1 1 0 0 0 1 1 1 1 0 1 1 1 0 0 1 1 1 1 0 0 0 1 0 0 1 1 1 1 0 1 1 1 0 0 1 1 1 0 1 0 1 0 1 0 0 0 0 1 1 1 1 0 0 0 1 0 0 0 0 0 1 1
1 0 0 1 0 1 0 0 0 1 0 1 1 1 1 0 0 0 0 0 1 1 1 1 0 0 0 0 1 0 0 0 0 0 1 0 1 0 1 1 0 1 0 1 1 1 0 0 1 1 0 1 1 1 0 0 1 1 1 1 1 1 1 0 0 1 1 1 0 1 1 1 0 0 1 1 0 0 1 0 1 0 1 0 0 0 1 1 0 0 0 0 1 1 0 1 0 1 1 0 1 0 0 1 0 1 0 0 1 0 1 1 0 1 0 1 0 1 1 0 0 1 0 0 0 0 1 0 0 0 0 0 1 0 0 1 1 1 0 1 1 1 1 1 0 0 0 1 1 0 1 1 0 1 0 0 0 1 1 1 1 1 1 0 0 1 0 1 0 0 0 1 0 1 0 0 1 1 1 0 0 1 0 0 1 0 0 1 0 1 0
0 1 1 0 0 1 1 1 0 0 1 0 1 1 0 0 1 0 0 1 1 1 1 0 1 0 0 1 0 1 1 1 0 0 1 1 0 0 1 1 0 1 0 1 0 0 1 1 1 0 1 0 0 1 1 0 0 1 1 1 0 1 1 0 0 1 1 1 0 1 1 1 0 0 0 1 1 1 1 1 0 1 0 0 1 0 0 0 0 0 0 1 0 0 1 0 1 0 0 0 1 0 1 0 0 1 0 0 0 1 0 0 0 0 1 1 0 0 1 1 1 1 0 1 0 1 0 0 1 1 0 1 1 0 0 1 1 1 1 0 1 0 0 1 1 0 0 0 1 0 1 1 0 1 0 0 0 0 1 1 1 0 0 1 1 0 1 1 1 0 0 0 0 0 1 0 0 0 1 0 1 0 1 1 1 1 0 0 1 0 0
1 0 1 1 0 0 0 1 0 1 1 0 1 0 0 1 0 0 0 0 1 1 0 1 1 1 1 0 0 1 1 1 0 0 0 0 1 0 0 1 0 1 0 1 0 0 0 0 0 1 1 1 0 0 0 1 0 1 1 0 1 0 0 1 0 1 0 1 1 1 0 0 0 1 0 1 0 0 1 1 0 1 1 0 1 0 0 1 1 0 0 0 1 0 0 0 0 1 1 1 1 0 1 0 1 0 1 1 0 1 1 1 1 0 1 1 0 1 0 1 1 0 0 1 1 0 1 1 1 1 1 1 1 1 1 0 1 0 0 0 0 1 1 0 0 0 0 1 0 0 0 0 1 1 0 0 1 1 0 1 0 1 0 0 1 0 0 0 1 1 0 0 0 0 1 0 0 1 1 0 0 1 0 1 0 0 1 0 0 1 1
0 0 1 0 0 1 0 0 1 1 0 0 0 0 0 1 0 0 1 1 0 0 1 0 0 0 0 0 1 0 1 0 0 0 1 0 0 1 1 1 0 0 1 1 0 1 1 1 0 1 1 0 0 0 1 1 1 0 1 1 0 0 1 0 1 1 0 1 1 1 0 0 1 1 1 0 1 0 1 1 1 1 0 0 0 1 1 1 0 0 1 1 1 0 0 1 0 1 1 0 1 1 1 0 0 1 1 1 0 1 1 0 0 0 0 0 0 0 0 0 1 1 1 1 0 0 0 0 0 0 0 1 0 0 1 0 0 0 1 1 0 1 0 0 1 1 0 0 1 1 1 1 0 0 1 1 1 1 1 1 0 1 1 1 1 1 1 1 0 0 1 0 0 0 1 0 0 1 1 1 1 1 0 0 1 0 1 0 0 0 1
0 0 0 0 0 1 0 0 1 0 0 0 1 1 0 1 0 0 1 0 1 1 1 1 1 1 0 0 1 1 1 1 1 1 0 1 0 1 0 0 1 1 0 1 0 1 0 1 1 1 0 0 1 0 0 0 1 0 0 0 1 1 0 0 0 0 1 0 0 0 1 0 1 0 1 1 1 1 0 1 1 1 1 0 0 0 1 1 1 0 0 0 0 1 1 0 1 1 0 1 0 1 1 0 1 1 1 1 1 0 0 1 0 0 1 1 1 0 0 0 1 0 1 1 1 0 0 0 1 0 0 1 1 1 0 1 0 1 0 0 1 0 1 0 0 0 1 0 0 0 0 1 0 1 1 1 0 0 1 1 0 1 1 0 1 0 0 0 0 0 1 0 0 0 0 1 0 1 0 1 1 0 1 1 1 0 1 0 0 1 1
0 0 1 1 1 1 1 0 1 1 0 0 0 1 0 1 1 1 0 1 1 0 1 0 1 1 0 0 0 0 0 1 0 1 0 1 0 0 0 0 1 1 0 0 0 0 1 0 0 0 0 0 0 0 1 0 0 1 0 1 0 1 0 0 1 0 0 1 1 1 0 0 1 1 0 0 1 0 1 0 1 1 0 1 1 0 0 1 1 0 0 1 1 0 0 1 0 1 0 1 0 1 0 0 1 1 0 1 1 1 0 1 1 1 1 1 0 0 1 0 0 1 0 0 0 0 1 1 0 0 1 0 0 1 0 0 0 1 1 0 1 1 1 1 0 0 1 0 1 0 0 1 0 1 0 0 0 0 1 1 1 1 0 0 0 0 1 0 1 1 1 1 1 1 0 0 1 0 1 1 1 1 1 0 1 0 0 1 1 1 1
0 0 0 1 0 0 0 1 0 1 0 0 0 0 1 1 1 1 1 1 1 1 1 1 0 0 0 0 0 0 1 0 1 0 1 1 1 0 0 0 1 1 1 0 0 0 0 1 0 1 0 0 1 1 0 1 1 1 1 0 1 0 1 0 0 1 0 0 0 0 1 1 0 1 0 1 0 1 0 0 1 0 0 0 1 1 0 1 0 0 0 1 1 1 0 0 1 0 1 1 0 1 1 1 1 1 1 0 0 1 0 0 1 1 1 0 1 0 1 1 0 1 0 0 1 1 1 1 0 0 1 1 0 1 0 0 0 1 1 1 1 0 0 0 1 0 0 0 1 1 0 1 0 0 1 1 1 1 1 0 0 1 1 0 1 0 0 1 1 0 0 0 1 0 1 0 0 0 1 1 0 1 0 1 1 1 0 1 0 1 0
1 1 0 0 1 1 1 1 0 0 1 1 1 0 0 1 0 0 1 0 0 1 1 1 0 1 1 0 0 0 1 0 0 0 1 0 0 0 0 1 1 0 0 1 0 1 1 1 1 1 1 1 1 1 1 0 1 0 0 1 0 0 1 1 0 1 0 0 1 0 1 1 0 0 1 1 0 1 0 1 0 1 0 0 1 0 0 1 1 0 1 1 0 0 0 1 1 0 1 1 0 0 0 1 0 1 0 1 1 1 1 0 1 0 0 0 1 0 0 1 1 0 1 1 0 0 1 0 0 0 1 0 0 0 1 0 0 0 1 0 1 1 1 1 1 1 1 0 0 0 0 0 0 1 1 0 0 0 1 0 1 1 0 0 0 1 0 1 1 0 0 1 0 0 1 1 1 0 0 1 0 1 0 0 1 0 0 0 1 1 1
1 1 1 1 0 1 0 0 0 1 0 0 0 1 1 0 1 1 1 1 1 0 0 0 1 0 0 0 0 0 1 0 0 1 1 0 1 1 0 1 1 1 0 0 1 1 0 0 0 1 1 1 0 0 1 1 0 0 1 1 1 0 1 1 1 0 0 0 0 0 0 1 0 1 1 1 0 1 0 0 0 1 0 1 0 0 0 1 0 1 1 0 1 0 1 0 1 1 1 0 0 0 1 0 1 1 0 1 0 0 0 1 0 0 1 1 0 0 0 1 0 0 1 1 1 1 0 1 1 0 0 1 1 0 0 1 1 0 0 0 1 1 0 0 0 1 1 0 1 1 1 0 0 0 1 1 1 0 1 0 1 1 0 1 1 0 0 1 0 1 0 1 1 1 0 1 1 0 0 0 1 1 0 0 0 0 0 0 1 0 1
0 1 0 0 0 1 1 0 1 1 1 0 1 1 0 0 0 1 1 0 1 0 1 0 1 1 1 0 1 0 0 1 1 1 1 1 0 0 1 1 1 1 1 1 0 0 0 0 0 0 0 1 1 0 1 0 1 0 1 0 1 1 1 1 0 0 0 0 1 0 0 1 0 1 1 0 1 0 0 0 0 0 0 0 0 0 1 1 1 0 1 1 1 1 1 0 0 0 1 1 1 0 1 0 0 1 0 1 0 1 0 0 1 0 0 0 1 1 0 0 0 1 0 0 1 1 1 0 0 1 0 1 0 1 1 1 1 1 0 1 0 0 1 1 1 1 0 1 1 0 1 0 1 0 0 1 0 0 0 1 0 0 1 1 1 0 1 0 1 0 0 0 0 0 0 1 1 0 0 1 0 1 1 0 0 0 0 1 1 1 0
0 1 0 1 0 0 0 1 0 0 1 1 0 1 0 1 1 1 0 0 0 0 0 0 0 1 0 1 0 1 1 0 0 1 0 0 1 0 1 0 0 0 0 0 1 1 1 0 1 1 0 0 0 0 0 0 1 0 1 0 1 0 0 1 1 1 1 0 0 1 0 1 1 0 1 0 1 1 1 0 0 0 0 0 1 0 1 1 1 0 1 0 0 0 0 0 1 1 0 0 0 1 1 1 1 0 0 1 1 1 0 1 1 0 1 0 1 1 0 0 1 1 0 0 0 1 1 0 0 0 1 0 1 1 1 1 1 1 1 1 0 0 1 0 0 1 0 1 1 0 1 1 1 1 1 1 1 0 1 0 0 0 0 1 1 0 0 1 1 0 1 1 0 0 1 0 1 0 1 0 1 1 0 0 1 0 1 1 0 0 0
1 0 0 0 1 1 0 0 1 1 0 0 1 0 1 0 1 1 1 0 0 1 1 0 1 0 1 1 1 1 1 1 0 0 0 1 0 0 1 1 0 0 0 0 1 0 1 0 0 0 1 1 0 1 0 1 1 0 0 0 1 1 1 1 0 0 0 0 1 1 0 1 1 0 0 0 1 0 0 0 1 0 0 0 1 0 0 1 1 0 0 1 1 1 1 0 1 0 1 0 1 0 0 1 1 0 1 0 1 1 0 1 1 0 0 0 0 0 1 1 1 1 0 1 1 0 0 0 0 0 0 0 0 1 1 1 0 1 0 1 0 0 0 0 0 1 1 0 0 1 1 0 1 1 1 0 0 1 1 1 0 1 1 0 0 0 0 1 1 1 1 1 1 0 1 0 0 1 0 0 1 0 1 1 1 0 0 0 0 0 0
1 1 0 1 0 1 0 0 1 0 1 1 0 0 0 1 0 1 0 1 1 0 0 1 0 1 1 1 0 1 1 1 1 0 1 0 1 0 0 0 1 0 0 1 0 1 0 1 1 0 0 1 0 1 0 1 0 0 1 1 1 1 0 0 0 0 0 0 1 1 0 0 0 0 0 1 1 0 1 0 1 0 0 1 1 0 1 1 1 0 1 0 0 1 1 0 1 1 0 0 1 0 1 0 0 0 1 1 1 1 0 0 0 0 0 0 0 0 1 1 0 0 1 0 0 0 0 1 0 1 0 1 0 0 0 1 1 1 0 1 0 0 0 1 1 0 1 0 0 1 0 0 1 0 1 0 1 1 1 1 1 0 0 1 0 1 0 0 0 1 0 1 0 1 0 0 1 0 1 1 1 1 1 1 1 1 1 1 0 1 1
0 0 1 0 1 1 0 0 1 1 1 0 1 0 0 0 0 1 1 1 0 0 0 0 0 0 0 0 1 0 1 1 0 0 0 1 0 1 0 0 0 1 1 1 1 1 1 1 1 1 1 0 1 0 0 1 0 0 1 0 1 1 1 0 1 0 0 0 1 1 1 1 1 0 0 1 0 0 1 1 1 1 0 0 1 0 1 0 1 0 0 1 0 0 1 0 0 1 0 0 1 0 0 1 0 1 1 0 1 0 0 0 1 1 1 1 1 1 1 0 0 0 1 1 1 1 0 1 0 1 1 0 1 1 1 0 1 0 0 0 1 1 0 1 1 0 0 1 1 0 1 0 1 0 1 1 0 1 1 0 1 1 0 1 0 0 0 0 1 0 1 1 1 0 1 1 1 0 0 0 0 0 0 0 0 0 1 1 0 1 0
1 1 1 1 1 0 1 1 1 0 1 0 1 1 0 1 1 1 1 0 0 1 1 0 1 0 0 1 0 0 1 1 1 0 0 0 0 1 0 1 1 1 0 0 1 1 1 1 1 0 1 1 1 0 1 1 1 0 1 0 1 1 1 0 0 0 1 0 1 0 0 1 0 0 1 0 0 1 1 0 0 0 1 1 0 1 1 0 0 0 1 0 0 0 1 1 0 1 0 1 0 1 1 1 0 1 0 0 0 1 0 0 0 0 0 1 0 1 1 1 0 1 0 0 0 1 0 0 0 0 0 0 0 0 1 0 1 1 0 1 0 1 0 0 0 0 0 1 0 1 1 1 0 1 1 0 1 0 0 0 0 1 0 1 0 0 1 0 1 1 1 0 0 1 1 1 0 1 1 1 1 0 0 1 0 0 0 1 0 1 1
1 0 0 0 0 0 0 0 1 0 0 1 1 0 0 1 0 1 1 0 0 1 1 1 1 0 0 1 1 0 0 0 0 1 0 1 1 1 1 1 1 0 1 0 1 0 0 1 0 0 0 0 0 1 0 0 0 0 0 1 0 0 1 1 0 1 1 0 1 0 0 0 1 0 0 1 0 0 1 1 0 1 1 0 1 0 1 0 0 1 0 1 1 0 1 1 1 1 0 1 0 0 1 0 0 1 0 1 0 0 0 1 0 1 1 0 1 1 1 1 1 0 0 0 1 0 0 1 0 1 1 1 0 0 0 0 1 0 0 0 1 0 1 1 1 0 1 1 1 0 0 1 1 1 0 0 1 1 1 1 0 1 1 1 0 0 1 0 1 1 1 1 0 0 1 0 0 0 0 1 1 1 0 0 1 1 0 1 0 0 1
0 0 0 0 0 1 1 0 1 0 0 0 0 1 0 1 1 1 1 0 0 0 1 1 1 0 1 1 1 1 0 1 1 1 1 0 0 1 1 1 0 0 0 1 0 1 0 0 0 1 1 0 1 1 0 1 0 1 0 0 0 0 0 1 0 0 0 1 1 1 0 1 1 1 1 0 0 1 0 0 0 1 1 1 0 1 0 0 0 0 1 0 0 0 0 0 0 1 0 1 1 0 1 1 1 1 1 0 1 1 1 0 1 0 1 1 1 0 1 1 0 0 1 1 1 0 1 1 0 0 0 0 1 1 0 0 1 0 1 0 0 0 1 1 0 0 1 0 1 1 1 0 0 0 0 0 1 1 1 0 0 0 1 1 0 1 0 1 1 0 0 0 0 1 1 0 1 0 1 0 1 0 1 0 1 0 0 1 0 1 0
1 0 1 1 1 0 0 0 1 0 1 1 1 0 0 0 0 0 1 0 0 1 1 0 0 0 1 1 0 0 0 0 1 1 1 0 0 1 0 0 0 1 0 1 1 0 0 0 0 0 0 1 0 1 0 1 1 0 1 0 0 0 1 0 0 1 1 0 0 1 1 0 0 1 1 0 1 1 1 0 1 1 0 0 1 1 0 1 0 1 0 1 0 0 1 1 0 0 0 1 0 1 1 1 0 1 1 0 1 0 0 0 1 0 1 1 0 1 0 0 1 1 1 0 0 0 1 1 0 1 1 0 1 0 0 1 0 1 0 0 0 0 0 0 0 1 1 0 1 1 1 0 0 1 0 1 1 0 0 1 1 0 1 1 1 1 0 0 1 1 1 0 1 1 1 1 1 0 0 0 0 1 1 1 0 1 1 0 0 1 1
1 1 1 0 1 1 0 1 1 0 0 0 1 0 0 1 1 1 0 0 0 1 0 0 1 1 1 1 1 1 0 1 1 1 1 1 1 1 0 1 0 0 0 0 1 1 0 0 0 1 1 1 1 0 1 0 0 0 1 0 0 1 1 1 0 0 0 0 0 1 1 1 0 1 0 1 0 1 0 1 1 0 1 0 1 0 1 1 1 1 1 1 0 0 0 1 0 1 0 0 0 1 0 0 0 0 0 0 1 0 1 1 0 0 0 1 0 0 0 0 0 0 0 1 0 0 1 1 0 1 1 1 1 1 0 0 0 1 1 1 0 0 1 0 1 0 0 1 1 0 1 1 0 0 1 0 1 0 0 0 1 0 1 0 1 0 1 1 0 0 1 1 1 1 0 0 0 0 1 1 1 1 1 1 0 1 0 0 0 0 0
1 1 1 0 0 0 0 0 0 1 1 0 1 0 1 1 1 0 0 0 0 1 1 0 1 1 0 0 1 0 0 0 1 0 1 1 1 0 0 1 0 1 1 1 1 0 1 0 1 1 1 1 0 1 1 0 1 1 1 1 1 1 0 0 1 0 0 0 0 1 0 0 1 1 1 1 1 0 0 0 0 1 1 1 1 0 1 0 1 1 0 0 0 0 0 0 1 0 0 1 1 0 0 0 0 0 0 0 0 1 0 1 0 0 0 0 0 1 1 0 1 0 1 0 1 1 0 1 0 0 0 0 1 1 0 0 0 1 1 0 1 1 1 0 1 1 1 0 1 1 0 0 1 1 1 1 1 1 0 0 0 0 0 0 1 1 1 0 0 0 0 0 1 1 1 0 1 0 1 0 1 0 0 0 1 1 1 1 0 1 1
1 1 0 0 0 0 1 1 0 0 0 0 1 0 1 1 0 1 1 1 0 0 1 0 1 1 1 1 1 1 0 0 1 0 0 0 0 0 0 1 0 0 0 1 0 1 1 1 0 1 1 1 0 0 1 0 1 0 0 0 1 0 0 1 1 1 0 1 0 1 1 0 1 1 0 0 0 0 1 0 1 0 0 1 0 0 0 0 1 1 0 1 1 1 1 1 1 0 1 0 0 0 1 0 0 1 1 1 1 0 0 1 0 0 1 1 0 1 1 1 0 1 0 0 0 0 1 1 1 1 0 0 1 0 0 0 1 1 1 1 1 0 1 0 0 1 1 1 1 1 1 1 0 0 1 1 0 0 0 1 0 1 0 1 0 1 0 0 1 1 0 1 1 0 1 1 0 0 1 1 0 0 0 1 0 1 0 1 0 1 0
0 1 1 1 1 1 1 0 0 1 0 1 1 0 1 0 0 0 0 1 1 1 0 1 0 1 1 0 1 1 1 1 0 1 0 1 0 1 1 0 1 0 0 1 1 0 1 0 0 0 1 0 1 0 0 0 0 0 0 0 0 1 0 0 1 1 0 0 1 0 1 1 0 1 0 0 1 0 0 0 1 0 1 1 0 0 1 0 0 1 1 1 1 0 0 1 1 1 0 1 1 0 1 1 0 0 0 0 1 0 0 0 1 0 0 0 0 1 0 1 1 1 0 0 0 1 0 1 1 0 0 1 1 1 1 1 1 1 1 1 1 0 1 1 0 0 1 0 1 1 0 0 0 1 0 0 1 1 1 0 0 0 1 1 0 0 0 1 0 1 1 0 1 0 1 1 0 1 1 0 0 1 0 1 1 1 1 0 1 1 1
1 0 0 0 0 1 0 0 0 0 0 0 1 1 1 0 1 0 0 0 1 0 1 0 0 1 1 0 1 1 1 0 1 0 1 1 1 0 0 1 1 0 1 0 0 0 0 0 0 1 0 0 1 1 0 1 1 0 1 1 1 0 0 0 0 1 0 0 1 1 0 0 0 1 1 0 1 1 1 1 0 1 1 0 1 1 0 0 1 1 1 1 0 0 1 1 0 1 0 0 0 1 0 1 1 0 0 1 0 0 1 0 1 1 0 1 0 1 1 1 0 0 0 0 0 1 0 0 1 1 0 1 0 1 1 1 1 1 1 0 1 1 0 1 0 1 1 0 1 1 1 1 1 1 0 0 1 0 0 0 1 1 0 1 0 1 0 0 1 0 1 0 1 0 0 1 0 0 0 0 0 0 1 1 1 0 1 1 0 0 0
1 1 1 1 0 0 1 0 0 0 0 0 0 1 1 0 0 1 0 0 0 1 1 0 1 0 1 0 0 0 0 1 1 0 1 1 1 1 1 0 1 1 1 0 0 0 1 1 0 1 0 1 1 0 1 0 0 1 1 0 0 1 1 0 1 1 1 0 0 1 1 1 1 1 0 1 1 1 0 1 1 1 1 1 1 0 0 1 1 1 0 0 1 1 0 1 0 1 0 0 0 0 1 1 0 1 1 1 1 0 1 1 1 1 1 0 1 0 1 1 0 0 0 1 0 0 0 0 0 0 0 0 0 0 1 1 1 1 1 0 0 0 0 0 0 1 0 1 0 0 0 0 1 0 1 0 1 1 1 1 1 0 0 1 0 1 0 1 0 0 1 0 0 0 1 0 0 0 0 0 0 0 0 0 0 1 1 0 1 1 1
0 1 0 1 0 1 1 1 1 0 0 1 0 0 1 0 0 1 0 0 1 1 1 1 1 0 1 1 0 0 1 0 1 1 0 1 1 1 1 0 0 1 1 0 0 1 0 1 0 0 0 0 0 1 0 0 0 1 0 1 1 0 0 0 1 1 0 0 1 1 1 1 0 1 0 1 0 0 0 1 1 1 1 1 0 1 0 1 1 1 1 0 0 0 1 0 0 1 1 1 0 1 1 0 0 0 0 0 0 1 0 0 0 1 0 1 1 1 1 0 1 0 1 0 0 0 1 0 1 1 1 0 1 1 1 1 0 0 0 1 0 1 0 1 0 0 1 0 0 0 1 1 0 1 1 1 0 0 0 1 0 0 1 1 1 0 1 1 0 1 0 1 1 0 1 0 1 0 0 0 1 0 0 0 1 0 1 1 0 0 0
0 0 1 1 1 1 1 1 0 0 0 0 1 1 1 0 1 0 1 0 1 1 0 0 1 0 1 0 1 0 1 0 0 1 0 0 1 0 0 0 0 1 0 1 0 1 1 0 1 1 1 1 0 1 0 1 1 1 1 1 1 1 0 1 0 0 0 0 1 1 0 0 0 1 1 0 1 0 1 1 0 1 0 1 0 0 1 0 0 1 0 1 1 0 0 1 1 0 1 1 0 0 1 1 1 0 1 0 1 1 1 0 1 1 1 0 1 0 1 1 1 0 0 0 0 0 1 0 0 0 1 1 0 0 0 1 0 0 0 1 0 0 1 0 1 0 1 1 0 0 1 1 0 0 1 1 0 1 1 0 1 0 0 1 0 0 1 0 0 0 0 0 0 0 0 0 1 1 0 1 1 0 1 1 0 1 1 1 1 0 0
0 1 1 0 1 1 0 1 0 1 0 1 1 0 1 1 0 1 1 0 1 0 1 0 0 0 0 1 0 1 0 1 1 1 0 1 1 0 1 0 1 0 0 1 0 0 0 1 1 0 0 1 0 0 1 1 0 1 0 0 1 1 1 1 1 1 0 1 1 1 1 1 1 0 1 0 0 1 0 0 0 1 0 0 0 1 1 1 0 1 0 0 1 0 0 0 1 0 0 0 1 1 1 1 1 0 0 1 0 0 0 1 1 0 0 1 1 0 1 1 1 0 0 0 0 0 1 1 0 1 0 1 0 1 0 0 0 1 0 0 1 1 1 1 1 1 0 1 0 1 1 0 0 0 0 0 1 0 0 0 1 1 1 0 0 1 0 0 0 0 1 0 1 0 1 0 1 1 0 1 1 0 0 1 0 0 1 0 1 0 1
1 1 0 0 0 0 0 1 1 1 1 1 0 1 0 0 1 1 1 1 1 0 1 1 1 0 1 0 0 0 0 0 1 1 0 1 0 1 0 1 1 1 0 1 1 0 1 1 0 1 1 0 0 0 1 1 0 1 1 1 1 0 1 1 1 0 0 1 1 1 0 0 1 1 1 1 1 1 0 1 1 0 0 0 1 1 1 1 0 1 1 0 0 0 1 1 0 0 0 0 1 0 1 1 0 1 0 0 1 1 0 0 0 0 0 0 0 1 1 1 0 1 0 0 0 1 0 1 1 1 1 1 0 1 1 1 0 0 0 1 1 1 1 0 0 0 1 1 0 0 0 1 0 0 0 1 0 1 1 0 0 1 1 0 0 1 0 1 1 0 0 1 0 0 0 0 1 0 1 0 0 0 1 1 0 1 1 1 0 0 1
0 0 0 1 0 1 1 1 0 1 0 1 1 0 1 0 0 0 1 1 1 0 1 1 0 1 1 1 0 0 0 1 1 0 1 0 0 1 0 0 1 1 0 1 1 1 0 0 1 0 1 0 1 0 1 1 0 0 0 0 1 1 0 1 0 0 1 0 0 1 0 0 0 1 1 1 1 1 1 1 0 0 0 0 1 1 1 1 1 1 0 0 1 1 1 1 1 1 0 0 0 1 1 1 0 0 1 0 0 1 1 1 1 1 0 1 0 1 1 0 1 0 0 1 1 0 0 0 1 0 1 0 1 1 1 0 0 0 1 0 1 0 1 1 1 1 0 0 1 1 0 1 0 0 1 1 0 1 0 0 0 0 0 1 0 0 1 0 1 1 0 1 0 1 0 0 0 0 0 0 1 0 0 0 1 0 0 0 1 0 1
1 1 1 1 0 1 0 1 0 1 1 1 1 1 0 1 0 1 1 0 0 1 1 0 1 1 0 1 1 0 1 0 0 0 1 0 1 0 0 0 1 0 0 1 0 1 1 1 0 1 0 1 1 1 0 1 1 1 0 0 0 0 0 0 1 0 0 0 1 0 0 0 1 1 1 1 0 0 0 1 0 0 0 1 0 0 0 0 0 1 0 1 0 1 1 1 0 1 0 1 0 1 0 1 0 1 0 0 1 1 1 1 0 1 1 1 0 0 0 0 1 0 0 1 1 1 1 1 0 1 0 0 1 1 1 1 1 1 0 1 1 1 0 1 1 0 0 0 1 1 0 0 1 0 0 0 1 0 0 1 0 0 1 0 0 0 1 1 0 1 0 1 0 0 1 0 0 1 0 0 1 1 1 1 0 1 1 0 1 0 0
1 1 0 0 1 0 0 0 0 0 1 1 0 0 0 0 0 1 0 0 1 0 1 1 1 0 1 1 0 1 0 0 1 0 0 1 0 1 1 0 1 0 0 1 1 1 0 0 0 1 1 1 0 0 1 0 1 1 1 1 1 1 1 0 1 0 0 0 0 0 0 0 1 0 0 1 1 1 1 0 1 0 1 0 0 1 0 0 1 1 1 1 1 0 0 0 0 1 1 1 1 0 1 1 1 0 0 0 1 0 1 1 1 1 1 1 0 0 0 0 1 1 1 1 1 0 1 0 1 0 1 1 0 0 0 0 1 0 0 1 1 1 0 1 1 0 0 0 1 1 1 1 1 0 0 1 1 0 1 0 1 0 0 0 1 0 1 0 0 0 0 0 0 0 1 1 0 0 1 1 0 0 1 1 1 0 0 1 1 1 1
0 0 0 1 1 0 1 1 0 1 0 1 1 1 0 0 0 1 0 1 1 0 0 1 1 1 1 1 1 1 1 0 0 0 1 0 0 1 0 1 0 0 0 0 1 0 0 1 1 0 0 1 1 0 1 1 1 1 1 0 0 0 1 1 0 1 1 0 0 1 0 0 1 0 0 0 1 0 0 0 1 1 0 1 0 1 1 1 0 1 0 0 0 1 1 0 0 0 1 1 1 0 0 1 1 1 1 1 0 0 1 1 1 1 1 0 1 0 0 1 0 1 0 1 0 1 0 1 1 1 0 1 1 0 1 0 1 1 0 1 0 1 0 0 1 0 1 0 0 0 0 0 0 1 1 0 1 0 1 0 1 0 1 1 1 0 1 0 1 0 1 1 1 1 1 0 0 0 0 1 1 0 0 0 1 0 1 1 0 1 0
1 1 0 0 0 1 0 0 0 0 0 0 0 1 0 0 1 1 1 0 1 1 0 0 0 0 1 0 0 1 1 1 1 0 0 0 1 1 0 1 1 0 1 0 1 0 1 1 1 1 1 1 0 0 0 0 1 1 0 0 0 0 0 0 1 0 1 0 0 1 0 0 0 1 0 0 0 1 1 1 1 1 0 1 1 0 1 0 0 1 1 0 0 1 1 0 0 0 1 0 1 1 1 0 0 1 0 0 0 0 1 0 1 1 0 1 0 0 1 0 1 1 1 0 1 1 1 1 1 0 1 0 1 0 0 0 1 1 1 1 1 0 1 1 1 1 1 1 0 0 1 0 0 1 0 0 0 1 0 0 0 1 1 0 1 0 0 0 0 1 1 0 0 1 1 0 1 1 0 1 1 1 1 0 1 0 1 0 1 1 0
1 0 1 0 1 0 1 0 1 1 0 0 1 0 0 0 1 1 0 0 0 1 0 1 1 1 1 1 0 1 0 1 0 1 1 0 1 0 1 0 0 0 1 0 0 0 1 0 1 0 0 0 0 1 1 0 1 0 0 1 1 1 0 0 0 0 0 0 1 0 1 0 1 1 0 1 1 1 1 1 1 0 0 1 0 1 1 1 1 1 0 0 0 0 1 1 1 1 1 0 0 1 1 1 1 1 1 0 0 0 0 0 0 0 1 1 1 1 0 0 0 1 1 0 1 1 0 1 1 1 0 0 1 0 1 0 0 0 0 0 0 1 0 0 1 1 0 1 0 1 0 1 0 0 1 0 1 0 1 0 0 0 1 1 0 1 0 1 0 0 0 1 0 0 0 0 1 1 0 0 0 0 1 1 1 0 0 0 1 1 0
0 0 1 0 1 0 0 1 1 0 1 0 1 1 1 0 1 1 0 0 0 0 0 1 0 1 0 1 1 1 1 1 0 0 1 0 1 0 1 1 1 0 1 0 1 0 0 1 0 1 1 0 1 0 0 1 1 0 0 0 0 1 1 1 0 1 1 0 0 1 1 1 0 1 0 1 1 1 1 1 0 0 1 1 1 1 1 1 0 1 1 1 1 1 0 1 1 0 0 0 1 0 1 0 1 1 0 0 0 1 0 1 0 0 1 0 0 0 1 0 0 0 1 0 0 0 1 0 1 1 1 0 0 1 0 0 1 1 0 0 1 1 0 1 0 0 1 0 0 0 0 0 0 0 1 1 0 1 0 1 0 1 1 0 1 1 1 1 0 1 1 0 1 0 0 1 1 0 1 0 1 0 1 0 0 0 1 1 1 0 1
0 0 1 0 1 0 1 0 1 0 1 0 1 0 0 0 1 1 1 1 0 1 1 1 0 1 0 0 1 0 0 0 0 0 1 1 1 1 0 1 1 0 1 1 0 0 1 1 0 1 1 0 0 0 0 0 0 1 1 1 0 1 0 1 0 0 1 1 0 0 1 1 0 0 0 0 0 0 1 0 1 0 1 0 0 1 0 1 1 0 0 0 0 1 1 0 1 0 1 0 0 1 1 1 0 0 0 0 1 0 0 1 1 1 0 1 1 0 0 1 1 0 0 0 1 0 0 1 0 0 1 1 1 1 1 1 1 0 1 1 0 1 1 1 0 1 1 0 0 1 1 0 1 0 0 0 1 0 0 1 1 1 0 1 1 0 1 0 0 1 0 1 0 0 0 1 1 0 1 1 1 0 0 1 0 1 1 1 1 0 0
0 1 0 1 1 0 0 0 0 0 1 1 0 1 1 1 1 1 0 0 1 1 0 0 1 1 1 0 1 1 0 1 1 0 1 0 0 1 1 0 1 1 0 1 1 0 0 0 1 0 1 0 1 0 1 1 0 1 0 1 1 0 1 0 1 1 0 1 1 1 0 1 0 0 1 0 0 0 1 0 0 0 1 1 0 0 0 0 0 0 1 1 0 0 1 1 1 1 1 1 0 0 1 0 0 1 1 0 0 0 0 1 1 1 0 0 1 0 0 0 1 0 1 1 0 0 0 1 0 1 0 1 1 0 1 0 1 1 1 0 0 0 0 0 0 1 0 1 0 1 0 1 0 1 0 1 1 0 1 1 0 1 0 0 1 0 1 1 1 1 1 1 1 0 0 0 1 1 0 1 0 0 1 0 1 1 1 0 0 0 0
1 1 0 1 0 1 0 1 1 0 1 0 1 1 1 1 1 0 0 1 1 0 0 1 1 1 0 1 0 0 0 1 1 0 0 1 0 1 1 0 0 0 1 1 0 0 0 0 1 0 1 0 0 0 0 1 1 1 1 0 1 0 1 1 0 1 1 0 0 0 1 1 0 1 0 0 0 0 0 0 1 1 0 1 0 1 1 0 0 0 0 1 0 0 0 0 0 1 0 0 0 0 0 0 1 0 0 1 1 1 1 0 0 1 1 0 0 1 0 0 1 1 1 0 1 0 0 1 0 1 1 0 0 0 1 1 1 1 1 0 1 1 0 0 0 1 1 1 0 1 0 0 1 0 0 1 0 1 1 0 1 1 1 1 0 0 1 1 0 0 0 1 0 0 1 1 0 1 1 1 0 0 1 0 1 1 1 0 1 0 1
0 0 1 0 0 0 0 0 0 0 0 1 1 0 0 0 1 1 1 1 1 0 0 1 0 1 1 0 0 0 1 0 0 1 1 1 0 1 1 1 0 1 1 0 0 1 1 1 1 0 1 1 0 1 1 1 0 0 0 0 1 1 1 1 0 0 1 1 1 1 0 1 1 1 1 0 1 0 1 0 0 1 0 0 0 0 0 0 1 1 0 1 1 1 0 0 1 1 0 1 0 1 0 1 0 0 0 1 0 1 1 0 0 1 0 1 1 0 0 0 0 1 1 1 0 0 1 0 1 1 1 0 0 0 0 0 1 1 0 1 1 0 0 0 0 1 0 0 1 0 0 0 0 1 0 0 1 1 0 0 1 0 1 0 1 0 0 1 0 1 1 1 0 0 0 1 1 1 1 0 0 0 0 1 1 1 1 1 0 1 1
1 0 0 1 1 0 0 1 1 1 0 1 1 0 0 0 0 1 1 1 0 0 1 1 1 1 0 0 0 1 0 0 1 0 0 0 0 0 1 1 0 1 1 1 0 0 1 0 0 1 0 0 1 1 1 1 1 0 1 1 0 1 1 1 1 0 0 0 1 0 0 1 0 0 0 0 1 1 1 1 0 1 1 1 0 0 0 0 0 1 1 0 1 1 1 1 1 0 0 0 0 1 1 1 0 0 0 1 0 0 0 0 0 1 1 1 0 1 0 1 1 0 1 0 0 0 1 1 0 0 0 1 1 1 0 1 0 1 0 0 0 0 0 1 0 0 0 1 0 0 0 1 0 1 0 1 0 1 0 0 1 1 0 1 1 0 0 1 0 0 0 1 1 1 1 0 0 1 1 1 1 1 1 0 1 0 1 0 0 1 0
1 1 0 1 1 1 1 1 0 0 0 0 1 0 1 0 0 1 1 1 0 1 1 0 0 1 0 1 0 1 1 0 0 0 0 1 0 0 1 0 1 1 1 1 1 0 0 1 1 0 0 0 1 0 0 0 0 1 1 0 1 0 0 1 1 0 1 0 1 1 0 0 1 0 1 1 1 1 1 0 0 0 1 0 0 0 0 0 0 0 1 1 0 0 0 0 0 0 1 1 0 0 1 1 1 1 1 1 1 0 1 0 0 1 0 0 1 1 0 0 0 0 0 1 1 1 0 0 1 1 1 0 0 0 0 0 0 0 1 1 0 1 1 1 0 1 1 0 1 0 0 1 0 0 0 0 1 1 0 1 1 1 1 1 1 1 0 0 0 0 0 1 1 1 1 0 0 1 1 0 1 1 1 1 0 1 0 0 0 0 1
1 1 0 0 1 0 1 1 0 1 0 0 1 1 1 1 1 1 0 0 1 0 1 0 0 0 0 0 1 1 0 1 0 0 1 1 1 1 1 0 1 1 1 1 1 1 0 0 1 1 0 1 1 1 1 0 0 1 1 0 0 1 0 1 1 1 0 1 1 0 1 0 0 0 0 0 1 0 0 1 1 0 0 0 1 1 0 1 0 0 1 0 1 1 1 0 1 1 0 0 0 0 0 1 1 1 0 0 0 1 0 0 0 1 1 1 1 0 0 0 1 0 1 0 0 0 1 0 1 1 1 0 0 0 1 0 0 0 1 1 1 0 1 0 0 0 1 0 1 1 1 0 1 1 1 0 1 0 0 0 0 0 0 1 0 0 0 0 1 1 0 0 0 1 0 0 0 1 0 1 1 1 1 0 0 1 1 0 0 1 1
1 1 0 1 0 0 1 0 1 1 0 0 0 0 0 1 1 1 0 1 0 1 1 1 0 0 1 1 1 1 1 1 0 0 1 0 0 0 1 1 1 0 1 0 1 1 0 1 0 1 1 1 1 0 0 1 0 1 0 0 1 1 0 0 0 1 0 0 0 0 0 1 1 1 1 1 1 0 0 0 1 1 0 1 1 0 0 0 0 1 1 0 0 1 0 1 1 0 0 1 1 1 0 1 1 0 1 1 0 0 0 0 1 0 1 1 0 1 0 1 1 1 1 0 1 0 0 0 0 1 1 1 0 0 1 1 0 1 0 0 1 1 1 0 1 0 0 0 1 0 1 1 0 1 0 1 0 0 0 1 1 1 0 1 0 0 1 0 0 0 1 1 0 1 0 0 0 1 1 0 0 0 0 0 0 0 0 0 1 0 0
1 0 1 1 0 0 1 0 1 0 1 1 1 1 1 0 1 0 1 0 1 1 1 1 0 1 0 0 0 0 0 1 0 1 0 1 1 0 0 0 0 1 1 1 0 0 0 1 0 1 1 0 1 1 0 1 0 0 0 1 0 1 1 0 1 1 1 0 0 1 1 0 1 0 1 0 1 1 0 0 1 0 0 1 0 1 0 1 1 1 1 1 1 0 1 1 1 0 0 1 1 0 0 0 1 0 0 0 0 1 1 0 1 0 1 1 1 1 0 0 1 0 0 0 1 0 0 1 0 0 0 1 0 0 0 0 1 0 0 1 1 0 1 0 1 1 1 0 0 1 1 1 1 0 0 1 0 1 1 1 1 0 0 0 0 0 0 1 1 1 1 1 1 1 0 1 0 0 0 1 1 1 0 0 0 0 1 0 0 0 0
0 1 1 0 1 1 0 1 1 0 1 0 0 1 1 1 0 0 1 1 1 1 0 1 0 0 1 0 1 1 0 1 0 1 0 1 0 0 0 0 1 0 0 0 0 0 0 1 0 0 0 1 1 1 1 1 1 1 1 1 1 0 1 0 1 1 1 0 1 1 0 0 1 0 1 1 0 0 1 0 1 1 0 1 1 0 0 1 0 0 1 1 1 1 1 0 1 0 0 0 0 0 0 1 0 0 0 0 0 0 1 1 0 0 1 0 0 0 0 0 0 0 1 1 1 0 0 0 0 0 1 0 1 1 1 1 0 0 1 0 0 1 1 0 1 1 0 1 1 0 1 0 0 1 0 0 1 1 0 0 0 0 0 1 1 1 1 1 0 1 0 0 1 0 0 0 0 0 1 1 0 0 1 1 1 0 0 1 1 1 0
0 1 0 0 0 1 0 1 0 0 1 0 1 1 1 1 0 0 1 0 0 0 0 0 0 0 1 1 1 0 1 0 1 1 1 1 1 0 0 1 0 0 1 0 0 0 1 0 1 0 1 0 1 0 1 1 0 1 1 1 1 1 1 0 0 0 1 1 1 1 1 0 1 0 0 0 1 1 1 0 1 0 1 0 0 1 0 1 0 1 0 1 1 1 1 1 0 1 0 1 1 0 1 0 1 0 1 1 0 0 0 0 1 0 1 0 1 1 0 0 0 1 1 1 1 0 1 1 0 0 0 1 1 0 1 1 0 0 1 1 1 1 0 0 1 0 1 0 0 0 0 1 1 1 0 0 0 0 0 0 0 1 0 0 0 0 0 1 0 1 1 1 0 1 1 0 1 0 0 0 1 1 0 0 0 1 0 1 1 1 0
1 0 1 0 1 0 1 1 0 0 1 1 1 0 1 0 0 1 0 1 0 1 0 1 1 1 1 0 1 0 1 0 0 0 1 1 0 0 0 0 1 1 1 0 1 1 0 0 1 1 0 0 0 1 1 1 0 1 0 0 1 0 1 1 1 1 1 1 0 0 0 0 1 1 1 0 0 1 0 0 1 1 0 0 1 0 1 0 0 0 0 1 1 0 1 1 0 0 0 1 0 0 1 0 1 0 1 1 1 0 0 0 0 0 0 0 0 0 1 1 0 0 0 1 0 1 1 0 1 0 0 0 0 1 1 1 0 0 1 1 1 0 1 1 0 0 0 1 0 1 1 0 1 1 0 1 1 0 1 1 1 1 0 0 0 0 1 1 0 0 0 0 0 1 1 0 1 0 1 0 1 1 1 0 1 0 0 0 0 1 0
1 0 0 0 1 0 0 0 1 1 1 1 1 1 0 0 1 1 1 0 1 0 0 0 0 1 0 0 1 1 0 1 1 0 1 0 0 0 0 0 1 1 0 0 0 1 1 1 0 0 1 0 1 0 0 0 0 1 1 0 0 0 0 0 1 1 0 0 1 1 1 0 1 1 1 0 0 1 0 1 0 1 1 1 0 1 0 0 0 1 0 0 1 0 1 0 1 1 1 0 1 0 0 0 0 0 1 0 0 1 1 1 1 0 0 1 1 1 0 0 0 1 1 0 0 0 1 0 1 1 0 0 0 0 0 1 0 0 0 1 0 0 1 1 1 1 1 0 0 0 1 1 1 1 1 1 1 1 1 0 0 1 0 0 1 1 1 1 0 1 1 1 0 1 1 0 0 0 1 1 0 0 0 1 1 0 0 0 1 0 1
0 1 0 0 1 0 1 0 0 1 1 1 1 0 0 1 0 1 1 1 0 0 0 1 1 0 0 0 1 0 0 1 0 1 1 0 1 1 1 0 0 1 1 1 1 0 1 0 1 0 0 1 1 0 1 1 0 1 0 0 0 0 0 0 0 1 1 0 1 0 0 1 0 0 1 1 0 1 1 1 1 0 0 1 0 1 0 0 1 1 0 1 0 1 0 0 0 1 1 1 1 1 0 0 0 0 1 1 0 0 1 0 1 0 1 0 0 1 0 1 0 0 1 0 1 0 1 0 1 1 0 0 0 1 0 1 0 1 1 1 1 1 1 1 0 1 1 1 0 1 0 1 0 1 1 1 1 0 1 0 1 0 0 0 1 0 1 1 1 0 0 0 1 0 0 0 0 1 1 0 1 0 1 0 0 1 0 1 0 1 1
1 0 0 0 1 1 0 0 1 1 0 1 1 1 1 0 0 1 0 0 1 1 1 0 1 0 0 1 0 1 1 1 0 0 0 0 0 1 0 1 0 0 0 0 0 1 0 1 0 1 0 0 0 0 1 1 1 1 0 1 0 1 1 1 0 1 1 1 1 0 1 1 0 1 1 1 0 1 1 1 1 0 1 1 1 0 1 0 1 1 0 1 0 1 0 0 0 1 0 1 1 0 1 1 0 1 1 1 1 1 0 0 0 1 1 0 1 1 1 0 0 0 1 1 0 1 0 0 1 0 1 1 1 0 1 1 0 1 1 1 0 0 1 0 1 1 1 1 1 1 0 0 1 1 0 1 1 0 0 0 0 0 1 0 0 0 0 0 0 0 0 1 1 0 0 0 1 1 1 1 0 1 0 1 0 0 0 1 0 0 1
0 0 0 1 0 0 1 0 1 0 1 0 0 1 1 1 1 0 0 1 0 1 1 0 1 0 0 1 0 0 1 0 1 1 0 1 1 0 0 0 1 0 0 0 1 1 1 1 0 1 0 1 1 0 0 0 0 1 0 0 0 1 1 0 1 0 0 1 1 0 0 1 0 1 1 0 0 0 1 1 0 0 0 0 0 1 1 1 1 0 1 1 1 1 1 0 1 0 0 0 1 1 1 0 1 0 0 0 0 0 1 0 1 1 1 0 0 1 0 1 0 0 1 1 0 0 0 1 1 1 1 0 1 0 0 1 1 0 0 1 0 0 1 0 1 1 0 0 1 0 0 1 1 1 1 0 0 0 0 0 1 1 1 0 0 1 1 1 1 0 0 0 1 1 1 1 1 0 1 0 0 0 1 0 1 0 1 0 1 1 1
0 1 0 0 0 0 0 0 1 0 0 1 0 1 0 1 0 1 0 1 0 1 0 0 1 0 1 0 1 1 1 0 0 1 1 1 1 1 1 0 0 0 0 1 1 1 1 1 1 0 0 1 1 1 1 1 0 0 1 1 0 1 1 1 1 0 1 0 0 1 1 0 0 1 0 0 0 1 0 1 1 1 1 0 0 1 0 0 0 0 0 1 1 0 0 1 1 1 0 1 1 1 0 1 0 1 1 1 0 0 1 1 0 0 0 0 1 1 1 0 1 1 0 0 0 1 1 1 1 1 1 0 0 1 1 0 1 0 0 0 0 1 1 0 0 1 1 0 1 1 0 1 1 0 0 1 0 1 0 1 1 1 0 0 1 0 0 0 1 0 0 0 0 0 0 1 1 0 0 0 1 0 1 1 1 0 0 0 1 1 0
0 0 0 1 1 0 0 0 1 1 0 0 1 1 1 1 1 0 0 0 1 0 0 1 0 1 1 1 0 0 1 0 1 0 0 0 1 1 0 0 0 0 1 1 0 1 1 0 1 1 0 1 1 0 1 0 0 1 1 1 0 0 1 0 1 1 1 0 0 0 0 1 0 0 0 0 1 1 1 1 0 0 0 1 0 0 0 1 0 0 1 1 0 1 1 1 0 0 0 1 1 1 0 0 1 1 1 1 1 0 1 1 0 1 0 1 1 1 1 1 1 0 1 1 1 0 0 0 0 1 0 0 0 1 0 0 0 0 0 1 1 0 1 1 0 1 0 1 0 1 1 0 0 1 0 0 1 1 1 0 0 0 0 0 1 0 1 0 1 0 1 0 1 0 1 1 1 0 1 0 0 0 0 1 0 1 0 0 1 0 0
0 1 0 1 1 0 0 1 1 1 1 0 0 1 1 0 0 0 1 0 1 0 1 0 0 1 0 1 0 0 1 1 0 1 1 1 0 0 0 0 0 0 1 1 1 0 0 0 1 1 0 0 0 1 1 1 0 0 0 1 0 0 0 1 0 0 1 0 0 1 1 1 1 1 0 1 0 0 0 1 1 0 1 1 1 0 1 0 0 1 1 0 1 0 1 0 1 1 1 1 1 1 1 0 0 0 0 0 0 0 1 0 1 1 0 1 1 0 0 1 0 1 0 1 0 0 0 0 0 0 0 0 0 0 0 1 1 0 0 0 0 1 1 0 1 1 0 0 1 1 1 1 0 1 1 0 1 0 0 1 0 1 0 0 1 1 0 0 1 0 1 1 0 0 1 1 0 1 1 1 0 1 1 0 0 1 1 1 1 1 0
0 0 1 0 1 1 1 1 1 1 1 0 0 0 1 0 0 1 0 1 0 1 1 1 0 0 1 1 0 1 0 0 0 1 0 1 1 0 0 0 1 0 1 0 1 0 1 0 1 0 0 1 0 1 0 0 0 0 1 0 0 1 1 0 0 0 0 1 0 0 0 0 0 1 1 0 0 0 0 1 1 0 1 1 0 0 1 0 0 1 1 0 0 1 1 1 0 1 1 0 1 0 0 1 1 0 1 1 1 1 1 0 0 0 0 1 0 0 0 0 1 0 1 1 0 1 1 0 0 1 0 0 1 0 0 0 0 0 0 0 1 1 1 0 0 1 0 0 0 0 1 1 0 0 1 1 1 1 1 1 1 0 1 1 0 0 0 1 1 1 1 0 0 0 0 1 1 1 1 1 1 0 0 0 1 0 0 1 1 1 0
0 0 1 1 1 1 0 1 0 1 0 1 0 0 0 1 0 0 0 0 0 0 1 0 1 1 1 0 1 1 1 1 1 0 0 1 0 0 1 1 1 1 1 0 0 1 1 0 0 0 1 0 0 1 0 0 0 1 1 1 1 1 1 1 1 0 1 0 1 0 0 0 0 0 0 1 0 1 0 1 1 1 0 0 0 1 0 0 0 0 0 0 1 1 0 0 1 1 1 0 0 1 0 1 0 1 0 0 1 0 1 0 1 0 1 0 0 1 0 1 0 0 1 1 1 1 0 0 0 1 1 1 1 0 0 0 1 1 0 1 0 0 1 0 1 1 1 1 0 1 1 0 0 1 0 1 0 0 0 1 0 0 1 0 0 1 0 0 1 0 1 1 0 1 0 1 0 0 1 0 1 1 0 0 1 1 1 1 1 0 1
1 0 0 1 0 1 1 1 0 0 1 1 0 1 0 1 1 1 0 1 1 0 0 0 0 0 1 1 0 0 0 1 0 0 0 0 0 1 0 0 1 0 0 0 0 0 1 1 0 1 0 0 0 1 1 1 1 0 0 0 1 1 1 0 1 1 0 0 0 0 0 0 0 0 1 1 0 1 0 0 0 0 1 0 1 0 1 1 1 1 1 1 0 1 1 0 0 0 1 1 1 1 0 1 0 1 0 1 0 1 1 1 0 1 0 1 1 1 1 1 1 0 0 0 1 0 1 1 0 1 0 0 1 0 0 0 0 0 1 0 0 0 1 0 0 0 1 0 0 0 1 1 1 0 0 1 1 0 0 1 0 1 1 1 0 0 1 1 1 1 1 0 0 0 0 0 0 1 1 0 0 1 1 0 0 0 1 1 0 1 1
1 0 1 0 1 0 0 0 0 1 0 0 1 1 1 0 1 0 1 0 0 0 1 1 0 0 0 1 0 1 1 0 1 0 0 1 1 1 1 1 1 0 0 1 1 1 1 0 0 0 0 1 1 1 1 1 0 1 0 1 0 0 0 0 1 1 1 0 0 1 0 1 0 1 1 1 1 0 0 0 0 1 1 0 1 0 1 0 1 0 0 0 0 1 0 0 1 1 1 1 0 0 0 0 0 0 1 1 0 1 0 1 0 1 0 0 0 1 0 1 0 1 1 1 1 0 1 0 0 1 1 1 1 1 1 0 1 0 1 1 0 1 0 0 1 1 1 1 0 0 0 1 0 0 0 1 1 1 1 1 1 1 0 1 0 1 0 0 1 1 0 1 0 1 0 0 0 0 0 1 1 0 1 1 0 0 1 0 1 1 0
0 0 1 1 1 0 1 1 0 0 0 1 0 0 0 1 1 0 1 0 1 0 1 1 1 0 0 1 1 0 0 0 1 0 0 0 0 0 1 0 1 0 0 0 1 0 0 1 0 1 0 1 1 1 0 0 1 1 1 1 0 0 0 1 1 0 1 0 1 1 1 0 0 1 1 1 0 0 1 1 1 1 1 0 0 0 1 1 1 1 0 1 1 0 1 0 0 1 0 0 1 1 1 1 0 0 1 1 1 1 0 1 0 1 0 0 1 1 0 1 0 1 0 0 1 1 0 1 1 1 1 1 0 0 0 0 0 0 1 0 1 0 0 0 0 0 0 0 0 1 0 0 1 1 1 0 0 0 1 1 0 0 0 0 1 0 0 1 0 1 1 0 1 1 1 1 1 1 1 0 0 0 1 0 0 1 0 0 1 1 0
1 0 0 1 1 0 0 1 1 1 0 0 0 1 1 1 1 0 0 1 0 0 1 0 0 1 0 0 1 1 1 0 0 1 1 1 1 0 1 0 0 1 0 0 1 0 0 1 1 0 0 0 0 0 1 1 1 0 0 1 1 1 0 0 1 1 1 0 0 0 1 1 1 0 0 0 0 0 1 0 0 0 0 0 0 0 1 0 1 1 1 0 0 1 0 0 0 1 0 1 0 0 0 1 1 1 1 0 1 0 1 0 1 0 0 1 1 1 0 1 1 0 1 1 1 0 1 0 1 1 0 1 0 1 1 0 0 0 0 0 0 0 0 1 1 1 1 1 0 0 0 1 0 0 1 1 0 0 1 1 0 0 0 1 1 0 0 1 0 1 0 0 0 1 1 1 1 0 1 0 0 1 0 0 1 0 1 1 0 0 1
0 1 1 1 1 0 1 0 0 1 1 0 1 1 1 1 0 0 1 0 0 0 0 1 1 0 1 0 0 1 1 1 0 0 1 0 0 1 1 0 0 0 0 0 0 0 0 1 0 0 1 1 0 1 0 0 0 0 1 1 1 0 1 1 1 1 0 0 1 0 1 0 0 0 0 0 1 0 1 1 0 0 1 0 0 1 1 1 1 0 1 0 0 1 0 0 0 0 0 1 0 1 1 0 0 1 1 0 0 0 1 0 0 1 1 1 0 0 1 1 1 0 0 0 1 1 1 1 1 0 0 0 0 1 1 1 0 1 1 0 1 1 1 0 1 1 0 0 1 1 1 1 1 1 0 1 0 1 1 0 1 0 1 0 0 1 0 1 0 1 1 1 0 1 0 1 1 0 1 1 0 0 1 0 0 1 1 1 0 0 0
0 1 1 0 1 1 0 1 1 1 1 0 0 1 0 1 1 1 1 1 0 1 0 1 0 1 1 1 1 0 0 0 1 0 1 1 1 0 0 1 1 1 0 0 0 0 0 1 0 0 0 1 1 0 1 0 0 0 0 1 0 0 0 0 0 0 0 1 0 0 1 1 0 0 0 1 1 0 1 1 1 1 1 0 0 1 1 0 1 1 0 0 1 0 1 0 1 0 1 1 0 0 0 1 1 0 1 1 1 1 1 1 1 1 1 0 0 0 1 0 1 1 1 0 0 1 0 0 1 0 0 0 1 0 0 1 1 0 0 0 1 0 0 0 0 1 0 1 0 1 1 1 0 1 0 1 1 1 0 0 0 0 1 1 0 0 0 0 1 0 0 1 0 1 1 0 1 1 1 0 1 1 1 0 0 0 1 0 0 0 1
1 1 0 1 0 1 0 1 0 0 0 0 0 0 0 1 0 1 1 1 0 0 1 1 1 0 1 0 1 0 0 1 0 0 0 0 1 1 1 1 1 1 1 0 0 0 1 1 1 0 0 0 0 0 0 1 1 0 1 1 1 1 1 1 0 1 0 1 0 0 1 0 1 1 1 0 1 0 0 1 1 0 1 1 0 0 1 1 1 0 0 1 0 0 0 0 1 0 0 0 0 0 0 0 1 0 1 0 1 1 1 1 1 0 0 1 1 1 1 1 1 0 1 1 1 1 0 0 1 0 1 0 1 1 0 0 1 0 0 1 0 0 0 1 1 0 0 0 1 1 0 1 0 0 0 0 1 0 0 0 1 1 0 0 1 1 1 1 1 1 1 0 1 0 0 0 1 0 0 1 0 1 1 0 0 1 1 0 1 1 0
1 0 0 1 0 1 0 0 1 1 1 1 1 0 1 1 0 0 1 1 1 0 0 0 1 1 1 0 0 0 1 1 0 0 0 0 1 0 1 1 0 0 1 0 0 0 1 0 0 1 1 1 1 0 1 0 0 1 0 0 1 0 0 0 1 1 0 1 0 1 1 0 0 0 1 1 1 1 0 0 1 1 1 0 1 1 1 0 0 0 0 1 1 1 1 0 0 0 1 1 1 1 1 1 0 0 0 0 1 0 1 0 0 0 0 1 1 0 0 1 1 1 1 0 0 1 0 1 0 0 1 0 0 1 0 0 1 0 1 0 0 0 0 0 0 0 1 1 1 0 0 1 1 0 1 0 1 0 1 1 0 0 1 1 0 0 1 1 1 0 0 1 1 1 0 1 1 1 0 1 1 0 1 1 0 0 0 1 1 0 1
0 0 0 0 1 0 1 1 1 0 0 0 0 0 0 0 0 0 1 0 0 1 1 0 0 1 1 1 0 1 0 0 1 1 1 0 0 1 0 1 0 0 1 0 1 1 0 1 1 1 0 1 0 0 1 1 0 0 1 0 1 1 0 0 1 1 0 0 0 1 1 1 0 1 1 1 0 1 1 0 0 1 1 1 0 0 0 1 0 0 0 0 1 0 1 0 1 0 1 0 1 0 0 0 1 0 0 0 1 1 0 0 0 1 1 0 0 0 1 0 0 1 1 0 1 1 0 1 1 0 1 1 0 1 1 0 0 0 1 1 0 1 1 1 1 1 0 1 0 1 0 1 1 1 0 0 0 0 0 1 0 0 1 0 0 0 1 1 1 1 1 0 0 0 0 1 0 1 0 0 1 1 1 0 0 1 0 1 0 0 1
1 0 1 1 1 0 0 1 0 0 0 1 1 1 1 1 1 1 0 1 1 1 1 1 0 1 0 0 0 1 0 1 1 1 1 0 0 1 0 0 1 0 1 0 1 1 0 0 0 0 1 1 1 0 0 0 0 0 0 1 0 1 1 1 1 0 0 1 0 0 1 0 1 0 1 0 1 1 1 1 1 1 0 0 0 0 0 0 1 0 0 1 0 1 0 0 0 1 0 0 1 0 1 0 1 0 1 0 0 1 1 0 0 0 0 0 1 0 1 1 0 0 1 0 0 1 1 1 0 0 0 1 1 1 1 1 0 0 0 0 1 1 0 1 0 1 1 1 1 0 1 1 0 0 1 0 0 1 0 1 0 0 1 0 1 1 1 0 0 0 0 1 0 0 1 0 0 1 0 0 0 1 0 1 0 1 1 1 1 1 1
1 1 0 1 0 1 1 1 0 1 0 1 0 1 0 0 1 1 1 0 0 0 0 1 0 1 0 1 1 0 0 1 0 1 0 1 1 0 0 0 0 1 0 0 0 1 0 0 0 0 1 0 0 0 1 0 1 0 0 1 0 0 1 0 0 1 1 1 1 1 0 0 0 0 0 0 0 1 0 1 1 1 1 0 1 0 0 0 1 0 0 0 1 0 1 1 1 0 1 1 1 0 1 1 1 1 0 1 1 0 0 0 0 1 0 0 0 0 0 1 1 0 1 0 1 1 0 0 0 1 1 1 0 1 1 1 1 1 1 1 0 1 1 0 1 1 0 0 1 1 0 1 0 0 1 0 0 1 0 0 1 0 1 0 1 0 1 0 0 1 0 0 1 1 1 1 1 1 0 0 0 0 0 0 1 1 1 1 0 1 0
1 1 1 1 1 1 1 0 1 1 1 1 0 1 0 0 0 0 1 1 1 1 0 1 1 1 0 0 1 1 1 1 1 1 0 1 1 1 1 1 0 0 1 1 0 1 0 0 1 1 0 0 1 0 0 1 1 1 0 1 0 1 0 0 0 1 0 0 0 0 1 1 1 1 0 0 0 1 1 0 0 0 1 0 0 1 0 1 0 1 1 1 1 0 1 1 1 0 1 0 0 0 0 0 0 0 1 1 0 1 1 1 0 0 0 0 0 0 1 1 0 1 0 1 1 0 0 1 0 1 1 0 0 1 0 0 0 1 0 1 1 0 0 0 0 1 0 0 1 0 1 0 1 1 1 1 0 0 0 0 0 0 1 1 0 0 0 0 1 0 1 1 0 0 1 0 1 1 0 0 1 0 0 0 1 1 0 1 1 1 1
1 0 0 0 0 0 0 1 0 1 1 1 1 0 1 0 1 0 1 1 1 0 0 1 1 1 0 1 1 0 1 1 0 1 0 1 1 0 1 1 0 0 1 1 1 0 1 1 1 1 0 1 1 0 0 0 1 0 1 0 1 1 1 1 1 0 0 0 1 0 1 1 0 1 0 0 0 1 1 0 0 1 0 1 0 1 0 1 1 1 1 0 1 0 0 0 0 1 0 1 0 0 0 0 0 1 1 1 1 0 0 1 1 0 1 1 0 0 1 0 1 0 1 0 0 1 0 0 0 0 1 1 1 0 1 1 0 0 1 0 0 1 0 1 1 1 1 0 0 0 1 1 0 0 0 0 1 0 1 1 0 0 1 0 0 1 1 0 1 1 1 0 0 1 0 0 0 1 1 0 0 0 1 1 1 1 0 0 0 1 0
0 0 0 0 1 0 1 0 0 0 1 1 0 0 0 1 1 1 0 0 0 1 1 0 0 1 1 1 1 0 1 0 0 0 0 1 0 0 0 1 0 1 1 0 0 0 0 0 1 0 0 0 1 0 0 1 1 1 1 0 0 0 0 1 0 0 1 0 1 1 1 1 1 0 0 1 0 1 1 1 0 1 0 1 1 0 1 0 1 1 1 0 1 1 0 1 0 1 1 0 1 0 1 0 0 1 0 0 0 0 1 0 0 0 0 0 1 0 1 1 1 1 1 1 1 1 0 1 1 0 0 0 0 1 0 0 0 0 0 1 1 0 0 0 0 1 0 1 1 1 1 1 0 0 0 1 0 0 0 1 1 1 1 1 0 1 1 1 0 1 0 1 1 0 0 1 0 0 0 1 1 0 0 1 1 1 1 0 1 1 1
0 0 1 0 1 0 0 0 1 0 1 1 0 1 0 1 1 0 0 0 1 0 1 0 1 0 1 0 0 1 0 1 1 0 0 1 1 0 1 0 0 1 0 0 1 1 1 1 0 1 0 1 1 1 0 1 1 0 0 0 0 0 1 1 0 0 1 1 0 1 0 1 0 0 0 1 1 0 0 0 0 1 1 1 0 1 1 1 0 0 0 0 0 1 1 1 1 0 1 1 1 0 1 0 0 0 1 1 1 0 1 0 0 0 1 1 1 1 1 0 1 1 0 1 0 1 1 1 1 1 0 1 0 1 1 1 0 1 1 1 1 1 1 1 1 0 1 0 1 1 1 1 0 0 0 0 1 1 0 0 1 1 0 0 0 0 0 0 1 1 0 1 1 0 1 0 1 1 0 0 0 1 1 0 1 0 0 1 1 0 1
1 1 0 0 0 1 1 0 1 0 0 1 0 0 1 0 1 1 0 1 0 0 1 1 0 0 1 1 0 1 1 1 1 1 0 1 0 0 1 0 0 1 0 1 1 0 1 1 1 1 1 1 0 0 0 0 1 0 1 0 1 0 0 0 0 0 0 1 0 0 0 1 1 0 0 1 0 0 1 0 1 0 0 1 1 1 0 0 0 1 1 1 0 1 1 1 0 0 0 1 0 1 0 0 1 1 0 1 0 1 1 1 0 0 1 0 1 1 0 1 1 0 0 0 1 1 1 1 1 1 0 0 1 1 0 0 1 0 1 1 0 1 0 0 1 0 0 0 0 1 1 1 0 1 1 0 0 1 1 1 1 0 0 0 0 1 1 0 0 0 1 1 0 0 0 0 0 0 0 0 0 1 0 0 0 0 1 1 1 0 1
1 1 1 1 0 1 1 1 1 1 1 0 0 0 1 0 1 1 0 0 0 0 0 1 0 0 0 1 1 1 0 0 0 0 0 0 1 1 0 1 1 1 0 0 0 1 1 0 1 1 1 1 1 1 0 1 0 1 0 0 0 0 1 1 0 0 0 1 0 1 0 0 1 0 0 0 0 1 1 0 0 1 1 1 1 1 0 1 0 1 0 1 0 1 1 0 0 1 1 0 0 0 0 0 0 0 0 1 0 0 0 0 0 1 0 1 1 1 0 0 1 0 0 0 1 0 0 0 1 0 1 1 0 1 0 1 0 1 0 0 0 1 0 1 1 1 1 1 1 1 0 1 0 1 1 1 0 1 1 1 0 0 1 1 0 1 0 1 1 0 1 0 0 0 1 1 1 0 1 1 0 1 1 1 0 0 1 0 1 1 1
0 0 1 0 0 1 0 0 1 1 1 1 0 0 1 0 0 1 0 0 0 1 0 0 1 1 0 0 0 1 0 1 0 1 1 1 0 0 1 1 1 0 0 1 1 1 1 1 1 0 1 0 1 0 0 0 0 0 0 1 1 0 1 1 0 0 1 0 0 1 1 0 0 1 0 1 1 1 0 1 0 1 0 0 0 0 0 1 0 1 1 0 1 1 0 1 0 0 0 1 0 1 0 0 1 0 1 1 1 1 0 0 1 1 0 1 1 0 1 1 0 1 1 1 1 0 0 1 1 1 0 0 1 1 1 0 1 0 0 1 1 0 0 0 0 1 1 1 1 1 0 1 1 1 1 0 0 0 1 0 1 0 0 1 0 1 1 0 0 1 0 0 1 0 1 0 0 1 1 1 0 1 1 0 0 0 0 1 0 0 0
1 0 0 0 1 1 0 1 1 0 0 0 0 0 0 1 0 0 0 1 0 1 0 1 1 0 1 0 1 1 0 0 0 1 1 1 1 1 1 0 1 1 0 1 0 1 1 0 1 0 0 1 0 1 0 0 0 1 0 1 1 0 1 1 1 1 0 1 1 1 1 1 1 0 0 0 1 1 0 0 1 0 0 0 1 1 1 1 0 1 0 0 1 0 1 0 0 1 0 0 1 1 1 0 1 1 1 0 0 0 1 1 0 1 1 1 0 1 1 0 0 1 1 0 1 1 1 0 1 1 1 0 0 0 0 1 0 1 1 0 0 1 1 0 0 1 0 0 0 0 1 1 0 0 1 0 1 0 1 1 0 1 0 0 0 0 0 1 0 1 0 0 1 0 1 1 0 0 0 0 1 1 0 0 0 1 1 0 0 0 1
0 0 0 1 1 1 1 1 1 0 1 1 0 1 1 0 1 1 1 1 0 0 0 0 1 0 0 0 1 1 1 0 1 0 1 1 0 1 1 0 0 0 1 1 0 0 1 0 1 0 1 1 0 1 0 0 1 1 0 0 0 0 1 0 0 0 0 1 0 0 0 0 0 1 1 1 1 0 0 0 1 1 0 1 0 1 1 1 1 0 1 0 0 0 0 1 1 0 1 0 0 0 1 1 1 1 0 1 1 1 0 1 0 0 0 1 0 1 1 0 1 0 1 1 1 0 1 1 1 0 1 1 0 0 1 1 1 0 1 0 0 0 0 1 1 0 0 1 1 0 1 1 1 1 0 0 1 0 0 0 0 0 0 0 1 1 0 0 0 0 1 1 1 0 0 1 0 1 0 0 0 0 0 0 0 1 0 1 0 1 1
1 1 1 0 1 1 1 1 0 0 0 0 1 0 1 1 0 1 0 1 1 1 0 0 0 1 0 0 0 0 1 1 1 0 0 0 1 1 1 1 0 1 1 1 1 1 0 1 0 0 0 0 1 1 1 0 0 0 1 1 0 0 0 0 0 0 1 1 0 0 0 0 1 1 0 1 0 0 1 0 0 0 0 0 0 0 0 1 0 1 1 0 0 1 0 1 1 1 0 1 1 1 1 1 1 0 0 1 1 1 1 1 0 0 1 0 0 0 0 1 1 1 1 0 1 1 0 1 0 0 1 0 1 0 1 1 0 1 0 0 0 0 1 1 1 1 1 0 0 1 1 1 1 1 0 1 1 1 0 1 1 1 1 0 0 1 1 1 1 0 1 0 1 0 0 1 0 0 0 1 0 1 1 0 0 0 0 1 0 1 0
1 0 1 0 1 1 1 0 1 0 0 1 0 1 0 1 0 0 0 1 0 1 1 0 1 1 1 1 0 0 0 0 0 1 0 0 1 0 1 0 0 1 1 0 1 0 0 1 1 1 1 0 0 1 1 0 0 1 1 1 0 0 0 0 0 0 0 0 1 0 0 0 1 0 1 0 0 1 0 0 0 0 0 1 1 1 1 1 1 1 1 1 1 1 0 0 0 1 1 1 0 0 0 1 0 0 1 0 0 0 0 1 0 1 0 1 0 1 0 1 0 1 1 1 0 1 1 0 0 1 1 1 0 1 1 1 1 0 1 0 1 1 0 1 0 0 1 1 0 1 1 0 0 1 1 1 1 1 0 0 1 0 1 0 0 0 1 1 0 1 0 1 1 0 1 0 0 0 1 1 0 1 1 0 0 1 1 0 1 1 0
0 0 0 1 1 1 1 0 0 0 0 0 0 0 0 0 0 0 1 1 1 1 0 0 0 0 1 0 0 0 1 1 1 0 1 1 0 0 0 1 0 0 0 0 1 0 1 0 0 0 1 1 0 0 1 0 1 1 1 0 0 1 0 1 1 1 1 1 0 0 0 1 1 0 1 1 0 1 0 1 0 0 0 0 0 1 1 0 0 1 0 1 0 0 1 1 1 0 1 0 0 1 0 0 1 0 0 1 0 1 0 1 1 1 1 0 1 0 1 0 0 0 1 0 1 0 1 0 0 1 1 1 0 1 1 1 1 0 0 0 0 1 0 0 0 0 0 0 1 1 0 1 1 1 1 1 1 1 1 1 0 0 0 0 0 1 0 0 0 1 0 1 1 1 1 1 1 1 1 1 1 1 1 1 1 1 1 0 0 1 0
1 1 1 0 1 0 0 0 0 1 1 1 0 0 1 0 1 0 1 0 1 0 1 0 1 0 1 1 0 0 0 1 1 0 1 0 0 0 0 1 0 1 1 0 0 1 1 0 1 0 1 1 1 1 0 1 0 0 0 0 1 0 0 0 1 1 0 1 0 0 1 0 0 0 1 0 0 1 0 1 1 0 1 1 0 0 1 1 1 0 1 1 0 0 0 1 1 0 0 0 1 0 0 1 1 0 1 1 0 0 0 1 0 1 1 0 0 0 0 1 0 1 0 1 1 1 1 0 1 0 1 0 0 0 1 1 0 1 0 0 0 0 1 1 1 0 1 0 1 1 0 0 0 0 0 0 0 1 1 1 0 1 1 1 1 0 1 0 0 0 1 0 1 0 1 1 1 0 0 0 1 1 0 0 1 0 1 1 0 0 1
0 0 1 1 1 1 0 0 1 0 0 0 0 0 1 1 0 0 1 1 0 1 0 0 1 1 0 1 0 1 0 0 0 1 1 0 0 1 0 0 1 1 1 1 1 1 1 0 0 1 1 1 0 1 0 0 1 0 0 1 0 0 0 0 0 1 1 1 1 1 1 1 1 0 0 1 0 1 1 0 0 1 1 0 0 1 1 1 0 1 1 1 1 1 0 0 0 1 0 0 1 0 0 1 1 1 0 1 0 1 0 0 1 1 1 1 0 0 0 1 1 0 0 0 0 1 0 0 1 1 0 0 0 1 1 0 0 1 0 1 0 0 0 0 1 0 1 1 0 0 0 1 1 0 0 1 1 1 0 0 0 1 0 0 1 1 1 0 1 1 0 1 0 1 0 0 1 0 0 0 0 0 0 0 1 1 0 0 1 1 0
1 0 1 0 0 0 1 1 0 1 1 1 1 0 1 1 1 1 0 0 1 1 1 1 1 0 1 0 1 1 1 0 1 1 0 1 1 1 0 0 0 1 0 1 1 0 1 1 0 0 0 0 0 0 1 0 1 1 1 0 0 0 0 1 1 0 0 1 1 0 1 1 0 1 1 1 1 1 1 0 0 0 1 1 1 1 0 0 0 1 0 1 0 0 0 0 1 0 0 0 1 1 0 0 1 0 1 1 1 1 1 0 0 1 0 1 0 0 1 0 1 0 1 0 1 0 0 0 1 1 0 0 0 1 1 0 1 1 0 0 0 0 0 0 1 0 1 1 1 0 0 0 0 0 1 0 0 1 0 1 1 1 0 1 1 1 0 1 0 1 1 1 0 1 0 1 0 1 0 0 0 1 0 0 1 0 0 1 1 1 0
0 1 1 1 1 0 1 1 1 0 1 0 0 1 0 0 1 0 1 0 1 0 0 0 1 1 1 0 1 1 0 0 0 0 0 1 1 1 0 1 1 0 0 1 0 0 0 0 0 1 0 1 0 1 1 1 0 0 0 1 1 0 1 0 1 1 1 1 0 0 1 1 1 1 1 0 0 1 0 1 0 0 0 0 1 0 0 0 0 0 0 0 1 1 0 1 0 1 1 0 1 1 1 0 0 0 1 0 1 1 0 0 1 0 1 0 1 1 0 0 1 0 1 0 1 1 0 1 1 0 1 0 0 0 0 0 1 1 0 1 1 1 0 1 0 0 1 0 0 0 1 1 1 0 1 0 0 1 0 0 1 0 1 0 0 1 1 0 0 0 1 1 1 0 0 0 0 0 1 0 0 1 0 1 1 0 0 0 0 1 0
0 0 1 0 0 0 1 1 1 1 0 1 1 1 0 1 0 1 0 0 1 1 0 0 1 1 0 1 0 1 0 1 1 0 0 0 0 1 0 0 0 1 1 1 0 1 1 1 0 0 1 1 1 0 0 1 1 0 1 1 1 1 1 0 1 0 1 1 0 0 1 0 1 1 0 1 0 0 0 1 0 1 0 0 1 1 0 0 1 1 1 0 1 0 0 1 0 1 0 0 0 0 0 0 1 0 1 0 0 0 0 1 1 1 0 0 1 0 0 0 1 1 0 0 0 0 0 0 1 0 1 1 0 0 0 1 1 1 1 0 0 1 1 1 0 0 0 0 0 1 0 0 0 1 0 0 1 1 1 0 0 1 1 1 1 1 0 1 1 0 0 1 1 1 0 1 1 0 0 1 1 1 1 0 0 1 0 1 1 1 0
1 1 1 1 0 0 0 1 0 1 0 0 0 0 0 1 1 0 0 0 0 1 1 1 0 0 1 0 0 1 1 1 0 0 1 1 0 1 1 1 0 0 0 1 0 1 0 0 1 0 1 0 0 0 0 0 0 0 1 0 0 1 1 0 1 0 1 1 0 1 1 1 0 1 1 0 1 0 1 1 0 1 1 1 0 1 1 1 0 1 1 1 1 0 1 0 1 0 1 1 1 1 0 1 0 1 1 1 0 0 1 1 1 1 0 1 1 1 0 1 0 0 0 0 1 0 1 0 0 0 1 0 1 0 1 1 0 1 1 0 1 0 0 1 1 0 1 1 0 0 0 0 1 0 1 1 1 0 0 0 0 0 1 0 0 0 1 0 0 1 0 1 1 0 0 1 0 0 0 0 1 1 1 1 0 0 0 1 0 1 1
1 1 1 1 0 1 1 1 1 1 1 1 0 1 1 0 0 1 0 1 0 0 0 0 1 1 1 1 0 1 0 1 0 0 1 1 0 1 0 0 1 0 0 0 0 1 1 1 0 1 0 0 1 0 1 0 1 0 1 0 1 0 0 1 0 1 1 1 1 0 1 0 0 1 1 1 0 0 1 0 0 0 1 1 1 1 1 1 0 1 0 0 1 1 0 0 1 0 1 0 0 1 0 0 1 1 1 1 0 0 0 0 0 0 0 0 1 1 1 1 1 1 1 1 0 0 1 1 0 0 0 1 1 0 0 0 1 1 1 0 1 1 0 1 1 0 1 1 0 0 1 0 0 1 1 0 0 1 1 1 1 0 0 0 1 0 0 0 1 0 0 0 1 0 1 1 1 1 0 0 0 0 1 1 1 1 1 0 0 0 0
0 0 1 0 0 1 0 1 0 1 1 0 0 1 1 1 0 1 0 1 1 1 1 0 1 1 0 0 1 1 0 0 1 0 1 0 0 0 0 0 0 0 1 0 1 0 1 1 1 1 0 1 0 1 1 1 0 0 0 0 0 0 1 0 0 1 1 0 1 0 0 1 1 1 1 0 0 1 1 1 1 0 1 0 0 1 0 1 1 0 1 0 0 0 1 0 1 0 0 1 1 1 0 0 0 0 1 0 1 0 1 1 1 0 0 0 1 1 1 1 1 1 0 1 1 1 1 0 0 1 1 1 1 0 0 0 0 1 1 0 0 1 0 0 0 0 1 1 1 1 0 1 0 0 0 0 0 1 1 1 1 0 0 1 0 0 1 0 0 1 0 1 0 1 0 1 1 0 0 0 0 1 0 1 0 0 0 0 0 1 1
0 1 0 1 0 1 0 0 1 1 1 0 1 0 0 0 1 1 0 1 0 1 1 1 1 1 0 1 1 0 1 1 1 1 1 1 1 0 1 0 0 0 0 1 0 1 0 1 1 1 1 0 0 0 1 1 1 0 1 1 0 1 0 1 1 1 1 1 0 0 0 0 0 0 1 0 1 1 0 1 0 1 1 1 1 0 0 1 0 0 0 1 0 1 1 0 0 1 1 1 0 1 0 1 1 0 0 0 0 0 1 0 1 0 1 0 0 0 1 0 1 1 0 0 0 0 0 1 1 1 1 1 0 0 0 0 0 0 0 1 1 0 0 1 0 1 0 1 0 0 0 0 0 0 0 1 1 1 0 1 0 0 0 0 0 1 0 1 0 1 1 1 1 1 1 0 0 0 0 1 0 0 0 0 0 1 0 1 0 1 0
1 1 1 1 0 1 1 0 1 0 1 0 1 0 1 1 1 0 1 1 1 0 0 1 0 1 0 0 1 1 1 0 1 1 0 0 0 0 1 1 1 0 0 1 0 1 1 0 1 0 0 1 1 0 0 0 1 1 1 0 0 0 1 1 0 0 1 1 0 0 0 1 1 1 1 0 1 1 0 1 1 0 1 1 1 0 0 1 1 1 0 0 1 0 0 0 1 1 1 0 1 1 0 1 0 1 1 0 0 1 0 0 0 1 1 1 1 0 1 0 0 1 0 1 0 0 0 0 0 1 0 1 0 0 1 0 1 0 1 0 1 0 1 0 1 0 0 0 0 1 1 0 1 1 0 0 0 0 0 1 0 1 1 1 1 0 1 1 1 1 0 0 1 1 0 0 1 0 0 0 0 1 1 1 0 0 1 1 0 0 1
0 0 1 1 0 1 1 1 0 0 1 0 1 1 1 1 0 1 0 1 1 1 1 0 0 1 0 1 1 0 0 0 1 1 1 0 0 1 1 1 0 1 0 0 1 1 0 1 1 1 1 0 0 0 0 1 0 0 1 0 0 0 1 0 1 1 0 0 1 0 1 1 1 0 0 0 1 0 0 1 0 0 0 0 1 1 0 0 1 1 0 0 1 1 0 1 1 0 1 0 0 0 0 0 0 1 1 1 0 1 0 0 1 1 0 1 0 1 0 0 0 1 1 1 1 1 0 1 0 0 1 0 0 1 0 1 1 0 0 0 0 0 1 0 1 0 1 1 0 1 0 1 0 0 0 0 1 0 1 1 0 0 0 0 1 1 0 0 0 0 1 0 1 0 0 0 1 1 0 0 1 0 1 1 1 0 0 1 1 0 0
1 1 0 1 1 1 1 0 1 1 0 1 1 0 0 0 0 0 0 0 0 1 0 1 1 0 0 0 1 0 0 0 0 0 0 1 1 0 0 0 1 0 1 0 1 1 0 1 1 1 1 0 0 1 1 0 1 0 1 0 1 0 1 0 1 0 1 1 1 1 1 0 0 0 0 0 1 0 1 0 0 1 1 1 1 1 0 0 1 1 0 0 0 1 0 1 1 0 0 0 1 1 0 0 1 1 0 0 1 1 1 1 1 0 1 0 1 0 0 1 0 1 1 1 1 0 1 1 1 0 0 1 0 1 1 1 1 0 0 0 0 0 0 1 1 1 0 1 1 0 0 0 0 0 1 1 1 0 0 0 0 1 1 1 1 0 0 0 1 1 1 1 0 0 0 0 1 0 1 1 0 1 1 1 0 1 0 0 0 0 0
1 1 0 1 1 1 1 1 0 1 1 1 1 0 0 0 1 0 1 0 0 1 0 0 1 0 0 0 1 1 0 0 1 1 0 0 0 1 0 1 1 1 1 1 0 0 0 1 0 1 0 0 0 1 0 0 1 0 0 1 1 1 1 1 1 0 1 0 0 1 0 1 1 0 0 1 0 0 0 1 0 0 0 1 1 1 1 1 0 0 1 1 1 1 0 0 1 1 0 1 1 1 1 0 0 0 0 1 0 1 1 1 1 0 0 1 0 1 0 0 0 1 1 0 0 1 0 0 1 1 0 0 0 1 0 1 0 0 1 0 1 1 0 0 1 0 1 1 1 1 0 0 1 0 0 0 1 1 0 1 1 0 0 0 0 0 0 1 1 0 1 0 0 1 0 1 1 0 0 1 1 0 0 1 1 1 1 1 0 0 0
0 0 0 1 1 0 0 0 1 0 1 1 0 1 1 1 0 0 0 1 0 1 0 1 0 0 0 0 0 0 0 1 1 0 1 0 1 1 1 0 0 1 1 1 0 1 0 1 1 0 1 0 0 0 0 0 1 0 0 1 1 0 1 0 0 0 0 0 0 1 0 1 0 0 1 0 0 0 0 0 1 0 0 0 1 0 0 0 0 1 1 0 0 1 1 1 1 1 1 1 1 1 1 1 1 0 0 0 1 1 0 1 0 1 1 0 0 1 1 1 0 0 0 1 0 1 1 1 1 0 1 1 0 1 1 0 0 1 1 1 0 0 0 0 1 1 1 0 1 0 0 0 0 0 0 0 0 1 0 0 0 0 0 1 1 0 1 1 1 0 1 0 0 0 0 1 1 1 1 1 1 1 1 1 0 0 1 0 1 1 0
1 0 1 1 1 0 1 0 0 1 0 1 1 1 0 0 0 0 0 0 0 0 0 0 1 1 0 0 0 1 0 1 1 0 0 1 1 1 0 0 1 0 0 0 1 1 0 1 1 1 1 1 1 1 0 1 0 0 1 1 0 0 0 0 1 1 0 0 1 0 0 1 1 1 1 1 1 1 0 0 1 0 0 1 0 1 1 0 1 0 1 1 1 0 1 1 0 0 1 1 0 1 1 0 1 0 0 1 1 0 0 1 0 1 0 0 1 1 1 1 1 1 1 0 0 1 0 1 1 1 0 1 0 0 0 1 0 0 1 0 0 1 0 0 0 0 1 0 1 0 0 0 0 0 1 1 0 0 0 1 1 1 1 1 1 1 1 1 1 1 0 0 0 0 0 0 0 1 0 1 1 0 0 1 1 0 0 1 1 0 0
1 1 1 0 0 0 1 1 1 1 0 0 1 1 0 1 0 0 1 1 1 0 0 1 0 1 1 1 0 0 1 0 0 1 0 0 1 0 1 1 0 1 0 1 0 0 1 0 0 0 0 0 1 1 0 1 1 1 0 0 0 1 0 0 1 0 1 1 1 0 1 0 1 0 1 1 1 0 0 1 1 1 1 1 1 0 0 1 1 1 1 1 0 1 1 0 1 1 1 0 0 1 1 0 1 1 0 1 1 0 0 1 1 0 1 0 0 1 1 1 0 0 0 1 0 1 1 1 1 0 1 0 0 0 1 0 0 1 1 1 1 1 0 0 0 1 0 1 1 1 1 1 1 1 0 1 0 1 1 1 1 0 1 0 0 1 0 0 0 0 0 0 0 0 0 0 0 0 1 1 1 0 0 1 0 0 1 1 0 1 0
1 1 0 0 1 0 1 0 0 1 1 1 1 1 0 1 1 1 0 1 1 0 1 0 0 0 0 0 1 1 1 1 1 1 0 0 0 0 1 0 1 0 1 1 1 0 1 1 1 0 1 0 1 1 1 1 0 0 1 1 1 1 0 1 0 0 1 1 0 1 1 1 0 1 0 0 0 1 0 0 0 0 0 0 1 0 1 0 1 1 0 1 1 0 1 0 0 0 1 1 0 1 1 1 1 1 1 0 1 1 1 1 0 1 1 1 0 1 1 1 1 0 0 0 1 1 0 1 0 0 0 0 0 0 1 1 1 0 0 1 1 0 0 0 1 1 0 1 1 0 0 0 1 0 0 0 1 0 1 1 1 0 1 0 1 1 1 0 0 0 0 1 1 1 0 1 1 0 1 1 0 1 0 0 1 1 0 0 0 1 0
0 1 0 0 0 0 1 0 1 0 1 1 1 1 0 0 1 0 1 0 0 1 1 1 1 1 1 0 1 0 0 1 1 0 0 1 1 1 1 0 0 1 0 0 0 1 1 0 0 0 1 0 0 1 1 1 1 0 1 0 1 0 1 0 0 1 1 1 1 0 1 1 1 1 1 1 0 1 1 0 0 0 1 1 0 0 1 1 1 1 0 0 1 0 0 0 0 0 1 0 1 1 1 1 1 1 1 0 1 0 0 0 1 1 1 1 1 0 0 0 0 0 0 1 0 1 1 0 0 1 0 0 1 1 1 0 0 0 1 1 1 0 0 0 0 1 1 0 1 0 0 0 0 1 0 0 1 1 1 0 1 1 0 0 1 1 1 0 1 0 0 0 0 0 0 1 0 1 1 1 1 1 0 0 1 1 0 0 0 0 0
1 1 0 0 0 1 0 0 1 1 1 1 0 0 1 0 1 0 0 1 1 0 1 0 0 1 1 1 1 1 0 1 0 1 1 0 0 1 0 1 0 1 1 0 1 0 0 0 0 0 0 1 0 1 0 0 1 0 1 1 1 1 1 0 1 1 1 1 0 1 0 1 1 0 0 1 1 0 0 1 0 0 0 1 0 1 0 0 1 0 0 1 0 0 0 1 1 1 1 1 0 1 1 1 1 1 1 0 1 0 1 1 0 1 0 1 0 0 0 1 0 0 0 0 1 1 0 1 0 0 1 1 0 0 0 0 1 1 1 1 0 1 1 1 0 0 0 1 0 0 1 0 1 1 1 1 0 0 0 0 0 1 0 0 0 0 0 1 1 1 0 0 0 0 1 0 1 1 1 1 1 0 0 1 0 0 1 0 1 1 1
C Elapsed Time 523.670000 
