C Criteria = 0
C Removed Row = 10
C Missings = 0
C Uncovering Columns = 0
C
92 90 2^90 4
0 1 0 1 0 0 0 1 1 1 0 0 0 0 0 0 0 0 1 1 0 1 0 0 0 0 1 1 0 0 1 0 1 0 0 1 0 0 0 1 0 1 1 0 0 1 0 0 1 0 0 1 1 1 1 1 1 0 1 1 0 0 1 0 1 1 0 1 1 1 1 1 1 1 0 0 1 1 0 0 0 0 1 0 1 1 1 1 0 1
0 0 0 1 1 1 1 0 1 0 0 1 0 1 1 1 1 0 0 1 0 1 0 0 1 1 1 0 1 1 1 0 0 1 0 0 1 0 1 1 1 0 0 1 0 0 0 0 1 0 0 0 1 1 1 1 0 1 1 1 0 0 0 1 0 1 1 0 0 0 1 1 0 1 0 1 1 0 0 0 1 0 0 1 1 0 0 0 0 1
0 0 1 0 1 1 1 0 0 0 1 1 0 0 0 0 1 0 1 0 0 0 1 0 0 0 0 1 1 1 1 1 1 1 1 0 0 1 1 1 0 1 1 1 0 0 0 0 1 0 0 0 0 0 0 1 1 1 0 1 0 1 1 0 1 0 0 1 1 1 1 1 0 0 0 0 1 0 1 1 1 0 1 1 0 0 0 1 1 0
0 1 0 0 0 0 0 0 0 0 1 0 0 1 0 1 1 1 0 1 1 0 0 0 1 1 0 0 0 1 1 0 1 0 0 1 0 1 0 0 0 1 1 0 1 0 0 1 1 1 0 1 0 0 0 1 0 1 1 1 0 0 0 0 0 1 1 0 1 1 1 0 1 0 1 1 1 1 1 1 1 1 1 1 0 0 0 0 1 1
0 0 1 0 1 0 1 1 0 1 1 1 1 1 1 0 0 0 0 0 0 0 1 0 1 0 1 1 0 1 1 0 0 0 0 1 0 0 1 0 0 1 0 1 0 1 1 0 0 1 1 0 0 0 1 1 0 1 0 0 0 0 1 0 1 1 0 0 0 1 1 0 1 1 1 1 0 0 0 0 1 0 1 1 0 1 1 0 1 1
0 0 0 0 0 0 1 1 1 0 0 0 1 0 0 1 0 1 1 1 1 1 0 0 0 0 1 1 1 1 0 1 0 0 0 1 1 0 1 0 0 1 0 1 0 1 1 1 1 0 1 1 0 1 0 0 0 1 0 0 1 1 1 1 0 1 1 0 0 1 1 0 0 0 1 0 1 0 1 0 1 0 1 0 1 0 0 1 1 1
1 1 1 1 1 1 0 0 1 1 1 0 0 1 0 0 0 1 1 1 1 0 1 1 0 0 0 1 0 1 0 0 0 1 0 1 1 1 0 0 1 0 1 0 1 1 0 0 0 0 0 0 0 1 1 1 0 1 0 0 0 1 0 1 1 0 1 0 0 1 1 0 1 1 0 1 1 1 1 0 1 0 0 0 1 0 0 1 1 0
1 1 0 0 1 0 1 1 0 1 0 1 1 0 1 1 1 1 0 1 0 1 1 0 0 0 1 0 1 0 1 1 0 1 1 1 1 1 0 0 0 0 0 1 1 1 0 0 0 1 0 1 1 0 1 1 0 0 0 1 0 1 0 0 0 0 0 1 1 1 1 0 0 0 0 1 1 1 0 1 0 1 0 0 0 0 0 1 0 1
0 0 1 1 1 0 1 1 1 1 1 0 0 0 1 0 1 1 0 1 0 0 0 1 1 1 1 0 0 1 0 1 1 0 1 1 0 1 1 0 1 0 1 1 0 0 0 1 1 0 0 0 0 0 1 0 0 1 1 0 1 1 1 0 0 0 1 1 1 1 1 0 0 0 0 1 0 1 0 0 0 0 1 0 1 1 1 0 0 0
1 0 1 1 1 1 1 1 1 0 1 0 0 0 0 1 1 1 1 0 0 1 1 0 0 0 1 0 1 1 0 0 1 0 1 1 0 0 0 1 1 1 0 0 1 1 0 1 1 1 1 1 1 0 0 0 0 0 0 0 0 1 0 0 1 1 0 0 1 0 1 1 1 1 1 1 0 0 1 0 0 1 0 1 1 0 0 0 0 0
0 1 1 1 0 0 1 1 1 1 0 1 0 0 1 1 0 0 1 0 1 0 1 1 0 0 0 1 0 1 1 0 0 1 0 0 0 0 1 1 1 0 0 0 0 1 0 0 1 1 0 0 0 0 0 0 0 0 1 1 1 0 1 1 0 0 1 0 1 1 1 0 0 1 1 1 1 1 1 1 0 1 0 1 0 0 1 1 0 0
1 1 1 1 0 0 1 1 0 0 1 1 1 0 0 0 1 1 0 1 0 0 0 0 0 1 1 0 1 1 1 0 0 0 0 1 0 0 1 1 0 0 1 0 1 0 1 0 0 0 0 0 1 0 0 0 1 0 0 1 1 1 1 1 0 0 1 1 0 0 0 1 1 1 1 0 0 1 0 1 1 1 0 1 1 1 0 1 1 1
1 1 1 1 0 1 0 0 0 0 1 0 0 0 1 0 0 1 0 0 1 1 0 1 1 1 1 1 1 1 1 1 1 1 0 0 1 1 0 1 0 1 0 0 0 0 0 1 0 1 1 1 1 0 1 0 1 1 0 1 0 0 1 0 0 0 0 0 0 1 1 0 0 1 1 1 0 0 0 1 1 0 0 0 1 1 0 1 0 0
1 1 1 0 1 0 1 0 1 1 1 0 1 1 0 1 0 0 0 1 0 0 0 1 1 0 1 1 1 1 0 0 1 1 0 0 1 1 0 1 0 0 0 0 0 0 1 0 1 1 1 1 0 0 0 1 1 0 0 0 1 1 1 0 0 1 0 1 1 0 0 0 0 1 0 0 1 1 1 0 1 0 0 1 1 0 1 0 0 1
1 1 1 1 0 1 1 1 0 1 0 0 1 1 0 0 1 0 1 0 1 0 1 0 0 1 1 1 1 0 1 1 1 1 0 1 1 1 0 0 1 0 1 0 0 0 0 0 0 0 1 0 1 1 0 0 0 0 1 1 0 1 1 0 0 1 1 0 1 0 0 0 1 0 1 1 0 0 1 0 1 0 1 0 0 0 1 0 0 1
0 1 0 0 0 0 0 0 0 1 0 0 0 1 0 0 0 1 0 1 0 0 1 1 1 1 1 1 1 1 1 1 0 1 1 1 1 0 1 1 1 1 0 0 0 1 0 1 1 0 1 0 1 0 0 0 0 0 1 0 0 1 0 1 1 0 0 1 0 1 0 1 1 0 0 0 1 1 1 0 1 1 1 1 0 1 0 0 0 0
1 1 0 1 1 0 0 0 1 0 0 1 0 0 0 1 0 1 0 0 1 1 1 1 1 1 1 0 1 0 0 1 0 0 1 1 0 0 0 1 0 0 0 1 0 0 1 0 0 0 0 0 0 1 1 0 1 1 1 0 0 1 1 0 0 1 0 1 1 1 0 0 1 1 1 1 1 0 1 0 1 1 0 1 0 0 1 1 1 0
0 0 1 0 0 1 1 1 1 0 1 0 0 0 1 1 0 0 0 1 1 0 0 0 1 1 0 1 1 0 0 1 1 1 1 0 0 0 0 0 1 0 0 0 0 1 0 0 0 1 0 0 1 1 1 1 0 1 0 1 0 1 0 0 1 0 1 1 0 0 0 0 1 0 1 0 1 1 1 0 0 1 0 1 1 1 1 1 1 1
1 1 0 0 1 1 0 1 1 0 1 0 1 0 0 0 1 0 1 1 0 1 1 1 1 1 1 1 0 0 1 1 0 0 0 0 0 1 1 1 0 0 0 0 1 1 0 0 1 1 1 1 0 0 1 0 0 1 0 1 1 0 0 1 1 0 1 1 1 0 0 1 1 0 1 1 1 0 0 0 1 0 0 0 0 0 1 0 1 0
1 0 1 1 0 1 0 1 1 0 0 1 1 1 0 1 0 1 1 0 1 1 0 1 1 0 1 0 0 1 0 0 0 1 0 0 1 1 1 1 0 0 1 1 1 0 0 0 0 1 0 0 1 0 0 0 0 1 0 0 0 1 0 0 1 0 0 1 0 1 1 1 1 0 1 0 1 1 1 1 0 0 1 0 0 1 1 0 0 1
1 1 1 0 1 1 0 1 0 1 0 0 1 0 1 1 1 1 0 1 0 1 1 1 0 1 0 0 0 0 0 1 0 0 0 0 1 0 0 0 1 1 0 1 0 0 0 1 1 1 0 0 0 0 0 1 1 0 1 0 0 0 1 0 1 0 1 1 0 0 1 1 1 1 1 0 0 0 1 1 1 0 1 1 1 0 1 1 0 1
0 0 0 1 0 1 1 0 0 1 1 0 1 0 1 1 0 0 1 0 1 1 1 1 1 1 0 0 1 0 0 0 1 1 0 1 0 0 1 0 0 0 0 0 0 0 1 1 0 0 0 1 0 0 0 1 1 0 0 1 1 1 0 1 1 0 1 1 1 1 1 1 1 1 0 1 1 0 0 0 1 1 1 0 0 1 0 0 0 1
0 1 0 0 1 1 1 0 0 0 0 0 0 0 0 1 0 1 0 1 0 1 1 1 0 0 0 1 0 0 1 1 1 1 1 1 0 1 1 1 0 0 1 0 0 0 1 1 0 0 1 0 1 1 0 0 0 0 0 0 1 0 0 0 1 1 1 0 0 0 1 0 0 1 1 1 1 1 0 1 0 0 1 1 1 1 1 0 1 1
1 1 1 0 1 0 1 0 0 0 0 0 0 1 0 1 1 0 1 0 1 1 1 1 1 0 1 0 0 1 1 0 0 0 1 0 1 0 1 0 1 1 1 0 0 1 1 1 1 0 1 0 0 1 1 1 1 1 0 1 0 1 0 0 0 0 1 1 1 0 0 0 1 1 1 0 0 1 0 1 0 0 0 0 0 1 0 1 0 1
0 0 0 1 1 1 1 0 1 1 0 0 0 1 0 1 1 1 0 1 1 0 1 0 0 0 0 0 0 1 1 1 1 0 0 0 0 0 1 1 0 1 0 0 1 1 1 0 0 1 0 1 1 1 1 0 1 0 1 0 0 1 1 1 1 0 1 1 0 1 0 0 0 0 0 1 0 0 1 1 1 0 0 0 0 1 1 0 0 1
1 0 1 0 1 1 0 1 1 0 0 1 1 0 0 0 0 0 1 1 1 1 1 1 1 1 0 0 1 1 1 1 1 1 0 1 0 0 1 0 0 0 0 1 1 1 0 0 1 0 1 1 0 1 0 1 1 0 1 0 0 0 1 0 0 1 1 0 0 1 0 0 1 0 0 0 0 1 0 1 0 1 0 1 1 1 0 0 0 0
1 1 0 1 1 0 0 1 0 0 0 0 0 1 1 1 1 1 1 1 1 0 0 1 1 0 0 1 1 1 0 0 1 0 1 0 0 0 1 0 1 0 0 1 1 1 0 0 0 0 1 0 0 0 0 0 1 0 0 1 0 0 1 0 1 1 0 0 1 0 0 1 0 0 0 1 1 0 0 1 1 1 1 0 1 1 1 1 1 1
0 0 0 0 1 0 0 0 0 1 1 0 0 1 1 0 0 1 1 1 1 1 1 0 0 0 1 1 1 0 0 0 1 1 0 0 0 0 0 1 1 0 0 1 1 0 0 1 0 0 1 0 1 0 1 1 1 1 1 0 1 1 1 1 0 0 1 0 1 1 1 1 1 0 1 0 0 1 0 1 0 0 0 1 0 0 1 0 1 1
0 1 1 0 0 0 0 0 1 0 0 1 0 1 1 1 1 1 1 1 1 0 1 0 0 0 1 1 1 0 0 1 1 0 0 0 0 1 1 0 0 0 1 1 0 0 1 0 1 1 1 0 1 0 0 1 1 1 1 1 1 0 0 1 1 0 0 1 0 0 1 0 1 1 0 1 0 0 1 0 0 1 0 0 1 1 0 0 0 0
0 0 1 1 1 0 1 0 0 1 1 0 1 1 0 1 1 1 1 0 1 1 0 1 0 1 1 0 0 0 1 1 0 1 0 0 0 0 1 0 0 1 1 0 0 1 0 0 0 0 1 1 1 0 0 1 1 1 1 0 1 0 0 0 0 0 0 0 0 0 0 1 0 0 0 1 1 1 1 0 0 1 1 1 1 0 1 1 1 0
1 0 0 1 0 0 0 0 0 0 0 0 1 0 0 0 1 0 1 1 0 0 1 0 0 1 0 0 0 1 0 0 0 1 1 0 1 1 1 1 1 1 0 1 0 0 1 1 0 1 1 1 1 0 0 1 1 1 1 1 0 1 1 0 1 1 1 1 0 1 0 0 0 1 1 1 1 1 0 0 0 1 0 0 1 1 1 0 1 0
1 0 0 0 0 1 0 1 0 0 0 1 1 1 0 0 1 0 0 0 1 1 0 1 0 0 1 1 0 1 0 1 1 1 1 1 0 0 0 1 1 0 1 0 1 1 1 1 1 1 0 0 1 0 0 1 1 1 0 0 0 0 0 1 0 0 1 1 1 1 0 0 0 1 0 1 0 0 0 0 1 1 1 1 1 0 1 1 0 1
1 1 0 1 0 1 1 0 0 0 1 1 1 0 0 1 0 0 0 1 0 0 1 1 1 0 1 0 0 0 0 0 1 1 1 0 0 0 1 0 0 1 0 1 1 0 1 1 1 1 1 0 1 1 1 0 0 0 1 1 0 0 1 1 0 0 0 0 1 1 0 1 1 0 0 1 0 1 1 0 0 0 1 0 1 0 0 1 1 1
1 1 0 1 0 0 0 0 1 0 1 1 1 1 1 0 1 0 1 0 0 0 1 1 0 1 0 0 1 0 0 0 0 0 0 0 0 1 0 1 0 0 0 1 0 1 1 1 1 0 1 1 1 1 1 0 0 1 0 0 0 1 0 0 1 0 1 0 1 0 1 0 0 0 0 0 0 1 1 1 1 1 1 1 1 1 1 1 0 1
0 0 1 1 1 0 0 1 1 0 1 0 0 1 1 0 1 1 0 0 0 1 1 0 0 1 0 1 0 0 0 1 0 1 0 0 1 1 1 0 0 0 0 0 1 1 1 1 1 1 0 0 1 1 0 0 1 0 1 1 1 1 0 0 0 1 0 0 1 1 0 0 1 1 0 0 1 0 0 0 0 0 1 1 0 1 0 1 1 1
0 0 1 1 1 0 0 0 0 1 0 0 0 0 1 0 0 0 0 1 1 1 0 0 1 0 0 0 1 0 1 0 0 1 0 1 1 1 0 1 0 1 1 1 1 1 1 0 1 1 1 0 0 1 0 0 1 0 0 1 0 1 0 1 0 0 1 1 1 0 1 1 0 0 1 1 0 0 1 0 0 1 1 1 1 1 1 0 1 0
0 1 1 1 1 1 0 0 0 1 0 1 1 1 1 1 0 0 1 1 1 0 0 0 0 1 0 0 0 1 0 1 1 0 1 1 1 0 1 1 0 1 0 1 1 1 0 1 0 0 0 1 1 1 0 0 0 1 0 1 1 0 0 0 0 0 0 1 1 0 1 0 1 1 0 0 0 1 0 0 1 0 0 1 0 0 1 0 1 0
1 0 1 0 0 1 1 0 0 1 0 0 0 0 1 0 1 1 1 1 1 0 0 1 1 0 0 0 0 0 0 0 0 1 1 1 0 0 0 1 0 0 1 1 1 1 1 0 1 1 1 1 1 0 1 0 0 1 1 1 1 1 1 0 1 1 1 0 0 0 0 0 1 1 0 0 1 0 0 1 1 0 1 1 0 0 0 1 0 0
1 1 1 1 0 0 0 1 1 0 0 0 1 0 1 1 0 1 1 0 0 1 1 0 1 1 0 1 0 1 1 0 1 1 1 0 0 1 0 1 1 1 1 1 0 1 1 0 0 0 0 1 0 0 1 1 0 0 1 0 1 1 0 1 0 0 0 1 0 0 0 0 1 0 0 1 0 0 0 1 1 0 1 1 1 0 0 0 1 1
1 1 1 0 0 1 0 1 1 0 0 1 0 0 1 1 0 1 0 0 0 0 1 0 0 0 1 0 0 1 0 1 0 1 0 0 1 0 0 0 0 1 1 0 1 0 0 1 0 0 1 1 0 1 1 1 1 1 0 1 1 1 1 1 1 1 1 0 1 0 0 1 0 0 0 1 1 1 0 0 1 1 1 1 0 1 1 0 0 0
1 1 1 0 1 0 0 1 0 0 1 0 1 0 1 1 1 0 0 0 1 0 0 0 1 1 0 1 1 0 0 1 0 1 0 1 0 0 1 1 1 1 1 0 1 0 1 0 1 0 1 1 0 1 0 0 0 1 1 0 0 1 0 1 1 1 0 0 0 1 1 1 0 1 0 1 0 1 0 1 0 0 0 0 0 0 1 1 0 1
1 1 1 1 0 0 1 0 0 0 1 1 0 1 0 0 1 0 0 1 1 1 1 0 1 0 1 1 0 0 0 1 0 0 1 0 0 1 0 0 1 1 0 1 0 1 0 0 0 1 0 1 0 1 0 0 1 0 0 0 1 1 0 1 0 1 1 0 0 1 1 1 1 1 0 0 1 1 0 1 1 1 1 0 1 0 1 0 0 0
1 0 0 0 0 0 1 0 0 0 0 1 1 0 1 1 1 0 1 1 0 0 0 0 1 0 1 0 0 0 1 1 1 1 0 0 1 1 1 0 1 0 1 0 1 1 0 1 0 0 0 1 0 0 1 0 1 0 1 0 0 1 0 1 1 1 0 0 1 1 1 0 1 1 1 0 0 0 1 0 1 0 0 1 1 1 1 1 1 0
0 1 0 0 0 1 1 1 0 1 1 1 0 1 1 1 0 1 0 0 1 1 1 0 1 1 0 0 0 1 1 0 0 0 0 1 0 1 1 1 1 0 1 1 0 0 0 1 1 1 1 1 1 1 0 1 1 0 0 0 0 1 1 1 1 0 0 0 1 0 0 0 1 0 0 0 1 0 0 0 0 0 0 0 1 0 1 1 1 0
0 0 0 1 0 0 0 0 0 1 1 1 0 0 0 1 0 0 1 0 0 1 0 0 1 0 0 1 1 1 0 1 0 0 1 0 1 1 1 0 1 0 1 0 1 0 0 0 1 1 1 1 1 1 1 0 1 0 1 0 1 0 1 0 1 0 1 1 0 0 1 0 1 0 1 1 0 1 0 0 1 1 1 1 0 0 0 1 0 1
0 0 0 1 0 1 0 0 1 1 1 0 1 1 0 1 1 1 0 0 0 1 1 0 1 0 1 1 1 0 0 0 1 1 0 1 1 1 1 0 0 1 1 1 0 1 0 1 1 0 0 0 0 0 1 0 0 0 0 1 0 0 1 1 1 1 1 1 0 0 0 0 0 1 0 0 0 1 0 1 0 1 0 1 0 0 1 1 1 0
0 1 0 1 0 1 1 1 1 1 1 1 0 0 1 1 1 0 0 0 0 1 0 1 0 0 1 1 1 0 0 0 0 0 1 1 1 1 1 1 1 1 0 0 1 0 1 0 0 0 1 1 0 0 0 1 1 1 1 1 0 0 0 0 0 0 1 0 0 1 0 0 1 0 0 0 0 0 1 1 0 0 1 1 0 1 1 0 1 0
1 0 1 0 1 0 0 1 0 1 0 0 0 1 0 1 0 0 1 0 0 0 0 1 0 1 1 1 0 0 1 0 1 0 1 1 1 1 1 1 0 0 0 1 0 0 0 1 0 1 0 1 0 1 1 0 1 1 0 1 1 1 0 1 1 1 1 0 0 1 0 1 1 0 0 1 0 0 1 1 0 1 0 1 1 0 0 1 0 1
1 0 1 0 0 0 0 0 1 1 1 1 1 0 1 0 0 0 0 0 1 1 1 0 0 1 1 0 0 1 0 1 1 0 1 1 1 0 1 1 1 0 1 0 0 1 1 0 0 1 1 0 0 0 1 0 1 0 1 1 0 0 0 0 1 1 1 0 1 0 1 1 0 0 0 0 1 1 1 1 1 0 0 0 1 0 0 0 1 1
0 0 1 0 0 0 0 1 1 1 0 0 1 1 0 1 1 0 0 1 0 1 1 0 1 1 0 0 0 0 0 0 1 1 1 1 0 1 1 1 1 1 0 0 1 0 0 0 0 0 1 0 1 1 1 0 1 1 0 0 1 0 1 1 0 0 0 0 1 0 1 0 0 1 1 0 1 0 1 1 1 1 1 0 0 1 0 1 0 0
1 1 1 0 1 0 1 1 1 0 1 1 0 1 0 1 0 0 1 0 0 0 0 0 0 1 0 0 1 0 0 0 1 1 1 1 1 0 0 0 0 0 1 1 0 1 0 1 1 1 1 1 1 0 1 0 1 0 1 0 0 0 0 1 0 0 1 1 0 1 0 1 0 1 1 0 1 0 0 1 1 0 1 0 0 1 1 0 1 0
0 1 0 1 1 1 1 1 1 1 0 1 1 1 1 0 0 1 0 0 1 0 0 0 0 0 0 1 0 0 1 0 1 1 1 0 0 1 1 0 0 1 0 0 1 0 1 1 1 0 1 0 0 0 1 0 1 1 1 0 0 1 0 0 0 1 1 1 0 0 1 1 1 0 1 0 1 0 0 0 1 1 0 0 1 0 0 1 0 0
0 1 0 1 0 1 0 1 1 0 1 0 0 1 0 0 0 0 0 1 1 0 0 1 0 0 1 0 0 1 1 1 1 1 0 1 1 0 1 0 1 0 0 1 0 0 1 0 0 1 1 1 0 1 1 1 0 0 1 0 1 1 0 0 1 0 0 1 1 0 1 1 0 1 1 0 0 0 0 1 0 1 1 1 0 0 0 1 1 0
0 1 0 0 0 1 1 1 1 1 1 0 1 1 1 0 0 0 1 1 0 1 0 1 1 0 0 0 0 1 0 1 0 0 1 0 0 1 0 0 0 0 1 0 0 1 0 1 0 0 1 0 1 1 0 0 1 1 1 1 0 1 1 1 0 1 0 1 0 0 1 1 0 1 0 1 0 0 1 1 0 1 0 1 0 0 0 0 1 1
1 0 0 0 0 1 1 1 0 0 0 1 0 1 0 1 0 1 1 0 0 0 1 1 1 1 0 0 1 0 1 1 1 0 0 1 1 1 0 1 1 1 0 0 1 1 1 0 1 1 0 0 0 0 1 0 1 1 1 1 1 1 1 0 0 0 0 0 0 0 1 1 0 1 0 0 0 1 0 0 0 1 1 0 0 0 1 0 1 1
0 0 0 0 1 0 1 0 1 0 0 0 1 1 1 0 0 0 0 0 1 1 1 0 0 0 1 0 1 1 1 0 0 1 1 1 0 1 0 0 1 0 0 0 1 0 0 1 0 1 0 1 0 1 0 0 0 1 1 1 1 0 1 0 1 0 0 1 0 0 0 1 1 1 0 1 0 1 1 1 1 0 1 0 1 1 1 1 1 0
1 1 0 1 1 1 1 1 0 0 1 0 1 0 0 1 1 0 0 1 1 1 0 0 0 1 0 1 1 1 1 0 0 1 1 1 1 0 0 1 0 0 1 1 0 1 1 1 0 1 0 0 0 0 1 0 1 1 1 0 1 0 1 1 1 1 0 0 1 0 1 0 1 0 0 0 0 1 1 0 0 1 1 0 0 1 0 0 0 0
0 1 1 0 1 0 0 0 1 1 0 1 1 0 1 1 1 0 1 1 1 1 0 1 0 1 1 1 1 1 1 0 1 0 0 0 0 1 0 0 1 1 1 0 1 0 1 1 0 1 0 0 1 1 1 0 0 0 0 0 0 1 1 0 1 0 1 0 0 1 0 1 0 1 0 0 1 0 0 0 0 1 1 0 0 0 0 0 1 0
1 0 0 1 0 0 0 1 0 1 1 1 0 1 1 1 0 1 1 1 0 0 1 0 1 1 1 1 1 0 1 1 0 1 1 0 0 0 1 0 0 0 1 0 1 1 1 1 0 1 0 1 0 0 0 1 0 1 0 0 0 0 1 0 0 1 1 1 1 0 0 1 0 1 1 0 0 0 1 1 0 0 1 0 1 0 0 0 0 0
1 1 0 0 0 1 1 0 0 0 0 0 1 0 0 0 0 1 1 0 0 0 0 0 1 1 1 1 1 1 0 0 0 0 0 1 0 1 1 0 1 1 0 1 1 1 1 1 0 1 0 0 1 1 1 1 1 0 1 0 1 0 0 0 0 1 1 1 1 0 1 1 0 0 0 1 1 0 1 1 0 0 0 1 0 1 1 1 0 0
1 0 1 1 0 1 1 0 1 0 0 1 0 1 1 0 1 0 0 1 0 1 1 0 1 1 0 1 0 0 1 0 1 0 0 1 1 0 0 0 1 0 1 1 1 1 1 1 0 0 1 1 0 0 0 0 1 1 0 0 1 0 1 0 1 0 0 1 0 1 0 1 0 0 1 1 1 1 1 0 0 0 0 1 0 0 0 1 0 1
1 0 0 0 0 1 0 1 0 1 1 0 0 1 1 1 1 0 1 0 0 1 1 1 0 1 1 0 1 1 1 0 1 0 1 0 0 0 0 0 0 1 1 1 1 0 1 0 0 1 1 0 0 1 0 0 0 0 1 1 1 0 0 1 0 1 0 1 0 1 1 0 0 0 1 0 1 1 0 0 1 0 0 1 1 1 1 1 0 0
0 0 0 0 1 1 0 0 0 0 1 1 1 1 1 1 1 1 0 0 0 0 0 1 0 0 0 1 0 1 0 0 0 1 0 1 0 1 0 1 1 1 1 1 0 1 0 0 0 0 1 1 0 1 1 0 0 0 1 1 1 0 1 0 0 0 1 1 1 1 0 1 1 1 1 0 1 0 1 0 0 1 0 0 1 1 0 0 0 1
1 1 1 0 1 1 1 0 1 0 0 0 0 1 1 0 0 0 0 0 1 0 1 1 0 1 1 0 1 0 0 0 0 0 1 0 1 1 1 1 0 1 1 0 1 1 0 0 0 0 0 1 1 0 0 1 0 0 1 0 1 0 1 1 1 1 1 1 1 1 1 0 0 0 1 0 0 0 0 0 0 1 1 0 1 0 0 1 1 1
0 0 1 0 0 1 0 1 0 1 1 1 0 0 0 0 0 0 0 1 1 1 1 1 0 0 0 1 1 0 1 0 0 0 0 0 1 0 1 0 1 1 1 1 1 0 0 1 1 0 0 1 1 0 1 0 0 1 1 0 1 1 0 0 0 1 0 1 1 0 0 0 0 1 0 1 1 0 1 1 1 1 0 0 1 1 0 0 1 1
0 1 0 1 1 1 0 0 0 1 0 1 1 0 0 0 0 1 0 1 1 0 1 0 0 1 0 0 1 1 0 0 1 0 1 0 0 1 1 0 1 0 1 0 0 1 0 0 1 1 1 1 0 0 1 1 0 1 0 1 1 1 0 1 0 1 0 0 0 1 0 1 0 1 1 0 0 0 1 0 0 0 1 1 0 1 1 1 0 1
0 0 1 0 1 0 1 1 0 0 1 1 0 0 1 0 1 1 1 1 1 1 1 1 1 0 0 1 0 1 0 0 1 0 0 1 1 1 0 1 0 0 0 0 0 0 1 1 0 0 0 1 1 1 1 1 0 0 1 1 0 0 0 1 0 1 0 1 0 0 0 1 0 0 1 0 0 1 1 0 1 1 1 0 0 0 1 1 0 0
1 0 0 1 0 0 1 1 0 1 1 1 0 0 1 0 1 0 1 0 1 0 0 1 0 1 1 0 1 1 0 1 0 1 0 0 1 1 0 1 0 1 0 1 1 1 0 1 1 0 1 0 0 1 1 1 1 0 0 0 1 0 0 1 1 1 0 1 0 0 0 0 1 1 1 1 1 1 1 1 0 0 1 0 1 0 0 0 1 1
0 1 0 0 0 0 1 0 1 1 1 1 1 1 0 0 1 0 1 0 1 0 1 1 0 1 0 1 0 0 0 1 0 0 1 1 1 0 0 1 0 1 0 1 1 0 0 0 0 1 0 0 0 0 1 1 0 0 0 0 0 1 1 1 0 1 0 0 0 0 0 1 0 1 1 1 0 1 0 0 0 0 1 1 1 1 0 1 0 0
0 1 0 1 1 0 0 1 0 0 1 1 1 0 1 0 1 1 1 0 1 0 1 1 1 0 1 0 0 0 1 0 1 1 1 1 1 0 0 0 1 1 0 0 0 0 0 0 1 1 0 1 1 1 0 1 1 1 0 0 1 0 1 1 1 1 1 1 0 0 1 0 0 0 0 0 1 0 1 0 0 0 0 1 0 1 0 0 1 1
1 0 0 0 0 0 1 1 1 1 0 1 1 1 0 0 1 1 0 1 1 0 1 1 1 1 0 1 1 1 0 0 0 1 1 0 1 0 0 0 0 1 1 0 0 0 1 0 1 0 0 1 1 1 1 0 1 0 0 1 1 0 0 0 1 0 0 0 1 1 1 1 1 0 1 1 0 0 0 1 0 0 0 1 1 0 1 0 1 0
0 0 0 1 1 1 1 1 0 0 0 1 1 1 1 0 0 1 1 1 0 1 0 0 1 1 1 1 0 0 0 0 1 0 1 0 1 0 0 1 0 1 1 0 0 0 0 0 1 1 1 0 0 1 0 1 0 0 1 0 1 1 0 0 1 0 1 0 1 1 0 0 0 1 0 1 0 1 1 1 1 1 0 0 0 1 0 1 1 0
1 1 1 0 0 1 1 0 0 1 0 0 1 1 1 0 1 1 1 0 0 1 0 0 0 0 0 0 0 0 0 1 1 0 0 0 1 0 1 1 1 0 0 0 0 0 1 0 1 1 0 1 0 1 1 0 0 1 0 0 0 0 1 1 0 1 0 1 1 1 0 1 1 0 1 1 1 1 0 1 0 1 1 1 1 1 0 0 1 0
0 0 1 1 1 1 0 0 1 1 0 1 1 0 0 1 1 1 0 0 0 0 0 1 1 0 0 1 1 0 1 0 0 0 0 1 0 0 0 0 1 0 0 0 0 1 0 1 0 1 1 0 1 1 0 1 1 1 1 1 1 1 0 1 1 1 0 1 1 1 1 0 0 0 1 0 0 1 0 1 1 0 1 0 1 0 0 0 1 0
1 1 0 1 1 0 1 1 0 1 1 0 1 0 0 1 0 0 0 0 1 0 1 0 1 0 1 0 0 0 0 1 1 0 0 0 1 1 0 1 1 0 1 1 1 1 1 1 1 0 0 0 1 1 0 1 0 1 1 1 1 0 1 0 1 0 0 0 0 1 0 1 0 0 1 0 1 0 0 1 1 1 0 1 1 1 0 0 0 0
1 1 0 0 1 0 0 1 1 1 0 1 0 1 0 0 1 0 0 0 0 1 0 1 1 0 0 0 1 0 0 1 1 1 0 0 0 0 1 1 1 1 1 1 0 1 1 1 0 1 0 1 1 0 0 1 0 0 0 1 1 1 1 0 0 1 1 0 0 0 1 1 1 0 0 1 0 1 1 0 1 0 0 0 0 1 0 1 1 0
0 1 0 0 1 0 1 0 1 1 1 1 0 0 0 0 0 1 1 0 0 1 0 0 1 1 0 0 0 1 1 1 1 1 0 0 1 0 0 0 1 1 0 1 1 0 1 0 0 0 1 0 1 0 0 0 0 1 0 1 1 0 0 1 1 1 1 1 1 1 0 0 1 1 0 0 0 0 1 1 0 1 1 0 1 0 1 1 0 0
0 0 1 1 0 0 0 0 0 0 1 1 1 1 1 1 0 0 0 1 0 1 0 1 0 0 0 0 1 1 1 1 1 0 1 1 1 1 0 0 0 1 0 0 0 1 1 0 1 0 0 0 1 0 0 1 0 1 1 0 1 1 1 1 1 1 1 0 1 0 0 1 1 0 1 1 1 0 0 1 0 0 0 0 0 1 1 1 0 0
0 0 0 0 1 1 0 0 1 0 1 0 1 0 1 0 0 1 0 0 0 0 0 1 0 1 1 1 0 0 1 0 1 0 1 0 1 0 1 0 1 0 1 1 1 1 1 0 1 0 0 1 1 1 0 1 1 0 0 1 0 1 1 1 0 0 0 0 0 0 1 0 1 1 1 1 1 1 1 1 1 1 1 0 0 0 1 0 0 0
0 0 0 1 1 1 1 0 1 1 0 0 0 0 1 1 0 0 1 1 0 0 1 1 0 1 1 1 0 1 0 1 0 1 0 1 0 1 0 0 1 1 1 1 0 0 1 0 1 1 0 1 1 0 0 0 1 1 0 0 0 0 0 1 0 1 0 0 1 0 0 1 0 0 1 0 0 1 0 1 1 1 0 0 0 1 0 1 1 1
1 0 1 0 1 1 0 1 1 1 1 1 1 1 0 0 0 1 1 1 1 0 0 0 1 0 1 0 1 0 1 1 0 0 1 0 0 1 0 1 1 1 0 1 0 0 1 1 0 0 0 1 0 0 0 0 1 0 1 1 0 0 0 1 1 0 1 0 1 0 0 0 0 1 1 1 1 1 0 0 0 0 1 1 0 1 0 1 0 1
0 0 0 1 1 1 0 1 1 0 0 0 0 0 1 0 1 0 1 0 1 0 0 0 1 0 0 0 1 0 1 1 0 0 1 1 1 1 1 0 0 1 1 0 0 0 1 1 0 1 1 0 1 0 1 1 0 0 0 0 1 0 1 1 0 0 0 0 1 1 0 1 1 1 0 0 1 1 1 1 1 0 0 1 1 0 1 0 0 1
0 1 1 1 1 1 0 0 0 1 0 1 0 1 0 0 1 0 1 0 0 1 0 0 1 1 1 1 0 1 0 1 0 1 1 1 0 0 0 0 0 0 0 0 1 0 1 1 1 0 0 1 0 0 1 1 0 0 1 1 0 1 1 1 1 0 0 0 0 0 1 0 0 0 1 0 1 0 1 1 0 1 0 0 1 1 1 0 1 1
1 1 1 1 0 0 1 0 1 0 1 0 1 1 1 0 0 1 1 1 0 1 0 1 0 0 0 0 1 0 1 1 0 1 1 1 0 0 1 1 1 1 1 1 1 0 0 1 1 1 0 0 0 1 1 1 1 0 0 1 1 0 0 0 1 1 0 0 0 1 0 0 0 0 1 0 0 0 1 0 1 1 0 0 0 0 1 0 0 1
0 0 1 0 0 1 0 0 1 1 1 1 0 0 0 1 1 1 1 1 1 0 0 0 0 1 1 0 0 0 1 0 0 1 1 0 1 1 0 1 1 0 0 0 1 1 1 1 1 0 1 0 0 1 0 1 0 0 0 0 1 0 1 0 0 1 0 1 0 1 1 1 1 0 0 1 0 0 0 0 1 1 0 0 0 1 1 1 1 1
1 0 1 1 0 0 1 0 1 1 0 0 1 0 0 0 1 1 0 0 0 0 1 1 1 0 0 1 1 1 1 1 1 0 1 0 1 0 0 1 0 0 1 1 1 0 0 1 0 1 1 0 0 1 0 1 0 1 1 0 0 0 0 1 0 0 1 0 1 0 1 1 1 1 0 0 1 0 0 0 0 1 0 0 0 1 0 1 1 1
0 1 1 1 1 1 1 1 1 0 0 1 1 0 0 1 1 0 0 0 0 0 1 1 1 1 1 0 1 1 0 1 1 1 1 0 1 0 0 1 1 0 1 1 1 1 1 1 0 1 0 1 0 0 0 0 1 0 0 0 0 0 1 0 1 1 1 0 1 1 0 1 1 0 1 1 0 1 1 1 1 0 0 0 1 0 0 0 0 1
1 0 0 1 1 1 0 0 1 1 1 1 1 0 1 1 0 1 0 1 1 1 0 0 0 0 0 1 0 1 1 0 1 0 1 1 0 1 1 0 0 1 1 0 0 1 1 1 1 0 1 0 1 1 0 1 0 1 0 0 1 0 1 1 0 1 0 1 0 1 1 1 0 1 1 1 1 1 1 1 1 1 1 1 0 0 1 0 1 0
1 0 0 0 1 0 0 0 0 1 1 1 0 1 1 0 0 1 0 1 0 1 0 0 0 0 0 1 0 1 1 1 0 0 0 1 0 0 1 0 1 1 0 0 0 0 0 0 1 0 1 0 1 1 0 0 0 1 1 1 1 1 1 1 0 0 0 1 0 0 0 0 0 0 0 0 0 0 1 0 0 1 1 0 0 1 0 0 1 0
0 1 1 0 0 0 1 1 0 0 1 0 1 1 0 0 1 1 1 0 1 1 1 1 0 1 1 0 1 0 1 0 0 1 1 0 1 1 0 1 1 0 0 1 1 1 1 0 1 1 1 1 0 0 1 0 1 1 0 1 0 0 0 0 1 1 1 1 1 1 1 0 0 1 1 0 0 1 0 0 1 0 0 1 0 1 0 0 1 0
0 0 1 1 0 1 0 1 0 0 0 0 0 1 0 1 0 1 0 0 1 1 0 1 0 1 0 1 0 0 1 1 0 0 1 0 0 1 0 0 1 0 0 1 1 0 1 0 0 0 1 1 1 0 1 1 0 0 0 1 0 0 1 1 1 1 1 1 1 1 1 1 0 1 0 1 0 1 1 0 1 0 0 1 0 1 0 0 1 0
1 0 1 1 0 0 1 1 0 0 0 0 0 0 0 1 0 1 0 0 1 1 0 1 0 1 0 1 0 0 1 1 0 0 0 0 0 1 1 0 1 0 0 1 1 0 1 0 1 0 1 1 1 0 1 1 0 0 0 1 0 0 1 1 1 1 1 1 1 1 1 1 0 1 0 0 0 1 1 0 1 0 0 1 0 1 0 0 1 0
