C CINVESTAV-TAMAULIPAS, MEXICO 
C email: jtj@cinvestav.mx 
C http://www.tamps.cinvestav.mx/~jtj/ 
C 
106 111 2^111 4
1 0 1 1 0 1 1 0 0 0 0 1 1 1 1 1 1 0 1 0 0 0 0 0 0 0 0 0 1 1 0 0 0 1 1 0 1 1 1 1 1 1 0 0 1 1 0 0 1 1 1 0 0 0 1 0 0 0 0 0 1 0 0 1 0 0 1 1 1 1 1 0 0 0 0 1 1 0 1 0 1 0 1 0 1 1 1 1 1 1 0 0 0 0 1 0 0 1 0 1 1 0 0 0 1 0 0 1 0 1 0
0 0 1 1 0 1 1 0 0 0 0 0 0 1 0 0 0 0 1 0 1 0 0 0 1 0 0 1 1 0 0 1 1 1 1 0 0 1 0 0 1 0 0 0 0 1 0 0 1 1 1 1 1 0 1 1 1 1 0 0 0 1 1 0 1 1 0 1 1 1 1 1 1 0 1 0 0 1 1 1 1 1 0 1 1 1 0 0 0 0 1 1 1 1 0 1 1 1 0 1 1 1 0 0 1 0 1 0 0 0 0
1 0 0 0 1 1 0 0 0 0 1 0 0 0 1 0 0 0 0 0 0 1 1 0 0 1 0 0 0 0 0 0 1 1 1 1 1 1 0 0 0 1 0 1 0 1 1 1 1 1 0 1 1 1 0 1 1 1 0 0 1 0 0 0 0 1 0 0 0 0 1 1 0 0 0 1 1 0 1 1 1 0 1 1 1 1 1 0 1 1 0 1 0 0 0 0 1 1 1 0 0 1 1 1 0 0 1 0 1 1 1
1 1 1 1 0 1 0 0 0 0 1 1 1 1 1 1 0 1 0 1 1 0 0 1 1 1 0 0 0 0 1 1 0 0 0 0 0 0 1 0 1 1 0 1 0 1 0 0 1 0 0 1 1 0 0 0 1 1 0 0 0 0 0 0 1 1 1 0 1 0 1 0 0 1 1 1 1 1 0 0 1 1 0 1 1 0 1 1 0 1 0 1 0 1 0 1 0 0 1 0 1 0 0 1 1 0 0 1 1 1 1
0 1 1 1 1 1 1 0 0 1 0 1 1 0 0 1 0 0 0 0 0 0 0 0 0 1 0 0 0 1 1 1 0 1 1 0 1 0 1 0 0 1 1 0 1 1 0 1 0 0 0 1 0 1 1 1 1 1 1 0 0 1 1 0 0 0 1 0 0 0 1 1 0 0 0 0 0 1 0 0 0 1 0 0 1 1 0 1 0 1 1 0 1 1 1 0 1 1 1 0 1 0 1 1 1 1 1 0 0 0 1
0 1 0 0 0 0 0 1 0 0 1 1 0 1 1 0 0 0 1 0 1 0 0 0 1 0 0 0 1 0 0 0 0 0 1 0 1 0 1 1 0 0 0 1 0 0 1 1 1 1 0 0 1 1 1 1 1 1 1 1 0 1 1 1 0 1 1 1 1 0 0 1 0 1 0 1 1 0 0 1 0 0 0 1 0 1 0 1 1 0 1 0 1 1 0 0 1 0 1 1 1 0 1 0 1 0 0 0 1 1 1
0 0 0 1 0 1 1 1 1 1 1 0 0 0 0 1 0 1 1 0 0 0 0 0 1 0 0 1 0 1 1 1 1 1 1 0 1 0 0 0 0 1 0 1 0 1 1 1 1 0 1 1 1 0 0 0 1 0 1 0 1 0 0 0 0 0 0 0 1 1 0 0 1 1 1 1 0 1 0 1 0 0 1 1 0 0 0 0 1 0 0 0 1 0 1 0 0 1 0 0 1 0 1 1 1 0 0 1 1 1 1
1 0 0 1 1 1 0 0 1 0 1 0 1 1 0 1 1 0 0 1 1 0 0 1 1 1 0 1 0 1 1 1 0 1 0 0 1 1 0 1 1 1 0 1 0 0 1 1 0 1 1 0 1 1 0 1 1 0 1 0 1 1 0 0 0 1 1 1 0 0 0 1 1 0 1 1 0 0 0 0 1 0 1 0 1 1 0 1 0 0 1 0 0 1 0 0 1 0 1 0 0 0 0 0 0 1 1 1 0 1 0
0 0 1 1 0 1 1 0 1 1 1 0 0 1 0 0 1 0 0 1 0 0 0 1 1 0 0 0 0 1 1 1 0 1 1 1 0 0 1 1 0 1 0 0 0 0 1 1 0 1 0 0 0 0 1 0 0 1 0 1 0 0 1 1 0 0 0 0 0 1 0 1 1 1 0 1 1 1 1 1 1 1 1 1 1 0 1 1 1 0 1 1 0 0 0 1 1 0 0 1 0 1 0 1 1 1 0 0 1 0 1
0 0 0 1 1 1 1 0 0 0 0 0 0 0 1 1 0 1 1 1 0 1 1 0 1 1 0 0 0 0 1 1 0 0 1 1 0 1 1 1 0 0 0 1 1 1 1 0 0 0 0 0 1 0 0 0 0 0 1 1 0 1 1 1 0 0 0 1 1 0 0 0 1 1 0 0 1 0 0 0 1 0 1 1 0 1 0 0 1 0 1 1 0 1 0 1 0 1 1 0 1 1 0 0 1 1 1 1 0 0 1
0 0 0 1 1 0 0 0 1 1 1 1 1 1 1 1 0 1 1 0 0 0 1 0 0 1 0 0 1 0 1 1 1 0 0 0 1 1 0 1 1 0 1 1 0 1 0 1 0 1 0 1 0 1 0 0 0 1 0 1 0 0 0 1 0 0 1 1 0 0 0 1 0 0 1 1 0 0 1 1 0 1 0 1 0 0 0 1 1 0 1 1 1 1 1 1 0 1 0 1 0 1 1 1 0 0 0 1 0 0 0
1 1 0 1 1 1 0 0 1 1 0 0 0 0 0 0 1 0 1 1 1 1 0 1 1 1 1 0 1 0 0 0 1 0 1 0 1 0 0 1 0 1 0 1 1 1 0 0 1 0 1 1 1 0 0 0 0 1 1 1 1 0 1 0 0 0 1 0 0 1 0 0 0 1 0 0 0 0 1 1 1 1 1 0 1 0 0 1 0 0 1 1 0 1 1 0 1 1 1 1 1 0 1 0 1 1 0 0 1 0 0
1 0 1 0 0 1 1 1 1 0 0 0 1 1 1 0 0 1 0 1 1 0 1 0 1 0 1 0 1 0 0 0 1 1 0 0 0 0 0 1 1 1 0 0 0 0 0 0 0 0 0 1 1 1 1 1 0 0 1 0 0 0 0 0 0 1 0 1 1 0 0 0 0 0 0 0 0 0 0 0 1 0 1 1 0 0 0 1 0 1 1 1 1 0 1 1 0 1 0 0 0 1 1 1 1 1 1 1 1 0 1
0 1 0 1 0 0 1 0 0 0 0 1 1 0 0 1 0 1 1 1 1 1 1 1 0 1 1 0 0 0 0 1 0 1 0 0 0 0 1 0 1 1 0 1 1 0 0 1 1 0 1 1 1 1 1 1 0 0 0 0 0 0 1 1 0 0 0 0 0 1 0 1 1 0 1 0 1 0 0 1 0 0 0 1 1 0 1 1 1 0 0 0 0 1 1 0 1 1 0 1 0 1 1 0 0 1 1 1 0 1 1
1 0 1 0 0 0 0 1 1 0 1 0 1 1 0 1 1 0 0 1 0 1 1 0 0 1 0 1 0 1 0 1 1 1 1 1 1 1 1 0 1 0 0 1 1 0 0 0 1 0 0 0 0 0 0 0 1 1 1 0 0 0 1 0 0 1 1 1 1 1 0 1 1 1 1 0 1 0 1 1 0 0 1 0 1 0 0 0 0 0 0 0 1 1 1 1 0 0 1 1 0 1 1 0 1 0 0 0 0 0 1
0 1 0 1 0 0 0 1 1 1 0 1 0 1 1 0 0 0 0 0 1 1 1 1 1 0 0 1 1 0 1 1 1 0 1 0 0 0 0 0 1 1 1 1 1 0 0 1 0 1 0 1 0 1 1 0 0 0 1 0 1 1 1 0 1 0 0 0 1 1 0 0 0 0 0 1 1 1 1 0 1 0 1 0 1 1 0 0 1 1 0 1 0 1 1 0 0 0 1 1 1 1 0 0 0 1 1 0 0 0 1
0 1 1 1 1 1 0 1 1 0 1 0 0 0 0 0 0 1 1 0 1 1 1 0 0 0 1 0 1 1 0 1 0 0 0 1 0 0 0 0 1 1 0 1 0 1 0 0 1 1 0 0 0 0 0 1 0 0 0 1 1 1 1 1 0 0 1 0 1 1 1 1 1 1 1 1 0 1 1 0 0 0 1 1 1 1 1 1 0 1 1 0 1 0 0 0 0 0 1 0 0 0 1 1 1 0 1 1 0 0 0
1 0 1 0 1 0 1 1 1 1 0 0 1 1 0 0 0 1 1 0 1 1 1 1 0 1 0 0 1 1 1 1 1 0 1 0 0 1 1 0 0 1 1 0 0 1 1 1 1 0 1 0 1 1 1 0 1 0 0 0 1 0 0 1 0 1 0 0 1 0 1 0 1 1 0 1 0 0 1 1 1 0 0 0 0 0 1 1 0 0 1 0 1 1 0 0 0 0 1 0 1 1 0 0 0 1 0 0 0 0 0
1 0 0 1 1 0 1 0 1 1 1 1 1 1 1 0 1 1 1 1 0 1 0 0 1 1 1 0 1 1 1 0 0 0 1 1 1 0 0 0 1 0 0 0 0 1 0 1 1 0 0 1 0 1 1 0 0 0 0 1 1 1 0 0 1 1 1 0 0 1 1 1 1 0 0 0 0 1 0 0 1 0 0 0 1 0 0 0 1 0 0 0 1 0 0 1 1 1 1 1 0 1 0 0 1 0 1 0 1 1 1
0 0 1 0 0 0 0 0 1 0 1 0 1 0 1 0 0 1 0 0 0 0 1 1 0 0 1 1 1 1 1 0 0 0 1 0 1 0 1 0 0 1 1 1 1 1 0 1 0 0 0 0 1 0 0 1 0 1 1 0 1 1 0 1 1 1 1 1 1 1 0 0 1 1 0 0 0 1 1 0 0 1 1 1 1 0 0 1 1 0 0 1 0 1 0 1 1 1 0 0 0 1 0 0 0 0 1 0 1 1 0
0 1 1 1 1 0 1 1 0 0 1 0 1 0 0 1 1 1 0 1 0 1 1 0 0 0 0 1 1 0 0 1 1 0 1 0 1 0 0 1 0 1 0 0 0 0 0 1 1 0 0 0 1 0 0 0 0 1 1 0 0 0 1 1 1 1 1 1 0 1 1 1 0 0 0 1 0 0 0 1 1 1 0 0 1 0 1 0 1 1 1 1 1 0 0 0 0 0 1 1 1 0 0 1 0 1 1 1 1 1 0
1 1 0 0 0 1 0 1 0 0 1 1 1 0 1 1 0 1 0 1 1 1 1 1 1 1 0 0 1 1 0 0 1 1 1 0 0 0 1 1 1 0 1 0 1 0 1 1 1 1 0 0 0 0 0 0 1 0 0 1 0 1 1 1 0 1 0 0 0 1 0 1 0 0 1 0 0 1 1 0 1 1 1 1 0 0 0 1 0 0 0 1 1 0 0 0 0 1 0 0 1 0 0 0 1 1 1 0 0 0 0
0 1 0 0 0 1 0 1 0 1 1 1 1 0 0 1 1 1 1 1 0 1 1 0 1 1 0 1 0 1 0 0 0 1 0 0 0 1 0 1 0 1 0 0 0 1 1 1 1 0 1 1 0 1 0 1 0 0 1 1 1 0 1 0 1 1 1 0 1 0 1 0 1 1 0 1 1 1 0 0 0 1 0 0 1 1 0 1 0 1 0 1 1 1 0 1 0 1 0 1 0 1 0 0 0 0 0 1 0 0 1
1 1 0 0 0 1 0 1 1 0 0 1 1 1 0 0 1 1 1 0 0 0 1 1 0 0 1 1 0 0 0 0 0 0 1 0 1 1 1 0 1 0 0 0 1 0 0 1 0 0 0 1 1 1 1 0 1 0 1 1 0 0 1 0 0 0 1 1 0 1 0 0 1 1 1 1 1 1 1 1 1 1 0 1 0 1 0 0 0 1 1 0 0 0 0 0 1 0 1 0 1 1 0 1 0 0 1 1 1 0 0
0 0 0 0 1 0 1 0 0 1 1 0 1 1 1 0 1 0 0 1 1 1 1 1 0 0 0 1 1 0 1 1 1 0 0 0 0 1 1 1 1 1 1 0 0 0 0 1 1 0 0 1 1 0 0 1 1 0 0 1 1 0 1 0 0 0 1 0 1 1 1 1 1 0 1 0 1 0 0 0 0 1 1 1 0 1 0 1 1 1 1 0 0 0 1 1 1 0 0 0 1 0 1 0 1 0 0 0 1 0 1
1 0 1 1 1 1 1 1 1 0 1 1 1 1 0 0 0 0 0 0 1 1 0 1 1 0 0 0 0 1 0 0 0 0 0 1 0 1 0 1 0 1 1 0 1 1 0 1 0 1 1 1 1 0 0 0 1 0 1 1 0 1 0 1 0 0 0 1 1 1 1 1 0 1 1 0 0 1 0 1 0 1 0 0 0 0 0 0 1 0 0 1 0 1 1 0 0 0 1 1 0 1 1 0 0 0 1 0 0 1 1
0 0 1 0 1 0 0 0 0 1 1 0 0 0 1 1 0 0 1 1 0 0 1 1 1 1 1 0 0 0 0 0 1 1 1 0 0 0 0 0 0 0 1 1 0 0 0 0 0 0 1 1 0 0 1 0 1 0 1 1 1 1 0 1 0 1 1 1 1 1 1 1 1 0 1 1 0 0 1 1 1 1 0 0 0 1 0 1 0 1 0 0 0 0 0 1 1 0 1 1 1 0 1 1 0 1 0 1 0 1 1
1 0 1 0 1 0 0 1 0 1 1 0 0 1 0 1 1 1 1 0 1 0 0 0 0 0 1 0 0 1 0 0 1 0 1 1 0 1 0 0 1 1 0 1 1 0 0 1 1 0 1 0 1 1 0 0 0 1 0 1 0 1 1 0 1 0 1 0 1 0 0 1 0 0 0 1 0 1 0 0 1 1 1 1 0 1 1 1 0 1 0 0 0 1 1 1 0 1 0 1 1 1 0 1 0 1 1 0 0 1 1
1 1 1 0 0 1 1 1 0 0 0 1 0 0 0 0 1 0 0 1 0 1 0 1 1 0 1 0 1 1 1 1 1 0 1 0 1 0 0 0 0 1 1 0 0 1 1 0 0 0 0 1 0 0 0 0 1 1 0 1 0 0 0 1 1 1 1 1 0 0 1 1 1 0 1 1 1 0 0 0 0 0 1 1 0 1 1 1 1 0 0 0 0 1 1 1 1 1 1 1 1 1 1 0 0 0 1 1 0 0 0
1 1 1 1 1 0 1 0 0 1 1 1 0 1 1 1 1 0 1 0 1 1 0 0 0 1 0 1 1 1 1 1 0 1 1 0 0 0 0 0 1 0 0 1 1 0 1 0 0 0 0 0 1 1 0 0 1 0 1 1 0 0 0 1 1 1 0 0 1 1 0 0 0 1 1 0 0 0 1 0 0 0 0 0 0 1 0 1 0 1 1 1 0 0 0 0 1 1 0 1 0 1 1 1 0 0 1 0 1 0 0
0 0 1 0 0 0 0 1 1 1 0 1 1 1 1 0 0 0 1 0 0 1 1 0 1 0 1 1 0 1 0 1 0 1 0 1 1 1 1 0 0 1 0 1 1 0 1 1 0 1 0 1 0 0 0 0 0 1 0 1 1 0 0 0 1 0 0 0 1 1 1 1 0 0 1 0 0 0 0 1 1 0 0 0 0 0 1 1 0 1 1 1 0 1 0 1 1 1 1 0 1 0 0 0 1 1 1 1 1 1 0
0 1 0 1 1 0 1 0 1 1 0 1 1 0 1 0 0 1 0 1 1 0 0 1 0 0 0 0 0 0 0 0 1 1 1 1 0 1 0 0 0 1 0 1 0 0 0 1 0 1 1 0 0 0 0 1 1 1 1 1 1 0 0 1 0 1 1 1 0 0 0 0 1 1 1 0 1 1 1 0 0 0 0 0 0 1 1 0 0 1 1 0 0 0 1 1 0 1 0 1 1 1 0 0 1 1 1 0 1 1 0
1 1 0 0 1 1 1 0 0 1 0 1 1 0 0 0 0 1 0 1 0 1 1 0 0 0 1 1 1 0 1 0 0 1 1 1 0 0 1 1 0 0 0 0 0 0 0 0 1 1 1 0 1 1 1 0 1 1 0 1 1 1 0 0 1 0 0 1 0 1 0 1 0 1 1 1 0 0 0 1 0 0 1 0 1 1 0 1 0 0 0 1 0 1 0 1 0 0 0 0 1 0 0 1 0 0 1 1 1 0 1
0 1 1 0 1 0 1 1 0 1 1 0 0 0 1 0 0 1 0 1 1 0 1 0 1 0 1 1 0 1 1 0 0 0 0 0 1 0 1 1 1 1 0 1 1 1 1 0 1 1 1 0 1 0 1 0 1 0 0 0 1 1 1 0 1 0 1 0 0 0 0 1 0 0 1 0 1 1 1 1 1 0 0 0 0 0 0 0 1 1 1 0 0 0 1 1 1 1 1 1 0 1 0 1 0 0 0 1 0 0 0
1 1 0 1 1 0 1 0 1 0 1 0 0 1 1 0 0 1 1 0 1 1 1 0 0 0 0 0 0 1 0 1 1 1 1 0 0 0 1 1 0 0 1 0 1 1 0 1 0 0 1 1 0 1 0 0 1 1 1 1 0 1 1 0 1 1 0 1 0 0 0 0 1 0 0 1 1 1 0 1 1 0 1 0 1 0 1 1 0 1 0 1 0 0 1 1 1 0 0 0 0 0 1 0 1 0 0 1 0 1 0
0 0 0 0 1 1 0 1 1 0 0 1 1 0 0 1 1 0 1 1 0 0 1 0 1 1 0 0 1 1 1 1 1 0 1 1 0 0 1 1 1 1 1 1 1 0 0 0 0 0 1 0 1 0 1 1 0 1 0 0 1 0 1 1 0 1 0 0 0 0 1 0 0 1 1 1 0 1 0 1 1 0 0 1 0 1 0 0 0 1 0 1 0 0 1 1 1 0 0 1 0 0 1 0 0 0 1 0 1 1 0
1 0 1 0 1 1 0 1 1 0 0 1 1 1 1 0 1 1 0 1 1 0 1 0 0 1 0 1 1 0 1 0 1 1 0 1 0 0 1 0 0 1 0 1 0 1 1 1 1 1 0 1 0 0 0 0 0 0 1 1 0 1 1 0 1 0 0 1 0 0 1 0 1 0 0 0 0 1 1 1 0 0 0 1 1 1 0 1 1 0 0 0 0 1 0 0 1 0 0 1 1 0 1 1 0 1 0 0 0 1 0
1 0 1 0 0 0 1 0 1 0 0 0 0 0 1 1 1 0 1 0 1 0 1 0 0 0 1 0 1 0 1 1 1 0 0 0 1 1 0 1 0 1 0 0 1 1 1 0 1 1 0 1 0 1 1 1 1 0 1 1 1 0 1 1 1 1 1 0 0 1 0 1 0 1 1 1 1 1 0 0 0 0 0 0 0 0 0 0 0 0 0 1 0 1 0 1 0 0 0 0 0 0 0 1 1 1 1 0 0 1 1
1 0 1 1 1 1 0 0 0 1 1 1 1 0 0 1 1 1 1 0 1 0 0 0 1 0 1 1 0 0 0 1 1 0 0 0 1 1 1 1 1 0 1 0 1 0 1 0 0 0 0 0 0 0 1 1 1 0 1 1 1 0 1 0 1 0 0 0 0 0 0 0 1 0 0 0 0 0 1 1 0 0 1 1 1 1 1 1 1 1 0 1 1 0 0 1 0 0 1 1 1 1 0 0 0 0 1 0 1 1 1
0 1 1 0 0 0 1 1 0 0 1 1 1 0 0 1 1 1 1 0 1 1 0 1 0 0 1 1 0 0 1 1 0 1 1 1 1 1 0 1 0 0 0 1 0 1 0 0 1 1 0 1 0 0 1 0 0 0 0 0 1 1 1 0 0 1 0 1 0 0 1 0 0 1 0 1 0 0 1 0 0 1 1 1 0 0 0 1 0 1 1 1 0 0 1 1 1 1 1 0 0 1 1 0 0 1 0 0 0 1 1
1 1 0 1 1 1 1 1 0 0 1 1 0 0 1 0 0 0 1 1 0 0 1 1 0 0 0 1 0 0 1 0 1 0 0 0 1 1 1 0 1 1 0 0 0 0 0 0 0 0 0 0 0 1 1 1 0 0 1 1 0 1 0 1 1 0 0 0 1 0 1 1 0 1 1 1 0 0 1 1 1 1 1 0 1 0 1 0 0 0 0 0 1 1 1 1 1 1 1 0 0 1 1 0 1 1 0 0 1 1 0
0 0 1 0 1 1 1 0 0 0 1 0 0 0 1 1 1 1 0 0 1 1 0 1 0 1 1 1 1 1 0 0 0 0 1 0 1 0 1 0 1 0 0 1 0 0 1 1 0 1 0 1 0 1 1 0 0 1 1 0 1 0 0 0 0 0 0 0 0 0 1 0 1 1 1 0 1 1 0 1 1 1 1 0 0 1 1 0 0 0 1 1 1 1 1 1 0 0 0 1 1 0 1 0 0 0 1 1 0 1 0
0 0 1 1 1 0 0 0 0 1 0 1 0 1 1 0 1 1 1 1 0 1 1 0 1 0 1 0 1 1 0 1 1 1 0 1 0 0 1 1 0 0 1 0 0 0 0 1 1 1 1 0 0 0 0 1 1 0 1 0 1 0 1 0 1 0 1 0 0 0 0 0 0 1 1 1 1 0 1 0 1 1 0 1 1 0 0 0 0 0 1 0 1 1 1 0 1 1 1 0 1 1 1 1 0 0 1 0 0 1 1
1 0 1 1 0 0 0 1 1 1 1 1 1 0 1 0 1 0 1 1 0 1 0 0 1 0 0 1 0 0 0 1 1 0 1 1 0 0 1 0 1 0 0 0 1 1 0 0 1 1 0 1 1 1 1 1 1 1 1 0 1 1 0 1 1 0 1 0 0 0 0 1 1 1 0 0 0 0 0 0 1 1 0 1 0 1 1 1 1 0 1 1 0 0 1 0 0 0 0 0 0 0 1 0 0 1 0 1 0 0 0
0 1 1 1 1 0 0 1 1 0 0 1 1 0 1 0 1 0 0 0 1 0 0 0 1 1 1 0 1 0 0 1 0 0 0 0 0 1 1 0 0 0 1 0 1 0 1 1 1 0 0 0 1 1 0 0 0 0 0 0 1 1 0 0 0 1 0 1 1 0 0 1 1 1 1 1 0 1 1 1 0 1 1 0 1 1 1 0 1 0 0 1 0 0 1 1 1 1 1 1 0 0 0 1 1 1 0 1 0 0 1
1 1 1 0 1 0 1 0 1 0 0 0 1 0 0 0 0 0 0 1 1 0 0 0 0 1 1 0 0 1 1 1 0 1 1 0 0 0 0 1 1 0 0 0 1 1 1 1 1 0 0 1 0 0 0 1 0 1 0 1 1 1 0 1 1 0 0 0 1 1 1 0 0 0 1 1 1 0 1 1 1 1 1 1 0 1 0 0 1 1 1 0 1 1 1 0 0 0 1 1 0 1 0 0 0 1 0 1 1 1 1
0 0 0 0 1 1 1 1 0 0 0 1 0 1 0 1 0 0 0 0 0 1 0 1 0 1 1 0 1 1 0 1 1 1 0 1 1 0 0 1 1 0 1 1 1 0 1 0 1 1 0 0 1 0 1 0 1 0 1 1 1 1 0 0 1 1 1 0 1 0 0 0 1 0 0 1 0 1 0 1 0 1 0 1 1 0 1 0 1 1 1 0 0 1 0 1 1 0 0 0 0 1 0 0 1 1 0 1 1 0 0
0 0 0 0 0 0 1 0 1 1 0 0 1 0 0 0 0 0 1 1 1 1 0 0 1 1 0 0 1 1 1 0 0 0 0 1 1 1 0 0 1 1 1 1 1 0 0 1 1 1 1 1 1 0 1 0 1 0 1 0 0 1 1 1 1 0 0 1 0 0 0 0 0 0 1 1 1 0 1 0 0 1 1 0 1 1 1 1 0 0 0 1 1 0 0 1 0 0 1 0 1 1 1 1 1 0 0 1 1 1 0
0 1 1 1 1 1 0 0 1 1 0 0 0 0 1 1 0 1 1 1 0 0 1 0 0 0 0 1 1 1 0 0 0 1 0 1 0 1 0 0 1 0 1 0 1 1 1 0 1 1 0 1 1 0 1 0 1 1 0 1 0 0 1 0 0 1 0 0 1 0 0 1 1 1 0 1 1 0 0 0 0 1 1 0 0 0 0 1 1 1 0 0 1 1 1 0 1 0 1 1 0 0 0 0 0 1 1 0 1 1 0
0 0 0 0 0 1 1 0 1 1 0 0 1 0 1 1 1 0 1 0 0 1 0 1 0 0 0 0 0 0 0 1 0 1 0 0 0 0 1 1 0 0 1 0 0 1 1 0 1 0 0 0 1 1 0 0 0 1 1 1 1 1 0 0 1 0 1 1 1 0 1 1 0 0 1 0 1 1 1 0 0 0 1 1 0 0 1 0 0 0 0 1 1 0 0 0 1 0 1 1 1 1 1 1 0 1 1 0 1 1 0
0 1 1 0 0 1 0 1 1 1 0 0 1 0 0 1 0 1 0 0 0 0 0 0 0 1 0 1 1 0 1 0 1 0 0 1 0 0 0 1 1 0 0 0 1 0 0 1 0 1 1 0 0 1 0 1 1 0 0 1 0 1 0 0 1 1 1 0 0 1 1 0 1 1 1 1 1 0 0 1 1 0 1 0 0 0 1 1 1 0 1 1 0 0 0 0 1 1 1 1 1 1 1 0 1 0 0 0 0 1 1
1 1 1 0 1 0 1 0 1 0 1 0 1 0 0 1 0 0 0 1 1 0 1 1 1 0 0 0 0 0 0 1 0 1 0 1 1 1 0 0 0 0 1 1 0 1 0 1 0 1 1 0 0 1 1 0 0 0 0 1 1 0 1 0 1 1 1 0 1 1 0 0 0 1 0 0 0 0 0 0 1 0 0 1 0 1 1 0 1 0 0 1 1 1 1 0 1 0 0 1 1 1 1 1 1 0 0 1 1 0 0
1 0 0 0 0 0 0 0 0 1 0 0 0 0 1 0 1 1 0 0 0 1 1 1 1 1 0 1 1 0 0 1 0 1 0 0 1 0 0 0 0 1 0 0 1 1 1 0 0 1 1 0 0 1 0 0 1 0 0 0 0 1 1 1 0 0 1 1 1 0 0 0 0 1 1 1 0 1 0 1 1 1 0 1 1 1 1 1 1 1 1 0 1 0 1 1 0 0 0 1 0 1 1 0 1 1 1 0 1 1 1
1 1 1 0 1 1 1 1 1 0 1 0 1 0 1 1 1 1 1 0 0 1 0 1 1 1 1 0 0 1 0 1 1 0 0 1 0 1 1 0 1 1 0 0 0 0 1 0 0 1 1 1 0 1 0 1 1 1 1 0 1 1 1 1 0 0 0 1 1 1 0 0 0 0 0 1 1 0 0 0 0 1 0 0 1 0 0 0 1 0 1 0 0 0 0 1 1 1 0 1 1 0 0 1 0 0 0 0 1 0 0
1 0 0 1 0 0 0 1 1 0 0 0 1 0 1 1 1 1 0 0 0 1 0 0 0 0 0 0 0 1 1 0 0 1 0 0 1 1 0 1 0 0 1 1 0 0 0 0 0 0 0 1 1 0 1 1 1 0 0 1 1 1 1 1 1 1 0 0 1 0 1 1 1 1 0 0 1 1 1 1 1 1 0 0 1 0 1 1 0 0 1 0 0 1 1 0 0 1 0 1 1 0 1 0 0 0 1 1 1 0 1
1 1 1 1 1 0 0 1 1 1 0 1 0 1 0 0 0 1 1 0 0 1 0 1 0 1 0 1 0 1 1 0 1 1 0 0 0 1 0 1 0 1 0 0 0 0 1 0 0 0 0 0 1 0 1 0 0 1 0 0 1 1 1 0 0 1 1 1 0 1 0 0 0 0 1 0 1 0 1 0 1 1 0 1 0 1 1 0 1 0 0 1 1 1 0 1 1 0 0 0 0 0 1 1 1 0 1 1 0 1 1
1 1 1 1 0 1 1 1 0 1 0 0 0 1 0 1 1 0 1 1 0 0 1 0 0 1 1 1 1 0 0 1 0 0 0 1 1 0 1 0 0 1 1 1 0 0 0 1 1 0 0 1 0 0 0 1 1 0 0 1 1 1 0 1 0 1 0 1 1 0 0 0 0 0 0 0 1 1 0 1 1 1 1 0 0 1 0 1 1 0 1 1 1 0 0 0 1 0 0 0 0 1 0 1 1 0 1 0 0 1 0
1 0 0 1 1 1 1 1 0 0 0 0 0 0 1 1 1 0 0 0 0 0 1 0 1 0 0 1 0 1 1 0 0 0 1 1 0 0 0 0 1 0 1 0 1 0 1 1 1 0 1 1 0 1 0 1 0 1 0 1 1 0 1 0 0 1 0 1 0 1 0 0 0 1 1 0 0 0 1 0 0 1 0 1 1 0 1 1 1 1 1 0 0 1 0 1 0 0 1 0 1 1 1 1 1 1 0 1 0 1 0
0 0 0 1 0 1 0 0 0 1 0 0 1 0 1 0 1 1 1 1 1 1 0 1 0 0 1 1 0 1 1 0 1 0 0 1 1 1 1 1 1 0 0 0 0 1 1 1 0 0 0 0 0 0 0 1 1 1 0 0 0 1 0 1 0 1 0 0 1 1 0 0 0 0 0 1 0 1 0 1 0 0 0 1 1 1 0 0 0 1 0 1 0 1 1 0 1 0 1 1 1 1 1 1 1 1 0 1 0 0 0
1 1 1 0 0 0 1 0 0 0 1 1 0 0 0 1 0 0 1 0 0 1 1 0 1 0 1 1 1 0 1 0 0 1 0 1 0 1 1 1 1 1 1 1 1 1 1 1 0 0 0 1 1 0 0 1 0 1 0 1 0 1 0 0 0 1 1 1 0 0 0 0 1 0 1 1 0 1 1 0 1 0 0 0 1 0 1 0 0 0 1 0 1 0 1 0 0 0 0 1 1 0 0 0 0 1 0 0 1 0 1
1 1 1 0 1 0 0 1 0 1 0 0 1 1 0 1 0 1 1 0 0 0 1 1 1 0 0 1 1 1 0 0 0 0 1 1 1 0 0 1 0 0 1 1 0 1 0 0 1 0 1 1 0 1 0 1 1 0 1 0 0 0 0 1 0 0 0 0 0 0 1 1 0 0 1 0 1 1 1 0 0 0 1 1 1 1 1 0 0 0 1 1 0 1 0 1 1 0 0 1 0 0 0 0 1 1 0 1 1 0 1
1 0 1 1 1 0 0 1 0 1 0 0 1 0 0 0 1 0 1 0 1 0 1 1 1 1 1 0 0 0 1 0 1 1 1 0 0 0 1 1 1 0 1 1 0 0 1 1 0 1 0 1 0 0 1 0 1 1 0 0 0 0 1 0 1 0 1 1 1 0 1 1 0 1 0 1 0 1 0 0 0 0 1 0 1 0 0 0 1 0 1 0 0 0 0 0 0 1 0 0 0 1 1 0 1 0 1 1 1 1 0
1 1 1 1 0 0 1 0 0 1 1 1 1 1 1 0 0 0 0 0 0 0 0 1 0 0 0 0 1 0 0 1 1 0 0 1 1 1 0 1 1 0 1 1 1 0 1 0 1 0 1 0 0 0 0 1 0 1 0 0 1 1 1 0 0 0 0 1 0 1 1 0 1 1 0 1 1 1 0 1 1 0 0 0 0 0 0 1 0 0 0 0 1 1 0 1 0 1 1 0 0 1 1 1 0 1 1 1 1 0 0
0 0 0 1 1 1 1 1 1 0 1 0 1 1 0 0 0 0 1 0 1 1 1 1 1 1 1 1 0 0 1 0 0 1 1 0 1 0 0 1 1 0 0 0 1 0 0 0 0 1 1 1 0 0 0 1 0 1 0 0 0 0 0 1 1 1 1 0 1 0 0 0 0 1 0 0 1 1 1 1 0 0 0 0 0 1 1 1 1 0 0 0 1 0 1 1 1 0 1 0 1 0 0 1 0 1 1 0 0 0 1
0 1 0 0 1 0 0 1 1 1 0 0 0 1 0 1 1 0 1 1 1 1 0 1 0 0 0 0 1 0 0 1 0 0 1 0 1 1 1 0 1 1 0 0 1 0 1 0 0 1 1 1 0 0 0 1 1 0 0 1 0 1 0 0 0 1 0 1 0 0 1 1 1 1 0 0 0 0 1 0 1 0 0 1 1 0 0 0 1 1 0 1 1 1 1 1 0 1 0 0 1 0 0 1 0 0 0 1 1 1 1
0 0 0 0 1 0 0 1 0 0 1 1 1 1 1 1 0 0 0 0 1 0 0 0 0 1 1 1 1 1 1 1 1 1 0 1 0 0 0 0 0 0 0 0 0 1 1 0 0 0 1 1 1 0 1 1 1 0 0 1 0 0 1 1 0 0 1 1 0 1 0 1 0 1 0 0 1 1 0 0 1 1 1 0 1 1 1 0 0 0 0 1 1 0 1 0 1 1 1 0 1 1 0 0 0 1 0 1 1 1 0
1 1 0 0 0 0 1 0 1 1 1 0 0 1 0 0 1 0 1 0 0 0 1 0 0 1 0 0 0 0 0 0 1 0 0 1 0 0 1 1 1 0 0 1 0 1 1 1 0 1 0 0 1 0 1 0 1 0 1 0 1 0 0 1 1 1 0 1 0 1 1 0 0 1 1 0 0 1 0 0 0 1 1 1 1 0 1 1 1 1 0 0 1 1 1 1 1 1 1 1 1 0 0 0 0 1 1 1 0 0 1
0 1 0 1 0 1 1 1 0 0 0 0 1 1 1 1 1 1 1 0 1 0 1 0 1 0 1 0 0 0 1 0 1 1 0 1 1 0 0 0 0 1 1 0 1 0 1 1 1 1 0 0 1 1 0 0 1 1 0 0 0 1 0 1 1 0 1 0 0 1 1 0 1 1 0 0 0 0 1 0 1 1 1 0 0 1 0 0 0 1 0 0 1 1 0 1 1 0 0 1 0 0 1 0 0 0 0 1 1 0 1
1 0 0 0 1 0 1 0 0 0 0 1 1 1 0 0 0 1 0 1 0 0 0 0 1 0 0 1 1 1 0 0 0 0 1 0 0 1 0 0 1 1 1 1 1 0 0 0 0 1 0 0 0 1 0 0 1 1 0 1 1 0 1 1 1 1 1 0 1 1 1 0 1 0 0 0 1 1 0 0 0 1 1 1 1 0 0 0 0 0 1 1 1 0 1 0 1 1 1 0 0 0 1 1 0 1 0 1 0 1 1
1 1 0 0 0 1 0 0 1 1 1 1 0 0 1 1 1 1 0 1 1 1 1 1 1 0 0 0 1 1 0 1 0 0 1 1 0 1 0 1 0 0 0 0 1 0 0 1 0 0 0 1 1 0 1 1 1 0 0 0 0 0 0 0 1 0 1 1 1 1 1 0 0 0 0 0 0 1 1 1 0 0 1 0 0 1 1 0 1 0 1 0 1 1 0 1 1 1 0 0 0 0 1 1 0 1 0 0 0 1 0
1 1 0 1 1 0 1 1 1 0 0 1 0 0 1 0 0 0 1 1 0 0 1 1 0 1 1 1 1 1 1 1 0 0 0 0 1 1 0 1 0 0 0 1 1 0 1 1 1 1 1 0 0 0 1 1 1 1 1 0 0 0 0 0 0 0 1 1 1 0 1 1 1 0 0 0 0 1 0 0 1 1 1 1 0 0 1 1 0 1 0 1 0 0 0 0 0 0 0 1 1 1 1 1 0 0 0 0 0 0 1
1 0 0 0 0 1 0 0 0 0 1 0 1 1 0 0 0 1 1 1 0 0 0 1 0 0 1 1 0 1 1 1 1 0 0 0 1 0 1 0 0 0 1 1 1 0 1 1 1 1 1 1 1 0 1 0 0 0 1 1 0 1 0 0 0 1 1 0 0 1 1 1 0 1 0 1 1 0 1 0 0 0 0 0 1 1 1 0 1 1 1 1 1 0 1 1 0 1 0 1 0 0 1 1 1 1 1 0 0 0 0
0 1 1 1 0 1 0 0 0 1 0 0 0 1 0 0 0 0 0 0 1 1 1 0 1 1 1 1 0 1 1 0 0 1 1 0 1 1 1 0 1 0 1 0 0 0 0 0 1 1 0 0 1 1 0 1 1 0 1 1 1 0 1 1 0 0 1 1 0 1 1 0 1 0 0 1 0 1 0 0 1 0 0 1 0 0 1 0 1 0 0 1 0 1 1 1 0 1 1 1 0 0 0 1 0 1 0 0 1 1 0
0 1 1 0 1 1 1 0 1 1 1 0 1 1 1 1 1 0 1 1 0 0 0 1 1 1 1 1 1 1 1 0 1 0 1 0 1 1 0 0 0 0 1 0 0 1 0 1 1 1 0 0 1 0 0 1 0 0 0 1 0 1 1 0 1 0 0 1 1 0 0 0 0 1 1 0 1 0 0 1 1 0 0 1 1 0 1 0 0 1 0 0 0 0 0 0 0 1 0 0 0 0 1 0 0 1 1 1 0 0 1
1 1 0 1 0 0 1 1 0 0 1 0 1 0 0 0 1 0 0 1 0 0 0 0 0 0 1 0 1 1 1 0 1 0 1 1 0 1 1 1 1 0 1 1 0 1 1 0 0 1 1 1 0 1 0 0 0 0 1 0 0 0 1 0 0 0 1 0 1 0 0 0 1 0 1 0 0 0 1 1 1 1 0 0 0 1 1 1 1 1 0 1 1 1 0 0 1 1 0 0 0 0 0 1 1 1 1 0 1 1 1
0 0 1 0 1 0 1 1 0 1 0 1 0 0 1 0 1 1 0 1 0 1 0 1 1 1 0 1 0 1 0 1 1 1 0 0 1 0 1 1 1 0 0 1 1 1 0 1 0 1 1 1 1 1 0 1 0 0 0 1 0 0 1 1 1 1 0 1 0 1 1 0 1 0 0 1 0 0 1 0 0 1 1 0 0 1 1 0 0 0 0 0 0 1 1 0 0 0 1 0 0 0 0 1 1 0 1 0 1 0 1
0 1 1 0 0 1 1 0 0 1 0 1 1 1 1 1 1 1 1 0 1 1 1 0 0 1 0 0 0 1 0 0 0 0 1 0 0 1 0 1 0 1 1 1 0 0 1 0 0 1 1 1 0 0 1 1 0 1 1 0 0 1 0 0 1 1 1 0 0 1 0 1 1 1 1 0 0 0 0 1 1 1 1 1 1 1 1 0 1 0 0 0 0 0 1 0 0 0 1 0 0 1 0 1 1 1 0 0 1 0 0
0 0 1 0 1 1 0 0 1 0 1 1 0 1 1 0 1 0 1 1 1 0 0 0 0 1 0 1 0 0 0 0 0 0 0 1 1 0 1 1 0 1 1 0 0 0 0 0 1 0 1 1 0 1 1 0 1 1 0 0 0 1 1 1 0 1 1 0 1 1 0 0 1 0 1 1 0 1 1 0 0 0 1 0 0 0 1 0 1 1 1 1 1 1 0 0 0 1 0 0 1 1 1 0 0 1 1 1 1 0 1
0 0 0 1 0 0 1 1 0 1 1 0 0 0 0 1 0 1 0 1 1 0 0 1 0 1 0 0 1 1 0 0 1 1 0 1 1 1 1 0 0 1 1 0 1 0 1 0 1 0 0 1 0 1 1 1 0 1 1 1 0 0 0 0 1 0 1 1 1 1 1 0 0 1 1 1 0 1 1 0 1 0 0 1 1 1 0 1 1 0 1 1 0 0 1 0 1 0 1 0 0 0 0 0 0 0 0 1 0 0 1
0 1 0 1 0 1 0 0 0 0 1 0 1 1 1 0 0 0 1 1 0 0 0 1 0 1 1 1 0 1 0 1 1 0 1 1 0 0 0 0 0 1 1 0 1 1 1 0 0 1 0 0 1 1 1 1 0 0 0 0 1 0 1 0 1 1 1 1 0 0 1 1 0 0 1 0 0 1 1 1 0 0 1 0 0 0 0 1 0 0 1 0 0 1 1 0 0 0 0 1 1 1 0 1 1 0 0 1 1 1 1
1 0 1 0 0 0 1 1 0 1 0 1 0 1 0 1 0 0 0 1 1 1 0 1 0 1 1 1 0 0 1 0 0 0 0 1 0 0 0 1 0 0 1 0 1 1 0 1 0 1 0 1 1 1 0 1 0 1 1 0 1 0 1 1 0 0 1 0 1 0 0 1 1 1 0 1 0 0 1 1 1 0 1 1 1 0 0 0 0 1 0 0 1 0 0 1 1 1 0 1 1 0 0 1 1 0 1 1 0 1 0
0 0 0 0 0 1 1 1 1 1 1 1 0 1 0 0 0 1 1 1 1 1 0 0 1 0 1 0 1 0 1 0 1 1 0 0 1 0 1 1 0 0 1 1 1 1 0 0 0 0 0 0 0 1 0 1 1 1 0 0 1 0 1 0 0 1 0 1 1 1 1 1 0 1 1 0 1 0 0 0 1 1 1 0 1 1 1 1 1 1 1 0 0 1 0 0 0 0 0 1 0 1 0 1 0 1 0 0 0 1 0
0 1 1 1 1 0 0 1 0 1 1 0 1 1 1 1 1 0 0 1 0 1 0 0 1 0 1 0 1 0 1 1 0 1 0 0 0 1 1 0 0 1 0 1 1 1 0 0 0 1 1 0 1 1 1 1 1 1 1 1 0 0 0 0 0 1 0 0 0 1 1 0 0 0 0 1 1 0 1 1 0 1 1 1 0 0 0 0 1 1 0 0 1 0 0 1 0 0 0 0 1 1 1 0 1 1 1 1 0 0 0
0 0 1 1 0 0 0 1 0 0 0 1 0 0 0 0 1 1 1 1 1 0 1 1 0 1 0 0 0 1 1 1 0 0 0 1 1 1 0 0 1 0 1 0 0 1 0 0 0 1 1 0 1 1 0 0 0 1 1 1 1 0 0 0 1 1 0 1 0 1 0 1 0 0 1 0 1 1 0 1 1 0 1 0 1 1 0 1 1 1 1 0 1 0 0 1 0 1 0 0 1 0 1 0 0 1 0 0 1 0 1
1 0 1 1 1 0 0 0 1 0 0 1 0 1 0 1 0 1 1 1 0 1 0 1 1 0 1 0 0 0 1 0 0 1 1 1 1 0 0 1 1 1 1 0 0 0 1 0 0 0 0 0 1 1 0 1 0 0 1 0 0 1 1 0 1 0 0 1 0 1 1 1 1 1 1 1 1 1 0 1 0 1 0 0 0 1 1 1 0 1 0 1 1 0 1 0 1 0 0 0 1 1 0 0 1 0 0 0 0 0 0
0 1 0 0 1 1 0 0 1 0 0 1 0 1 0 1 1 1 0 1 1 1 0 0 0 0 0 1 0 0 1 1 1 0 1 0 0 1 1 0 0 0 1 1 1 1 1 0 1 1 1 1 0 0 0 1 0 0 1 0 1 0 0 1 1 0 0 1 1 1 0 1 0 0 0 1 0 1 0 0 1 0 0 0 0 0 1 1 0 0 1 0 1 0 0 1 1 0 1 1 0 1 1 0 1 0 1 1 1 0 1
0 1 0 0 0 0 1 0 1 0 0 1 0 1 1 1 0 0 0 0 1 0 1 1 1 1 1 1 0 1 0 0 1 0 1 1 1 1 1 1 1 1 0 0 0 1 0 0 0 0 1 0 1 0 0 1 1 1 0 1 1 0 0 0 1 0 0 0 0 0 1 1 1 1 0 1 1 0 1 0 0 1 0 0 1 1 0 1 1 0 1 1 1 0 0 0 0 0 0 1 0 1 1 1 1 1 1 1 0 1 1
0 0 0 1 0 1 1 0 1 1 0 1 1 0 0 1 1 0 0 0 1 0 1 1 1 0 1 1 1 1 0 0 0 0 0 0 0 0 1 0 0 0 0 1 0 0 1 0 0 0 0 1 1 1 0 0 1 1 1 0 1 1 1 1 1 0 1 1 0 1 1 1 0 0 0 1 1 0 1 1 0 0 0 1 0 0 1 1 0 1 0 0 1 0 1 0 0 1 0 0 0 1 0 0 1 0 0 0 0 0 1
0 0 0 0 1 0 1 1 1 1 1 1 0 1 0 0 1 1 0 0 1 0 1 1 1 0 1 1 0 0 0 1 0 1 1 1 0 1 0 0 1 0 1 0 1 1 1 0 1 0 0 0 0 0 1 1 0 0 1 0 0 1 0 1 0 1 1 0 0 0 1 0 0 0 1 1 1 0 0 1 1 1 1 0 1 0 0 1 1 0 0 1 0 1 0 0 0 1 0 1 1 0 1 1 1 0 1 0 1 0 0
0 0 1 1 1 0 0 0 1 1 1 1 1 0 0 1 0 1 0 0 0 1 1 1 0 0 1 0 0 0 1 0 1 0 1 1 1 0 1 1 0 1 0 0 1 0 1 0 1 1 1 1 1 1 1 0 0 0 0 1 0 0 0 1 1 1 0 1 1 0 0 0 1 0 0 0 1 1 0 0 1 1 1 1 1 1 0 0 0 1 1 0 1 1 0 0 0 1 1 1 0 0 1 1 1 0 0 0 0 0 0
0 1 0 0 1 1 0 1 0 1 1 0 0 1 1 0 1 0 0 1 0 0 1 1 0 0 1 0 0 1 1 1 0 1 0 0 0 1 0 1 1 1 1 1 1 1 0 0 1 0 0 1 0 1 1 0 1 1 0 0 1 1 0 1 1 0 0 1 0 1 0 0 1 1 1 0 0 0 0 1 0 0 0 1 1 1 1 0 0 0 1 1 0 0 0 0 0 1 1 1 1 0 0 0 1 0 0 0 0 1 1
1 1 0 1 0 0 0 0 1 0 1 1 0 0 0 1 1 0 1 0 1 0 1 1 1 1 0 1 1 1 1 0 1 1 0 1 0 0 1 1 0 1 1 0 1 1 0 0 1 1 1 0 0 1 0 0 0 1 1 0 0 1 0 0 0 1 0 0 1 1 1 1 1 0 0 0 1 0 0 1 0 1 0 1 0 1 1 0 0 0 1 0 0 0 1 1 0 1 1 0 1 1 0 1 0 0 1 1 1 1 0
1 1 0 0 0 1 1 1 1 1 1 0 1 0 1 0 0 1 1 1 1 0 0 0 0 1 1 1 1 0 0 1 0 1 1 1 1 1 0 1 0 0 1 1 0 0 1 0 0 0 1 0 1 1 0 0 0 0 0 0 0 0 0 1 1 0 0 0 0 1 0 1 1 0 0 1 1 1 1 0 1 1 0 1 0 0 0 0 1 1 1 0 0 1 1 1 0 0 1 0 1 0 1 0 1 0 1 0 0 1 0
1 1 0 1 1 1 0 0 0 1 0 1 1 0 1 0 1 0 0 0 1 1 0 0 0 1 1 1 0 1 0 0 1 1 0 1 1 0 0 0 1 1 1 1 1 1 0 1 0 0 1 0 1 0 1 0 0 0 1 0 0 0 1 1 1 1 0 1 1 0 1 1 1 1 1 1 1 0 0 0 1 0 1 1 0 0 0 0 1 0 1 1 1 0 0 1 1 0 0 0 1 0 0 1 0 1 0 0 0 0 1
1 0 0 1 0 1 0 1 0 1 0 0 1 1 1 0 0 0 0 0 1 1 1 1 1 1 0 0 1 0 1 1 0 0 1 1 1 1 1 0 0 0 0 1 0 1 1 0 1 0 1 0 0 0 1 1 0 1 1 1 0 1 1 0 1 1 0 0 0 1 0 0 1 0 1 1 0 0 0 0 0 1 1 0 0 0 1 0 0 1 1 0 1 0 1 0 1 1 0 1 0 0 0 1 0 0 1 1 0 1 1
1 0 1 1 0 1 1 0 1 1 0 1 0 1 0 1 0 0 0 1 0 1 1 1 0 0 1 0 1 1 0 0 1 1 0 0 0 1 1 0 1 1 0 1 0 1 1 1 1 0 1 0 0 1 0 1 0 0 1 0 0 1 1 1 1 1 1 1 0 0 0 1 0 1 0 0 0 1 1 1 0 1 1 0 0 1 0 0 1 1 1 1 0 0 0 0 0 0 1 1 1 0 1 0 0 0 0 1 1 1 1
0 1 0 0 0 1 1 0 1 0 0 0 0 1 1 0 1 1 0 0 0 1 0 1 1 1 1 1 0 0 1 1 1 0 0 1 0 1 0 1 0 0 0 1 1 0 0 0 1 0 1 0 0 1 1 0 1 1 1 1 0 0 1 1 0 1 0 0 1 0 1 1 0 0 1 0 0 1 1 0 1 0 0 0 1 1 0 1 1 1 0 0 1 0 1 0 0 1 1 0 0 0 0 0 1 0 0 1 1 1 0
0 1 1 1 1 1 0 1 0 0 0 0 0 1 0 0 1 1 0 0 0 0 0 1 1 1 0 1 1 0 0 0 1 1 1 1 1 1 1 1 0 0 0 1 1 1 1 1 0 0 0 1 1 1 1 1 0 0 0 0 1 1 0 1 1 0 1 0 1 1 0 1 1 0 1 0 1 0 0 0 0 0 0 0 1 0 0 1 0 1 0 1 1 0 1 1 0 0 0 0 1 0 1 1 0 1 0 0 1 1 0
1 1 0 1 0 0 0 1 1 1 0 0 0 1 1 1 0 1 0 1 1 0 0 0 0 0 1 1 1 0 0 1 0 1 1 1 1 0 1 1 1 1 1 0 0 1 1 1 0 1 1 1 1 0 1 0 0 1 1 1 1 0 1 1 0 1 1 0 1 0 1 0 0 0 1 0 0 0 0 1 0 1 0 0 1 1 1 0 0 0 0 0 0 0 0 1 1 1 1 0 0 1 1 0 0 0 0 0 0 0 1
1 1 1 0 0 1 0 0 1 1 1 1 0 0 0 0 1 1 0 0 1 1 1 0 1 0 0 0 0 1 1 1 1 0 0 1 1 0 0 0 1 0 1 1 0 0 1 0 1 1 1 0 1 1 1 1 0 1 0 1 0 1 0 1 0 0 1 1 1 0 1 0 1 0 0 0 1 0 1 1 0 1 0 0 1 0 0 0 0 1 0 1 0 0 1 0 1 0 0 0 1 1 0 0 1 1 1 1 0 1 1
1 0 1 1 0 1 0 1 0 1 1 1 0 0 1 1 1 0 0 1 1 0 1 0 0 1 1 0 1 0 1 0 1 1 1 0 0 1 0 0 0 0 0 0 1 0 0 1 0 1 1 0 1 0 0 0 0 1 1 0 1 1 1 1 0 0 0 0 1 1 1 0 1 1 1 1 1 1 0 0 0 0 0 0 0 0 1 1 1 1 1 1 1 1 1 0 1 0 1 0 0 1 0 0 1 0 0 1 1 0 0
1 1 0 0 1 0 0 0 0 0 0 0 0 1 0 1 0 0 1 1 1 1 0 0 1 0 0 1 1 1 1 1 1 1 0 1 1 1 1 0 0 0 0 0 0 0 0 1 0 0 1 1 0 1 1 0 0 1 0 0 1 1 0 1 1 0 1 1 0 0 1 0 1 1 1 0 1 1 1 1 0 1 1 1 0 0 0 1 1 1 0 0 0 0 0 0 0 1 1 1 0 0 0 1 1 1 1 0 1 0 0
0 0 1 1 0 0 0 1 1 0 0 1 0 0 1 1 0 0 0 1 0 1 0 0 1 1 1 1 0 0 0 0 0 0 1 0 0 1 0 1 1 1 1 1 0 1 1 1 1 0 1 0 0 1 1 0 1 0 0 0 0 1 0 0 1 0 1 1 1 1 1 0 0 1 0 0 1 0 1 1 0 0 1 1 1 0 1 1 0 1 1 0 1 1 1 1 1 0 0 0 0 0 0 1 0 1 1 0 1 0 0
1 0 1 1 0 1 1 1 1 0 1 0 0 0 1 0 1 1 1 0 0 1 0 1 0 1 0 0 1 0 0 0 0 1 1 0 0 0 1 0 0 1 1 1 1 0 0 1 0 0 1 0 0 0 1 1 1 0 0 1 1 0 0 0 1 0 0 0 0 0 0 1 0 0 0 0 1 0 0 1 0 1 0 1 0 1 0 0 0 1 0 1 1 1 0 0 0 1 1 1 0 0 0 1 1 1 0 1 1 0 1
0 1 0 0 0 0 0 0 0 0 1 1 1 1 0 1 1 1 1 0 0 0 0 1 1 1 1 0 1 0 1 0 0 1 0 1 0 1 0 0 1 1 1 0 0 1 1 1 1 0 1 1 0 0 0 1 1 1 1 1 1 1 1 1 1 0 0 1 1 0 1 1 1 1 0 0 0 1 1 1 1 0 1 0 0 0 1 0 1 1 1 1 0 1 1 1 0 0 1 0 0 1 1 1 1 0 0 0 0 0 0
1 0 0 1 1 0 1 1 0 0 1 0 0 1 0 1 1 1 0 1 0 1 1 0 1 1 1 1 1 0 0 1 1 0 0 0 1 1 1 1 1 1 1 0 1 1 1 1 1 1 1 0 1 0 1 1 0 1 1 1 0 1 0 1 1 1 0 1 0 0 0 1 1 1 0 1 1 1 1 0 1 0 0 1 0 1 1 0 0 1 0 0 1 1 0 0 1 1 1 1 1 1 1 1 0 1 0 1 1 1 0
C Elapsed Time 261111.690000 
