C kint 223070940 vt 16 
C Weight 0 -> 
C DEL VECTOR = 0 0 0 0 0 0 0 0 0 0 0 0 0 0 0 0 0 0 0 0 0 0 0 0 1 0 0 0 0 0 0 0 0 0 0 0 0 0 0 0 0 0 0 0 0 0 0 0 0 0 0 0 0 0 0 0 0 0 1 0 0 0 0 0 0 0 0 0 0 0 0 0 0 0 0 0 0 0 0 0 0 0 0 0 0 0 0 0 0 0 0 0 0 0 0 0 0 0 0 0 0 0 0 0 0 0 0 0 0 0 0 0 0 0 0 0 0 0 0 0 0 0 0 0 0 0 0 0 0 0 0 0 0 0 0 0 0 0 0 0 0 0 0 0 0 0 0 0 0 0 0 0 0 0 0 0 0 0 0 0 0 0 0 0 0 0 0 0 0 0 0 0 0 0 0 0 0 0 0 0 0 0 0 0 0 0 0 0 0 0 0 0 0 0 0 0 0 0 0 0 0 0 0 0 0 0 0 0 0 0 0 0 0 0 0 0 1 0 0 0 0 1 0 0 0 0 0 0 0 0 0 0 0 0 0 0 0 0 0 0 0 0 0 0 0 0 0 0 0 0 0 0 0 0 0 0 0 0 0 0 0 0 0 0 0 0 0 0 0 0 0 0 
C 
161 268 2^268 4
1 1 1 1 1 0 1 1 1 1 1 0 0 1 0 1 0 0 1 1 1 1 0 0 1 1 1 1 1 1 1 1 1 1 0 0 1 1 1 0 0 0 1 1 1 0 1 1 0 1 0 0 1 1 0 1 1 0 1 1 0 1 0 1 1 0 1 1 0 0 1 0 0 1 1 1 1 0 0 0 1 0 1 0 0 0 1 0 0 0 0 0 0 1 0 1 1 1 1 1 1 0 0 1 1 1 0 1 0 1 1 1 1 1 1 1 0 1 1 0 1 0 0 0 1 0 1 0 0 1 0 1 1 1 0 0 0 1 1 0 1 0 1 1 0 1 1 1 1 1 0 0 1 0 1 0 0 0 1 1 0 0 1 1 1 1 0 0 1 0 0 1 0 1 0 1 0 1 0 1 0 1 1 1 1 1 0 1 0 1 1 0 1 0 0 1 1 1 0 0 1 1 1 0 0 1 1 0 0 1 1 1 1 1 0 0 0 1 1 0 0 0 0 1 1 1 1 1 1 1 1 0 0 0 0 1 1 0 1 1 0 0 1 0 0 1 0 1 1 0 1 1 0 1 1 1 1 1 1 1 0 1 0 1 1 0 0 1 
1 0 0 0 1 1 0 1 0 1 1 1 1 0 1 1 1 1 1 1 1 1 1 1 0 1 0 1 0 1 0 0 1 0 0 0 1 1 1 1 1 1 1 0 0 1 0 0 1 0 0 1 0 0 1 1 1 0 0 1 0 0 1 1 1 0 1 0 1 0 1 1 1 1 0 1 0 0 1 1 0 0 1 1 1 0 1 0 1 1 1 1 0 1 0 0 0 0 1 1 1 0 1 0 0 1 0 1 0 1 1 0 1 1 1 1 0 1 1 0 1 1 1 1 0 1 1 0 1 1 1 0 0 1 0 0 1 0 0 1 1 1 1 0 1 0 1 1 0 0 1 1 0 1 1 1 0 1 1 1 1 1 0 1 1 1 0 1 0 1 0 1 1 1 0 1 1 0 0 1 1 1 1 1 0 1 0 0 0 1 1 1 1 1 1 1 1 1 0 1 0 1 0 1 0 1 1 0 1 0 0 1 1 0 1 1 0 0 1 0 0 0 0 0 0 0 0 0 1 1 1 1 0 1 0 0 0 0 1 1 0 1 0 1 0 1 0 1 1 0 1 1 0 1 0 0 1 1 1 1 1 1 0 1 1 1 0 0 
1 0 1 0 1 1 1 1 0 0 0 0 0 1 0 1 1 1 1 1 0 0 1 0 1 0 0 1 0 1 1 0 1 1 1 1 1 1 0 0 1 1 1 0 1 1 0 1 0 1 1 0 1 1 0 0 1 1 1 1 1 1 1 1 1 1 1 0 1 1 1 1 1 1 0 1 1 1 1 0 0 1 0 1 1 1 1 1 0 1 1 1 0 1 0 0 0 0 1 1 1 1 1 1 0 1 1 0 0 1 0 1 0 1 1 1 1 1 0 1 1 1 0 1 1 0 1 1 0 0 0 0 0 1 1 1 1 0 0 0 1 1 1 0 0 0 0 1 0 1 1 1 0 0 1 1 0 0 0 1 1 1 0 0 1 1 1 0 1 0 1 1 0 0 1 1 1 1 0 1 0 1 0 0 1 0 0 0 0 1 1 0 1 0 0 1 0 0 1 0 1 1 0 0 0 1 1 1 0 0 1 0 0 1 1 1 1 0 0 0 1 0 0 0 1 1 1 0 0 1 0 1 1 1 1 1 0 1 0 1 1 0 1 0 0 1 0 0 1 0 1 0 0 1 1 0 0 1 1 1 0 0 1 1 1 0 1 1 
1 0 0 0 1 0 0 0 1 0 0 0 0 0 0 1 1 0 1 1 0 1 1 0 0 0 1 1 0 0 0 1 1 0 0 1 1 1 0 0 1 0 1 0 0 1 0 0 0 0 1 0 0 0 0 1 1 0 0 1 0 0 0 0 1 1 1 0 1 1 1 1 0 1 0 1 0 0 0 0 0 1 1 0 0 1 1 0 0 1 0 0 1 0 1 1 1 0 0 1 1 1 1 0 1 1 0 1 1 1 0 0 1 0 0 1 0 1 0 1 0 1 0 0 0 0 1 1 0 1 0 1 0 1 1 1 1 1 1 0 1 1 1 0 0 0 1 0 1 0 0 1 1 0 1 1 1 0 1 0 0 0 1 1 1 1 0 0 0 0 0 1 0 0 1 0 1 0 1 1 0 1 0 0 0 1 1 0 1 1 1 0 0 0 0 1 1 0 1 0 0 0 1 0 1 1 1 0 0 0 0 1 0 0 0 1 1 0 0 1 0 1 1 1 0 0 0 0 1 1 0 0 1 1 0 0 1 0 0 1 1 0 0 0 1 1 1 0 1 1 1 1 1 0 0 1 1 0 0 1 0 1 0 1 1 0 0 0 
1 1 1 1 1 0 1 1 0 0 0 1 1 0 1 1 0 0 1 0 0 1 0 1 1 0 0 1 1 1 0 0 1 1 0 1 0 1 0 1 0 0 1 1 0 0 1 0 1 1 1 1 0 1 1 1 1 0 0 0 0 1 0 1 1 1 1 1 0 1 1 0 0 1 1 1 0 0 0 1 1 1 1 0 0 1 0 0 1 0 0 0 1 1 1 0 0 1 1 1 1 1 0 0 0 0 0 1 1 1 0 0 1 1 1 1 0 0 0 1 1 0 1 0 0 1 0 1 1 1 1 0 1 1 1 1 0 0 0 1 1 0 0 1 1 1 1 1 0 0 0 0 0 1 1 0 1 1 1 1 0 0 0 1 1 0 0 1 1 1 0 1 1 0 1 1 0 1 1 1 1 0 0 0 1 1 1 1 1 1 0 1 1 1 1 1 1 0 1 1 0 1 0 1 1 0 0 0 1 1 0 1 0 1 0 0 1 1 0 1 0 1 1 0 1 0 1 1 1 0 0 0 1 0 0 0 0 0 0 0 1 1 1 1 1 1 1 0 1 1 0 1 1 1 1 0 1 1 1 1 1 1 0 1 1 1 0 1 
1 1 0 1 1 1 0 0 1 0 0 1 1 1 1 1 0 1 1 1 0 0 0 0 0 0 1 1 1 0 1 1 1 0 1 0 1 1 0 1 0 1 1 1 1 0 1 1 1 0 0 1 1 0 0 0 1 1 1 1 1 0 1 0 1 0 1 1 0 0 1 0 1 1 1 1 1 1 1 1 1 0 0 1 1 0 1 1 0 0 1 1 1 0 1 1 1 1 0 1 1 0 0 1 1 1 1 0 1 1 0 1 0 0 0 1 1 1 0 0 0 0 1 1 1 0 1 0 1 0 0 1 1 1 0 0 0 1 1 1 1 0 1 1 0 1 0 0 1 1 1 0 1 0 1 0 1 0 0 0 1 1 1 0 1 1 1 1 0 0 1 1 0 0 0 0 0 0 1 1 1 1 0 0 0 0 1 1 1 1 1 1 0 0 0 1 0 0 0 0 1 0 1 1 1 1 1 1 1 1 1 0 0 0 1 0 0 1 0 1 1 1 1 1 0 1 0 1 0 1 0 1 0 0 1 1 1 1 0 1 0 0 0 1 1 1 1 0 1 1 1 0 1 0 0 1 0 0 0 1 0 0 1 1 1 0 1 0 
1 1 0 1 1 0 0 1 1 0 0 0 0 0 0 1 1 0 1 0 0 0 1 1 0 0 1 1 1 1 0 1 1 0 1 0 0 1 0 0 1 0 1 1 0 1 1 0 0 0 0 0 0 0 1 0 1 1 0 0 1 0 0 1 1 0 1 1 1 0 1 1 0 1 1 1 0 1 0 0 1 0 0 0 0 0 0 1 1 1 0 0 0 1 0 1 1 1 1 1 1 0 1 0 1 0 1 0 0 1 0 0 0 1 1 1 1 0 0 0 1 1 0 0 0 1 0 0 0 0 1 1 1 1 0 0 1 1 1 0 1 1 0 1 1 1 0 1 1 0 0 1 1 1 1 1 0 1 0 1 0 0 1 0 1 0 1 0 0 1 1 1 1 0 0 1 1 0 0 1 0 0 0 0 0 0 0 1 0 1 0 0 1 1 1 1 0 0 0 1 0 1 1 0 0 0 0 1 0 1 0 0 0 0 0 1 0 1 0 0 1 0 0 1 0 0 0 1 0 0 0 0 0 1 1 0 1 1 0 0 0 1 0 0 0 1 0 0 1 0 0 0 0 1 0 1 0 1 1 1 1 0 1 1 1 1 1 0 
0 0 1 0 1 0 1 0 1 1 1 0 0 0 0 1 0 0 0 1 1 0 0 1 1 1 1 0 0 0 0 1 0 1 1 1 1 1 1 0 0 0 0 0 0 0 0 0 0 1 1 0 0 1 1 0 0 1 0 1 1 1 0 0 0 1 0 0 0 1 1 0 0 0 0 1 0 1 0 0 0 1 0 0 0 1 1 1 1 0 0 0 0 0 0 1 1 0 0 1 1 1 0 0 1 1 1 0 0 1 1 0 0 0 0 0 1 1 1 1 0 0 0 0 0 1 1 1 0 0 1 1 0 1 1 1 0 1 1 0 0 0 1 0 1 0 0 0 1 0 0 0 1 1 1 0 0 1 0 0 0 0 1 0 0 1 1 0 1 1 1 1 1 1 1 0 0 1 0 0 0 1 1 1 1 0 0 0 0 0 1 0 0 1 1 1 0 1 1 1 0 0 1 0 0 1 1 1 0 0 0 0 1 1 0 0 1 0 1 0 1 0 0 1 1 0 1 0 0 1 1 0 1 0 1 0 1 1 1 1 1 1 1 0 0 1 0 1 1 0 1 0 0 0 1 1 0 0 0 1 1 0 1 0 1 1 1 1 
0 1 0 1 1 1 0 1 0 1 1 0 0 0 0 1 0 1 0 1 1 0 0 0 0 1 0 0 1 1 0 0 0 0 0 1 1 1 1 0 0 1 0 1 0 0 1 0 0 0 1 0 0 0 0 0 0 0 0 1 0 0 1 1 0 1 0 1 0 1 1 0 1 0 1 1 0 0 1 0 1 1 0 1 1 1 1 0 0 0 1 1 1 1 1 0 0 1 1 1 1 1 0 0 0 1 0 0 1 1 1 0 0 1 1 0 0 1 1 1 1 0 0 1 0 0 1 1 0 0 0 0 1 1 1 1 0 0 0 0 0 0 1 1 0 1 0 1 0 0 1 0 0 0 1 0 1 0 0 1 1 1 0 0 0 1 0 0 0 0 0 1 0 1 1 1 0 0 1 0 0 1 1 1 0 0 1 1 1 0 1 0 1 0 0 1 0 1 1 0 0 1 0 0 1 1 1 0 0 1 0 0 1 0 1 0 1 1 1 1 0 1 1 0 0 0 0 1 0 1 1 1 1 0 0 0 0 0 1 1 1 0 0 0 1 1 1 1 1 1 1 0 1 1 0 0 0 1 1 1 0 0 0 0 1 0 0 0 
1 0 1 0 1 1 1 0 0 1 1 0 0 1 0 1 0 1 1 0 1 0 0 1 1 1 0 1 0 0 1 0 1 1 0 0 0 1 1 0 0 1 1 0 1 0 0 1 0 1 0 0 1 1 1 0 1 0 1 0 0 1 1 0 1 0 1 0 0 0 1 0 1 1 0 1 1 0 1 0 0 0 0 1 1 0 0 0 1 0 1 1 1 0 1 0 0 0 0 1 1 0 0 1 0 0 0 0 1 1 1 1 0 0 0 1 0 0 1 0 0 0 0 1 1 1 0 0 0 0 1 0 0 1 0 0 0 0 0 0 1 0 0 0 1 0 0 0 0 1 1 0 0 1 1 0 1 1 0 0 1 1 0 0 1 0 0 0 1 1 0 1 1 1 0 0 0 1 1 1 0 0 1 1 1 0 1 0 1 1 0 0 0 1 1 1 0 1 0 1 1 0 0 0 1 0 0 0 0 0 1 0 1 1 1 0 0 0 1 1 0 1 1 0 1 1 1 0 0 0 1 1 0 0 0 1 0 0 1 0 0 1 1 0 1 1 1 1 1 1 0 0 1 0 1 0 0 0 0 1 1 0 0 1 1 1 0 1 
0 0 1 0 1 1 1 1 1 0 0 1 1 0 1 1 0 1 0 0 0 1 0 0 1 0 1 0 0 1 0 1 0 1 1 0 0 1 0 1 0 1 0 0 0 0 0 0 1 1 0 1 0 1 0 1 0 1 0 0 1 1 1 1 0 0 0 0 0 0 1 0 1 0 0 1 0 1 1 1 0 0 1 1 1 0 0 1 0 0 1 1 0 1 0 1 1 0 1 1 1 0 0 0 1 0 1 1 0 1 0 0 1 1 1 0 1 0 0 0 1 0 1 1 0 0 0 0 1 1 0 1 0 1 0 0 0 1 1 1 0 0 0 0 0 0 1 1 1 0 1 0 1 0 1 0 0 0 1 1 1 1 1 1 0 0 1 1 1 0 1 1 0 0 0 1 0 1 0 0 1 0 0 0 1 1 0 0 0 0 0 1 1 0 0 1 1 0 0 0 0 1 1 1 0 0 0 1 1 0 0 1 0 1 1 0 0 0 0 0 1 0 0 1 1 0 1 0 1 0 0 1 0 0 1 0 1 1 0 0 0 0 1 1 0 1 0 0 1 0 0 1 0 1 1 1 1 1 1 1 0 1 1 0 1 0 1 1 
1 1 0 1 0 0 0 0 0 1 1 0 0 1 0 0 1 0 1 1 1 0 1 1 0 1 0 1 1 0 1 0 1 0 1 1 1 0 1 0 1 0 1 1 1 1 1 1 0 0 1 0 1 0 1 0 1 1 1 1 1 0 0 0 1 1 1 1 1 1 0 1 0 1 1 0 1 1 0 0 1 1 0 0 0 1 1 1 1 1 0 0 1 0 1 0 0 1 0 0 0 1 1 1 0 1 1 0 1 0 1 1 0 0 0 1 1 1 1 1 0 1 0 0 1 1 1 1 0 0 1 0 1 0 1 1 1 0 0 0 1 1 1 1 1 1 0 0 0 1 0 1 0 1 0 1 1 1 0 0 0 0 0 0 1 1 1 0 0 1 1 0 1 1 1 0 1 0 1 1 0 1 1 1 0 0 1 1 1 1 1 0 0 1 1 0 0 1 1 1 1 0 0 0 1 1 1 1 0 1 1 0 1 0 0 1 1 1 1 1 1 1 1 0 0 1 0 1 0 1 1 0 1 1 1 1 0 1 1 1 1 1 0 0 1 0 1 1 0 1 1 0 1 0 0 0 0 0 0 0 1 0 1 1 0 1 1 0 
0 0 0 0 1 0 0 1 1 1 1 1 1 1 1 1 1 0 0 0 1 0 1 0 0 1 1 0 0 1 1 1 0 0 0 0 0 1 1 1 1 0 0 0 1 1 0 1 1 0 0 1 1 0 0 0 0 0 1 0 0 0 0 1 0 0 0 0 1 0 1 1 0 0 0 1 1 0 0 1 0 0 0 0 0 0 0 0 0 1 0 0 1 1 1 1 1 0 1 1 1 0 1 1 1 0 0 0 1 1 1 1 0 1 1 0 0 0 1 0 1 1 1 0 1 0 0 0 1 0 0 1 0 1 0 0 1 1 1 1 0 1 0 0 0 0 0 1 1 1 0 1 1 0 1 1 1 0 0 1 0 0 1 0 0 0 0 1 0 0 0 1 0 1 0 1 1 0 1 0 1 0 1 1 0 0 1 0 1 0 0 1 1 0 0 1 0 1 0 0 1 1 1 1 1 0 0 0 1 0 1 0 1 0 0 1 0 0 1 1 0 1 1 1 0 1 0 0 0 0 1 0 0 1 0 1 1 0 1 0 0 0 0 1 1 1 1 1 1 1 0 0 1 1 0 1 0 1 1 1 0 0 0 0 1 0 0 0 
0 1 1 1 1 0 1 0 0 1 1 0 0 0 0 1 1 0 0 0 1 1 1 0 1 1 0 0 1 0 0 0 0 1 1 0 0 1 1 0 1 0 0 1 0 1 1 0 0 1 0 0 0 1 0 1 0 1 0 0 1 1 0 0 0 0 0 1 1 0 1 1 0 0 1 1 0 1 0 0 1 0 1 0 0 0 0 1 0 1 0 0 1 0 1 0 0 1 0 1 1 0 1 0 0 0 1 1 1 1 1 0 1 0 0 0 1 0 1 0 0 1 0 0 0 0 0 0 0 1 0 0 1 1 0 0 1 0 0 0 0 1 0 1 0 1 1 0 0 0 0 1 0 0 1 1 1 0 1 0 0 0 0 1 0 0 1 0 1 0 1 1 0 1 0 0 1 1 1 0 0 0 1 1 1 1 1 1 1 0 0 0 0 0 0 1 1 1 0 0 0 0 0 0 1 0 0 1 0 1 0 1 1 1 0 1 0 1 1 1 1 1 1 0 1 0 1 1 1 0 1 0 0 1 1 0 0 1 1 0 0 0 1 0 1 1 1 1 1 1 0 1 1 0 1 0 1 0 0 1 0 1 1 0 1 0 1 1 
0 0 0 0 1 1 0 0 0 0 0 1 1 0 1 1 1 1 0 0 0 0 1 1 0 0 0 0 0 0 0 0 0 0 1 1 0 1 0 1 1 1 0 0 0 1 0 0 1 0 1 1 0 0 1 0 0 1 0 0 1 0 1 0 0 1 0 0 1 1 1 1 1 0 0 1 0 1 1 1 0 1 0 1 1 1 0 1 1 1 1 1 1 0 1 0 0 0 0 1 1 1 1 0 0 0 1 0 1 1 0 0 0 0 0 0 1 0 0 1 0 1 1 1 0 1 0 1 1 0 1 0 0 1 1 1 1 0 0 1 0 1 0 0 1 0 0 0 0 0 1 1 0 1 1 1 1 1 0 0 1 1 0 0 0 0 1 1 0 1 1 1 1 0 1 0 1 0 1 0 1 0 0 0 0 0 1 0 1 0 0 1 0 1 1 1 0 0 1 1 0 0 0 1 1 0 0 1 1 0 0 0 0 0 1 1 1 0 0 1 1 1 1 0 0 0 0 0 0 0 0 1 1 1 1 0 0 1 0 0 1 1 0 1 1 1 1 0 1 1 0 0 1 0 0 0 0 0 0 1 1 0 1 0 1 1 1 0 
0 1 0 1 1 1 0 0 1 0 0 0 0 1 0 1 0 1 0 0 0 1 0 1 0 0 1 0 1 0 1 1 0 0 0 1 0 1 0 0 0 1 0 1 1 0 1 1 0 0 1 0 1 0 1 1 0 0 1 0 0 0 1 0 0 1 0 1 0 1 1 0 1 0 1 1 1 0 1 0 1 1 1 1 1 1 0 0 1 0 1 1 0 0 0 1 1 1 0 1 1 1 0 1 1 0 0 1 0 1 0 1 1 0 0 0 0 0 0 1 0 0 0 1 1 1 0 1 0 1 1 1 1 1 1 1 0 1 1 0 0 0 0 1 1 1 1 0 1 1 1 0 1 1 1 0 0 1 1 0 1 1 1 1 0 0 0 0 0 1 0 1 1 0 1 0 0 0 0 0 0 0 0 0 0 1 0 1 0 0 0 0 0 1 1 1 1 0 1 1 1 0 1 0 0 0 0 0 0 1 1 1 0 0 1 0 1 1 0 0 0 0 0 1 0 1 0 1 1 0 0 1 1 0 0 1 1 0 0 0 1 1 0 0 0 1 0 0 1 0 0 1 0 0 0 1 1 0 0 1 1 1 0 0 1 1 0 0 
0 1 1 1 1 0 1 0 0 0 0 1 1 1 1 1 1 0 0 1 0 0 1 1 1 0 0 0 1 0 1 0 0 1 0 0 1 1 0 1 1 0 0 1 1 1 1 1 1 1 0 1 1 1 1 0 0 0 1 1 0 1 0 0 0 0 0 1 1 0 1 1 0 0 1 1 1 0 0 1 1 0 0 0 0 0 1 0 1 1 0 0 0 0 0 0 0 1 0 1 1 0 1 1 0 1 0 0 0 1 0 1 0 0 0 0 0 1 0 0 0 1 1 0 1 1 1 0 1 0 1 0 1 1 0 0 1 0 0 1 0 1 1 1 1 1 0 0 0 1 0 1 0 1 1 1 0 1 0 0 0 0 0 0 0 1 0 1 1 1 0 1 1 0 0 0 1 1 0 0 1 1 0 0 1 0 0 1 0 0 1 1 0 1 1 1 0 0 0 1 1 0 0 1 0 1 1 0 1 1 1 0 0 1 0 1 0 1 0 0 0 0 0 0 1 1 1 1 0 1 0 0 0 1 0 1 0 0 0 1 0 1 1 1 0 1 0 0 1 0 1 0 0 0 1 0 0 0 0 1 1 0 0 0 1 1 0 1 
1 1 1 1 0 1 1 0 1 1 1 1 1 0 1 0 1 1 1 0 1 0 1 0 1 1 1 1 1 0 0 1 1 1 0 1 0 0 1 1 1 1 1 1 0 1 1 0 1 1 1 1 0 1 0 0 1 0 0 0 0 1 1 0 1 1 1 1 1 1 0 1 1 1 1 0 0 0 1 1 1 1 0 1 1 1 0 0 0 1 1 1 0 0 0 1 1 1 0 0 0 1 1 0 1 0 0 0 0 0 1 0 0 0 0 1 0 0 1 1 0 1 1 1 0 0 0 1 1 0 0 1 1 0 1 1 1 1 1 1 1 1 0 1 0 1 0 0 1 0 1 1 1 0 0 1 0 0 0 0 1 1 1 0 1 0 0 1 1 0 0 0 0 1 1 0 1 1 0 1 1 0 1 1 1 0 0 1 0 1 0 1 0 0 0 0 0 1 1 0 0 0 1 1 0 0 0 0 1 1 0 0 1 1 1 1 1 1 1 0 0 0 0 1 1 0 1 1 0 0 1 1 1 1 0 0 1 0 1 0 1 0 1 1 0 0 0 1 0 0 0 0 0 0 1 1 0 0 0 0 0 0 0 1 0 0 0 1 
1 0 0 0 0 1 0 1 1 1 1 0 0 0 0 0 0 1 1 0 1 1 0 1 0 1 1 1 0 1 0 1 1 0 1 1 0 0 1 0 0 1 1 0 0 0 0 0 0 0 1 0 0 0 1 1 1 1 0 0 1 0 1 1 1 1 1 0 0 1 0 0 1 1 0 0 0 1 1 0 0 1 1 1 1 1 0 1 1 0 1 1 1 1 1 1 1 0 1 0 0 1 0 0 1 0 1 1 1 0 1 0 1 1 1 1 1 0 1 1 1 0 0 1 0 1 0 1 0 1 1 1 0 0 1 1 0 1 1 0 1 0 0 0 1 0 1 1 1 0 1 0 1 1 0 0 1 1 1 1 1 1 1 1 1 0 1 0 0 1 1 0 1 1 1 1 0 0 1 1 0 0 1 1 0 1 1 0 1 1 0 0 1 1 1 0 1 1 1 1 0 1 1 0 1 0 0 1 0 0 0 1 1 0 1 0 1 0 1 1 1 1 1 1 0 0 0 0 1 0 1 1 1 0 1 0 1 1 1 0 1 1 0 0 1 0 1 1 0 1 0 1 1 1 0 1 1 1 1 0 1 1 1 1 0 1 1 0 
1 0 1 0 0 0 1 1 0 1 1 1 1 0 1 0 0 0 1 1 1 0 0 0 1 1 0 1 0 1 0 0 1 1 1 0 1 0 1 1 0 0 1 0 0 0 0 0 1 1 0 1 0 1 0 0 1 1 0 1 1 1 0 1 1 0 1 0 0 0 0 0 0 1 0 0 0 1 0 1 0 0 0 0 0 0 1 1 0 0 0 0 1 1 1 0 0 0 1 0 0 0 0 0 0 1 1 0 1 0 1 0 0 1 1 1 1 1 1 0 1 0 1 0 0 0 1 0 1 0 0 0 0 0 0 0 0 0 0 1 1 0 1 0 0 0 0 1 0 0 0 0 0 0 0 0 1 0 0 1 0 0 0 0 1 1 1 1 1 0 1 0 0 1 0 1 0 1 1 1 1 1 1 1 1 0 1 0 1 1 1 1 1 0 0 0 0 1 0 0 0 1 0 1 1 1 1 1 1 0 0 0 1 1 0 0 0 0 1 1 1 1 1 0 1 0 1 0 0 1 1 0 0 0 1 0 0 1 1 1 0 0 1 1 1 0 1 1 0 1 1 0 1 1 1 0 0 1 1 0 0 0 1 1 0 0 1 1 
1 0 0 0 0 0 0 1 1 0 0 1 1 1 1 0 0 0 1 1 0 0 0 1 0 0 1 1 0 1 1 1 1 0 0 1 1 0 0 1 0 0 1 0 1 0 0 1 1 0 1 1 1 0 1 0 1 0 1 1 0 0 0 1 1 1 1 0 0 1 0 0 0 1 0 0 1 0 0 1 0 1 0 0 0 1 1 0 1 0 0 0 0 1 0 1 1 0 1 0 0 1 0 1 1 1 0 0 0 0 0 1 0 1 1 1 0 1 0 1 1 0 1 0 1 1 1 1 1 0 1 1 0 0 1 1 0 1 1 1 1 0 1 0 1 0 0 1 1 1 0 0 1 1 0 0 0 1 0 1 0 0 1 0 1 1 0 1 0 1 0 0 1 0 1 1 0 0 0 1 1 1 0 0 0 0 0 0 0 1 1 1 1 1 1 0 0 0 1 1 1 1 1 1 0 1 1 0 1 0 1 0 0 0 0 0 1 0 0 0 0 0 0 1 0 1 0 0 0 1 0 0 1 0 0 1 1 0 0 1 1 1 0 1 0 0 0 0 0 0 1 0 0 1 0 1 0 1 1 0 1 0 0 1 0 1 0 0 
1 1 1 1 0 1 1 0 0 0 0 0 0 0 0 0 0 1 1 1 0 1 0 1 1 0 0 1 1 0 0 0 1 1 1 0 1 0 0 0 0 1 1 1 0 0 1 0 0 1 0 0 0 1 1 1 1 1 0 1 1 1 1 0 1 0 1 1 0 0 0 0 1 1 1 0 0 1 1 0 1 0 1 1 1 0 1 1 1 0 1 1 0 0 0 0 0 1 0 0 0 0 0 0 0 1 1 1 0 0 0 0 1 0 0 1 1 1 0 0 0 0 0 1 0 1 1 0 0 1 1 0 1 0 0 0 0 0 0 0 1 0 1 1 1 1 1 0 0 0 1 0 0 1 0 0 0 1 1 0 1 1 0 1 1 1 1 0 1 1 1 0 1 0 0 0 0 1 0 1 0 1 0 0 1 1 0 1 0 1 1 0 0 1 1 0 1 0 0 1 0 0 0 0 0 1 1 1 0 1 0 1 0 1 1 0 0 1 0 0 1 0 0 0 1 0 1 1 1 1 0 1 0 0 1 0 0 1 0 1 0 1 1 0 0 0 0 0 0 0 1 1 0 0 1 0 1 0 0 0 1 1 1 1 0 1 1 1 
1 0 1 0 0 0 1 0 1 0 0 1 1 1 1 0 1 0 1 0 0 1 1 1 1 0 1 1 0 0 1 1 1 1 1 0 0 0 0 1 1 0 1 0 1 1 0 1 1 1 0 1 1 1 1 1 1 1 1 0 1 1 0 0 1 0 1 0 1 0 0 1 0 1 0 0 1 1 0 1 0 0 1 0 0 0 0 1 1 1 0 0 1 0 1 1 1 0 0 0 0 0 1 1 1 0 1 1 1 0 0 1 1 0 0 1 1 0 0 0 0 1 1 0 1 1 0 0 1 1 1 1 0 0 0 0 1 1 1 1 1 1 0 0 1 0 1 0 1 1 0 1 1 1 0 1 1 1 1 0 0 0 1 1 1 0 1 1 1 1 1 0 1 0 0 0 1 1 1 1 1 0 0 0 1 1 1 0 1 1 0 1 0 1 1 0 1 0 0 1 1 0 1 1 1 0 0 1 1 0 1 1 0 1 0 1 0 0 0 1 1 1 1 1 1 1 1 0 1 0 0 0 0 1 1 1 1 1 0 0 0 1 1 1 1 0 1 0 0 1 0 1 1 0 1 1 1 0 0 0 1 1 1 1 0 1 1 1 
1 1 0 1 0 1 0 1 0 0 0 0 0 1 0 0 1 1 1 0 0 1 1 0 0 0 0 1 1 1 1 0 1 0 0 0 0 0 0 0 1 1 1 1 1 1 1 1 0 0 0 0 1 0 0 1 1 0 1 0 0 0 1 1 1 0 1 1 1 0 0 1 1 1 1 0 1 0 1 0 1 0 1 1 1 0 0 0 0 1 1 1 1 1 1 0 0 1 1 0 0 0 1 1 0 0 0 1 1 0 0 1 1 1 1 1 0 0 0 0 1 1 0 1 1 0 0 0 0 1 0 0 1 0 0 0 1 0 0 0 1 1 0 1 0 1 1 1 0 1 1 1 0 0 0 1 1 0 1 1 1 1 0 1 1 0 0 0 0 0 0 0 0 0 0 1 1 0 1 1 0 0 0 0 0 1 1 1 1 1 0 0 1 0 0 0 1 0 0 0 1 1 0 0 1 0 0 0 0 1 1 1 0 0 1 1 0 1 0 1 0 1 1 0 0 1 0 1 1 0 0 1 0 1 0 1 0 0 0 0 0 0 0 0 1 0 1 0 0 1 0 1 1 1 0 0 1 1 1 0 0 1 0 1 0 0 0 0 
0 0 1 0 0 0 1 1 0 1 1 0 0 1 0 0 1 0 0 0 1 1 1 1 1 1 0 0 0 1 1 0 0 1 0 1 0 0 1 0 1 0 0 0 1 1 0 1 0 1 1 0 1 1 1 1 0 0 1 0 0 1 0 1 0 1 0 0 1 1 0 1 0 0 0 0 1 0 0 0 0 1 1 0 0 1 0 0 1 1 0 0 0 1 0 0 0 0 1 0 0 1 1 1 0 0 0 1 0 0 1 1 1 1 1 0 0 0 1 1 1 1 0 0 1 1 0 1 0 1 1 0 0 0 1 1 1 0 0 0 0 1 0 0 1 0 1 1 0 1 0 1 0 1 0 1 0 1 1 1 0 0 0 1 0 0 0 0 1 1 0 0 1 1 1 1 1 1 0 0 0 0 1 1 1 1 0 0 0 0 0 0 1 1 1 0 1 1 1 1 1 1 0 0 0 0 0 0 0 0 1 1 1 1 0 1 1 0 1 0 0 0 0 0 1 1 1 0 1 0 1 0 1 1 0 1 0 0 1 0 1 1 1 0 0 0 0 1 0 0 0 1 0 1 1 0 1 1 1 0 1 1 0 0 0 1 0 1 
0 1 0 1 0 1 0 1 0 1 1 1 1 1 1 0 0 1 0 0 1 0 0 1 0 1 0 0 1 1 1 0 0 0 1 0 0 0 1 1 0 1 0 1 1 0 1 1 1 0 0 1 1 0 1 0 0 1 1 0 1 0 1 1 0 0 0 1 0 0 0 0 1 0 1 0 1 1 1 1 1 0 0 1 1 0 0 1 1 0 1 1 0 1 0 0 0 1 1 0 0 0 0 1 0 0 1 0 0 0 1 1 0 1 1 0 1 0 1 0 1 0 1 1 1 1 0 0 1 0 1 0 1 0 0 0 0 0 0 1 0 0 0 1 1 1 0 1 0 1 1 0 0 1 0 0 0 1 0 1 1 1 0 0 0 0 1 1 0 1 1 0 1 1 0 1 0 0 0 0 1 0 1 1 0 0 0 1 0 0 0 1 1 1 1 0 0 1 0 1 1 1 0 1 0 0 0 1 1 1 1 0 1 0 1 0 0 1 1 0 1 0 0 0 0 1 0 1 0 0 1 1 0 0 1 1 0 1 1 0 0 1 0 1 0 0 0 1 0 0 0 0 0 1 0 0 0 1 1 0 1 0 1 0 0 1 1 0 
0 1 0 1 0 0 0 0 1 1 1 1 1 0 1 0 0 0 0 1 1 1 0 1 0 1 1 0 1 0 0 1 0 0 0 0 1 0 1 1 0 0 0 1 0 0 1 0 1 0 0 1 0 0 1 1 0 0 0 1 0 0 0 0 0 0 0 1 0 0 0 0 0 0 1 0 0 0 0 1 1 0 1 0 0 0 1 0 1 0 0 0 1 0 1 1 1 1 0 0 0 0 0 0 1 1 0 1 1 0 1 0 1 0 0 0 0 1 1 0 0 0 1 0 0 1 1 0 1 1 1 1 1 0 0 0 0 1 1 1 0 0 1 1 1 1 1 0 1 0 0 0 1 1 0 0 1 1 1 0 0 0 1 1 0 1 0 1 0 1 0 0 1 1 0 0 0 0 1 0 1 1 1 1 0 1 1 1 1 0 1 1 0 1 1 0 1 1 0 1 0 0 1 1 1 1 1 0 1 1 0 1 1 0 0 0 0 1 1 1 0 1 1 1 0 0 0 1 1 1 1 0 0 0 0 0 1 0 1 1 0 1 0 1 1 0 1 1 0 1 1 1 1 0 0 1 1 0 0 0 1 1 0 0 0 1 0 0 
0 0 0 0 0 1 0 0 1 1 1 0 0 1 0 0 1 1 0 1 1 1 1 0 0 1 1 0 0 0 1 1 0 0 1 0 1 0 1 0 1 1 0 0 1 1 0 1 0 0 0 0 1 0 0 1 0 1 1 1 1 0 1 0 0 0 0 0 1 0 0 1 1 0 0 0 1 1 1 0 0 0 1 1 1 0 1 1 0 1 1 1 0 0 0 1 1 0 0 0 0 0 1 1 1 1 1 1 0 0 1 1 1 0 0 0 1 1 1 0 0 1 0 1 1 0 1 0 0 1 0 1 0 0 0 0 1 1 1 0 0 1 1 0 0 0 1 0 1 1 1 1 1 0 0 1 0 0 1 0 1 1 1 1 0 1 1 0 0 0 1 0 0 1 0 0 1 0 0 0 0 1 1 1 0 1 0 0 0 0 1 0 0 0 0 0 1 1 0 0 1 0 1 0 0 1 1 1 0 0 1 1 1 0 1 1 0 0 1 0 1 0 0 1 0 1 0 0 1 1 1 1 0 1 1 1 1 1 1 1 0 0 0 0 0 0 0 1 0 0 1 1 0 0 0 1 1 0 0 0 0 1 1 0 0 0 1 0 
0 1 1 1 0 0 1 1 1 0 0 0 0 1 0 0 0 0 0 0 0 0 0 0 1 0 1 0 1 1 1 1 0 1 1 1 0 0 0 0 0 0 0 1 1 0 1 1 0 1 1 0 1 1 0 0 0 1 1 0 1 1 0 1 0 1 0 1 0 1 0 0 0 0 1 0 1 1 0 0 1 1 0 0 0 1 0 1 0 0 0 0 1 1 1 1 1 1 1 0 0 1 0 1 1 0 1 0 1 0 0 1 0 1 1 0 1 0 0 1 1 0 0 0 1 0 0 1 0 0 0 1 1 0 1 1 0 1 1 0 0 0 0 1 0 1 0 1 1 1 0 0 1 0 0 0 1 0 0 1 0 0 1 0 0 0 1 0 1 0 1 0 0 0 1 1 0 1 1 0 0 0 0 0 1 0 1 1 1 0 0 0 1 0 0 0 0 0 1 0 1 1 1 0 1 0 0 1 0 1 1 0 0 1 0 0 1 1 0 1 1 1 1 1 1 1 1 1 0 0 0 0 1 0 1 1 1 1 0 0 1 0 1 0 1 0 1 0 0 1 0 0 1 1 1 1 0 1 1 0 0 0 1 0 0 0 1 1 
0 0 1 0 0 1 1 0 0 0 0 1 1 1 1 0 0 1 0 1 0 1 0 0 1 0 0 0 0 0 1 0 0 1 0 1 1 0 0 1 0 1 0 0 1 0 0 1 1 1 1 1 1 1 0 1 0 0 1 1 0 1 1 0 0 1 0 0 0 1 0 0 1 0 0 0 1 0 1 1 0 1 1 1 1 1 1 0 0 0 1 1 1 0 1 0 0 0 0 0 0 1 0 1 0 1 0 1 1 0 0 1 1 0 0 0 0 1 0 1 0 0 1 1 1 0 1 1 1 1 0 0 0 0 1 1 0 0 0 1 0 0 1 0 0 0 1 0 0 1 1 0 0 0 0 0 1 0 1 0 1 1 0 1 0 1 0 1 1 0 0 0 0 0 1 0 0 1 1 0 1 1 0 0 1 1 1 0 1 0 1 1 0 0 0 0 1 0 1 0 1 0 0 1 1 1 1 0 1 0 1 1 0 1 1 0 1 0 0 1 0 1 1 0 1 1 1 0 1 1 0 1 1 0 0 1 0 0 0 1 1 0 1 1 1 0 1 0 0 1 1 1 1 0 1 0 1 0 0 0 0 1 0 0 0 0 0 1 
0 1 0 1 0 0 0 1 0 0 0 1 1 0 1 0 1 0 0 1 0 1 1 0 0 0 0 0 1 1 0 0 0 0 1 1 1 0 0 1 1 0 0 1 0 1 1 0 1 0 1 1 0 0 0 1 0 1 0 1 1 0 0 1 0 1 0 1 1 1 0 1 0 0 1 0 0 1 0 1 1 1 1 0 0 1 1 1 0 1 0 0 0 1 0 0 0 1 1 0 0 1 1 0 0 1 1 1 0 0 0 0 1 1 1 0 1 1 0 1 1 1 1 0 0 0 1 1 1 1 0 0 1 0 1 1 1 0 0 1 0 1 1 1 0 1 1 1 0 0 0 1 0 0 0 1 0 0 1 1 0 0 0 1 0 1 1 1 0 0 1 0 0 0 1 1 1 0 0 0 1 1 0 0 0 1 0 1 0 0 1 1 1 0 0 0 1 0 1 0 0 1 0 1 0 1 1 1 1 1 0 1 0 0 0 1 1 1 0 0 1 0 0 0 0 0 0 1 1 1 0 0 1 1 1 0 0 1 0 1 1 0 0 1 0 0 0 0 0 0 1 1 0 1 0 0 1 1 1 0 0 1 1 0 0 0 1 0 
0 0 1 0 0 1 1 1 1 0 0 0 0 0 0 0 1 1 0 1 0 0 1 1 1 0 1 0 0 1 0 1 0 1 0 0 1 0 0 0 1 1 0 0 0 1 0 0 0 1 0 0 0 1 1 0 0 0 0 1 0 1 1 1 0 0 0 0 1 0 0 1 1 0 0 0 0 0 1 0 0 0 0 1 1 0 1 0 1 1 1 1 1 1 1 1 1 0 1 0 0 0 1 0 1 1 0 0 1 0 0 0 0 1 1 0 0 1 0 0 1 1 0 1 0 1 1 0 0 0 1 1 0 0 0 0 1 1 1 0 0 1 1 0 1 0 0 1 1 0 1 1 1 1 0 1 1 1 0 1 1 1 1 0 0 1 0 0 1 1 0 0 1 0 0 1 1 1 1 0 0 1 0 0 1 0 1 0 1 0 1 0 1 1 1 0 0 0 0 1 0 1 1 0 1 1 1 0 0 0 0 0 0 1 1 1 0 0 0 1 0 1 1 1 1 0 1 0 0 1 0 1 0 1 0 0 1 0 0 1 0 1 1 0 1 0 1 0 0 1 1 0 1 1 1 1 0 1 1 0 1 0 0 0 0 1 0 1 
1 0 0 0 1 0 0 0 0 1 1 1 1 1 1 1 0 0 1 0 1 1 0 0 0 1 0 1 0 0 1 0 1 0 1 1 0 1 1 1 0 0 1 0 1 0 0 1 1 0 1 1 1 0 0 1 1 1 1 0 1 0 0 0 1 1 1 0 0 1 1 0 0 1 0 1 1 1 0 1 0 1 1 0 0 1 0 1 0 0 0 0 0 0 0 0 0 0 0 1 1 1 0 1 0 0 1 1 0 1 1 1 1 0 0 1 1 0 1 1 0 0 1 0 1 0 0 1 1 1 0 0 0 1 1 1 0 0 0 1 1 0 0 0 0 0 1 0 0 1 0 0 0 0 1 0 0 0 1 0 0 0 0 1 1 0 1 1 0 0 1 1 0 1 1 0 0 0 0 1 1 0 1 1 0 1 0 0 0 1 0 1 0 0 0 1 1 1 1 0 1 0 0 1 0 0 0 1 1 0 1 1 1 0 0 0 1 0 1 0 1 0 0 0 0 1 0 0 1 0 1 0 1 0 1 1 0 1 1 0 1 0 0 1 0 1 0 1 1 0 0 1 0 0 0 0 1 0 0 1 0 1 1 1 1 0 1 0 
1 0 0 0 0 1 0 0 1 0 1 1 0 1 1 1 0 0 1 0 1 0 1 1 0 1 1 0 1 0 1 0 1 1 0 0 0 1 0 0 1 0 1 0 1 1 1 0 1 1 1 0 1 1 1 1 0 1 1 1 0 1 1 1 1 0 0 1 1 1 1 1 1 1 1 1 1 1 1 0 0 1 0 0 1 1 0 0 1 1 1 1 1 1 0 1 1 1 1 1 1 1 0 1 1 0 0 1 1 0 1 0 1 0 0 1 0 1 1 1 1 1 0 1 0 1 1 1 0 1 1 1 1 1 0 1 0 0 1 1 0 0 1 1 0 1 1 0 0 1 0 0 0 1 0 0 1 0 0 1 0 0 0 0 1 0 1 0 1 1 1 0 0 0 0 1 1 1 0 0 1 1 1 0 0 1 1 0 0 1 1 1 1 0 0 1 0 1 1 0 1 0 0 1 1 1 1 1 1 1 0 0 1 1 1 0 1 1 0 0 1 0 1 1 0 1 1 0 0 1 0 0 0 1 1 0 0 1 0 0 0 1 1 1 1 0 1 1 1 0 1 1 1 1 0 1 1 0 1 0 0 1 1 0 0 1 0 1 
1 0 0 1 1 0 0 1 1 1 0 1 0 1 1 1 1 1 0 0 0 1 1 1 1 0 0 0 0 0 0 1 1 1 0 0 1 1 0 1 1 0 1 1 1 0 0 0 1 1 0 0 1 1 0 0 0 0 1 1 1 0 1 1 1 1 1 0 1 1 0 1 0 0 1 1 0 0 1 1 1 0 1 1 1 0 1 1 1 0 0 1 0 1 1 0 1 0 0 0 1 1 0 1 1 1 1 1 0 1 1 1 1 0 1 0 0 0 1 1 1 1 0 0 0 1 0 1 1 1 0 0 1 0 1 0 0 1 0 1 0 1 1 1 1 1 1 0 1 0 0 1 0 1 0 0 0 0 0 1 0 1 0 0 1 0 0 1 1 1 1 1 1 1 0 0 1 0 0 1 0 0 1 0 1 0 1 0 0 0 1 1 0 1 1 0 1 1 1 0 0 1 1 0 1 1 1 1 1 1 1 0 1 0 1 1 1 1 1 1 1 1 1 1 1 1 0 1 1 1 0 1 0 0 1 1 0 1 1 0 1 1 1 0 0 1 1 0 1 0 0 1 1 0 0 1 0 1 1 0 0 1 0 1 0 0 1 1 
0 1 1 1 1 0 0 0 1 0 1 1 1 1 1 0 1 0 1 0 1 1 1 0 0 0 1 0 0 1 1 0 1 1 1 1 0 1 1 0 1 1 0 0 0 0 1 1 1 1 1 0 1 1 1 1 1 0 1 1 1 0 1 1 1 0 0 0 1 1 0 0 1 0 0 1 1 1 0 0 0 1 0 1 1 0 1 0 1 0 1 0 0 1 0 1 0 1 0 1 1 1 1 0 1 1 0 1 1 0 1 0 0 1 1 0 0 0 1 0 0 1 1 0 0 1 1 0 1 1 0 0 1 1 0 0 0 0 0 0 1 0 1 1 1 0 0 0 1 0 0 1 1 1 1 1 1 0 0 1 1 0 1 1 1 1 0 1 1 1 0 0 0 0 0 0 0 0 1 1 1 1 0 0 1 0 1 1 1 1 0 0 1 0 1 0 0 1 1 1 0 0 1 0 0 1 0 0 1 1 1 1 1 1 1 0 1 1 1 0 1 1 1 0 1 1 1 1 1 1 1 1 1 1 1 0 0 1 1 1 1 0 0 1 0 1 1 0 0 0 0 1 0 1 1 1 0 1 1 1 1 1 1 1 0 1 1 0 
0 0 0 1 1 0 1 0 1 0 0 1 0 1 1 1 1 0 0 1 0 0 1 1 0 1 0 1 1 0 0 0 1 0 0 0 0 1 0 0 1 1 1 0 0 1 0 1 1 1 0 1 0 1 0 0 0 0 1 0 1 1 1 1 1 0 0 0 1 0 1 1 0 0 0 0 0 0 0 0 0 0 0 0 1 0 1 0 1 0 0 1 0 0 0 0 1 0 1 0 1 1 1 1 0 0 0 1 0 0 1 0 0 1 1 1 1 0 0 0 1 0 1 1 1 0 0 1 1 0 1 1 1 0 0 1 1 0 0 0 1 0 1 0 0 1 1 1 0 0 1 0 0 1 0 0 0 1 1 1 0 0 1 0 0 0 1 0 1 1 0 0 0 0 1 0 0 0 1 1 0 0 0 1 1 0 1 1 0 0 0 1 0 0 1 0 0 1 1 1 1 0 1 0 1 1 1 1 0 1 0 1 1 0 1 0 1 1 1 0 0 0 1 0 0 1 0 0 1 1 1 1 1 0 1 0 1 1 0 1 1 0 0 0 1 0 1 0 0 1 1 1 0 0 1 1 1 0 1 1 0 1 0 0 1 0 0 1 
0 0 0 0 0 1 1 1 1 1 1 0 0 1 1 1 0 1 1 1 0 0 0 1 1 0 1 1 0 0 1 1 1 1 0 0 1 1 0 1 1 1 1 1 0 0 1 1 1 0 0 1 1 1 1 0 0 1 1 1 0 0 1 0 0 1 1 1 1 1 0 1 0 1 0 1 0 1 0 1 1 1 1 0 1 1 0 1 1 1 1 1 1 1 1 0 1 0 0 1 1 1 1 1 1 0 1 1 1 1 1 1 0 1 0 0 1 1 1 0 1 1 1 0 1 1 1 1 0 1 0 0 0 0 1 0 1 1 1 0 1 1 0 1 0 1 1 1 0 1 1 0 0 1 0 0 0 1 1 1 0 1 1 0 1 0 0 0 1 0 0 1 1 1 1 1 0 1 1 0 1 0 0 1 0 1 1 1 0 0 0 1 0 1 0 1 1 1 0 1 0 1 0 1 1 1 1 1 1 1 0 1 0 0 0 1 1 1 0 1 1 0 0 0 0 0 1 0 0 1 1 0 1 1 1 1 1 1 0 1 0 0 0 0 0 0 1 1 0 1 0 1 0 1 1 0 0 0 1 1 0 0 0 0 1 0 0 1 
0 1 1 0 0 1 1 0 1 1 0 1 1 1 1 0 0 1 0 1 1 1 1 0 0 1 0 1 1 1 0 0 1 0 1 1 1 1 1 1 1 0 0 1 0 1 0 0 1 1 1 1 0 1 0 1 1 1 1 0 0 1 1 1 1 0 1 1 1 0 1 0 1 1 0 0 1 0 0 0 0 0 0 1 1 1 0 1 1 1 0 0 1 0 0 1 0 1 1 0 1 1 0 0 0 1 0 1 0 0 1 1 0 0 0 1 1 1 0 0 0 0 0 1 1 0 0 0 0 0 1 1 1 1 1 1 1 1 1 0 0 1 1 0 1 0 0 1 1 1 1 1 1 1 1 1 1 1 1 1 1 0 0 1 0 1 1 1 1 1 0 1 0 0 1 1 0 1 0 0 0 1 0 1 0 1 1 0 1 1 0 0 1 1 0 1 1 1 1 0 1 1 0 1 0 1 0 0 0 1 1 0 1 1 1 0 1 1 0 1 0 1 1 0 1 1 0 1 0 1 0 0 0 0 1 0 1 1 1 0 0 0 0 1 1 1 1 1 0 1 1 1 0 0 0 1 1 1 1 0 1 1 1 1 1 1 1 0 
0 1 1 1 1 1 0 1 1 0 0 0 1 1 1 0 1 0 0 0 0 0 0 0 1 1 0 0 1 1 0 1 1 1 1 1 0 1 1 0 1 0 0 0 0 1 0 0 1 0 0 0 1 1 0 0 1 1 1 1 1 1 1 0 0 1 0 1 1 1 1 0 0 1 0 1 0 0 0 1 1 0 1 0 1 1 1 0 1 1 0 0 1 1 1 0 0 0 1 0 1 1 0 0 1 0 1 1 0 1 1 0 0 0 1 1 0 1 1 0 0 1 0 1 0 1 0 0 1 1 1 1 0 0 0 1 0 0 1 0 0 0 0 1 0 0 0 0 0 1 0 0 1 1 1 1 0 0 0 1 1 1 0 1 1 1 1 0 1 0 0 0 1 1 0 1 0 1 0 1 0 0 0 0 1 1 1 0 1 0 0 0 0 0 1 1 0 1 0 0 1 0 1 1 0 1 0 0 1 1 0 0 0 0 0 1 1 1 1 0 1 0 0 0 0 0 0 0 1 1 0 1 0 0 1 1 0 1 0 0 1 0 0 0 1 0 1 1 0 0 1 1 0 0 0 0 1 0 1 0 1 0 0 0 0 0 0 0 
1 1 1 0 0 0 0 1 0 0 1 1 1 0 1 0 0 0 1 0 0 0 1 0 1 1 1 0 1 1 1 1 1 0 1 1 0 0 1 0 1 1 0 0 1 1 1 1 0 1 0 0 0 1 1 0 1 0 1 0 0 1 0 1 1 1 0 0 0 0 1 0 0 0 1 0 0 1 1 1 1 1 1 0 1 0 0 0 1 0 1 0 0 0 1 0 0 0 1 1 1 1 1 0 0 0 1 0 1 1 1 0 1 1 0 1 0 0 0 1 0 0 1 1 0 0 1 0 0 0 1 1 1 0 0 1 0 0 0 1 1 0 1 0 0 0 0 0 0 0 0 0 1 0 1 1 0 0 0 1 1 1 1 1 0 1 1 0 0 1 1 0 1 1 0 0 1 0 1 0 1 0 1 0 0 0 1 1 1 0 1 0 0 0 0 0 0 0 1 1 1 0 0 0 0 0 0 0 0 1 0 1 1 0 1 1 0 0 0 0 0 0 1 1 0 1 1 0 0 1 1 0 1 1 0 1 0 1 0 1 0 1 1 0 1 0 0 0 1 0 1 1 1 1 1 1 1 0 0 1 1 1 0 0 0 0 0 0 
1 0 0 0 0 1 1 0 0 0 0 1 0 0 1 0 0 0 0 1 0 1 1 0 0 0 0 1 0 0 0 0 1 1 0 0 0 0 0 0 1 1 0 0 1 0 0 1 0 1 0 1 1 1 0 0 0 1 1 1 0 0 0 1 1 0 0 1 0 1 0 0 0 1 1 1 0 0 1 0 0 0 0 1 1 1 0 0 1 1 0 0 1 1 0 0 0 0 0 0 1 1 1 0 1 1 0 0 0 0 1 0 1 1 0 0 1 1 1 1 0 1 1 0 1 1 0 0 0 1 0 0 1 0 0 0 1 0 1 1 1 0 1 1 1 0 0 1 1 1 1 1 0 0 0 0 0 1 1 1 0 0 1 0 1 0 0 1 0 1 1 0 0 0 1 1 1 1 1 0 0 0 1 1 0 1 1 1 0 0 1 0 0 0 0 1 0 0 1 1 0 0 0 1 0 0 0 0 1 1 1 1 1 0 1 0 0 0 0 0 1 1 1 1 1 1 0 1 0 1 1 0 1 0 0 0 1 1 1 1 0 1 1 0 0 1 0 1 1 1 0 1 1 0 1 1 0 1 0 1 0 1 0 1 1 0 1 0 
1 0 0 0 0 0 1 1 1 0 1 0 0 1 1 0 0 0 1 1 1 1 0 0 1 0 1 1 0 0 1 1 1 0 0 0 0 1 0 0 1 0 0 0 1 0 1 0 1 0 1 1 0 1 1 1 0 0 1 0 0 0 1 0 0 1 0 0 1 0 0 0 1 0 1 0 1 1 1 1 1 1 1 1 1 0 0 0 1 0 1 0 0 0 1 1 0 1 0 1 1 1 0 0 0 1 1 1 1 1 1 0 1 0 0 0 1 0 0 1 0 0 0 0 1 0 1 0 0 0 0 0 0 1 0 0 1 0 0 1 0 0 0 0 1 0 0 1 1 0 1 1 0 1 0 0 1 1 1 1 0 1 0 0 0 0 0 1 1 0 1 0 1 1 1 0 1 0 0 0 1 1 1 1 0 0 1 0 0 1 1 0 1 0 0 0 0 1 0 0 0 0 0 0 0 1 0 0 0 1 1 0 0 1 0 1 1 1 0 0 0 1 0 1 1 0 1 1 0 1 0 0 0 1 1 1 1 1 1 0 0 1 1 1 0 1 1 0 1 1 0 1 1 1 0 0 0 1 1 0 0 0 1 1 1 1 1 0 
0 1 1 0 0 0 0 0 0 1 1 0 1 0 1 1 0 1 1 0 0 1 0 1 0 1 1 0 1 1 1 0 1 1 1 1 1 0 1 1 1 0 1 1 0 1 1 0 0 0 0 0 1 1 1 0 1 0 1 1 0 1 0 0 0 0 1 0 0 1 1 1 0 0 0 1 0 1 0 0 0 1 0 1 1 0 0 1 1 0 1 1 0 1 0 0 1 0 1 1 1 1 0 1 1 1 0 0 1 0 1 1 0 0 0 1 0 0 1 0 1 1 0 1 0 1 1 1 0 1 1 1 0 0 1 1 0 1 0 0 0 1 0 1 1 1 1 0 1 0 0 1 1 0 1 1 0 0 0 1 1 0 0 1 1 1 1 1 0 0 0 1 0 0 0 0 0 0 0 0 1 0 0 0 0 0 1 0 1 0 0 1 0 1 0 0 1 0 0 0 1 1 0 0 1 0 1 1 1 1 1 0 0 0 0 0 0 0 0 1 1 1 0 0 1 0 1 1 0 1 0 0 0 1 0 0 0 1 1 0 0 0 0 0 1 1 0 0 0 0 1 1 0 1 0 0 1 1 0 0 1 0 0 1 0 0 1 1 
1 1 1 1 1 1 1 1 1 0 0 1 1 1 0 0 1 0 0 1 1 0 1 0 1 0 0 1 0 1 0 1 0 0 1 1 0 1 1 0 0 1 0 0 1 0 0 1 1 1 1 1 0 0 0 1 1 1 0 0 1 0 1 1 1 1 0 1 1 0 0 0 1 1 1 0 1 0 1 1 1 0 1 0 0 1 1 0 0 1 0 0 1 0 1 1 0 1 0 0 0 0 1 0 0 0 1 1 0 1 0 0 1 1 1 0 1 1 0 1 0 0 1 0 1 0 0 0 1 0 0 0 1 1 0 0 1 0 1 1 1 0 1 0 0 0 0 1 0 1 1 0 1 1 1 1 1 1 1 0 1 1 1 1 0 1 0 0 1 1 1 0 1 1 1 1 1 1 1 1 0 1 1 1 1 1 0 1 1 1 1 0 1 0 1 1 0 1 1 1 0 0 1 1 0 1 0 0 0 0 0 1 1 1 1 1 1 1 1 0 0 0 1 1 0 1 0 0 1 0 1 1 1 0 1 1 1 0 0 1 1 1 1 1 0 0 1 1 1 1 0 0 1 0 1 1 0 0 1 1 1 1 1 0 1 1 0 0 
1 0 0 1 1 0 1 0 0 1 0 0 0 0 1 0 1 1 0 1 1 0 0 0 0 1 0 1 1 0 0 0 1 1 0 0 1 0 0 1 1 0 0 1 1 1 0 0 0 0 1 1 1 1 0 1 0 0 1 1 1 1 0 0 0 0 1 0 0 1 1 0 1 0 1 1 1 0 1 0 0 0 0 0 1 0 1 1 1 0 0 0 0 1 0 1 0 1 1 0 1 1 0 0 1 0 0 0 0 0 1 1 1 0 1 1 1 0 1 1 0 1 0 1 1 1 0 0 1 1 1 1 0 1 1 1 1 1 0 1 0 1 0 1 0 0 0 1 0 0 1 0 0 0 0 0 1 1 1 1 0 0 0 0 1 0 1 0 0 0 1 1 0 0 1 0 1 0 0 1 0 1 1 1 1 0 1 0 0 1 1 0 1 1 1 0 1 0 0 0 1 1 1 0 0 0 0 0 1 1 0 0 0 1 0 0 0 0 1 1 1 0 0 1 0 0 0 0 1 1 0 1 0 0 0 0 1 1 0 0 1 1 1 1 1 0 0 0 1 1 1 1 1 0 0 0 1 0 0 0 0 0 1 0 1 1 0 0 
1 1 1 1 1 1 1 0 0 0 1 0 1 0 1 1 1 0 1 1 0 0 0 1 0 0 1 1 0 1 1 0 1 0 1 1 0 0 1 0 1 0 1 0 1 0 1 0 0 0 0 1 0 1 1 0 1 1 1 0 1 0 0 0 0 0 0 1 0 0 0 1 0 1 1 0 0 1 1 0 0 1 0 0 1 1 1 0 1 1 1 1 1 0 0 0 1 0 0 1 1 1 0 1 0 0 0 0 1 0 1 0 1 0 1 0 1 1 0 1 1 0 0 0 1 0 1 1 1 0 0 0 0 0 0 0 1 0 1 1 0 0 0 0 0 1 1 1 0 1 1 0 1 0 1 1 0 1 1 1 1 0 0 1 0 1 0 0 0 0 1 0 0 0 1 1 1 1 0 1 1 0 1 1 1 1 1 0 1 0 1 1 0 0 1 1 0 0 0 0 0 0 1 1 1 0 1 1 0 1 0 0 0 0 0 0 0 0 1 0 0 0 0 1 0 0 1 0 1 1 0 1 0 1 0 0 1 1 0 0 1 1 1 0 0 0 0 1 1 1 0 1 1 1 0 0 0 0 0 0 1 0 0 0 1 0 0 1 
0 1 1 1 1 0 1 1 0 1 0 0 1 0 1 0 1 1 0 1 0 1 0 0 1 0 0 1 0 1 0 1 1 0 1 1 1 0 1 1 1 1 0 1 0 0 0 1 0 0 0 1 0 1 0 0 1 0 1 0 1 0 0 0 0 1 1 0 0 0 0 0 0 0 0 0 0 0 0 1 1 0 1 1 1 0 1 1 1 0 0 0 0 0 1 0 0 0 0 0 1 1 1 0 0 1 1 0 0 1 1 1 0 1 1 0 1 0 0 0 0 0 1 0 1 0 0 0 1 0 0 0 0 0 1 0 1 1 0 0 1 1 0 0 1 0 0 1 1 0 1 1 1 0 1 1 0 1 1 1 1 1 1 1 0 1 0 1 0 0 0 1 1 1 1 0 0 0 1 1 0 0 0 1 1 0 1 1 1 0 0 0 0 1 1 0 1 0 0 1 0 1 1 0 0 0 0 0 0 1 1 1 0 0 0 1 0 0 1 1 0 1 0 0 1 0 0 1 1 1 1 1 1 0 0 1 1 1 1 1 1 0 0 0 0 1 0 0 0 1 0 1 0 0 1 0 0 1 0 1 1 0 0 1 1 0 1 0 
0 0 0 0 0 1 0 1 0 0 0 0 0 0 1 1 0 0 0 0 1 1 0 1 1 1 0 0 1 0 0 1 1 0 0 0 0 0 0 0 1 1 1 0 0 1 0 1 0 0 1 0 0 1 0 1 0 1 1 0 0 1 0 0 0 1 0 1 0 0 1 1 1 1 0 0 1 0 0 1 1 0 1 1 1 1 0 0 1 1 0 1 1 0 1 1 1 1 1 0 1 1 1 1 0 1 1 0 0 1 1 0 0 1 0 1 0 1 0 0 1 0 1 1 0 0 0 1 0 0 1 1 0 1 0 1 0 0 1 0 1 0 0 0 1 1 1 0 1 1 0 1 0 0 0 0 1 0 0 1 0 1 1 0 0 0 1 1 0 0 0 0 1 1 0 1 0 1 1 0 0 1 0 0 0 1 1 1 0 1 0 1 1 0 0 1 0 0 0 1 1 0 0 1 1 0 1 1 0 1 1 1 0 1 0 1 0 0 0 0 0 1 0 0 1 0 0 1 0 1 1 0 1 0 0 1 0 1 1 1 0 0 0 1 1 1 0 1 0 0 1 1 0 0 1 0 1 1 0 1 0 0 1 1 0 1 1 1 
0 0 0 1 1 1 0 1 0 1 1 1 0 0 1 0 1 1 1 0 1 0 1 0 1 0 1 0 0 0 1 1 1 0 0 0 1 0 0 1 1 0 0 1 0 0 1 0 0 1 1 0 0 1 1 1 0 1 1 0 1 0 0 1 1 1 1 1 0 0 0 0 1 1 0 0 1 1 0 1 1 1 1 0 1 1 1 1 1 1 1 0 1 0 1 1 0 1 0 1 1 1 0 0 0 0 1 0 1 1 1 1 0 0 1 0 0 1 0 0 0 0 0 0 0 0 1 0 1 0 0 0 1 1 1 0 0 1 1 0 0 1 1 0 0 0 0 0 0 1 0 0 0 0 0 0 1 0 0 1 0 1 0 0 0 0 0 0 0 1 0 1 1 1 0 1 0 1 0 1 1 1 0 0 1 1 1 0 0 1 0 0 1 1 1 1 1 0 1 0 0 1 1 1 0 0 0 0 0 1 0 0 1 1 1 1 0 0 1 1 0 0 1 0 0 1 1 0 1 1 0 1 0 1 0 1 0 1 0 0 1 0 0 1 0 0 0 1 0 0 0 1 0 1 0 1 0 0 0 0 0 1 1 0 0 1 0 0 
1 0 0 1 1 1 0 0 1 1 1 0 0 1 0 0 1 1 1 0 0 1 0 0 0 1 1 0 1 0 1 0 0 0 0 0 1 1 0 1 0 1 0 1 1 1 1 1 1 0 0 0 0 0 1 0 0 1 0 0 1 1 1 0 0 0 1 1 1 0 1 0 0 1 1 0 0 1 1 0 0 1 0 1 0 1 1 1 0 1 1 0 1 0 0 0 0 0 1 1 0 0 1 0 0 1 0 1 1 0 0 1 1 1 1 1 0 1 0 1 0 0 1 1 0 0 1 0 1 0 1 1 0 0 1 1 0 1 1 1 1 1 0 0 1 0 0 0 1 1 0 1 0 1 0 0 0 0 0 0 0 0 1 0 0 0 1 1 1 0 1 1 0 0 0 1 1 1 1 1 1 0 1 0 1 1 0 1 0 0 1 0 0 1 1 1 1 1 0 1 1 1 1 1 0 1 0 0 0 0 1 1 0 0 0 0 1 1 1 1 0 1 0 1 1 0 1 1 1 0 1 1 1 1 1 0 0 0 1 1 1 1 1 0 1 1 1 1 1 0 1 0 1 1 1 0 1 1 1 1 0 0 0 1 0 0 1 0 
1 1 1 0 0 0 1 1 1 0 0 0 1 1 0 1 0 0 0 1 0 1 0 1 1 1 0 1 1 1 0 1 0 1 1 1 0 1 1 0 0 1 1 0 1 1 0 1 1 0 0 1 1 0 0 0 1 0 0 1 0 1 1 0 0 1 0 0 1 1 1 1 0 0 1 1 0 0 1 1 1 0 1 1 0 0 0 0 0 0 0 1 0 1 1 0 1 0 1 0 0 0 1 1 1 1 1 1 0 1 0 0 1 1 0 1 1 0 1 1 1 1 1 1 1 1 0 1 0 1 1 1 0 0 0 1 1 0 0 1 1 0 0 1 1 1 1 1 1 0 1 1 1 1 1 1 0 1 1 0 1 1 1 1 1 1 1 1 1 0 1 0 1 1 1 0 1 0 1 0 0 0 1 1 0 0 0 1 1 0 1 1 0 0 0 0 0 1 0 1 1 0 0 0 1 1 1 1 1 0 1 1 0 0 0 1 1 1 0 0 1 1 0 1 1 0 0 1 0 0 1 0 1 0 1 1 1 0 1 1 0 1 1 0 1 1 1 0 1 1 1 0 1 0 1 0 1 1 1 1 1 0 0 1 1 0 1 1 
1 1 1 0 0 0 1 0 1 1 1 1 1 1 0 0 0 1 1 1 0 0 1 0 0 0 1 1 0 1 1 0 0 1 1 1 1 1 1 1 0 0 0 1 1 0 1 0 1 1 0 1 1 0 1 0 1 0 0 1 0 0 1 1 1 0 1 0 1 1 0 0 0 0 1 1 0 1 1 0 0 1 0 0 0 0 0 1 0 0 1 0 0 1 0 0 0 0 0 1 0 0 0 0 1 0 0 1 1 0 0 1 1 0 0 0 1 0 1 1 0 1 0 0 1 1 1 0 0 1 0 0 1 0 1 0 1 1 0 1 0 1 1 1 0 0 0 1 0 0 1 0 1 1 1 1 0 1 1 0 1 0 0 1 1 1 0 0 1 1 1 1 0 0 1 0 1 0 0 0 1 0 1 1 0 0 0 0 1 0 1 0 0 1 0 0 1 1 1 0 0 1 0 0 0 1 0 0 1 0 0 0 1 0 1 0 1 1 0 1 1 0 1 1 0 1 1 0 0 0 0 0 0 1 1 0 1 0 0 0 0 1 1 0 0 0 1 0 1 1 0 0 1 1 0 1 0 0 1 0 1 1 0 0 1 0 0 0 
0 0 0 0 0 0 0 1 1 1 0 1 0 1 0 0 0 1 0 0 1 0 1 0 1 1 0 0 1 0 0 1 0 1 0 0 1 1 0 1 0 1 0 1 0 1 0 1 1 1 1 0 1 0 0 1 0 0 0 1 0 1 1 1 1 1 1 0 1 1 1 0 1 0 0 1 1 0 0 1 1 0 1 0 0 0 0 1 0 0 0 0 0 1 1 1 0 1 1 0 0 0 1 0 1 0 1 1 0 1 0 1 0 1 0 1 0 0 1 0 0 1 1 1 0 1 0 0 0 1 1 1 1 1 1 1 0 1 0 0 1 1 1 1 0 0 0 0 0 0 0 0 0 1 0 0 1 0 0 0 0 1 1 0 1 0 1 0 1 1 0 1 1 1 0 0 0 0 1 0 0 1 0 0 0 0 0 1 0 1 0 0 1 1 0 0 1 1 1 1 1 1 0 0 0 1 0 0 1 0 0 1 1 1 1 1 1 1 0 1 1 0 1 0 0 1 0 0 0 0 1 0 1 0 1 1 0 0 0 1 0 0 0 1 1 0 1 0 0 0 1 0 0 0 1 1 1 0 1 1 0 1 1 0 0 1 0 0 
0 1 1 0 0 1 0 1 1 0 1 1 1 1 0 1 0 0 1 0 0 1 1 1 1 0 1 0 0 1 1 1 0 0 1 1 0 1 1 0 0 0 1 0 0 0 1 0 1 1 0 0 0 0 1 0 1 1 0 0 0 0 1 1 1 1 0 1 1 0 0 1 0 1 0 0 0 1 0 1 1 1 1 1 0 1 0 0 0 1 1 1 1 0 1 0 1 0 0 1 0 0 0 1 0 1 1 1 1 1 0 0 0 0 0 0 0 1 0 0 1 0 0 0 0 0 1 1 0 0 0 0 1 0 0 0 0 0 1 0 0 0 1 0 1 1 1 0 1 1 0 1 1 1 1 1 0 0 0 0 1 1 0 1 0 1 0 1 1 1 0 0 1 1 0 1 0 1 0 0 1 0 0 0 0 1 0 0 1 0 0 1 0 0 0 1 0 1 1 0 0 0 0 1 1 1 1 1 0 0 1 0 1 0 1 1 1 1 0 0 0 1 1 0 1 1 1 1 0 0 0 0 0 1 1 1 0 0 1 0 0 0 0 0 0 1 1 1 0 0 0 0 0 1 0 1 0 1 1 0 1 1 0 1 0 0 1 1 
0 1 1 1 1 0 1 1 1 1 1 0 1 1 0 1 1 1 1 1 1 0 0 1 1 1 1 1 1 1 1 1 0 0 1 1 1 1 1 1 0 0 1 1 0 1 1 0 1 0 1 1 0 0 1 1 1 0 0 0 1 1 1 0 0 1 1 0 1 0 1 1 1 0 0 0 1 1 0 1 1 1 1 0 0 0 1 1 0 0 1 1 0 0 1 1 1 1 1 1 0 0 0 1 0 0 1 1 1 1 0 1 0 0 1 1 1 0 0 0 1 0 0 1 1 0 1 1 1 0 1 1 0 1 1 1 1 1 0 0 0 1 0 0 0 1 1 1 0 0 1 0 1 1 1 1 1 1 1 0 1 1 0 1 0 1 1 0 1 0 0 1 1 1 1 0 0 0 0 1 1 1 0 1 1 0 0 0 1 1 0 1 1 1 1 0 1 1 0 0 1 1 1 0 1 1 1 1 0 0 0 0 0 1 0 1 1 1 1 1 0 0 0 0 0 0 1 0 1 0 0 1 0 1 1 1 1 0 0 0 1 0 0 1 1 0 1 0 0 1 1 0 0 1 0 0 1 0 1 0 1 0 1 0 1 1 0 1 
0 0 0 1 1 1 1 0 1 0 0 0 0 1 0 1 1 0 0 1 1 1 0 1 0 0 0 1 0 0 0 0 0 1 0 0 0 1 0 0 0 0 1 0 0 0 0 0 1 0 1 1 1 0 0 1 0 1 0 1 1 0 1 0 0 0 0 1 1 1 0 1 1 1 0 1 1 0 0 0 0 0 0 1 0 1 1 0 0 1 0 1 1 1 0 1 1 1 0 0 0 0 0 1 1 1 0 1 0 0 0 0 0 0 1 0 1 1 1 0 1 1 0 0 1 1 0 1 1 1 0 0 0 1 0 0 1 0 1 0 0 0 0 1 1 1 1 1 1 1 1 1 0 1 0 0 1 1 1 0 0 0 0 0 1 0 0 1 1 0 0 0 0 0 1 1 0 1 0 1 0 1 0 1 1 1 0 0 0 1 0 1 1 0 1 1 0 1 0 0 0 0 1 1 1 1 1 1 1 0 1 0 0 1 0 0 1 1 1 0 1 1 0 0 1 0 0 1 1 0 0 1 0 0 1 0 1 0 1 0 1 0 0 1 0 1 1 1 0 1 0 0 0 0 0 0 0 1 1 0 0 0 1 1 1 1 1 1 
1 0 0 1 1 0 0 1 0 0 1 0 0 0 0 1 1 0 1 0 1 0 0 1 1 0 1 0 0 0 1 1 0 1 0 0 0 0 0 0 0 1 1 0 1 0 1 1 0 0 1 0 1 0 1 1 0 0 0 1 1 0 0 0 0 1 0 0 0 1 0 1 1 0 1 1 1 1 1 1 1 1 1 0 0 0 1 0 0 0 1 1 0 1 1 1 1 1 0 1 0 0 1 1 1 0 1 0 1 1 0 0 1 1 1 0 0 0 1 1 1 1 1 0 0 1 1 1 1 1 0 0 0 1 0 0 0 0 0 1 1 0 0 1 0 1 1 0 0 0 0 0 0 0 0 0 1 0 0 0 0 1 1 0 1 0 0 0 0 0 1 0 1 1 0 0 1 0 1 1 1 1 1 0 1 0 0 1 0 1 1 1 1 0 1 0 0 0 0 1 0 0 1 0 1 0 1 1 1 0 0 1 0 1 0 1 0 0 1 0 1 0 0 1 0 0 1 0 1 0 1 1 1 1 0 1 0 0 0 1 1 1 1 1 0 0 0 0 1 0 0 0 1 1 1 0 0 0 0 1 0 0 1 0 0 1 0 1 
1 1 1 0 0 1 0 1 0 1 0 0 1 0 0 0 0 1 0 0 1 1 0 0 1 0 0 0 0 1 0 1 0 1 1 1 1 0 1 1 0 0 0 1 1 0 0 0 0 0 1 0 1 0 0 1 1 1 0 1 0 0 0 0 0 1 1 1 0 1 0 0 1 1 1 1 1 0 1 1 1 0 1 1 0 1 0 1 0 1 0 0 1 1 1 1 0 1 0 0 0 0 0 0 1 1 1 0 0 1 0 1 1 0 0 0 0 1 1 1 0 1 0 0 0 1 0 0 0 1 0 0 0 1 1 0 0 1 1 1 0 1 0 1 1 0 0 0 1 1 0 1 1 0 1 1 1 0 0 0 1 1 0 1 1 1 0 1 0 0 1 1 1 1 0 1 1 1 0 0 0 1 1 0 0 1 0 0 1 1 1 0 1 1 0 1 1 0 0 0 0 1 0 1 0 0 0 0 1 0 1 0 0 1 0 1 0 0 0 1 1 1 0 1 1 0 0 1 0 0 0 0 0 0 0 1 0 0 1 0 0 1 1 1 0 1 0 1 1 0 0 0 1 0 0 0 0 1 0 0 1 0 1 1 0 1 1 0 
1 0 0 0 0 1 1 1 0 1 0 1 0 0 0 1 0 1 0 1 0 0 1 1 1 1 0 1 1 0 0 1 0 0 0 0 1 0 0 1 0 0 1 1 1 1 0 0 0 1 0 1 0 0 0 0 0 1 0 0 0 1 0 1 1 1 1 1 0 0 1 1 0 1 1 0 0 0 1 1 1 0 1 0 0 1 0 1 0 1 0 1 1 0 1 0 1 0 1 0 0 0 0 1 0 0 1 0 0 1 0 1 1 0 0 1 1 1 0 1 1 0 0 1 1 0 0 1 0 0 1 1 1 0 1 1 1 1 1 1 0 1 1 0 0 1 1 1 0 1 1 0 0 0 0 0 0 1 1 0 0 1 0 0 0 0 1 0 0 1 1 1 1 1 1 1 1 1 0 0 0 0 1 1 0 1 0 0 0 0 1 1 0 1 0 1 1 0 1 0 1 1 0 1 1 0 1 1 0 0 0 0 1 0 1 1 0 0 0 1 0 0 1 1 0 1 0 0 0 0 0 0 0 0 0 1 1 0 0 0 0 1 1 0 1 0 0 1 1 1 1 0 1 0 0 1 1 0 0 0 0 1 0 0 1 0 0 1 
1 1 1 1 1 0 0 0 0 0 0 1 1 0 0 1 1 0 0 0 1 1 1 1 0 1 0 0 1 1 0 0 0 0 1 1 0 0 1 0 0 0 1 0 1 1 0 0 0 1 1 0 0 0 0 1 1 0 0 0 1 1 0 1 1 0 0 0 0 0 1 1 1 0 1 0 1 0 1 0 0 0 0 1 0 0 1 0 0 0 0 1 0 0 0 1 1 1 1 0 0 0 0 1 0 1 0 0 0 0 0 0 1 0 1 1 0 0 0 1 1 0 0 1 0 0 0 1 1 0 1 1 1 1 0 1 0 0 0 1 0 0 1 0 1 1 1 0 1 0 0 1 1 0 1 1 1 0 0 0 1 0 0 1 0 1 1 1 0 1 1 0 0 0 0 0 1 0 0 1 0 1 1 0 1 0 0 0 1 1 1 1 1 0 1 0 0 0 1 0 1 0 1 0 1 0 1 1 0 0 1 0 1 1 1 0 0 0 1 0 0 1 1 1 1 1 0 1 1 0 0 1 0 0 0 0 0 0 1 0 1 1 1 1 1 1 0 0 1 0 1 0 1 0 0 1 1 1 0 0 1 1 1 1 0 1 1 1 
0 1 1 0 0 1 1 0 0 0 1 0 1 0 0 0 0 0 1 1 1 0 0 0 0 1 1 1 1 1 1 0 0 1 1 1 0 0 1 0 0 1 0 0 0 1 1 1 0 0 1 1 1 0 1 1 1 1 0 1 0 1 0 0 0 0 0 1 0 1 1 0 1 1 0 1 1 1 0 0 0 1 0 0 0 1 0 0 0 1 1 0 1 1 0 1 0 1 1 1 0 0 1 0 1 0 0 0 1 0 0 0 0 1 0 1 1 1 1 0 0 1 1 1 1 1 1 0 0 1 1 1 0 1 0 1 1 0 1 0 1 0 0 1 0 0 0 1 0 1 1 0 1 0 1 1 1 1 1 0 1 0 1 1 1 1 1 0 0 0 0 0 0 0 1 1 0 1 1 0 1 1 0 1 0 1 0 1 1 1 0 0 1 0 0 1 0 0 0 1 1 0 0 1 0 0 0 0 1 0 0 1 0 1 0 0 0 0 0 0 1 0 0 0 0 0 1 0 0 0 1 0 1 1 0 0 1 0 0 1 0 0 0 1 1 0 0 1 0 1 1 0 0 1 1 0 1 0 0 1 1 0 1 0 1 1 0 0 
0 0 0 0 0 0 1 0 0 1 1 1 0 0 0 1 0 1 1 1 1 1 1 1 0 0 1 1 0 0 1 0 0 0 0 0 1 0 0 1 0 1 1 1 0 0 1 1 0 1 1 1 0 0 1 1 0 0 0 0 0 0 0 1 1 0 1 0 0 0 0 1 1 0 0 0 1 1 0 0 0 1 0 1 0 0 0 1 0 0 1 1 0 0 0 1 1 1 0 1 0 0 1 1 0 1 0 0 1 0 0 1 0 1 0 0 1 0 0 0 1 0 1 0 1 0 1 1 0 0 0 0 1 1 1 0 1 1 0 0 1 1 1 0 1 1 1 1 1 0 1 1 0 0 0 0 1 1 1 0 0 0 1 0 0 0 0 1 0 1 0 1 0 0 1 0 0 0 1 0 1 1 0 1 0 0 0 1 0 1 0 1 1 1 0 0 1 0 1 1 0 1 0 0 1 0 1 1 0 0 1 1 1 1 1 0 0 0 0 1 0 1 1 0 1 1 1 1 0 0 1 0 1 1 0 0 1 0 1 1 0 0 0 1 0 1 0 0 0 1 0 0 0 1 1 1 0 1 0 1 0 1 1 1 1 1 1 1 
0 1 1 1 1 1 0 0 0 1 0 1 1 0 0 1 1 1 0 0 0 0 1 1 0 0 0 0 0 1 0 0 0 1 1 1 1 0 1 1 0 1 1 1 0 0 0 1 0 1 0 0 1 0 0 0 1 1 0 1 1 0 0 1 1 0 1 1 0 1 0 1 0 1 0 1 0 0 0 0 0 0 0 0 0 1 1 1 0 1 0 1 1 1 0 0 1 0 0 0 0 0 1 1 1 0 0 0 0 0 0 1 0 1 1 0 0 1 1 0 1 1 1 0 0 1 0 1 1 1 0 0 1 0 1 0 0 1 1 0 1 1 1 1 0 1 1 0 0 1 0 0 1 0 1 1 0 0 0 0 1 0 1 1 1 1 0 0 0 1 0 1 0 0 0 1 0 1 1 1 0 0 0 0 1 1 0 1 1 0 0 1 0 1 1 1 1 0 1 1 0 1 1 1 1 0 1 1 1 0 0 1 1 0 1 0 0 0 1 1 1 0 1 0 0 1 0 0 1 0 1 1 1 0 0 0 0 0 0 1 1 0 0 0 0 0 0 1 0 0 0 0 0 0 1 1 0 0 0 1 1 1 0 0 0 0 0 1 
0 0 0 1 1 0 1 1 0 0 1 1 0 0 0 0 1 0 1 1 0 1 1 0 1 1 1 1 1 0 1 1 0 1 0 0 0 0 0 0 0 0 0 0 0 1 1 0 0 1 0 1 1 0 1 0 0 0 0 1 1 1 0 1 1 1 0 0 0 1 1 0 0 0 0 1 0 1 0 1 1 1 1 1 0 0 1 0 0 0 1 0 0 1 1 0 0 0 1 1 0 0 0 0 1 1 1 0 1 1 0 0 0 0 1 1 1 0 1 0 0 1 0 1 1 1 1 0 1 1 1 1 1 0 0 1 1 0 0 0 0 0 1 1 1 0 0 1 1 0 1 1 0 0 0 0 0 1 1 0 0 1 0 0 1 0 1 1 0 1 0 0 1 1 1 0 0 0 0 1 1 0 0 1 1 0 0 0 0 0 0 0 0 0 1 0 0 0 1 0 1 0 1 0 0 0 0 0 1 0 1 0 1 0 1 1 0 0 1 0 1 1 1 0 1 1 1 1 1 0 0 1 0 1 0 1 1 0 1 0 1 0 0 0 1 1 0 0 0 1 1 0 0 1 0 1 1 1 0 0 0 1 0 1 1 0 1 0 
1 1 1 0 0 0 0 0 1 1 0 0 1 1 1 1 0 1 0 0 1 0 0 1 0 0 0 0 0 1 0 0 1 0 1 1 1 1 1 1 1 1 1 1 1 0 0 1 1 0 1 0 0 1 0 1 1 0 1 0 0 0 1 0 0 0 1 0 1 0 0 1 1 0 1 0 1 0 1 0 0 0 0 0 1 0 0 1 1 0 0 1 0 0 0 1 1 1 0 0 1 1 1 1 0 0 0 1 0 0 1 1 1 1 0 0 0 0 0 1 1 0 1 0 0 0 0 1 0 0 0 0 0 1 1 0 0 1 0 1 1 1 0 0 0 1 1 0 0 0 0 0 1 1 1 1 1 0 0 1 1 0 1 1 0 1 0 0 1 0 1 1 0 0 0 0 1 0 1 0 0 1 1 0 0 0 1 1 1 1 1 1 1 1 0 0 1 1 0 1 0 1 0 0 1 1 1 1 0 1 0 1 0 1 0 0 1 1 0 1 0 0 0 1 0 0 0 0 0 1 1 0 1 0 1 0 0 1 0 1 0 1 1 1 0 0 1 0 1 0 0 1 1 0 1 0 0 0 1 1 1 0 1 0 0 1 0 1 
1 0 1 1 0 1 1 1 0 1 0 0 1 0 1 1 0 1 1 1 0 1 0 1 0 1 0 1 0 1 1 1 1 0 0 1 0 0 1 0 1 1 0 1 1 1 1 0 1 1 1 1 0 0 0 1 1 1 1 0 1 1 1 1 0 1 0 1 1 1 0 1 1 0 0 1 1 0 0 1 0 1 0 0 1 0 1 1 1 0 1 0 0 1 1 0 1 0 1 1 1 1 1 1 1 1 1 0 0 0 0 1 1 1 1 0 0 1 1 1 0 1 1 1 1 0 1 1 0 0 1 1 1 1 0 0 0 1 1 1 0 0 1 0 0 1 1 1 1 0 0 0 0 1 1 1 0 1 1 0 0 1 0 0 1 0 1 1 0 1 0 0 0 1 0 1 0 1 1 1 0 0 1 0 0 0 1 1 1 1 1 0 0 1 1 1 1 1 1 1 0 1 1 0 0 0 1 0 1 0 1 1 0 1 0 1 1 1 1 1 0 1 0 0 1 0 1 1 1 0 1 0 0 1 1 0 1 1 0 0 0 0 1 1 1 1 1 1 1 0 1 0 1 0 0 1 0 0 0 0 0 1 1 1 0 0 0 1 
1 1 1 1 1 1 0 0 1 1 1 1 1 0 0 0 1 1 0 0 1 1 0 1 0 1 1 1 0 0 0 1 1 0 1 0 0 1 1 0 1 1 0 0 1 1 1 0 1 0 1 0 1 1 0 1 1 1 1 0 1 0 1 1 1 1 0 0 1 1 0 0 1 1 1 1 1 0 1 1 1 0 1 1 0 0 0 1 0 0 0 0 1 1 1 1 1 0 1 1 1 1 1 0 0 1 0 0 1 0 0 0 1 0 1 1 1 0 0 0 1 0 1 1 0 1 1 1 0 1 0 0 0 1 1 0 1 0 1 0 0 1 1 1 1 1 0 1 1 1 1 1 0 1 1 0 0 1 1 1 0 0 0 1 1 0 0 1 1 1 1 1 0 1 1 1 0 1 1 0 0 1 0 0 0 0 0 1 0 0 1 1 1 1 1 0 1 0 0 0 1 0 0 1 1 1 1 0 1 0 1 0 1 1 0 1 1 0 1 1 0 0 1 0 0 0 1 1 0 1 0 1 1 1 0 1 1 1 0 1 1 1 1 0 1 0 0 1 0 0 1 0 1 1 1 1 1 0 0 1 1 0 0 0 0 0 1 1 
1 1 1 1 0 1 0 1 0 0 0 0 1 0 1 1 1 1 0 1 0 0 1 1 1 0 1 0 0 0 1 0 0 0 0 1 0 1 0 0 1 0 0 1 0 1 1 1 0 1 1 0 1 1 0 1 0 0 1 1 1 0 1 1 0 1 1 0 0 0 1 0 0 0 1 1 0 1 0 1 0 1 0 0 1 1 0 0 0 0 0 1 1 0 0 1 1 0 1 1 1 0 1 0 0 0 0 1 0 0 0 0 1 0 0 1 1 1 1 0 1 1 1 0 1 0 1 0 1 1 0 1 1 0 1 0 0 0 1 1 0 1 1 0 1 0 1 1 1 0 1 0 1 0 0 0 0 1 1 0 0 1 0 1 1 0 1 0 1 0 0 0 0 1 0 0 0 0 0 0 0 1 0 0 0 0 0 0 1 1 1 0 0 1 0 0 0 0 0 1 0 1 1 1 0 0 0 0 0 1 1 0 1 1 0 0 1 0 1 1 0 0 1 0 1 0 0 1 1 1 1 1 1 0 1 1 0 0 1 0 0 1 0 0 1 0 1 1 1 1 0 0 0 1 0 0 0 0 0 1 0 0 0 1 0 1 1 1 
0 0 1 0 0 1 1 0 0 0 0 0 0 1 1 0 0 1 1 1 0 1 1 1 1 1 1 1 1 0 1 1 0 1 0 1 1 1 1 1 0 1 1 0 1 1 1 1 0 0 0 0 1 1 1 1 1 0 1 1 1 0 0 1 0 1 1 1 1 0 1 0 1 0 1 1 0 1 0 1 0 0 0 0 0 1 1 1 0 1 0 1 1 1 1 0 1 1 0 0 1 1 1 1 0 0 1 1 0 1 1 0 1 1 0 0 1 0 0 1 1 1 1 0 0 0 1 1 1 0 1 0 1 1 0 1 0 1 0 0 1 1 0 0 1 0 1 1 1 0 0 0 1 1 0 1 1 1 0 0 1 1 1 1 1 1 1 1 0 0 0 0 1 0 0 1 1 1 0 0 1 1 0 1 1 1 1 1 0 1 1 0 0 0 1 0 1 1 0 0 0 1 1 0 0 0 1 1 1 1 0 0 1 1 1 0 1 0 1 1 1 0 0 1 1 1 1 1 0 0 1 1 1 1 0 0 0 1 1 0 0 0 0 1 1 1 1 1 1 1 1 1 1 0 0 1 0 1 1 0 0 1 0 0 1 1 0 0 
1 0 1 1 1 1 1 1 1 1 1 1 1 1 0 1 0 1 1 0 1 0 1 1 1 0 0 0 0 0 0 0 1 1 1 0 0 0 0 1 1 0 0 1 0 1 1 1 1 1 1 0 0 0 1 1 0 1 1 1 1 0 1 1 1 1 1 1 0 1 1 0 0 1 0 1 1 1 1 1 1 1 1 1 1 1 1 0 0 1 0 1 0 0 0 0 1 1 1 1 1 0 1 1 0 1 1 1 1 1 0 0 1 1 1 0 0 1 1 1 0 0 1 1 1 1 1 0 1 0 1 1 0 0 0 1 1 1 1 1 1 0 1 1 0 1 0 1 1 1 0 1 1 0 1 1 0 1 1 1 0 0 0 0 1 1 0 0 0 1 1 1 0 1 1 0 0 0 1 0 0 0 0 1 0 0 1 0 1 0 1 1 1 1 0 0 0 1 0 1 1 0 0 0 1 1 0 1 0 1 1 0 0 1 1 1 1 0 1 1 0 0 0 1 0 0 0 1 1 0 0 0 0 0 1 0 1 0 1 1 1 0 1 1 1 1 0 1 0 1 0 1 0 0 1 0 1 1 0 0 1 1 0 1 0 1 0 1 
1 0 0 1 1 0 0 1 1 0 0 0 1 0 0 1 0 1 0 0 1 1 0 0 0 1 1 0 1 1 0 0 0 0 1 0 1 1 0 0 1 1 1 1 1 0 0 0 0 1 1 1 1 1 0 0 1 0 0 0 1 1 1 1 1 0 0 0 1 0 0 1 0 0 1 0 0 0 1 1 1 1 0 0 1 0 0 1 1 0 1 0 1 0 1 0 1 0 1 1 1 1 1 0 1 0 0 0 1 0 1 1 1 0 0 0 1 1 1 0 1 0 0 0 1 1 1 0 0 0 0 1 0 1 0 0 0 0 1 1 0 1 1 0 1 0 0 0 0 1 0 1 0 0 0 0 1 1 1 1 1 0 1 1 1 0 0 0 0 0 0 0 1 1 1 1 1 0 0 1 1 1 1 0 1 1 0 0 1 0 0 1 0 1 1 1 0 0 1 1 0 0 0 0 0 0 1 0 1 0 1 1 1 1 0 0 1 1 0 0 1 1 0 0 0 1 1 1 1 0 0 1 1 0 1 0 0 0 0 1 0 0 0 0 1 0 0 1 0 0 0 0 0 0 0 1 1 0 1 0 0 0 1 1 1 0 0 1 
1 0 0 1 0 0 1 0 0 0 1 1 1 0 0 0 0 1 1 0 0 0 1 0 1 0 1 1 0 1 0 1 0 0 0 0 0 1 1 0 1 0 0 0 0 0 0 1 0 0 1 1 1 1 0 0 0 0 0 1 1 1 1 1 0 0 1 1 0 0 1 1 1 1 1 0 0 1 0 1 0 0 1 1 0 1 1 0 1 0 1 1 1 1 0 0 1 0 1 1 1 0 1 1 1 0 1 1 0 0 0 1 1 1 0 0 1 0 0 1 1 0 0 0 0 0 1 1 1 0 1 0 0 0 0 0 1 1 1 0 0 1 1 1 1 0 0 0 0 0 0 0 1 1 0 1 0 1 1 0 0 0 0 1 1 0 0 1 0 0 1 1 0 1 0 0 0 1 0 1 0 1 1 0 0 0 1 1 0 0 0 0 1 1 0 1 1 1 1 0 1 0 0 0 1 1 0 0 0 1 1 1 1 1 0 0 1 1 0 0 0 1 0 0 0 0 0 1 0 0 0 1 1 1 0 0 0 1 1 0 1 0 0 1 1 1 0 1 0 1 1 0 1 0 1 0 0 0 0 0 1 1 1 0 0 1 0 1 
0 0 1 0 0 1 0 0 0 1 1 1 0 0 0 0 0 1 0 0 0 1 1 1 1 1 0 0 1 1 0 0 1 0 0 0 1 0 0 0 0 1 1 0 1 1 1 1 1 0 0 1 0 0 0 1 1 1 1 1 1 1 0 1 0 1 1 0 1 1 1 1 0 1 0 1 1 1 0 1 0 0 1 1 0 1 0 1 1 0 1 1 0 0 1 0 1 0 0 0 1 1 1 0 1 1 0 1 0 0 1 1 1 0 1 0 0 0 0 0 0 0 1 1 0 0 1 0 1 0 0 0 0 1 0 0 1 0 0 0 0 0 0 1 0 1 0 1 1 0 0 0 1 0 1 0 1 1 0 0 1 0 1 0 1 0 0 0 0 1 1 1 1 0 0 1 1 0 1 1 1 0 1 0 1 1 0 0 0 0 1 0 1 0 1 1 0 0 1 0 1 0 0 0 1 1 1 0 1 1 0 1 0 1 0 1 1 1 1 1 1 1 0 0 0 1 1 1 0 0 0 0 0 0 0 0 1 0 1 0 1 0 1 0 1 0 0 1 0 1 0 0 0 0 1 1 0 0 1 0 1 0 1 0 1 1 0 0 
0 0 0 0 1 0 0 1 1 0 1 1 0 1 1 1 0 1 0 1 1 1 0 0 0 1 0 1 0 0 1 1 0 1 1 1 0 0 1 1 0 1 0 1 1 0 0 0 0 1 0 0 0 0 1 0 1 0 0 0 1 0 0 1 1 0 0 0 1 0 0 0 1 1 0 0 0 0 1 1 1 1 1 1 1 0 0 1 0 1 0 0 0 1 1 0 1 1 0 0 1 1 1 0 0 0 0 0 1 1 0 0 1 0 0 0 0 1 1 0 0 1 0 0 1 1 1 1 0 0 0 1 1 1 0 1 1 0 0 1 1 0 0 1 0 0 1 0 0 1 0 1 0 1 0 0 0 1 0 1 0 1 0 0 1 1 1 1 0 0 1 1 0 0 1 1 0 1 0 0 0 0 0 1 0 0 0 1 1 1 0 1 1 0 1 0 1 0 0 1 1 1 1 0 1 1 1 1 1 0 0 0 0 1 1 0 1 0 0 0 0 0 0 1 1 0 1 1 1 0 1 0 0 1 1 0 0 1 0 1 1 0 0 0 1 0 1 1 1 0 1 1 1 0 1 1 1 1 0 0 1 0 0 1 0 0 0 0 
1 1 1 1 1 1 1 0 1 1 0 0 1 0 0 0 1 0 1 0 1 0 1 1 1 0 1 0 1 1 0 0 1 0 1 0 1 1 0 0 1 0 1 0 0 1 1 1 1 0 1 1 1 1 0 1 0 1 1 1 0 1 1 0 1 1 1 1 0 1 1 1 0 0 1 1 1 1 1 0 1 0 0 0 0 1 1 0 1 0 1 1 1 0 0 1 0 0 1 1 0 0 0 1 1 1 1 1 1 0 1 1 0 1 1 1 1 0 0 1 1 0 1 1 0 1 0 0 1 1 1 0 0 0 1 0 0 1 1 0 0 1 1 0 1 1 0 1 1 1 1 1 1 0 1 1 1 0 1 1 1 0 1 1 0 0 0 0 1 1 0 0 1 1 1 0 1 0 1 1 1 1 1 0 1 1 1 0 0 0 1 1 0 1 0 1 0 1 1 0 0 0 0 1 0 0 0 0 0 1 1 1 1 0 0 1 0 1 1 1 1 1 1 0 0 1 0 0 0 1 0 1 1 0 0 1 1 0 1 1 0 1 1 1 0 1 0 0 0 1 0 0 0 1 0 0 1 0 1 1 0 1 1 0 1 1 1 1 
0 1 0 0 0 0 0 1 0 1 0 0 0 1 0 1 1 1 0 0 0 0 1 0 1 0 0 1 0 1 0 1 1 1 0 0 0 0 1 1 0 0 0 1 0 0 0 1 1 1 0 1 0 0 1 0 0 1 0 1 1 1 0 1 0 0 1 0 0 1 1 1 1 0 0 0 1 1 0 1 0 1 0 0 1 1 0 0 1 1 1 1 0 1 0 1 1 1 0 0 1 0 1 0 1 1 0 1 0 1 0 1 1 0 1 1 0 1 1 0 0 0 0 1 1 0 1 1 1 1 0 1 0 0 1 1 0 0 0 1 1 0 0 0 0 1 0 0 0 0 1 0 1 1 1 0 0 1 0 0 0 0 0 0 1 1 0 1 1 1 0 0 0 0 0 0 0 1 1 1 0 0 1 1 0 0 0 1 1 0 0 0 0 0 0 1 1 0 1 1 0 0 0 1 0 0 0 1 0 1 0 1 0 1 1 1 1 1 0 0 0 1 1 1 0 0 0 1 1 1 0 0 0 1 1 1 1 1 1 0 0 1 1 0 1 0 0 1 0 1 1 1 1 1 0 0 0 1 0 1 0 0 1 1 0 1 1 0 
0 1 0 0 1 0 1 0 1 0 0 0 0 0 1 0 1 1 1 1 1 1 1 0 1 1 0 0 0 1 1 0 0 0 1 1 0 0 0 0 0 1 0 0 1 0 0 1 0 0 0 1 0 0 0 0 1 0 0 1 1 1 0 1 1 0 1 1 1 0 1 1 0 0 0 0 0 1 1 1 1 0 0 0 0 1 1 1 1 0 1 1 0 0 1 1 1 0 0 0 1 1 1 1 1 0 1 1 1 0 0 1 1 1 0 1 0 0 0 1 0 1 0 0 0 1 1 0 1 1 1 0 1 1 1 0 0 1 0 0 0 0 0 0 0 0 1 0 0 1 1 1 1 0 0 1 0 1 0 1 0 1 0 0 1 0 1 0 1 0 0 0 0 0 1 1 0 0 0 1 0 0 1 0 0 0 1 0 0 1 0 1 0 0 1 1 0 1 1 0 0 1 1 1 0 0 1 0 1 1 0 1 0 1 0 0 1 1 0 0 0 1 1 0 1 0 1 1 0 1 1 0 0 0 0 1 0 0 1 1 0 1 0 1 1 1 1 1 1 1 0 0 0 1 0 1 1 0 0 1 0 1 1 0 0 1 1 0 
0 1 0 0 1 0 0 0 1 0 1 1 0 1 0 0 1 1 0 0 1 0 1 0 1 0 1 0 1 0 0 0 0 1 1 0 1 1 0 1 0 0 1 0 0 0 0 1 0 0 0 0 1 1 1 0 0 0 0 1 1 0 0 1 1 0 1 0 0 0 1 0 0 1 1 0 0 1 1 1 1 0 1 1 0 1 0 0 0 1 0 1 1 0 0 1 1 1 0 0 1 0 1 0 0 0 0 1 1 1 1 0 1 0 0 1 1 0 0 0 1 0 0 0 0 1 1 0 1 1 0 0 0 0 1 1 1 0 0 0 1 1 0 1 1 0 0 0 0 1 1 1 1 0 0 0 1 1 0 1 1 0 1 1 1 1 0 0 1 0 1 1 1 0 1 0 1 0 0 0 1 1 0 1 1 1 0 0 0 0 0 1 1 0 0 0 0 0 0 0 1 0 0 1 1 1 0 1 0 1 0 0 1 1 1 0 1 0 0 0 1 0 1 1 0 1 0 1 0 1 0 1 1 0 0 1 0 0 1 1 1 1 0 0 1 0 0 1 0 1 0 1 0 1 1 0 1 1 1 1 1 0 0 0 1 1 1 0 
0 0 0 0 0 0 1 1 0 1 1 1 0 0 1 1 0 1 1 1 0 0 0 0 0 0 1 0 1 0 1 0 1 0 0 1 1 1 0 0 0 0 1 1 0 0 0 0 1 1 0 0 1 1 0 0 0 1 0 0 1 0 0 1 0 0 0 1 0 1 0 0 0 1 1 0 1 0 0 1 0 1 1 1 1 0 1 0 0 0 0 0 1 0 0 0 1 0 0 0 1 0 1 1 0 1 1 0 0 0 1 0 1 1 1 0 1 1 1 1 1 1 0 1 1 0 1 0 0 0 1 1 1 0 0 0 1 1 0 1 0 1 0 1 1 1 1 0 0 0 0 0 0 0 1 1 1 1 0 0 1 1 1 1 1 0 1 0 0 1 1 1 1 0 0 0 1 0 1 0 1 1 0 0 1 1 1 0 1 1 0 0 1 0 0 0 0 1 0 1 1 1 1 0 1 1 0 0 0 0 0 0 1 1 0 1 1 0 0 0 1 0 0 0 1 1 0 1 1 0 1 1 1 0 1 0 1 0 0 0 1 0 1 1 1 1 1 1 1 0 0 0 0 0 1 0 0 0 1 0 1 1 0 1 1 0 0 0 
1 1 0 1 0 0 1 0 0 1 0 0 1 1 0 0 1 1 1 0 0 1 0 0 0 1 0 0 1 0 0 0 1 1 0 0 1 0 0 1 1 1 1 0 1 0 0 0 1 0 1 0 0 0 1 0 1 1 0 0 1 0 1 1 0 0 0 1 1 1 0 0 0 0 0 0 1 0 0 1 0 0 0 0 0 0 1 1 0 1 0 0 0 0 1 1 1 1 1 1 1 1 1 1 0 1 1 0 0 1 1 0 1 1 1 1 0 0 0 1 0 0 0 1 0 0 1 0 0 1 1 0 0 1 1 1 0 1 1 0 1 0 1 0 0 1 0 0 0 0 1 0 0 0 1 1 1 1 1 0 1 0 1 0 1 1 0 0 1 1 0 0 1 1 0 1 1 0 1 0 1 0 0 1 1 1 1 0 0 0 0 0 0 1 1 0 0 1 0 0 0 0 0 1 0 0 1 1 1 0 1 0 0 1 1 1 1 0 0 0 1 0 1 1 0 1 1 1 0 1 0 0 0 0 0 1 1 0 0 0 0 1 1 1 1 1 0 1 0 0 0 1 0 1 0 1 0 1 1 1 0 1 0 0 1 0 1 1 
0 1 1 0 0 1 1 1 0 0 1 1 0 1 0 1 1 0 1 0 0 1 0 1 0 1 1 0 0 1 0 0 0 1 0 0 0 1 0 1 0 1 0 1 1 1 1 0 0 1 0 1 1 1 1 1 1 0 1 0 0 1 0 0 0 1 0 1 1 0 0 1 0 1 1 1 0 0 0 0 0 1 1 1 1 0 1 1 1 1 1 0 1 0 1 1 0 1 0 0 0 1 0 1 1 0 1 0 0 1 0 1 0 1 0 1 1 1 1 1 1 0 1 0 1 0 0 0 0 1 1 1 0 1 1 1 1 1 0 1 1 1 0 1 1 0 0 1 1 0 1 0 0 0 0 1 0 0 0 0 0 0 0 1 0 1 0 0 1 0 1 1 0 0 0 1 0 0 0 1 0 1 1 1 0 0 1 0 1 0 1 0 1 0 1 1 0 1 1 1 1 0 0 1 1 1 1 1 1 0 0 1 1 0 1 0 0 1 1 1 0 1 1 1 0 0 1 0 1 1 0 1 1 0 1 1 0 0 0 0 1 1 0 1 0 1 0 0 0 0 0 1 0 1 1 1 0 1 0 1 1 1 1 1 0 0 1 0 
1 0 1 1 0 1 0 1 0 1 0 0 1 1 0 1 0 0 0 0 0 0 0 1 0 0 1 1 1 0 0 1 1 1 0 0 1 1 1 1 1 0 1 1 0 1 1 0 1 1 1 0 1 1 1 1 0 1 1 0 0 0 1 0 0 1 0 0 0 1 0 0 1 0 1 1 1 0 0 0 0 1 0 0 1 0 0 0 0 1 0 0 1 1 0 0 0 1 1 1 0 0 0 0 0 1 0 0 0 1 1 0 0 0 1 0 1 1 1 0 1 0 1 1 1 0 0 1 0 0 0 1 0 0 0 1 0 0 1 1 1 1 1 0 1 1 0 1 1 0 0 0 0 1 1 0 1 0 1 0 1 0 1 1 0 1 0 1 0 1 0 0 1 1 0 0 1 1 1 0 1 1 0 1 1 1 0 1 1 0 1 0 0 1 0 0 1 0 0 1 0 0 0 0 0 0 0 1 0 0 1 0 1 0 1 1 0 0 1 1 1 0 0 1 0 1 0 0 1 0 0 1 1 1 1 0 1 1 0 0 0 0 1 0 0 0 0 0 0 0 1 1 1 0 0 0 0 1 1 0 0 0 0 1 1 0 0 1 
1 0 1 1 1 1 1 0 1 0 1 1 1 0 1 0 0 0 1 1 1 1 0 1 0 1 0 0 1 0 1 0 0 0 1 1 1 0 0 0 1 1 1 0 1 1 1 0 0 0 1 0 0 0 0 1 1 0 1 0 0 0 1 0 1 1 0 1 1 0 0 0 0 1 0 1 0 0 1 0 1 0 1 1 0 0 1 1 0 0 0 0 0 0 1 0 0 0 1 1 0 1 0 1 0 0 1 0 1 0 1 0 0 1 0 0 0 0 0 1 0 1 1 0 0 1 0 0 0 0 1 0 1 1 0 0 1 1 1 0 0 0 1 1 0 0 1 1 1 1 0 1 0 0 0 1 1 0 1 1 1 1 1 0 0 0 1 0 0 0 1 1 1 1 1 1 1 0 0 0 1 0 0 0 1 1 1 0 0 1 1 1 1 1 1 0 0 1 0 0 1 1 1 0 1 1 1 0 1 0 1 0 0 0 0 0 0 0 1 1 1 0 0 0 1 1 1 0 0 0 1 0 0 0 0 0 0 0 0 1 1 0 0 1 0 1 1 0 1 0 0 0 0 0 1 1 1 0 1 0 1 1 0 0 1 0 0 1 
0 1 1 0 1 1 0 1 1 1 0 0 0 1 1 1 1 0 0 1 1 1 1 1 1 1 0 0 1 0 1 0 1 1 1 1 1 0 0 1 0 1 1 1 1 1 1 1 1 1 0 0 0 0 1 1 1 1 1 1 0 0 0 0 1 1 1 0 1 1 1 0 0 0 0 1 1 1 1 0 1 1 0 0 1 1 0 1 0 1 0 1 0 0 1 1 0 1 0 0 0 1 0 0 0 1 0 1 1 1 1 0 0 0 1 1 0 1 1 0 0 1 1 1 1 1 0 0 1 1 0 1 1 1 1 1 0 0 0 1 1 0 0 0 0 1 1 1 1 1 1 1 1 0 1 0 1 0 0 1 1 1 1 0 0 1 1 0 1 1 0 0 1 0 1 1 1 0 1 0 1 0 0 1 1 1 0 0 1 1 1 1 0 0 1 0 0 0 0 1 0 1 1 1 0 0 1 1 1 1 0 0 0 0 1 1 0 0 1 1 1 0 1 1 1 1 1 0 1 1 1 0 0 0 1 1 1 0 1 1 0 1 1 0 0 0 1 0 1 1 0 1 0 1 0 1 1 1 1 1 0 0 0 1 1 1 1 0 
0 1 1 0 0 1 1 0 0 1 1 1 0 0 1 0 1 0 1 1 0 0 1 1 1 0 0 1 0 0 1 1 1 0 0 1 0 0 1 0 0 0 0 0 0 1 1 1 1 0 0 0 0 0 0 1 0 1 1 1 0 0 0 0 0 1 1 1 0 1 1 0 1 1 0 1 1 1 0 0 0 0 1 1 0 1 1 0 0 0 0 1 0 1 0 1 0 0 0 0 0 0 0 1 0 1 1 1 0 0 0 0 0 1 1 1 0 0 0 1 0 1 1 1 0 0 0 1 1 1 1 0 1 0 1 0 1 1 0 0 0 0 0 1 0 1 1 1 1 0 1 0 1 1 1 1 0 0 0 0 0 1 0 0 0 0 1 1 1 1 1 1 0 0 0 0 0 1 1 0 0 0 0 0 0 0 1 1 0 1 1 0 1 0 0 0 1 1 0 0 1 1 1 1 1 1 0 0 0 1 0 0 0 0 0 1 0 0 1 1 0 0 1 0 1 0 0 0 0 1 1 0 0 1 0 1 1 1 1 0 1 1 1 1 0 1 1 0 1 1 1 0 1 1 1 0 0 0 0 1 1 1 0 0 0 1 1 0 
0 1 0 0 0 0 0 0 0 1 0 0 0 0 1 0 1 0 0 1 0 1 0 0 0 1 1 1 1 1 1 1 1 0 0 1 1 1 1 0 0 1 1 0 1 0 0 0 1 0 0 1 1 1 0 0 1 1 0 0 0 1 0 0 0 0 0 0 1 1 0 1 1 0 1 0 1 0 0 0 0 0 0 0 0 0 0 1 1 0 1 0 1 1 1 1 0 0 0 0 0 1 0 0 1 1 0 0 0 0 1 1 0 0 1 1 1 0 0 0 1 1 0 1 0 0 0 1 0 1 0 0 1 1 1 0 0 0 0 0 0 1 0 0 1 1 1 0 0 0 1 0 0 1 1 0 1 0 0 0 1 1 1 1 0 0 1 1 1 1 0 0 1 0 0 1 1 1 1 1 1 1 1 0 1 1 0 1 0 1 0 0 0 0 1 1 1 0 1 0 0 1 1 1 0 0 1 0 1 0 0 1 1 0 0 1 0 1 0 0 1 1 1 0 1 1 1 0 0 1 1 1 1 1 0 1 1 1 0 0 0 1 1 0 0 0 1 0 1 0 1 0 1 1 0 1 0 0 1 1 0 0 1 0 1 0 1 0 
0 0 0 0 1 0 1 0 1 1 1 1 0 1 0 0 0 0 1 0 1 0 0 0 0 0 0 1 1 1 0 1 1 1 1 0 1 0 1 1 0 0 1 0 0 0 0 0 1 0 0 1 0 0 1 0 0 1 0 0 0 1 0 0 1 0 0 1 0 1 0 1 1 1 0 0 1 0 1 0 1 0 1 1 0 0 1 0 1 1 1 0 0 1 0 0 0 1 0 0 0 0 0 1 1 1 1 0 1 1 1 1 0 1 1 0 0 0 0 1 0 0 0 1 0 1 0 1 0 0 1 0 0 0 0 1 1 1 0 0 1 0 0 1 0 1 0 0 0 1 0 1 0 1 1 1 1 0 0 1 1 0 1 0 0 1 0 1 0 1 1 1 1 0 1 0 1 1 1 1 1 0 1 1 1 1 1 1 0 0 0 1 1 0 0 1 1 1 1 0 1 0 0 0 1 1 0 1 0 0 0 1 0 0 1 1 0 1 0 0 1 1 0 1 0 1 0 0 0 0 0 0 0 1 0 0 1 1 0 1 1 0 1 1 0 1 0 0 0 0 1 1 1 0 1 0 1 1 1 0 1 1 1 0 1 0 0 0 
1 0 0 1 0 0 1 1 0 0 0 0 1 1 1 1 0 0 1 1 0 0 1 0 1 0 0 0 1 1 1 0 0 1 0 1 1 0 0 1 1 0 1 1 0 0 0 1 0 1 1 1 0 0 1 0 0 0 0 1 0 1 1 0 0 0 1 1 0 0 1 1 0 0 0 0 0 1 0 0 0 1 0 0 1 1 1 0 1 1 1 1 0 0 0 0 0 1 1 1 0 0 0 1 1 0 1 1 0 1 1 1 0 1 0 0 0 1 1 1 0 1 0 0 1 0 0 0 1 0 1 1 1 0 0 1 0 1 1 1 1 0 1 0 0 0 1 0 0 0 0 0 1 0 0 1 1 0 1 0 1 1 1 0 0 1 1 0 0 0 0 0 1 1 0 0 1 0 0 1 1 0 1 1 1 1 1 0 1 1 0 0 0 1 0 1 0 1 1 1 0 1 1 0 0 0 0 1 0 1 1 1 0 0 1 0 0 1 0 0 1 1 0 1 1 1 0 0 1 0 1 0 0 0 1 0 0 0 1 0 0 0 0 1 0 1 1 0 1 1 0 1 0 0 0 0 0 1 1 0 0 1 1 1 1 1 0 1 
1 1 0 1 1 0 0 1 1 1 1 1 1 0 1 1 1 0 0 1 1 0 0 0 0 0 0 0 0 1 1 0 1 0 1 1 0 0 0 0 1 0 0 1 0 0 0 0 1 1 1 1 0 0 0 0 0 1 0 0 0 1 1 0 1 0 0 0 0 1 0 1 0 1 0 0 1 0 1 0 1 1 1 1 1 0 0 0 1 0 1 0 0 0 0 1 0 0 1 1 0 0 0 0 1 1 0 0 1 0 0 1 0 0 1 1 0 1 1 0 0 1 0 1 1 1 0 0 0 1 0 1 1 0 1 0 1 0 1 1 0 0 1 1 0 1 1 0 0 1 1 1 0 0 1 0 0 0 1 1 0 1 0 0 0 0 1 0 1 1 1 1 0 1 1 0 0 0 1 1 0 0 1 0 0 0 0 0 1 1 0 1 1 1 0 1 0 0 1 1 1 1 1 1 1 1 0 0 0 0 1 1 0 0 0 1 0 1 0 0 0 1 1 0 1 0 0 0 1 1 1 0 0 0 1 1 1 0 0 1 1 1 1 0 0 0 1 0 1 0 0 0 0 1 1 0 1 0 0 1 1 0 1 1 0 0 1 1 
0 0 0 0 1 0 1 1 1 1 0 0 0 0 0 1 0 0 1 0 1 1 1 0 1 1 1 1 0 0 0 1 1 0 1 0 0 1 1 0 0 1 0 1 1 0 0 1 1 1 0 0 1 1 0 0 1 1 0 1 0 0 0 0 1 0 1 1 1 1 1 0 1 0 1 0 1 1 1 0 1 1 0 0 1 1 1 1 0 0 0 1 1 1 1 0 0 0 0 0 0 1 0 1 0 1 1 1 1 0 0 0 0 1 1 0 1 1 1 1 1 0 0 1 1 1 0 1 1 0 1 1 0 1 0 0 0 1 0 1 0 1 0 0 1 1 0 0 0 1 0 1 1 1 1 1 0 0 0 1 0 0 0 1 0 0 0 1 0 1 0 0 0 0 1 1 0 1 1 0 0 1 0 0 0 0 1 1 1 0 0 1 0 0 1 0 1 1 0 1 0 0 0 0 0 0 1 0 1 1 0 0 1 0 0 1 0 0 0 0 0 0 0 0 0 0 1 0 1 0 0 1 1 1 1 0 1 1 1 1 0 0 1 1 0 1 0 0 0 1 1 0 1 0 0 1 1 0 0 0 0 1 0 1 0 1 0 0 
1 0 0 1 0 0 0 0 0 1 1 1 1 1 1 0 0 0 0 1 0 1 1 0 1 1 1 0 0 0 1 0 1 1 0 1 0 1 0 1 1 1 0 0 1 0 0 1 1 0 1 0 1 1 1 0 1 1 0 1 0 0 1 0 0 0 1 0 1 1 1 0 0 1 1 0 1 1 0 0 0 0 1 1 0 1 0 1 0 1 0 1 1 0 1 0 0 1 1 1 0 1 0 0 0 1 0 1 0 1 0 0 0 0 1 0 1 0 0 0 1 1 0 1 0 0 0 0 1 0 0 0 1 1 0 1 1 0 1 0 1 1 1 1 1 1 1 0 0 0 0 0 1 0 1 0 0 0 1 0 0 1 0 1 0 1 1 0 0 1 1 1 0 1 0 1 0 0 1 0 0 1 0 1 0 0 0 0 0 1 0 0 1 1 1 0 0 0 0 0 1 1 1 0 1 1 1 1 1 1 1 0 1 0 1 1 0 0 0 0 0 0 0 1 1 0 1 0 0 0 1 1 1 0 0 0 1 0 1 0 1 0 1 0 0 0 1 0 1 1 0 1 0 0 1 1 0 1 0 0 1 0 0 0 0 1 0 1 
1 1 0 1 1 0 1 0 1 0 0 0 1 1 1 0 1 0 1 1 1 0 0 0 0 0 1 1 0 0 1 1 0 1 1 1 0 1 1 1 1 0 0 0 0 0 0 0 0 0 1 0 1 1 1 0 0 0 0 0 0 0 1 0 1 0 0 1 0 0 0 0 1 0 1 0 0 0 1 0 1 0 0 0 0 0 1 0 0 1 0 0 1 1 0 1 0 1 1 1 0 0 0 1 0 0 1 0 1 1 0 0 0 1 0 1 1 0 0 1 1 1 0 0 0 1 0 1 0 1 1 0 1 0 1 1 0 1 1 0 1 1 1 0 1 0 1 0 0 1 1 1 0 1 0 1 0 0 1 1 0 1 0 1 0 1 1 1 1 0 0 0 0 1 1 0 0 1 0 0 0 1 0 1 0 0 1 1 0 1 0 1 0 1 0 0 1 1 0 0 0 1 1 1 0 0 0 1 0 0 1 0 1 0 1 0 0 0 0 0 0 0 1 1 1 0 0 0 0 1 1 1 1 1 0 1 0 1 0 1 0 1 0 1 0 1 1 0 1 0 1 1 1 1 0 0 1 1 0 1 0 1 0 0 0 0 1 1 
1 1 0 1 0 0 0 1 0 0 1 1 1 0 0 1 1 0 0 0 0 1 1 0 1 1 0 1 1 0 0 1 0 0 0 0 1 0 1 0 1 1 1 1 1 0 0 1 0 1 1 0 0 0 0 0 1 0 0 1 0 0 1 0 0 0 1 0 1 0 1 0 1 1 0 0 0 1 0 0 0 1 1 1 1 1 0 1 0 0 0 1 0 1 1 1 0 0 1 1 0 1 0 0 0 0 0 1 0 0 1 0 0 0 0 1 0 1 1 0 0 0 0 0 1 0 0 1 1 1 0 1 0 1 1 0 1 0 1 1 0 0 1 1 0 0 0 0 0 0 1 0 1 1 0 0 1 0 1 0 1 0 1 0 0 0 0 1 1 0 1 1 1 1 0 1 1 1 0 0 1 0 0 0 1 1 0 1 1 0 0 0 1 1 1 0 1 0 0 1 1 0 0 1 1 1 1 0 1 1 1 0 0 0 0 0 0 0 0 0 1 0 1 0 0 1 1 0 1 1 0 0 0 1 1 1 0 1 1 0 1 1 0 0 0 0 0 0 0 1 1 0 1 1 1 1 0 0 1 1 1 0 0 1 1 1 1 1 
0 0 1 0 1 1 0 0 1 1 0 0 0 1 1 0 0 1 0 1 1 0 0 1 0 0 1 0 0 1 1 0 1 1 1 1 0 1 0 1 0 0 0 0 0 1 1 0 1 0 0 1 1 1 1 1 0 1 1 0 1 1 0 1 1 1 0 0 0 1 0 1 0 0 1 1 1 0 1 1 1 0 0 0 0 0 0 0 1 1 1 0 1 0 0 0 1 1 0 0 1 0 1 0 1 1 0 0 1 1 0 1 1 0 1 0 1 0 0 0 1 1 1 1 0 1 1 0 0 0 0 0 1 0 0 1 0 0 0 0 1 1 0 0 1 1 1 1 1 1 0 1 0 0 1 0 0 1 0 1 0 1 0 1 1 1 1 0 0 1 0 0 0 0 1 0 0 0 1 1 0 1 1 1 0 0 0 0 0 1 1 1 0 0 0 1 0 0 1 0 0 1 1 0 0 0 0 1 0 0 0 1 1 1 1 1 1 1 1 1 0 1 0 1 1 0 0 1 0 0 1 1 1 0 0 0 1 0 0 1 0 0 1 0 1 0 1 1 1 0 0 1 0 0 0 0 1 1 0 0 0 0 1 0 0 0 0 0 
1 0 0 1 0 0 1 0 0 0 0 0 0 1 0 1 1 0 0 1 0 0 0 1 0 1 1 0 0 1 0 1 0 0 1 1 0 1 1 1 0 0 1 1 1 1 1 1 0 0 1 0 0 1 1 1 1 1 1 0 0 1 1 1 1 0 0 0 0 1 0 0 1 0 0 1 0 0 0 0 1 0 1 1 1 0 1 1 0 0 0 0 0 0 1 0 1 0 0 0 0 0 0 1 1 0 0 0 0 0 1 0 1 1 0 0 0 1 0 0 0 1 0 1 0 0 1 1 1 0 0 0 0 0 1 0 0 1 0 0 1 0 0 1 0 0 0 0 0 1 1 1 1 0 0 0 1 0 1 0 0 0 0 0 1 0 0 0 0 1 1 0 1 0 0 0 0 1 0 1 1 1 0 0 0 1 0 0 0 0 0 1 0 1 0 1 0 1 0 1 0 1 0 0 0 0 0 0 1 1 1 0 1 0 1 1 0 0 0 0 0 1 0 0 1 0 0 0 0 1 0 0 1 1 1 0 1 0 1 0 1 0 1 1 1 0 1 1 1 1 0 1 0 1 1 0 1 0 1 1 1 0 0 0 0 0 1 0 
1 0 1 1 1 0 1 1 1 1 0 1 0 1 1 1 0 0 0 0 0 0 0 1 0 1 0 0 0 0 0 1 1 0 1 0 0 0 0 0 0 1 0 1 0 1 0 1 0 0 0 0 1 0 1 0 1 0 1 0 0 0 1 0 0 0 0 1 1 0 1 0 1 0 0 0 1 1 0 0 0 0 1 0 1 1 0 0 0 1 1 0 0 0 0 0 0 0 1 1 0 0 1 0 1 0 0 0 0 0 0 1 0 1 1 0 1 0 0 0 0 1 0 0 0 0 1 0 0 1 0 1 1 0 1 1 0 0 0 1 0 0 0 0 1 0 0 0 0 0 0 0 1 0 0 1 0 1 0 1 1 0 0 0 1 1 0 1 0 1 1 0 0 1 1 0 0 0 0 0 1 1 0 0 1 1 0 1 0 1 1 1 0 0 0 1 1 0 0 0 0 1 0 0 1 1 1 0 0 0 0 1 1 0 0 1 1 0 1 1 1 1 1 1 1 0 1 1 0 1 0 0 1 0 0 1 0 0 0 0 1 0 1 1 0 0 0 1 0 1 0 0 1 0 0 0 1 0 1 0 0 1 1 1 1 1 1 1 
0 0 1 1 1 1 0 1 0 1 1 0 0 1 1 0 0 1 0 0 0 1 1 1 0 0 0 0 0 0 0 0 0 1 0 1 0 1 1 1 0 1 0 0 0 0 0 0 1 0 1 0 1 0 0 1 1 1 0 0 0 1 0 0 1 0 1 1 1 0 0 0 0 0 1 1 0 1 0 1 0 1 0 0 1 0 1 1 1 1 0 0 0 0 1 0 1 1 0 1 0 0 0 1 1 0 1 0 0 0 1 1 1 1 1 1 0 1 0 0 1 0 0 0 0 1 0 0 0 0 0 1 0 1 1 1 1 0 1 0 0 0 0 1 0 0 1 1 0 0 1 1 0 0 1 0 0 1 0 0 1 0 0 0 0 0 0 1 1 0 1 0 1 0 1 0 0 0 0 1 1 1 1 0 0 0 1 0 1 1 1 0 0 0 0 0 0 0 0 1 0 0 1 0 0 1 0 0 0 1 1 1 0 0 1 1 0 0 0 0 1 0 1 0 1 1 0 1 0 0 0 0 0 1 0 0 1 0 0 1 0 0 0 0 0 0 1 1 0 1 1 0 1 1 1 0 1 0 0 0 0 1 0 0 0 1 0 1 
0 0 0 0 1 1 0 1 1 1 0 1 0 0 0 1 0 0 1 1 0 1 0 0 0 0 1 0 1 1 0 1 1 0 1 1 0 1 1 1 1 0 1 0 1 1 0 1 0 1 1 1 1 0 1 1 0 1 0 0 0 1 1 0 1 1 1 1 1 1 1 0 0 0 0 1 1 1 1 1 1 1 0 1 0 1 1 1 0 0 1 0 1 1 1 1 1 1 1 0 0 0 1 1 0 1 0 1 0 0 1 0 1 0 0 0 1 1 0 0 1 0 0 0 0 1 0 0 1 1 0 0 1 0 0 1 1 0 0 1 0 0 0 1 1 0 0 0 0 0 1 1 0 0 1 1 0 1 0 1 1 0 0 0 1 1 0 1 1 0 0 1 1 1 0 0 0 1 0 1 0 0 1 0 1 1 1 1 0 1 1 0 0 1 1 0 1 1 0 1 0 1 1 0 1 0 1 1 0 1 1 1 1 0 1 0 1 0 1 1 0 1 1 1 0 1 1 0 0 1 1 0 0 1 0 1 1 0 0 0 1 0 1 1 1 0 1 0 0 0 1 1 0 1 1 0 0 0 0 1 0 0 1 1 1 0 0 1 
0 0 1 0 0 1 0 0 0 0 0 1 0 0 1 1 1 0 0 1 0 1 0 0 0 0 1 1 0 1 1 1 0 0 1 0 0 0 0 0 0 1 1 0 1 1 1 1 0 0 0 0 0 1 1 0 0 0 0 0 1 0 1 1 0 0 1 0 0 1 1 0 0 0 0 0 1 0 0 1 1 1 0 1 0 0 0 0 0 1 1 1 0 0 0 0 0 1 0 1 0 1 0 0 0 0 0 0 0 1 0 1 0 0 1 0 1 0 1 0 1 0 0 1 0 1 0 1 1 1 1 1 0 0 0 0 1 1 0 0 1 0 1 0 0 0 0 0 1 1 0 0 0 0 1 1 1 0 1 1 0 0 0 1 1 0 0 0 1 0 0 0 0 1 1 0 1 1 1 0 0 0 1 0 1 1 1 1 0 0 0 0 1 1 0 0 0 1 0 0 0 1 1 1 0 1 1 0 1 0 0 0 1 0 0 0 1 1 0 1 1 1 0 1 0 1 0 1 0 1 0 0 0 0 1 0 0 0 1 0 1 0 1 1 1 0 0 0 1 0 1 1 1 0 0 0 0 0 0 1 1 1 0 1 0 1 0 0 
1 0 0 0 0 1 1 0 1 0 1 0 0 0 0 0 1 1 1 0 0 1 1 0 0 1 0 0 1 0 0 0 1 1 0 0 0 0 1 0 1 0 0 1 0 0 1 0 1 1 1 1 0 1 0 0 0 0 1 0 0 0 0 1 0 1 1 0 0 0 0 0 1 0 1 1 0 0 1 1 0 1 1 0 0 1 0 1 1 0 0 0 1 1 0 1 0 1 1 0 0 0 1 1 0 1 1 1 0 0 0 0 1 0 0 1 0 1 0 0 1 1 0 1 0 1 1 1 0 0 0 0 1 1 0 0 1 1 1 1 1 0 0 0 1 0 1 1 0 1 0 1 1 0 1 0 1 0 1 0 0 0 0 0 0 1 0 0 1 1 0 1 1 0 0 0 0 0 0 1 0 0 1 0 0 0 1 0 1 0 0 1 0 0 1 1 1 0 0 0 0 0 1 0 1 0 0 1 1 1 0 0 0 0 1 0 0 0 1 0 0 0 0 0 0 1 1 0 0 0 1 0 1 0 1 1 1 0 1 1 0 0 0 0 0 0 1 0 1 0 1 0 0 1 1 0 0 0 1 0 1 0 1 0 1 0 1 0 
1 0 0 1 0 1 1 0 1 0 1 1 0 1 0 0 0 1 0 1 0 1 1 1 0 1 1 1 0 1 1 0 1 1 0 1 0 1 0 1 0 0 1 1 1 0 0 0 1 0 0 0 0 0 0 1 1 1 1 0 1 1 0 0 1 0 1 0 0 1 1 0 1 0 1 0 1 0 0 1 1 1 1 1 1 1 1 0 1 0 1 1 0 0 1 0 1 1 1 0 0 1 1 0 1 0 1 0 0 1 1 0 0 1 0 1 1 0 1 0 1 1 0 0 0 1 1 0 1 1 1 0 1 1 1 0 1 0 1 1 0 0 1 1 1 0 1 1 1 0 1 0 1 0 1 1 0 0 0 1 0 0 0 1 0 1 0 0 1 1 1 0 0 1 0 0 1 1 1 0 1 1 1 0 1 0 1 1 1 0 0 1 1 1 0 1 1 1 0 1 0 0 1 1 1 0 1 0 0 0 1 0 0 0 0 1 1 1 1 1 0 0 0 1 1 1 1 0 0 0 0 0 1 1 0 1 0 0 0 1 0 0 0 0 1 0 0 1 0 1 1 1 0 0 0 0 1 0 1 1 0 0 1 1 1 0 1 0 
0 0 0 1 1 0 0 1 0 1 1 1 1 1 0 0 1 1 1 1 0 0 1 1 0 0 1 0 1 1 0 0 0 1 0 1 0 1 0 1 1 0 1 0 1 0 1 0 1 1 0 1 1 1 0 1 1 1 0 1 0 1 0 1 1 1 0 1 1 1 1 0 0 0 1 0 1 1 1 0 1 0 0 1 1 0 1 0 1 0 1 0 1 1 1 1 1 0 0 0 0 0 0 0 1 1 1 1 1 0 1 0 0 1 0 1 1 0 0 0 0 0 0 1 0 0 0 1 1 1 0 0 0 1 1 1 0 1 1 0 1 1 0 1 0 1 1 1 0 1 1 0 0 0 0 1 1 1 1 1 1 1 1 0 0 0 0 1 0 0 1 1 0 1 0 1 0 1 0 0 1 1 0 1 1 0 0 1 1 1 1 0 0 1 1 0 0 1 1 1 1 0 0 0 0 0 1 1 1 0 1 1 0 1 0 1 1 0 0 1 0 0 1 1 1 0 0 0 1 0 1 0 0 1 1 0 0 1 1 1 0 1 0 0 1 1 0 1 1 1 0 1 0 0 0 0 1 0 0 1 1 0 0 1 0 0 0 1 
0 0 1 0 0 0 0 0 1 0 1 1 1 0 1 1 1 1 0 0 0 0 1 0 0 0 0 0 0 0 0 1 1 1 1 1 0 1 1 1 0 1 0 0 0 1 1 1 1 0 1 0 0 1 1 1 0 1 0 1 0 1 1 1 1 0 0 0 0 0 1 0 0 0 1 1 1 0 0 0 0 0 0 0 0 1 1 1 1 1 1 0 0 0 1 0 1 0 1 1 0 0 1 1 0 0 1 0 1 0 1 1 1 0 1 1 1 1 0 0 0 0 0 1 0 0 0 1 0 1 0 1 1 1 0 0 0 1 1 1 1 1 0 1 1 1 1 1 0 1 1 1 0 0 0 1 1 0 1 1 0 1 1 0 1 1 0 0 0 0 0 0 1 1 1 1 0 0 0 1 0 0 0 1 1 1 0 1 1 0 0 0 0 0 0 0 1 0 1 1 1 1 0 0 1 1 1 0 1 1 1 0 1 1 1 0 1 0 1 1 1 1 0 1 0 0 1 1 1 1 0 0 0 1 1 1 1 1 1 1 1 1 1 1 0 1 1 0 1 0 0 0 1 1 1 0 0 0 0 0 1 1 1 1 1 1 0 0 
1 0 1 0 1 0 1 1 0 1 1 0 0 0 1 1 1 1 1 0 0 0 1 0 0 1 0 1 1 0 1 1 0 1 1 1 0 1 0 1 1 1 0 1 0 1 1 1 1 1 0 1 1 1 1 1 0 1 1 0 1 1 1 1 1 1 0 1 1 0 0 0 1 0 1 0 0 1 1 0 0 0 1 0 0 0 1 0 1 1 0 1 1 1 1 1 1 0 0 1 0 1 0 0 0 1 1 1 0 1 1 1 0 0 1 1 0 0 1 0 0 1 0 1 0 0 1 1 0 0 1 1 0 1 0 1 0 1 1 0 1 0 1 1 0 0 1 1 1 1 1 0 1 0 0 0 1 1 1 0 1 0 0 1 1 0 0 1 0 1 0 1 0 0 1 0 1 0 1 0 0 0 0 0 0 1 0 0 1 1 1 1 1 0 1 1 0 0 0 1 0 1 0 1 0 1 0 1 1 0 1 1 1 0 0 0 0 1 0 0 1 1 1 0 0 0 0 1 0 1 1 0 1 1 1 0 0 0 1 1 1 0 1 1 0 0 0 0 1 0 0 0 1 0 0 0 0 0 1 0 1 1 0 0 0 1 1 1 
1 0 0 1 1 1 1 1 0 1 0 1 1 1 0 0 1 0 0 0 0 1 0 1 0 1 0 1 0 0 1 0 0 0 0 0 0 0 1 0 0 0 0 1 0 0 1 0 0 0 1 0 1 1 0 0 1 0 1 1 1 0 0 1 0 0 1 1 1 0 1 0 1 0 0 1 1 1 0 1 0 1 1 0 1 0 0 1 0 0 1 1 0 0 0 0 0 1 0 0 0 1 0 1 1 0 0 0 1 1 0 0 1 1 0 0 1 1 1 0 1 1 0 1 0 1 1 1 0 1 1 0 0 0 1 1 1 1 0 0 1 1 1 0 0 1 0 0 1 1 0 1 1 0 1 1 1 1 1 1 1 1 1 1 0 0 0 1 1 1 1 0 1 1 0 1 1 0 1 1 1 1 1 1 1 0 1 1 0 1 1 1 1 0 0 1 0 0 1 0 1 0 1 1 0 0 1 0 1 1 0 1 0 1 1 1 1 1 0 1 0 0 1 1 1 1 0 0 1 0 0 0 1 0 1 0 1 1 1 0 0 1 0 0 0 1 1 1 1 1 1 0 0 1 1 0 1 0 1 0 1 0 0 1 0 0 1 1 
0 1 1 0 0 0 0 0 1 0 1 0 0 0 1 0 0 1 1 1 1 0 1 0 1 0 1 0 1 1 0 0 1 1 0 1 1 1 0 1 1 1 1 0 1 0 0 0 1 1 0 1 0 0 0 1 0 1 0 0 0 1 0 0 1 1 0 0 0 1 0 1 0 1 1 0 0 0 1 0 1 0 0 1 0 1 1 0 1 1 0 0 1 1 1 1 1 0 1 1 1 0 1 0 0 1 1 1 0 0 1 1 0 0 1 1 0 0 0 1 0 0 1 0 1 0 0 0 1 0 0 1 1 1 0 0 0 0 1 1 0 0 0 1 1 0 1 1 0 0 1 0 0 1 0 0 0 0 0 0 0 0 0 0 0 1 1 0 0 0 0 1 0 0 1 0 0 1 0 0 0 0 0 0 0 0 0 0 1 0 0 0 0 1 1 0 1 1 0 1 0 0 0 0 1 1 0 1 0 0 1 0 0 0 0 0 0 0 1 0 1 0 0 0 0 0 1 1 0 0 1 1 0 1 0 1 0 0 0 1 0 0 0 0 1 0 0 0 0 0 0 1 1 0 0 1 0 1 0 1 0 1 1 0 1 1 0 0 
1 0 0 0 1 0 1 1 1 1 1 0 1 0 0 1 0 1 0 1 0 0 1 0 0 1 1 1 0 1 1 1 1 1 1 0 0 0 1 0 0 0 1 1 1 1 0 1 1 0 1 0 1 0 1 0 0 0 1 1 1 0 1 0 0 0 0 1 1 1 0 0 1 0 1 1 0 1 0 0 1 0 1 1 0 1 0 1 1 0 0 1 0 0 0 0 0 0 1 0 0 1 1 1 0 0 1 0 1 1 0 0 1 0 0 1 0 1 1 0 0 1 0 0 0 0 1 0 1 0 1 0 1 1 0 1 0 0 1 1 0 1 1 0 1 1 1 1 1 0 0 1 1 0 0 0 0 1 0 0 1 1 1 1 1 1 0 1 0 1 0 0 1 0 0 1 1 1 1 1 0 0 0 1 0 1 0 0 1 1 1 1 1 1 0 1 1 1 1 0 1 1 0 1 1 0 0 0 0 1 0 1 1 1 1 0 0 1 1 0 0 1 1 0 0 0 1 0 1 1 0 0 1 0 0 1 1 1 0 1 1 1 1 1 1 1 1 0 0 0 0 1 0 1 1 0 0 0 1 1 0 0 1 0 1 0 1 1 
1 0 1 0 0 0 1 0 0 0 0 1 1 0 1 0 0 0 1 1 0 0 0 0 0 1 1 1 1 1 1 0 0 0 0 1 0 1 1 1 1 1 1 1 1 0 0 0 0 1 1 1 0 0 0 1 0 1 1 1 1 1 0 0 1 1 0 0 0 1 1 0 1 0 0 1 1 0 1 0 1 0 1 1 0 0 1 1 0 1 1 1 1 1 1 1 1 0 0 1 0 1 0 1 0 1 0 1 1 1 1 1 1 0 1 0 1 1 1 0 0 1 0 0 0 0 1 0 1 1 1 1 0 0 0 0 0 0 0 0 0 1 1 1 0 1 0 0 1 0 1 1 1 0 0 1 0 0 0 1 0 1 1 1 0 0 0 0 0 1 0 1 1 1 1 1 1 1 1 1 0 0 0 1 1 0 0 1 0 0 0 1 1 1 1 1 0 1 1 1 1 0 0 1 0 1 1 1 0 1 1 0 0 1 1 0 1 1 0 1 1 0 0 1 0 0 0 1 1 0 1 0 1 1 0 0 1 1 0 0 0 1 0 0 1 1 1 0 0 0 0 1 1 1 1 0 0 0 1 1 0 1 0 1 0 1 1 0 
0 0 1 0 1 1 0 1 1 1 1 1 1 0 1 0 0 1 1 0 0 1 1 0 0 0 0 1 1 0 1 0 1 1 0 0 0 0 0 0 1 1 0 0 0 0 0 0 1 1 0 1 1 0 0 0 0 0 0 1 1 0 0 0 0 1 1 1 1 0 1 0 0 0 1 0 1 1 1 1 0 1 0 0 0 1 0 0 1 1 1 1 1 1 0 1 0 1 1 1 0 1 1 0 0 1 1 1 1 1 0 1 0 0 1 1 1 0 1 0 1 0 0 0 0 1 0 0 0 1 1 1 1 1 0 1 1 0 1 1 0 1 1 0 1 1 1 1 1 0 0 0 0 0 1 1 0 1 0 1 1 1 1 1 0 1 0 1 1 0 0 1 0 1 1 1 1 0 1 0 0 0 1 1 1 0 1 1 1 1 1 0 1 0 1 0 1 0 1 0 1 0 1 1 1 1 1 1 0 0 0 1 0 1 0 0 1 1 1 1 1 0 1 1 0 1 1 1 1 0 1 0 0 0 0 1 0 1 0 1 0 1 0 0 0 1 0 0 0 0 1 0 1 0 0 0 0 0 0 0 0 1 1 1 1 1 0 1 
0 0 0 1 0 1 0 0 1 0 0 0 1 1 0 1 1 0 1 0 0 1 0 1 0 0 0 1 1 0 1 1 1 0 1 1 0 1 0 1 1 0 0 0 0 1 1 1 0 1 0 1 0 1 1 1 1 1 0 1 1 1 1 1 1 1 1 0 0 0 0 0 0 0 0 0 0 0 1 1 0 1 0 0 1 1 1 0 0 0 0 1 1 1 1 1 1 1 1 0 0 1 1 0 1 1 0 1 1 1 1 0 0 1 0 0 0 0 1 0 1 0 0 1 0 1 0 1 0 0 1 0 1 0 1 0 1 1 0 1 1 1 1 1 1 1 0 0 1 1 1 0 0 0 1 0 1 0 1 0 0 1 1 1 1 1 0 0 1 0 1 1 0 0 0 1 1 0 1 0 1 1 1 1 0 1 1 0 0 0 0 0 1 0 1 0 1 0 1 1 1 1 1 1 1 0 0 1 1 0 1 0 1 1 0 1 0 1 1 0 0 1 0 0 1 1 1 0 1 1 1 0 0 1 1 1 0 1 1 0 1 1 1 1 0 1 0 1 1 1 1 0 0 0 0 0 1 0 0 0 1 0 1 0 1 0 0 0 
1 0 1 1 0 1 1 0 0 0 1 0 1 1 1 1 0 1 1 1 0 1 1 1 0 1 1 0 1 1 0 1 0 1 1 0 0 0 0 0 1 1 1 1 1 1 0 1 1 1 0 1 0 0 1 0 1 0 1 1 0 0 1 0 0 1 1 0 0 1 0 0 1 0 1 0 0 0 1 1 1 1 1 1 1 0 0 0 1 1 0 0 1 1 0 1 0 1 0 1 0 0 0 0 1 1 1 1 1 0 0 1 0 1 1 1 0 0 0 0 1 1 0 0 0 1 1 0 1 0 0 1 0 1 1 0 1 0 1 0 0 1 0 0 0 1 1 1 0 0 0 0 1 0 1 0 0 0 0 0 0 1 1 0 1 0 0 0 1 1 1 1 0 0 1 1 0 1 0 0 1 1 1 1 0 1 1 0 1 0 0 1 0 1 1 1 0 1 1 0 1 1 1 0 0 1 0 1 0 0 0 0 1 1 0 1 0 0 0 0 1 1 0 0 1 1 0 1 1 1 1 0 1 0 0 0 0 1 0 1 1 1 1 1 1 1 0 1 0 1 1 1 1 0 0 0 1 0 1 1 0 1 0 0 0 1 1 0 
0 1 0 1 0 0 0 0 0 0 1 1 0 1 0 1 0 1 1 0 1 0 1 1 1 0 0 1 1 0 1 1 0 1 1 0 1 0 1 0 1 0 0 0 0 1 0 1 1 1 1 1 0 0 1 0 1 0 0 0 1 0 1 0 0 1 0 0 0 0 1 1 0 1 1 1 1 0 1 0 0 0 0 0 1 0 0 1 1 0 1 1 1 1 0 1 0 0 0 0 1 1 0 1 1 1 1 1 0 1 0 0 1 1 0 1 1 1 1 1 0 0 1 0 1 0 0 0 0 1 1 0 0 1 1 0 0 0 1 0 0 0 1 0 0 0 1 1 1 0 0 1 0 1 0 1 0 0 0 1 0 0 0 1 1 0 1 0 0 0 1 1 1 1 0 0 1 0 1 1 1 1 0 0 1 1 0 1 1 0 0 0 1 0 1 0 0 0 0 0 0 1 0 1 0 0 1 1 0 1 0 0 1 0 1 1 1 1 0 1 0 1 0 1 1 0 0 0 0 1 1 1 0 0 0 0 1 0 0 1 1 0 1 1 0 0 1 1 0 1 0 0 0 1 1 1 1 1 0 0 0 0 0 1 0 0 0 0 
0 1 0 0 1 0 0 1 1 1 0 1 0 0 0 0 1 0 0 0 1 0 0 0 1 0 0 1 0 0 1 0 1 0 0 1 1 1 0 1 0 0 0 0 0 0 1 0 0 0 0 0 1 1 0 1 0 1 0 0 1 1 0 1 1 0 0 1 1 0 1 1 0 1 0 0 1 1 0 0 0 0 0 0 0 1 1 0 0 0 1 1 0 0 1 0 1 0 1 0 1 1 1 0 0 0 0 0 0 1 1 0 0 0 0 0 1 0 1 1 0 0 1 1 1 0 0 1 0 1 1 0 1 0 0 1 0 1 0 1 1 0 1 1 1 0 0 0 1 1 1 0 0 1 0 1 1 1 1 1 1 0 0 1 0 1 1 1 0 0 0 0 0 1 0 0 1 0 1 0 0 0 0 0 1 0 0 1 0 1 1 0 1 0 0 0 1 0 0 1 0 0 0 1 1 0 1 0 1 0 1 1 0 0 0 0 1 1 1 1 0 0 1 1 0 0 1 0 0 0 0 1 0 1 1 1 0 0 1 0 0 0 0 0 0 0 0 0 1 0 0 0 0 0 0 1 0 1 0 0 1 0 1 1 1 0 0 1 
1 1 1 0 1 0 1 1 0 1 1 1 0 0 1 0 1 1 0 1 1 0 1 0 1 1 1 0 0 1 0 0 0 1 0 0 1 0 1 0 0 1 1 1 1 0 1 0 1 0 1 0 1 1 0 0 0 0 1 0 0 0 0 1 0 0 0 1 1 1 1 1 1 1 1 1 1 1 0 0 1 0 1 1 0 0 0 1 1 1 1 0 0 0 0 0 0 0 0 1 1 0 0 1 0 0 1 0 0 0 0 1 1 0 1 1 1 1 0 1 0 1 1 1 1 0 1 1 1 1 0 1 0 1 0 1 0 1 1 0 1 0 0 0 0 0 1 1 0 1 0 1 1 1 0 1 1 1 1 1 1 0 0 0 0 0 1 1 0 1 0 0 1 1 1 0 0 1 0 1 0 0 0 0 1 0 0 1 1 1 1 1 0 1 0 1 0 1 0 0 0 0 0 0 0 1 1 0 1 1 0 1 0 0 1 0 1 0 0 1 1 0 1 1 0 0 0 1 0 0 0 1 1 0 1 0 1 0 1 1 0 0 0 0 1 0 1 0 1 0 0 1 1 1 1 1 0 1 1 1 1 1 0 1 0 1 1 1 
0 1 0 1 1 1 0 1 1 1 1 0 0 1 0 1 1 1 0 1 1 1 1 1 1 0 1 0 0 1 0 1 1 1 1 0 1 0 0 0 0 0 1 0 1 1 1 1 1 0 0 0 1 1 1 0 1 0 0 0 0 0 1 1 0 0 1 1 1 1 0 1 0 1 1 0 0 1 0 1 1 1 0 1 1 1 0 0 1 0 0 0 0 0 0 0 0 1 1 0 1 0 1 0 1 0 1 0 0 0 0 0 0 1 0 1 0 0 0 1 1 0 1 1 1 1 0 1 1 0 0 0 1 1 1 1 1 1 1 1 1 0 0 0 1 0 1 1 0 1 0 0 0 1 1 0 1 1 1 0 1 0 0 0 1 1 1 1 1 0 1 0 0 0 0 0 0 1 0 0 1 1 1 0 0 1 1 0 1 1 1 0 0 1 0 0 1 1 0 0 0 1 1 0 1 0 0 0 1 0 0 1 1 0 0 1 0 0 1 0 0 1 1 0 1 1 1 0 0 1 0 1 0 0 1 1 0 0 1 1 1 0 1 1 1 0 0 1 1 1 1 1 0 0 0 1 1 1 0 1 1 0 1 0 1 0 0 1 
1 1 1 1 0 1 1 0 0 0 0 1 0 1 1 0 1 0 1 0 1 1 0 1 1 1 0 0 1 0 0 0 0 0 0 1 1 1 0 1 1 1 0 1 0 0 1 0 0 1 0 1 0 1 0 1 1 1 1 0 0 1 0 1 1 1 1 0 0 0 1 1 1 1 0 0 1 0 1 1 0 1 1 0 1 0 1 0 0 1 1 0 1 1 1 1 1 1 0 1 1 0 0 0 1 1 0 1 0 0 1 1 0 1 1 0 1 0 0 1 1 1 1 1 1 1 1 1 0 1 0 1 0 0 1 0 1 1 0 0 1 0 0 1 0 0 0 0 0 1 1 0 1 1 1 1 1 0 1 1 0 0 0 0 0 0 1 0 1 1 1 1 0 1 1 0 0 0 0 0 1 1 1 0 1 0 1 1 0 0 0 1 0 0 1 1 0 0 0 1 0 0 1 0 0 1 1 1 1 0 1 0 0 0 0 1 1 0 0 1 1 0 0 1 1 1 0 1 0 0 1 1 1 1 1 0 0 0 1 0 0 0 0 0 0 0 0 1 1 1 1 0 1 0 0 1 1 1 1 0 1 1 0 1 0 1 1 0 
1 1 0 0 1 1 1 1 0 1 0 0 0 0 0 0 0 0 1 1 1 1 0 0 1 1 1 1 1 1 1 0 0 0 0 0 1 0 0 0 1 0 1 1 1 0 0 0 0 1 0 1 1 0 0 0 0 0 1 0 1 0 0 0 0 1 1 1 1 1 0 1 1 1 0 0 0 1 1 1 1 1 1 1 0 0 0 0 0 0 0 1 1 1 0 1 0 1 0 0 1 1 0 0 0 1 0 1 0 1 0 0 0 0 0 0 0 0 1 1 1 1 1 0 1 1 1 0 1 0 1 0 0 0 0 1 1 0 0 0 0 0 1 0 0 0 0 0 1 0 0 0 1 1 1 0 0 1 0 0 1 0 0 1 0 0 1 1 1 1 0 1 0 0 0 0 1 1 1 0 0 0 1 0 0 0 1 0 0 1 1 1 1 1 1 1 0 1 0 0 0 0 1 1 0 0 0 1 0 0 0 1 0 0 0 0 0 1 0 0 0 0 1 0 0 1 0 0 0 0 1 1 1 0 0 0 0 0 0 0 0 0 0 0 1 0 0 0 0 0 1 1 0 0 0 1 0 1 1 1 0 0 0 0 0 0 1 1 
1 1 1 0 0 1 1 0 1 0 0 0 0 0 1 1 0 0 0 0 1 1 0 0 1 1 0 1 0 0 1 1 1 0 1 1 1 1 1 1 0 1 0 1 0 1 0 1 0 0 1 0 0 0 1 1 0 1 1 0 1 1 1 0 1 0 1 0 0 0 0 1 1 1 0 1 0 0 0 1 0 1 1 0 0 1 1 1 0 1 0 1 0 0 1 0 1 1 1 1 1 1 1 1 0 0 0 0 0 1 1 1 1 0 1 0 0 1 1 1 1 1 1 0 1 1 1 0 0 0 1 1 1 0 0 0 1 0 0 1 0 0 1 1 1 0 0 0 1 0 1 1 1 1 1 0 0 0 0 0 0 0 0 1 1 1 1 0 1 1 0 0 1 0 1 0 1 0 1 1 0 0 1 0 0 1 1 0 0 0 0 1 1 0 0 1 1 0 0 1 0 1 1 1 1 1 0 0 0 1 1 0 1 0 1 0 0 1 1 0 1 1 0 0 0 1 1 1 0 1 0 1 1 1 0 1 1 0 0 0 1 0 1 1 0 0 1 0 0 0 1 0 1 1 1 1 0 1 1 0 0 1 1 0 1 1 1 0 
0 1 1 1 1 0 0 1 0 1 0 0 1 1 1 1 0 0 0 1 1 0 0 1 1 0 1 1 0 1 1 1 0 0 1 1 1 1 0 1 0 1 1 0 1 1 0 1 0 0 0 0 1 0 1 1 1 1 0 1 1 1 1 0 1 0 0 1 1 1 0 1 0 1 0 0 0 1 0 0 1 0 0 1 1 0 1 0 0 1 0 1 0 0 1 0 1 0 0 1 1 1 0 0 1 0 0 0 1 1 1 1 0 1 1 0 0 0 1 1 0 0 1 0 1 0 0 0 1 0 1 1 0 0 1 1 0 0 0 0 0 1 1 1 0 1 0 0 1 0 1 0 0 1 0 0 0 1 0 0 1 1 1 1 1 0 1 1 0 0 1 0 0 0 1 1 1 1 1 0 1 1 0 1 0 1 0 0 0 1 1 0 1 1 0 0 0 1 1 1 1 1 0 1 0 1 0 0 0 0 1 1 1 1 0 1 0 1 0 0 1 1 1 0 1 0 0 1 1 1 0 1 0 1 0 0 0 1 0 0 1 1 1 1 1 1 0 1 0 1 0 1 1 0 0 1 1 1 0 1 0 1 0 0 0 1 0 1 
1 1 1 1 0 0 1 0 1 0 1 0 1 1 1 0 1 1 0 0 1 0 1 1 1 1 0 1 0 0 1 0 1 1 0 0 1 0 0 0 0 1 0 1 0 0 1 0 1 0 0 0 0 1 0 0 1 0 1 1 1 0 0 1 0 0 0 0 0 0 0 1 1 1 1 0 0 0 0 0 0 0 1 0 1 1 0 0 1 1 0 1 0 0 0 0 0 0 1 1 1 1 1 0 1 0 1 0 1 1 0 1 0 1 1 1 0 0 1 1 0 1 1 1 1 0 1 1 0 0 1 1 1 1 1 0 0 1 1 1 1 1 1 0 1 1 1 1 1 1 0 0 1 1 0 0 1 0 1 0 0 1 1 1 0 1 1 0 0 1 1 0 0 0 1 1 1 0 1 0 1 1 0 1 0 0 0 0 1 0 0 1 1 0 0 1 1 0 1 0 1 0 0 1 1 1 0 0 1 0 0 0 0 1 0 1 0 1 1 0 1 0 0 0 1 0 1 1 1 0 0 1 1 0 1 1 0 1 1 1 0 1 0 0 0 1 0 1 1 1 0 0 1 0 0 1 1 1 1 0 1 1 1 0 1 1 1 0 
1 1 0 0 0 0 1 0 1 0 0 1 1 0 0 1 1 0 1 1 1 0 0 0 1 1 1 0 1 1 0 1 1 0 1 0 1 0 0 0 1 0 1 1 1 1 1 1 0 1 0 1 0 1 1 0 0 0 1 1 0 0 1 1 0 1 0 0 0 1 1 1 1 1 0 0 1 0 1 0 1 0 1 1 0 1 0 0 0 0 1 0 1 1 0 1 0 0 1 0 1 0 1 0 0 1 0 1 1 0 0 0 0 0 0 0 1 0 0 1 0 1 1 1 1 0 1 1 1 1 0 0 1 0 0 0 0 1 0 1 1 1 0 0 1 1 0 0 0 1 0 0 1 1 0 1 1 0 1 1 0 1 1 0 1 1 1 0 0 1 0 1 0 1 0 1 0 1 0 0 0 0 0 1 1 1 0 1 0 0 0 1 0 1 1 1 1 1 1 0 1 1 0 0 1 0 1 1 1 0 0 0 1 1 0 0 1 0 1 1 0 1 0 1 0 0 1 0 1 1 1 1 1 0 1 1 0 1 1 0 1 1 1 1 1 1 0 0 1 0 0 1 0 0 0 1 0 1 1 1 1 0 1 1 1 0 1 0 
1 1 0 1 1 0 1 1 1 1 0 0 1 1 0 0 0 0 1 0 1 0 0 1 1 1 0 0 1 0 0 0 1 0 0 1 1 1 1 1 1 0 0 1 0 0 0 0 0 1 1 1 1 0 0 1 1 1 1 1 0 1 0 0 1 1 0 1 1 0 0 1 1 1 0 1 0 1 1 0 0 0 1 0 1 1 1 1 0 0 0 0 1 1 1 1 1 0 1 0 1 0 1 1 1 1 0 1 1 0 1 0 1 1 0 0 0 1 0 1 0 1 1 0 1 0 1 0 0 0 0 0 1 0 1 1 0 0 0 1 0 1 0 1 1 1 0 0 0 0 1 1 1 1 0 0 0 1 0 0 1 1 1 0 0 1 1 1 0 1 1 1 1 0 0 1 0 0 0 1 1 1 0 1 0 0 0 0 0 1 1 1 0 0 1 1 1 0 1 1 1 0 0 0 1 0 0 1 0 1 1 1 0 1 1 1 0 0 1 0 0 0 1 0 1 0 1 0 1 0 1 1 1 1 0 1 1 1 0 0 0 1 0 0 0 1 1 1 0 1 0 0 0 1 1 1 1 1 1 0 0 0 1 0 1 0 1 1 
0 1 0 0 0 1 0 0 0 0 1 0 1 0 0 0 1 1 0 1 1 1 1 0 1 0 1 1 0 1 1 0 0 1 0 1 1 1 1 1 0 0 1 0 1 0 1 0 1 0 1 0 0 1 0 1 0 1 0 1 1 1 0 1 1 0 1 0 0 1 0 1 0 1 1 1 0 0 0 1 1 1 0 1 0 0 1 1 1 0 0 1 0 0 1 0 1 1 0 0 1 1 0 1 0 0 1 0 1 1 1 0 1 0 0 1 0 1 1 1 1 0 1 1 1 1 0 1 1 0 1 0 0 1 0 0 1 1 1 0 1 1 1 1 0 1 1 1 1 1 1 1 0 1 1 0 1 0 1 0 0 1 1 1 0 0 1 0 1 0 0 0 1 0 0 1 1 1 1 1 0 0 1 1 0 0 1 0 1 0 0 0 1 1 0 0 0 1 1 1 1 0 1 1 0 0 0 0 1 1 1 0 0 1 1 0 0 1 0 0 0 0 0 0 0 1 0 0 1 0 0 1 0 1 1 0 1 1 1 1 0 1 0 0 1 1 1 0 1 0 1 1 0 1 1 1 0 1 0 1 1 0 0 0 0 0 0 0 
0 1 1 0 1 1 0 1 0 1 0 0 1 0 1 1 1 0 1 0 1 1 0 0 1 0 0 0 1 0 0 1 0 0 1 0 1 0 1 0 1 1 0 0 0 1 1 1 0 1 1 1 1 1 1 0 0 0 0 1 0 0 1 1 0 1 1 1 1 0 0 1 0 1 0 1 0 1 1 1 0 1 0 0 0 0 0 1 0 1 0 0 1 1 0 1 0 1 0 1 1 0 0 1 0 1 0 1 1 0 0 1 1 0 1 0 0 1 0 1 1 0 1 1 1 1 0 1 0 0 0 1 0 0 0 1 1 1 0 0 1 1 0 0 0 1 0 0 0 1 0 1 0 1 1 0 1 1 1 0 1 1 1 0 1 0 1 1 1 0 0 1 1 0 1 1 0 0 0 1 0 0 1 1 0 1 1 0 0 1 1 0 0 0 1 0 0 0 1 0 1 1 1 0 0 1 0 1 1 1 0 1 1 1 1 0 0 0 0 0 1 1 1 0 0 1 0 1 1 1 1 1 0 0 1 0 1 1 1 0 1 1 1 1 0 1 1 0 1 0 1 0 1 1 1 1 0 1 0 0 1 1 0 0 0 1 0 1 
0 1 1 1 0 1 0 0 1 0 0 1 1 1 1 0 0 0 0 1 1 1 0 1 1 0 1 0 0 1 0 0 1 0 0 0 1 0 1 0 0 1 1 0 1 0 0 0 0 0 1 0 0 0 0 0 1 0 0 1 0 0 0 0 0 0 1 0 0 1 1 1 0 1 0 1 1 0 0 1 1 1 0 1 1 1 0 1 0 1 1 0 0 0 0 0 0 1 1 1 1 0 1 1 1 0 0 0 1 0 0 1 1 1 1 0 1 1 0 1 1 0 1 0 1 1 0 0 1 1 0 1 1 0 1 0 1 0 0 1 0 1 0 0 1 1 0 0 0 0 0 1 0 1 1 1 0 0 0 1 0 1 1 0 0 1 1 0 1 0 1 0 1 1 1 1 0 1 0 1 1 1 1 1 1 0 1 1 0 0 0 0 0 1 0 0 1 1 1 0 1 0 1 0 1 1 1 0 0 1 0 0 0 1 1 1 1 0 1 1 1 0 0 1 1 1 1 1 1 0 0 1 0 0 0 1 1 1 0 0 0 1 0 0 1 1 1 1 0 1 1 1 1 1 1 1 1 1 0 1 0 1 1 1 1 1 0 0 
1 1 0 0 1 1 1 1 0 1 1 1 1 0 0 1 0 1 0 0 1 1 1 0 1 1 0 0 0 0 0 1 0 1 1 1 1 1 0 1 0 0 0 1 0 1 0 1 1 0 0 0 1 0 1 1 0 1 1 1 0 1 1 0 1 0 1 1 1 0 1 1 1 1 1 0 1 1 0 1 0 1 1 0 0 0 1 0 1 0 1 0 0 0 1 0 1 1 0 0 1 0 0 0 0 0 1 0 1 0 1 0 0 0 0 1 1 0 0 1 1 1 1 0 1 1 1 0 0 1 0 0 0 1 0 1 1 0 1 0 0 1 0 1 0 1 1 1 0 0 1 0 1 1 1 1 0 1 0 1 1 1 1 0 1 0 1 1 1 1 0 0 0 1 0 1 0 0 0 0 0 0 1 1 1 1 1 1 1 1 1 1 0 0 0 1 0 0 1 1 1 1 1 0 0 0 1 0 0 0 1 1 1 1 0 0 1 0 0 1 0 1 1 1 0 1 0 0 1 1 0 1 1 1 0 0 0 1 0 1 1 1 1 1 0 1 0 0 0 0 1 0 0 0 0 1 0 1 1 0 0 0 0 1 0 0 1 1 
0 0 1 1 1 0 0 1 1 1 0 0 0 1 1 0 1 0 1 1 0 0 0 1 0 0 1 1 1 1 1 0 1 0 0 0 0 0 1 0 1 1 1 0 1 0 1 0 0 1 1 1 1 1 0 0 1 0 0 0 1 0 0 1 0 1 0 1 1 1 0 0 0 0 0 1 0 1 1 0 1 0 0 1 1 1 0 1 0 1 0 1 1 1 0 1 0 0 1 1 0 1 1 1 1 1 0 1 0 1 0 1 1 1 1 0 0 1 1 0 0 0 0 1 0 0 0 1 1 0 1 1 1 0 1 1 0 1 0 1 1 0 1 0 1 0 0 0 1 1 0 1 0 0 0 0 1 1 1 0 1 0 0 1 0 1 0 1 0 0 1 1 1 0 1 0 1 1 1 1 1 1 0 0 0 0 0 0 0 1 1 0 1 1 1 0 1 1 0 0 0 0 0 1 1 1 0 1 1 1 0 1 0 0 1 1 0 1 1 0 1 0 1 0 1 0 1 1 0 0 1 0 0 0 1 1 1 0 1 0 0 0 0 0 1 0 1 1 1 1 0 1 1 1 1 0 1 0 0 1 1 1 1 0 1 1 0 1 
0 0 0 1 0 0 1 0 0 0 0 1 1 0 0 0 0 0 1 1 1 0 1 1 1 1 1 1 0 0 1 0 1 0 0 1 0 0 0 0 0 0 1 1 1 1 0 0 1 0 0 0 0 1 0 0 1 0 0 1 1 0 0 0 1 1 1 1 1 0 1 1 1 0 1 1 0 1 1 1 0 0 1 1 0 0 0 0 0 1 0 0 0 1 0 1 1 0 1 1 1 0 0 0 0 1 0 0 0 1 0 1 0 1 1 0 0 1 1 0 1 0 0 1 1 1 0 0 0 0 1 0 0 0 1 0 0 0 1 1 0 1 0 1 0 0 1 1 0 1 1 1 0 0 1 0 1 0 1 0 1 0 1 0 0 1 0 1 1 0 0 1 1 1 1 0 0 0 1 0 1 0 0 0 0 1 1 1 1 1 1 0 0 0 0 1 0 1 1 1 0 1 1 0 0 0 1 1 1 1 1 1 1 1 1 0 1 1 1 1 1 1 0 1 0 0 1 0 0 1 0 1 1 1 1 1 0 1 0 0 1 1 1 0 1 0 1 1 0 0 0 1 0 0 1 1 1 1 0 0 1 1 1 0 0 1 1 0 
1 0 1 0 0 0 1 0 1 1 1 1 0 0 1 1 1 0 0 1 1 0 0 1 1 0 0 1 1 1 1 0 0 1 1 1 0 1 0 1 1 0 0 0 0 1 0 0 1 0 0 0 1 0 0 1 1 0 1 0 1 0 1 1 1 1 1 1 1 0 0 0 1 0 1 0 0 0 0 0 1 1 1 0 0 1 0 1 1 0 1 1 0 1 1 0 0 0 1 1 1 0 0 1 1 0 0 0 0 0 0 1 1 1 0 0 0 1 1 1 1 0 0 1 0 0 1 0 0 0 0 0 0 0 0 1 1 0 1 0 1 1 0 1 0 1 0 0 1 1 0 1 0 1 1 1 1 0 1 0 0 1 1 0 0 0 1 1 0 1 1 1 0 0 0 1 0 1 0 0 1 1 0 0 1 0 0 0 1 0 0 0 1 0 1 0 1 1 1 1 0 0 1 1 0 0 1 1 0 1 0 1 0 0 1 0 1 0 1 0 1 1 1 1 0 1 1 1 1 1 1 1 0 0 0 1 1 0 1 1 0 1 1 1 1 0 0 0 0 1 1 1 0 0 0 0 0 0 0 1 0 0 0 1 1 1 1 0 
1 1 0 0 0 1 0 1 1 1 1 0 0 1 1 1 0 0 0 1 0 0 0 0 1 0 1 0 1 1 1 1 0 1 1 0 1 0 0 0 1 1 1 1 0 1 1 0 1 1 1 0 1 0 1 1 1 1 0 0 0 0 0 1 1 0 0 1 0 1 1 1 1 0 0 1 0 1 1 0 0 0 1 0 0 1 0 1 0 1 1 0 0 0 1 0 0 0 0 0 0 0 1 1 0 1 0 1 0 0 1 1 0 1 0 1 1 0 1 1 1 1 0 0 0 0 0 0 1 0 0 0 0 1 0 0 1 1 1 1 1 0 1 0 0 0 0 1 1 0 1 1 0 1 1 0 1 1 1 1 0 1 0 1 0 1 0 1 1 1 0 1 1 1 0 0 0 0 1 1 0 1 1 0 1 0 1 0 0 1 0 1 0 0 0 0 0 0 1 1 1 1 0 1 1 0 0 1 1 1 1 0 0 1 0 0 1 1 1 0 1 0 0 1 1 0 1 1 1 1 0 1 1 0 0 0 0 1 0 0 1 1 0 0 1 1 0 1 0 1 1 0 1 0 0 1 1 0 0 1 1 1 0 0 0 0 0 0 
1 0 1 0 0 0 0 0 0 1 0 0 1 1 1 0 1 1 1 1 0 0 1 0 0 1 0 1 1 0 0 1 0 1 1 0 1 1 1 0 0 1 1 0 0 1 1 1 0 1 1 1 0 1 0 0 0 1 0 0 0 0 0 1 1 1 0 0 0 0 0 0 0 1 0 1 0 1 0 0 1 0 1 1 0 1 1 0 1 1 1 1 0 0 1 0 1 1 1 0 1 1 0 1 0 1 0 0 1 1 0 1 0 1 1 1 0 0 1 0 0 1 0 0 1 1 1 0 1 1 0 1 0 0 1 1 1 0 1 1 0 1 0 1 1 0 0 0 1 1 1 0 0 1 1 0 1 1 0 1 0 0 0 1 0 0 0 1 0 0 1 0 0 1 0 1 0 0 0 0 1 1 1 0 0 1 1 1 1 0 1 0 0 0 0 0 1 1 0 0 0 1 1 0 1 0 1 1 0 1 0 1 0 1 1 1 1 1 0 0 0 0 0 0 0 1 1 0 1 0 1 1 1 0 0 0 1 0 0 0 0 1 1 1 0 1 1 0 1 0 0 0 0 0 0 1 1 0 1 1 1 0 1 1 0 1 1 1 
0 1 1 0 1 1 0 1 0 0 0 0 0 0 0 0 1 0 0 1 0 1 0 0 0 0 1 1 0 0 0 0 0 0 0 0 0 1 0 1 0 0 1 1 0 1 0 0 0 0 0 0 0 0 1 0 0 0 1 0 0 1 1 0 1 1 0 0 0 1 1 1 0 0 0 1 1 1 1 0 1 1 1 0 1 0 0 0 1 1 0 1 1 0 0 0 0 0 1 0 1 0 1 0 1 1 1 1 0 0 1 1 1 1 0 0 1 0 1 0 0 0 1 0 0 0 1 1 0 0 0 0 1 1 0 1 0 1 1 1 0 1 1 1 0 1 0 1 0 1 1 0 1 0 1 1 1 0 0 0 0 0 0 0 1 1 1 1 1 0 1 0 1 1 0 1 1 1 1 1 1 0 0 1 0 0 1 0 1 1 0 1 1 1 1 0 1 1 0 0 1 1 1 0 0 1 1 1 1 1 1 1 0 1 1 0 1 1 0 0 0 0 1 0 1 1 1 0 0 0 1 1 1 0 0 0 1 1 1 1 1 1 1 1 0 0 0 1 0 0 0 0 1 1 0 1 1 0 0 0 1 1 0 1 1 1 1 0 
1 1 1 1 0 1 1 1 0 1 0 1 0 1 1 0 1 0 0 0 1 0 0 1 0 0 1 1 1 0 0 1 1 1 1 1 1 1 0 0 0 1 0 1 1 0 1 0 0 1 1 0 0 0 1 0 0 1 0 1 1 0 0 1 0 1 1 0 1 1 1 1 0 0 1 0 0 0 1 1 1 0 0 0 0 1 0 0 1 0 1 1 0 1 1 1 0 0 1 1 1 0 1 1 0 0 0 1 0 0 1 0 0 0 0 1 1 1 0 0 0 1 0 1 0 0 1 0 1 0 1 0 0 1 0 1 1 1 0 0 0 1 1 1 0 0 1 1 1 1 0 0 0 1 0 0 0 1 0 1 1 0 1 1 0 1 0 0 1 0 1 0 1 0 1 1 0 0 1 1 1 1 1 0 0 0 0 0 1 1 0 1 0 0 0 1 1 1 0 0 1 0 1 0 1 0 1 0 1 0 1 1 1 0 1 0 0 0 0 1 0 1 0 0 1 1 0 0 1 0 1 0 0 1 1 1 1 1 0 0 1 0 1 1 0 1 0 1 0 0 0 1 1 0 1 0 0 1 0 1 0 1 0 1 0 1 1 0 
1 0 0 0 1 0 1 0 0 1 0 1 1 1 1 0 0 0 1 1 1 1 1 1 0 1 1 0 1 0 0 1 0 1 1 1 1 0 0 1 0 1 0 1 0 1 1 0 0 1 1 0 0 1 0 0 0 1 1 0 1 1 1 1 1 0 1 0 1 0 1 1 0 0 1 0 1 0 1 0 0 1 1 1 1 1 0 0 0 0 1 0 1 1 1 0 1 0 0 1 0 0 0 1 1 0 1 0 0 1 0 1 1 1 1 1 0 1 1 0 0 1 1 1 1 1 0 1 1 0 0 0 1 0 1 0 1 0 1 0 0 0 0 0 0 1 0 1 1 0 0 0 1 1 1 1 1 1 0 1 0 0 1 1 1 1 1 1 1 0 0 0 1 0 0 0 1 1 1 0 0 1 1 1 0 1 0 1 0 1 1 0 1 1 1 0 0 0 0 0 0 0 0 0 1 1 0 1 1 1 1 0 0 0 0 0 1 0 0 0 0 1 1 0 0 0 1 0 1 0 0 1 0 0 0 1 0 1 1 1 1 1 0 0 0 1 1 1 0 0 0 1 0 1 0 0 0 0 0 1 0 1 1 0 1 0 0 0 
0 0 0 0 0 0 1 0 1 0 1 1 0 1 0 1 0 1 0 0 1 0 0 1 0 0 1 1 0 1 0 1 0 0 0 1 1 0 1 1 1 1 1 1 0 0 1 1 0 1 1 1 1 0 0 1 0 1 1 0 1 0 1 0 0 1 1 0 1 0 1 1 0 1 1 1 0 1 1 0 0 1 0 0 0 0 1 1 0 1 0 0 0 1 0 0 0 1 1 1 1 1 0 0 1 1 0 0 1 0 0 0 1 0 0 1 0 1 0 1 0 1 0 1 0 0 0 0 1 1 0 1 0 0 0 0 0 0 0 1 1 1 0 1 1 1 0 1 0 1 1 0 0 0 0 1 0 1 0 1 0 1 1 1 0 1 1 0 1 1 0 0 1 1 0 0 0 1 1 0 1 0 1 0 1 0 1 0 1 1 0 0 1 0 1 0 0 1 0 0 0 1 1 1 1 0 1 0 1 0 1 1 0 1 1 1 0 1 0 0 0 1 1 0 0 0 0 1 0 0 0 0 1 0 0 1 0 1 1 1 1 0 1 0 0 1 0 1 1 1 1 1 0 0 0 1 1 0 1 0 1 1 0 0 1 1 1 1 
1 0 0 1 1 0 0 0 1 1 1 0 0 0 1 1 0 1 0 1 0 1 0 0 0 0 1 1 1 1 0 0 1 1 1 0 0 0 1 0 1 0 0 1 1 1 0 1 0 0 0 1 1 0 0 1 0 0 0 1 0 1 0 1 1 1 0 0 0 0 1 1 0 1 0 0 1 0 1 1 0 0 1 0 1 1 1 1 0 0 1 0 1 0 1 1 0 1 1 0 1 1 0 1 0 0 1 0 1 0 0 1 0 1 0 0 0 0 1 1 0 0 1 0 0 0 0 1 0 1 1 1 1 0 0 0 1 0 1 0 1 1 0 1 1 0 1 1 1 1 0 0 1 1 1 0 1 0 0 0 1 1 0 0 1 1 0 1 1 1 0 0 1 0 1 0 1 0 1 0 1 1 0 1 1 0 0 0 1 1 0 0 0 1 0 1 0 1 0 0 0 0 1 1 0 1 1 1 1 1 1 1 1 0 1 1 1 0 0 1 0 0 0 0 0 0 1 1 1 0 0 1 0 1 1 0 0 1 0 0 1 1 1 0 0 0 0 1 1 1 1 0 0 1 1 0 0 1 1 1 0 1 0 0 0 1 1 1 
0 1 1 1 0 1 0 1 0 0 0 0 1 1 0 0 1 0 1 1 0 0 1 0 1 1 0 0 0 0 1 1 1 0 0 0 1 1 0 1 0 1 0 0 1 1 1 0 1 1 1 0 0 1 1 0 1 1 1 1 0 0 1 0 1 0 0 1 0 1 0 0 1 0 0 0 0 0 0 1 1 1 1 1 0 0 0 0 1 0 0 1 0 0 0 1 1 0 0 0 0 0 1 0 1 0 0 1 0 1 1 1 1 1 1 1 1 0 1 0 1 1 0 0 1 1 1 0 1 0 1 0 0 1 1 1 0 1 1 0 0 0 1 0 0 1 1 0 0 0 0 1 0 0 1 1 1 1 1 1 1 0 0 1 0 0 1 1 0 0 1 1 0 0 1 1 0 1 0 1 0 0 1 0 0 1 0 1 0 0 1 1 1 0 1 1 1 0 1 1 1 0 0 0 1 0 0 1 0 1 0 0 1 0 0 0 1 0 1 1 1 0 1 1 1 1 1 0 0 1 1 1 0 1 1 0 1 0 1 1 0 1 0 1 1 1 1 0 0 0 0 0 1 0 1 0 0 1 0 0 0 0 1 1 1 0 0 0 
1 1 0 0 0 1 0 1 0 1 0 0 1 0 1 0 0 1 1 0 0 0 1 0 1 1 1 1 1 0 1 0 0 1 1 0 0 0 1 1 0 0 0 1 0 0 0 1 1 0 0 1 0 1 1 0 1 0 1 0 0 0 1 1 0 1 0 1 0 1 1 1 1 1 0 0 0 0 1 0 0 1 0 1 0 1 1 0 0 0 1 0 0 0 1 0 1 1 1 0 1 1 1 1 1 0 0 1 1 1 1 0 1 0 1 0 1 0 0 0 1 0 0 0 1 1 0 0 0 1 0 1 0 1 1 0 1 1 0 0 0 1 1 1 1 1 0 1 1 1 0 1 0 1 0 1 0 0 1 0 0 0 0 0 0 1 1 0 1 0 0 1 1 0 0 0 0 1 1 1 1 1 0 0 0 1 0 1 1 1 1 1 1 0 1 0 0 1 1 1 1 0 1 0 0 0 1 0 1 0 1 1 0 0 1 1 0 0 1 0 1 0 1 1 1 0 0 0 1 1 0 0 0 0 0 0 0 1 1 1 1 0 1 0 1 0 1 1 1 0 0 0 1 0 0 0 0 0 1 1 0 1 1 0 1 1 1 1 
0 0 1 0 1 0 0 0 1 0 1 0 1 1 0 1 1 0 1 0 0 1 1 0 1 1 1 1 0 1 1 1 0 0 0 0 1 1 0 0 1 1 0 1 0 0 1 0 1 1 1 0 1 1 0 1 1 1 0 0 0 1 0 0 0 1 0 1 0 0 1 1 1 0 0 0 1 0 1 0 1 0 0 1 1 0 0 1 1 0 0 1 1 0 0 0 1 0 1 0 1 0 0 0 0 0 1 0 0 1 0 0 0 0 1 1 0 0 0 1 1 1 1 0 1 1 1 1 1 0 0 0 1 0 1 1 0 0 0 0 1 1 0 1 0 0 0 1 0 1 0 1 1 0 0 0 0 1 1 1 0 1 0 1 1 1 0 0 1 1 1 1 1 0 0 1 1 0 1 0 1 0 1 1 1 1 0 1 1 1 1 0 0 1 0 0 1 1 1 1 0 0 1 1 1 1 1 0 1 0 1 1 0 0 1 0 0 0 1 0 1 0 0 1 0 1 0 1 0 1 1 0 0 0 0 0 1 1 0 0 1 0 1 1 1 1 1 1 0 1 1 0 0 1 0 0 0 0 0 0 0 1 1 1 0 1 1 0 
1 0 0 1 0 0 1 0 1 1 1 1 1 1 1 1 0 1 1 0 1 0 1 1 1 1 0 0 1 1 1 1 1 1 1 1 1 0 1 0 1 1 0 0 1 0 1 1 1 1 1 1 1 1 0 1 1 1 0 1 1 0 0 1 0 0 1 1 1 0 0 0 1 1 1 0 0 0 0 1 0 0 0 1 0 1 1 1 0 0 1 0 0 1 1 1 1 1 0 1 0 1 0 1 0 0 0 0 1 1 0 0 0 0 1 1 0 1 0 1 1 1 0 1 1 1 0 0 1 1 1 1 0 0 1 0 1 0 0 0 1 0 0 0 1 0 1 0 1 0 0 1 0 1 0 0 0 1 1 1 1 1 1 1 0 0 0 0 0 1 0 1 0 0 1 0 0 0 0 0 0 1 1 0 1 1 0 1 0 0 1 0 0 0 0 1 0 0 1 1 0 0 0 1 1 0 0 0 0 0 0 0 1 0 0 1 0 0 1 1 1 1 0 1 0 0 0 1 1 1 0 0 0 1 1 1 0 0 0 0 0 0 0 0 1 1 1 0 1 1 1 1 0 0 1 0 0 1 1 1 0 0 1 0 0 0 0 1 
0 1 0 0 1 1 1 1 0 0 0 1 0 1 0 0 0 1 0 1 1 1 0 1 1 0 0 1 0 0 1 1 0 0 0 1 1 0 1 0 0 1 0 0 0 1 1 1 1 1 1 1 0 0 1 0 1 1 0 0 1 1 0 0 1 1 1 1 1 1 0 0 1 1 1 0 1 0 0 0 0 0 1 0 1 0 1 0 0 0 0 0 1 1 0 0 0 1 1 1 1 1 1 0 0 0 1 1 1 0 1 1 0 1 0 1 1 1 1 0 1 1 1 1 0 0 0 1 1 1 0 1 1 1 0 0 0 1 1 0 0 1 1 1 1 0 0 0 0 1 0 1 1 0 1 0 1 1 1 1 0 0 1 1 1 0 0 1 0 0 0 1 0 0 0 0 1 0 0 1 1 0 1 1 0 0 0 0 1 0 0 1 0 1 0 0 0 1 1 1 1 0 1 0 1 1 1 1 0 1 0 1 0 0 1 1 1 0 1 0 1 1 0 1 1 0 1 0 0 1 0 1 0 0 0 1 0 0 0 0 0 1 1 0 1 1 0 0 1 0 0 1 1 1 0 0 0 0 1 0 0 0 0 0 0 1 1 1 
0 0 0 0 1 0 0 0 1 0 1 0 1 0 0 1 0 1 1 1 0 1 1 0 1 1 0 0 0 1 1 0 0 0 0 0 0 0 1 1 1 0 1 0 0 1 0 1 1 0 0 1 1 1 0 1 1 0 1 0 0 1 1 0 1 0 0 1 0 0 0 0 1 1 0 1 1 1 0 0 0 1 1 1 1 0 1 1 0 1 0 0 1 0 0 0 1 1 0 0 0 1 0 0 1 1 1 0 1 1 0 1 1 1 1 0 0 0 1 1 1 0 1 0 1 1 0 1 0 1 0 1 1 0 1 0 0 0 1 1 1 0 0 0 1 1 0 0 0 0 1 1 1 0 1 1 1 0 1 0 0 1 0 0 1 0 1 1 0 1 0 1 0 1 0 0 1 1 0 0 0 0 0 1 1 1 1 1 0 0 1 0 1 1 1 0 0 0 1 1 0 1 0 1 0 1 0 1 0 1 0 0 0 1 0 1 1 1 1 0 1 0 1 1 0 0 1 1 0 1 0 1 1 0 0 0 0 0 1 1 0 1 0 0 1 0 1 0 1 1 1 0 0 1 0 1 1 0 1 0 1 0 1 0 1 0 0 1 
0 1 1 0 0 1 1 1 1 0 1 1 1 0 0 1 1 1 1 1 1 0 1 1 0 1 1 0 0 1 0 0 0 0 0 1 0 1 1 0 1 0 0 1 0 1 0 1 0 0 0 1 1 1 1 1 0 0 0 0 1 0 0 0 1 0 1 0 1 1 1 1 0 1 1 0 0 0 1 0 1 0 1 1 0 0 1 1 1 0 0 1 0 1 0 0 1 1 0 1 0 1 1 0 0 0 0 1 1 1 1 1 0 1 1 0 1 1 1 1 0 0 0 1 1 1 1 0 0 1 0 1 0 1 1 1 0 1 1 0 1 0 1 0 1 0 0 1 0 0 0 0 0 0 1 0 1 0 0 0 0 1 1 0 0 1 0 1 1 1 1 0 1 0 0 1 0 0 1 1 0 0 0 0 1 1 0 1 0 1 1 1 0 0 0 0 1 0 0 0 1 0 0 1 0 0 0 1 1 1 1 0 0 0 0 1 1 0 0 0 0 1 0 0 1 1 1 1 0 0 1 1 0 0 0 1 1 1 0 0 1 1 0 1 0 0 1 1 1 1 1 1 1 0 0 0 0 0 1 0 0 1 1 1 0 0 0 1 
0 1 0 1 1 1 1 1 1 0 1 1 1 0 0 1 0 0 1 0 1 1 1 1 0 1 0 1 0 1 0 0 1 0 0 1 0 0 0 1 1 0 0 0 1 0 0 0 0 0 0 0 1 1 1 1 0 0 1 1 1 1 1 0 0 1 1 0 1 1 0 0 0 0 1 0 1 0 0 1 0 1 0 1 1 0 0 1 0 0 0 0 1 1 0 1 1 0 1 1 1 0 1 0 1 0 1 1 0 1 1 0 1 0 1 0 1 1 0 1 0 0 1 1 1 1 0 1 0 0 1 0 1 1 1 0 0 1 0 0 1 1 1 1 0 1 1 0 0 1 0 0 1 0 0 1 0 0 0 0 1 1 1 0 1 0 1 0 0 1 0 0 0 0 1 0 1 1 0 1 1 0 0 1 1 1 0 1 1 0 1 1 1 1 1 1 0 1 0 0 1 0 1 1 0 1 1 0 0 0 0 1 1 0 1 0 0 0 0 1 0 1 1 0 1 0 0 1 0 0 0 0 0 1 1 1 0 0 1 1 0 0 1 0 0 0 1 0 0 1 1 1 1 1 1 0 0 1 0 0 0 0 1 0 1 1 1 0 
0 1 1 1 0 1 0 1 1 0 1 0 0 0 0 1 1 1 0 0 0 0 0 0 1 0 0 1 0 1 1 0 1 0 0 0 0 1 1 0 1 0 1 0 1 0 0 1 1 0 0 1 1 0 1 1 1 0 0 1 0 0 0 0 0 1 0 1 0 1 0 0 1 1 0 1 0 1 0 1 1 0 0 0 0 0 1 1 1 1 0 1 0 0 0 1 0 1 1 0 1 1 1 0 0 1 0 1 1 0 1 0 0 0 0 0 1 0 0 1 1 0 0 0 0 0 1 0 0 1 1 1 0 1 0 1 0 1 0 1 1 1 1 1 1 0 1 0 0 1 1 1 0 0 0 0 0 0 1 0 1 1 0 0 0 0 0 0 0 1 1 1 0 1 1 1 0 0 0 1 1 0 0 0 1 0 1 0 1 0 0 1 0 0 0 1 1 1 1 1 1 1 1 1 0 0 1 0 0 0 0 1 1 1 1 1 0 1 1 1 1 0 0 1 1 1 0 1 0 1 1 0 1 1 1 0 1 0 0 0 0 0 1 1 1 0 0 0 1 1 1 0 1 0 1 1 1 1 1 0 1 0 0 1 0 1 1 1 
0 0 1 1 1 0 1 0 0 0 0 1 0 0 0 0 1 1 0 0 1 1 0 1 1 0 1 0 0 0 1 0 1 0 0 1 0 1 1 1 0 0 0 1 1 0 0 1 1 0 0 1 0 0 0 0 1 0 1 1 1 1 1 0 0 0 1 1 1 0 1 1 1 1 1 0 1 0 1 1 1 1 0 0 1 0 1 0 1 0 0 1 1 1 0 1 0 1 0 1 0 1 0 0 1 0 1 0 1 0 0 0 1 0 0 0 0 1 0 0 1 0 1 1 0 0 1 1 0 1 1 1 1 0 0 1 0 0 0 0 0 0 0 0 1 1 1 1 0 0 0 1 1 0 0 1 0 0 1 0 1 0 1 0 1 1 1 0 1 0 1 1 1 0 1 1 1 1 1 0 0 0 0 1 0 0 0 0 0 1 0 0 1 1 1 1 1 0 1 1 0 0 0 0 0 1 0 0 1 0 1 0 1 0 0 1 0 0 1 1 1 1 1 1 0 1 0 0 0 1 1 0 0 1 1 1 1 1 1 1 1 0 0 1 1 0 0 1 1 0 0 1 0 1 1 0 0 1 1 0 0 1 0 1 1 0 0 1 
0 1 0 1 1 1 0 1 0 0 0 0 1 1 0 0 0 1 1 0 0 1 1 0 0 1 1 0 0 0 0 1 1 0 0 0 1 0 1 0 0 1 1 1 1 0 1 1 0 1 1 1 0 1 1 0 0 1 0 1 0 1 0 0 0 0 0 0 0 1 1 1 0 1 0 1 1 1 1 1 0 0 0 1 1 0 1 0 0 1 0 0 1 0 0 1 1 1 0 0 0 1 1 0 0 1 1 1 1 1 1 0 0 0 1 1 1 0 0 0 0 1 1 0 1 1 0 1 1 1 1 1 1 1 1 0 0 1 0 1 0 0 1 0 1 0 1 1 0 0 1 0 1 0 0 0 0 1 0 1 1 0 0 1 1 1 0 0 1 0 0 0 1 1 1 0 1 0 1 1 0 0 1 1 0 1 1 1 0 1 1 1 0 1 0 1 0 0 0 0 1 1 0 0 1 1 0 0 1 0 1 0 1 1 0 1 0 1 0 1 0 0 0 0 1 0 0 0 0 0 0 0 1 1 1 0 0 1 0 0 1 0 0 0 0 1 1 1 1 0 0 0 1 1 1 1 1 1 1 0 1 1 1 0 0 0 0 1 
1 1 1 0 1 1 0 1 1 1 1 0 0 1 1 1 1 1 0 0 0 1 0 0 0 0 0 0 1 1 0 1 0 1 1 0 1 1 1 1 1 1 0 0 0 0 1 1 0 1 1 1 1 0 1 1 0 1 1 0 0 1 1 1 0 0 0 0 0 1 0 0 0 1 0 0 1 0 0 0 1 1 0 0 1 1 1 1 1 0 1 1 1 0 1 0 0 1 0 0 0 1 1 1 1 0 1 1 1 0 1 0 1 0 0 1 1 0 0 1 0 1 1 0 0 0 1 1 1 1 0 1 1 1 0 1 1 1 0 0 1 0 1 0 1 1 0 0 1 0 0 0 1 1 0 1 0 1 0 1 0 1 0 1 1 0 1 0 0 1 1 0 0 0 0 1 1 1 0 1 0 1 1 1 1 0 0 0 0 0 0 1 1 1 1 0 1 0 0 0 1 0 0 1 1 1 0 0 0 0 0 0 0 0 0 1 0 0 0 0 0 0 1 0 1 1 0 1 1 0 1 0 0 0 0 0 1 0 1 1 0 0 0 1 0 1 0 0 1 1 1 0 1 1 0 0 0 0 1 1 0 0 0 1 1 0 0 1 
0 0 1 1 1 0 1 0 1 0 1 1 0 1 0 1 1 0 0 1 1 1 0 1 0 0 0 0 0 1 0 1 1 0 0 1 1 1 0 0 1 1 1 0 1 1 1 0 0 1 1 0 1 0 0 1 0 1 0 1 1 1 0 0 1 0 1 0 1 0 0 0 0 0 1 1 1 1 0 1 1 0 1 0 1 0 0 1 1 1 0 1 1 1 0 1 0 0 0 1 0 0 0 0 0 1 1 0 0 0 0 1 0 1 0 1 0 1 1 1 0 1 1 1 0 0 1 1 1 0 1 0 1 0 0 1 0 0 1 1 1 0 0 0 0 0 1 0 0 0 1 0 1 0 1 0 1 1 0 1 1 1 1 1 1 0 0 1 0 1 1 0 0 1 1 1 1 0 0 0 0 0 1 1 1 0 1 0 0 0 0 0 0 1 0 1 1 0 0 0 0 1 0 1 1 1 0 1 0 1 0 0 1 1 0 0 1 1 0 1 0 1 0 0 0 1 1 1 0 0 1 1 1 1 1 1 1 0 0 0 0 1 0 1 0 1 0 0 0 1 1 1 0 1 1 1 1 1 0 0 1 0 0 1 0 0 0 0 
1 1 1 0 1 1 1 1 0 1 0 1 1 0 1 0 1 0 1 0 1 1 1 1 1 1 0 0 1 0 1 0 0 1 1 1 0 1 0 0 0 0 1 0 0 0 0 0 1 0 0 0 0 1 1 0 1 0 0 0 1 1 0 1 0 0 1 1 1 1 0 0 1 0 1 1 1 1 0 0 1 0 0 1 1 1 0 0 1 1 1 1 1 1 1 0 1 0 0 1 0 0 1 1 0 1 1 1 0 1 1 0 0 0 1 0 1 1 0 0 1 0 1 1 1 1 1 1 0 0 0 0 1 1 1 1 1 1 0 1 0 0 1 0 0 0 0 0 1 0 1 1 1 1 0 0 0 0 1 0 0 0 1 0 1 0 0 0 0 0 1 1 0 1 0 1 1 0 0 1 0 1 0 1 0 1 1 1 0 0 1 1 0 1 0 0 1 0 1 1 1 1 0 0 0 1 0 0 0 0 0 0 0 1 0 0 0 1 1 0 1 1 0 1 1 1 0 0 1 1 1 0 1 0 0 1 1 0 0 0 0 0 0 1 1 0 1 0 0 0 0 1 1 1 0 1 1 0 0 1 1 0 1 1 0 0 0 0 
1 1 0 1 0 1 1 1 0 1 0 1 0 0 1 0 0 1 0 1 1 0 0 1 0 0 0 0 1 0 0 0 1 1 1 1 0 0 1 1 0 0 1 0 1 1 0 1 0 0 0 1 0 0 1 0 0 0 1 1 1 0 1 1 1 0 1 0 1 1 0 0 0 1 1 1 0 1 0 1 0 1 1 0 0 1 1 0 0 1 1 0 0 1 1 1 0 1 0 1 0 1 1 1 1 1 0 1 1 0 1 1 1 1 0 0 1 1 1 0 0 0 0 1 0 0 0 0 0 1 1 1 0 1 0 0 1 1 1 1 0 0 1 0 1 1 1 0 1 0 1 0 0 1 1 1 1 0 0 0 1 0 1 0 0 0 1 1 0 0 0 0 0 1 1 0 0 1 0 1 0 1 0 0 0 0 1 0 0 0 0 1 1 0 1 1 0 0 0 0 1 1 0 0 0 0 0 1 0 1 0 0 1 1 0 1 1 1 0 1 0 1 1 0 1 0 1 0 1 0 0 1 1 1 1 1 0 0 1 1 0 1 0 0 0 0 0 0 1 0 0 1 1 0 1 1 1 1 1 1 1 0 0 0 1 0 0 1 
1 0 1 1 0 0 0 0 1 1 1 0 1 0 1 1 1 0 1 0 0 0 1 0 0 1 1 0 1 1 0 0 1 1 1 0 0 1 0 1 1 0 1 1 1 0 0 0 0 0 0 0 1 1 0 1 0 0 1 1 0 0 1 1 0 0 0 0 0 0 1 1 0 0 0 1 0 1 1 1 1 1 0 1 0 1 0 1 1 1 1 1 0 0 1 1 1 0 0 0 0 0 0 1 1 1 0 0 0 1 0 0 1 0 1 0 0 0 0 1 0 0 0 0 1 1 1 0 0 0 1 0 0 0 1 1 1 0 0 1 1 0 0 0 0 1 1 1 1 0 1 0 0 1 0 1 0 0 0 0 1 1 0 0 0 1 1 0 1 1 1 0 1 1 1 1 0 1 1 0 0 1 0 0 1 1 1 1 0 1 1 0 1 0 1 1 1 0 0 0 0 1 0 1 0 0 0 0 1 0 1 0 1 1 0 0 0 1 0 1 0 0 1 0 0 1 0 1 1 0 1 0 1 1 1 0 1 1 1 1 1 0 0 1 0 0 1 1 0 1 1 0 0 0 1 1 1 1 0 1 1 1 1 1 1 0 0 0 
1 0 0 1 1 0 0 0 0 1 0 0 0 1 1 0 0 0 0 0 0 1 0 0 1 0 0 1 1 0 1 1 1 1 1 0 1 0 0 1 0 1 1 0 1 0 1 0 1 1 1 0 0 0 0 0 1 1 1 1 0 1 1 1 0 1 0 1 0 0 0 0 1 0 0 1 1 1 0 1 0 1 0 0 1 1 0 0 0 1 1 0 1 0 1 1 0 0 1 0 1 0 0 1 1 1 1 0 0 0 0 0 1 0 0 1 0 0 0 0 1 1 1 0 0 0 0 1 1 0 1 0 1 0 0 0 1 0 0 1 0 1 0 1 0 1 1 0 1 1 1 1 1 1 0 1 0 1 1 1 1 0 0 1 1 0 1 0 0 0 0 1 0 1 1 0 1 1 0 0 1 1 1 1 0 0 1 0 1 0 0 0 1 1 1 1 0 1 1 1 0 1 1 0 1 1 1 0 0 0 0 1 1 1 1 0 0 1 1 1 1 0 1 1 0 0 0 0 1 1 0 0 1 1 1 0 0 0 1 1 0 0 1 0 1 1 0 0 0 0 0 0 0 1 1 1 1 1 0 1 1 0 0 0 1 1 1 0 
0 1 1 0 1 1 1 1 1 0 0 0 0 0 0 1 1 1 1 0 1 0 0 1 0 0 0 1 1 0 0 1 0 0 1 0 1 0 1 0 0 0 1 1 0 1 1 0 0 1 0 0 0 0 0 1 0 0 1 0 1 0 0 1 1 1 0 1 0 0 0 0 1 0 0 1 0 0 1 1 1 1 0 0 1 0 1 0 0 0 0 0 0 1 0 1 1 0 0 0 1 0 1 1 0 0 1 0 1 0 1 0 1 1 0 1 0 1 1 1 0 0 1 0 1 1 1 1 0 1 1 1 0 0 1 0 0 1 0 1 0 0 0 0 0 0 0 1 1 1 1 1 0 1 0 1 1 1 0 1 1 0 1 0 1 0 0 1 1 0 0 0 1 0 1 0 1 1 0 0 1 0 0 0 1 1 1 1 1 0 1 1 0 0 0 0 1 1 0 1 0 0 0 1 0 0 0 0 0 0 0 0 0 1 0 0 1 0 1 1 1 0 1 0 0 1 0 1 1 1 0 0 0 1 1 1 0 1 0 1 0 1 0 1 1 1 0 1 0 0 1 0 1 1 0 0 1 0 1 1 0 1 0 1 1 0 1 0 
1 1 1 1 0 1 0 0 0 0 1 1 1 1 1 0 1 1 0 1 0 0 0 1 0 0 0 1 1 1 1 1 0 1 0 1 1 0 1 1 1 0 1 0 0 1 1 0 0 0 1 1 0 0 1 1 0 0 1 0 1 1 1 1 0 1 0 0 0 0 0 1 1 1 0 1 0 0 0 1 0 0 1 1 0 0 0 0 1 1 1 0 0 1 0 1 1 1 1 1 1 0 1 0 1 0 0 0 0 1 1 1 1 0 0 1 0 0 0 0 0 0 1 0 0 0 1 1 0 1 0 0 1 0 1 1 1 0 1 0 1 0 1 1 0 0 1 1 1 0 1 0 0 1 0 0 1 1 1 0 1 1 1 0 1 1 1 1 1 0 1 1 1 1 0 0 1 1 0 1 1 0 1 1 1 1 0 1 0 1 1 0 1 1 0 1 1 0 1 0 1 1 1 1 1 1 0 1 0 0 1 1 0 1 1 0 1 1 1 1 1 1 1 1 1 1 0 1 0 1 1 0 0 1 0 1 0 1 0 0 1 1 0 0 1 0 1 1 1 0 1 1 1 1 1 0 0 1 1 1 1 0 1 0 1 0 1 1 
1 0 1 1 1 1 0 0 1 0 0 0 1 1 0 0 0 0 0 0 1 1 1 1 1 1 0 1 0 1 0 1 0 1 1 0 0 0 1 1 1 1 0 0 1 1 1 1 0 0 1 1 0 0 1 1 1 0 1 1 0 1 1 0 1 1 1 0 1 0 1 1 1 0 0 1 0 1 1 0 1 0 0 0 0 1 0 1 1 1 1 1 0 1 1 0 0 1 1 1 0 1 0 0 1 0 0 1 1 1 0 1 0 0 0 0 0 0 0 0 0 0 1 0 0 1 0 1 1 0 0 0 0 1 0 1 0 0 1 0 1 0 1 0 0 0 0 1 1 1 0 1 1 1 0 0 0 0 1 1 0 0 0 0 0 1 0 1 0 0 0 0 0 1 1 1 0 1 0 1 0 0 1 1 0 0 0 1 0 0 1 1 0 1 1 1 1 0 1 0 0 0 0 0 0 0 1 1 1 1 1 1 0 0 1 0 0 1 1 1 0 1 0 1 0 0 1 0 0 0 0 0 0 1 0 0 0 1 1 1 0 0 0 0 0 0 0 0 0 1 1 1 1 0 0 1 1 1 0 0 0 0 1 0 0 1 0 1 
0 0 1 0 1 1 0 1 1 0 1 1 0 0 1 1 0 0 0 1 1 0 1 1 1 0 1 1 1 1 1 1 0 0 1 1 1 1 1 0 0 0 1 1 0 1 1 1 0 1 0 1 1 1 0 1 0 0 1 1 0 1 0 0 1 1 1 0 0 0 1 1 1 1 1 1 0 1 1 0 1 1 1 1 1 1 0 0 1 0 1 1 1 1 0 0 0 0 0 0 0 0 0 0 1 0 0 1 1 0 1 1 0 0 0 0 1 1 1 0 1 1 1 0 1 1 0 1 1 0 0 1 1 0 0 0 1 0 0 1 0 1 0 1 1 0 1 1 1 1 0 1 1 1 0 0 1 0 0 1 1 1 1 1 0 0 1 1 0 0 1 1 1 0 1 0 1 1 0 1 1 1 1 0 1 1 0 1 1 1 1 1 1 0 0 1 1 0 1 1 1 1 1 0 1 1 0 0 0 1 0 1 1 0 0 0 0 1 1 1 0 1 0 0 1 0 0 0 1 0 1 1 1 1 1 0 0 1 1 1 1 0 0 0 0 0 1 0 1 1 1 0 1 0 1 0 1 0 1 0 1 0 1 1 0 1 0 0 
0 0 0 0 0 0 0 0 0 0 0 0 1 0 0 0 0 0 0 0 0 0 0 1 0 0 0 0 0 0 0 0 0 0 0 0 0 0 0 0 0 0 0 0 0 0 0 0 0 0 0 0 0 0 0 0 0 0 0 1 0 0 0 0 1 0 1 0 0 0 0 0 0 0 0 0 0 0 0 0 0 0 0 0 0 0 0 0 0 0 0 0 0 0 0 0 0 0 0 0 0 0 0 0 0 0 0 0 1 0 0 0 0 0 0 0 0 0 0 0 0 0 0 0 0 0 0 0 0 0 0 0 0 0 0 0 0 0 0 0 0 1 0 0 0 1 0 0 0 0 0 0 0 0 0 0 0 0 0 0 0 1 1 0 0 0 0 0 0 0 0 0 0 0 0 1 0 0 0 0 0 0 0 1 0 0 0 0 0 0 0 0 0 0 0 0 0 0 1 0 1 0 0 0 0 0 0 0 0 0 0 0 0 1 0 0 0 0 0 0 0 0 0 0 0 0 0 0 1 0 0 0 0 0 0 0 0 1 0 0 0 1 0 0 0 1 0 0 0 0 0 0 0 0 0 0 0 0 0 0 0 0 0 0 0 0 0 0 
1 1 0 1 1 0 1 1 0 1 1 1 1 0 1 1 1 1 0 1 1 1 1 1 1 1 1 0 1 1 1 1 0 1 1 1 1 0 1 1 1 1 0 1 1 0 1 1 0 1 1 1 1 1 1 1 0 1 0 1 1 1 0 1 0 0 0 1 0 1 1 1 1 0 1 1 1 1 1 1 1 1 1 1 0 1 1 0 1 1 1 0 1 1 1 1 1 1 1 1 1 1 0 1 1 1 1 0 1 1 1 1 1 1 1 1 1 1 1 1 0 1 1 1 1 0 1 1 1 1 1 1 1 1 1 1 1 1 1 1 0 1 0 0 1 1 0 0 0 1 1 1 1 0 1 1 1 1 1 1 1 1 1 1 0 1 1 1 0 1 1 1 0 1 1 1 1 1 1 0 0 1 0 1 1 1 1 1 1 0 0 1 1 1 0 1 1 0 0 1 1 1 1 1 1 0 1 1 1 0 1 1 1 1 1 1 0 0 0 0 1 1 1 1 0 1 0 1 0 1 0 1 1 0 0 0 0 0 0 0 1 0 0 1 0 0 1 1 0 0 1 0 0 0 1 0 1 0 0 0 0 1 0 0 1 0 0 0 
0 1 1 1 1 1 1 1 1 1 1 1 1 1 1 1 1 1 1 1 1 1 1 0 1 1 1 1 1 1 1 1 1 1 1 1 1 1 1 1 1 1 1 1 1 1 0 1 1 1 1 1 1 1 1 0 0 1 0 1 1 1 0 1 0 0 0 1 0 1 1 1 1 0 1 0 0 0 0 0 0 0 0 0 1 0 0 1 0 0 0 1 0 0 0 0 0 0 0 0 0 0 1 0 0 0 0 1 0 0 0 0 0 0 0 0 0 0 1 0 1 1 0 0 0 1 0 0 0 0 0 0 0 0 0 0 0 0 0 0 0 0 1 1 0 0 1 0 0 0 0 0 0 0 0 0 0 0 0 1 0 0 0 0 1 0 0 0 0 0 0 0 1 0 0 0 0 0 0 0 1 0 1 0 0 0 0 0 0 0 1 0 0 0 1 0 0 0 1 0 0 0 0 0 0 1 0 0 1 1 0 0 0 0 0 1 0 0 0 0 0 0 0 0 0 0 0 0 0 0 0 0 0 0 1 0 0 0 0 1 0 0 0 0 0 0 0 0 0 0 0 0 0 1 0 0 0 0 0 0 0 0 1 0 0 0 0 0 
