C CINVESTAV-TAMAULIPAS, MEXICO 
C email: jtj@cinvestav.mx 
C http://www.tamps.cinvestav.mx/~jtj/ 
C 
50 25 2^25 4
1 1 1 0 0 1 0 1 0 1 0 0 1 1 0 1 1 1 1 1 1 1 0 0 0
0 0 0 1 1 0 1 0 1 0 1 1 0 0 1 0 0 0 0 0 0 0 1 1 1
1 1 0 0 1 0 1 0 1 0 0 1 1 0 1 1 1 1 1 1 1 0 0 0 1
0 0 1 1 0 1 0 1 0 1 1 0 0 1 0 0 0 0 0 0 0 1 1 1 0
1 0 0 1 0 1 0 1 0 0 1 1 0 1 1 1 1 1 1 1 0 0 0 1 1
0 1 1 0 1 0 1 0 1 1 0 0 1 0 0 0 0 0 0 0 1 1 1 0 0
1 0 1 0 0 1 1 0 1 1 1 1 1 1 1 0 0 0 1 1 1 0 0 1 0
0 1 0 1 1 0 0 1 0 0 0 0 0 0 0 1 1 1 0 0 0 1 1 0 1
0 1 0 1 0 0 1 1 0 1 1 1 1 1 1 1 0 0 0 1 1 1 0 0 1
1 0 1 0 1 1 0 0 1 0 0 0 0 0 0 0 1 1 1 0 0 0 1 1 0
0 1 0 0 1 1 0 1 1 1 1 1 1 1 0 0 0 1 1 1 0 0 1 0 1
1 0 1 1 0 0 1 0 0 0 0 0 0 0 1 1 1 0 0 0 1 1 0 1 0
0 1 1 1 1 1 1 1 0 0 0 1 1 1 0 0 1 0 1 0 1 0 0 1 1
1 0 0 0 0 0 0 0 1 1 1 0 0 0 1 1 0 1 0 1 0 1 1 0 0
1 0 1 1 1 1 1 1 1 0 0 0 1 1 1 0 0 1 0 1 0 1 0 0 1
0 1 0 0 0 0 0 0 0 1 1 1 0 0 0 1 1 0 1 0 1 0 1 1 0
1 1 1 0 0 0 1 1 1 0 0 1 0 1 0 1 0 0 1 1 0 1 1 1 1
0 0 0 1 1 1 0 0 0 1 1 0 1 0 1 0 1 1 0 0 1 0 0 0 0
1 1 0 0 0 1 1 1 0 0 1 0 1 0 1 0 0 1 1 0 1 1 1 1 1
0 0 1 1 1 0 0 0 1 1 0 1 0 1 0 1 1 0 0 1 0 0 0 0 0
1 1 0 1 1 1 1 1 1 1 0 0 0 1 1 1 0 0 1 0 1 0 1 0 0
0 0 1 0 0 0 0 0 0 0 1 1 1 0 0 0 1 1 0 1 0 1 0 1 1
1 1 1 1 0 0 0 1 1 1 0 0 1 0 1 0 1 0 0 1 1 0 1 1 1
0 0 0 0 1 1 1 0 0 0 1 1 0 1 0 1 0 1 1 0 0 1 0 0 0
1 0 0 0 1 1 1 0 0 1 0 1 0 1 0 0 1 1 0 1 1 1 1 1 1
0 1 1 1 0 0 0 1 1 0 1 0 1 0 1 1 0 0 1 0 0 0 0 0 0
1 1 1 1 1 1 1 0 0 0 1 1 1 0 0 1 0 1 0 1 0 0 1 1 0
0 0 0 0 0 0 0 1 1 1 0 0 0 1 1 0 1 0 1 0 1 1 0 0 1
1 0 0 1 1 0 1 1 1 1 1 1 1 0 0 0 1 1 1 0 0 1 0 1 0
0 1 1 0 0 1 0 0 0 0 0 0 0 1 1 1 0 0 0 1 1 0 1 0 1
1 0 1 0 1 0 0 1 1 0 1 1 1 1 1 1 1 0 0 0 1 1 1 0 0
0 1 0 1 0 1 1 0 0 1 0 0 0 0 0 0 0 1 1 1 0 0 0 1 1
1 1 1 1 1 0 0 0 1 1 1 0 0 1 0 1 0 1 0 0 1 1 0 1 1
0 0 0 0 0 1 1 1 0 0 0 1 1 0 1 0 1 0 1 1 0 0 1 0 0
0 1 0 1 0 1 0 0 1 1 0 1 1 1 1 1 1 1 0 0 0 1 1 1 0
1 0 1 0 1 0 1 1 0 0 1 0 0 0 0 0 0 0 1 1 1 0 0 0 1
1 1 1 1 1 1 0 0 0 1 1 1 0 0 1 0 1 0 1 0 0 1 1 0 1
0 0 0 0 0 0 1 1 1 0 0 0 1 1 0 1 0 1 0 1 1 0 0 1 0
0 0 1 0 1 0 1 0 0 1 1 0 1 1 1 1 1 1 1 0 0 0 1 1 1
1 1 0 1 0 1 0 1 1 0 0 1 0 0 0 0 0 0 0 1 1 1 0 0 0
0 0 1 1 1 0 0 1 0 1 0 1 0 0 1 1 0 1 1 1 1 1 1 1 0
1 1 0 0 0 1 1 0 1 0 1 0 1 1 0 0 1 0 0 0 0 0 0 0 1
0 0 0 1 1 1 0 0 1 0 1 0 1 0 0 1 1 0 1 1 1 1 1 1 1
1 1 1 0 0 0 1 1 0 1 0 1 0 1 1 0 0 1 0 0 0 0 0 0 0
0 1 1 0 1 1 1 1 1 1 1 0 0 0 1 1 1 0 0 1 0 1 0 1 0
1 0 0 1 0 0 0 0 0 0 0 1 1 1 0 0 0 1 1 0 1 0 1 0 1
0 0 1 1 0 1 1 1 1 1 1 1 0 0 0 1 1 1 0 0 1 0 1 0 1
1 1 0 0 1 0 0 0 0 0 0 0 1 1 1 0 0 0 1 1 0 1 0 1 0
0 1 1 1 0 0 1 0 1 0 1 0 0 1 1 0 1 1 1 1 1 1 1 0 0
1 0 0 0 1 1 0 1 0 1 0 1 1 0 0 1 0 0 0 0 0 0 0 1 1
