C Criteria = 0
C Removed Row = 0
C Missings = 0
C Uncovering Columns = 0
C
158 225 2^225 4
0 1 0 1 0 1 1 0 1 1 1 0 1 0 1 0 1 1 0 0 0 0 0 0 0 1 1 0 0 1 0 1 1 0 1 0 0 0 0 0 0 0 0 1 0 1 1 0 0 1 0 0 0 0 0 1 0 0 0 1 1 1 0 1 1 1 0 1 0 0 1 0 1 1 0 0 1 0 1 0 1 1 0 0 0 0 0 1 0 0 1 1 0 1 1 1 0 1 0 0 1 1 1 0 0 0 0 1 1 0 1 0 0 0 0 1 0 0 0 0 0 1 1 1 0 1 0 0 1 1 0 0 0 0 1 1 1 1 0 1 1 1 1 1 0 0 0 1 0 1 0 1 0 0 0 0 0 0 0 0 1 0 1 1 0 1 1 1 1 1 1 0 1 0 0 0 1 0 0 0 0 1 1 1 0 0 0 1 0 0 1 1 0 0 1 0 0 1 1 1 0 0 0 0 0 0 0 1 1 0 1 1 1 0 0 1 1 0 1 1 0 1 0 1 1
1 1 1 1 1 0 0 1 1 0 1 0 1 0 1 0 1 0 0 0 1 0 0 1 0 1 0 1 0 1 1 0 1 0 1 0 1 0 0 0 0 0 1 0 0 0 0 1 1 1 1 1 0 1 1 1 0 0 0 0 0 1 0 0 0 0 1 1 0 1 1 0 1 1 0 1 0 0 0 1 0 0 1 1 1 0 1 1 0 1 1 0 0 0 1 0 0 0 0 0 0 0 0 0 1 0 1 1 1 1 1 0 0 0 1 1 1 0 1 0 1 1 0 1 1 1 0 0 0 0 1 0 0 0 1 0 1 1 1 1 0 0 0 0 1 1 0 0 0 0 1 0 1 0 1 1 0 1 1 1 1 0 1 0 0 0 0 1 0 0 1 0 0 1 1 1 0 1 1 1 1 1 0 1 1 1 0 1 0 0 0 0 0 1 1 0 1 0 0 1 0 0 0 1 0 1 1 1 0 0 1 1 0 0 1 1 0 0 1 1 0 0 1 1 1
0 0 1 0 1 0 1 1 1 1 0 1 0 1 1 1 0 0 0 0 1 1 0 0 0 0 1 1 1 1 0 1 0 1 0 0 1 0 1 1 0 1 1 0 0 1 0 0 1 1 0 1 0 0 1 0 0 0 1 1 1 0 1 0 1 0 0 1 1 0 1 1 0 0 0 0 1 0 1 0 1 1 0 1 0 0 1 1 1 0 1 0 0 0 1 1 1 1 0 0 1 0 0 1 1 0 1 0 0 1 0 1 1 1 0 1 0 0 0 1 1 1 1 0 0 0 0 1 1 1 1 0 1 1 0 0 1 1 0 0 1 1 1 1 0 0 1 0 1 1 0 0 1 1 1 0 1 0 0 0 0 0 0 0 0 1 1 0 0 0 0 0 0 1 0 0 1 0 1 0 0 1 0 0 1 0 1 0 1 0 1 0 0 0 1 1 0 1 1 0 1 1 1 1 1 1 0 0 1 1 0 1 1 0 0 0 0 1 0 0 1 1 0 0 1
0 1 1 0 0 0 1 1 0 1 0 0 1 1 1 1 1 0 0 0 1 1 1 0 1 0 0 0 0 0 0 0 1 1 1 1 1 1 1 1 0 1 1 1 1 1 1 0 1 0 0 1 1 1 0 1 1 0 1 1 0 0 1 1 0 1 1 1 1 0 0 0 1 1 0 0 1 1 0 0 0 1 0 0 1 1 1 1 0 0 0 0 1 1 1 0 1 0 1 0 0 0 1 1 1 0 1 1 0 1 0 0 0 0 1 0 1 0 0 1 1 1 0 1 1 1 1 1 0 1 0 1 1 0 1 0 1 1 0 1 1 0 0 0 0 0 1 0 1 0 0 0 0 0 0 0 0 0 0 0 1 0 1 0 0 0 1 1 1 1 0 1 1 0 0 0 0 1 0 1 0 0 1 0 0 1 1 0 0 0 1 0 0 0 0 1 1 0 0 1 0 1 0 1 1 0 0 0 0 1 1 0 1 0 1 0 1 1 1 0 1 0 1 1 0
0 1 1 1 1 1 1 1 1 1 1 1 1 0 1 1 0 0 1 1 1 1 1 0 1 1 1 0 1 1 1 0 1 1 0 1 1 0 0 0 1 0 1 0 1 0 1 0 1 1 1 1 1 1 0 0 0 1 0 1 0 1 1 1 1 1 0 0 1 1 1 0 0 1 0 1 0 1 1 1 1 1 1 0 0 0 0 1 1 1 0 0 0 1 1 0 1 0 1 0 1 0 1 0 1 0 0 1 1 0 1 1 1 1 1 1 1 1 1 1 0 1 1 0 0 1 1 1 1 1 1 0 0 0 0 0 0 1 0 0 0 0 1 0 1 0 1 0 1 0 0 1 1 1 1 0 0 1 1 0 0 0 0 1 1 1 1 1 0 1 0 1 0 1 0 1 0 1 0 1 0 1 0 1 0 0 1 1 1 0 0 1 1 1 0 1 1 1 0 1 1 0 1 0 0 0 1 0 1 1 1 0 1 1 1 0 1 1 1 1 0 1 1 0 1
1 0 1 1 0 0 1 0 0 0 0 1 1 1 1 1 1 0 1 0 1 1 0 0 1 1 1 0 0 0 1 1 1 1 1 1 0 1 0 0 1 1 0 1 0 1 1 1 0 0 1 0 0 0 1 1 0 1 1 0 0 1 0 1 0 1 0 0 1 1 1 0 0 0 1 0 0 0 0 0 1 0 0 1 1 0 1 0 1 0 1 0 0 0 0 0 1 0 0 1 0 1 1 0 1 1 1 0 0 0 0 0 0 1 1 0 1 1 1 0 0 0 0 1 0 0 0 1 1 1 1 1 1 0 1 0 1 1 0 1 1 1 1 1 0 1 1 1 0 0 0 1 0 1 1 0 1 0 0 1 1 1 0 0 1 1 1 0 0 1 0 1 0 1 0 0 0 1 1 1 1 0 1 1 0 1 1 0 0 0 0 1 0 0 1 1 0 0 0 0 0 0 0 1 0 1 1 0 1 0 1 0 1 0 0 0 0 0 0 1 0 0 1 0 1
1 1 1 1 0 1 1 1 1 1 0 0 1 0 1 1 1 0 0 0 1 0 0 1 0 1 1 1 0 1 1 0 1 1 1 1 0 1 0 1 1 0 1 0 0 0 1 0 0 0 1 1 1 1 0 1 0 1 0 1 1 0 0 1 1 1 0 1 0 1 1 0 0 1 1 1 0 1 0 0 0 0 1 0 1 1 1 0 1 1 1 0 1 0 0 1 0 0 0 1 0 0 1 1 0 1 0 1 1 0 1 1 0 1 0 0 0 0 0 0 1 1 0 0 0 0 0 1 1 1 0 0 1 1 0 1 1 0 0 1 1 1 0 1 1 0 1 0 0 0 1 0 0 1 0 0 1 0 1 0 0 1 1 0 0 0 0 0 1 1 1 0 0 1 0 0 1 0 0 0 0 0 0 0 1 1 1 1 1 1 0 1 1 0 0 0 0 0 1 1 1 0 1 1 1 1 0 0 0 1 0 1 0 1 0 0 1 1 1 0 1 1 0 0 1
1 1 1 0 1 1 0 0 0 0 1 1 1 0 0 1 1 0 1 0 0 1 1 1 0 0 1 1 0 1 0 1 1 0 1 0 0 0 1 0 0 1 1 1 0 1 1 1 0 1 0 1 0 1 0 0 1 0 1 1 1 1 0 0 0 0 0 1 0 1 1 0 1 0 0 0 1 1 0 1 1 1 1 0 0 1 0 0 0 0 1 1 0 1 1 0 0 0 1 0 1 0 1 0 0 0 1 0 1 0 0 0 0 0 1 1 0 0 1 0 0 1 0 1 0 0 1 1 1 0 0 0 1 0 0 0 0 0 0 0 0 0 0 0 0 1 1 1 1 0 0 0 0 1 1 1 0 0 1 1 0 0 0 1 0 0 1 0 0 1 1 0 0 1 0 1 1 0 0 0 1 0 0 1 0 0 1 0 0 0 1 1 1 0 0 0 0 0 1 0 0 1 0 0 0 1 0 0 0 0 0 0 0 1 0 0 0 1 0 0 1 0 0 0 0
1 1 0 1 1 0 0 1 0 0 0 0 0 0 0 0 0 1 1 1 1 1 1 1 0 0 1 1 0 1 0 1 0 0 0 1 1 0 0 0 0 1 1 1 1 0 1 1 1 0 0 1 1 0 0 0 1 1 0 1 0 0 0 1 0 1 0 1 0 0 1 0 1 0 0 0 0 1 0 0 0 0 0 0 0 0 0 1 0 1 1 1 1 1 0 1 1 0 0 0 0 0 1 0 1 1 0 0 0 1 0 1 1 0 0 1 1 1 0 0 0 1 0 0 0 1 1 0 0 1 1 1 0 0 1 1 1 1 0 0 0 0 0 1 1 0 0 1 0 0 0 1 1 0 0 0 0 0 0 0 0 0 0 0 1 0 0 0 1 0 0 0 1 1 0 0 0 0 1 1 0 1 0 0 0 0 0 0 0 1 0 1 1 0 1 0 0 1 0 0 1 1 0 1 1 1 0 0 0 0 0 1 0 1 0 0 1 0 0 0 0 0 0 1 1
0 0 1 1 1 1 0 1 1 0 1 1 0 1 0 0 1 0 0 0 0 0 0 1 0 1 0 1 0 1 1 0 1 0 0 0 0 1 1 0 0 1 1 1 0 1 1 0 1 1 0 0 1 0 0 0 0 1 1 0 1 1 0 0 1 0 1 1 0 1 0 0 0 0 0 1 0 0 0 0 1 1 0 1 1 1 1 1 0 1 0 0 1 0 1 1 0 1 1 1 0 0 1 0 0 1 0 1 0 1 1 1 1 1 1 1 0 0 1 1 1 0 1 1 0 0 0 1 1 1 0 1 0 0 1 0 1 0 1 1 1 1 0 0 0 1 1 1 0 1 0 1 1 1 1 0 0 1 1 0 0 0 1 0 1 0 0 1 0 0 1 0 1 0 0 1 0 1 1 1 0 0 0 0 0 1 0 0 1 0 1 1 0 1 0 1 0 1 0 0 0 1 1 0 0 0 0 0 0 0 0 0 0 1 0 0 1 1 1 1 1 0 1 1 1
0 0 0 0 0 0 0 1 0 1 1 1 1 1 0 0 1 0 1 0 0 1 1 0 0 1 1 0 0 0 1 1 1 0 0 1 0 1 0 0 0 1 0 0 0 0 0 0 1 0 1 1 1 1 0 1 1 1 0 1 0 1 0 1 0 0 1 1 1 1 0 0 0 1 1 1 1 0 1 1 0 1 1 0 1 0 0 0 0 0 1 1 1 1 0 1 1 0 0 0 1 0 0 1 0 0 0 0 0 1 1 1 1 1 1 0 0 0 1 0 0 1 0 1 1 0 0 1 0 1 0 0 0 0 0 1 0 1 1 0 1 1 1 1 0 0 0 1 1 1 0 1 1 0 0 1 1 0 1 0 1 0 1 0 1 1 0 0 0 0 1 1 0 1 1 0 0 1 1 0 1 1 0 1 0 0 1 1 0 0 1 0 0 0 0 0 1 1 1 0 1 1 1 0 1 1 0 1 0 1 1 0 0 0 1 1 1 1 1 1 1 0 1 0 1
1 1 1 1 0 1 1 1 1 0 0 0 0 0 1 0 0 0 1 1 0 0 1 1 1 1 0 0 1 0 0 0 0 0 0 1 0 0 1 1 1 0 0 0 0 0 0 1 1 1 1 1 1 0 1 1 1 1 1 0 0 0 0 1 1 0 0 1 1 0 0 1 1 0 0 1 1 1 0 1 1 0 0 1 1 1 1 0 1 1 1 1 1 1 1 0 0 1 1 1 1 1 1 0 0 0 1 0 0 1 1 0 0 0 0 0 1 0 1 0 1 1 0 1 0 1 0 1 1 0 0 0 0 1 1 1 0 1 0 0 1 0 1 0 1 0 1 1 0 1 0 1 1 0 1 1 0 0 0 0 0 1 0 1 1 0 1 0 0 1 1 0 0 1 1 0 0 1 1 1 0 1 1 0 1 0 1 0 0 0 0 0 0 0 0 0 0 0 1 0 0 0 1 0 0 1 0 0 0 1 1 0 1 0 0 0 1 0 0 0 1 0 0 1 1
1 1 0 1 1 0 0 0 0 1 0 1 0 1 0 1 0 0 1 1 1 0 1 1 0 1 0 1 0 1 0 0 0 1 1 1 1 0 0 0 0 0 1 0 0 1 0 1 0 0 1 0 1 0 0 1 1 1 0 0 1 0 1 1 0 0 0 0 1 0 1 0 1 0 0 1 1 0 1 1 0 1 0 0 1 0 0 1 0 1 0 1 1 1 0 0 0 0 0 0 1 0 1 1 1 0 0 1 1 0 1 0 0 1 0 1 1 0 1 1 0 0 1 1 0 1 0 1 0 0 1 0 1 0 1 1 1 0 0 1 1 1 1 0 1 1 0 1 1 1 1 1 0 1 0 1 1 1 0 1 0 0 0 0 1 1 0 1 0 0 1 1 0 0 1 1 1 1 0 1 0 0 0 0 0 1 1 0 1 0 1 0 0 1 1 1 0 0 1 1 0 0 1 1 0 0 1 0 1 1 1 1 0 0 0 0 1 1 0 0 1 1 0 1 0
1 1 1 1 1 1 0 0 1 1 0 1 0 1 1 0 1 1 0 1 1 0 0 1 1 0 0 1 0 1 0 0 1 0 0 0 1 1 0 0 1 0 1 1 1 0 1 1 0 1 0 0 0 1 1 0 0 0 0 0 0 1 0 0 0 1 0 0 1 0 1 0 1 0 0 0 1 1 1 0 0 1 1 1 0 1 1 1 0 1 0 0 0 0 1 0 0 0 1 1 1 1 1 1 1 1 1 0 0 0 0 0 0 1 0 1 1 1 0 0 1 0 0 0 0 1 1 1 0 0 1 1 0 0 1 0 1 0 1 0 1 1 1 0 1 0 0 0 1 1 0 0 0 0 1 0 1 0 1 0 1 1 0 1 0 1 0 0 1 1 0 1 1 0 0 0 0 0 0 1 0 0 1 0 1 0 1 0 0 1 1 1 1 0 0 0 0 0 1 0 0 0 1 1 0 0 0 1 0 1 0 1 0 1 1 1 0 1 0 1 1 0 1 1 0
0 0 0 0 1 0 0 0 0 1 1 1 1 1 0 1 1 1 0 0 1 1 0 0 0 0 1 1 0 1 1 1 1 1 1 0 1 1 0 0 0 1 1 1 1 1 1 0 0 0 0 0 0 1 0 0 0 0 0 1 1 1 1 0 0 1 1 0 0 1 1 0 0 1 1 0 0 0 1 0 0 1 1 0 0 0 0 1 0 0 0 0 0 0 0 1 1 0 0 0 0 0 0 1 1 1 0 1 1 0 0 1 1 1 1 1 0 1 0 1 0 0 1 0 1 0 1 0 0 1 1 1 1 0 0 0 1 0 1 1 0 1 0 1 0 1 0 0 1 0 1 0 0 1 0 0 1 1 1 1 1 0 1 0 0 1 0 1 1 0 0 1 1 0 0 1 1 0 0 0 1 0 0 1 0 1 0 1 1 1 1 1 1 1 1 1 1 1 0 1 1 1 0 1 1 0 1 1 1 0 0 1 0 1 1 1 0 1 1 1 0 1 1 0 0
0 0 0 0 1 1 1 1 0 1 0 1 0 1 0 0 1 0 1 0 1 0 1 0 1 0 0 1 1 1 0 0 1 0 1 1 1 1 1 1 1 0 1 0 0 0 0 0 1 0 0 1 1 1 0 0 1 1 1 0 0 1 0 1 1 0 0 1 0 0 1 1 0 0 0 0 0 1 1 0 1 1 0 0 0 1 0 1 1 0 1 1 1 1 0 0 0 1 1 1 0 1 0 0 1 0 0 1 1 1 0 0 0 1 0 1 0 0 0 0 0 1 0 0 0 0 0 1 1 0 1 0 0 1 0 1 1 1 1 1 0 1 0 0 0 1 1 1 1 0 1 1 1 0 0 0 1 1 1 1 1 1 0 1 1 1 1 1 0 1 0 1 0 1 0 1 0 0 1 0 0 1 1 0 0 1 0 0 0 0 1 0 0 1 1 0 0 0 0 1 0 0 0 1 0 1 1 1 0 0 0 1 1 0 1 1 1 1 0 1 0 0 1 0 1
0 0 1 0 0 1 0 1 1 1 0 1 0 1 1 0 0 1 0 0 0 1 0 0 1 1 1 0 0 0 0 1 0 0 1 0 0 0 0 0 1 1 0 1 1 0 1 0 1 1 1 1 0 0 1 1 0 0 0 1 0 0 0 0 0 1 0 1 0 0 0 0 0 0 0 1 0 1 1 1 0 1 0 1 1 1 1 0 0 0 1 0 0 0 1 1 1 0 1 1 0 1 0 1 0 1 1 1 1 0 1 1 1 1 0 0 0 1 1 0 1 1 0 1 0 0 1 0 0 1 0 1 0 0 0 0 0 1 0 1 0 1 0 1 0 1 0 0 1 0 1 0 1 0 1 1 1 1 0 1 0 1 0 1 0 1 0 1 1 1 1 1 1 1 1 1 0 1 1 0 0 1 1 0 1 1 0 0 0 1 1 1 1 1 0 0 0 1 0 1 1 1 0 0 1 1 1 0 0 0 1 0 0 1 0 0 0 1 0 0 0 0 0 0 1
1 1 1 1 0 0 0 0 1 0 1 0 1 0 1 1 0 1 0 1 0 1 0 1 0 1 1 0 0 0 1 1 0 1 0 0 0 0 0 0 0 1 0 1 1 1 1 1 0 1 1 0 0 0 1 1 0 0 0 1 1 0 1 0 0 1 1 0 1 1 0 0 1 1 1 1 1 0 0 1 0 0 0 1 1 0 1 0 0 1 0 0 0 0 1 1 1 0 0 0 1 0 1 0 0 1 1 0 0 0 1 1 1 0 1 0 1 1 1 1 1 0 1 1 1 1 1 1 0 1 0 1 1 0 1 0 0 0 0 0 1 0 1 1 1 0 0 0 0 1 0 0 0 1 1 1 0 0 0 0 0 0 1 0 0 0 0 0 1 0 1 1 1 0 1 0 1 1 0 1 1 0 0 1 1 0 1 1 1 1 0 1 1 0 0 1 1 1 1 0 1 1 1 0 1 0 0 0 1 1 1 0 0 1 0 0 0 0 1 0 1 1 0 1 0
0 0 1 0 0 0 0 1 1 0 0 0 0 0 1 1 1 1 1 0 0 0 1 0 0 0 0 0 0 0 0 0 1 1 1 1 0 1 0 0 0 0 0 1 1 1 1 0 1 1 0 1 1 1 1 0 1 1 0 0 1 1 1 1 0 1 0 1 1 0 0 0 0 0 0 0 1 0 0 0 0 0 1 1 0 0 1 0 0 0 1 1 1 1 1 0 0 0 0 0 1 0 0 0 0 1 1 1 1 1 0 0 0 0 0 0 0 1 0 1 1 1 1 0 0 0 1 1 0 0 0 1 1 0 0 1 0 1 1 1 1 0 1 0 0 1 0 1 0 1 1 1 1 1 1 0 0 1 1 1 1 0 0 0 1 0 0 1 1 0 0 0 1 1 0 1 1 0 1 0 0 1 0 0 1 1 1 0 1 1 0 1 1 1 0 1 0 0 1 1 0 0 1 0 0 1 1 1 1 1 0 0 0 1 1 1 1 0 0 1 1 1 1 0 1
1 1 0 1 1 0 1 0 0 0 1 0 1 0 0 1 1 0 1 1 1 0 1 1 0 0 0 1 1 1 1 0 1 1 0 1 1 1 1 1 0 0 1 0 0 1 0 1 0 0 0 0 1 1 0 0 1 1 1 0 1 1 1 1 1 0 1 0 1 1 1 1 1 1 1 0 1 0 0 0 1 0 1 0 0 0 0 1 1 1 0 1 1 1 0 0 0 1 0 0 1 0 1 0 1 0 0 0 0 0 0 0 0 0 1 1 1 0 0 1 0 0 1 0 1 1 0 1 1 0 1 0 1 1 1 1 1 0 1 0 1 0 1 0 1 0 1 1 0 1 0 1 0 1 0 0 0 0 1 0 1 0 1 0 1 0 1 0 0 0 0 0 0 0 0 0 1 0 0 1 1 0 0 1 0 0 1 1 1 0 0 0 0 0 1 1 1 0 1 0 0 0 1 1 0 0 0 1 1 1 0 1 1 0 1 1 1 0 1 1 1 1 1 1 0
0 0 0 0 1 0 1 0 0 0 0 0 0 0 0 0 1 1 0 0 1 1 0 0 0 1 1 1 1 1 0 1 1 0 1 0 1 1 1 1 0 1 1 1 1 0 1 0 0 0 1 0 0 1 0 1 0 0 1 1 0 1 0 0 1 1 0 0 1 0 1 1 0 0 0 1 1 0 0 1 1 0 1 0 1 0 0 1 1 0 0 0 0 0 0 1 1 1 0 0 1 0 0 0 1 1 0 1 1 0 1 1 1 0 0 1 0 1 1 0 0 0 0 1 0 0 1 1 1 1 1 1 0 1 0 0 1 0 1 1 1 0 1 1 0 1 1 0 0 1 1 0 0 0 0 1 0 1 1 1 1 0 0 0 0 0 1 1 1 0 1 0 1 0 1 1 0 1 0 0 0 0 0 0 0 1 1 0 0 1 0 1 1 1 1 0 0 1 1 1 1 1 1 1 1 0 1 1 0 1 1 1 1 1 1 1 0 0 0 1 1 0 1 0 0
1 1 1 1 0 0 1 0 1 1 0 1 0 1 1 0 1 0 1 1 0 1 1 1 0 0 1 0 1 0 0 1 1 0 1 1 0 1 1 1 0 1 0 0 0 0 0 1 0 1 0 0 1 1 1 0 1 1 1 1 0 0 0 1 1 0 0 0 0 0 0 1 1 0 0 0 0 0 1 0 1 1 1 1 0 0 1 0 1 1 0 1 1 1 1 1 1 1 0 0 0 0 1 1 0 0 1 1 1 0 0 1 1 1 0 0 1 0 0 0 1 0 0 0 0 1 0 0 1 1 0 0 0 1 1 1 0 0 1 1 0 1 0 1 1 1 1 1 1 0 1 1 0 0 1 0 1 1 1 1 1 0 0 0 1 1 1 1 0 0 0 1 0 0 0 1 0 0 0 1 0 0 0 0 1 1 0 0 0 0 1 0 0 1 0 0 0 1 0 1 1 1 0 0 1 0 1 1 0 0 0 0 1 0 1 1 1 1 0 1 0 0 1 1 0
0 0 1 0 1 1 0 0 1 0 1 0 1 0 1 0 0 0 1 0 1 1 1 0 1 0 1 1 0 1 1 1 0 0 1 1 1 0 0 0 1 1 1 0 0 0 0 0 0 1 0 0 1 0 1 0 1 1 0 1 0 0 0 1 0 0 1 0 1 1 1 0 0 1 1 0 1 1 0 0 0 0 0 1 0 1 1 1 0 0 0 1 1 1 1 1 1 0 1 1 1 1 0 0 1 0 1 1 1 0 0 1 1 0 1 1 0 0 0 0 1 0 0 0 1 0 0 1 0 1 1 0 0 0 0 1 1 0 0 1 1 0 1 1 0 1 0 1 0 1 1 1 0 0 1 0 0 1 0 1 0 1 1 1 1 0 0 1 0 1 0 0 0 0 0 1 0 0 0 0 1 0 1 1 1 1 1 1 0 0 0 0 0 1 1 0 1 1 1 1 1 1 1 1 1 0 1 0 0 1 0 1 0 0 0 0 1 0 1 0 1 0 0 0 0
1 1 1 1 1 1 1 0 1 0 0 0 0 0 1 1 0 1 0 1 1 0 0 1 1 0 0 1 1 1 0 0 0 1 1 0 1 0 1 1 1 0 1 1 1 1 1 1 0 1 0 0 0 0 1 0 0 0 1 0 1 0 1 0 1 1 0 0 0 0 1 1 1 0 0 0 0 1 0 0 1 0 0 1 0 1 1 1 1 1 0 0 0 0 1 0 0 1 1 1 0 1 1 0 1 1 1 1 1 0 0 0 0 0 0 1 1 1 0 1 1 0 1 0 0 1 1 0 1 0 1 1 1 1 1 0 1 0 0 1 0 0 0 0 1 1 1 0 0 0 1 0 0 1 1 0 0 1 0 1 0 1 0 1 0 0 1 1 1 1 0 0 1 0 0 1 1 0 0 1 0 0 1 0 1 1 0 0 1 1 0 1 1 1 1 1 0 0 0 1 0 0 0 1 0 0 1 0 1 0 0 1 1 1 0 0 0 0 0 0 0 1 0 1 0
0 0 1 0 0 1 1 1 1 0 1 0 1 0 1 0 1 1 0 0 0 1 0 0 1 0 1 0 1 0 1 1 1 0 0 0 0 1 1 1 1 1 0 1 1 0 1 0 1 1 0 1 0 1 1 0 0 0 1 1 0 1 0 0 1 1 1 1 0 1 0 1 0 1 1 0 0 1 0 0 1 0 1 1 0 1 1 0 1 0 1 0 0 0 1 1 1 1 1 1 0 1 0 0 0 1 1 0 0 1 0 1 1 0 1 0 0 1 0 0 1 1 0 0 1 0 1 0 1 1 0 1 0 1 0 0 0 1 1 0 0 0 0 1 0 0 1 0 0 0 0 0 1 0 1 0 0 0 1 0 1 1 1 1 0 0 1 0 1 1 0 0 1 1 0 0 0 0 1 0 1 1 1 1 1 0 0 1 0 1 0 1 1 0 0 0 1 1 0 0 1 1 0 0 1 1 0 1 0 0 0 0 1 1 1 1 0 0 1 1 0 0 1 0 1
1 1 0 1 0 0 1 1 0 1 0 1 0 1 0 1 1 1 0 1 0 0 0 1 0 1 0 0 1 0 0 0 1 1 0 0 0 1 1 1 0 0 0 1 1 1 1 1 1 0 1 1 0 1 0 1 0 0 1 0 1 1 1 0 1 1 0 1 0 0 0 1 1 0 0 1 0 0 1 1 1 1 1 0 1 0 0 0 1 1 1 0 0 0 0 0 0 1 0 0 0 0 1 1 0 1 0 0 0 1 1 0 0 1 0 0 1 1 1 1 0 1 1 1 0 1 1 0 1 0 0 1 1 1 1 0 0 1 1 0 0 1 0 0 1 0 1 0 1 0 0 0 1 1 0 1 1 0 1 0 1 0 0 0 0 1 1 0 1 0 1 1 1 1 1 0 1 1 1 1 0 1 0 0 0 0 0 0 1 1 1 1 1 0 0 1 0 0 0 0 0 0 0 0 0 1 0 1 1 0 1 0 1 1 1 1 0 1 0 1 0 1 1 1 1
1 1 0 1 1 1 1 0 0 1 1 1 1 1 0 0 0 0 0 1 1 1 0 1 1 1 1 1 1 1 1 1 0 0 0 0 1 0 1 1 1 1 1 0 0 0 0 1 0 0 1 0 0 0 0 1 0 0 1 1 0 0 0 0 1 0 1 0 0 1 1 1 1 1 1 1 0 1 1 1 1 1 0 0 1 1 0 1 1 1 0 0 0 0 0 1 1 1 1 1 0 1 1 1 1 0 0 0 0 0 1 1 1 1 1 1 1 0 1 0 0 0 0 1 1 1 0 0 1 1 1 0 0 1 1 0 1 0 0 0 0 1 0 1 1 0 1 0 1 0 0 0 0 0 0 1 1 0 0 0 0 1 1 1 0 1 1 0 0 1 1 1 0 0 1 0 0 1 0 1 1 0 1 1 0 0 0 1 0 0 1 0 0 0 1 0 1 1 0 0 1 1 0 1 1 0 0 0 0 0 1 1 1 0 0 0 0 1 1 0 0 0 0 1 0
0 0 0 0 1 1 0 1 0 0 1 0 1 0 0 1 0 1 0 0 1 0 0 0 1 1 0 1 0 1 1 0 0 1 0 0 1 0 0 0 1 0 1 1 1 1 1 0 1 0 1 1 0 0 0 1 0 0 0 0 1 0 1 0 0 1 1 1 1 1 1 0 0 1 1 1 1 1 0 1 0 0 0 0 1 1 0 1 0 0 1 0 0 0 0 0 0 0 1 1 1 1 0 0 1 1 0 0 0 1 1 0 0 0 1 1 0 1 1 1 0 1 1 1 1 0 1 1 0 0 1 1 1 0 0 0 1 1 0 0 1 0 1 0 0 0 0 0 0 1 0 0 1 1 0 1 0 0 0 0 0 1 1 1 0 0 0 0 1 1 1 0 1 1 1 0 1 1 1 0 1 1 1 1 0 0 1 1 1 1 0 1 1 0 1 1 1 0 1 0 0 0 1 1 0 1 0 0 1 1 1 1 0 1 0 0 0 0 1 0 1 1 0 0 1
1 1 0 1 0 1 0 0 0 0 1 0 1 0 0 0 1 1 1 1 0 0 1 1 1 0 0 0 0 0 1 0 1 0 1 1 0 1 0 0 1 0 0 1 1 0 1 1 0 0 1 0 1 1 0 1 1 1 0 0 0 1 0 1 0 1 1 0 0 1 0 0 1 1 1 1 0 1 0 1 0 0 1 0 1 1 0 0 0 1 0 1 1 1 0 0 0 0 1 1 0 1 1 0 0 1 0 1 1 0 1 0 0 0 1 0 1 1 1 0 0 0 0 1 1 1 1 0 0 0 0 1 0 0 1 1 0 0 1 1 0 0 0 0 1 1 0 1 0 0 1 1 0 0 0 1 0 1 1 1 1 1 1 1 1 0 0 1 1 1 1 0 1 0 1 1 0 1 0 1 1 0 1 1 0 1 0 1 0 1 0 1 1 1 0 0 1 0 0 1 0 0 0 0 0 0 1 1 0 0 1 0 0 1 1 1 1 0 1 1 0 0 1 1 0
1 1 0 1 0 1 0 1 0 0 0 0 0 0 0 1 1 0 0 1 0 1 0 1 1 0 1 0 0 0 0 1 1 1 1 0 0 1 0 0 1 1 0 0 0 1 0 1 1 0 0 1 0 1 0 0 0 0 0 1 1 1 1 0 0 0 0 1 1 0 0 0 1 0 0 0 1 1 0 0 0 0 1 0 0 1 0 0 0 1 1 0 0 0 0 1 1 0 1 1 1 1 1 0 0 0 0 1 1 1 0 1 1 0 0 0 1 0 0 1 0 1 1 0 0 1 0 1 0 1 0 0 1 0 1 0 0 1 1 1 1 0 1 1 1 1 0 0 0 1 1 0 1 1 0 0 0 1 1 1 1 1 0 1 0 0 0 1 0 1 0 0 0 1 0 1 1 0 1 1 0 1 1 0 0 1 1 0 1 0 0 0 0 1 0 1 0 1 1 1 1 1 1 0 1 1 1 1 1 1 0 0 0 0 1 1 0 0 0 1 1 1 1 1 1
0 0 0 0 0 0 1 1 0 0 1 0 1 0 0 1 0 0 1 0 0 1 1 0 0 1 1 0 1 0 1 1 0 1 1 1 0 0 1 1 0 1 0 0 0 1 0 0 1 0 1 1 1 0 0 1 1 1 1 1 1 0 1 1 1 0 1 1 0 1 0 1 0 1 1 1 0 0 0 1 1 0 0 0 1 0 0 0 1 0 1 1 1 1 0 1 1 1 0 0 0 0 0 0 0 0 0 1 1 1 1 1 1 0 1 0 0 0 1 1 0 1 1 1 1 0 0 0 1 1 0 0 1 1 0 1 0 1 0 1 0 0 0 1 0 1 1 1 0 0 1 1 1 1 0 1 0 1 0 1 0 0 1 0 1 0 1 1 0 0 1 0 0 1 1 1 1 1 1 0 1 1 0 1 0 1 0 1 1 0 0 0 0 1 0 1 1 1 0 1 1 1 0 0 1 1 1 0 1 0 1 0 1 0 0 0 1 0 1 0 0 1 0 0 1
1 1 1 1 0 1 0 1 1 1 1 1 1 1 1 1 0 0 1 1 0 0 1 1 1 0 0 0 0 0 1 0 0 1 0 1 0 0 0 0 1 0 0 0 0 1 0 1 1 1 0 1 1 0 1 0 1 1 0 0 1 0 1 1 0 0 1 1 0 1 0 0 1 1 1 0 0 1 1 0 0 1 0 1 0 1 1 0 0 1 1 1 1 1 1 0 0 0 1 1 0 1 1 1 0 0 1 0 0 1 0 0 0 1 1 0 1 0 0 1 1 1 1 0 1 1 0 0 0 0 0 0 1 0 1 1 0 1 0 0 0 1 0 0 1 0 0 1 1 0 0 1 1 1 1 0 1 0 0 0 0 1 1 1 1 1 0 0 0 1 0 1 0 1 0 0 1 0 1 1 1 1 1 1 1 0 0 1 1 0 1 0 0 0 0 1 1 0 0 0 0 0 0 0 0 1 0 0 1 0 0 0 0 0 0 0 1 1 1 0 0 1 0 1 1
1 1 0 1 0 0 1 1 0 1 1 1 1 1 0 0 0 1 0 1 0 0 0 1 0 0 0 0 1 0 1 0 0 0 1 0 0 0 1 1 0 0 0 1 1 0 1 1 1 0 0 1 0 0 0 0 0 0 1 0 0 0 0 0 1 1 1 1 1 1 0 1 1 1 1 0 1 0 1 0 1 1 0 0 0 0 0 0 1 1 1 0 0 0 0 0 0 1 0 0 1 0 1 1 0 1 0 1 1 1 0 0 0 1 1 0 1 1 0 0 0 1 0 0 1 1 1 1 1 0 0 1 0 1 1 0 0 1 0 1 1 1 1 0 1 1 1 0 1 1 1 0 1 0 0 0 1 1 0 1 0 0 1 0 0 0 1 1 1 0 0 1 1 1 0 1 0 0 1 1 1 1 0 1 0 1 1 1 0 1 1 1 1 1 0 0 1 0 1 1 0 0 1 0 0 1 1 0 0 1 0 0 1 1 0 0 0 1 1 0 1 0 0 1 1
0 0 1 0 0 1 1 0 1 1 1 1 1 1 1 1 1 0 0 0 0 0 0 0 1 1 0 0 1 0 1 0 1 1 1 0 0 1 1 1 1 0 0 0 0 1 0 0 0 1 1 0 0 1 1 1 0 0 1 0 1 1 1 0 1 0 1 0 1 1 0 1 0 1 1 1 1 1 1 1 1 1 1 1 1 1 1 0 1 0 0 0 0 0 1 0 0 1 1 1 1 1 0 1 0 0 1 1 1 0 1 0 0 1 1 0 0 0 1 1 1 0 1 1 1 0 0 1 1 0 0 0 1 1 0 0 0 0 1 1 1 1 1 0 0 1 1 0 1 1 1 0 0 1 1 1 1 1 1 1 1 1 1 1 0 1 1 1 0 1 1 1 0 0 1 1 1 1 0 0 1 0 1 1 1 1 1 1 1 0 1 0 0 1 0 1 1 0 1 1 0 0 1 0 0 0 1 1 1 1 1 0 1 0 1 1 0 1 1 1 1 1 1 0 0
0 0 0 1 0 1 0 0 1 0 1 1 0 1 1 0 0 1 1 0 0 1 0 0 0 1 0 0 0 1 1 1 0 1 1 1 0 1 1 1 0 1 1 0 1 1 1 1 1 0 1 0 1 0 0 1 1 1 0 0 0 0 0 0 0 0 1 1 0 0 1 1 1 1 1 0 1 1 1 0 1 0 0 0 0 0 1 0 1 1 0 0 0 1 1 0 0 0 0 0 0 0 1 1 1 0 1 0 0 0 1 0 1 0 1 1 0 0 1 1 0 1 1 1 1 1 0 0 1 1 0 0 1 0 0 1 1 0 0 1 0 0 1 0 1 0 0 0 0 0 1 1 1 1 1 1 0 1 1 0 1 1 0 1 0 0 0 1 1 0 0 1 1 0 0 0 0 0 0 0 0 1 1 1 1 0 1 0 0 0 0 0 1 1 1 0 0 1 1 0 1 0 1 1 1 1 1 1 0 0 0 0 1 1 0 0 0 1 0 1 1 1 1 1 1
1 0 0 0 0 0 0 0 0 0 0 0 0 1 0 0 1 1 0 0 0 0 0 1 0 0 0 1 0 0 0 1 0 0 1 0 0 1 1 1 0 1 0 1 0 1 0 1 0 0 0 0 1 0 1 1 1 0 1 0 1 1 0 0 0 0 1 1 0 0 0 1 1 0 1 0 1 0 0 0 0 0 0 1 1 1 1 0 0 0 1 1 1 0 0 1 0 1 0 1 0 1 0 1 0 1 1 0 0 1 0 0 0 0 0 0 0 0 0 0 1 0 0 1 1 0 0 0 0 0 0 0 1 1 1 1 1 0 1 1 1 1 0 1 0 1 0 1 0 1 1 0 0 0 0 1 1 0 0 1 1 1 1 0 0 0 0 0 1 0 1 0 1 0 1 0 1 0 1 0 1 0 1 0 1 1 0 0 0 1 1 0 0 0 1 0 0 0 1 0 0 1 0 1 1 1 0 1 0 0 0 1 0 0 0 1 0 0 0 0 1 0 0 1 0
1 1 0 0 1 0 1 0 0 1 1 0 0 1 0 1 0 0 0 1 1 0 1 0 1 1 1 0 1 1 0 0 0 0 1 1 0 1 1 1 1 1 1 0 0 1 1 0 1 1 0 0 1 0 1 1 1 0 0 1 0 1 0 0 1 0 1 1 1 1 0 0 1 0 0 1 1 0 0 1 0 0 1 0 0 0 1 0 0 1 1 1 0 0 1 0 0 0 0 0 1 1 1 1 0 0 1 0 1 0 1 1 0 1 1 0 0 1 0 1 0 0 0 1 1 0 1 0 1 1 1 0 1 1 0 0 1 1 0 1 0 0 0 1 0 0 0 0 0 0 0 1 1 1 1 0 1 1 0 1 1 0 0 0 1 1 0 1 1 0 0 0 1 1 1 1 1 0 0 0 1 0 1 0 0 0 0 1 1 1 0 1 0 0 0 0 1 1 0 0 0 0 0 1 1 0 0 0 1 0 0 1 0 1 1 1 0 1 0 1 1 0 1 1 0
1 0 1 0 0 0 0 1 0 0 1 0 1 0 0 0 0 0 1 0 0 0 0 1 0 1 0 1 0 1 0 0 1 0 1 1 1 0 0 1 0 0 1 0 0 0 1 0 1 0 1 1 0 1 1 1 1 0 0 0 1 0 1 1 0 1 0 0 0 0 1 0 1 0 0 0 1 0 1 0 0 1 0 1 0 0 0 1 1 1 1 1 0 0 1 1 1 1 1 1 0 1 1 1 0 1 1 1 0 0 1 0 0 0 1 0 1 0 0 1 0 0 0 0 1 0 0 1 1 1 0 1 1 1 0 0 0 0 1 0 0 1 1 1 1 1 1 1 1 1 0 1 1 1 1 0 1 1 0 1 1 0 0 1 0 0 1 1 1 1 1 0 0 0 1 0 1 1 1 1 1 1 1 1 0 0 0 0 0 1 0 0 1 0 0 1 0 1 0 1 1 0 0 1 1 0 1 0 0 1 1 1 0 1 0 1 1 1 1 1 0 1 1 0 0
1 1 0 0 1 0 1 0 0 1 0 0 0 0 1 1 1 0 1 0 1 1 1 1 1 0 0 1 0 0 0 0 0 1 0 1 0 0 0 0 0 0 1 1 1 0 1 0 1 1 1 0 0 0 1 0 0 0 1 1 1 1 0 0 1 0 0 0 1 1 1 0 0 1 0 1 0 1 1 0 0 0 0 1 1 1 0 0 1 0 1 1 1 1 1 1 0 1 0 1 0 1 1 0 1 1 0 0 0 1 1 1 0 0 1 0 0 0 0 1 1 1 0 0 0 1 1 0 0 1 0 0 0 1 1 0 0 1 1 0 1 1 1 1 1 1 0 1 0 1 0 0 0 0 0 0 1 0 0 1 0 0 1 1 1 0 0 1 0 0 1 1 0 0 1 1 1 0 1 0 1 1 0 1 0 1 1 0 1 1 1 1 1 0 0 0 0 0 0 0 1 1 0 0 0 0 1 0 0 0 0 1 1 0 1 1 0 1 0 0 0 1 1 0 0
0 0 1 1 0 1 0 1 1 0 0 1 1 0 1 0 1 1 1 0 0 1 0 1 0 0 0 1 0 0 1 1 1 1 0 0 1 0 0 0 0 0 0 1 1 0 0 1 0 0 1 1 0 1 0 0 0 1 1 0 1 0 1 1 0 1 0 0 0 0 1 1 0 1 1 0 0 1 1 0 1 1 0 1 1 1 0 1 1 0 0 0 1 1 0 1 1 1 1 1 0 0 0 0 1 1 0 1 0 1 0 0 1 0 0 1 1 0 1 0 1 1 1 0 0 1 0 1 0 0 0 1 0 0 1 1 0 0 1 0 1 1 1 0 1 1 1 1 1 1 1 0 0 0 0 1 0 0 1 0 0 1 1 1 0 0 1 0 0 1 1 1 0 0 0 0 0 1 1 1 0 1 0 1 1 1 1 0 0 0 1 0 1 1 1 1 0 0 1 1 1 1 1 0 0 1 1 1 0 1 1 0 1 0 0 0 1 0 1 0 0 1 0 0 1
0 0 0 0 1 0 0 0 0 0 0 0 1 1 1 0 0 0 1 1 0 1 0 1 0 0 1 1 1 0 0 0 0 1 1 0 1 1 1 1 1 1 0 0 1 1 0 0 0 1 1 1 1 1 0 1 1 0 0 0 1 1 1 1 1 1 1 1 0 1 1 0 1 1 0 1 1 0 1 1 0 0 1 1 0 0 1 0 1 0 0 0 0 1 0 1 1 1 0 1 1 0 0 1 1 1 1 0 1 0 0 1 0 1 0 0 1 1 0 0 0 1 0 1 1 1 0 0 0 0 1 0 1 0 0 0 1 0 1 1 0 1 1 0 1 1 0 1 1 1 0 0 0 0 0 0 0 0 0 0 1 0 0 1 1 1 1 0 1 1 1 1 1 1 0 1 0 0 1 0 0 1 1 1 0 0 1 1 1 0 0 1 1 0 0 0 0 0 0 1 1 0 0 1 1 0 1 0 1 1 1 0 1 0 0 0 0 0 0 0 1 1 0 1 0
0 1 0 0 1 0 1 0 0 1 1 0 1 1 0 1 1 1 1 0 1 0 1 0 1 1 0 0 0 1 0 1 0 0 0 0 1 0 1 0 0 1 0 1 0 1 0 1 0 1 1 1 1 1 0 0 0 0 1 1 0 1 1 1 1 1 1 1 1 1 1 1 0 0 1 1 0 0 1 0 0 0 0 0 1 1 1 0 1 1 0 0 1 0 0 0 1 0 0 0 0 0 0 0 0 0 0 0 0 1 0 1 0 1 0 0 1 0 0 0 1 0 0 1 0 0 1 0 1 0 0 0 0 0 1 1 1 1 0 1 1 0 1 0 1 0 0 0 1 0 1 1 1 1 1 1 0 1 0 0 0 1 1 1 1 0 1 0 0 1 0 0 1 0 0 1 0 0 0 0 0 1 0 1 1 1 0 0 1 0 1 1 1 0 1 0 1 1 1 1 1 1 0 0 0 1 1 1 0 1 1 0 0 1 1 0 0 0 0 1 1 1 0 1 0
1 0 1 1 0 1 0 1 1 0 0 1 0 0 1 0 0 0 0 1 0 1 0 1 0 0 1 1 1 0 1 0 1 1 1 1 0 0 0 1 1 0 1 0 1 0 1 0 1 0 0 0 0 0 1 1 1 1 0 0 1 0 0 0 0 0 0 0 0 0 0 0 1 1 0 0 1 1 0 1 1 1 1 1 0 0 0 1 0 0 1 1 0 1 1 1 0 1 1 1 1 1 1 1 1 1 1 1 1 0 1 0 1 0 1 1 0 1 1 1 0 1 1 0 1 1 0 1 0 1 1 1 1 1 0 0 0 0 1 0 0 1 0 1 0 1 1 1 0 1 0 0 0 0 0 0 1 0 1 1 1 0 0 0 0 1 0 1 1 0 1 1 0 1 1 0 1 1 1 1 1 0 1 0 0 0 1 1 0 1 0 0 0 1 0 1 0 0 0 0 0 0 1 1 1 0 0 0 1 0 0 1 1 0 0 1 1 1 1 0 0 0 1 0 1
0 0 1 0 1 0 0 1 0 0 0 0 0 0 0 0 1 1 1 1 0 0 0 0 0 0 1 0 1 0 0 1 1 0 1 1 0 0 0 1 1 0 1 1 0 0 1 1 1 1 1 0 0 0 0 1 1 0 1 0 0 1 0 0 1 0 0 0 0 1 1 1 1 0 1 1 1 0 1 1 0 1 1 0 1 1 0 1 1 0 0 0 1 0 1 0 0 0 1 0 1 0 1 1 0 0 1 1 1 1 1 1 0 1 1 0 0 1 0 1 1 0 0 0 1 0 0 1 0 1 1 1 1 0 1 1 0 0 0 0 1 0 1 0 1 0 1 0 0 0 1 0 0 0 0 1 0 0 0 0 1 1 1 1 1 1 0 1 1 0 0 0 0 1 0 1 0 1 0 1 0 1 1 1 1 1 0 1 1 0 1 1 1 0 1 1 0 0 1 0 1 1 0 1 1 1 1 1 1 0 0 0 0 0 0 0 1 1 1 0 0 1 1 0 0
1 1 0 0 0 0 1 0 0 1 0 0 1 0 1 1 0 1 1 1 1 1 1 0 1 0 1 0 1 0 0 1 0 1 1 0 1 0 0 1 1 0 0 0 1 0 0 1 0 0 1 1 0 1 1 1 1 0 0 1 0 0 1 1 0 1 0 0 1 0 1 1 1 1 1 0 1 1 1 1 0 0 1 0 0 0 0 0 1 0 1 1 0 1 0 0 1 0 0 0 1 1 0 1 1 0 1 0 1 0 0 0 0 0 0 0 1 1 0 0 0 1 0 0 1 1 1 0 0 0 1 0 1 1 0 1 0 1 0 0 0 0 1 1 1 0 0 0 1 0 1 0 0 0 0 1 1 0 0 1 1 1 0 1 0 1 1 0 1 1 0 1 0 1 1 0 1 0 0 0 1 1 1 1 1 0 1 1 0 1 0 0 1 0 1 0 1 0 1 1 1 0 0 1 1 1 1 1 1 1 1 1 1 0 1 1 0 0 0 0 0 1 0 0 0
0 1 0 1 1 1 1 0 1 1 0 1 1 0 0 1 0 1 0 0 1 0 1 1 1 0 0 1 0 0 1 1 0 0 1 1 1 0 0 1 0 0 1 0 0 0 1 1 1 1 0 1 0 1 0 1 1 1 0 1 1 1 1 1 1 1 0 0 1 1 0 1 1 0 1 1 1 0 0 0 1 0 0 1 0 0 0 0 0 0 0 0 0 0 1 1 1 1 0 1 0 0 1 1 0 1 1 0 0 0 1 1 1 1 1 1 1 0 1 1 0 0 1 0 1 0 1 0 0 1 0 0 1 0 0 1 0 1 1 0 0 1 0 0 0 1 0 1 1 1 1 0 0 0 0 1 0 0 1 0 1 1 0 0 1 0 1 1 1 1 1 0 0 0 0 1 0 0 1 0 0 0 1 0 1 0 0 0 1 0 0 1 0 1 1 0 1 0 1 1 0 0 1 1 1 1 0 1 0 1 1 0 0 0 1 0 0 1 0 0 0 0 1 0 1
1 1 1 0 1 0 1 1 0 1 0 0 1 0 0 1 1 0 0 1 1 0 1 1 1 0 1 1 1 0 0 0 1 0 0 0 1 0 0 0 1 0 0 1 0 0 0 0 0 1 0 1 0 1 1 0 0 0 1 1 1 1 1 1 1 1 0 0 1 1 0 0 0 0 0 1 0 0 0 1 0 1 1 1 1 1 0 1 0 0 1 1 1 0 0 1 1 1 1 1 1 1 0 0 0 1 0 1 1 1 0 1 0 1 0 0 1 1 0 0 1 0 0 0 0 0 1 1 0 0 1 1 0 1 1 0 0 1 1 0 1 1 0 1 0 1 1 1 1 1 0 0 0 0 0 0 1 0 0 1 0 0 1 0 1 1 1 0 0 1 1 0 0 1 1 1 1 1 1 1 1 0 0 0 0 1 0 1 1 1 1 1 0 0 0 1 1 0 0 1 0 1 0 0 0 0 0 0 1 1 1 1 0 0 1 1 1 0 1 0 0 0 0 0 0
0 1 0 1 1 1 1 0 1 1 0 1 0 1 1 1 1 1 0 1 1 1 1 0 1 0 1 0 1 0 1 1 0 1 0 0 0 1 1 0 1 1 0 1 1 1 0 1 0 1 0 0 1 0 0 0 0 1 1 1 0 1 0 0 1 0 1 1 1 1 0 1 0 1 1 1 0 1 0 1 1 0 1 0 1 1 1 0 0 0 0 0 1 1 0 0 0 0 0 0 1 0 0 0 1 0 0 0 1 1 0 1 1 1 0 1 0 1 1 0 1 1 1 1 0 1 1 0 0 0 1 0 0 0 1 1 1 1 0 1 1 0 0 0 0 0 0 0 0 0 1 0 0 0 0 1 0 0 1 0 0 1 1 0 1 1 0 0 0 0 0 1 1 1 0 1 0 0 0 0 0 0 0 0 1 1 1 1 1 0 1 1 0 1 1 0 1 0 1 0 0 1 1 0 0 1 0 1 1 0 0 0 1 0 1 0 0 0 0 0 1 0 1 1 1
1 0 1 0 0 0 0 1 0 0 1 0 0 1 1 0 1 0 1 1 0 1 0 0 0 1 1 0 1 1 0 0 1 1 0 0 0 1 1 0 1 1 0 1 1 1 0 0 0 0 1 0 1 0 1 0 0 0 1 0 0 0 0 0 0 0 1 1 0 0 1 0 0 1 0 0 0 1 1 1 0 1 1 0 1 1 1 1 1 1 1 1 1 1 0 0 0 0 1 0 1 1 0 0 1 0 0 1 1 1 0 0 0 0 0 0 0 1 0 0 1 1 0 1 0 1 0 1 1 0 1 1 0 1 1 0 1 0 0 1 1 0 1 1 1 0 1 0 0 0 0 1 1 1 1 0 1 1 0 1 0 0 1 1 0 1 0 0 0 0 0 1 1 1 1 0 1 1 0 1 1 1 0 1 0 1 1 1 0 1 1 0 1 0 0 1 0 1 0 0 1 1 0 0 0 0 1 0 1 0 0 1 1 1 0 1 1 0 1 1 1 1 0 1 0
1 0 0 1 1 1 0 0 1 0 1 1 0 0 0 0 0 1 1 1 0 0 0 1 0 1 1 1 1 1 1 1 0 0 0 0 0 0 0 0 1 0 0 0 0 0 0 1 0 1 1 0 0 0 1 0 0 1 0 0 1 1 0 0 1 0 0 0 0 1 1 1 0 0 1 1 0 0 1 1 1 0 1 1 0 0 0 0 1 0 1 1 0 0 0 1 0 1 0 1 1 1 0 0 0 1 0 0 1 0 0 1 1 1 0 1 0 1 1 0 0 0 1 0 0 0 0 0 1 0 1 0 0 1 0 1 0 0 1 0 0 1 1 1 1 1 0 1 0 1 1 1 1 1 1 1 1 1 1 1 0 1 0 1 1 1 0 0 0 0 1 0 0 1 1 1 1 0 1 0 1 1 0 1 1 0 0 1 1 1 0 1 1 1 1 0 0 1 1 0 1 0 1 0 0 1 1 1 1 0 0 1 0 1 0 1 0 0 0 1 0 1 0 0 1
0 1 0 1 0 1 1 0 1 1 1 1 0 0 0 1 1 0 1 1 1 0 1 1 1 1 1 1 1 1 1 0 0 0 1 0 0 0 0 1 1 0 0 1 0 0 0 0 0 0 1 0 0 0 0 1 1 1 1 1 1 0 0 0 0 0 0 0 1 0 1 0 1 0 0 0 1 0 1 1 1 0 1 1 1 1 0 0 1 1 0 0 1 0 0 1 0 1 1 1 1 0 0 1 0 1 1 0 1 1 0 0 1 0 0 1 0 1 1 0 1 0 1 0 1 0 1 0 1 0 1 1 1 0 1 0 0 1 1 0 1 1 1 0 1 1 0 1 0 1 0 1 1 1 1 0 0 1 1 0 1 0 1 1 0 1 0 0 1 0 1 0 0 1 0 0 0 0 1 0 0 1 1 1 0 1 0 1 0 0 1 0 1 1 0 0 1 1 0 0 1 1 1 1 1 0 1 0 1 0 0 0 0 1 1 0 0 0 0 1 0 1 0 0 1
1 0 0 1 1 1 0 0 1 0 1 1 1 0 1 0 1 0 0 0 0 1 0 0 0 1 0 0 0 1 1 0 0 1 1 0 1 0 0 1 0 0 0 1 1 0 0 0 0 1 0 1 0 1 1 1 1 1 1 0 0 1 1 1 1 1 0 0 0 1 0 0 1 1 0 1 1 1 0 0 1 0 0 0 1 1 0 0 0 1 1 1 1 1 0 0 1 0 0 0 0 1 0 1 1 0 1 0 0 1 0 1 1 1 0 1 1 0 1 0 1 1 1 0 1 1 0 0 1 0 0 0 1 1 1 0 0 0 0 0 1 0 0 1 0 0 0 0 1 0 0 1 1 1 1 0 1 1 1 1 1 0 1 0 1 0 1 0 1 1 0 1 0 0 1 1 1 0 0 0 1 0 1 0 0 1 1 0 1 1 1 1 0 1 0 0 0 1 0 1 0 1 1 1 1 0 0 0 0 1 1 1 1 1 0 1 0 0 0 1 0 0 0 0 1
1 0 1 0 1 0 0 1 0 0 0 0 1 1 1 0 0 1 0 0 0 1 0 0 0 0 0 0 0 0 0 1 1 1 0 1 1 1 1 0 0 1 1 0 1 1 1 1 1 1 0 1 1 1 1 0 0 0 0 0 0 1 1 1 1 1 1 1 0 1 0 1 0 1 1 1 0 1 0 0 0 1 0 0 0 0 1 0 1 0 1 1 0 1 1 0 1 0 1 0 0 1 1 0 1 0 0 1 0 0 1 1 0 1 1 0 1 0 0 1 0 1 0 1 0 1 0 1 0 1 0 1 0 1 0 1 1 0 0 1 0 0 0 1 0 0 1 0 1 0 1 0 0 0 0 1 1 0 0 1 0 1 0 0 1 0 1 1 0 1 0 1 1 0 1 1 1 1 0 1 1 0 0 0 1 0 1 0 1 1 0 1 0 0 1 1 0 0 1 1 0 0 0 0 0 1 0 1 0 1 1 1 1 0 0 1 1 1 1 0 1 0 1 1 0
0 0 1 1 0 1 0 1 1 0 1 1 1 1 0 0 0 1 0 1 0 0 0 0 0 1 1 0 1 1 1 1 1 0 1 0 1 1 1 1 1 1 0 0 0 1 0 1 0 0 0 1 1 1 0 1 1 1 0 0 0 0 1 1 0 1 1 1 0 0 0 1 1 0 1 0 1 0 0 1 1 1 1 0 0 0 1 1 0 1 0 0 0 0 0 0 1 0 1 0 1 0 0 1 0 0 1 1 1 0 0 0 1 0 0 1 1 1 1 0 0 0 1 1 1 0 0 1 1 0 1 1 1 0 0 1 1 0 0 1 0 0 0 0 0 0 1 0 1 0 1 1 1 1 1 1 0 1 1 0 1 1 0 0 0 1 1 0 1 1 0 0 1 1 0 0 0 1 0 1 0 0 1 0 1 0 0 1 0 0 0 0 0 1 1 1 0 1 1 1 0 0 1 1 1 1 0 1 1 1 1 0 0 1 0 0 1 0 1 1 1 0 0 1 1
0 1 1 0 1 0 1 1 0 1 1 0 0 0 1 1 0 1 0 0 1 1 1 1 1 1 0 1 0 1 0 1 1 1 1 0 0 0 0 1 0 0 0 0 1 0 0 1 0 1 0 0 0 0 0 1 1 0 0 1 1 1 0 0 1 0 0 0 1 1 0 1 1 1 1 1 1 1 0 0 0 1 0 1 0 0 0 1 0 1 0 0 0 1 0 1 0 1 1 1 0 0 0 1 1 1 1 1 0 0 0 1 0 1 0 0 0 0 0 0 0 1 0 0 1 1 1 1 1 0 0 1 1 0 0 1 0 1 1 0 0 1 0 0 0 1 1 1 0 1 1 1 1 1 1 1 0 1 0 0 1 1 0 0 1 0 0 0 1 0 1 1 0 0 0 1 0 1 1 1 0 0 1 0 1 0 1 0 1 0 0 1 0 0 1 1 1 1 1 0 0 0 0 1 1 1 0 1 0 0 0 0 1 1 1 0 1 0 1 1 0 0 0 0 0
1 1 1 1 1 1 1 1 1 1 0 1 0 1 0 1 0 0 1 0 1 0 1 0 1 0 0 0 0 0 1 0 1 0 1 0 0 1 1 1 0 1 0 0 0 1 0 0 0 1 1 0 1 0 1 1 1 1 0 1 0 1 0 0 1 0 1 1 1 1 1 0 1 0 0 1 1 0 1 0 1 1 0 0 0 0 1 1 1 0 1 1 0 0 0 0 0 0 1 0 0 1 0 1 0 0 1 1 0 0 0 1 1 1 0 1 0 0 1 0 0 0 1 1 1 0 1 1 0 0 0 1 1 1 0 0 1 1 0 1 0 0 1 1 1 0 1 0 0 0 0 0 0 0 0 0 1 0 1 1 1 0 0 1 1 0 0 0 1 0 0 0 1 0 1 1 1 1 0 1 1 1 1 1 0 0 0 0 1 1 0 1 1 1 0 1 1 0 0 0 1 0 1 1 1 0 1 0 0 0 0 1 0 0 1 1 1 0 1 0 1 1 0 1 1
1 0 0 1 0 1 0 0 1 0 0 1 1 1 0 0 1 0 1 1 0 0 0 0 0 0 1 0 1 0 1 0 0 0 0 1 1 1 1 0 1 1 1 1 0 1 1 0 1 0 1 1 1 1 1 0 0 1 1 0 0 0 1 1 0 1 1 1 0 0 1 0 0 0 0 0 0 0 1 1 1 0 1 0 1 1 1 0 1 0 1 1 1 0 1 0 1 0 0 0 1 1 1 0 0 0 0 0 1 1 1 0 1 0 1 1 1 1 1 1 1 0 1 1 0 0 0 0 0 1 1 0 0 1 1 0 1 0 0 1 1 0 1 1 1 0 0 0 1 0 0 0 0 0 0 0 1 0 1 1 0 0 1 1 0 1 1 1 0 1 0 0 1 1 1 0 1 0 0 0 1 1 0 1 0 1 0 1 0 1 1 0 1 1 0 0 0 0 0 1 1 1 1 0 0 0 1 0 1 1 1 1 0 0 0 1 0 1 0 0 1 1 1 1 1
0 1 1 0 1 1 1 0 0 1 0 1 0 1 1 0 0 0 1 1 0 0 0 0 1 1 1 0 0 0 1 1 1 1 1 0 0 1 1 0 1 0 1 0 1 1 0 1 0 0 0 1 0 0 1 0 1 1 1 1 1 0 1 1 1 1 0 1 1 1 0 1 1 0 1 1 0 0 1 0 0 0 0 1 1 1 1 1 0 1 0 1 0 1 1 0 1 0 0 0 0 0 0 0 0 0 0 1 1 0 0 0 0 0 0 0 1 1 1 0 0 0 0 1 1 0 1 1 0 1 1 0 0 1 0 1 1 0 1 0 1 1 0 0 0 1 1 0 1 1 0 1 1 0 0 0 0 0 1 0 0 1 0 1 0 1 0 1 0 0 1 0 0 0 1 1 1 0 1 1 0 1 1 1 0 1 1 1 1 1 0 0 1 0 0 0 1 1 1 0 0 1 0 1 1 1 0 0 0 0 0 1 0 1 0 1 0 0 1 1 0 1 1 0 1
1 0 1 1 0 1 0 1 0 1 1 1 0 0 0 1 0 1 0 0 0 0 1 0 1 0 0 1 0 1 0 1 0 1 0 1 1 1 1 0 0 1 0 1 1 0 0 0 1 0 0 0 0 0 1 0 1 0 0 0 0 1 0 1 0 0 0 1 1 1 0 1 1 1 0 0 0 1 0 1 0 0 0 0 1 1 0 1 0 0 0 1 0 0 0 0 0 0 0 1 0 0 0 1 0 0 1 0 1 0 0 0 0 1 0 0 1 1 1 1 1 0 0 0 0 0 0 0 1 1 0 0 0 0 0 0 0 0 0 1 1 1 1 1 0 0 0 0 0 1 0 0 1 0 0 0 0 0 0 0 1 0 0 0 0 0 1 0 0 1 1 0 0 1 0 1 0 1 0 1 0 0 0 1 1 0 0 1 1 0 1 1 1 1 0 0 0 1 0 0 1 0 1 1 0 1 1 1 1 0 0 1 1 0 0 0 1 0 0 1 0 1 1 1 0
1 0 1 0 1 1 1 0 1 1 0 0 0 1 1 0 0 0 1 1 1 1 0 1 0 1 0 0 1 0 0 0 0 0 1 0 1 0 1 1 0 1 0 0 1 0 1 0 1 0 1 0 1 1 0 1 1 0 1 1 0 0 1 0 0 1 1 1 1 1 0 1 0 1 0 0 1 0 0 0 0 1 1 0 1 1 0 0 1 0 1 1 1 1 0 0 0 0 1 1 1 1 1 0 0 1 1 1 1 0 0 1 0 0 1 1 1 1 1 0 0 1 1 1 1 0 0 0 1 1 1 0 0 0 1 0 0 0 1 0 0 1 0 0 0 0 0 1 0 1 1 0 0 1 1 0 1 1 1 0 0 1 1 0 0 0 0 0 0 0 0 1 1 0 0 0 1 0 1 1 0 0 0 1 0 0 0 0 1 1 1 1 0 0 1 0 0 1 1 0 0 1 1 1 0 1 1 1 1 1 1 1 0 0 0 0 1 0 1 1 0 1 1 0 1
1 1 0 1 1 0 0 1 0 0 1 0 0 0 1 1 0 1 1 1 0 1 1 1 0 0 1 1 0 1 0 0 0 0 0 1 1 0 0 1 1 1 1 1 0 1 1 1 1 0 1 1 1 1 0 1 0 1 1 1 1 1 0 0 1 1 1 0 0 0 0 0 0 1 1 0 0 1 1 1 0 1 1 1 0 0 1 0 1 0 1 0 1 0 0 0 0 0 0 1 1 1 1 1 0 1 1 1 0 0 0 0 0 1 0 1 0 0 0 1 1 0 1 1 1 0 0 1 1 0 0 0 0 0 0 0 0 0 1 1 0 0 1 1 0 0 1 0 1 0 0 1 0 0 1 0 0 1 0 0 1 1 1 0 0 0 1 1 0 1 0 1 0 1 1 1 1 1 0 0 0 1 1 0 1 1 0 0 0 0 1 1 0 1 1 0 1 0 0 0 1 0 1 0 1 0 1 1 1 1 0 0 1 1 0 1 1 0 0 0 0 0 0 1 1
0 1 0 1 0 0 0 1 0 0 1 1 1 0 0 1 1 1 0 0 0 0 1 0 1 0 1 1 0 1 1 1 1 1 0 1 0 1 0 0 1 0 1 1 0 1 0 1 0 1 0 1 0 0 1 0 0 1 0 0 1 1 0 1 1 0 0 0 0 0 1 0 1 0 1 1 0 1 1 1 1 0 0 1 0 0 1 1 0 1 0 0 0 0 1 1 1 1 0 0 0 0 0 1 1 0 0 0 0 1 1 0 1 1 0 0 0 0 0 1 1 0 0 0 0 1 1 1 0 0 0 1 1 1 0 1 1 1 0 1 1 1 1 1 1 1 1 0 1 0 0 1 1 0 0 1 0 0 0 1 1 0 0 1 1 1 1 1 1 1 1 0 0 1 1 0 0 1 0 0 1 1 1 0 1 1 1 1 0 0 0 0 1 1 0 1 1 0 0 1 1 0 0 0 1 0 0 0 0 0 0 0 1 1 1 1 0 1 0 0 1 0 0 1 0
0 1 1 1 0 1 0 0 1 1 1 0 0 0 0 0 0 1 0 0 1 0 1 0 0 0 1 1 1 0 0 0 0 0 0 0 0 0 1 1 1 0 1 0 1 1 0 1 0 0 1 1 1 1 0 0 1 1 0 0 1 1 0 0 1 0 0 1 1 1 1 1 0 0 1 0 1 0 1 0 1 0 0 1 1 1 1 0 0 0 1 1 0 0 0 1 0 0 1 0 1 0 1 1 0 1 0 0 1 1 0 1 0 0 1 0 1 1 1 1 1 1 1 0 0 1 0 1 0 1 0 1 1 0 1 0 0 0 0 1 0 1 0 0 0 0 1 1 1 1 1 1 0 1 1 1 1 0 0 0 0 0 1 0 1 0 0 1 0 1 0 1 1 1 1 0 0 1 0 1 1 1 1 1 0 1 0 0 1 0 0 0 0 0 1 0 1 1 0 1 1 0 0 1 1 1 0 0 0 0 1 1 1 1 1 1 0 1 0 1 0 1 1 0 0
0 0 0 0 0 0 1 1 0 0 0 1 0 1 0 1 0 0 0 0 0 1 0 1 1 1 0 0 0 1 0 1 0 1 1 1 0 1 0 1 1 0 1 1 1 0 1 1 0 0 1 1 1 1 1 1 0 0 0 0 1 0 1 1 0 0 1 1 1 1 1 1 1 0 0 0 0 1 1 1 1 1 1 0 0 1 1 1 1 0 1 1 1 1 0 1 0 0 0 0 1 1 1 0 0 1 0 0 1 1 0 0 0 1 0 1 0 0 1 0 0 0 1 0 0 1 0 0 0 1 1 1 1 0 0 0 0 0 0 0 1 1 1 1 0 0 1 0 0 0 0 1 1 0 1 1 0 1 1 0 1 0 1 0 1 0 1 0 0 0 1 1 0 0 0 1 0 0 1 1 1 0 0 0 1 1 0 1 0 1 0 0 1 1 1 0 1 0 1 1 0 1 0 1 1 0 0 0 0 1 0 0 0 0 1 1 0 1 1 1 0 1 0 1 0
1 0 0 0 0 0 1 1 0 0 0 1 1 1 1 1 1 0 1 1 0 1 0 1 1 1 0 0 0 1 1 1 1 1 1 1 1 1 0 0 0 1 0 1 0 0 1 0 1 1 0 0 0 0 1 1 0 0 1 1 0 0 1 1 0 1 1 0 0 0 0 0 1 1 0 1 0 1 0 1 0 1 1 0 0 0 0 1 1 1 0 0 1 1 1 0 1 1 0 1 0 1 0 0 1 0 1 1 0 0 1 0 1 1 0 1 0 0 0 0 0 0 0 1 1 0 1 0 1 0 1 0 0 1 0 1 1 1 1 0 1 0 1 1 1 1 0 0 0 0 0 0 1 0 0 0 0 1 1 1 1 1 0 1 0 1 1 0 1 0 1 0 0 0 0 1 1 0 1 0 0 0 0 0 1 0 1 1 0 1 1 1 1 1 0 1 0 0 1 0 0 1 1 0 0 0 1 1 1 1 0 0 0 0 0 0 1 0 1 0 1 0 0 1 1
0 1 1 0 1 1 0 1 0 1 0 0 1 0 1 1 1 0 1 1 0 1 0 1 0 0 1 0 0 1 0 0 0 0 0 1 0 0 1 0 0 0 0 1 1 1 1 0 0 1 0 0 0 0 0 1 1 1 1 1 0 0 0 0 1 1 1 1 1 1 1 1 0 0 1 0 0 1 0 1 1 1 1 1 1 1 0 0 1 0 0 1 1 0 0 1 0 1 0 0 0 1 0 0 1 0 0 1 1 1 1 0 1 1 0 1 1 1 1 0 0 0 0 1 1 1 0 1 0 1 0 1 1 0 0 0 0 1 1 0 0 1 1 1 1 0 0 0 1 1 0 0 0 0 0 1 0 1 0 1 1 1 0 0 1 0 1 1 1 0 0 0 0 0 1 0 1 0 0 1 1 1 1 1 1 0 0 0 1 0 0 0 0 1 0 1 0 1 0 1 0 0 0 1 0 1 0 0 0 1 0 1 0 1 1 0 0 1 0 1 1 1 1 1 1
1 1 1 1 1 1 0 0 1 1 1 0 1 0 1 0 1 1 1 1 1 0 1 0 0 0 1 1 1 0 1 0 1 0 0 0 1 0 1 0 0 1 0 0 0 1 0 0 1 1 0 0 0 0 0 0 1 1 1 1 0 1 0 0 1 1 0 0 0 0 0 0 0 1 1 1 1 0 0 0 0 0 0 1 1 0 0 0 0 1 0 0 0 0 1 0 1 1 1 1 0 0 0 1 1 0 1 1 0 0 1 1 1 0 1 0 1 1 0 1 1 1 0 1 1 0 1 1 1 0 0 0 0 1 1 1 1 1 1 1 0 0 0 0 1 1 0 1 1 1 1 0 0 1 0 0 1 0 0 1 0 1 0 1 0 1 0 1 1 1 0 0 1 1 1 0 1 1 0 0 0 1 1 1 0 0 1 0 1 0 1 1 0 0 0 1 0 1 0 0 1 0 1 0 0 1 1 1 1 0 1 1 1 1 0 0 1 0 0 0 1 0 1 0 1
0 1 0 1 1 0 1 1 1 0 1 1 0 1 1 1 0 1 1 1 1 0 1 0 1 1 1 1 1 1 0 1 0 1 1 1 0 1 0 0 0 0 0 1 0 1 0 0 0 0 0 0 0 0 1 0 0 1 1 1 0 1 1 1 1 1 0 0 0 0 1 0 1 0 1 0 1 1 0 1 1 0 0 1 0 0 0 1 0 0 0 0 0 1 0 1 0 0 1 0 0 0 0 1 0 0 0 1 0 1 0 1 0 1 1 0 0 0 0 1 1 1 0 1 1 1 0 1 0 0 1 1 1 0 1 0 0 0 1 1 1 0 1 1 0 0 0 1 1 0 1 0 1 1 0 1 1 0 1 0 1 1 0 0 1 0 1 1 0 1 1 0 1 1 1 1 1 1 1 0 1 1 1 0 1 0 0 1 0 1 0 0 1 1 0 0 0 0 1 1 1 1 0 0 0 0 0 0 0 0 1 0 1 1 1 0 0 1 1 0 0 0 0 1 1
0 0 1 0 1 1 0 1 1 1 0 1 1 0 1 1 1 0 0 1 1 0 0 0 1 0 0 0 1 1 0 1 0 1 0 1 0 1 1 1 1 0 1 1 0 0 0 1 0 1 1 1 1 1 1 0 1 0 1 1 1 0 0 1 0 1 0 0 0 0 0 0 1 0 0 0 1 1 1 1 0 0 0 0 1 0 1 1 0 0 1 0 0 0 0 0 0 1 1 0 1 0 1 0 1 1 0 1 0 0 1 1 1 1 1 0 1 1 0 0 0 1 1 1 1 0 1 0 0 0 0 0 0 0 1 0 0 1 1 0 1 0 1 1 1 0 1 1 0 1 1 0 1 1 1 0 1 0 0 1 1 1 1 0 0 0 1 0 1 0 1 1 1 0 0 1 1 0 0 0 0 0 0 1 1 1 0 1 1 0 0 0 1 1 1 1 1 1 0 0 0 0 0 0 1 1 0 0 0 0 1 1 0 0 0 1 0 0 0 0 1 0 1 1 1
1 1 1 0 0 1 0 0 1 1 0 1 0 0 0 0 0 0 0 0 1 1 0 1 1 0 1 0 1 0 0 1 0 1 0 0 1 1 1 0 1 1 1 0 0 1 1 1 1 0 0 1 0 0 1 1 1 1 0 0 1 0 0 1 1 0 1 0 0 0 1 0 1 1 1 0 1 0 1 0 1 1 1 1 1 0 1 1 1 0 0 0 1 0 0 0 0 0 1 1 0 1 0 0 0 0 1 0 0 1 0 1 0 0 1 1 1 1 0 0 0 1 0 0 0 1 0 1 1 0 0 1 1 0 1 0 0 0 0 0 1 0 0 0 0 0 1 1 1 1 1 1 1 1 0 1 1 1 0 0 0 0 0 0 1 0 0 1 0 0 1 0 1 0 1 1 0 0 0 0 1 1 1 1 0 1 0 1 1 0 1 1 1 0 0 0 1 1 0 1 0 0 1 0 1 1 1 1 1 1 1 1 0 1 1 1 1 1 0 0 0 0 1 0 0
0 0 1 1 1 1 0 0 0 1 1 1 0 0 1 0 0 1 1 1 0 1 1 1 1 0 0 1 0 0 1 1 1 1 0 0 0 1 1 1 0 0 0 0 0 0 1 0 0 0 1 0 1 1 1 1 1 0 1 1 0 1 0 1 0 1 1 0 0 0 1 0 1 0 0 1 0 0 0 0 1 1 1 0 1 0 0 1 0 1 1 0 1 0 1 1 1 0 0 0 1 1 1 1 0 1 0 1 0 1 0 0 0 0 0 1 1 1 0 1 1 0 1 1 1 1 1 0 0 0 0 1 1 1 0 1 1 0 1 1 1 0 0 0 0 1 0 0 0 1 0 0 1 0 1 1 0 1 0 0 0 1 1 1 1 1 0 0 0 1 1 1 0 1 0 1 1 1 0 0 1 0 0 1 0 0 1 1 1 0 0 0 1 0 1 0 0 1 0 1 1 0 0 0 0 1 0 0 0 1 0 1 1 0 1 0 0 1 0 0 0 0 1 0 1
1 0 0 1 0 0 0 1 1 0 1 0 1 0 0 1 1 1 0 0 1 1 1 1 0 0 0 1 1 1 0 0 0 0 0 1 1 0 0 1 0 1 0 1 0 0 0 0 1 1 1 0 1 1 0 1 0 0 0 0 0 1 0 0 0 0 1 0 0 0 1 0 0 1 0 0 1 1 0 1 1 1 1 0 0 0 0 0 1 0 1 0 1 0 0 1 0 1 1 1 1 1 1 1 1 1 1 0 0 1 1 1 1 1 1 1 0 0 0 1 1 1 1 0 0 1 0 0 1 0 0 1 1 0 1 0 0 1 0 1 0 0 1 1 1 0 0 1 0 0 1 0 0 1 1 1 1 1 0 1 1 0 1 0 1 0 1 0 1 1 0 1 1 1 0 0 0 1 0 0 1 0 0 0 1 0 0 0 0 0 1 1 0 1 1 1 0 0 0 1 1 0 1 0 0 0 1 1 1 1 1 0 1 0 1 0 1 1 0 0 1 0 0 1 0
1 1 0 1 0 0 1 0 0 0 1 0 0 1 0 0 0 1 0 0 0 1 1 1 0 1 1 1 0 0 1 0 1 0 1 0 1 0 0 0 0 1 0 0 1 1 1 0 1 0 0 0 0 0 0 1 0 1 0 0 0 1 1 0 1 0 1 1 1 1 1 1 0 1 1 1 0 0 0 0 1 1 1 1 0 1 0 0 1 1 0 1 1 1 1 1 1 0 0 1 0 1 0 1 0 0 1 0 1 1 0 0 0 0 0 1 0 0 1 1 1 0 0 0 0 1 1 1 1 1 1 1 1 1 0 1 1 0 0 1 0 1 0 0 0 1 0 0 1 0 0 0 0 0 0 1 0 1 1 0 0 0 0 1 1 1 0 1 0 1 0 0 0 1 1 0 0 1 1 1 1 1 1 0 0 0 1 0 0 1 1 1 0 0 0 0 0 0 1 1 1 1 1 1 0 0 1 1 1 1 0 0 1 1 1 0 1 1 1 1 0 1 0 0 0
0 1 0 0 0 0 0 1 1 0 0 1 0 0 0 1 0 0 0 0 1 1 0 1 1 0 1 0 1 1 1 1 1 1 0 1 0 1 0 1 0 0 0 1 1 1 1 0 0 0 1 0 1 1 1 1 0 1 0 0 0 0 0 1 1 0 1 1 1 1 0 1 1 0 1 1 1 1 0 1 0 1 1 1 0 1 0 1 1 1 1 1 0 0 1 0 1 0 1 0 1 1 1 0 0 1 0 0 1 0 0 1 0 1 1 1 0 0 1 0 0 1 1 0 0 0 1 1 0 1 0 0 0 1 1 1 1 0 0 0 1 1 1 1 0 1 0 1 1 0 1 0 1 1 1 0 1 1 0 0 1 0 1 1 0 1 1 1 0 0 1 1 1 0 1 1 0 0 0 1 0 1 1 0 1 0 1 1 0 0 0 0 1 1 1 0 0 0 0 0 0 0 0 1 0 0 0 0 0 1 1 0 0 1 0 0 0 0 0 1 0 1 0 1 0
1 1 0 0 0 0 1 1 1 0 0 0 1 1 0 1 1 0 0 0 1 0 0 0 0 1 1 0 1 1 0 0 0 0 1 1 1 0 0 0 1 1 1 1 1 1 0 1 1 1 0 1 0 0 0 0 0 1 0 0 1 0 1 0 1 0 0 1 1 1 0 1 0 1 1 0 1 1 1 1 0 0 0 1 0 1 1 0 0 0 0 1 0 1 0 0 0 1 1 1 0 0 0 0 1 0 1 0 1 0 1 1 1 1 1 0 0 0 1 0 0 1 0 0 0 0 0 1 1 1 1 0 0 0 1 0 0 1 0 0 0 1 1 1 1 0 1 1 1 0 1 1 0 1 0 0 1 0 1 1 1 0 0 0 0 0 1 1 1 0 0 0 1 0 1 0 0 0 1 1 0 1 1 0 1 1 0 0 0 1 1 1 0 1 0 1 1 0 1 0 0 1 1 1 1 0 1 1 1 0 1 0 0 1 0 1 1 0 1 1 1 1 0 1 0
1 0 0 1 0 0 1 0 1 0 1 1 0 1 0 0 0 1 0 0 1 0 1 0 1 1 0 1 1 0 1 1 1 1 1 0 1 1 0 1 1 1 1 0 0 0 0 1 1 0 1 1 1 1 1 0 0 0 0 0 1 1 1 1 0 0 0 0 0 0 0 0 1 1 0 1 1 0 1 0 0 0 0 0 0 0 1 1 0 1 1 0 0 1 1 0 1 0 1 1 1 0 1 1 0 1 1 0 0 0 0 1 0 0 1 0 0 0 0 1 1 1 1 1 0 0 1 0 1 0 1 0 0 1 1 1 1 0 0 1 1 0 0 0 0 1 1 1 0 0 1 1 1 1 1 0 1 0 1 0 0 0 1 1 0 1 0 0 0 1 1 1 1 1 0 1 0 1 1 0 0 0 0 0 0 1 1 1 0 1 1 1 1 0 1 0 1 0 1 0 1 1 1 0 1 0 1 1 1 0 1 0 1 0 0 1 1 0 1 0 0 0 0 0 0
0 0 1 1 0 1 1 1 1 1 1 0 0 1 0 1 0 1 0 0 1 1 1 1 0 1 0 1 1 1 1 0 1 0 1 1 0 0 1 0 1 0 0 1 0 0 1 1 0 0 0 1 0 0 0 1 1 0 0 0 1 1 1 0 0 0 1 0 0 0 0 0 0 0 0 1 1 1 1 1 0 1 1 0 1 0 1 0 1 1 0 0 1 1 1 0 1 0 0 0 0 1 0 1 0 0 0 0 0 0 0 1 0 1 1 1 1 1 0 1 1 1 0 0 0 0 1 0 0 0 1 0 0 1 1 1 1 0 0 1 0 0 1 1 0 1 1 1 0 1 1 1 0 1 0 0 1 1 1 0 1 0 0 1 0 0 1 0 0 1 0 0 1 1 0 0 0 1 1 0 0 0 0 1 1 1 1 0 1 1 0 0 0 1 0 0 1 1 1 0 1 1 0 0 1 1 0 0 0 1 1 1 1 0 0 1 0 0 1 0 0 0 1 1 0
0 0 0 1 1 0 1 1 0 0 1 0 1 1 1 1 1 1 1 1 0 0 1 0 0 1 0 1 0 1 1 0 1 0 1 1 0 0 0 1 0 0 0 1 1 0 0 0 0 1 1 0 1 1 0 0 0 0 1 1 0 1 1 0 0 1 0 1 1 1 0 1 0 0 0 1 0 1 0 1 0 0 0 0 0 1 0 0 0 1 1 1 0 1 1 0 1 1 0 0 1 0 1 1 1 1 0 1 1 0 1 0 1 1 0 0 0 0 1 1 1 0 1 1 1 0 1 0 0 1 1 0 0 1 0 1 1 1 1 1 0 1 1 1 1 1 0 0 0 0 0 0 0 0 1 0 0 0 1 1 1 1 1 1 0 1 1 0 1 1 0 1 0 1 0 0 1 1 1 1 0 0 0 0 1 0 1 0 0 1 0 0 0 1 1 1 0 0 1 0 1 1 0 1 0 0 0 0 0 0 0 0 1 0 0 0 0 0 1 1 1 1 0 1 1
1 1 1 0 0 1 1 1 0 1 0 0 0 1 0 1 0 0 0 0 0 0 0 0 0 1 1 0 0 1 1 0 1 0 1 1 1 0 1 1 0 1 0 1 0 1 0 0 1 0 1 0 1 1 0 0 1 1 0 0 0 0 1 0 1 0 0 0 0 0 1 0 0 1 1 1 0 1 0 1 1 0 0 1 1 0 0 0 0 1 1 0 0 1 1 1 1 0 0 1 1 0 1 0 0 1 1 0 0 1 0 0 0 1 0 0 1 1 0 0 0 0 1 0 0 1 1 1 1 0 1 1 1 1 0 1 1 0 0 0 0 0 1 1 0 1 0 0 1 1 0 0 0 0 1 1 0 0 1 0 1 0 1 1 1 1 1 1 0 0 0 1 0 0 1 0 0 0 1 0 1 1 1 1 1 0 1 0 1 1 1 1 0 1 1 0 0 1 1 1 0 1 1 0 0 1 1 1 1 0 0 1 0 1 1 0 1 1 1 0 0 0 1 1 0
1 1 0 0 1 0 0 0 0 0 0 1 1 0 1 0 1 0 1 1 0 0 0 0 1 0 1 0 0 0 0 1 0 1 0 0 1 1 0 1 0 1 0 0 1 1 0 0 1 1 1 0 1 1 1 0 0 1 1 1 0 0 0 1 1 1 0 1 1 1 1 1 1 1 1 0 0 0 0 0 1 0 0 1 0 1 0 1 0 0 1 1 0 0 0 1 0 1 0 1 1 0 1 0 1 1 1 1 1 1 1 0 1 0 0 0 0 0 1 0 0 0 1 1 1 1 0 1 1 1 0 1 1 0 0 0 0 1 1 0 1 1 0 0 1 0 0 0 1 0 0 0 1 0 1 1 0 0 0 1 0 1 1 0 1 0 0 1 1 0 1 1 0 0 1 1 1 0 0 1 1 1 1 0 0 0 0 1 0 0 1 1 1 0 1 1 0 0 0 1 0 0 1 1 0 0 1 1 1 0 0 0 0 1 1 0 1 1 0 1 1 1 0 0 1
0 0 1 0 0 1 1 0 1 1 0 1 1 1 0 0 1 0 0 0 1 0 0 0 1 1 0 0 1 0 1 1 1 1 1 0 0 1 1 0 0 0 0 0 1 0 0 0 0 1 0 0 0 0 1 0 1 0 0 0 0 0 1 1 0 0 0 1 1 1 1 1 1 0 0 1 1 0 0 0 1 0 0 0 1 1 0 1 0 1 0 1 0 1 1 1 1 1 1 0 0 0 0 0 1 0 0 0 1 1 1 1 1 0 1 0 1 1 1 0 0 1 0 0 0 1 1 0 0 1 1 1 1 1 1 1 1 1 0 0 1 1 0 0 1 1 0 1 0 1 1 0 1 1 0 1 1 0 1 1 0 0 0 1 1 1 0 0 1 0 1 0 1 0 0 1 0 0 1 1 1 0 0 1 0 0 1 1 1 1 0 0 1 0 0 1 0 1 1 1 0 1 0 1 0 1 0 0 0 0 1 1 0 0 1 0 0 1 1 1 1 1 1 0 0
0 1 1 1 0 1 1 0 0 1 1 1 1 1 0 0 1 1 0 0 0 1 1 1 1 1 1 1 0 0 0 1 0 1 1 0 0 1 1 1 0 0 0 0 0 1 0 0 0 1 1 0 1 1 1 1 1 1 0 0 0 1 1 1 1 0 1 0 0 0 0 0 1 0 1 0 0 0 0 0 0 1 1 1 1 0 0 1 1 0 1 0 1 1 0 0 0 1 0 0 1 1 1 1 1 1 0 0 0 0 1 0 1 0 0 1 1 1 0 1 1 0 1 0 0 0 0 1 0 0 1 0 0 0 0 0 0 1 0 1 1 0 0 0 1 0 0 0 1 1 0 0 1 0 1 0 0 1 1 1 0 0 1 0 0 0 0 1 1 1 1 1 0 1 1 1 0 1 1 0 0 1 1 1 0 0 0 1 1 1 0 0 1 0 1 1 0 1 1 0 1 1 0 0 0 1 0 0 0 1 0 1 1 1 0 0 0 0 1 0 1 0 1 0 0
0 0 0 1 1 0 0 0 1 0 1 1 1 0 1 0 1 1 1 1 1 1 1 1 1 0 0 1 1 0 0 1 0 1 0 0 0 1 0 0 1 0 1 0 1 0 1 1 0 1 0 1 0 0 1 1 0 0 1 1 1 1 0 1 0 1 1 1 1 1 0 1 1 0 0 0 1 0 1 0 0 1 1 0 0 1 1 1 1 0 0 1 1 0 0 0 0 1 1 0 0 1 0 1 1 0 0 1 1 0 1 1 1 0 1 1 0 0 1 1 1 1 0 1 1 0 0 0 0 1 0 0 0 0 1 0 0 1 1 1 1 1 0 0 1 0 1 1 0 0 1 1 1 1 0 0 1 1 0 1 0 1 0 0 0 0 0 0 1 1 1 0 1 1 0 1 1 1 0 1 0 0 0 0 0 1 0 1 0 0 0 0 1 0 0 1 1 0 0 0 1 0 0 1 1 0 0 0 0 1 1 0 1 0 0 1 0 0 0 1 1 1 0 0 1
1 0 1 0 0 1 0 0 0 1 0 0 1 0 0 0 1 0 0 0 0 1 0 1 0 0 0 0 0 0 1 0 1 0 0 0 1 0 1 1 1 1 1 0 1 0 1 1 1 1 1 1 1 1 0 1 1 0 0 0 1 0 0 0 0 0 1 1 1 1 0 1 0 1 0 1 0 0 1 0 0 1 1 0 1 1 1 0 1 1 1 1 1 0 1 0 1 1 0 1 1 1 1 0 1 1 1 0 1 0 1 0 1 0 0 1 1 1 1 0 0 0 1 0 0 0 1 0 1 1 0 0 0 1 0 1 1 1 0 0 0 1 0 0 1 1 1 0 0 1 0 1 0 0 1 0 0 1 0 1 0 0 1 1 0 1 0 0 1 0 0 1 0 0 0 0 0 0 0 1 0 0 0 1 0 1 1 0 1 0 1 1 0 0 1 1 1 1 0 0 0 0 1 1 1 1 1 1 1 1 0 1 0 0 0 1 1 0 0 1 1 1 1 0 0
1 0 0 0 1 0 0 1 1 0 0 0 0 0 1 1 0 0 1 1 1 0 0 0 0 0 0 0 1 1 1 0 1 0 0 1 1 0 0 0 1 1 1 1 1 0 0 1 1 0 0 1 0 0 0 0 0 0 1 1 1 0 0 0 0 1 0 1 1 1 1 1 0 1 0 1 1 1 1 1 1 0 0 0 0 1 1 0 0 1 0 1 0 0 1 1 1 0 1 1 0 0 0 0 0 0 1 1 1 1 0 1 0 1 1 0 0 0 1 0 0 1 0 1 1 1 1 0 1 1 0 1 1 1 1 1 1 0 1 0 0 1 1 1 0 1 1 1 0 0 1 1 0 1 0 1 1 0 0 0 1 1 0 1 1 1 1 0 0 0 0 0 1 0 0 0 1 0 0 1 1 0 0 0 1 1 1 0 0 0 1 1 0 1 0 0 1 0 0 1 0 0 1 1 1 0 1 1 1 0 1 0 0 0 1 1 1 1 0 1 0 1 0 1 1
0 1 0 0 1 0 1 0 1 0 0 0 1 1 1 0 1 0 1 1 1 1 0 1 0 1 1 0 1 0 1 0 1 0 1 0 0 0 0 1 1 0 1 0 0 1 1 1 0 1 1 1 1 1 0 1 0 1 1 1 1 0 1 0 1 1 1 0 0 0 1 0 0 0 1 1 1 0 1 0 1 1 1 1 0 0 1 0 1 1 1 0 1 1 1 1 1 1 1 0 1 1 1 0 1 1 0 1 0 1 1 1 1 0 1 1 0 0 0 0 0 1 1 1 1 1 1 1 0 0 1 1 1 1 1 1 1 1 1 0 0 0 0 0 1 1 1 1 1 0 1 1 0 1 1 1 1 1 1 1 0 1 1 1 1 1 0 0 1 0 0 1 1 0 1 0 1 0 1 0 1 1 1 0 0 1 1 0 0 1 0 0 0 0 1 1 1 0 1 1 0 1 0 0 1 0 0 0 0 1 1 0 0 1 1 1 0 1 1 0 1 0 0 0 1
0 1 0 0 0 1 0 1 1 1 1 1 0 1 0 1 1 1 0 1 1 0 0 1 0 1 1 0 0 1 1 1 1 1 1 0 1 0 0 0 1 1 1 0 0 0 1 0 0 1 1 0 1 1 1 1 1 1 1 0 1 0 1 1 1 1 1 1 1 1 1 1 1 1 0 0 0 0 1 0 1 1 0 0 1 0 0 1 1 1 0 1 0 0 1 0 0 1 1 1 1 1 0 1 1 1 0 1 0 0 0 1 1 1 0 0 0 1 0 1 1 1 1 1 1 1 0 0 0 1 0 1 0 1 1 1 1 1 0 1 0 0 0 1 0 0 0 1 0 1 1 0 1 0 0 1 0 0 0 1 1 0 1 0 1 0 1 0 0 1 0 0 0 1 1 0 1 0 1 1 0 1 0 1 1 1 1 0 0 0 1 1 0 0 0 0 0 0 1 0 0 0 0 0 1 0 1 0 1 1 0 0 0 1 1 0 0 0 0 1 0 0 1 0 0
1 0 0 0 1 1 0 0 0 1 1 1 0 0 0 1 1 1 0 0 0 1 1 1 0 1 1 0 1 0 0 0 0 0 0 1 0 1 0 0 0 1 1 0 0 0 0 0 0 0 1 0 0 1 0 0 1 1 1 0 0 0 1 1 0 0 1 1 0 1 1 0 1 1 0 0 0 0 0 1 0 1 0 1 0 1 0 0 0 0 0 0 0 0 1 1 1 1 1 1 0 1 0 1 1 0 0 1 0 1 0 1 0 0 1 0 0 1 0 0 0 0 1 0 0 0 0 0 0 1 0 0 1 1 1 0 1 0 0 0 1 0 0 0 1 1 1 1 1 0 0 1 1 0 0 1 0 1 1 1 1 1 0 0 0 1 1 1 1 0 0 1 0 1 0 0 1 1 0 1 0 1 0 0 1 1 1 0 1 1 0 1 1 0 0 0 1 0 1 0 0 0 1 1 0 1 0 1 0 0 1 1 1 1 1 0 0 0 1 0 1 1 0 1 1
1 0 0 1 1 0 1 0 1 1 0 1 0 0 1 1 0 1 1 0 0 1 1 1 1 1 0 1 0 0 0 0 0 0 0 0 0 0 1 1 0 1 1 0 1 0 0 0 1 0 1 1 0 1 0 1 1 1 1 0 0 0 1 1 1 1 1 0 0 1 0 0 0 1 1 1 0 1 1 1 0 0 1 0 0 1 1 1 0 0 0 0 1 0 0 0 0 1 1 1 0 1 1 1 1 0 1 1 0 0 1 1 0 0 1 0 1 1 1 0 0 0 1 0 0 1 1 1 0 1 1 0 1 1 1 1 1 1 1 1 0 1 1 1 0 1 1 0 1 1 0 0 1 1 1 1 1 0 1 1 1 0 1 0 0 0 0 0 0 0 0 0 1 1 0 1 0 0 0 1 1 1 1 0 1 1 1 1 0 0 0 0 1 1 1 1 0 1 0 1 1 1 0 0 0 1 0 0 1 0 0 0 0 1 1 1 1 0 0 1 1 0 0 0 0
0 1 1 1 0 0 1 1 1 0 0 0 1 1 1 0 0 0 1 1 1 0 0 0 1 0 0 1 0 1 1 1 1 1 1 0 1 0 1 1 1 0 0 1 1 1 1 1 1 1 0 1 1 0 1 1 0 0 0 1 1 1 0 0 1 1 0 0 1 0 0 1 0 0 1 1 1 1 1 0 1 0 1 0 1 0 1 1 1 1 1 1 1 1 0 0 0 0 0 0 1 0 1 0 0 1 1 0 1 0 1 0 1 1 1 1 1 0 1 1 1 1 0 1 1 1 1 1 1 0 1 1 0 0 0 1 0 1 1 1 0 1 1 1 0 0 0 0 0 1 1 0 0 1 0 0 1 0 0 0 0 0 1 1 1 0 0 0 0 1 1 0 1 0 1 1 0 0 1 0 1 0 1 1 0 0 0 1 0 0 1 0 0 1 1 1 0 1 0 1 1 1 0 0 1 0 1 0 1 1 0 0 0 0 0 1 1 1 0 1 1 0 1 0 0
0 0 1 1 0 1 0 1 0 0 1 1 1 1 1 1 1 0 0 0 1 0 0 1 1 0 1 0 1 0 0 0 0 0 0 0 0 0 0 1 1 1 1 1 1 1 0 1 1 0 1 0 0 1 1 0 1 1 1 1 0 1 1 0 0 0 1 1 0 1 1 1 1 0 1 1 1 0 0 0 0 1 0 0 1 0 1 0 0 1 1 0 1 1 1 0 0 0 1 1 0 0 0 1 1 1 0 0 1 0 1 1 1 0 0 1 1 1 0 1 0 0 0 0 1 0 0 0 1 0 1 0 0 1 0 0 0 0 1 0 1 1 1 0 0 0 0 1 0 0 0 1 1 0 0 1 1 0 0 1 0 0 0 1 1 1 1 1 1 0 1 0 1 1 0 0 1 0 0 1 0 0 1 0 1 1 1 1 0 0 0 1 0 1 1 1 0 1 1 1 1 0 0 0 0 0 1 1 0 1 1 1 1 1 1 1 1 1 0 0 0 1 0 0 1
0 1 1 1 0 0 1 1 0 1 0 0 1 1 1 0 0 1 1 0 1 0 0 0 0 1 0 1 1 1 0 1 1 0 1 1 0 1 1 0 1 0 0 1 0 1 1 1 0 1 1 1 0 0 1 0 0 1 0 1 1 1 1 1 0 0 1 0 0 0 0 1 0 1 0 0 1 1 0 0 1 0 1 1 1 0 0 0 0 1 1 1 0 1 0 0 1 1 0 1 1 1 1 1 1 1 1 1 1 1 1 1 1 0 0 1 0 1 1 1 0 1 1 1 1 0 1 1 1 1 0 0 0 1 1 0 1 0 0 0 0 1 1 0 1 0 0 0 0 0 0 0 1 1 0 0 0 1 0 0 1 1 0 1 1 0 0 0 0 1 1 1 1 0 0 1 0 1 0 1 1 1 1 1 1 1 0 1 1 1 1 0 0 0 1 0 1 1 0 1 0 1 1 1 0 0 1 0 0 1 0 0 0 0 1 1 1 1 0 0 0 0 0 0 0
0 1 0 1 0 0 1 0 0 0 0 1 0 0 1 1 0 0 1 1 0 0 0 1 0 0 0 1 0 1 1 1 1 1 1 0 1 0 1 0 0 1 1 0 0 0 1 0 0 1 1 1 1 1 0 0 1 1 1 0 1 0 1 0 0 0 1 0 1 1 0 0 0 0 0 0 0 1 0 0 1 0 1 0 0 0 0 0 1 0 0 1 0 0 0 1 0 0 1 1 1 0 1 1 1 0 1 0 0 0 1 1 0 1 0 0 0 1 1 0 1 1 0 1 0 0 1 1 0 0 0 1 0 1 0 0 0 0 0 0 1 1 1 0 0 0 0 0 0 0 1 1 1 1 0 1 0 0 0 1 0 0 0 0 0 1 0 1 1 1 0 0 1 1 1 1 0 0 1 1 1 0 1 1 1 1 1 1 0 0 1 0 0 0 1 0 0 1 0 1 0 1 0 0 1 0 0 1 0 0 1 1 1 1 1 1 1 0 1 0 0 1 1 1 1
1 0 1 1 1 0 1 0 0 0 0 0 1 0 1 0 0 0 1 0 0 1 1 0 1 0 0 1 1 0 0 0 0 0 0 1 0 1 1 1 0 0 0 1 1 1 0 1 1 0 0 1 0 0 0 0 0 0 0 1 0 1 0 0 0 0 0 0 0 0 0 0 0 0 1 1 1 1 0 1 0 0 1 1 0 1 1 0 0 0 1 0 1 1 0 1 1 0 0 0 0 0 1 0 0 0 1 0 1 1 1 0 0 0 1 1 1 0 1 0 0 0 0 0 0 0 1 1 1 0 1 0 1 0 0 0 0 0 1 0 1 1 1 0 1 1 1 0 1 0 0 1 0 1 1 0 1 1 1 0 0 1 0 1 0 1 0 1 1 0 1 1 1 0 0 1 0 1 0 0 1 0 1 0 0 0 0 1 1 1 0 0 1 1 1 1 1 1 0 1 1 1 1 1 0 1 0 1 0 0 1 1 1 0 0 1 1 1 1 0 1 1 0 1 1
0 1 1 0 0 1 0 1 0 0 1 0 1 1 0 0 1 0 0 1 1 0 0 0 0 0 1 0 1 1 1 1 1 1 1 1 1 1 0 0 1 0 0 1 0 1 1 1 0 1 0 0 1 0 1 0 0 0 0 1 1 1 0 0 0 0 0 1 1 0 1 1 1 0 0 0 1 0 0 0 1 1 0 1 1 0 0 0 1 1 1 1 0 1 1 1 1 0 0 0 1 0 0 0 0 1 0 0 1 1 0 0 1 1 0 1 0 0 0 1 1 1 0 1 1 0 0 0 1 0 0 1 0 0 0 0 0 0 0 0 1 0 0 0 1 0 0 1 0 0 1 1 0 0 0 0 0 1 0 0 0 1 0 1 1 1 1 1 1 1 1 1 0 0 1 0 1 1 1 0 0 0 0 1 0 0 0 0 1 1 1 1 0 0 0 0 1 0 1 0 0 0 1 1 1 0 1 1 0 1 1 1 1 0 0 0 0 1 1 0 0 1 1 1 1
1 0 1 0 1 1 0 1 1 1 1 0 1 1 0 0 1 1 0 0 1 1 1 0 1 1 1 0 1 0 0 0 0 0 0 1 0 1 0 1 1 0 0 1 1 1 0 1 1 0 0 0 0 0 1 1 0 0 0 1 0 1 0 1 1 1 0 1 0 0 1 1 1 1 1 1 1 0 1 1 0 1 0 1 1 1 1 1 0 1 1 0 1 1 1 0 1 1 0 0 0 1 0 0 0 1 0 1 1 1 0 0 1 0 1 1 1 0 0 1 0 0 1 0 1 1 0 0 1 1 1 0 1 0 1 1 1 1 1 1 0 0 0 1 1 1 1 1 0 1 0 0 0 0 1 0 1 1 1 0 1 1 1 1 1 0 1 0 0 0 1 1 0 0 0 0 1 1 0 0 0 1 0 0 0 0 0 0 1 1 0 1 1 1 0 1 1 0 1 0 1 0 1 1 0 1 1 0 1 1 0 0 0 0 0 0 0 1 0 1 1 0 0 0 0
0 0 1 0 0 1 0 0 0 1 1 1 1 0 0 0 1 1 1 1 0 0 0 0 1 1 1 1 0 0 1 0 0 1 0 0 1 0 1 1 0 0 0 0 1 1 0 1 1 0 1 1 1 0 0 0 0 1 0 1 0 1 1 1 0 0 1 1 1 0 1 0 1 1 1 1 1 1 0 0 0 1 1 0 0 0 1 0 1 0 1 0 1 1 1 1 0 1 0 1 0 1 1 1 1 0 1 1 1 0 0 1 0 1 0 1 1 1 1 0 1 0 1 0 0 0 1 1 1 1 1 1 0 1 1 0 1 0 1 0 0 0 0 0 0 0 0 1 0 0 1 0 1 1 0 0 1 0 0 0 1 0 0 1 0 0 1 0 0 0 1 0 0 0 1 1 1 0 1 1 1 1 0 0 1 1 0 0 0 0 0 1 0 1 0 1 0 0 1 0 1 1 0 0 1 0 0 0 0 0 0 0 0 0 1 0 0 1 1 0 0 0 1 1 0
1 0 1 1 1 0 1 1 0 1 0 1 1 1 1 1 0 1 0 1 1 1 1 1 0 1 0 0 0 0 1 0 0 1 0 0 1 0 0 0 1 1 1 1 0 1 0 1 0 0 0 0 1 1 1 0 1 0 1 1 0 1 0 1 0 0 0 0 1 1 0 1 0 1 0 0 1 0 0 1 0 0 0 0 1 1 0 0 1 1 1 0 0 1 0 1 0 1 1 0 1 1 0 0 0 1 0 1 1 0 1 0 1 1 1 1 0 0 0 1 1 0 1 0 1 0 0 0 1 1 0 1 1 0 1 0 1 0 0 0 0 1 1 0 0 1 1 0 1 0 1 0 0 0 1 1 0 0 1 1 1 0 0 1 1 0 0 0 0 0 1 0 1 1 1 0 0 0 1 0 0 1 1 0 0 0 1 1 0 0 0 0 1 0 1 0 0 1 0 1 0 0 0 0 1 1 1 0 0 1 0 0 0 1 0 1 1 1 1 0 1 0 1 1 0
0 1 0 0 0 0 0 1 0 1 0 1 0 1 0 1 0 1 1 0 1 0 0 1 1 1 0 1 0 1 0 1 1 0 1 0 0 0 1 1 1 1 1 0 1 0 1 0 1 1 0 1 0 1 1 0 1 0 1 0 1 0 0 1 0 0 0 0 0 1 0 1 0 1 1 1 0 1 0 0 1 0 1 0 1 0 1 0 0 1 0 1 1 0 0 1 0 1 1 0 1 1 1 0 0 1 1 1 0 0 0 0 1 0 0 0 1 0 1 1 0 1 1 1 1 0 1 1 0 1 1 0 0 0 1 0 1 0 1 0 1 0 0 0 0 0 0 0 0 0 0 1 0 1 0 1 1 0 0 1 1 0 0 0 1 1 0 1 1 1 0 0 0 1 0 1 0 0 0 0 1 1 0 1 0 0 1 0 0 0 1 0 0 1 0 1 0 0 0 0 1 1 0 0 0 0 1 1 0 1 1 1 1 1 0 0 0 0 1 0 0 1 0 1 1
0 1 0 0 0 1 0 0 1 0 1 0 0 0 0 0 1 0 1 0 0 0 0 0 1 0 1 1 1 1 0 1 1 0 1 1 0 1 1 1 0 0 0 0 1 0 1 0 1 1 1 1 0 0 0 1 0 1 0 0 1 0 1 0 1 1 1 1 0 0 1 0 1 0 1 1 0 1 1 0 1 1 1 1 0 0 1 1 0 0 0 0 1 0 1 0 1 0 0 1 1 0 1 1 1 0 1 0 0 1 0 1 0 0 0 0 1 1 1 0 0 1 0 1 0 1 1 1 0 0 1 0 0 1 0 1 0 1 1 1 1 0 0 1 1 0 0 1 0 1 0 1 1 1 0 0 1 1 0 0 0 1 1 0 0 1 1 1 1 1 0 1 0 0 0 1 1 1 0 1 1 0 0 1 1 1 0 0 1 1 1 1 0 1 1 1 1 0 1 0 1 1 1 1 0 0 0 1 1 0 1 1 1 0 1 0 0 0 0 1 0 1 0 0 1
1 0 0 0 1 1 0 0 1 0 1 1 0 0 0 1 1 0 0 1 0 1 1 1 1 0 1 0 0 0 1 0 0 1 0 0 1 0 0 1 0 1 1 0 1 0 0 0 1 0 0 0 1 1 0 1 1 0 1 0 0 0 0 0 1 1 0 1 1 1 1 0 1 0 1 1 0 0 1 1 0 1 0 0 0 1 1 1 1 0 0 0 1 0 1 1 0 0 1 0 0 0 0 0 0 0 0 0 0 0 0 0 0 1 1 0 1 0 0 0 1 0 0 0 0 1 0 0 0 0 1 1 1 0 0 1 0 1 1 1 1 0 0 1 0 1 1 1 1 1 1 1 0 0 1 1 1 0 1 1 0 0 1 0 0 1 1 1 1 0 0 0 0 1 1 0 1 0 1 0 0 0 0 0 0 0 1 0 0 0 0 1 1 1 0 1 0 0 1 0 1 0 0 0 1 1 0 1 1 0 1 1 1 1 0 0 0 0 1 1 1 1 1 1 1
1 0 1 1 1 1 1 0 1 0 1 0 1 0 1 0 1 0 0 1 0 1 1 0 0 0 1 0 1 0 1 0 0 1 0 1 1 1 0 0 0 0 0 1 0 1 0 1 0 0 1 0 1 0 0 1 0 1 0 1 0 1 1 0 1 1 1 1 1 0 1 0 1 0 0 0 1 0 1 1 0 1 0 1 0 1 0 1 1 0 1 0 0 1 1 0 1 0 0 1 0 0 0 1 1 0 0 0 1 1 1 1 0 1 1 1 0 1 0 0 1 0 0 0 0 1 0 0 1 0 0 1 1 1 0 1 0 1 0 1 0 1 1 1 1 1 1 1 1 1 1 0 1 0 1 0 0 1 1 0 0 1 1 1 0 0 1 0 0 0 1 1 1 0 1 0 1 1 1 1 0 0 1 0 1 1 0 1 1 1 0 1 1 0 1 0 1 1 1 1 0 0 1 1 1 1 0 0 1 0 0 0 0 0 1 1 1 1 0 1 1 0 1 0 0
0 0 0 1 0 0 1 1 1 1 0 0 0 1 1 0 0 1 0 1 1 0 0 0 1 1 0 0 1 0 1 0 0 1 0 1 1 1 0 1 1 0 0 0 1 0 0 0 1 0 1 0 1 0 1 1 0 1 0 0 0 0 1 1 1 1 1 0 1 0 0 1 0 1 1 1 0 0 1 0 0 0 0 1 1 0 1 1 1 1 0 0 1 0 0 1 1 1 0 1 0 1 0 1 1 1 0 1 0 1 1 1 1 1 0 0 1 1 0 1 1 0 1 0 1 1 0 0 0 1 1 1 0 1 1 1 1 1 1 1 1 1 1 1 1 0 0 0 0 1 1 1 1 0 0 0 1 1 0 0 1 1 1 0 1 1 0 1 1 0 0 1 1 0 1 0 0 1 1 1 0 1 1 0 1 1 0 1 1 1 0 0 0 1 1 1 1 1 0 1 1 0 1 1 1 0 1 1 1 1 1 1 1 0 1 1 1 0 1 1 0 1 1 1 1
0 0 0 0 1 1 0 0 0 0 0 0 1 1 1 1 1 0 0 0 1 1 0 1 1 1 0 0 0 1 1 1 1 0 0 0 1 0 0 1 1 0 0 0 0 1 1 0 0 1 1 1 0 1 0 0 1 1 1 1 1 1 0 1 0 0 1 1 0 0 0 1 1 0 0 1 0 1 1 1 0 1 0 1 0 0 1 0 1 0 0 0 0 1 0 1 0 1 1 0 1 1 1 1 1 0 1 1 0 1 0 1 0 0 1 0 1 0 1 1 1 0 1 0 0 1 1 1 1 0 0 1 1 0 1 1 0 0 1 1 1 1 1 1 1 0 0 0 0 0 1 1 1 0 0 0 1 0 1 1 0 1 1 1 1 1 1 1 0 0 0 0 1 1 1 0 0 1 1 0 0 0 0 1 0 0 0 1 0 1 0 1 0 1 1 0 1 1 0 0 0 1 0 1 0 1 0 1 1 1 0 1 0 1 0 0 1 1 0 1 1 1 0 0 0
1 0 1 1 0 0 1 0 0 0 0 0 1 1 0 0 0 1 0 1 1 1 1 0 1 1 1 0 1 0 0 0 1 1 1 1 1 1 1 0 0 0 0 0 1 0 0 0 1 1 0 0 0 0 0 1 1 1 0 1 1 1 1 0 0 1 0 1 0 1 1 1 0 0 1 1 1 1 0 1 0 1 0 1 1 0 1 1 1 0 1 1 0 0 1 0 0 0 0 1 0 0 1 1 0 1 0 0 0 0 0 0 1 1 0 1 0 0 1 0 0 0 1 0 1 1 0 0 0 1 0 1 1 0 1 0 1 0 1 0 1 1 0 1 1 0 1 0 1 1 1 1 1 1 0 1 0 1 1 1 0 1 1 1 0 0 1 1 0 1 0 0 1 1 0 1 0 0 0 0 0 1 0 1 0 1 1 0 0 0 1 1 0 0 1 0 1 0 0 0 0 1 0 0 0 0 0 0 1 1 0 1 0 1 1 1 1 0 0 0 0 0 0 1 1
1 1 1 0 1 0 1 1 1 1 0 1 1 1 0 0 0 0 0 0 1 0 0 0 1 1 0 1 0 0 0 0 1 0 0 0 1 1 0 0 0 0 1 0 0 0 0 1 0 1 0 0 1 1 0 1 1 1 0 0 0 1 0 0 1 0 1 0 1 0 1 1 1 1 1 0 0 0 1 1 0 1 1 1 0 1 1 0 1 1 0 0 1 1 0 0 1 1 1 0 1 0 1 0 0 1 0 0 1 1 1 0 0 1 0 0 0 1 1 1 0 1 1 1 0 1 1 0 0 1 0 1 1 1 1 0 0 0 1 0 1 1 0 1 0 0 0 1 0 0 0 1 1 1 1 0 0 0 0 1 1 1 0 1 0 0 1 1 1 1 1 0 1 1 1 0 1 0 0 0 1 0 0 1 1 1 1 0 1 0 0 1 1 1 1 1 1 1 1 1 1 1 1 0 1 0 1 1 1 0 0 0 1 0 0 0 0 0 1 0 0 0 0 0 1
1 0 1 1 1 1 1 0 0 1 1 0 0 1 0 0 0 1 1 1 0 1 0 1 1 0 1 1 0 1 0 0 0 1 1 1 0 1 1 1 0 1 0 1 0 0 0 0 1 0 0 1 0 1 1 1 0 0 0 0 0 1 0 0 1 1 1 0 0 1 1 0 1 0 1 0 1 0 1 0 1 0 0 1 1 0 0 1 0 1 1 1 1 1 0 0 0 1 1 1 1 0 0 0 0 1 0 1 1 1 1 1 1 1 0 0 0 0 1 1 1 1 0 0 0 0 1 0 0 1 1 1 0 0 1 1 1 1 0 0 0 0 0 0 0 1 1 0 1 0 0 1 0 1 0 0 0 1 0 1 0 0 0 0 0 0 1 0 0 1 0 1 0 0 1 0 1 0 0 1 0 0 1 1 1 1 1 1 0 1 0 0 1 1 1 0 0 1 0 0 0 0 1 0 1 0 0 1 1 0 1 0 0 0 1 0 0 1 1 0 1 1 1 0 1
0 1 0 0 1 1 0 1 1 1 1 1 0 0 1 1 1 0 1 0 0 0 0 1 0 0 0 1 0 1 1 1 0 0 0 0 0 0 0 1 1 1 1 1 0 1 1 1 0 0 1 1 1 1 1 0 0 0 1 0 0 0 0 1 1 0 1 0 1 0 0 0 1 1 0 0 0 0 1 0 1 0 1 0 0 1 0 0 0 1 0 0 1 1 0 1 1 1 1 0 1 1 0 0 1 0 1 1 1 1 1 1 0 0 1 0 1 1 0 1 1 1 0 1 0 0 1 1 1 0 1 0 0 1 0 1 0 1 0 1 0 0 1 0 0 1 0 1 0 0 0 0 0 0 1 0 1 0 0 0 1 0 0 0 1 1 0 0 1 0 1 1 0 0 1 0 1 1 1 1 1 0 1 0 1 0 0 1 1 1 0 0 1 1 0 1 0 1 1 1 1 0 1 1 1 1 1 1 0 0 1 0 1 0 0 0 0 1 1 1 1 1 1 0 0
0 1 0 1 1 0 0 1 1 0 1 0 1 0 0 0 0 1 1 1 1 0 0 0 0 1 1 0 0 0 0 1 1 1 1 1 0 0 1 0 0 1 1 1 0 1 0 0 1 0 0 0 1 0 1 0 0 1 1 1 1 0 0 0 0 1 1 1 0 1 0 0 1 1 0 1 1 1 1 0 1 0 1 0 1 1 1 1 1 0 1 1 0 1 0 0 0 1 1 1 1 1 1 1 1 0 1 0 0 1 0 0 1 0 1 0 1 0 0 1 0 0 0 0 0 0 1 0 0 0 1 0 1 1 0 0 1 1 0 0 1 1 1 1 1 1 1 0 1 0 1 0 0 0 0 0 0 1 1 0 0 1 1 0 1 0 0 0 1 0 1 1 0 1 1 0 0 1 1 1 0 0 1 0 0 0 0 0 1 0 0 1 0 1 0 0 0 1 1 1 1 0 0 0 0 0 0 1 0 1 1 1 0 1 1 0 1 0 0 1 0 0 1 0 0
1 0 1 0 0 1 1 0 0 1 0 1 0 1 1 1 1 0 0 0 0 1 1 1 1 0 0 1 1 1 1 0 0 0 0 0 1 1 0 1 1 0 0 0 1 0 1 1 0 1 1 1 0 1 0 1 1 0 0 0 0 1 1 1 1 0 0 0 1 0 1 1 0 0 1 0 0 0 0 1 0 1 0 1 0 0 0 0 0 1 0 0 1 0 1 1 1 0 0 0 0 0 0 0 0 1 0 1 1 0 1 1 0 1 0 1 0 1 1 0 1 1 1 1 1 1 0 1 1 1 0 1 0 0 1 1 0 0 1 1 0 0 0 0 0 0 0 1 0 1 0 1 1 1 1 1 1 0 0 1 1 0 0 1 0 0 1 1 0 1 0 0 1 0 0 1 1 0 0 0 1 1 0 1 1 1 1 1 0 1 1 0 1 0 1 1 1 0 0 0 0 1 1 1 1 1 1 0 1 0 0 0 1 0 0 1 0 1 1 0 1 1 0 1 1
0 1 0 0 0 1 0 1 1 1 1 0 1 1 0 0 0 0 1 0 1 1 1 1 1 1 0 1 1 1 0 1 1 0 0 0 0 0 0 1 0 1 1 1 1 1 0 0 0 0 0 1 1 1 1 0 0 1 1 0 0 1 1 0 1 0 0 0 0 0 0 0 0 1 0 0 0 0 0 0 1 0 1 1 0 1 1 0 1 1 0 0 1 0 1 0 0 0 0 0 0 1 1 0 1 0 1 1 1 0 1 1 0 0 1 1 1 0 1 0 1 1 0 0 1 0 0 0 0 0 1 1 1 1 1 1 0 1 0 0 1 1 1 1 0 1 0 0 0 1 0 1 0 0 0 1 0 0 0 1 0 1 0 0 1 1 1 0 1 0 1 1 0 1 0 1 1 1 1 1 0 1 1 1 1 0 0 1 1 1 1 1 1 0 1 0 0 0 1 1 1 0 1 0 1 0 0 0 1 0 1 0 0 0 0 1 0 1 1 1 1 1 1 1 0
0 0 0 0 1 0 0 0 0 0 1 1 0 1 0 0 0 1 1 1 0 1 1 0 1 0 0 0 1 0 0 1 0 0 0 0 1 0 1 0 0 1 0 1 1 1 0 1 1 1 0 0 0 0 1 0 1 0 1 0 0 1 1 0 0 0 1 0 1 0 0 1 1 0 0 0 1 0 1 1 1 1 0 1 0 0 0 1 0 0 0 1 0 1 1 0 1 1 1 0 1 1 0 0 1 0 1 0 0 1 0 0 1 0 1 1 1 1 1 1 0 0 1 1 1 1 1 0 0 0 1 1 0 0 1 0 0 1 1 0 0 0 1 0 0 1 0 1 1 1 0 1 1 0 1 1 0 1 0 1 1 0 0 1 1 1 1 1 0 0 0 1 1 0 1 1 0 1 1 1 1 1 1 1 0 0 0 0 0 0 1 0 0 1 1 1 1 1 0 0 0 1 0 0 0 0 1 1 1 0 1 0 1 0 1 1 0 0 0 1 0 0 1 1 0
1 1 1 1 1 1 1 1 1 0 0 0 0 0 0 0 0 0 0 0 0 0 1 1 0 0 1 0 1 1 0 1 0 1 1 1 1 1 0 1 0 0 1 0 1 1 0 0 0 1 0 1 1 0 0 1 1 0 1 0 0 0 1 0 0 1 1 0 0 1 1 1 1 1 1 0 0 0 1 1 0 1 1 0 1 1 0 0 0 0 1 0 0 1 1 0 0 1 1 1 1 1 0 0 1 1 1 1 0 1 0 1 0 1 1 1 1 0 0 1 1 0 1 0 1 1 1 0 0 1 0 0 0 1 0 1 1 0 1 0 0 0 1 0 0 0 1 0 0 1 0 0 1 1 0 0 0 0 0 0 0 0 0 1 1 1 0 1 1 1 1 0 1 0 1 1 0 1 1 0 0 1 0 0 0 1 1 1 1 1 1 0 0 1 0 0 1 1 1 1 1 1 0 0 0 0 0 1 0 0 0 0 0 0 0 1 0 1 0 1 1 1 0 1 1
0 1 0 1 0 0 0 1 1 1 0 0 0 1 1 1 1 1 0 1 0 1 0 0 1 0 1 1 0 0 1 1 0 1 1 1 1 0 1 0 1 0 1 0 0 1 1 0 1 1 1 0 1 1 0 0 1 0 1 0 0 1 0 1 1 1 0 0 0 1 0 1 0 1 0 0 1 0 0 1 0 1 1 1 1 1 0 1 0 1 1 1 1 0 0 1 0 0 0 1 0 1 0 0 1 0 1 0 1 0 1 0 1 0 1 0 1 0 1 0 0 1 1 0 0 1 0 1 1 0 0 1 0 1 1 0 1 0 1 1 0 0 1 0 0 0 1 0 1 0 0 1 1 0 0 0 1 1 0 1 0 0 0 1 1 1 1 1 1 0 1 0 1 0 0 0 1 1 1 0 0 0 0 1 1 0 0 0 1 0 0 0 1 0 1 0 1 0 1 1 1 1 1 1 1 1 0 0 1 0 0 0 0 0 1 0 0 0 1 1 0 0 0 0 0
1 1 1 1 0 0 1 1 1 1 1 1 0 0 0 0 0 1 1 1 0 0 1 0 0 0 1 1 1 0 0 0 0 1 1 1 0 1 1 0 0 1 1 1 1 0 0 1 1 0 0 0 1 1 1 1 0 0 0 0 0 0 1 0 1 1 0 0 1 1 1 0 0 1 1 0 1 0 0 0 1 0 1 0 1 1 0 1 0 1 1 1 1 0 1 0 1 0 0 1 0 0 0 0 0 1 0 0 1 0 1 0 1 1 0 1 0 1 0 0 0 1 0 1 1 0 0 0 0 1 1 0 0 1 0 0 1 1 0 0 0 0 0 0 0 1 1 1 1 1 0 0 0 1 1 1 0 1 0 0 1 0 0 0 0 0 0 0 1 1 1 1 0 0 0 1 1 0 0 1 1 1 1 0 1 1 1 0 1 0 1 0 1 0 0 1 0 0 1 1 1 0 1 0 1 0 1 0 0 0 1 0 1 0 1 1 0 0 1 0 0 0 1 1 1
0 0 0 1 0 1 0 0 0 0 1 0 0 0 1 1 1 1 1 1 0 0 1 1 0 0 1 0 1 1 1 1 0 1 1 1 0 0 1 1 1 1 0 1 1 1 1 0 1 0 1 1 0 0 1 0 0 0 1 1 1 0 1 1 0 1 0 1 0 1 0 0 0 0 0 1 1 1 0 0 1 0 0 0 1 0 0 1 0 0 1 1 0 0 1 1 0 0 0 1 0 1 0 1 1 0 1 1 0 0 0 1 1 0 1 1 1 0 0 0 1 0 0 0 1 0 0 1 1 0 1 0 0 0 0 1 1 1 0 1 0 0 1 0 1 1 1 0 1 1 1 0 0 0 0 1 1 1 1 0 0 0 1 0 1 1 0 0 0 0 0 1 0 0 0 1 0 1 1 1 0 1 1 0 0 0 0 1 0 1 1 0 0 0 0 0 0 0 0 0 0 0 0 1 0 1 0 0 0 1 1 1 0 1 1 1 1 1 0 1 1 1 1 1 0
1 0 1 0 1 1 1 0 0 0 1 1 1 0 0 0 0 0 1 0 1 0 1 1 0 1 0 0 1 1 0 0 1 0 0 0 0 1 0 1 0 1 0 1 1 0 0 1 0 0 0 1 0 0 1 1 0 1 0 1 1 0 1 0 0 0 1 1 1 0 1 0 1 0 1 1 0 1 1 0 1 0 0 0 0 0 1 0 1 0 0 0 0 1 1 0 1 1 1 0 1 0 1 1 0 1 0 1 0 1 0 1 0 1 0 1 0 1 0 1 1 0 0 1 1 0 1 0 0 1 1 0 1 0 0 1 0 1 0 0 1 1 0 1 1 1 0 1 0 1 1 0 0 1 1 1 0 0 1 0 1 1 1 0 0 0 0 0 0 1 0 1 0 1 1 1 0 0 0 1 1 1 1 0 0 1 1 1 0 1 1 1 0 1 0 1 0 1 0 0 0 0 0 0 0 0 1 1 0 1 1 1 1 1 0 1 1 1 0 0 1 1 1 1 1
1 0 1 0 1 0 1 0 0 1 0 0 1 0 1 1 1 1 0 1 1 0 1 0 0 1 0 1 1 0 1 1 1 0 0 0 0 1 1 0 1 0 0 0 1 1 1 0 1 0 1 0 0 1 0 1 0 1 1 0 0 0 1 1 1 0 1 0 0 0 1 0 1 0 1 0 1 0 1 0 0 0 0 0 0 0 1 1 1 1 0 1 1 1 1 1 0 1 1 0 1 1 1 0 1 1 1 0 1 1 1 0 1 1 1 1 1 0 0 1 0 1 0 0 1 0 1 1 1 1 0 0 1 0 0 0 0 0 0 1 1 1 1 1 0 0 0 0 1 1 0 0 0 1 0 1 1 1 0 0 0 1 0 0 1 1 0 0 0 1 0 0 0 1 1 1 1 1 1 0 0 1 0 0 1 1 1 0 0 0 1 1 1 1 0 0 0 1 0 0 0 0 1 1 1 1 0 1 0 0 0 0 0 0 1 1 0 0 1 1 0 0 0 1 1
0 0 0 0 0 0 0 0 0 1 1 1 1 1 1 1 1 1 1 1 1 1 0 0 1 1 0 1 0 0 1 0 1 0 0 0 0 0 1 0 1 1 0 1 0 0 1 1 1 0 1 1 0 1 1 0 0 1 0 1 1 1 0 1 1 0 0 1 1 0 0 0 0 0 0 1 1 1 0 0 1 0 0 1 0 0 1 1 1 1 0 1 1 1 0 1 1 0 0 0 0 0 1 1 0 0 0 0 1 0 1 0 1 0 0 0 0 1 1 0 0 1 0 1 0 0 0 1 1 0 1 1 1 0 1 0 0 1 0 1 1 1 0 1 1 1 0 1 1 0 1 1 0 0 1 0 1 1 1 1 1 1 1 0 0 0 1 0 0 0 0 1 0 1 0 0 1 0 0 1 1 0 1 1 1 0 0 0 0 0 0 1 1 0 1 1 0 0 0 0 0 0 1 1 1 1 1 0 1 1 1 1 1 1 1 0 1 0 1 0 0 0 1 0 0
1 1 1 0 0 1 1 1 1 0 1 0 1 0 1 1 1 1 1 1 1 0 0 1 0 1 0 0 0 1 1 0 1 0 0 0 1 1 1 1 1 1 1 1 0 0 1 0 1 1 1 1 1 0 1 1 1 1 0 0 0 0 0 1 0 0 0 0 0 0 1 1 0 1 1 0 1 0 0 1 1 1 1 0 0 1 1 1 1 0 0 1 0 0 0 1 0 0 0 0 0 0 1 0 0 1 0 1 0 0 0 1 1 1 0 0 0 0 0 0 1 0 1 0 0 1 0 1 1 1 1 0 1 1 0 1 0 1 1 1 1 1 0 1 0 1 0 0 1 0 0 0 1 1 0 0 1 1 0 0 0 1 0 1 0 0 0 1 1 1 1 1 1 1 0 0 0 0 0 1 0 0 1 0 0 1 1 1 1 1 0 1 0 0 0 0 1 0 1 1 1 1 0 1 0 1 0 0 0 0 1 0 0 0 1 0 0 1 0 0 1 1 1 0 1
1 1 1 0 0 1 1 1 1 0 0 1 0 1 0 0 0 1 0 1 0 1 0 1 1 0 0 0 0 1 0 1 0 0 0 0 0 1 1 1 0 0 1 0 0 1 0 1 1 0 0 1 1 0 0 1 0 0 1 1 1 1 0 0 0 0 0 1 1 0 1 0 0 1 1 1 1 1 0 0 0 0 1 1 0 1 0 1 0 0 0 1 0 0 0 0 1 0 0 0 0 1 0 1 1 1 1 1 0 0 0 1 1 1 1 0 1 1 1 0 1 0 0 1 0 0 0 0 0 1 0 1 0 1 1 1 0 0 0 0 0 0 1 0 1 0 0 1 1 0 1 1 0 1 1 0 0 1 1 1 1 0 1 0 1 1 1 0 1 1 1 0 0 0 0 0 0 1 1 0 1 0 0 1 0 1 1 1 1 1 0 0 0 0 1 1 0 0 1 1 1 0 0 0 0 0 1 0 1 1 0 1 1 1 1 0 1 1 0 1 1 1 0 0 1
0 1 0 0 0 0 0 1 1 0 0 1 1 0 1 1 1 0 0 0 1 0 1 0 0 1 0 0 1 0 1 1 1 0 0 0 1 0 0 0 1 0 1 0 1 1 1 1 0 1 1 0 1 0 0 0 1 1 1 1 1 0 1 1 0 0 0 1 1 0 0 1 0 1 0 1 0 1 0 1 0 1 1 0 0 1 1 0 1 0 0 0 0 0 1 1 1 0 0 0 0 1 1 1 1 0 1 0 0 0 0 0 0 0 1 1 1 1 0 0 0 0 1 1 1 1 0 1 1 0 0 0 1 1 0 0 0 0 1 1 1 1 1 1 1 0 0 1 0 1 1 0 1 0 1 1 1 0 1 0 1 1 1 1 1 1 0 1 1 0 1 0 1 1 0 1 0 1 1 0 1 1 0 0 0 0 0 0 1 0 1 1 0 0 0 1 1 0 1 1 1 1 0 1 0 1 1 0 0 1 0 1 1 1 0 1 1 0 0 1 0 0 0 1 0
0 0 0 1 0 1 0 0 0 1 0 1 1 0 0 0 0 1 0 1 1 0 0 1 0 1 1 1 0 1 0 1 1 1 1 1 1 0 1 1 0 0 0 0 0 1 0 1 1 1 0 1 0 1 0 0 1 1 1 0 0 0 0 0 1 1 0 0 1 1 0 1 0 0 0 0 1 0 0 1 0 1 0 0 1 0 1 1 1 1 1 1 1 0 0 0 1 0 0 1 0 1 1 0 1 0 1 1 1 0 1 1 1 0 1 0 1 1 0 0 1 1 1 1 0 1 0 0 0 0 0 0 1 0 0 1 1 0 1 0 1 1 1 1 0 0 1 1 1 0 0 0 1 0 1 0 0 1 0 0 1 1 0 1 1 1 0 1 0 0 0 0 1 1 0 0 1 1 1 0 1 0 0 0 1 0 0 1 0 1 0 1 1 0 0 1 1 0 0 0 0 1 1 0 1 0 1 0 0 0 0 0 1 0 1 0 0 1 1 1 1 1 0 0 0
1 0 1 1 1 0 1 0 0 0 0 1 0 0 1 1 1 1 0 1 0 0 0 0 0 0 1 0 0 0 1 0 0 1 1 1 1 1 1 0 1 0 0 0 0 0 1 1 1 1 1 0 0 0 0 1 1 0 0 1 1 0 0 1 0 1 1 1 1 1 1 1 1 0 1 1 1 1 1 1 0 1 0 0 1 0 0 1 0 0 1 1 0 1 0 1 1 1 1 1 1 0 0 1 0 1 0 0 0 1 0 0 1 1 0 0 0 1 0 1 0 0 1 1 0 1 1 1 1 1 0 0 0 0 0 0 1 0 1 1 0 0 0 0 1 0 1 1 1 0 1 0 1 1 1 0 1 1 1 0 1 0 1 1 0 0 0 1 0 1 0 0 1 0 1 0 0 0 0 0 1 0 0 0 0 1 1 0 0 0 0 0 0 1 0 1 1 1 0 0 0 1 0 1 0 1 1 1 0 1 0 1 1 1 1 0 1 0 0 0 0 0 0 0 1
1 1 1 0 1 0 1 1 1 0 1 0 0 1 1 1 1 0 1 1 0 1 1 0 1 0 0 0 1 0 1 0 0 0 0 0 0 1 0 0 1 1 1 1 1 0 1 0 0 0 1 0 1 0 1 1 0 0 0 1 1 1 1 1 0 0 1 1 0 0 1 0 1 1 1 1 0 1 1 0 1 0 1 1 0 1 0 0 0 0 0 0 0 1 1 1 0 1 1 0 1 0 0 1 0 1 0 0 0 1 0 0 0 1 0 1 0 0 1 1 0 0 0 0 1 0 1 1 1 1 1 1 0 1 1 0 0 1 0 1 0 0 0 0 1 1 0 0 0 1 1 1 0 1 0 1 1 0 1 1 0 0 1 0 0 0 1 0 1 1 1 1 0 0 1 1 0 0 0 1 0 1 1 1 0 1 1 0 1 0 1 0 0 1 1 0 0 1 1 1 1 0 0 1 0 1 0 1 1 1 1 1 0 1 0 1 1 0 0 0 0 0 1 1 1
0 1 0 1 1 1 0 1 1 0 0 1 1 1 1 1 1 1 0 1 1 1 1 1 1 1 1 0 1 1 1 0 1 1 1 1 0 0 1 1 1 0 1 0 1 0 1 1 1 0 1 1 1 0 0 0 0 1 0 0 0 1 1 1 0 1 1 0 1 1 0 0 1 1 0 0 1 0 1 0 0 0 1 1 1 1 1 1 1 0 1 1 0 1 1 1 1 1 1 1 1 0 1 0 0 0 0 1 0 1 0 1 1 0 0 1 0 1 1 1 1 0 0 1 1 0 1 1 1 0 0 1 1 1 1 1 1 0 0 1 1 1 0 1 0 0 1 1 1 1 0 1 0 0 1 1 1 1 0 1 1 1 0 0 0 0 1 0 1 0 1 0 0 1 1 1 0 0 0 0 1 1 0 1 0 0 0 1 1 1 1 1 0 1 1 1 0 1 1 1 1 0 0 1 0 1 1 1 1 0 0 0 1 0 1 1 0 1 0 0 1 1 0 1 0
0 1 1 0 0 0 0 0 1 0 0 1 1 0 0 1 0 0 0 0 0 0 0 1 1 0 0 0 1 1 0 1 1 0 1 1 0 1 0 1 0 1 1 1 1 1 1 1 1 1 1 0 0 1 0 1 1 1 1 1 1 1 1 0 1 1 1 0 0 1 0 0 0 0 1 1 1 0 1 0 1 0 0 0 0 0 1 1 0 0 1 1 1 1 0 1 1 0 1 1 1 0 0 1 1 0 0 0 1 1 0 1 0 0 0 1 1 1 0 0 0 1 0 1 0 1 0 0 1 0 1 0 0 1 0 1 0 1 1 1 0 0 0 1 1 0 0 0 1 1 0 0 1 0 0 1 1 0 0 1 0 1 1 1 0 0 0 0 0 1 1 1 0 1 0 0 0 1 0 1 0 0 0 1 1 1 1 0 1 0 1 0 0 1 0 1 1 0 0 0 1 0 1 0 0 0 0 0 1 0 0 0 0 1 1 0 0 1 1 1 0 0 0 1 0
1 1 0 1 0 1 1 0 1 1 1 0 1 1 1 1 0 0 0 0 1 1 1 1 1 1 0 1 0 1 1 0 0 1 0 0 1 1 1 0 0 1 0 0 1 1 0 0 0 0 0 1 1 1 1 0 0 1 0 1 1 0 1 1 0 1 1 1 1 0 0 0 0 1 0 0 0 1 0 0 1 0 0 1 0 0 1 0 0 1 1 1 0 1 0 1 1 1 0 1 0 1 0 0 1 1 0 0 0 0 0 0 1 0 0 1 1 0 1 0 0 1 0 1 0 1 1 0 1 0 0 0 0 1 0 0 1 1 1 1 0 1 0 1 0 1 0 1 1 1 0 1 1 1 1 0 1 1 1 1 0 0 0 0 0 0 1 0 0 1 1 1 1 0 1 0 1 0 1 0 1 0 0 0 0 0 1 0 0 1 0 0 0 1 0 0 1 1 0 1 0 0 1 0 0 0 0 0 0 1 1 1 1 1 1 1 0 0 0 1 1 0 0 1 1
1 1 0 1 1 0 1 1 1 0 0 1 0 1 1 1 0 0 0 0 1 1 1 1 0 0 0 0 1 1 0 1 1 0 1 1 0 1 0 0 1 1 1 0 0 0 1 0 0 1 0 0 0 1 1 1 1 0 1 0 1 0 0 0 1 1 0 0 0 1 0 1 0 0 0 0 0 0 1 1 1 0 0 1 1 1 0 1 0 1 1 1 0 0 0 0 1 0 1 0 1 0 0 0 0 1 0 0 0 1 1 0 1 0 1 0 0 0 0 1 0 1 0 1 1 1 0 0 0 0 0 0 1 0 0 1 0 1 0 1 1 1 1 1 1 1 1 0 1 1 0 1 0 0 1 1 0 1 1 1 0 1 1 0 1 1 0 1 1 1 0 1 1 1 0 0 0 1 0 0 0 0 1 1 0 0 1 1 1 1 1 0 1 0 1 0 1 1 0 1 0 0 1 1 0 1 1 1 1 1 1 1 1 1 0 1 1 0 0 1 1 1 0 0 1
0 0 1 0 0 0 0 0 1 1 0 1 1 0 0 1 0 1 1 1 0 0 0 1 0 1 0 1 1 0 1 0 0 1 0 1 1 1 1 0 0 1 1 1 0 1 0 1 0 0 0 1 1 1 0 1 1 0 1 1 0 1 0 1 1 1 0 0 1 1 0 0 0 1 0 0 1 1 1 0 0 0 0 1 0 0 0 1 1 0 1 0 0 1 0 0 1 1 1 0 0 1 1 0 0 0 1 1 1 1 0 0 0 1 0 1 0 0 1 0 1 0 1 0 0 1 1 0 1 1 0 1 0 0 1 1 1 1 0 1 1 0 0 1 1 0 0 0 0 1 1 1 0 1 0 1 0 1 0 1 1 1 1 1 0 1 0 1 1 0 1 1 0 1 1 1 0 1 1 0 1 1 0 0 0 0 1 0 1 1 0 0 0 0 0 0 1 0 0 0 0 1 1 1 1 0 0 1 1 0 1 0 1 1 0 0 0 1 0 1 0 1 1 0 1
0 0 0 0 0 1 1 0 0 1 0 1 0 1 0 1 0 1 1 0 0 1 1 0 1 0 1 0 1 0 0 1 0 1 0 1 0 1 1 1 1 1 0 1 1 1 1 0 0 0 0 0 1 0 0 0 1 1 1 1 1 0 1 1 1 1 0 0 1 0 0 1 0 0 0 0 1 1 1 0 1 1 0 0 0 1 0 0 1 1 0 1 1 1 0 1 1 1 1 1 1 1 1 1 0 1 0 0 0 0 0 1 1 1 0 0 0 1 0 1 0 0 1 0 0 0 1 1 1 1 0 1 1 1 0 1 0 0 0 0 1 1 1 1 0 0 1 1 1 1 0 1 0 1 0 0 1 0 0 0 0 1 0 1 1 1 1 0 1 1 0 1 1 0 0 0 1 0 0 0 0 0 1 0 0 0 1 0 1 1 1 1 1 0 0 1 0 1 1 0 1 1 1 0 1 0 0 0 1 1 0 0 1 1 0 0 1 1 0 0 1 1 0 0 0
0 0 1 0 1 1 0 0 1 0 0 0 0 0 1 1 1 0 1 0 1 1 1 0 1 1 1 1 0 1 0 1 1 1 0 1 1 1 0 0 1 1 1 0 0 1 0 0 0 1 1 0 1 1 1 1 1 1 0 1 1 1 1 1 0 0 0 0 0 0 1 0 0 0 0 1 0 1 0 1 0 0 1 1 1 1 1 1 0 0 0 1 1 1 1 1 1 0 1 1 0 1 0 0 1 0 1 0 0 0 1 1 1 0 0 1 0 0 1 1 1 0 1 1 0 0 0 0 0 1 1 0 1 0 0 1 1 0 1 0 0 0 0 1 0 0 0 1 0 0 0 1 0 1 1 1 0 0 1 0 1 1 0 1 1 0 0 0 0 1 1 0 0 0 1 0 1 1 0 0 0 0 1 0 1 0 0 0 1 0 0 0 0 0 1 1 0 1 0 0 1 1 0 1 1 0 0 1 1 0 1 1 0 0 1 1 1 0 0 1 0 1 1 0 0
1 0 1 1 1 1 1 0 0 1 1 0 1 1 1 0 1 1 1 1 0 0 1 0 0 1 0 1 0 0 0 0 0 0 1 0 1 0 1 0 1 1 1 0 0 0 0 1 1 0 0 1 0 0 0 0 1 0 1 1 1 1 1 0 0 1 0 0 0 0 1 0 0 1 0 0 0 0 1 0 1 0 0 0 1 0 1 0 0 0 0 0 0 1 0 1 0 1 0 1 0 0 0 1 1 0 1 1 0 1 1 0 1 0 0 0 1 1 0 1 1 0 0 1 1 1 0 0 1 0 1 1 1 0 0 0 0 1 1 1 0 0 0 0 1 0 1 0 0 1 0 1 0 0 0 1 0 0 1 1 0 1 0 0 1 0 0 0 1 1 0 0 0 1 0 0 1 1 1 0 1 0 0 1 0 1 0 0 1 1 1 1 0 0 0 1 1 1 1 1 1 1 1 0 1 1 1 1 1 0 0 1 1 0 1 1 1 1 1 0 1 0 1 0 1
1 1 0 0 1 0 0 0 1 1 0 0 0 1 0 0 0 1 1 1 0 1 1 0 0 1 0 1 1 1 1 1 1 1 1 1 1 0 1 0 0 0 0 0 0 0 1 0 0 1 0 1 1 0 0 1 0 0 0 0 1 0 0 1 1 1 0 0 1 0 0 0 0 1 0 0 0 1 1 1 1 0 1 1 0 1 0 1 1 1 0 1 0 0 0 1 1 1 0 0 1 1 0 0 0 0 1 1 0 1 1 0 0 1 1 0 0 0 1 0 1 1 1 1 0 1 1 1 0 1 0 1 1 0 1 1 0 1 0 1 0 0 0 1 1 1 1 0 1 1 1 0 0 1 1 0 0 1 1 0 1 1 1 0 0 0 0 0 0 1 0 1 0 0 1 1 0 1 1 0 1 1 0 1 0 0 0 0 1 1 1 0 1 0 0 0 1 0 0 0 0 1 1 1 1 1 0 0 1 0 0 0 0 0 0 0 0 0 1 1 1 0 1 1 0
0 0 1 0 1 0 0 1 1 0 0 0 1 1 0 0 0 0 1 0 1 1 1 0 0 0 0 1 0 0 0 0 0 0 0 0 0 0 1 0 1 0 0 1 0 1 0 1 0 0 1 1 0 0 1 1 0 1 0 1 0 1 1 0 1 1 1 0 0 0 0 1 0 0 0 0 1 1 1 1 0 0 1 0 1 1 0 1 0 1 1 0 0 1 0 1 0 0 0 1 0 0 1 1 1 1 1 0 1 0 0 1 1 0 1 1 0 1 1 1 0 0 0 0 1 1 1 1 1 0 0 0 1 1 0 1 0 1 0 1 1 0 0 1 0 1 1 0 1 1 0 1 1 1 1 0 0 0 1 0 0 0 1 1 1 1 0 1 1 0 1 0 0 0 0 1 0 0 0 1 1 0 0 0 1 1 1 0 0 0 0 0 1 0 0 0 0 0 0 0 0 1 0 0 0 1 1 1 1 1 1 1 1 0 1 0 0 1 1 1 1 1 0 1 1
0 1 0 0 1 1 0 1 1 1 0 0 0 0 0 0 0 1 0 1 0 0 1 1 0 0 0 1 1 1 0 0 0 0 0 0 1 0 1 1 0 0 1 0 1 0 0 0 1 1 0 0 1 1 0 0 1 0 0 1 1 0 1 0 1 0 1 1 0 0 0 1 1 1 0 1 1 1 1 1 0 1 1 0 0 1 0 1 0 1 0 1 1 1 1 1 0 1 1 0 1 0 0 1 0 0 0 1 1 0 1 1 1 0 0 1 0 0 0 0 1 1 1 0 1 1 1 0 0 0 0 0 0 1 0 1 0 0 1 0 0 0 0 0 1 0 0 0 1 1 1 0 1 0 0 1 0 1 1 0 0 0 1 1 0 0 0 1 1 0 1 0 1 0 1 1 1 0 0 0 0 1 0 0 1 0 0 1 1 1 1 0 1 1 0 0 1 1 1 1 1 1 1 0 1 0 0 1 0 1 0 1 0 1 1 1 1 1 1 0 1 1 0 1 0
0 0 1 0 1 0 1 0 1 1 1 1 1 1 1 0 0 1 1 0 1 0 1 0 0 1 0 1 1 1 1 0 0 0 0 1 1 0 1 1 0 0 1 1 1 0 1 0 0 1 1 0 1 0 1 1 1 1 1 0 0 0 0 1 1 1 1 0 0 1 1 1 0 1 1 1 0 0 0 1 1 1 0 1 1 0 1 1 1 0 0 1 1 1 1 0 0 1 0 0 0 0 0 1 1 1 1 0 0 0 1 0 0 1 1 1 0 1 1 0 1 0 0 1 1 0 1 0 1 0 1 1 0 1 0 1 1 0 0 0 0 1 0 0 0 0 1 1 1 0 0 1 0 0 1 1 1 0 0 0 0 0 1 0 1 1 1 0 1 0 1 1 1 0 1 0 0 1 0 0 1 0 0 1 1 0 0 1 0 1 1 1 1 0 1 0 1 0 0 0 0 0 0 1 0 0 0 0 0 0 1 1 1 1 0 0 1 0 1 0 0 0 0 0 0
1 1 1 1 0 1 1 1 1 1 1 1 0 0 0 1 1 1 1 0 1 0 1 0 1 1 0 0 0 1 1 1 1 0 0 1 0 0 0 0 0 0 1 1 0 0 1 1 1 0 0 0 0 0 1 0 0 1 1 1 0 0 0 0 0 0 0 0 1 0 0 1 0 0 1 0 0 0 0 0 1 1 0 0 1 1 0 1 0 1 1 1 1 0 1 0 0 0 1 0 0 1 1 0 1 0 0 1 0 1 1 0 0 0 1 1 0 0 1 1 1 0 1 0 0 0 1 1 1 1 0 1 0 1 1 1 0 1 0 0 1 0 0 1 0 0 1 0 0 0 1 1 1 1 1 1 1 1 1 1 0 1 1 0 0 0 0 1 0 0 0 0 0 0 1 0 1 1 0 1 1 0 0 0 1 1 0 0 0 1 1 0 0 1 1 1 1 1 1 0 0 1 1 0 0 1 0 1 0 1 0 1 0 1 1 1 1 1 1 1 0 0 1 0 1
0 0 0 0 0 0 0 0 0 0 1 0 1 0 1 0 1 1 0 1 0 1 0 1 0 1 1 1 1 1 0 1 0 1 0 1 1 0 0 0 1 0 1 1 1 0 1 1 1 0 0 1 0 1 0 0 0 0 1 0 1 0 1 1 0 1 0 0 0 0 0 1 0 1 1 0 0 1 0 1 0 0 1 1 1 1 0 0 0 1 0 0 1 1 1 1 1 1 0 1 1 0 1 0 1 1 0 0 1 1 1 0 0 0 1 0 1 1 0 1 1 1 0 0 0 1 0 0 1 1 1 0 0 0 1 1 0 0 1 0 1 1 0 0 0 1 0 1 1 1 1 1 1 1 1 1 0 1 0 0 0 1 1 0 0 1 1 1 0 1 1 1 0 1 0 0 0 0 1 0 0 0 0 0 1 1 1 1 0 0 1 0 0 0 1 0 0 1 1 1 0 1 0 0 0 1 0 1 1 1 1 0 1 1 0 0 0 1 0 1 0 0 1 0 0
0 1 1 0 0 0 1 1 0 1 0 0 0 1 0 1 0 1 1 1 1 0 1 1 1 0 1 1 1 0 0 1 1 0 0 1 0 1 1 0 1 1 1 0 0 1 1 1 1 0 1 0 1 0 0 0 0 0 0 1 1 0 0 0 0 0 1 1 1 0 1 1 0 0 1 0 0 0 1 1 0 1 1 1 0 0 1 1 1 0 0 0 0 0 1 1 0 1 1 1 1 0 1 0 0 1 0 1 1 0 1 0 0 0 1 0 0 1 0 1 0 0 0 1 0 0 1 1 0 1 1 1 0 0 0 1 1 1 1 1 0 1 1 0 1 1 1 1 0 1 1 0 0 0 0 1 0 0 0 0 0 1 0 1 0 1 0 1 0 0 1 0 1 1 0 0 0 1 1 1 0 1 0 1 1 0 0 1 0 0 0 0 1 0 1 1 1 0 1 0 1 0 0 0 0 1 1 1 1 0 0 0 0 0 1 0 1 1 1 0 1 1 1 1 0
0 1 0 1 1 1 1 0 0 1 1 1 0 0 1 1 1 1 0 1 0 0 0 1 1 1 1 0 1 1 1 1 1 1 1 1 1 1 0 1 0 1 1 0 1 0 1 0 1 1 0 0 1 1 0 0 1 0 1 0 1 0 0 1 0 0 0 1 1 1 1 0 1 1 1 1 0 0 0 0 1 1 0 1 0 0 1 0 1 0 0 1 1 0 1 0 1 1 1 0 1 1 0 0 0 0 0 1 0 1 1 0 0 1 0 0 1 0 0 0 1 1 1 1 0 0 0 0 0 1 1 1 0 0 1 0 1 0 1 0 0 1 1 0 1 0 0 1 0 0 1 0 0 0 0 1 1 1 0 1 1 1 0 0 0 0 1 0 0 1 0 1 1 1 1 0 1 1 1 0 0 1 1 1 0 0 1 1 1 1 1 1 0 1 1 1 1 1 1 1 1 0 1 1 1 0 0 0 0 0 0 0 0 1 0 1 1 0 0 0 0 0 1 0 0
1 0 1 0 0 0 1 0 0 1 1 0 0 0 0 0 0 0 1 0 0 0 0 0 0 0 0 1 0 0 0 1 0 0 0 0 1 1 0 0 0 1 0 1 0 1 0 0 0 1 0 0 0 1 1 1 1 0 1 1 1 0 0 0 1 0 0 1 0 0 1 1 0 0 1 1 0 1 0 1 1 1 0 0 0 0 0 0 1 1 0 0 1 0 0 0 0 0 0 0 0 1 0 1 1 1 1 0 1 0 1 0 0 1 1 0 1 0 0 0 0 1 1 0 0 1 0 0 0 1 1 0 0 0 0 0 0 1 1 0 0 0 1 0 1 1 0 0 0 0 1 0 1 1 0 0 0 0 1 0 0 0 1 1 1 1 0 1 0 1 0 1 1 0 0 0 1 1 1 1 0 0 1 0 1 1 1 0 0 0 0 0 1 0 0 0 1 0 0 0 0 1 1 0 1 0 0 0 0 1 1 1 0 1 0 0 1 0 1 1 0 0 1 0 1
0 1 0 1 0 1 0 1 1 0 1 1 0 1 0 0 0 0 1 0 0 1 0 1 1 0 1 0 0 1 0 0 0 1 1 1 1 0 0 1 0 1 1 1 0 0 0 1 0 1 0 1 1 0 1 0 1 0 0 1 1 1 0 0 0 1 0 1 1 1 0 1 0 1 0 0 0 1 0 1 1 1 1 1 1 1 0 0 0 0 1 0 0 0 0 0 1 0 0 1 0 0 0 1 0 0 0 1 0 0 0 1 0 0 0 0 0 1 1 0 1 0 1 1 0 1 0 0 0 0 1 1 0 1 1 1 1 1 1 0 0 0 0 0 1 1 1 1 0 0 1 1 1 0 1 0 0 0 1 1 1 0 1 1 0 0 1 1 1 0 1 1 1 0 0 0 0 0 0 1 1 0 1 1 0 0 0 1 1 1 0 0 0 0 1 1 1 0 1 1 1 1 0 0 0 0 1 0 1 1 1 1 1 1 0 0 1 1 0 0 1 1 1 0 0
0 0 0 1 1 0 0 0 0 1 1 0 1 0 1 1 1 0 1 0 1 0 1 0 0 1 1 1 1 0 1 0 1 1 1 1 1 0 0 0 1 1 0 1 1 0 1 0 0 1 1 0 0 1 1 0 1 1 0 0 0 0 1 1 1 1 1 0 0 1 0 1 1 0 0 0 0 0 1 1 1 1 0 0 1 0 1 0 1 1 1 0 1 0 1 1 0 1 1 1 1 0 1 0 0 0 0 0 1 1 1 0 0 0 0 1 0 0 0 1 0 1 1 0 1 1 1 1 1 0 1 0 1 0 0 0 1 1 1 1 1 1 0 1 0 1 1 0 0 1 0 0 1 0 0 1 1 0 0 0 0 1 0 1 0 0 0 1 0 0 0 1 1 1 1 1 1 0 0 1 0 1 1 0 1 0 0 0 0 0 1 1 1 0 0 0 1 1 0 0 0 1 1 1 1 1 0 1 0 0 1 0 0 0 0 1 0 0 1 0 0 0 1 1 0
0 0 0 1 1 0 0 0 0 1 0 1 0 1 0 0 0 0 0 0 0 1 1 0 1 0 1 1 1 0 0 1 0 1 1 1 0 0 0 0 0 0 0 0 1 1 0 1 0 0 0 0 0 1 0 0 0 0 1 1 1 1 1 0 1 1 1 1 1 1 0 0 1 0 0 1 0 1 1 0 0 0 0 1 1 0 0 0 0 1 1 0 1 1 1 0 1 1 1 1 1 1 0 1 1 0 1 0 1 1 1 0 0 0 1 1 1 1 1 1 0 1 0 1 1 0 1 0 0 0 0 1 0 0 1 0 1 0 0 0 0 0 1 0 1 0 1 1 0 1 1 1 0 0 1 1 0 0 1 1 1 0 1 0 1 1 1 0 0 0 0 0 0 0 1 1 1 1 1 0 1 1 0 1 1 0 0 0 0 0 1 0 1 1 1 1 0 1 0 0 0 0 1 0 1 0 1 1 1 1 0 1 1 1 0 1 1 0 1 1 0 0 0 0 0
1 0 0 1 1 1 1 1 0 1 1 0 0 1 1 0 1 1 1 1 1 1 1 0 0 1 1 1 0 0 1 0 0 1 0 0 1 0 1 0 1 0 0 0 0 0 0 0 0 0 0 1 1 0 1 0 0 0 0 0 0 0 0 1 0 0 0 1 1 0 1 1 1 1 0 0 0 1 0 1 0 1 1 0 1 1 0 0 1 1 0 0 0 0 1 0 0 1 0 0 0 0 1 0 0 1 1 0 0 0 1 0 1 1 1 0 0 0 1 1 1 0 1 0 1 0 1 1 0 1 0 1 1 0 1 0 1 0 0 0 1 1 1 0 0 1 1 1 1 0 1 1 0 1 1 0 0 0 0 0 1 1 0 0 1 1 1 1 1 0 0 1 1 0 1 1 1 0 1 0 1 1 1 0 0 0 0 1 0 0 0 1 1 0 1 0 1 1 1 1 0 1 0 0 1 1 1 1 0 1 1 1 1 0 0 1 1 0 0 0 1 1 1 0 1
1 1 1 0 1 0 0 0 0 1 0 0 1 0 0 0 0 1 0 1 0 1 1 0 1 1 0 0 1 1 1 1 1 1 1 0 1 0 0 1 0 0 0 1 1 1 1 1 1 1 1 0 1 0 0 0 0 1 0 1 1 0 1 1 0 0 1 0 1 0 0 0 0 1 1 1 1 0 0 1 1 0 0 0 1 1 1 0 1 0 0 1 1 1 0 0 0 1 0 1 1 1 0 1 1 1 0 1 1 0 0 1 0 1 1 1 1 1 0 0 0 1 1 1 0 0 0 0 1 1 1 1 1 1 1 0 1 0 0 0 1 0 0 0 0 1 1 0 1 0 1 1 1 0 1 0 1 0 1 0 1 0 0 0 0 1 0 1 1 1 1 0 0 0 1 0 0 0 1 1 0 1 0 1 1 1 0 0 0 0 1 0 1 1 0 1 0 0 0 0 1 0 0 0 1 1 0 1 0 0 1 1 1 0 1 0 0 1 0 0 1 1 1 0 1
0 0 0 1 0 1 1 1 1 0 1 1 0 1 1 1 1 0 1 0 1 0 0 1 0 0 1 1 1 0 1 0 0 0 0 1 1 1 1 0 1 1 1 0 0 0 0 0 0 0 0 1 0 1 1 1 1 0 1 0 0 0 0 0 1 1 0 1 0 1 1 1 1 0 0 1 1 1 1 0 0 1 1 1 1 0 0 1 0 1 0 0 0 0 1 1 1 0 1 0 0 0 1 0 0 1 1 0 0 1 1 0 1 0 0 0 0 0 1 1 0 0 0 0 1 1 1 1 0 0 0 0 0 0 0 1 0 1 0 1 0 1 1 1 1 0 0 1 0 1 0 0 0 1 0 1 0 1 0 1 0 1 1 0 1 0 1 0 0 0 0 1 1 1 1 1 1 1 0 0 1 0 1 0 0 0 1 1 1 1 0 1 0 0 1 0 1 1 1 1 0 1 1 1 0 0 1 0 1 1 0 0 0 1 0 1 1 0 1 1 0 0 0 1 0
1 1 0 1 1 1 1 1 0 0 1 0 0 1 1 0 0 0 0 0 1 1 1 0 1 0 1 0 0 1 0 1 1 0 1 0 0 0 0 1 1 0 0 0 1 0 1 0 1 1 1 0 0 0 1 0 0 1 0 0 1 0 1 0 0 0 1 1 0 0 1 1 1 0 1 1 0 0 0 1 1 1 0 0 1 1 1 0 0 1 0 1 1 0 1 1 0 0 0 1 1 0 0 1 1 1 0 0 0 0 1 1 1 0 1 0 1 1 1 1 0 1 0 1 1 0 0 0 0 0 1 0 1 1 0 0 0 0 1 0 0 1 1 0 0 1 1 1 1 0 0 0 1 0 1 0 1 0 1 0 0 0 0 0 1 0 1 0 0 1 0 0 1 0 0 1 1 0 0 1 0 0 1 1 1 1 0 1 0 0 1 1 1 1 1 1 0 1 1 1 1 0 0 0 0 1 1 0 0 1 0 0 0 0 1 1 1 0 1 0 1 0 0 1 0
0 0 1 1 0 1 1 0 0 0 0 1 1 0 1 0 0 0 1 0 1 1 1 1 1 1 1 0 0 0 0 0 1 1 0 1 0 1 0 0 0 0 0 1 1 0 1 0 1 0 1 1 1 0 0 0 0 0 0 0 1 0 0 0 0 0 0 0 1 0 0 1 0 0 0 1 1 0 1 0 1 1 0 1 0 0 1 0 0 0 0 1 1 1 0 0 0 1 0 0 1 1 1 1 1 0 1 0 1 1 1 1 1 1 0 0 0 0 0 1 1 1 0 0 0 1 0 1 1 0 1 0 1 0 1 1 1 0 1 0 0 0 1 1 1 0 1 0 1 0 1 0 0 0 1 0 0 0 1 1 0 0 1 0 0 1 1 0 1 0 1 0 1 1 1 1 1 0 1 0 1 0 0 1 1 0 1 0 1 1 1 0 1 1 1 0 1 0 0 1 0 0 0 0 0 1 1 0 1 0 1 0 0 1 1 1 1 0 0 0 0 0 0 1 0
1 1 1 0 0 0 0 1 1 1 1 0 0 0 0 1 1 1 0 0 0 1 0 0 0 1 0 1 0 0 0 1 1 0 1 0 0 1 0 0 1 0 1 1 0 0 1 1 0 0 0 0 1 1 0 0 1 1 1 1 0 1 1 0 1 1 1 1 0 1 1 1 0 1 0 1 0 0 1 0 1 0 1 1 0 0 0 0 1 1 1 0 0 0 1 1 0 0 0 1 0 1 0 0 0 0 0 0 0 1 1 0 1 1 1 0 1 1 0 0 1 1 1 1 1 0 0 0 0 1 1 1 1 1 1 1 1 1 1 1 0 1 1 0 0 0 0 1 0 0 0 1 0 1 1 1 1 1 1 0 0 0 0 1 0 1 0 1 1 1 0 1 0 1 0 1 0 1 0 1 0 1 1 0 1 0 0 1 0 0 0 0 0 1 1 1 1 1 0 0 0 1 1 1 1 1 0 0 1 1 0 1 1 0 0 1 0 1 0 0 1 1 0 0 0
0 0 1 1 1 1 0 1 0 0 1 1 1 0 0 0 0 0 1 1 0 1 0 0 0 1 0 0 0 0 0 0 1 1 0 1 1 1 1 1 1 0 1 0 1 1 0 1 0 1 0 1 0 0 1 1 0 1 0 0 1 1 1 1 1 0 0 1 1 0 0 0 0 0 1 0 1 1 1 1 0 0 1 0 0 1 1 0 0 1 0 1 0 0 1 0 0 0 1 1 0 1 0 1 0 0 0 1 0 1 0 0 1 1 0 1 1 0 1 1 0 0 1 1 1 0 0 0 0 0 0 1 0 0 0 0 0 0 1 0 0 0 0 1 1 0 0 0 0 1 1 0 1 1 1 1 1 0 0 1 1 1 1 0 1 1 1 1 0 0 0 1 1 1 0 0 1 1 0 0 0 0 1 0 0 1 1 0 1 1 1 1 1 1 1 0 0 0 1 1 0 1 1 0 1 0 1 1 0 0 0 1 0 0 1 0 0 1 0 0 0 0 0 1 0
1 1 1 1 1 0 1 0 1 1 1 1 1 1 1 1 1 1 1 0 1 1 0 1 1 1 1 1 1 1 1 1 0 1 1 1 1 1 1 1 0 1 1 1 1 1 1 1 1 1 1 1 0 1 1 1 1 1 1 1 1 0 0 1 1 1 0 1 1 1 1 1 1 1 1 1 1 1 1 1 0 1 1 1 1 1 0 1 0 0 0 1 1 1 0 1 1 1 1 0 0 1 1 1 0 1 1 1 1 1 1 1 1 0 1 1 1 1 1 1 1 1 1 0 1 1 1 0 1 1 1 0 1 0 1 0 1 0 1 1 1 1 1 1 1 1 1 0 0 1 1 1 1 1 1 1 0 0 1 1 1 0 0 1 1 1 1 0 1 1 0 0 1 0 1 1 1 1 1 1 1 0 1 0 1 1 1 1 0 1 1 1 1 1 1 1 1 0 0 1 1 1 0 1 1 1 0 0 0 1 1 1 1 1 1 0 1 1 1 1 1 0 1 1 1
1 0 0 0 0 1 1 0 0 1 1 0 1 0 1 1 1 1 0 1 1 1 1 0 1 0 0 1 1 1 1 1 0 0 1 0 1 1 0 0 0 0 1 1 1 1 1 0 1 1 1 0 0 0 1 1 1 0 1 1 0 1 1 1 0 0 1 1 1 1 0 0 1 0 0 0 0 1 0 1 1 1 1 1 1 1 0 1 1 1 1 0 1 0 0 0 0 0 1 0 0 0 1 1 1 0 1 1 1 1 0 0 0 0 0 1 0 1 1 0 1 1 0 0 0 1 1 1 0 0 0 0 0 1 0 0 0 1 0 1 0 0 0 0 0 1 0 1 1 0 1 1 1 1 1 1 1 1 1 0 0 0 0 0 1 1 1 0 0 0 0 0 0 1 0 0 0 1 1 1 1 1 0 1 1 1 1 0 1 0 0 0 0 0 0 1 0 0 1 0 0 0 0 1 0 0 1 0 1 1 0 0 0 1 0 1 0 0 0 0 1 0 0 0 0
0 1 0 0 1 0 1 1 1 0 1 0 0 0 0 0 0 0 1 0 0 0 0 1 1 0 1 0 0 0 0 0 0 0 1 1 0 0 1 0 1 0 0 0 0 0 1 0 0 0 0 1 0 0 1 0 0 0 0 0 0 1 0 0 0 1 0 0 0 1 0 0 0 0 0 1 0 1 0 0 0 0 1 0 0 0 1 1 1 0 0 0 1 1 1 1 1 0 0 1 1 0 0 0 0 0 0 1 0 0 0 0 0 0 0 0 0 0 0 1 0 1 1 1 0 1 0 0 0 0 0 1 0 0 0 0 1 0 1 0 0 0 0 0 0 0 0 0 1 0 0 1 0 0 1 0 1 0 0 1 1 1 1 0 0 1 0 1 0 1 1 0 0 0 1 0 0 0 0 0 0 0 0 1 1 1 0 0 1 1 0 1 0 0 0 0 0 1 0 0 1 0 1 1 0 0 1 1 0 0 1 0 0 1 1 0 0 0 0 0 1 0 1 0 0
0 0 0 0 0 0 0 0 1 1 0 0 0 1 0 1 0 0 0 1 1 0 1 0 0 0 0 0 1 0 1 1 0 1 1 0 1 0 0 1 1 1 1 0 1 0 0 1 1 1 1 0 0 0 0 0 0 1 0 1 0 0 0 0 0 0 0 0 0 0 0 0 0 1 1 1 0 1 0 1 0 0 1 1 1 1 0 0 0 1 0 0 1 0 0 0 1 0 1 1 0 0 1 1 1 1 1 0 0 1 0 1 1 1 1 0 0 1 1 1 1 0 0 0 1 0 1 1 0 0 1 1 1 1 0 0 0 0 1 0 0 0 0 0 0 1 1 0 1 1 1 0 1 1 0 1 1 1 1 1 0 1 0 1 1 0 0 0 0 1 0 1 0 0 1 1 0 1 1 1 1 0 0 0 1 1 1 0 1 1 0 0 1 1 0 1 1 0 0 0 1 1 1 1 1 1 1 0 0 1 0 0 0 1 1 0 0 0 0 0 1 0 1 0 0
0 1 0 1 0 1 1 0 0 0 0 1 1 0 0 0 0 0 0 1 1 1 1 1 0 0 0 1 1 0 1 0 0 1 0 1 0 1 1 1 1 1 1 0 0 1 0 0 1 0 1 1 1 1 1 0 1 0 1 0 0 1 1 1 0 1 1 0 1 1 0 1 0 0 1 0 0 1 0 1 0 0 1 1 1 1 1 0 1 1 0 0 1 0 0 0 1 0 1 1 0 0 1 1 0 1 1 0 0 1 0 1 1 1 1 0 1 1 1 1 1 0 0 0 1 0 1 1 0 0 1 1 1 1 0 0 0 0 1 0 0 0 0 0 1 1 1 0 1 0 1 0 1 1 0 1 1 1 1 1 0 1 0 1 1 0 0 0 0 0 1 1 0 1 1 1 0 1 1 1 1 0 0 0 1 1 1 0 1 1 0 0 1 1 0 1 1 0 0 0 1 1 1 1 1 1 1 0 0 1 0 0 0 1 1 0 0 0 0 0 1 0 1 0 0
1 0 0 0 1 0 0 1 0 0 0 1 0 1 0 1 0 0 1 1 1 1 1 1 1 0 0 1 1 0 1 0 1 1 0 1 1 1 1 1 1 1 1 0 1 0 0 0 1 0 1 1 1 1 1 0 1 1 1 0 0 0 1 0 0 0 1 0 1 1 0 1 0 0 1 0 0 1 0 1 0 0 1 1 1 1 1 0 1 0 0 0 1 0 0 0 1 0 1 1 0 0 1 1 1 1 1 0 0 1 0 1 1 1 1 0 1 1 1 1 1 0 0 0 1 0 1 1 0 0 1 1 1 1 0 0 0 0 1 0 0 0 0 0 1 1 1 0 1 0 1 0 1 1 0 1 1 1 1 1 0 1 0 1 1 0 0 0 0 0 1 1 0 1 1 1 0 1 1 1 1 0 0 0 1 1 1 0 1 1 0 0 1 1 0 1 1 0 0 0 1 1 1 1 1 1 1 0 0 1 0 0 0 1 1 0 0 0 0 0 1 0 1 0 0
