C Criteria = 0
C Removed Row = 63
C Missings = 0
C Uncovering Columns = 0
C
125 150 2^150 4
0 0 1 0 1 1 0 1 1 0 1 0 1 1 1 0 0 1 0 0 1 1 0 0 0 0 0 0 1 1 1 0 0 0 1 1 0 0 0 0 0 1 1 0 1 1 0 0 0 1 1 1 1 1 1 0 0 0 1 1 0 1 1 1 1 1 1 0 1 0 0 0 1 1 1 1 0 0 1 1 0 1 1 1 1 0 0 0 1 0 1 1 1 1 1 0 0 1 0 1 0 1 1 0 1 0 0 0 1 0 0 0 0 1 1 1 1 0 1 0 0 0 0 1 0 1 1 1 0 0 0 1 0 1 0 1 1 1 0 1 0 0 1 1 0 1 0 1 1 0
0 0 1 0 0 1 0 0 1 0 1 1 0 0 0 0 1 0 0 1 1 1 1 1 0 1 0 0 0 0 0 1 1 1 1 1 0 0 1 1 1 1 1 0 0 0 0 1 0 0 1 0 0 1 1 0 1 0 0 0 0 1 0 1 0 1 0 0 1 0 0 1 0 0 0 0 1 0 0 0 1 1 0 0 1 0 1 0 1 1 1 1 0 0 1 0 0 1 1 0 0 0 1 0 1 0 0 0 0 1 0 1 1 0 1 0 1 0 0 1 1 0 1 0 0 1 1 0 0 0 1 1 1 1 1 0 1 1 1 1 1 1 1 0 1 1 1 1 1 0
1 1 0 1 1 1 1 1 0 1 1 0 1 0 0 0 0 0 1 0 1 0 1 0 0 0 1 1 0 0 1 0 0 1 1 0 0 1 1 0 0 0 1 1 0 0 1 0 0 1 1 1 1 0 1 1 0 0 0 0 0 0 1 1 1 0 1 0 1 1 1 1 1 1 1 0 0 0 1 1 1 1 0 0 1 0 1 1 1 0 1 0 0 0 1 1 0 0 1 0 0 1 0 0 0 0 0 1 1 1 1 0 0 1 0 0 1 1 1 1 1 1 1 0 0 1 0 1 1 0 0 1 0 1 0 0 0 0 1 1 1 0 1 0 1 1 1 0 0 0
1 0 1 1 0 0 0 0 0 0 0 0 0 1 0 1 1 0 1 1 1 0 1 1 0 0 1 1 1 0 1 0 1 0 0 0 1 0 0 1 1 0 1 1 0 0 0 0 1 0 1 0 1 1 1 1 1 0 0 1 0 0 0 1 0 0 1 0 1 0 0 0 1 1 1 1 0 1 0 1 1 1 1 1 1 0 1 1 0 1 0 0 1 1 0 0 1 0 1 1 1 0 1 0 0 1 1 0 1 0 1 1 1 0 0 0 0 1 0 0 0 1 1 1 0 0 0 1 0 0 1 1 1 0 1 0 1 0 1 0 0 1 1 0 0 1 0 1 0 0
1 0 1 1 1 0 0 1 0 0 1 0 0 0 1 0 1 1 0 0 0 0 0 0 1 1 1 1 0 1 0 1 0 1 1 1 1 1 1 1 0 0 0 1 1 0 0 1 1 0 0 0 1 1 1 1 1 0 1 1 1 1 0 0 1 1 1 1 1 1 0 1 0 1 1 1 1 1 0 0 0 0 0 1 1 0 0 1 1 1 1 0 0 1 0 0 0 0 1 1 0 1 1 1 1 1 0 1 0 1 0 0 0 1 0 0 0 0 1 1 0 0 1 0 0 0 1 1 0 0 0 1 1 1 0 1 0 0 0 1 0 1 1 0 0 0 0 1 0 1
1 1 0 1 1 0 1 1 0 1 0 1 1 0 0 1 1 1 0 0 1 1 0 0 1 1 1 0 0 1 1 0 0 1 0 0 1 0 0 1 1 0 1 0 0 1 0 1 1 0 0 0 1 1 0 0 0 1 1 1 0 0 0 1 1 0 1 0 0 1 0 0 1 0 0 0 1 1 0 1 1 0 1 1 1 1 0 0 0 0 0 0 1 1 1 0 1 1 0 0 0 0 1 1 0 0 1 1 1 0 1 1 1 0 1 1 0 0 1 0 1 1 0 0 1 1 1 1 0 1 1 1 0 1 1 0 0 1 0 1 0 0 0 1 1 1 0 0 0 1
1 0 1 1 0 1 1 1 1 1 0 1 0 1 0 0 1 0 1 1 1 1 1 0 1 0 1 1 1 0 1 0 0 1 0 1 0 1 1 1 0 1 1 1 0 1 1 1 1 0 0 0 0 0 0 0 1 1 0 1 0 0 1 0 1 0 1 0 0 0 1 0 1 1 0 0 0 1 0 0 0 0 1 0 1 0 1 0 1 1 0 0 0 1 1 1 0 0 1 0 0 0 1 1 1 0 1 1 1 0 0 0 0 1 1 1 0 0 1 0 0 0 0 1 1 0 1 0 1 0 0 1 1 0 1 1 0 0 0 0 0 1 0 0 0 1 1 1 1 1
1 1 0 1 0 0 1 1 1 0 1 1 1 1 0 1 0 1 0 0 0 0 0 0 0 1 1 0 1 0 1 0 1 0 0 0 0 0 1 1 0 1 0 0 1 0 1 0 0 0 0 1 0 0 0 0 0 0 0 1 0 1 1 0 0 1 1 0 1 1 1 1 1 1 1 0 1 1 0 0 1 1 0 0 1 1 1 1 0 1 0 1 0 1 1 1 0 0 0 1 0 0 0 1 1 0 0 0 0 1 0 0 1 0 1 0 0 0 0 0 0 1 1 1 1 1 0 1 0 1 1 0 0 1 0 1 1 0 0 1 0 1 0 1 1 1 1 1 1 0
0 0 0 0 0 0 0 1 1 0 1 0 1 1 1 1 1 0 0 1 0 1 0 1 0 0 0 0 1 0 0 0 0 0 1 1 1 0 1 1 1 0 0 1 0 0 1 1 1 1 0 1 1 1 0 1 1 0 1 1 0 1 1 1 1 0 1 1 1 0 1 1 1 0 0 1 0 1 1 1 1 1 0 1 0 1 1 0 1 0 1 0 0 0 0 1 0 0 0 0 1 0 0 1 0 0 0 1 1 0 0 1 1 1 1 0 1 0 0 1 0 0 1 1 1 0 0 0 1 1 0 1 0 0 0 1 1 1 1 0 0 0 0 0 1 1 1 1 0 0
0 1 1 1 0 0 0 0 0 0 0 1 1 1 0 0 1 0 1 0 1 1 1 0 0 1 0 0 0 1 0 1 0 0 1 1 0 1 1 1 0 0 0 1 0 0 1 0 1 0 1 1 0 0 0 0 0 0 0 1 1 1 0 0 1 1 1 0 1 1 0 0 1 1 0 1 0 1 0 0 1 1 1 1 0 1 1 1 1 0 1 1 1 0 0 1 1 1 1 1 1 1 0 0 1 0 1 1 1 0 1 1 0 0 0 0 1 0 1 0 1 0 1 0 0 1 1 0 1 1 0 0 1 1 0 0 1 1 0 1 1 1 0 0 0 0 0 0 1 1
1 1 1 1 1 1 0 0 1 0 0 0 1 1 0 1 0 1 0 0 0 1 0 0 0 0 1 1 0 0 1 1 0 1 1 0 1 0 0 0 1 0 1 1 0 0 1 0 1 1 0 0 1 0 0 0 1 1 0 0 0 1 0 1 1 1 1 1 0 1 1 1 1 0 0 1 1 0 0 0 1 0 1 0 0 0 1 0 1 1 1 1 1 0 0 0 0 1 0 0 0 0 0 0 1 0 1 0 1 1 1 1 1 1 1 0 0 0 1 1 1 0 0 1 0 1 1 1 0 1 1 0 1 0 0 0 1 0 0 0 1 1 1 0 0 0 0 0 1 1
0 1 1 0 1 0 0 1 1 0 0 0 1 0 0 1 1 0 0 0 0 1 1 1 1 0 1 0 1 1 0 0 1 0 1 0 0 1 1 1 0 1 0 0 1 0 0 1 0 0 0 0 1 0 0 1 1 1 1 1 0 0 0 0 1 1 1 0 0 0 0 1 1 0 1 0 1 0 1 1 0 0 0 1 0 1 1 0 0 0 0 1 0 0 1 1 0 1 0 1 1 1 0 0 1 1 1 0 1 1 1 1 0 1 1 1 0 0 0 1 1 1 1 0 0 1 0 1 1 0 1 1 0 0 1 0 0 0 1 1 0 0 0 0 0 0 0 1 1 1
0 0 0 0 0 0 1 1 0 0 0 1 1 1 1 1 0 1 0 0 1 1 1 1 1 0 1 1 1 1 0 0 0 1 1 0 0 0 1 0 1 1 0 1 0 1 0 1 1 1 1 0 0 0 1 1 0 0 1 0 0 0 1 0 1 0 1 1 1 0 1 1 1 0 0 1 1 0 0 0 0 0 0 0 1 0 0 0 1 0 0 1 1 1 0 0 1 0 1 1 1 1 1 0 1 0 1 1 0 1 1 1 1 0 0 1 1 1 0 1 0 1 0 1 0 1 1 0 0 0 1 0 1 1 0 1 0 0 0 1 0 1 0 0 0 0 1 0 1 0
0 1 1 1 1 0 1 1 0 1 0 0 1 0 0 1 0 1 1 0 1 0 1 0 1 1 0 1 0 0 0 0 0 0 0 0 1 0 1 1 0 1 0 0 1 1 0 1 1 0 1 1 1 1 1 0 1 0 1 1 1 1 1 1 0 0 0 1 1 0 0 0 0 1 0 0 1 0 1 0 1 1 1 0 0 1 1 1 1 0 0 0 1 1 0 1 0 0 0 1 0 0 0 1 1 1 0 1 1 1 0 1 0 0 1 1 1 0 0 1 1 1 0 0 0 0 1 0 1 0 0 0 0 0 1 0 1 0 0 0 1 0 1 0 0 1 0 0 1 0
1 1 0 0 1 0 0 1 1 1 1 0 1 1 0 0 1 1 0 1 1 0 1 1 1 0 0 1 1 0 0 1 1 0 0 1 0 0 0 1 1 1 0 0 0 1 0 0 0 0 0 1 0 0 1 0 1 1 0 0 1 0 0 0 1 0 1 0 1 1 1 1 1 1 0 1 1 0 0 1 1 0 1 1 0 1 0 0 0 0 0 0 0 1 0 0 1 0 1 1 0 1 1 0 1 1 0 0 0 1 0 1 0 0 1 0 0 1 1 1 1 1 0 0 1 0 0 1 0 1 0 1 1 0 0 1 1 1 0 0 1 0 0 0 1 1 1 0 1 1
1 1 0 1 0 0 1 0 1 1 0 0 0 1 0 1 0 1 1 0 0 0 0 1 1 0 0 0 0 1 0 1 0 0 1 1 0 1 0 1 1 0 1 1 0 1 1 1 0 1 1 1 1 0 0 1 1 0 1 1 1 1 1 1 0 1 1 0 0 1 1 0 0 1 1 1 1 1 0 0 0 1 0 0 0 0 1 1 0 0 0 1 1 0 1 1 0 1 0 0 1 1 1 0 1 0 0 0 0 0 1 0 0 0 0 1 1 1 0 1 0 1 0 0 0 0 0 1 0 0 0 1 1 1 1 0 0 1 1 1 0 0 1 0 1 1 1 0 1 1
1 1 0 0 0 0 1 0 1 0 0 0 0 0 1 1 1 0 0 0 0 1 1 1 1 0 1 0 0 0 1 1 0 1 0 0 0 1 0 0 0 1 1 0 0 1 1 0 1 0 1 1 1 1 1 0 1 0 0 1 0 1 0 1 0 1 0 1 1 1 0 1 0 0 0 1 1 0 1 0 0 0 0 1 1 1 0 1 0 0 0 1 0 1 1 1 0 1 1 1 1 0 1 1 1 1 0 1 1 0 0 1 0 1 0 0 0 1 0 1 0 0 0 1 1 1 0 1 1 1 0 0 0 1 1 1 0 0 0 0 1 1 0 0 1 0 0 0 0 0
0 1 1 1 1 0 0 1 0 1 1 1 0 0 0 1 1 0 1 1 0 0 0 1 0 0 0 0 0 1 0 1 0 0 1 0 1 1 1 1 1 1 1 0 0 1 0 0 1 1 0 0 0 1 1 1 0 1 0 0 1 1 1 1 1 1 1 0 0 0 1 0 1 0 0 0 0 0 0 1 0 0 0 1 1 0 0 1 1 1 1 1 1 1 1 1 0 0 1 1 1 1 1 1 0 0 0 0 0 0 0 0 1 0 1 1 0 0 0 1 0 0 0 1 1 1 1 0 0 1 1 0 1 0 1 1 1 0 0 1 1 0 0 0 0 1 0 0 1 1
1 1 1 1 1 0 0 0 1 1 1 0 1 0 1 1 0 1 0 1 0 1 1 1 0 1 1 1 0 0 1 1 1 1 1 1 1 1 1 1 0 0 0 0 0 0 1 0 1 0 0 1 1 1 1 1 0 1 0 1 0 0 1 1 0 0 0 0 0 0 1 0 0 1 0 1 1 1 1 1 0 0 1 0 0 0 1 0 0 0 1 0 0 0 0 0 1 0 1 1 1 0 0 0 1 1 1 0 1 1 0 0 0 0 0 0 1 0 0 1 0 1 1 1 1 1 1 0 0 0 0 0 1 0 1 1 0 1 1 1 0 1 0 1 0 1 0 0 1 1
1 0 1 1 0 0 0 1 0 1 0 0 0 0 1 0 1 1 0 1 1 1 0 0 1 1 1 0 1 1 1 1 1 1 0 1 1 0 0 0 0 0 1 0 0 0 0 0 1 0 1 1 1 0 0 1 0 1 1 0 1 1 1 1 0 0 1 0 0 0 0 1 0 0 1 0 0 1 1 1 1 0 1 0 0 0 1 1 1 0 0 1 0 1 1 1 1 0 1 1 0 1 1 0 0 0 1 1 0 0 0 1 0 1 1 1 1 0 0 0 0 0 1 1 0 0 0 0 1 1 0 0 1 0 0 0 0 1 0 1 1 0 1 0 1 0 1 0 1 0
0 0 1 0 0 0 0 1 0 1 0 1 0 0 1 0 0 0 1 0 1 0 1 1 1 1 1 0 0 0 1 1 0 1 1 0 0 0 1 0 1 1 1 1 1 1 1 0 1 0 1 1 0 0 0 1 1 1 0 0 0 0 1 0 0 0 1 1 1 1 1 1 0 0 0 0 1 0 1 0 1 0 1 1 0 0 1 1 0 1 1 1 1 0 1 0 0 0 0 0 1 0 1 1 1 1 0 0 1 0 1 0 0 0 0 1 0 0 1 0 1 1 1 0 0 0 1 1 0 1 0 1 0 0 1 1 1 1 0 1 0 1 1 1 1 1 0 0 0 0
0 1 0 1 1 1 1 0 1 0 1 1 0 1 1 1 1 0 1 0 1 0 0 1 0 1 0 0 1 0 1 0 1 0 0 0 0 0 1 1 0 0 1 1 1 0 1 0 1 1 1 0 0 1 0 0 0 0 0 0 1 0 0 0 0 1 0 0 1 0 1 1 0 0 0 0 1 1 1 1 0 1 1 0 0 0 0 0 0 0 1 1 1 1 0 1 0 0 0 1 0 0 1 0 0 1 1 1 1 0 1 1 1 1 1 0 0 0 1 1 0 1 0 0 0 0 1 1 1 0 0 1 1 1 1 1 0 1 0 1 1 0 0 0 1 0 1 0 0 1
0 1 0 1 1 1 0 1 1 0 1 1 0 0 1 1 0 0 1 1 0 1 0 1 0 1 1 1 0 0 1 1 1 1 1 0 0 0 1 1 0 0 1 1 0 0 0 0 0 1 0 0 0 0 1 0 1 1 1 1 0 1 1 0 1 0 1 1 0 1 1 0 1 0 0 1 0 0 0 0 1 0 1 1 1 1 1 1 0 0 0 0 1 1 1 1 0 1 1 1 0 1 0 0 0 1 0 1 1 1 0 0 1 0 1 1 1 0 1 0 0 1 0 0 0 0 0 0 0 0 0 0 0 1 0 0 0 1 0 0 0 0 1 0 1 0 1 1 1 0
1 0 1 1 1 1 0 1 0 0 0 0 0 1 0 0 1 1 1 1 0 1 1 1 1 1 0 0 0 0 1 0 0 0 0 0 1 0 1 0 0 0 0 1 1 1 1 1 0 1 0 1 1 0 1 0 0 1 1 0 0 0 0 1 1 1 0 0 1 0 0 1 0 1 0 0 1 0 1 0 1 1 0 1 1 0 1 1 0 0 0 1 0 1 0 1 0 1 1 0 1 1 1 1 0 0 1 0 0 0 0 0 1 0 1 0 1 1 1 1 0 1 1 0 0 1 1 0 0 1 0 0 1 1 0 1 0 1 0 0 0 1 0 1 0 1 0 1 0 1
0 1 1 1 0 0 0 1 0 1 1 0 1 1 1 1 1 0 0 1 0 1 0 1 0 1 0 1 0 0 1 0 0 0 0 1 0 1 0 0 1 1 0 1 1 1 0 0 0 0 1 0 0 1 1 0 0 1 1 1 0 0 1 1 1 1 0 1 1 1 1 0 0 0 0 0 0 1 1 1 1 0 1 1 0 0 0 0 1 1 1 0 0 0 1 1 1 1 0 0 0 0 1 1 1 0 1 1 0 1 1 1 1 0 0 0 0 0 0 0 0 0 0 0 0 1 0 1 0 0 0 0 0 0 0 0 0 1 1 1 0 0 0 0 0 1 1 1 1 1
1 0 1 1 1 1 0 0 0 1 1 0 0 0 0 1 0 0 0 1 1 1 1 1 0 1 0 0 1 0 0 1 1 1 0 0 0 1 1 1 1 1 0 1 0 1 1 0 0 1 0 1 0 0 1 1 1 0 1 1 1 0 0 1 0 1 1 1 1 1 0 0 1 1 1 0 1 0 1 1 1 0 1 0 0 0 1 0 1 0 1 0 0 0 1 1 1 0 0 0 0 1 0 0 0 1 0 0 0 0 1 1 0 1 0 0 0 1 1 1 0 0 0 1 1 1 1 0 1 1 1 0 0 1 1 1 0 0 0 1 0 0 1 0 0 0 0 1 0 0
1 1 1 0 1 1 1 1 1 0 0 1 1 0 1 1 1 1 0 0 0 1 1 1 1 1 1 0 1 1 0 0 1 0 1 1 1 1 1 0 0 0 0 1 1 0 1 0 0 1 0 0 0 1 1 0 1 1 0 0 1 0 0 0 0 0 1 0 0 1 1 0 1 0 1 0 0 1 0 1 0 0 0 1 1 0 1 1 0 1 1 1 0 1 0 0 1 0 0 1 0 0 1 1 0 0 0 0 0 0 0 1 0 0 0 1 1 1 0 1 1 1 0 0 0 1 0 0 1 0 0 0 0 0 1 0 1 0 0 0 1 1 1 0 1 1 1 1 0 0
0 1 1 1 0 1 1 1 1 0 0 1 1 1 0 1 0 0 1 0 0 1 1 0 1 1 0 1 0 1 0 1 1 1 0 0 1 0 1 1 0 0 1 0 0 1 0 1 1 0 0 1 1 0 1 0 0 0 0 1 0 0 1 1 1 0 1 0 1 0 1 1 0 1 1 0 0 0 0 0 0 0 1 1 1 0 0 0 0 0 1 1 0 0 0 1 1 0 0 0 1 1 1 1 1 1 0 0 0 0 1 0 1 1 0 0 0 1 1 0 0 1 0 1 1 0 0 0 1 0 1 1 0 0 0 0 1 1 1 1 1 1 1 0 1 0 1 0 1 1
1 0 0 0 0 0 1 0 1 1 0 1 0 1 1 1 1 1 1 1 1 0 1 0 0 1 1 1 0 1 0 0 1 1 1 0 0 1 1 0 0 0 0 0 1 0 0 0 1 1 0 0 1 1 0 0 0 0 1 0 0 1 0 1 1 0 0 1 1 1 1 0 0 1 0 1 1 0 1 0 1 1 0 1 0 0 1 0 1 1 0 0 0 0 0 1 0 0 0 1 0 1 1 0 0 0 1 0 0 0 0 1 0 1 0 1 1 1 1 1 1 0 1 1 1 1 0 0 0 1 1 1 0 0 1 0 1 0 0 1 0 0 0 0 1 1 0 1 1 1
0 0 1 1 1 1 1 1 1 1 1 0 1 1 0 0 0 1 1 0 0 0 0 1 0 0 1 1 1 0 0 1 0 1 0 0 1 1 1 0 0 1 1 0 1 0 0 0 1 0 0 0 0 0 0 0 0 0 0 0 1 0 0 1 1 0 1 1 0 1 0 0 0 0 0 1 1 1 1 1 1 0 1 1 1 1 0 1 0 0 0 1 0 0 1 1 0 1 1 0 1 0 1 0 0 0 0 0 0 1 1 0 1 0 0 1 1 0 0 0 1 1 1 1 1 0 1 0 1 0 1 0 0 1 1 1 1 1 1 1 1 0 0 0 1 1 0 1 0 0
0 1 1 0 1 0 0 0 1 1 0 0 0 0 0 0 1 0 0 0 1 1 0 0 1 1 0 0 0 1 1 1 0 0 1 0 1 1 1 0 1 0 1 0 0 1 1 0 1 0 1 0 0 0 1 0 0 0 1 1 0 1 0 0 1 0 1 0 1 1 0 0 0 1 0 1 1 1 0 1 1 0 0 0 0 0 1 0 1 1 0 1 1 1 1 1 1 1 1 1 0 0 0 1 1 1 1 1 0 0 1 0 1 1 0 1 1 0 0 1 1 1 0 0 1 0 0 1 0 0 1 0 1 0 0 1 0 0 1 0 1 0 0 1 1 1 1 1 0 0
1 1 0 0 0 1 1 1 0 1 1 1 1 0 1 0 0 0 1 1 0 1 0 0 0 0 1 0 0 0 0 0 0 0 0 0 0 0 1 0 0 0 1 0 0 0 1 1 0 1 0 0 0 1 0 0 0 0 1 1 0 0 0 0 1 1 1 0 1 0 1 0 0 0 1 0 1 0 0 1 0 0 1 1 1 0 1 1 1 0 1 0 1 1 1 1 1 1 1 1 1 1 1 1 1 1 1 0 0 1 0 1 0 1 0 1 0 1 1 1 0 0 1 1 0 0 1 1 1 1 1 0 1 0 0 0 1 1 1 0 1 0 1 1 0 1 0 0 1 0
0 1 1 1 1 1 1 0 0 0 1 0 0 0 1 1 0 0 1 1 0 1 1 0 1 0 1 1 0 1 0 0 1 0 1 1 1 0 0 0 0 0 1 1 1 1 0 1 0 1 1 0 1 0 0 0 1 0 1 0 0 0 1 1 1 1 0 0 1 1 1 0 0 1 0 1 0 1 0 1 0 0 0 0 1 1 1 1 1 0 1 1 0 0 0 0 1 0 1 0 0 1 0 0 0 1 1 0 1 1 1 1 0 0 1 1 0 0 0 0 0 0 1 0 1 0 1 1 0 1 0 1 0 1 1 1 1 0 0 1 1 1 0 1 1 0 0 1 0 1
1 0 1 0 1 1 0 1 0 1 1 0 0 0 0 0 1 1 1 1 1 1 1 1 0 0 1 0 0 0 0 0 1 0 1 0 0 1 0 0 0 0 0 0 1 1 0 0 1 1 1 0 1 0 1 1 1 0 0 1 0 1 0 0 0 0 1 1 1 1 1 0 1 1 0 0 0 1 0 0 0 1 1 0 0 1 0 0 0 1 0 1 0 0 0 0 1 1 0 0 1 0 1 1 1 1 0 1 0 1 0 0 1 1 1 0 0 1 0 0 1 1 1 1 0 0 1 0 1 1 1 1 0 1 0 0 0 1 0 1 1 0 0 1 0 1 1 0 1 1
0 0 1 0 0 0 1 1 0 1 0 0 0 1 1 0 1 1 1 1 0 1 0 1 0 0 1 0 0 1 1 1 1 1 1 1 1 0 0 1 1 0 0 1 0 1 1 0 1 0 0 1 0 1 1 0 0 0 0 1 1 0 0 1 0 1 0 0 0 1 1 1 0 1 0 0 1 0 0 1 0 1 0 1 1 1 0 0 0 0 0 0 1 1 1 1 0 1 0 1 0 0 0 0 1 0 1 0 1 1 1 0 0 0 1 1 0 1 0 0 0 1 0 0 0 1 1 0 1 1 1 1 0 0 0 1 1 0 0 1 0 0 1 1 1 0 1 1 1 0
0 0 1 1 1 1 1 0 0 1 0 1 1 1 1 1 0 1 0 0 1 0 1 0 1 1 0 0 0 0 0 0 0 1 0 1 0 0 0 1 0 0 1 0 1 1 1 0 1 1 0 0 0 1 1 1 1 1 0 0 1 0 0 0 0 1 0 1 0 0 0 1 1 1 0 0 1 1 0 1 1 0 0 1 0 1 1 0 1 1 0 0 0 0 0 1 1 1 1 1 1 1 0 1 1 0 0 0 1 1 1 0 1 1 0 1 0 1 0 0 0 0 1 1 0 1 0 1 0 0 0 1 1 1 0 0 0 1 1 0 1 0 0 0 1 0 0 1 1 0
1 1 1 0 0 1 1 0 1 0 0 0 1 0 1 0 0 1 1 0 0 0 1 1 0 1 1 0 0 1 1 1 0 1 1 0 0 0 0 0 0 1 1 1 1 0 0 1 0 0 0 0 0 1 1 1 0 1 1 1 1 1 1 0 1 0 0 0 1 0 0 0 0 1 0 1 1 1 0 1 1 1 1 0 0 1 0 0 0 0 1 0 1 1 1 0 1 0 0 0 0 1 0 1 0 1 1 0 0 0 1 0 0 0 1 0 0 1 0 1 1 0 0 0 0 0 0 1 1 1 1 1 0 1 1 1 0 1 0 0 1 1 0 0 0 1 1 1 1 0
0 1 0 1 0 0 0 0 1 1 0 0 1 1 1 0 0 1 1 1 1 1 1 0 0 1 0 1 1 1 0 1 0 0 1 1 0 1 0 1 0 1 0 1 1 0 0 1 0 1 0 0 1 1 0 1 0 0 0 1 0 0 1 0 0 0 1 1 0 1 1 0 0 1 1 0 1 0 1 1 1 0 0 0 1 1 1 0 0 1 1 1 0 1 0 1 0 1 1 0 1 0 1 1 0 1 0 0 0 0 1 1 1 1 1 0 1 0 0 0 0 0 0 0 0 0 1 0 0 1 1 1 1 0 0 1 0 0 0 0 1 1 1 1 1 0 0 0 0 0
0 1 1 1 0 1 0 1 1 1 1 1 0 1 0 1 0 0 0 1 1 0 0 1 1 0 1 1 0 1 1 0 0 1 1 0 0 1 1 0 0 1 0 1 1 1 0 1 1 0 0 1 0 1 0 0 1 0 1 0 1 0 0 1 0 1 1 0 1 1 0 1 0 0 1 0 0 1 1 1 0 1 1 0 1 1 1 0 1 0 0 0 1 1 0 0 1 1 1 0 0 0 0 0 0 1 0 0 0 0 0 0 1 0 0 0 1 1 0 0 1 0 0 1 0 1 0 1 1 1 0 1 1 1 0 0 0 0 1 0 0 1 0 1 1 0 0 0 1 1
0 0 0 0 0 1 1 0 0 0 1 0 1 1 0 1 1 1 1 1 0 0 1 0 0 1 1 0 0 1 1 1 0 0 0 1 0 1 1 1 1 0 0 0 1 1 0 0 0 1 1 1 0 0 0 0 1 1 1 0 0 1 0 1 0 0 1 0 0 0 1 1 1 1 1 1 1 1 1 0 1 0 0 0 1 1 1 0 1 1 1 0 1 0 1 0 1 1 1 1 1 0 0 1 0 0 0 1 1 0 0 1 1 0 0 1 0 0 1 1 0 1 0 1 0 0 0 0 1 1 0 1 0 0 0 1 0 1 1 1 1 1 1 0 0 0 0 1 0 1
1 0 0 1 0 0 0 1 1 0 1 1 1 1 0 1 0 0 1 1 1 1 1 0 1 1 1 0 0 0 0 1 1 0 0 1 1 1 1 0 1 0 1 1 1 0 0 0 0 0 0 1 1 1 0 1 1 0 1 0 1 0 1 0 1 0 0 0 0 1 1 1 1 0 0 1 1 0 0 0 0 1 0 0 0 1 0 0 1 0 1 0 0 1 1 1 1 1 0 1 1 0 1 1 0 1 1 1 1 0 1 0 1 0 0 1 0 1 0 0 1 0 1 0 1 1 1 1 0 0 1 0 0 1 0 0 0 0 0 0 1 0 1 0 0 1 1 0 0 1
0 1 1 0 1 1 1 0 1 1 1 1 0 1 0 0 1 0 0 1 0 1 1 1 1 1 1 1 1 0 0 1 0 1 0 1 0 0 0 0 0 0 1 0 1 0 0 0 0 1 0 1 1 1 1 1 0 1 1 1 1 1 0 0 0 0 1 1 0 1 1 1 1 1 1 0 1 0 0 0 0 1 1 0 1 0 0 1 1 0 0 1 1 1 0 1 0 0 1 0 1 1 0 0 1 0 1 1 1 0 1 1 1 0 0 0 0 0 0 1 1 0 0 0 1 1 0 0 0 1 0 1 0 0 0 0 1 0 1 1 0 0 0 1 0 1 0 1 0 0
0 1 0 1 1 1 0 0 0 1 0 0 1 1 0 0 1 1 1 0 0 1 0 0 1 1 1 0 0 1 0 0 1 0 1 1 0 1 0 1 1 1 1 1 1 1 0 0 1 0 0 1 1 1 0 0 0 0 0 0 0 0 0 0 0 1 1 1 0 0 0 1 0 0 0 1 0 0 0 0 1 1 1 1 1 0 1 1 1 1 1 0 1 0 1 1 1 0 0 0 1 1 1 0 0 1 1 1 0 1 0 1 0 1 1 0 0 1 0 0 1 1 0 1 1 0 0 0 0 0 0 0 0 1 1 1 0 1 1 0 0 1 0 1 0 0 1 1 1 0
0 0 1 1 0 0 1 1 0 1 0 1 1 0 1 1 1 1 0 1 0 0 0 0 1 0 0 0 0 0 1 1 0 0 1 1 0 1 1 1 0 1 1 0 0 0 1 0 0 1 0 0 0 0 1 0 1 0 1 0 0 0 0 1 0 0 0 1 1 0 0 0 1 0 1 1 0 0 1 0 1 1 1 0 0 1 0 0 0 0 1 1 0 1 0 0 0 0 1 1 0 1 0 1 0 1 1 1 1 1 0 0 0 1 1 0 0 1 0 0 1 0 0 0 0 0 0 0 0 1 1 0 1 0 1 0 1 1 1 1 0 1 1 1 1 1 1 1 0 1
1 0 0 0 0 1 1 1 0 0 0 0 0 0 0 1 1 1 1 1 1 0 0 0 0 1 0 1 1 0 1 0 0 0 1 1 1 1 0 1 0 0 0 0 0 0 0 1 1 0 0 1 0 1 0 1 1 1 0 0 0 0 1 1 1 1 1 1 0 1 1 1 0 0 1 1 1 0 0 0 0 0 0 0 0 0 1 0 0 0 0 1 1 1 1 0 1 0 1 0 0 1 0 1 1 1 0 0 1 0 1 1 1 1 1 0 1 1 1 0 1 0 0 1 0 1 1 0 1 0 0 0 0 1 1 0 1 1 1 1 0 0 0 1 0 1 1 1 0 0
0 0 1 0 1 1 1 0 1 0 1 1 1 0 1 0 0 1 1 1 1 0 0 1 1 0 1 1 1 1 1 0 0 0 1 1 0 1 0 1 1 0 0 1 1 1 1 0 1 0 0 1 1 0 0 0 0 0 1 0 0 1 1 1 0 1 1 1 1 0 0 1 1 0 0 0 1 0 1 0 0 0 1 0 1 0 0 0 0 1 0 0 0 1 1 0 1 1 0 1 0 1 0 1 1 0 1 0 0 0 1 0 0 0 0 1 0 0 0 1 0 0 1 0 1 0 1 0 0 0 1 0 1 0 1 0 1 1 1 0 1 0 0 0 1 0 1 0 0 1
1 1 0 0 1 1 1 1 0 0 0 0 0 0 0 0 0 0 0 1 1 1 1 0 0 0 0 0 0 1 1 1 1 1 0 1 0 1 1 0 1 1 1 1 1 1 0 1 1 0 1 1 0 1 0 1 0 0 0 0 0 1 0 0 1 0 0 1 0 0 0 0 1 0 0 1 1 1 1 0 0 1 1 0 1 1 1 1 0 0 1 1 0 0 1 1 1 0 0 1 0 1 0 1 0 0 0 0 1 1 0 0 1 1 0 0 1 1 0 1 0 1 0 0 0 0 1 1 0 1 0 1 1 0 0 0 1 0 1 1 0 0 1 1 1 0 0 1 1 1
1 0 1 0 1 0 0 1 0 0 1 1 1 0 1 1 1 1 1 1 0 0 1 1 1 0 1 1 1 1 0 1 1 0 1 0 1 1 0 1 0 1 1 1 0 1 1 0 1 1 1 1 0 1 0 0 0 1 0 0 0 1 0 0 0 1 0 0 1 1 0 0 0 1 1 0 0 0 1 0 0 0 0 0 0 1 1 0 0 1 1 0 1 0 0 1 0 0 1 0 0 1 1 1 1 0 1 1 1 0 1 1 1 0 0 0 0 0 1 0 0 0 0 1 1 0 0 1 0 0 1 0 0 1 0 0 0 1 1 0 0 0 1 0 1 1 0 1 1 0
0 1 0 1 1 0 0 0 0 1 1 1 0 1 0 0 0 1 0 1 0 1 1 1 1 1 0 1 1 1 0 0 0 0 0 1 1 1 1 0 0 0 0 1 1 0 1 0 1 1 1 0 0 1 0 0 1 1 0 0 0 1 0 1 1 0 0 0 1 1 0 1 1 0 0 0 1 1 0 0 1 0 0 0 0 1 0 1 0 0 0 0 1 1 1 0 0 0 0 0 1 0 0 0 0 1 1 0 0 1 1 0 0 1 1 1 1 1 1 1 0 0 1 1 0 0 0 0 1 1 1 1 0 0 1 0 0 0 1 1 1 1 1 1 0 0 1 0 1 0
0 1 0 1 0 1 0 1 0 0 1 1 1 1 0 1 1 0 1 1 1 0 1 0 0 0 1 0 0 0 0 1 0 0 1 1 1 0 0 1 1 1 0 1 1 1 1 0 0 0 1 0 1 1 1 0 0 1 1 1 1 1 1 1 0 0 0 1 1 0 1 1 1 0 1 1 0 1 1 1 0 0 1 0 0 1 1 0 0 0 0 1 0 0 0 1 1 0 0 0 0 0 0 0 1 0 1 0 0 1 0 0 0 1 1 1 1 1 1 1 0 0 0 0 1 0 0 1 1 0 1 0 1 1 1 0 1 0 1 1 1 1 0 1 0 0 0 1 0 0
1 1 1 0 0 0 1 1 0 0 1 0 1 0 0 1 0 0 1 1 0 1 1 0 1 0 0 1 1 0 1 0 1 1 1 1 0 0 0 0 0 1 0 0 0 0 1 0 0 1 0 1 1 1 0 1 0 0 0 0 1 1 0 1 0 0 1 1 1 0 0 0 0 1 0 0 1 1 0 1 0 0 0 1 1 0 0 1 1 1 0 0 1 0 0 0 0 1 0 1 1 0 0 0 0 0 0 1 0 0 1 0 1 1 1 1 1 1 1 0 1 0 0 0 1 0 0 1 0 0 0 0 1 1 1 1 0 1 0 1 1 1 1 1 0 0 1 1 1 1
0 0 1 0 1 1 1 0 0 0 1 0 1 1 1 1 1 0 0 0 0 1 1 0 0 1 1 0 1 1 1 1 0 1 0 0 1 1 0 0 1 1 0 0 0 1 0 0 0 0 1 0 1 0 0 0 1 1 0 1 1 0 1 0 1 1 0 1 1 1 1 1 1 0 1 1 1 1 1 1 0 1 1 0 1 0 1 1 1 0 0 0 1 1 0 1 0 0 1 0 1 0 0 0 0 0 0 0 1 0 0 0 0 1 1 0 0 1 1 0 1 0 1 1 0 0 1 0 0 0 1 0 1 0 1 0 0 1 0 0 0 0 1 1 1 1 1 0 1 1
1 0 0 0 1 0 1 0 0 1 1 1 1 1 0 0 0 0 0 0 0 1 0 1 1 0 0 0 0 0 0 0 1 1 1 0 1 1 1 0 1 1 0 1 1 0 0 1 1 0 1 1 1 1 1 0 1 1 1 0 1 0 1 0 0 1 1 1 0 1 1 0 1 1 0 1 1 0 0 1 1 1 0 0 1 0 1 0 0 0 0 1 0 0 0 0 1 1 1 1 0 1 1 1 0 0 1 1 1 0 0 0 1 1 1 0 0 0 1 0 0 0 1 0 0 0 0 1 1 0 1 0 0 0 1 1 1 1 1 1 1 1 1 0 0 0 0 0 1 0
0 0 0 1 1 1 0 0 1 0 0 0 0 1 1 1 1 1 0 0 1 0 1 0 0 0 0 1 0 0 1 1 1 0 1 1 0 1 1 0 1 1 1 0 1 0 1 1 1 0 0 1 0 0 0 1 0 1 0 1 1 1 0 1 0 0 0 0 1 1 1 0 1 0 1 0 0 0 1 1 0 1 0 0 0 0 1 1 1 0 0 0 1 1 0 0 0 1 0 0 1 1 1 1 0 0 0 1 1 1 0 1 1 0 0 1 0 1 0 1 0 0 1 0 1 0 1 1 1 0 1 0 0 0 0 1 1 1 0 0 1 1 0 1 0 0 1 1 1 0
0 0 0 0 0 0 1 1 0 1 0 1 0 0 0 0 0 1 1 0 0 1 1 1 1 1 1 0 0 0 1 1 1 0 0 0 0 1 1 1 0 0 0 0 1 0 0 1 1 0 1 1 1 1 0 0 1 1 0 1 1 0 0 1 1 1 0 1 0 1 1 1 1 1 1 1 0 1 0 1 0 0 1 1 0 0 0 0 1 1 1 1 1 1 1 0 0 0 1 0 0 0 0 0 0 0 0 1 0 1 1 1 1 1 1 1 1 1 0 1 0 0 1 0 1 0 1 1 0 1 1 0 1 1 0 0 0 0 1 0 0 1 0 0 1 1 1 0 0 0
0 1 1 0 1 0 1 0 1 0 1 0 0 1 1 1 0 0 1 0 1 1 1 0 1 0 1 1 1 0 0 0 0 0 0 0 0 1 0 1 1 0 0 0 0 0 0 0 0 0 0 1 0 1 1 1 1 1 1 0 1 1 0 1 0 1 0 1 0 0 0 1 1 1 1 1 0 1 1 0 1 0 0 1 0 0 0 1 0 0 1 1 0 0 1 1 0 0 1 0 0 0 1 1 0 1 1 0 0 1 0 0 1 1 0 1 1 0 1 0 1 1 0 0 0 1 1 1 1 1 1 1 1 0 0 1 1 1 0 0 0 1 0 1 0 1 1 0 1 0
0 0 0 1 0 0 0 0 1 0 0 0 1 1 0 0 1 0 0 1 1 1 0 1 1 0 1 1 0 1 1 1 0 0 0 1 1 0 0 0 0 0 1 0 1 0 0 1 1 1 1 1 0 0 0 1 0 0 1 1 1 0 1 0 0 1 0 1 1 1 0 0 1 1 0 0 1 0 0 0 0 0 1 1 1 1 1 1 0 1 1 0 0 0 0 0 0 0 1 1 0 0 0 1 0 0 0 0 0 1 0 1 1 1 0 1 0 1 1 1 1 1 0 1 0 1 0 1 1 0 1 0 0 1 1 1 0 1 1 1 0 0 1 1 1 1 1 0 0 1
0 1 1 0 0 0 1 0 1 0 0 1 1 0 1 0 0 1 1 1 1 0 0 1 0 1 0 0 1 1 1 0 1 1 0 0 1 1 0 0 1 1 1 0 0 1 0 0 0 0 0 1 1 0 0 0 0 1 1 1 1 0 0 1 0 1 1 1 0 0 1 0 1 0 0 0 0 1 0 0 0 1 0 0 0 1 1 1 1 0 0 0 0 1 0 1 0 0 1 0 1 0 1 1 1 1 0 1 0 1 1 0 0 1 1 0 1 1 1 1 0 1 1 0 0 1 0 1 0 0 1 1 0 1 0 1 1 0 1 1 1 1 1 0 0 0 0 1 0 1
0 1 0 1 0 0 0 1 0 0 1 1 0 0 1 0 1 1 0 0 0 1 0 0 1 1 1 1 1 0 0 1 0 1 0 0 0 0 0 1 0 1 0 1 1 1 1 0 0 1 0 0 0 0 0 1 0 0 1 0 1 0 0 1 0 0 0 0 0 1 0 0 1 1 0 1 0 1 1 0 0 1 0 1 1 0 1 0 1 0 0 1 1 0 1 0 1 1 1 0 0 0 0 1 1 1 1 0 1 0 0 1 1 1 1 0 1 1 0 1 1 1 1 1 1 0 1 1 0 0 1 1 0 0 1 1 1 1 1 0 1 0 1 0 0 0 1 0 0 1
0 1 0 0 0 0 1 0 1 0 0 0 0 1 1 0 0 1 1 1 0 0 1 1 1 0 0 1 1 0 1 1 1 1 1 0 1 0 1 1 1 1 0 1 1 1 0 1 1 1 0 0 0 1 0 0 1 0 0 1 0 1 0 0 0 0 1 0 0 0 0 0 1 0 1 1 1 1 1 1 1 1 1 1 1 0 0 0 1 1 0 1 0 1 0 1 1 0 1 0 1 1 0 1 1 0 1 0 1 1 0 0 0 1 0 1 0 0 1 0 1 0 1 0 1 1 0 0 1 0 0 0 0 1 0 0 0 0 0 1 1 0 1 1 0 1 1 0 0 1
1 1 0 1 0 1 1 1 1 0 0 0 1 0 1 1 1 0 1 1 1 1 0 1 1 1 0 0 1 1 1 0 1 0 0 1 1 0 1 1 0 1 0 1 1 1 1 0 0 0 0 0 1 0 1 1 1 0 0 0 1 1 1 0 0 1 0 1 0 1 0 0 0 0 0 1 0 0 0 1 1 0 0 0 0 0 0 0 1 1 0 0 1 0 0 0 0 0 1 0 1 1 0 0 0 0 1 1 0 1 0 0 1 0 0 0 0 0 1 1 0 1 1 1 1 0 1 1 1 1 1 1 0 0 0 0 1 0 1 1 0 1 1 1 1 1 0 0 1 0
0 1 1 1 0 1 0 0 1 1 1 0 1 0 0 1 1 0 1 0 1 0 0 1 0 0 0 0 1 0 0 0 0 1 0 0 1 1 1 0 1 0 0 1 1 0 1 1 0 0 1 1 0 0 0 1 1 0 0 1 1 0 0 1 0 0 0 0 0 0 1 1 0 1 0 1 0 0 1 0 0 0 0 1 1 0 0 1 0 1 1 0 0 1 0 0 1 0 1 1 0 1 1 1 1 0 1 1 1 1 1 0 0 1 1 1 1 0 0 1 1 0 0 1 1 0 0 0 0 1 1 1 0 1 0 0 0 1 0 0 0 0 1 1 1 0 0 1 1 0
1 0 0 0 1 0 1 0 0 1 1 1 1 1 0 0 1 0 0 1 0 0 1 1 0 1 0 0 1 0 1 1 0 1 1 1 1 0 0 1 0 0 1 1 1 1 0 0 0 1 0 1 0 1 0 1 1 0 1 1 0 1 0 1 1 1 0 0 1 0 1 0 0 0 1 1 0 1 0 0 0 0 1 0 1 0 1 0 1 1 0 0 0 1 0 0 0 1 0 0 1 1 1 1 0 1 1 1 0 1 1 0 1 1 1 1 1 0 0 0 1 1 0 1 0 1 1 1 1 0 0 0 0 0 1 1 1 0 0 0 0 0 0 0 1 0 0 0 1 0
1 0 1 1 0 0 0 1 1 1 0 1 1 0 0 1 1 0 0 0 1 1 0 0 0 0 0 1 1 1 0 1 1 0 1 0 1 0 0 0 0 0 0 1 0 1 1 0 1 0 0 0 0 1 0 1 1 1 1 0 0 1 0 0 1 1 0 1 0 0 1 0 0 1 1 0 1 1 1 0 1 1 1 0 1 0 0 1 1 0 0 1 0 0 1 0 1 1 0 0 1 0 0 0 0 1 1 1 1 1 0 1 0 0 1 1 0 1 1 1 0 0 0 0 0 1 0 0 0 0 1 1 0 1 0 1 0 1 1 0 1 1 0 1 1 1 0 0 0 0
0 1 1 1 1 1 1 1 1 1 1 1 0 1 1 0 1 0 0 1 0 0 1 0 1 0 0 0 1 0 1 0 0 1 1 0 1 0 0 1 1 1 0 0 0 0 0 0 1 1 0 1 1 0 0 0 0 1 0 1 0 1 1 0 0 1 0 0 0 1 1 0 0 0 0 1 0 0 1 0 1 1 0 1 0 1 0 1 0 1 1 1 0 0 0 0 1 1 0 1 0 1 0 0 0 1 0 1 0 0 1 1 0 1 0 1 1 1 0 1 1 0 1 1 1 0 1 1 1 0 1 1 1 1 0 1 0 0 1 1 0 1 1 0 0 1 1 0 0 0
1 0 1 1 0 1 1 0 1 0 0 1 0 0 1 1 0 0 0 0 1 0 0 1 1 0 1 0 0 0 0 0 0 0 0 1 1 1 0 1 1 1 0 0 1 1 0 1 1 1 1 1 1 1 0 1 0 1 0 1 0 0 0 0 1 0 0 0 1 1 1 0 0 0 1 0 1 1 1 0 1 0 1 0 1 0 0 0 0 0 1 0 1 0 1 0 0 1 1 1 1 1 0 0 1 0 1 1 0 1 0 0 1 1 1 0 1 1 1 0 1 1 1 0 1 1 0 0 0 1 0 1 1 0 1 1 1 0 0 0 1 0 1 0 0 0 1 1 0 0
1 0 0 0 0 0 0 0 1 1 0 0 1 0 1 0 0 1 0 1 1 0 1 0 0 1 1 1 1 0 0 0 0 0 0 1 1 0 1 0 1 1 0 0 1 1 1 0 1 1 1 0 0 0 1 0 1 1 0 0 1 1 1 1 1 0 1 0 0 0 1 0 0 0 1 0 1 0 0 0 0 1 1 1 1 0 1 1 0 0 1 1 1 0 0 1 0 1 1 1 0 0 0 0 0 1 1 1 0 0 1 0 0 1 0 0 0 0 0 0 1 1 0 0 1 1 1 1 1 1 1 1 0 1 0 0 0 1 1 0 0 1 0 0 0 0 1 1 1 1
0 1 1 0 1 1 1 0 0 0 1 1 0 1 0 0 0 1 1 0 1 1 1 0 0 1 0 1 0 0 1 1 0 0 1 1 1 0 1 0 1 1 0 0 0 0 1 1 1 1 1 0 1 0 0 1 1 0 1 0 1 0 0 0 0 1 1 1 0 1 0 0 0 0 1 0 0 0 0 0 1 0 1 1 1 1 0 0 0 0 1 0 0 1 1 0 1 0 0 0 1 0 0 1 1 0 1 1 1 0 0 1 0 0 1 0 1 1 0 0 0 1 1 1 1 1 0 1 1 0 1 1 1 0 0 1 0 0 0 1 0 0 0 0 1 1 0 1 1 1
1 1 0 0 0 1 0 1 1 1 1 0 0 1 1 0 1 1 1 0 0 0 0 0 1 0 1 1 1 0 0 1 1 0 0 0 0 1 0 1 1 1 1 0 0 0 1 0 1 0 1 0 1 1 1 1 1 1 1 1 0 0 1 1 0 0 0 1 1 0 0 0 0 0 0 0 0 1 0 0 1 0 0 0 1 0 1 0 1 0 1 1 0 1 0 0 1 0 0 1 1 1 0 0 0 0 0 0 0 0 1 0 1 0 1 1 0 0 1 1 1 1 1 0 0 1 1 0 1 1 0 0 0 1 0 1 0 0 1 0 0 0 1 1 1 0 0 1 1 1
0 1 1 0 0 0 1 1 1 1 1 1 0 0 0 1 0 1 0 1 0 1 0 0 1 1 1 1 0 1 1 0 0 1 0 1 0 0 0 1 1 0 1 1 0 0 0 0 1 0 1 0 0 0 1 1 0 0 0 0 1 0 1 0 0 1 1 0 1 0 1 1 0 0 1 1 1 1 1 1 1 1 0 0 0 0 1 1 0 1 1 0 0 0 0 0 0 1 0 0 1 1 0 1 0 0 0 1 1 1 0 1 0 1 1 1 1 1 1 0 0 1 0 0 1 0 1 0 1 1 1 0 0 1 0 0 1 0 0 0 1 0 0 0 0 1 0 1 0 1
1 1 0 0 0 1 1 0 0 0 1 1 0 0 0 0 0 0 0 0 0 0 0 1 0 0 1 1 1 1 0 0 1 0 1 0 1 0 1 0 1 0 0 0 1 1 1 0 0 0 0 0 1 0 1 1 0 1 0 0 1 1 1 1 0 0 1 0 1 1 0 0 0 1 0 1 1 0 1 0 1 1 1 1 0 1 1 0 1 1 1 0 0 1 1 1 0 0 1 0 1 1 1 1 1 0 0 1 1 1 1 1 1 1 1 1 0 1 0 0 0 0 0 0 0 1 1 0 1 0 0 1 1 0 1 0 0 0 1 0 0 1 0 1 1 0 1 0 0 1
0 1 0 1 0 1 1 0 0 1 1 0 0 1 1 1 1 1 0 1 1 0 1 1 1 1 1 0 0 1 0 0 1 0 0 0 1 0 1 0 1 1 1 1 0 0 1 0 1 0 0 1 0 0 0 1 0 1 1 1 0 1 0 0 1 1 1 1 0 0 0 0 0 1 1 1 0 0 0 1 0 0 0 0 1 1 0 0 1 0 0 1 1 0 1 0 0 1 0 1 0 0 1 1 0 0 0 0 0 1 1 1 0 1 1 0 1 0 0 0 0 1 1 0 1 1 0 0 1 0 0 1 1 1 1 0 1 1 0 0 0 0 1 1 0 1 0 0 0 1
1 1 1 1 1 1 1 1 1 1 1 1 1 1 1 1 1 1 1 1 1 1 1 1 1 1 1 1 1 1 1 1 1 1 1 1 1 1 1 1 1 1 1 1 1 1 1 1 1 1 1 1 1 1 1 1 1 1 1 1 1 1 1 1 1 1 1 1 1 1 1 1 0 1 1 1 1 1 1 1 1 1 1 1 1 1 1 1 1 1 1 1 1 1 1 1 1 1 1 1 1 1 1 1 1 1 1 1 1 1 1 1 1 1 1 1 1 1 1 1 1 1 1 1 1 1 1 1 1 1 1 1 1 1 1 1 1 1 1 1 1 1 1 1 1 1 1 1 1 1
1 1 1 0 1 1 0 0 1 1 1 1 1 0 1 0 1 1 1 0 1 0 1 0 1 0 0 0 1 0 1 1 1 1 0 1 0 0 0 0 0 0 0 1 0 1 0 1 1 0 1 0 0 1 1 0 0 0 1 0 1 0 1 1 1 0 0 0 1 1 1 0 1 0 1 1 1 0 1 0 0 0 0 1 0 1 1 1 1 1 0 0 1 0 1 0 0 0 0 1 1 1 0 1 0 1 1 0 0 0 0 1 1 1 1 0 0 0 0 0 0 1 1 0 1 1 0 0 1 0 1 1 1 1 0 0 0 1 0 1 0 1 1 1 0 0 0 0 0 0
0 0 0 1 0 1 1 1 1 0 0 1 1 1 0 0 0 1 0 1 0 1 0 0 0 1 0 1 1 0 1 0 0 1 1 0 1 1 0 0 1 1 0 0 0 1 1 0 0 0 1 1 0 1 1 1 1 1 0 1 0 0 0 0 0 0 0 1 1 0 0 0 1 1 1 1 1 0 0 1 0 1 0 1 0 1 1 1 0 0 1 1 1 1 1 0 0 1 0 0 0 1 1 1 0 1 1 1 0 0 0 1 1 0 0 1 0 0 1 0 1 1 1 1 1 0 0 0 0 1 0 1 1 1 1 0 0 0 0 1 1 0 0 0 1 0 0 0 1 1
1 0 0 0 1 1 1 1 1 0 0 1 0 0 1 1 1 1 0 1 1 0 1 0 1 0 0 1 0 1 0 1 0 1 0 0 0 1 0 0 1 1 0 0 1 0 1 0 0 1 1 1 0 1 0 1 0 0 1 1 1 0 1 1 1 1 1 0 0 0 0 1 1 1 0 1 0 0 0 0 1 1 1 1 1 0 1 1 0 1 1 0 1 0 0 0 1 1 0 0 1 0 1 0 1 1 1 0 1 1 1 0 1 1 1 0 1 0 1 1 0 0 1 0 0 0 0 0 1 0 0 0 0 0 0 0 0 0 0 1 0 1 0 0 1 1 1 0 0 0
0 1 0 0 1 0 0 1 1 0 1 1 0 1 0 0 1 1 0 0 1 0 1 0 0 1 1 0 0 0 1 0 0 1 0 0 1 0 0 0 0 1 0 1 0 1 0 1 1 1 1 0 1 0 0 1 1 0 1 1 1 1 1 0 1 1 1 1 0 0 0 0 0 1 0 0 0 1 1 1 0 1 0 0 0 1 0 1 0 1 1 0 0 0 1 0 0 0 1 1 1 1 1 0 1 1 1 0 0 0 1 1 1 0 0 1 0 1 1 0 0 0 0 0 1 1 1 0 0 1 0 0 0 0 1 0 1 1 1 0 1 1 1 1 1 0 1 1 1 0
1 0 0 1 0 0 1 0 1 1 1 1 0 0 0 1 1 1 1 0 0 1 0 1 0 0 0 1 0 1 0 1 1 1 1 1 1 0 1 1 1 1 1 0 1 1 0 0 0 1 0 0 0 0 0 0 1 1 1 1 0 0 1 0 1 1 0 1 1 0 0 1 1 1 0 0 0 0 1 1 0 1 0 1 0 0 1 1 0 0 0 0 0 1 1 0 1 0 0 1 1 0 0 0 1 0 0 1 0 0 1 0 1 1 0 0 1 0 0 0 1 1 0 1 1 0 1 1 1 1 0 1 1 0 0 0 0 1 0 0 1 1 1 1 0 1 0 1 0 0
1 0 1 1 1 1 1 0 0 0 0 0 1 0 1 0 0 1 0 0 1 0 1 1 0 1 1 1 1 0 0 1 0 0 0 1 0 0 1 1 1 0 1 1 1 0 0 1 1 0 0 0 1 1 1 0 0 1 1 0 0 0 0 0 0 1 1 0 1 1 1 0 0 1 0 1 0 0 1 1 0 1 0 1 0 1 0 1 0 1 0 1 0 1 1 0 1 1 0 0 1 0 0 0 0 0 0 1 1 0 0 0 0 1 1 1 1 0 1 1 1 0 0 1 1 1 0 1 0 1 0 0 0 0 0 0 1 0 1 1 0 0 1 1 1 0 1 0 1 1
1 1 0 0 0 1 0 0 0 1 0 1 0 0 1 1 1 0 0 1 1 0 0 1 1 1 1 1 1 0 1 1 0 1 0 1 1 1 1 0 1 0 0 0 0 1 1 1 0 0 1 1 0 1 0 0 0 0 1 0 0 1 1 0 1 0 1 1 0 0 0 1 1 1 1 0 0 1 0 1 1 1 0 1 0 0 0 0 0 1 1 1 0 1 0 1 0 1 0 0 1 1 1 0 1 0 0 0 1 1 0 1 1 0 1 1 0 1 0 0 1 0 0 1 0 0 1 1 0 0 1 1 0 0 1 1 0 1 0 0 0 1 1 0 0 0 0 1 0 1
0 0 0 1 0 1 1 0 1 0 1 1 1 0 1 0 1 0 1 0 0 1 0 0 0 0 0 1 0 0 0 1 0 1 0 0 1 1 0 0 0 1 1 1 1 1 0 1 0 0 1 1 0 0 1 0 1 1 1 0 1 1 0 0 0 0 1 0 0 1 0 1 1 1 1 0 0 1 0 1 1 0 1 0 0 0 0 0 0 1 0 0 1 0 0 1 1 1 0 1 1 1 0 1 0 1 0 0 1 0 1 1 0 1 1 1 1 1 0 1 0 1 1 0 0 1 1 1 0 1 0 0 1 1 1 0 1 0 1 1 0 1 0 1 0 1 1 1 1 1
1 1 0 1 0 1 1 0 0 1 1 0 1 1 1 0 1 0 0 0 1 1 0 1 1 0 1 1 0 1 1 0 1 1 0 0 1 1 0 1 1 0 0 0 0 0 0 1 0 1 1 1 0 1 1 1 0 1 0 0 1 0 0 1 1 1 1 1 1 0 0 0 0 0 1 0 1 0 0 0 0 1 1 0 0 1 0 0 1 1 0 1 0 0 0 1 0 0 0 0 1 0 0 1 1 1 1 0 1 0 0 0 0 0 0 1 1 0 0 1 0 1 1 1 1 0 1 1 0 1 0 0 0 0 0 0 0 1 0 0 1 1 0 0 1 0 1 1 0 0
0 0 0 1 0 0 0 0 0 1 1 0 0 0 1 0 1 0 1 0 1 0 0 0 1 1 0 0 1 1 0 1 1 0 0 0 0 0 0 0 1 1 0 0 0 0 1 1 0 1 0 1 1 1 1 0 1 0 0 0 0 1 1 0 1 1 1 0 1 1 1 0 1 1 0 0 1 1 1 0 0 0 0 1 0 1 0 1 1 0 1 0 1 1 1 0 1 1 1 0 1 1 1 0 0 0 1 0 1 1 1 0 1 1 0 0 1 0 0 1 1 1 0 1 0 0 0 0 0 0 0 0 0 1 1 0 1 0 0 0 1 1 0 0 1 1 0 1 0 1
0 0 1 0 0 0 0 0 0 1 0 1 1 0 0 1 0 1 0 0 1 0 1 1 0 0 0 1 0 1 1 0 1 0 0 1 1 1 1 0 0 1 1 1 0 0 0 0 0 1 0 1 1 1 1 0 0 1 0 1 1 1 1 0 0 0 0 1 0 1 1 1 0 0 0 1 0 1 0 0 1 1 0 1 1 0 0 1 1 0 0 1 0 0 1 0 1 1 1 0 0 1 0 1 1 1 1 0 0 0 1 1 1 0 1 1 0 0 1 1 0 1 1 1 0 0 1 1 1 1 0 0 1 0 1 0 0 1 0 0 0 0 0 1 1 0 0 0 0 1
0 0 0 0 1 1 0 1 0 0 0 1 1 0 1 0 1 1 1 1 0 0 0 0 1 0 0 1 1 1 1 0 0 1 0 1 0 1 1 1 1 0 1 1 0 0 0 1 0 1 1 1 1 0 1 1 1 1 1 1 1 1 0 0 0 1 0 0 1 1 1 0 0 0 0 1 1 1 0 1 1 0 1 1 1 0 1 0 1 0 0 1 0 0 1 1 0 0 0 1 0 0 1 0 0 1 0 1 1 1 1 0 1 0 0 0 1 1 0 0 0 0 0 1 1 1 0 0 0 1 1 1 0 0 1 0 0 1 0 0 1 1 0 1 0 1 0 0 0 1
1 1 1 0 1 1 0 1 0 1 0 1 0 1 1 0 0 0 1 0 0 0 0 1 0 1 1 1 1 1 0 1 0 0 1 1 0 0 0 0 1 1 0 0 1 0 0 0 1 1 0 1 0 0 0 1 1 0 0 1 0 0 1 1 1 0 0 1 1 0 0 1 1 1 1 1 0 0 0 1 0 1 0 0 0 0 0 0 1 1 0 1 0 0 1 1 1 1 1 1 0 0 0 1 0 1 1 1 1 1 0 1 0 0 0 0 1 1 1 1 0 1 0 0 0 1 0 1 1 0 0 0 1 1 1 0 0 1 0 1 1 1 1 1 1 0 0 1 1 0
0 1 0 0 0 1 0 0 0 0 0 1 0 1 0 1 1 1 0 1 1 0 0 1 0 0 1 1 1 0 0 1 1 1 1 0 0 0 0 0 0 0 0 1 1 1 0 1 0 1 0 1 1 0 1 0 1 0 0 0 1 0 1 1 1 1 0 1 1 0 0 0 0 0 1 0 1 1 0 1 1 0 0 0 0 1 0 1 0 0 1 1 1 0 1 1 1 1 0 1 0 0 1 1 1 0 0 1 1 0 1 0 0 1 1 1 0 0 1 0 1 1 1 1 1 0 0 0 0 0 1 0 1 0 0 1 1 0 1 0 0 1 0 1 0 1 0 0 1 0
0 0 1 0 1 0 1 0 0 0 1 0 0 0 0 0 1 1 0 0 1 1 0 1 1 1 0 1 0 1 0 1 1 0 0 0 0 1 0 0 0 1 0 1 0 1 1 1 0 1 0 0 0 1 0 1 0 0 0 1 0 0 1 1 0 0 1 0 0 0 1 1 0 0 1 1 0 0 1 0 1 0 1 1 0 1 1 1 0 1 0 1 0 1 0 1 0 0 0 1 0 0 0 0 0 0 1 1 1 1 1 0 1 0 0 1 0 1 1 0 1 0 1 1 1 1 1 1 1 1 0 1 1 1 1 1 1 1 1 0 1 1 1 0 0 1 0 0 1 1
0 0 1 0 0 1 1 1 0 1 1 0 1 1 1 1 1 0 1 0 0 1 1 1 0 1 0 1 1 1 0 1 1 1 0 1 1 0 0 0 0 0 1 0 1 0 1 1 1 1 0 0 0 1 0 0 1 0 1 1 1 1 1 1 0 1 1 0 0 0 0 0 1 0 1 0 1 0 1 0 1 0 0 0 0 1 1 0 0 1 1 1 1 0 1 0 1 0 1 1 0 1 1 0 1 1 0 1 0 1 0 0 1 0 0 0 1 1 1 0 0 1 1 0 1 0 0 1 0 1 0 0 0 0 1 1 0 0 0 0 0 0 0 1 0 0 1 0 0 1
1 1 0 0 1 1 0 1 1 1 0 0 0 0 1 0 0 0 1 0 0 0 0 1 0 0 0 1 0 0 1 1 1 0 1 1 0 0 1 0 0 1 1 0 0 1 1 0 0 1 1 1 0 1 1 0 1 1 0 1 1 0 1 0 0 1 1 0 0 0 0 1 0 1 1 1 1 1 1 0 0 0 0 0 1 1 0 1 1 1 0 0 0 0 0 1 1 0 0 1 1 0 1 1 0 0 1 1 0 0 0 1 1 0 1 0 1 1 1 0 1 1 1 1 0 1 1 0 0 1 1 1 0 0 1 0 1 0 1 1 0 0 0 0 0 0 1 0 0 0
0 0 1 1 1 0 0 0 0 0 1 0 0 0 1 1 0 0 0 0 0 0 0 0 0 1 0 1 1 1 1 1 1 1 0 1 0 1 1 1 0 0 0 0 1 0 1 0 0 0 1 1 1 1 0 0 1 1 1 0 0 0 1 0 1 1 1 1 1 0 0 0 0 0 0 1 0 1 0 0 0 1 1 1 1 1 1 0 0 1 0 1 1 0 0 0 0 1 1 0 1 1 1 1 1 0 1 0 0 0 1 1 0 0 0 1 0 1 0 1 0 1 0 0 1 1 0 0 1 1 1 1 1 1 0 1 1 0 0 0 1 0 1 1 0 1 1 0 0 0
1 0 0 0 0 1 0 0 1 0 1 1 1 0 1 1 0 1 1 0 1 0 1 0 1 0 0 0 1 1 0 0 1 1 1 0 1 0 0 1 0 1 1 0 1 1 1 1 1 1 1 0 0 0 0 1 1 1 0 0 0 0 0 1 1 1 1 0 0 1 1 1 0 0 0 1 0 1 0 1 1 1 1 1 0 1 0 1 0 0 0 0 0 0 1 1 0 0 1 0 0 0 0 1 1 0 1 1 0 0 0 1 1 0 0 1 0 1 0 1 1 0 1 0 0 0 0 0 0 0 0 0 1 0 0 1 1 0 1 1 0 0 1 1 0 0 0 0 0 1
1 0 1 0 0 1 0 0 1 0 0 1 0 1 0 0 1 0 0 0 0 0 1 0 0 1 1 0 1 1 1 0 1 0 1 0 0 0 0 1 1 0 0 0 0 1 1 1 1 1 0 1 0 0 1 0 0 0 1 0 1 0 1 0 1 0 0 1 0 1 0 1 1 0 1 1 0 0 1 1 1 0 1 0 0 0 0 1 0 0 0 0 0 0 0 0 0 1 1 1 1 0 1 1 1 1 0 0 0 1 1 0 0 0 1 1 1 0 0 1 0 0 0 1 1 0 1 1 0 1 0 1 0 1 1 0 0 0 1 1 1 0 1 1 0 1 1 0 1 1
1 0 0 0 1 0 0 1 0 0 0 1 1 1 1 1 1 0 1 0 1 1 0 1 0 1 1 0 0 0 0 0 1 1 1 1 1 1 1 1 1 1 0 0 0 0 0 1 0 1 1 0 1 0 1 0 0 1 0 1 1 0 1 1 0 0 0 0 0 0 0 1 1 1 0 0 1 1 1 0 1 0 1 0 1 1 0 1 1 1 0 1 1 1 1 0 0 1 0 0 0 1 0 1 0 1 1 0 0 0 1 1 0 1 0 0 1 1 0 0 0 0 0 0 1 0 0 1 1 0 0 1 0 1 0 1 1 0 1 0 0 0 0 1 1 1 0 0 1 1
1 0 0 1 1 0 1 0 0 1 0 1 0 0 0 0 1 1 1 0 0 1 1 1 1 0 0 0 1 1 0 0 0 1 1 0 0 0 1 1 1 0 1 1 1 0 1 1 0 0 1 1 1 1 0 0 0 1 0 1 1 1 1 1 1 0 1 1 0 0 0 0 0 0 1 0 0 0 1 1 0 0 1 0 0 0 0 1 1 1 1 0 0 0 0 0 0 1 1 1 0 0 0 1 1 1 0 0 1 0 0 1 1 0 0 0 0 1 1 0 1 1 1 1 0 1 0 0 0 0 1 1 0 1 0 1 0 0 0 0 1 0 0 1 1 0 1 1 1 1
1 0 1 1 0 0 0 0 1 0 0 1 0 0 1 0 0 0 0 1 0 1 1 1 1 1 0 1 0 0 0 0 0 0 0 0 1 1 0 1 1 0 1 0 0 0 0 0 0 1 1 0 0 1 0 0 0 0 1 1 1 1 0 0 1 0 1 1 0 1 0 1 0 0 1 0 1 1 1 1 0 1 0 1 0 1 1 0 1 1 0 1 1 0 1 0 1 0 0 1 0 1 1 1 0 0 0 1 1 1 1 0 0 0 1 0 0 1 0 1 1 1 0 1 1 1 1 0 1 0 0 0 1 0 0 1 1 1 1 1 0 1 0 1 1 0 0 0 1 0
0 0 0 1 1 0 1 1 1 0 0 1 1 0 1 0 1 0 0 1 0 0 0 1 1 1 0 1 0 1 0 0 1 0 1 0 0 0 0 0 1 0 1 1 1 0 1 1 1 0 1 1 1 0 1 1 1 0 0 0 1 1 0 1 1 0 0 1 0 0 1 0 1 0 1 1 1 1 1 0 0 0 0 1 1 1 1 0 0 1 0 0 0 1 1 1 1 1 1 0 1 0 0 0 1 1 0 0 0 0 1 1 0 0 1 0 0 1 1 0 1 0 0 0 1 0 1 1 1 1 0 0 1 0 0 1 0 1 0 1 0 0 1 0 0 1 0 1 1 0
0 0 1 0 0 1 0 1 0 1 1 1 0 1 1 1 0 1 1 0 1 1 0 1 0 0 1 0 1 0 1 0 1 1 1 1 1 0 1 1 1 1 1 0 1 1 1 1 0 0 1 0 1 1 0 1 0 0 1 0 1 1 0 0 1 0 0 0 0 1 0 0 0 1 1 1 0 0 0 0 0 0 0 0 1 1 1 1 0 1 0 0 0 1 0 1 0 1 0 0 0 1 0 0 0 1 0 0 1 1 1 1 0 1 0 0 0 0 1 1 1 1 0 1 0 1 0 0 0 1 0 0 1 0 0 1 0 1 1 1 1 1 0 0 0 1 1 0 0 0
1 0 1 0 1 1 1 1 1 1 1 0 0 0 0 1 0 1 0 1 0 1 0 0 0 1 1 1 0 0 1 0 1 0 1 1 1 0 0 1 1 1 1 1 1 0 1 1 0 0 1 1 0 0 1 1 1 0 0 1 1 1 0 0 1 1 0 0 0 0 1 1 1 0 0 0 0 0 1 0 0 1 1 1 0 1 0 0 1 0 0 1 1 0 0 1 1 0 1 1 1 1 1 0 0 0 0 0 0 0 1 1 0 1 1 1 1 0 1 0 0 1 1 1 0 1 0 1 0 0 1 0 0 0 1 1 0 0 1 0 1 1 1 1 1 1 0 0 0 1
1 0 1 1 1 1 0 0 0 0 1 0 0 0 1 1 0 0 1 1 0 0 1 0 1 0 1 1 1 1 1 1 0 0 0 0 1 1 1 0 0 1 1 1 0 1 0 1 0 0 0 0 1 0 1 1 0 0 0 1 0 0 0 1 1 1 0 1 0 0 1 1 1 0 1 0 1 0 0 0 1 1 0 1 0 1 0 0 1 1 1 0 0 1 0 1 1 1 0 1 1 0 0 0 1 0 1 1 0 0 0 1 0 1 0 1 1 0 0 0 0 1 0 0 0 0 0 0 0 1 0 1 0 1 1 1 1 1 1 1 1 0 0 1 0 0 1 0 1 0
0 1 1 0 0 1 1 0 0 1 0 1 1 0 1 1 1 1 0 1 0 1 1 0 0 0 1 1 0 0 0 1 1 0 0 0 0 0 1 0 1 0 1 1 0 1 0 1 0 0 1 1 1 0 0 1 1 1 0 0 1 0 1 0 1 1 1 0 0 1 0 0 1 0 0 0 0 1 1 0 1 1 1 1 0 0 0 0 0 1 0 0 1 1 0 1 0 1 0 1 0 1 1 1 0 1 1 0 0 1 0 0 1 0 0 0 1 0 1 1 1 0 0 1 1 0 1 0 1 0 0 1 1 1 1 1 0 0 1 1 1 0 0 1 1 0 0 1 0 0
1 1 0 1 1 0 1 0 0 0 0 0 1 1 1 0 0 0 0 0 1 1 0 0 1 0 1 0 0 0 1 1 1 1 0 0 0 1 1 0 1 0 0 1 1 1 1 0 1 1 0 0 0 1 0 1 1 0 1 1 1 1 1 1 0 0 0 0 1 0 1 1 0 0 1 0 0 0 0 1 0 1 0 1 1 1 0 0 0 1 0 0 0 0 1 0 0 0 1 0 0 1 1 0 1 1 0 1 0 0 1 1 0 0 1 0 1 0 1 0 1 1 0 1 0 0 1 0 0 0 1 0 1 1 0 0 1 0 1 1 1 0 0 1 0 1 0 1 0 1
1 1 0 0 0 1 0 0 0 1 1 0 1 0 0 0 1 0 0 0 1 0 1 0 1 1 0 1 0 1 1 0 0 1 1 1 1 1 1 1 0 1 0 0 1 0 1 1 1 1 0 1 1 0 0 1 0 1 1 0 1 1 1 0 0 0 0 0 1 1 1 1 1 0 0 1 0 0 1 1 0 0 1 0 0 0 0 1 0 0 1 1 1 0 1 1 1 1 0 0 0 0 1 0 0 0 1 1 1 0 1 1 0 0 1 0 0 1 1 0 1 1 0 1 1 1 1 0 0 0 0 1 1 1 0 1 1 0 1 0 1 0 0 0 1 0 0 1 0 1
1 1 0 1 0 0 0 1 0 0 1 0 0 0 1 1 0 1 1 0 0 0 1 0 0 0 0 0 0 1 0 0 1 1 0 1 0 0 0 0 1 0 0 1 1 0 0 0 1 0 1 1 0 0 1 0 1 0 1 1 0 0 0 0 0 0 0 1 0 1 0 1 1 0 1 0 1 0 0 1 1 0 1 0 0 1 1 1 1 1 1 1 0 1 0 1 0 1 1 0 1 1 0 0 1 1 1 1 0 0 0 0 1 0 1 1 1 0 1 1 1 0 0 1 1 1 1 0 1 0 1 1 1 0 1 1 1 1 1 0 0 1 0 0 1 1 1 1 0 1
0 0 0 0 1 1 0 1 1 1 0 0 0 1 0 1 0 1 1 0 1 1 0 0 1 0 0 0 0 0 0 1 1 0 0 1 1 1 0 0 0 0 0 1 0 0 0 1 0 0 0 0 0 0 1 0 0 1 0 0 0 1 1 1 1 1 0 1 1 0 0 0 1 0 1 0 0 1 1 1 0 1 1 1 1 0 1 0 0 1 1 0 1 1 1 1 1 1 0 1 1 1 0 1 1 0 0 1 1 1 1 1 0 0 0 0 1 0 1 1 1 0 1 1 0 0 0 1 0 1 1 1 0 1 1 1 1 1 0 1 0 1 1 0 1 0 1 0 0 0
1 1 1 0 0 0 1 0 0 0 1 0 1 1 0 0 0 1 1 0 1 0 0 1 1 1 0 1 0 0 1 1 1 0 0 0 1 0 0 1 1 0 1 0 1 1 1 1 0 0 0 0 0 0 1 1 0 0 0 0 0 1 1 0 0 1 0 1 1 1 1 1 1 1 0 0 0 1 0 1 0 0 1 1 1 1 1 1 1 0 1 1 0 0 0 0 0 1 0 1 1 0 1 0 0 1 1 1 1 0 0 1 0 0 0 0 1 1 1 1 1 0 1 0 1 0 0 0 1 1 1 0 1 0 1 0 0 0 0 0 0 0 0 1 0 0 1 1 1 0
0 0 1 1 1 0 1 1 1 0 0 0 1 1 1 0 0 1 1 1 1 1 1 1 0 0 1 0 1 1 0 0 0 1 0 1 0 0 1 0 0 1 0 0 0 0 1 1 0 1 1 1 0 0 1 0 0 1 0 0 0 1 0 1 1 1 0 1 0 1 1 1 0 1 1 1 0 1 0 0 1 1 1 0 0 0 1 0 1 1 1 0 0 1 1 0 1 0 0 1 1 1 1 0 1 1 0 0 1 0 0 0 1 0 1 1 0 0 1 0 1 1 0 0 1 0 0 1 1 0 1 0 1 1 1 0 0 0 1 0 1 0 1 1 0 0 0 0 0 0
0 1 0 0 1 0 0 1 0 0 0 0 1 1 0 1 0 0 1 1 1 0 0 0 1 1 1 0 1 1 0 1 1 0 1 0 0 0 0 0 0 1 1 1 0 0 1 1 0 0 1 0 0 1 0 0 1 1 1 1 1 1 0 1 1 0 0 1 1 1 1 1 0 1 0 0 1 0 0 1 0 1 1 0 0 0 0 1 0 1 0 1 0 0 0 0 1 1 1 0 1 1 0 1 0 0 0 1 1 1 0 0 0 1 0 0 1 0 0 0 1 1 1 1 1 1 1 0 1 1 0 1 1 0 1 1 0 0 1 0 0 0 1 0 0 0 1 1 0 0
1 1 1 1 1 0 1 0 1 0 0 0 0 1 0 1 1 1 0 1 0 0 0 0 1 0 0 0 1 1 0 1 0 1 1 1 1 0 1 0 0 1 0 0 0 0 0 1 1 1 1 0 1 1 1 1 1 0 1 0 0 1 0 0 0 0 1 0 0 0 0 1 1 1 0 0 0 1 1 0 0 0 1 0 0 1 1 0 1 1 1 0 1 1 1 1 1 1 1 0 0 0 0 1 1 0 0 1 0 1 1 0 0 0 0 0 0 0 1 1 0 1 1 1 0 1 1 1 0 1 1 0 0 1 1 0 1 1 0 0 0 0 0 1 0 0 1 0 0 0
1 0 0 1 1 0 0 0 1 0 0 1 0 1 0 1 0 1 1 0 0 1 1 1 0 0 0 0 1 1 1 0 0 1 0 0 0 0 0 1 0 1 0 0 0 1 0 0 1 0 0 1 1 1 1 1 1 1 1 0 1 1 1 0 1 0 1 0 1 0 1 0 0 0 0 0 0 0 0 0 1 0 0 0 1 1 0 1 1 1 1 1 1 1 0 1 1 1 0 0 0 0 1 0 1 0 1 0 1 1 0 1 0 1 0 0 1 1 0 0 1 0 1 0 1 0 1 1 1 1 1 0 1 0 1 1 0 1 1 1 0 1 1 1 1 0 0 1 0 1
1 0 0 0 1 0 1 1 1 1 1 1 0 0 0 1 0 0 0 0 1 0 1 0 0 0 1 0 1 1 1 1 0 0 1 1 1 1 0 0 1 0 1 1 1 0 1 1 0 1 0 0 0 0 1 0 0 0 1 1 0 0 1 0 0 1 0 1 0 0 0 0 1 1 0 0 1 1 1 0 1 0 0 1 0 0 0 0 1 1 0 1 1 1 0 1 0 0 1 0 0 0 1 0 0 1 0 0 1 1 0 1 0 0 1 0 0 1 0 0 1 1 1 1 1 0 0 0 1 1 0 0 1 1 0 0 1 0 1 1 1 1 1 0 0 0 1 1 1 1
1 1 0 1 1 1 0 1 0 1 0 0 1 1 0 0 0 1 0 1 1 1 0 0 0 1 1 1 1 1 0 0 1 1 1 0 0 1 1 1 1 0 1 0 0 1 0 1 0 0 0 1 0 0 1 0 1 0 1 1 0 1 1 0 0 0 0 0 0 1 0 0 0 0 1 0 0 1 1 0 0 1 0 1 0 0 0 1 0 1 1 0 1 0 0 0 0 0 1 1 1 0 0 0 1 0 1 1 1 0 1 0 1 1 1 0 0 1 0 1 0 0 1 0 0 1 0 1 1 1 0 0 1 1 1 1 1 1 0 1 1 0 0 0 1 1 0 0 1 0
0 0 0 0 0 0 1 0 1 1 0 1 0 0 0 0 0 0 1 1 1 0 1 0 1 0 1 0 0 1 0 1 0 1 0 1 1 0 1 1 0 0 0 0 0 1 1 1 0 0 0 0 1 0 1 1 1 1 0 0 0 0 0 1 0 0 1 1 1 1 0 1 1 0 1 1 1 1 1 1 0 1 0 0 1 1 0 1 0 1 1 1 1 0 0 1 1 0 0 0 0 1 1 0 0 1 1 1 0 1 1 1 1 0 1 0 1 0 0 1 0 0 1 1 0 1 0 1 0 0 0 0 0 0 0 1 0 1 0 0 1 0 1 1 0 1 1 1 1 1
0 0 1 1 1 1 0 0 0 0 1 1 1 0 0 1 0 0 1 1 0 0 0 0 1 1 0 0 1 0 0 0 1 1 1 1 0 0 0 0 0 0 1 1 0 1 0 1 1 1 1 1 0 1 0 1 0 1 0 1 0 0 1 1 0 0 1 1 0 1 0 0 1 1 1 1 0 0 1 1 1 1 0 1 1 1 0 0 1 0 0 1 1 1 1 0 0 0 0 1 1 0 1 0 1 0 1 0 0 1 0 0 0 1 0 0 0 0 1 1 1 1 0 0 0 1 1 1 1 1 1 0 0 0 0 0 0 0 1 0 1 1 0 0 1 1 1 1 1 1
1 1 1 1 1 0 0 0 1 1 0 0 0 0 0 0 1 1 1 0 0 0 0 1 0 1 1 0 1 0 0 0 1 1 1 1 0 1 0 0 0 1 1 0 0 1 1 1 0 0 1 0 1 0 0 1 0 1 1 0 0 1 0 0 0 1 0 1 1 0 1 1 1 0 1 0 1 0 0 1 1 1 0 1 1 1 0 0 1 0 1 0 1 0 0 0 1 1 1 1 0 0 0 1 0 1 1 0 1 1 1 0 1 0 0 1 1 1 1 0 0 0 0 1 1 0 1 0 1 0 0 0 1 0 0 0 1 0 0 1 0 1 1 0 1 1 1 0 0 1
0 0 0 1 1 0 0 1 1 1 1 0 1 1 1 1 1 1 0 1 1 0 1 0 0 0 0 0 1 0 1 0 1 1 0 0 0 1 0 1 1 0 1 0 0 1 1 1 1 1 0 0 1 0 0 1 0 0 1 0 1 0 1 0 1 0 0 1 1 1 0 1 0 1 1 1 1 0 0 0 0 1 1 1 1 0 0 0 0 1 1 1 1 1 1 1 1 0 1 0 0 0 0 1 0 0 0 1 0 0 0 0 0 0 1 1 1 0 1 0 0 0 1 0 0 1 0 1 1 0 0 1 0 0 1 0 1 0 1 0 1 1 0 1 0 0 0 1 1 0
1 0 0 1 0 0 1 1 1 0 0 0 0 0 0 0 0 0 0 1 0 0 0 0 0 1 0 0 0 0 1 0 1 0 0 0 1 0 1 1 0 1 1 1 0 0 1 1 1 1 1 0 0 1 0 1 0 1 0 0 0 0 0 1 0 1 0 0 1 1 0 1 1 1 1 1 0 0 0 0 0 0 1 0 1 0 0 1 1 0 0 0 1 0 1 0 1 0 0 1 0 1 1 1 1 1 0 0 1 1 1 1 0 0 1 1 0 1 0 0 1 0 1 0 0 1 0 0 1 1 1 1 1 0 1 1 0 1 0 1 0 1 0 0 1 0 0 0 0 1
0 0 0 0 0 1 1 1 1 1 1 1 1 1 1 1 0 0 0 1 1 0 1 1 1 1 0 0 1 1 1 1 1 0 0 0 1 1 0 0 0 0 0 0 1 0 0 1 0 0 1 0 1 0 0 0 0 0 0 0 0 1 0 0 0 0 0 0 1 0 0 1 1 1 0 1 0 0 0 1 0 0 0 1 0 0 0 1 1 0 1 0 1 0 1 1 1 0 0 0 1 0 1 0 1 1 0 1 0 1 0 0 0 0 0 0 1 1 0 0 0 0 0 1 0 1 1 1 1 1 1 0 1 1 1 1 1 0 1 0 1 0 1 0 1 1 0 1 0 1
1 1 1 0 1 0 0 0 0 1 0 1 1 1 0 1 0 0 1 1 0 1 0 0 0 0 0 1 0 1 1 0 0 1 0 0 0 1 0 0 1 1 0 1 1 0 1 1 1 1 0 0 1 0 1 0 0 1 0 0 1 1 1 0 0 1 0 0 1 0 0 1 0 1 1 1 0 1 0 1 0 0 1 0 0 1 1 0 0 0 0 1 1 1 1 0 0 0 1 1 1 0 1 0 0 1 0 1 0 1 0 1 1 1 0 1 0 0 0 1 1 0 1 0 1 1 1 0 0 0 0 1 0 0 0 1 1 1 0 1 0 0 1 0 1 1 1 1 0 0
1 1 0 0 0 1 0 0 0 1 1 0 1 0 1 0 0 0 0 0 0 1 0 1 1 1 0 0 1 0 0 1 0 0 1 0 1 1 0 1 0 1 1 1 0 0 0 0 1 1 0 1 1 0 1 0 1 0 1 0 1 0 0 1 1 0 0 1 0 0 1 1 0 1 0 0 0 1 1 0 0 1 1 0 1 1 1 1 0 1 1 0 1 1 0 0 0 1 0 1 0 1 1 0 1 0 0 0 1 1 0 1 1 0 0 1 0 0 1 0 0 0 1 1 1 1 0 1 1 0 1 1 1 0 0 0 1 0 0 1 1 1 0 1 1 1 1 1 0 1
1 0 1 0 0 0 1 1 0 1 0 1 1 1 0 0 0 0 0 1 1 0 0 1 0 1 0 1 0 0 1 0 1 0 1 0 0 1 0 0 0 0 1 0 1 0 1 0 1 1 1 0 1 0 1 1 1 1 1 1 0 0 0 0 1 1 0 0 0 1 0 1 0 0 1 1 0 1 1 1 1 0 0 1 1 1 0 1 1 1 1 0 1 1 0 1 1 0 0 0 0 1 0 0 1 0 0 0 1 0 0 0 1 1 0 0 1 0 0 1 0 1 0 0 1 0 1 0 0 0 1 1 0 1 1 1 1 1 0 0 1 1 1 1 0 0 1 0 1 1
1 1 0 1 1 1 0 0 1 1 1 0 1 1 1 0 0 0 0 1 0 1 0 0 0 0 0 0 0 1 0 1 0 1 1 1 0 1 1 1 0 0 0 1 1 1 1 0 0 0 1 0 1 1 0 0 0 1 1 0 1 0 1 0 1 1 0 0 0 1 1 1 1 0 1 0 0 1 1 1 1 1 1 0 1 0 0 1 1 0 0 1 0 1 0 0 0 0 0 0 0 0 1 1 1 1 0 1 1 0 1 0 0 0 0 1 0 0 1 1 1 1 1 0 0 0 1 0 0 1 0 0 1 1 1 0 1 1 1 0 0 1 1 0 0 0 0 1 1 0
1 1 1 0 0 0 0 1 1 0 1 1 0 1 1 0 1 0 1 0 0 1 1 0 0 1 0 1 0 1 1 1 1 0 0 1 0 1 1 1 1 0 1 1 1 1 1 1 0 1 1 0 1 0 1 1 0 1 0 0 0 0 0 1 1 0 1 1 0 0 1 0 0 1 0 0 1 0 1 1 1 1 0 0 1 1 0 1 0 0 0 0 1 0 0 0 1 1 1 0 0 1 0 0 1 1 0 1 0 1 0 0 0 1 0 1 0 0 0 1 1 0 0 1 0 1 0 0 1 0 1 0 1 1 1 0 1 1 0 0 0 0 0 0 1 0 0 0 0 0
1 0 1 1 0 1 0 1 1 1 1 0 0 1 1 0 1 0 1 0 0 1 1 0 1 1 1 1 0 1 0 0 1 1 0 1 0 0 1 0 1 0 0 0 0 1 1 0 1 1 0 1 1 1 1 1 1 0 0 1 1 1 1 0 0 0 0 1 0 0 1 1 0 1 0 1 0 0 1 1 1 1 1 0 0 1 1 0 0 0 1 0 1 1 1 0 1 1 1 0 1 0 1 1 0 1 1 0 0 0 0 1 0 1 0 1 1 1 1 1 1 0 1 0 1 1 0 0 0 0 1 0 1 1 0 1 1 1 0 1 0 1 1 0 0 0 0 1 1 1
0 1 0 0 1 1 1 1 0 1 0 0 0 0 0 0 1 0 0 0 0 0 0 1 1 0 1 1 1 1 1 0 1 0 0 1 1 0 1 1 0 0 1 0 0 1 0 0 0 1 1 0 0 1 0 1 1 0 0 1 1 1 1 0 0 0 0 1 0 0 1 1 0 1 0 0 0 0 1 1 1 1 1 0 0 1 1 0 0 0 1 0 1 1 1 0 1 1 1 0 1 0 1 1 0 1 1 0 0 0 0 0 0 1 0 1 1 0 1 1 1 0 1 0 1 1 0 0 0 0 1 0 1 1 0 1 1 1 0 1 0 1 1 0 0 0 0 1 1 1
