C kint 26294360 vt 16 
C Weight 0 -> 
C DEL VECTOR = 0 0 0 0 0 0 0 0 0 0 0 0 0 0 0 0 0 0 0 0 0 0 0 0 0 0 0 0 0 0 0 0 0 0 0 0 0 0 0 0 0 0 0 0 0 0 0 0 0 0 0 0 0 0 0 0 0 0 0 0 0 0 0 0 0 0 0 0 0 1 0 0 0 0 0 0 0 0 0 0 0 0 0 0 0 0 0 0 0 0 0 0 0 0 0 0 0 0 0 0 0 0 0 0 0 0 0 0 0 0 0 0 0 0 0 0 0 0 0 0 0 0 0 0 0 0 0 0 0 0 0 0 0 0 0 0 0 0 0 0 0 0 0 0 0 0 0 0 0 0 0 0 0 0 0 0 0 0 0 0 
C 
128 159 2^159 4
0 1 1 0 1 1 0 1 1 1 1 0 1 0 1 1 0 1 1 0 1 1 1 0 0 1 1 0 0 1 0 1 0 1 1 1 0 1 1 1 1 1 0 1 0 1 1 0 1 0 1 0 1 1 1 0 1 0 1 1 1 1 1 1 1 0 0 1 0 0 1 1 0 1 1 0 0 1 0 0 1 0 0 1 1 0 0 1 0 1 0 0 0 1 0 0 0 0 0 0 1 0 1 0 1 0 1 0 0 0 1 0 1 1 1 1 1 1 1 1 1 0 1 1 0 1 0 0 0 1 0 0 1 0 0 1 0 1 0 0 1 0 1 1 0 0 0 1 1 0 1 0 0 0 0 1 1 1 1 
1 1 1 0 1 1 0 0 1 0 0 1 1 1 0 0 1 1 1 1 1 1 1 0 1 1 1 1 1 1 1 0 0 0 0 0 0 0 1 0 0 1 1 1 1 1 0 0 0 1 1 1 1 0 0 1 1 0 0 1 1 1 0 0 1 0 0 1 0 0 1 1 0 1 1 0 0 0 1 1 1 0 1 0 0 1 0 0 1 1 0 0 0 1 0 0 1 1 1 0 1 0 1 1 0 0 0 0 1 1 1 1 1 0 1 0 0 1 1 0 0 0 1 1 0 1 1 1 1 0 0 0 0 0 1 0 1 1 0 0 0 1 0 1 0 0 1 1 0 0 1 1 1 1 0 1 0 1 1 
1 1 1 1 1 1 1 1 1 0 0 0 1 0 1 0 1 1 1 0 0 1 1 1 0 1 1 1 0 1 0 0 0 0 1 0 1 1 1 0 0 1 0 1 0 1 0 1 1 1 1 1 1 1 0 0 0 1 1 0 1 0 0 0 0 1 1 0 1 0 1 0 0 1 1 1 1 0 0 0 1 0 1 0 0 1 1 0 1 0 1 1 0 0 1 1 0 1 0 1 1 1 1 0 0 1 0 0 0 0 1 0 1 0 1 1 0 1 1 1 1 0 0 1 0 1 0 0 0 0 0 1 1 1 0 0 1 1 0 1 0 1 0 0 1 0 0 1 0 1 1 0 0 1 0 1 1 1 0 
1 1 0 1 0 1 1 0 1 1 1 1 0 0 0 1 1 1 0 1 0 1 1 1 0 0 1 1 1 0 1 1 0 1 0 1 0 0 0 1 1 0 1 1 0 1 1 1 0 1 1 1 1 0 1 1 0 1 0 0 1 0 1 1 0 1 1 0 1 0 1 0 0 1 0 0 1 1 0 0 1 0 1 1 1 1 1 1 1 0 0 1 0 0 0 0 0 1 1 0 1 0 1 0 1 0 1 0 1 0 1 1 1 1 1 0 1 1 0 0 0 0 0 1 0 1 0 1 0 1 0 0 0 0 0 1 1 0 0 0 1 1 1 0 0 0 1 0 1 1 0 0 1 1 0 1 0 1 0 
1 0 0 0 0 1 0 1 0 1 1 1 0 0 1 1 1 1 0 1 1 1 1 0 0 0 0 1 1 0 1 0 0 0 1 1 1 1 0 0 1 0 1 0 0 0 1 0 1 1 0 1 1 1 1 1 1 0 1 1 1 1 0 0 1 0 0 1 0 0 0 1 0 1 0 1 0 0 0 0 1 0 1 1 1 1 0 0 1 1 1 0 0 1 1 1 0 1 1 1 1 1 0 0 1 1 0 0 1 0 1 1 0 1 0 1 1 0 0 1 1 0 1 1 0 1 0 1 0 0 0 1 1 1 0 0 1 0 0 1 0 1 0 1 1 0 1 0 1 0 0 0 1 1 0 0 1 1 1 
1 0 1 1 1 0 1 1 0 0 0 1 1 0 1 0 1 0 1 1 1 0 0 1 0 1 0 1 1 1 1 1 0 1 1 0 0 1 1 1 0 1 1 0 0 0 0 1 1 1 0 1 0 1 0 1 1 1 1 1 0 1 1 1 1 1 1 1 1 0 0 1 0 0 1 0 1 1 0 0 0 0 1 0 0 1 1 1 1 1 0 1 0 1 0 0 0 1 1 0 0 0 0 0 0 0 1 0 1 0 0 1 0 0 0 1 0 0 1 1 1 0 1 0 0 0 0 1 0 1 0 0 1 0 0 1 1 1 0 0 1 1 1 1 0 0 1 1 0 1 1 0 1 1 0 0 1 0 1 
1 1 1 0 1 0 0 1 1 1 1 1 1 0 1 1 1 0 1 1 0 0 0 0 0 1 1 1 1 1 1 0 1 0 1 1 0 1 1 0 1 1 1 1 0 1 1 0 1 1 1 1 0 1 1 1 0 0 1 0 0 0 0 0 0 0 0 0 0 1 1 0 1 0 1 0 0 0 0 0 0 1 1 1 1 1 0 0 1 0 0 0 1 0 0 0 0 1 1 0 0 0 1 0 1 0 0 1 1 0 0 1 1 1 1 1 1 1 1 1 1 1 0 0 1 0 0 1 0 0 1 0 1 0 0 0 1 1 1 0 0 1 0 0 0 1 1 1 1 0 1 0 1 1 1 1 1 0 0 
0 1 0 1 0 1 1 1 1 0 0 1 0 0 1 0 0 1 0 1 1 1 1 1 0 0 1 0 1 0 1 0 1 0 1 0 0 1 0 0 0 0 1 1 0 1 0 1 1 0 1 0 1 1 0 1 1 1 1 1 1 1 0 0 1 1 1 1 1 1 1 1 1 1 0 0 1 0 0 0 1 1 0 0 0 0 1 0 0 1 0 1 1 1 0 0 0 0 1 0 1 0 1 0 0 0 0 1 1 0 1 1 1 0 1 1 0 1 0 1 1 1 1 1 1 1 0 1 0 0 1 0 1 0 0 0 0 0 1 0 0 0 0 1 0 1 1 0 0 1 0 0 1 0 1 1 1 1 1 
0 0 1 1 1 1 1 1 0 1 1 1 1 1 1 1 0 1 1 1 0 1 1 1 1 1 0 0 1 1 1 0 0 0 1 1 0 1 1 0 1 1 1 0 1 0 1 1 1 0 0 0 1 1 1 1 0 1 1 0 1 0 0 0 0 1 1 0 1 0 0 0 0 1 1 0 1 0 1 1 1 0 0 1 1 0 1 0 0 0 0 1 0 0 0 0 1 0 1 0 1 0 0 1 1 0 0 0 1 1 1 1 0 1 0 1 1 0 1 1 1 0 0 1 0 1 1 1 1 0 0 0 1 0 1 0 0 1 0 0 0 0 0 0 0 0 1 1 1 1 1 1 1 0 0 0 1 1 0 
1 1 0 1 0 0 1 1 1 1 1 0 0 1 1 1 1 0 0 0 1 0 0 1 1 0 1 1 0 0 0 0 0 0 1 1 0 1 0 0 1 0 0 1 1 1 1 1 1 1 1 1 0 1 1 0 1 1 1 1 0 1 0 0 1 1 1 1 1 0 1 1 0 0 0 0 1 0 1 1 0 0 1 1 1 1 1 0 1 1 0 1 0 1 0 0 1 1 0 0 0 0 1 1 1 0 0 0 0 1 0 0 1 1 1 1 1 1 0 1 1 0 1 0 0 0 1 0 1 0 0 0 1 0 1 0 1 0 0 0 0 1 0 1 0 0 0 0 1 1 0 1 0 1 0 1 1 0 1 
1 0 1 1 1 1 1 0 0 1 1 0 1 0 0 1 1 1 1 0 1 1 1 1 0 1 0 1 0 1 0 0 1 0 0 1 0 0 1 0 1 1 0 0 0 0 1 1 0 1 0 1 1 0 1 0 1 1 0 1 1 1 0 0 1 1 1 1 1 1 0 1 1 1 1 0 1 0 0 0 1 1 1 1 1 1 1 0 1 1 0 1 1 1 0 0 0 1 0 0 1 0 0 0 1 0 0 1 0 0 1 0 0 1 0 0 1 0 1 0 0 1 1 1 1 1 0 0 0 0 1 0 0 0 0 0 1 1 1 0 0 1 0 1 0 1 0 1 1 1 1 0 0 1 1 0 0 1 1 
0 1 1 1 1 0 1 0 1 1 1 1 1 0 0 1 0 0 1 1 1 0 0 1 0 1 1 0 1 1 1 0 0 0 0 1 1 0 1 0 1 1 1 1 0 1 1 1 0 0 1 0 0 0 1 1 1 1 0 1 0 1 0 0 1 1 1 1 1 0 1 1 0 0 1 1 1 0 0 0 0 0 0 1 1 0 1 0 0 1 1 1 0 1 1 1 0 0 1 1 0 1 1 0 1 1 0 0 1 0 0 1 1 1 1 0 1 1 1 0 0 0 1 0 0 0 0 1 0 0 0 1 0 1 0 0 0 1 0 1 0 0 0 1 1 0 1 1 1 1 1 0 1 0 0 1 0 0 1 
1 0 0 0 0 1 0 1 0 0 0 0 0 1 1 0 1 1 0 0 0 1 1 0 1 0 0 1 0 0 0 1 1 1 1 0 0 1 0 1 0 0 0 0 1 0 0 0 1 1 0 1 1 1 0 0 0 0 1 0 1 0 1 1 0 0 0 0 0 1 0 0 1 1 0 0 0 1 1 1 1 1 1 0 0 1 0 1 1 0 0 0 1 0 0 0 1 1 0 0 1 0 0 1 0 0 1 1 0 1 1 0 0 0 0 1 0 0 0 1 1 1 0 1 1 1 1 0 1 1 1 0 1 0 1 1 1 0 1 0 1 1 1 0 0 1 0 0 0 0 0 1 0 1 1 0 1 1 0 
1 0 0 1 0 0 1 0 0 0 0 1 0 1 0 0 1 0 0 1 0 0 0 1 1 0 0 1 1 0 1 0 1 0 0 0 1 0 0 0 0 0 1 0 1 0 0 1 0 1 0 1 0 0 0 1 0 1 0 0 0 0 0 0 0 1 1 0 1 1 0 0 1 0 0 1 1 0 1 1 0 1 1 0 0 1 1 0 1 0 1 1 1 0 1 1 1 1 1 1 0 1 0 1 0 1 0 1 1 1 0 1 0 0 0 0 0 0 0 0 0 1 0 0 1 0 1 1 1 0 1 1 0 1 1 0 1 0 1 1 0 1 0 0 1 1 1 0 0 1 0 1 1 1 1 0 0 0 0 
0 0 0 1 0 0 1 1 0 1 1 0 0 0 1 1 0 0 0 0 0 0 0 1 0 0 0 0 0 0 0 1 1 1 1 1 1 1 0 1 1 0 0 0 0 0 1 1 1 0 0 0 0 1 1 0 0 1 1 0 0 0 1 1 0 1 1 0 1 1 0 0 1 0 0 1 1 1 0 0 0 1 0 1 1 0 1 1 0 0 1 1 1 0 1 1 0 0 0 1 0 1 0 0 1 1 1 1 0 0 0 0 0 1 0 1 1 0 0 1 1 1 0 0 1 0 0 0 0 1 1 1 1 1 0 1 0 0 1 1 1 0 1 0 1 1 0 0 1 1 0 0 0 0 1 0 1 0 0 
0 0 0 0 0 0 0 0 0 1 1 1 0 1 0 1 0 0 0 1 1 0 0 0 1 0 0 0 1 0 1 1 1 1 0 1 0 0 0 1 1 0 1 0 1 0 1 0 0 0 0 0 0 0 1 1 1 0 0 1 0 1 1 1 1 0 0 1 0 1 0 1 1 0 0 0 0 1 1 1 0 1 0 1 1 0 0 1 0 1 0 0 1 1 0 0 1 0 1 0 0 0 0 1 1 0 1 1 1 1 0 1 0 1 0 0 1 0 0 0 0 1 1 0 1 0 1 1 1 1 1 0 0 0 1 1 0 0 1 0 1 0 1 1 0 1 1 0 1 0 0 1 1 0 1 0 0 0 1 
0 0 1 0 1 0 0 1 0 0 0 0 1 1 1 0 0 0 1 0 1 0 0 0 1 1 0 0 0 1 0 0 1 0 1 0 1 1 1 0 0 1 0 0 1 0 0 0 1 0 0 0 0 1 0 0 1 0 1 1 0 1 0 0 1 0 0 1 0 1 0 1 1 0 1 1 0 0 1 1 0 1 0 0 0 0 0 0 0 1 1 0 1 1 1 1 1 0 0 1 0 1 0 1 0 1 0 1 0 1 0 0 0 0 0 1 0 0 1 1 1 1 1 0 1 0 1 0 1 0 1 1 1 1 1 0 0 1 1 1 0 0 0 1 1 1 0 1 0 0 1 1 0 0 1 0 1 0 1 
0 1 1 1 1 0 1 0 1 0 0 0 1 1 0 0 0 0 1 0 0 0 0 1 1 1 1 0 0 1 0 1 1 1 0 0 0 0 1 1 0 1 0 1 1 1 0 1 0 0 1 0 0 0 0 0 0 1 0 0 0 0 1 1 0 1 1 0 1 1 1 0 1 0 1 0 1 1 1 1 0 1 0 0 0 0 1 1 0 0 0 1 1 0 0 0 1 0 0 0 0 0 1 1 0 0 1 1 0 1 0 0 1 0 1 0 0 1 1 0 0 1 0 0 1 0 1 0 1 1 1 0 0 0 1 1 0 1 1 0 1 0 1 0 0 1 0 1 0 1 1 1 0 0 1 1 0 0 0 
0 1 0 0 0 1 0 0 1 1 1 0 0 1 0 1 0 1 0 0 0 1 1 0 1 0 1 0 0 0 0 0 1 0 0 1 1 0 0 0 1 0 0 1 1 1 1 0 0 0 1 0 1 0 1 0 0 0 0 0 1 0 0 0 0 0 0 0 0 1 1 0 1 1 0 1 0 0 1 1 1 1 0 1 1 0 0 0 0 0 1 0 1 0 1 1 1 0 0 1 1 1 1 1 1 1 0 1 0 1 1 0 1 1 1 0 1 1 0 0 0 1 0 1 1 1 1 0 1 0 1 1 0 1 1 0 0 0 1 1 0 0 0 0 1 1 0 0 1 0 0 1 0 0 1 1 0 1 0 
0 0 0 1 0 1 1 0 0 0 0 0 0 1 0 0 0 1 0 0 1 1 1 1 1 0 0 0 0 0 0 1 0 1 0 0 1 0 0 1 0 0 0 0 1 0 0 1 0 0 0 0 1 0 0 0 1 1 0 1 1 1 1 1 1 1 1 1 1 0 0 1 0 1 0 1 1 1 1 1 1 0 0 0 0 0 1 1 0 1 1 1 0 1 1 1 1 0 0 1 1 1 0 1 0 1 1 0 0 1 1 0 0 0 0 0 0 0 0 0 0 0 1 1 0 1 1 0 1 1 0 1 0 1 1 1 0 0 0 1 1 0 1 1 1 0 0 0 0 1 0 1 0 0 0 0 0 1 1 
1 0 1 0 1 0 0 0 0 1 1 0 1 1 0 1 1 0 1 0 0 0 0 0 1 1 0 1 0 1 0 1 0 1 0 1 1 0 1 1 1 1 0 0 1 0 1 0 0 1 0 1 0 0 1 0 0 0 0 0 0 0 1 1 0 0 0 0 0 0 0 0 0 0 1 1 0 1 1 1 0 0 1 1 1 1 0 1 1 0 1 0 0 0 1 1 1 1 0 1 0 1 0 1 1 1 1 0 0 1 0 0 0 1 0 0 1 0 1 0 0 0 0 0 0 0 1 0 1 1 0 1 0 1 1 1 1 1 0 1 1 1 1 0 1 0 0 1 1 0 1 1 0 1 0 0 0 0 0 
1 1 0 0 0 0 0 0 1 0 0 0 0 0 0 0 1 0 0 0 1 0 0 0 0 0 1 1 0 0 0 1 1 1 0 0 1 0 0 1 0 0 0 1 0 1 0 0 0 1 1 1 0 0 0 0 1 0 0 1 0 1 1 1 1 0 0 1 0 1 1 1 1 0 0 1 0 1 0 0 0 1 1 0 0 1 0 1 1 1 1 0 1 1 1 1 0 1 0 1 0 1 1 0 0 1 1 1 0 0 0 0 1 0 1 0 0 1 0 0 0 1 1 0 1 0 0 0 0 1 1 1 0 1 0 1 1 0 1 1 1 1 1 1 1 1 0 0 0 0 0 0 0 1 1 1 0 0 1 
0 0 1 0 1 1 0 0 0 0 0 1 1 0 0 0 0 1 1 1 0 1 1 0 0 1 0 0 1 1 1 1 1 1 0 0 1 0 1 1 0 1 1 0 0 0 0 0 0 0 0 0 1 0 0 1 0 0 0 0 1 0 1 1 0 0 0 0 0 1 0 0 1 1 1 1 0 1 0 0 1 1 0 0 0 0 0 1 0 0 1 0 1 0 1 1 0 0 1 1 1 1 0 0 0 1 1 1 1 0 1 1 0 0 0 0 0 0 1 0 0 1 0 1 1 1 0 1 0 1 1 1 0 1 0 1 0 1 1 1 1 0 1 0 1 1 1 1 0 0 1 0 1 0 1 0 0 1 0 
0 1 0 0 0 0 0 1 1 0 0 1 0 1 1 0 0 0 0 1 0 0 0 0 1 0 1 0 1 0 1 1 0 1 1 0 1 1 0 1 0 0 1 1 1 1 0 0 1 0 1 0 0 1 0 1 0 0 1 0 0 0 1 1 0 0 0 0 0 0 1 0 0 0 0 1 0 1 1 1 0 0 0 0 0 0 0 1 0 0 1 0 0 0 1 1 1 0 1 1 0 1 1 1 0 1 1 0 1 1 0 1 1 0 1 1 0 1 0 1 1 0 0 0 0 0 1 1 1 1 0 1 1 1 1 1 0 0 0 1 1 0 1 0 1 0 1 0 0 0 0 1 1 0 0 1 1 0 0 
0 0 0 1 0 1 0 0 1 0 0 1 0 1 0 1 0 1 0 0 1 1 0 0 0 1 1 0 1 0 0 1 1 0 0 1 0 0 1 0 0 1 0 1 0 0 1 1 1 0 0 0 0 1 1 1 1 1 1 0 0 1 0 0 0 1 1 0 0 0 1 0 0 1 0 0 0 1 1 0 0 0 1 1 1 1 1 1 1 0 1 0 1 0 1 1 0 1 1 0 0 1 0 1 0 1 1 0 0 1 1 1 1 0 0 0 0 1 1 1 0 1 1 0 1 1 0 1 1 1 0 1 1 0 1 0 1 1 1 1 0 1 1 1 0 1 1 1 1 0 1 1 0 0 1 1 1 1 1 
0 1 1 1 1 0 1 0 0 0 0 0 0 1 1 0 0 0 0 0 0 1 1 1 1 1 1 0 1 1 0 1 1 0 0 1 1 0 0 1 1 0 0 0 0 1 1 0 1 1 0 1 0 0 1 1 0 0 1 0 1 1 1 0 1 1 1 0 0 1 1 1 1 1 0 1 0 1 1 1 0 0 1 0 1 1 1 1 0 1 0 1 0 0 0 1 0 0 0 0 0 1 0 0 1 1 0 1 1 0 1 0 0 0 1 1 1 1 0 1 1 1 1 1 0 0 0 1 1 1 0 1 1 0 0 0 0 1 0 0 1 1 0 0 1 1 1 1 0 0 1 1 1 1 1 1 0 1 1 
1 0 1 1 0 0 0 0 0 1 1 1 1 1 0 0 1 0 0 1 0 0 0 1 1 1 1 0 0 0 1 0 0 0 1 0 1 1 0 0 0 1 0 0 1 1 1 0 1 0 1 0 1 0 1 1 0 1 1 0 1 1 0 1 0 1 0 1 0 0 1 1 1 1 1 0 1 1 1 0 0 1 0 1 1 1 1 1 0 0 0 0 0 1 1 0 0 0 0 0 1 1 0 0 0 1 1 0 1 1 1 0 1 0 0 0 1 0 0 0 1 1 1 0 1 1 1 1 1 1 1 1 1 1 0 1 1 1 0 0 1 1 0 1 0 1 1 1 0 1 0 0 0 1 1 1 1 1 0 
0 0 1 1 1 1 0 0 1 0 1 0 0 1 0 1 1 1 0 1 1 0 0 1 1 1 1 0 0 0 0 0 0 0 1 0 1 0 1 1 1 0 0 1 0 1 1 1 1 0 1 1 1 1 1 1 1 0 1 0 1 1 0 0 0 0 0 1 0 1 0 1 1 1 1 0 0 0 0 1 0 0 0 0 0 1 1 1 1 1 1 1 1 0 0 0 0 1 1 0 0 0 0 1 0 1 0 0 1 0 0 1 0 0 1 1 1 0 1 0 1 0 0 1 0 0 1 0 1 1 1 1 0 1 1 1 0 1 1 1 1 1 1 0 1 1 1 0 1 1 0 0 1 1 1 1 0 1 0 
1 0 1 0 1 0 0 0 1 1 0 1 1 1 0 0 0 1 0 0 0 1 0 1 1 0 1 0 1 0 1 1 1 0 0 1 1 1 0 1 1 1 0 0 1 1 0 1 0 0 0 1 0 1 1 0 1 1 1 0 1 0 0 1 0 0 1 0 0 1 0 1 1 0 0 0 1 0 0 1 0 1 1 1 0 0 1 1 1 1 0 1 0 1 1 1 0 0 1 0 1 0 0 0 0 1 1 0 1 1 0 0 1 0 1 1 1 1 1 1 1 0 0 1 1 1 0 0 0 0 0 0 0 0 1 0 1 1 1 1 1 1 1 1 1 0 1 0 1 0 1 1 1 1 1 0 1 1 1 
0 0 1 0 1 1 0 0 0 0 1 1 0 0 0 1 1 0 0 1 1 1 0 1 1 0 0 0 1 0 0 1 1 0 1 1 1 0 1 1 1 1 0 1 0 1 0 0 0 0 1 1 1 0 0 0 0 1 0 0 1 0 0 0 0 1 1 1 0 1 1 1 1 0 1 0 0 1 1 1 0 0 1 1 1 0 0 0 0 1 1 1 1 0 1 1 0 1 0 0 0 1 0 1 0 0 1 0 1 1 1 1 1 0 1 1 1 1 0 1 1 1 1 1 1 1 1 1 0 0 1 0 1 1 0 1 1 0 0 0 1 0 0 1 1 0 0 1 0 1 1 1 1 1 0 0 1 0 1 
0 0 1 1 1 0 0 1 1 0 0 1 0 0 0 0 0 1 1 0 0 0 0 1 1 1 0 1 0 0 0 0 0 1 0 0 1 0 0 1 1 1 1 0 0 1 1 1 1 0 0 1 0 1 0 1 1 1 0 1 1 1 0 0 0 1 0 0 1 1 1 1 1 1 0 0 0 1 1 1 1 0 0 1 1 1 0 0 1 1 0 1 0 0 1 0 1 0 1 1 0 1 1 0 0 0 1 0 1 1 1 0 1 1 1 1 1 0 1 0 1 1 1 1 1 1 0 1 1 1 0 1 1 0 1 0 1 0 1 1 1 0 1 1 1 1 0 1 1 0 0 0 1 1 0 1 1 0 0 
0 0 0 1 1 0 0 1 0 0 1 1 0 1 0 0 1 0 1 1 0 1 0 0 0 1 1 1 1 0 0 1 1 1 1 1 0 0 0 1 1 1 1 0 0 0 1 0 1 0 1 1 1 0 1 1 0 1 1 1 0 1 0 0 0 0 1 1 1 1 0 0 0 1 1 0 0 0 0 1 1 0 1 1 0 1 1 1 0 1 0 1 0 0 1 1 1 0 0 1 0 0 1 0 0 1 1 0 0 1 0 0 1 1 1 1 0 1 0 1 0 0 0 1 1 1 1 0 1 1 1 1 0 1 0 1 1 1 0 0 0 1 0 1 1 1 1 0 0 1 1 1 1 0 1 1 1 1 1 
0 1 0 0 1 0 1 0 1 0 1 1 0 1 1 0 1 1 0 1 0 0 1 0 0 0 1 0 0 1 0 0 0 0 1 0 0 0 0 1 1 1 0 0 0 0 0 1 0 1 1 1 1 1 1 0 1 1 1 0 0 0 1 0 1 1 0 1 0 1 1 0 0 0 1 1 0 1 1 1 0 0 0 1 1 0 1 1 1 1 0 1 0 0 1 0 0 0 1 0 0 1 0 0 1 1 1 1 0 1 1 0 1 0 1 1 0 0 1 0 0 1 1 1 1 1 1 1 0 0 1 0 1 1 1 1 1 1 1 1 0 1 1 1 1 0 1 1 1 1 0 0 1 0 1 0 1 1 0 
0 1 1 1 0 0 1 0 1 0 1 1 0 0 1 0 1 1 0 1 0 1 1 1 1 1 0 0 1 1 0 1 1 0 1 1 1 0 0 0 0 1 0 0 0 1 1 1 1 1 1 0 1 1 0 1 1 1 0 0 1 1 1 0 1 0 1 1 0 0 0 1 1 1 1 1 0 0 0 0 0 0 1 1 0 1 0 0 1 0 0 0 0 0 1 1 0 0 1 0 0 0 0 0 1 0 1 1 1 1 0 0 1 0 0 0 1 1 1 1 1 0 0 0 1 1 1 0 1 1 1 1 0 1 1 1 1 0 1 1 1 0 1 1 0 1 0 0 1 1 1 1 0 1 0 1 1 0 1 
0 0 1 0 0 0 0 1 1 0 1 0 0 1 0 0 1 1 1 1 0 1 0 1 1 0 1 1 1 0 0 1 1 1 1 1 1 0 0 0 0 0 1 0 0 1 0 1 0 0 1 0 1 1 1 0 1 0 1 1 1 0 0 0 0 1 1 1 1 0 1 1 1 0 1 0 0 1 1 0 1 0 1 0 1 0 1 1 1 0 0 0 0 0 0 1 1 0 1 1 0 1 1 0 0 1 0 0 1 0 1 0 0 1 0 0 1 1 1 1 1 1 1 0 0 0 1 1 0 0 1 0 1 1 1 1 0 1 1 1 1 1 1 0 0 0 1 1 1 1 1 1 0 1 1 0 0 1 1 
1 0 0 1 1 0 0 0 1 1 1 0 1 0 0 0 1 1 0 1 0 1 0 0 0 1 0 0 1 0 1 1 1 0 1 1 0 1 0 1 1 0 0 0 1 0 1 1 1 0 1 1 1 1 0 1 1 0 0 0 0 1 0 1 0 1 1 1 0 1 1 0 0 1 1 0 1 1 1 1 0 1 1 0 1 1 0 0 1 1 0 1 0 1 0 1 0 0 1 0 1 1 0 0 0 0 0 0 0 0 1 0 0 0 1 1 0 1 1 1 0 1 1 1 0 0 1 1 1 1 1 1 1 1 1 1 0 0 1 1 0 0 1 0 1 1 0 1 1 1 1 1 1 0 0 1 0 0 1 
0 1 1 0 0 1 1 1 0 0 0 1 0 1 1 1 0 0 1 0 1 0 1 1 1 0 1 1 0 1 0 0 0 1 0 0 1 0 1 0 0 1 1 1 0 1 0 0 0 1 0 0 0 0 1 0 0 1 1 1 1 0 1 0 1 0 0 0 1 0 0 1 1 0 0 1 0 0 0 0 1 0 0 1 0 0 1 1 0 0 1 0 1 0 1 0 1 1 0 1 0 0 1 1 1 1 1 1 1 1 0 1 1 1 0 0 1 0 0 0 1 0 0 0 1 1 0 0 0 0 0 0 0 0 0 0 1 1 0 0 1 1 0 1 0 0 1 0 0 0 0 0 0 1 1 0 1 1 0 
1 1 1 0 1 0 1 1 0 1 1 0 1 0 1 0 1 0 1 1 0 0 1 1 1 0 0 1 0 1 1 0 0 1 1 0 1 1 0 1 1 0 1 0 1 1 0 0 0 1 1 1 1 0 0 0 0 0 0 1 1 0 1 1 1 0 0 1 1 1 0 1 1 0 1 1 1 0 0 1 1 1 0 0 0 0 0 0 0 1 0 1 0 1 0 0 1 0 0 1 1 0 1 0 1 0 0 1 1 0 0 0 0 1 1 1 1 0 0 0 1 0 0 1 0 0 1 0 0 0 1 0 0 1 0 1 0 0 0 0 1 0 0 0 1 0 0 0 0 1 0 0 1 1 0 0 0 0 0 
1 0 0 0 0 1 0 1 1 1 1 1 1 0 0 1 1 1 1 1 1 0 0 0 0 0 0 1 0 0 1 0 0 1 1 0 0 1 1 0 0 1 1 1 1 0 0 1 0 0 1 0 1 1 0 0 1 1 0 1 0 0 0 1 0 0 0 1 1 0 0 0 0 0 1 0 1 0 0 0 1 1 0 1 0 0 0 0 1 0 1 0 1 1 1 0 1 1 1 1 1 0 1 1 0 0 1 0 0 1 0 1 1 1 0 0 0 0 1 0 0 0 0 0 1 1 1 0 0 0 1 0 0 1 1 1 1 0 1 1 0 0 1 1 0 0 0 0 1 1 0 0 0 0 0 0 1 0 0 
0 1 0 0 1 1 1 1 1 0 0 0 0 0 1 1 0 1 1 0 1 1 1 0 0 0 0 1 1 1 0 1 1 1 0 1 0 0 1 1 1 0 1 1 0 0 0 1 0 1 0 1 0 1 0 0 1 0 0 1 0 0 1 0 1 0 1 0 1 1 0 0 0 0 0 1 0 0 0 1 1 0 1 0 0 0 0 0 1 1 1 1 1 0 0 1 1 1 1 1 0 0 1 1 1 0 0 1 0 0 0 1 0 1 1 1 0 1 1 1 0 0 0 1 0 0 0 0 0 0 0 0 0 0 1 0 0 0 1 1 0 0 1 0 1 0 0 0 1 0 1 1 1 0 0 0 0 0 1 
1 1 0 0 0 0 1 1 0 1 0 1 1 0 1 0 0 0 1 0 0 1 1 0 0 0 0 1 1 1 1 1 1 1 0 1 0 1 0 0 0 1 1 0 1 0 0 0 0 1 0 0 0 0 0 0 0 1 0 1 0 0 1 1 1 1 1 0 1 0 1 0 0 0 0 1 1 1 1 0 1 1 1 1 1 0 0 0 0 0 0 0 0 1 1 1 1 0 0 1 1 1 1 0 1 0 1 1 0 1 1 0 1 1 0 0 0 1 0 1 0 1 1 0 1 1 0 1 0 0 0 0 1 0 0 0 1 0 0 0 0 0 0 1 0 0 0 1 0 0 1 1 0 0 0 0 1 0 1 
0 1 0 1 0 1 1 1 0 0 1 0 0 0 1 1 1 0 1 1 1 0 1 0 0 1 0 1 0 1 0 0 0 1 1 0 0 0 1 0 0 0 1 1 0 0 1 0 1 1 1 0 1 0 0 1 0 0 0 1 0 1 1 0 1 1 0 1 1 0 1 0 0 1 1 1 0 1 1 0 1 0 0 0 1 1 0 0 0 0 1 0 1 0 0 0 1 1 0 1 0 1 1 1 1 0 0 1 0 0 1 1 0 1 0 0 0 0 0 0 0 1 1 0 0 0 1 1 1 1 1 1 1 1 0 1 0 0 0 0 0 0 0 0 0 1 0 1 0 1 0 0 0 0 0 1 0 0 0 
1 1 0 1 0 0 1 1 1 1 0 0 1 1 1 0 0 1 1 0 0 0 1 0 0 1 1 1 0 1 1 0 0 1 0 0 0 1 0 0 0 0 1 0 1 0 1 1 1 1 0 0 0 1 1 1 1 0 1 1 0 1 1 1 1 0 0 0 1 0 0 0 0 1 0 1 1 0 0 0 1 1 0 0 0 1 1 1 1 0 0 0 0 1 0 0 1 0 1 1 1 0 1 0 1 1 0 1 0 0 0 0 0 1 0 0 0 0 1 0 0 0 0 0 0 0 0 0 1 1 0 1 0 0 1 0 0 1 1 1 0 1 1 0 0 1 1 0 1 0 0 0 0 0 1 1 0 1 0 
1 1 0 0 0 1 1 0 0 1 1 0 1 1 1 1 1 0 0 1 1 1 1 0 0 0 1 0 1 1 1 1 1 0 1 1 0 1 1 0 0 0 0 1 1 0 0 0 0 1 1 0 1 0 1 0 0 0 1 0 0 0 1 1 1 0 1 1 0 0 0 0 0 0 1 1 1 0 0 0 0 1 1 0 0 0 1 1 0 0 1 0 1 1 0 1 0 1 0 0 1 0 0 1 1 1 0 1 0 0 0 1 0 0 0 0 0 1 0 1 0 0 0 0 0 0 1 0 0 0 1 0 0 1 0 1 0 1 0 0 0 1 0 0 0 0 1 0 0 1 1 1 0 0 1 0 0 1 1 
1 1 1 0 0 1 1 0 1 1 0 0 1 0 1 1 0 1 0 0 1 0 1 1 1 0 0 0 0 1 1 0 0 0 0 0 1 1 1 0 0 0 0 1 1 1 0 1 0 1 0 0 0 1 0 0 1 0 0 0 1 0 1 1 1 1 0 0 0 0 1 1 1 0 0 1 1 1 1 0 0 1 0 0 1 0 0 0 1 0 1 0 1 1 0 0 0 1 1 0 1 1 0 1 1 0 0 1 1 0 1 1 0 0 0 0 1 0 1 0 1 1 1 0 0 0 0 1 0 0 0 0 1 0 1 0 0 0 1 1 1 0 1 0 0 0 0 1 1 0 0 0 0 1 0 0 0 0 0 
1 0 1 1 0 1 0 1 0 1 0 0 1 0 0 1 0 0 1 0 1 1 0 1 1 1 0 1 1 0 1 1 1 1 0 1 1 1 1 0 0 0 1 1 1 1 1 0 1 0 0 0 0 0 0 1 0 0 0 1 1 1 0 1 0 0 1 0 1 0 0 1 1 1 0 0 1 0 0 0 1 1 1 0 0 1 0 0 0 0 1 0 1 1 0 1 1 1 0 1 1 0 1 1 0 0 0 0 1 0 0 1 0 1 0 0 1 1 0 1 1 0 0 0 0 0 0 0 1 1 0 1 0 0 0 0 0 0 0 0 1 0 0 0 0 1 0 0 0 0 1 1 0 1 0 1 0 0 1 
1 0 0 0 1 1 0 1 0 1 0 0 1 1 0 1 0 0 1 0 1 0 0 0 0 0 1 1 0 0 1 0 0 1 0 0 0 1 1 1 1 0 1 1 1 0 0 0 0 0 0 1 0 0 1 0 0 0 1 1 0 0 0 1 0 1 0 0 1 1 1 0 0 0 0 0 1 1 1 1 1 1 0 0 1 0 1 1 0 1 1 1 1 1 0 0 1 1 0 1 1 1 1 1 0 1 0 0 0 0 1 1 0 1 1 1 0 0 0 0 0 1 1 1 0 0 0 1 0 0 0 0 1 0 0 0 0 1 0 0 0 1 0 0 1 0 1 1 0 0 0 0 1 0 1 0 0 1 0 
1 1 0 1 1 1 1 0 0 1 0 1 1 0 1 1 0 0 0 0 1 0 1 0 0 1 0 0 0 1 1 0 0 0 0 0 0 1 1 1 1 1 0 1 1 0 1 0 1 1 0 1 0 0 0 1 0 1 0 0 0 1 1 1 1 0 0 0 0 1 0 0 0 1 0 1 1 0 0 1 0 1 0 1 0 1 0 0 0 1 1 1 1 1 1 0 0 1 0 0 1 0 0 1 1 0 1 1 0 1 0 1 1 0 1 1 0 0 0 0 0 0 0 1 1 1 0 0 1 1 0 1 0 0 0 0 1 0 0 0 0 0 0 1 1 1 0 0 0 0 0 0 1 0 0 1 1 0 0 
1 1 0 0 1 0 1 1 0 0 1 0 0 1 0 1 0 1 0 1 0 1 0 1 0 1 0 1 0 0 0 1 0 0 1 1 1 1 0 0 1 1 1 0 1 1 0 1 0 0 0 0 0 1 0 1 0 0 0 1 0 0 1 1 1 0 1 0 1 1 1 1 0 1 1 1 0 0 0 1 0 1 1 0 1 1 1 0 0 1 0 1 1 0 0 0 1 1 0 1 1 0 0 1 1 1 0 1 1 1 1 1 1 0 1 0 0 0 1 0 1 0 1 0 1 1 1 1 0 0 0 1 0 1 0 1 0 0 0 1 1 1 1 1 0 1 1 1 1 0 1 0 0 0 1 1 1 1 1 
1 0 0 1 1 0 1 1 0 1 0 0 0 1 0 0 0 0 1 1 1 0 0 0 0 1 0 1 1 0 0 1 0 0 1 1 1 0 1 0 1 1 1 1 0 0 1 1 0 1 1 0 1 1 1 0 0 1 0 0 1 0 1 0 0 0 1 0 0 0 1 0 1 1 0 1 1 1 0 0 1 1 0 0 1 0 0 0 1 1 0 1 1 1 1 0 1 1 0 0 1 1 1 1 1 0 1 0 1 0 0 1 1 0 0 1 0 0 0 1 1 0 1 0 0 1 1 0 0 1 1 0 1 1 1 0 0 1 1 1 1 1 1 1 1 1 0 1 0 0 0 1 1 1 1 1 0 1 1 
0 0 1 0 0 0 1 0 1 0 0 1 0 0 0 1 0 1 0 1 0 0 1 0 0 1 0 1 0 1 1 1 1 1 1 1 1 0 0 0 1 1 1 1 0 1 1 0 1 0 0 1 0 1 0 0 1 1 1 1 0 0 1 1 0 0 1 1 0 0 0 0 0 1 1 1 0 1 1 1 1 1 1 0 1 0 1 1 0 1 1 1 1 1 0 0 1 1 0 0 1 0 0 1 0 0 0 1 1 0 0 0 1 1 0 0 1 1 0 1 1 1 1 1 0 0 1 1 1 0 1 1 0 0 1 0 1 1 0 1 0 1 1 1 1 0 0 1 0 1 0 0 0 1 1 1 1 1 0 
0 1 0 0 0 0 0 0 0 0 1 0 0 0 0 0 0 0 1 1 1 1 0 1 0 1 0 1 0 1 1 1 0 1 0 0 0 1 0 0 1 1 0 1 1 0 1 0 0 1 1 0 0 1 1 1 1 1 1 0 1 0 1 0 1 0 1 0 1 1 0 1 0 0 0 1 1 1 0 0 1 0 0 0 1 1 0 0 0 0 1 1 1 1 1 0 1 1 0 1 1 0 0 0 0 1 0 0 1 1 1 0 0 0 1 0 1 1 1 1 1 1 1 1 1 0 1 0 1 1 1 0 1 0 1 1 1 1 1 1 0 0 0 1 1 0 1 0 1 1 1 1 1 1 1 1 0 1 0 
1 0 1 0 1 0 0 1 1 0 0 1 0 1 0 1 0 1 1 0 1 0 1 1 0 1 0 1 0 0 0 1 1 0 0 0 0 0 0 0 0 0 0 1 1 1 1 1 1 1 1 1 0 1 1 0 0 1 0 1 1 0 0 1 1 0 0 1 0 0 1 0 0 0 1 1 1 1 1 1 1 0 1 0 1 1 1 1 0 0 0 1 1 1 1 0 0 0 0 1 0 0 0 0 1 0 0 1 1 0 1 1 0 1 1 0 0 0 0 1 0 0 0 0 1 1 1 1 0 1 1 1 1 1 1 1 0 1 1 0 1 0 0 1 1 1 1 0 1 0 1 1 1 1 0 0 1 1 1 
1 1 0 0 1 0 1 1 0 0 1 0 0 1 0 1 0 1 1 0 1 1 0 0 0 0 0 0 0 1 1 0 0 1 1 1 1 1 0 0 0 0 1 1 0 1 1 1 0 1 1 0 0 0 1 1 1 1 1 1 1 0 0 1 0 0 0 0 1 1 1 1 0 1 1 0 1 1 0 1 1 1 1 0 0 0 1 0 0 1 1 0 0 1 1 0 0 0 0 0 0 0 0 1 1 1 0 1 0 1 0 1 1 0 0 0 1 1 1 1 0 1 0 1 0 1 0 1 1 1 1 1 1 1 1 0 1 1 1 0 1 1 1 0 1 1 0 1 0 1 0 1 1 1 0 0 1 0 1 
0 0 0 0 0 1 1 0 0 0 0 0 1 0 1 1 1 1 1 1 1 0 0 1 1 0 1 0 0 0 0 0 0 0 1 1 1 0 0 1 1 1 1 1 1 1 1 0 0 1 1 0 0 0 1 0 0 1 0 1 1 1 1 1 1 1 1 0 0 0 0 0 0 1 1 0 1 1 0 1 1 1 1 1 0 1 1 0 0 1 0 0 0 1 1 1 1 1 1 1 1 0 0 1 0 0 0 1 0 0 1 0 1 0 1 0 0 0 0 1 1 0 1 0 1 0 0 1 0 1 1 1 1 0 1 1 0 1 1 1 0 1 1 0 1 0 1 1 1 0 1 1 1 1 1 1 1 0 0 
1 0 0 0 1 1 0 1 0 0 0 0 1 1 1 1 1 1 1 1 1 0 0 0 1 1 1 1 0 1 1 1 0 1 0 0 0 0 0 1 1 1 0 0 0 1 0 1 0 1 1 0 0 1 1 0 1 0 1 1 1 1 1 1 0 1 1 0 0 0 1 0 0 0 1 1 1 0 0 1 0 0 1 1 1 0 1 0 0 0 1 1 1 0 1 1 1 1 1 0 1 0 0 0 1 0 0 1 1 0 0 1 0 0 0 0 1 1 0 0 1 1 1 1 0 1 1 1 1 1 0 1 1 1 0 0 1 0 1 1 1 0 0 1 0 1 0 0 0 1 0 1 1 0 1 1 1 1 1 
0 0 0 1 0 0 1 0 0 1 0 0 0 0 0 1 0 1 1 0 1 0 0 1 0 1 0 1 1 1 1 1 0 1 1 1 1 0 1 0 0 0 1 0 1 1 0 0 0 1 1 0 1 1 1 0 1 0 1 1 1 0 0 1 1 0 0 0 0 0 0 0 1 1 1 1 1 0 0 1 0 1 1 0 1 1 1 0 1 1 1 1 1 0 1 0 0 0 0 1 0 1 1 1 0 0 1 1 1 0 1 0 1 0 1 1 1 1 0 0 0 1 0 1 1 0 1 1 1 1 0 1 1 0 0 1 1 0 1 0 0 1 1 1 0 0 1 1 1 1 1 1 1 0 0 0 1 1 0 
1 0 0 1 1 0 0 1 0 1 0 0 0 1 0 1 0 1 0 1 0 0 0 1 0 0 0 0 1 1 1 0 0 1 0 0 0 0 1 0 1 1 0 1 1 1 1 1 0 0 0 0 1 0 0 0 1 1 1 1 0 0 1 1 1 0 1 0 0 0 1 0 1 0 1 0 0 1 0 1 1 0 1 0 0 1 1 0 1 0 1 0 0 1 0 0 1 1 0 1 1 1 1 0 1 0 1 1 0 0 1 1 0 0 1 1 1 1 0 1 1 1 1 1 1 1 0 1 1 0 1 1 0 1 1 1 1 1 0 1 1 0 0 0 1 1 1 0 1 1 1 0 0 1 1 1 1 0 1 
1 0 0 0 1 1 1 1 0 0 0 0 1 1 1 0 1 0 0 0 0 0 0 1 1 1 1 1 0 1 1 1 0 1 1 1 1 0 0 1 0 0 1 1 1 0 1 1 0 0 0 0 0 1 0 0 1 1 1 0 0 1 0 0 1 1 0 0 0 0 1 0 0 1 0 1 0 1 0 0 1 1 0 1 1 1 0 0 0 1 1 1 1 1 0 1 0 0 1 1 0 0 0 1 1 0 0 0 1 0 1 1 1 0 1 0 1 1 0 1 0 1 0 1 1 1 1 0 1 0 1 0 0 1 1 1 1 1 0 0 1 1 1 1 1 1 1 1 1 1 1 0 0 1 0 0 0 1 1 
1 0 1 0 1 0 1 1 1 0 0 1 0 1 0 0 0 0 1 1 1 0 1 1 0 0 0 0 0 1 1 0 1 1 1 1 1 0 0 0 1 1 1 0 1 0 0 1 1 1 1 1 0 0 1 0 1 0 1 0 1 0 1 0 1 0 1 1 0 0 1 0 0 1 0 0 1 0 1 0 0 1 0 0 0 1 0 1 0 1 1 0 0 0 1 0 1 1 0 1 1 0 0 1 1 0 0 0 0 0 1 1 1 1 1 0 1 1 0 0 1 1 1 1 1 1 0 0 1 1 0 0 1 1 0 1 1 0 1 1 1 1 1 0 0 1 1 1 1 1 1 1 1 0 1 1 0 0 1 
0 1 0 1 0 1 0 0 0 1 1 0 1 0 1 1 1 1 0 0 0 1 0 0 1 1 1 1 1 0 0 1 0 0 0 0 0 1 1 1 0 0 0 1 0 1 1 0 0 0 0 0 1 1 0 1 0 1 0 1 0 1 0 1 0 1 0 0 1 1 0 1 1 0 1 1 0 1 0 1 1 0 1 1 1 0 1 0 1 0 0 1 1 1 0 1 0 0 1 0 0 1 1 0 0 1 1 1 1 1 0 0 0 0 0 1 0 0 1 1 0 0 0 0 0 0 1 1 0 0 1 1 0 0 1 0 0 1 0 0 0 0 0 1 1 0 0 0 0 0 0 0 0 1 0 0 1 1 0 
0 0 1 1 0 1 0 0 1 1 0 1 1 0 1 0 1 0 1 0 1 0 1 0 1 0 1 0 1 1 1 0 1 1 0 0 0 0 1 1 0 0 0 1 0 0 1 0 1 1 1 1 1 0 1 0 1 1 1 0 1 1 0 0 0 1 0 1 0 0 0 0 1 0 0 0 1 1 1 0 1 0 0 1 0 0 0 1 1 0 1 0 0 1 1 1 0 0 1 0 0 1 1 0 0 0 1 0 0 0 0 0 0 1 0 1 1 1 0 1 0 1 0 1 0 0 0 0 1 1 1 0 1 0 1 0 1 1 1 0 0 0 0 0 1 0 0 0 0 1 0 1 1 1 0 0 0 0 0 
0 1 1 0 0 1 0 0 1 0 1 1 1 0 1 1 1 1 0 0 0 1 1 1 1 0 1 0 0 1 1 0 1 1 0 0 0 1 0 1 0 0 0 0 1 1 0 0 1 0 0 1 0 0 0 1 1 0 1 1 0 1 0 1 1 1 0 1 1 1 0 1 0 0 1 0 0 0 1 1 0 0 1 1 0 1 1 1 0 0 1 0 0 0 0 1 0 0 1 1 0 0 0 0 0 1 0 1 0 1 1 0 0 1 1 0 1 1 1 0 0 1 0 1 1 0 0 1 1 0 0 1 0 0 0 1 1 0 0 0 0 0 0 0 0 0 1 0 1 1 1 0 0 0 0 0 1 0 0 
1 1 0 1 1 1 0 1 0 1 1 0 1 1 1 0 1 0 1 0 1 1 0 1 1 0 1 0 1 0 0 0 0 0 0 0 0 1 1 1 0 0 0 0 1 0 0 1 0 1 1 0 1 0 1 1 0 0 0 0 1 1 0 0 1 1 0 0 1 1 1 1 1 0 0 0 1 0 0 0 0 0 0 1 0 1 0 0 1 0 0 0 0 0 1 1 0 0 1 1 0 1 1 0 1 1 1 0 0 1 1 1 0 0 1 1 0 0 1 0 0 0 0 0 1 1 0 0 0 1 0 0 1 1 0 1 0 0 1 0 1 0 0 0 0 1 1 0 1 0 1 1 1 0 0 0 0 0 1 
1 0 1 1 1 1 1 1 1 1 0 1 1 1 1 1 1 1 0 0 0 0 1 0 1 0 1 0 1 0 0 0 1 0 1 1 1 0 1 1 0 0 1 0 0 1 0 1 1 0 0 1 1 0 0 0 0 0 0 1 0 1 0 1 0 1 0 1 0 0 1 0 1 1 1 0 0 0 1 1 0 1 1 1 0 0 1 1 1 1 0 0 0 0 0 1 0 0 1 0 0 1 1 1 1 0 1 1 0 0 0 1 1 1 0 1 0 0 0 0 0 0 0 0 0 1 0 1 0 0 0 1 0 1 0 0 0 0 0 0 1 1 1 0 0 1 0 1 0 0 0 0 0 0 0 0 1 0 1 
0 1 0 1 0 1 1 0 0 1 1 0 1 0 1 0 1 0 0 1 0 1 0 0 1 0 1 0 1 1 1 0 0 1 1 1 1 1 1 1 1 1 1 0 0 0 0 0 0 0 0 0 1 0 0 1 1 0 1 0 0 1 1 0 0 1 1 0 1 1 0 1 1 1 0 0 0 0 0 0 0 1 0 1 0 0 0 0 1 1 1 0 0 0 0 1 1 1 1 0 1 1 1 1 0 1 1 0 0 1 0 0 1 0 0 1 1 1 1 0 1 1 1 1 0 0 0 0 1 0 0 0 0 0 0 0 1 0 0 1 0 1 1 0 0 0 0 1 0 1 0 0 0 0 1 1 0 0 0 
0 0 1 1 0 1 0 0 1 1 0 1 1 0 1 0 1 0 0 1 0 0 1 1 1 1 1 1 1 0 0 1 1 0 0 0 0 0 1 1 1 1 0 0 1 0 0 0 1 0 0 1 1 1 0 0 0 0 0 0 0 1 1 0 1 1 1 1 0 0 0 0 1 0 0 1 0 0 1 0 0 0 0 1 1 1 0 1 1 0 0 1 1 0 0 1 1 1 1 1 1 1 1 0 0 0 1 0 1 0 1 0 0 1 1 1 0 0 0 0 1 0 1 0 1 0 1 0 0 0 0 0 0 0 0 1 0 0 0 1 0 0 0 1 0 0 1 0 1 0 1 0 0 0 1 1 0 1 0 
1 1 1 1 1 0 0 1 1 1 1 1 0 1 0 0 0 0 0 0 0 1 1 0 0 1 0 1 1 1 1 1 1 1 0 0 0 1 1 0 0 0 0 0 0 0 0 1 1 0 0 1 1 1 0 1 1 0 1 0 0 0 0 0 0 0 0 1 1 1 1 1 1 0 0 1 0 0 1 0 0 0 0 0 1 0 0 1 1 0 1 1 1 0 0 0 0 0 0 0 0 1 1 0 1 1 1 0 1 1 0 1 0 1 0 1 1 1 1 0 0 1 0 1 0 1 1 0 1 0 0 0 0 1 0 0 1 0 0 0 1 0 0 1 0 1 0 0 0 1 0 0 0 0 0 0 0 1 1 
0 1 1 1 0 0 1 0 1 1 1 1 0 0 0 0 0 0 0 0 0 1 1 1 0 0 0 0 1 0 0 0 1 0 1 1 1 1 1 0 0 0 1 1 1 0 1 0 1 0 0 1 1 0 0 1 0 1 0 0 0 0 0 0 1 0 0 1 1 1 0 1 1 1 0 0 0 1 1 0 1 1 0 0 0 1 0 1 1 1 0 0 0 1 0 0 0 0 0 1 0 1 1 1 0 1 1 0 0 1 1 0 1 1 1 1 0 0 1 1 0 0 0 0 1 0 0 0 0 0 1 0 0 0 1 1 0 1 0 0 0 1 1 0 1 0 1 1 1 0 1 0 0 1 0 0 0 0 0 
1 1 1 0 1 1 0 1 1 0 1 1 1 1 1 0 1 0 0 1 0 1 1 0 1 0 1 0 0 0 0 0 1 0 0 0 0 1 0 1 1 1 0 1 0 0 1 1 1 0 0 1 0 0 0 1 0 1 0 0 0 1 1 0 0 1 1 1 1 1 1 1 0 0 0 0 0 1 1 0 1 0 0 1 0 0 0 1 0 0 0 0 0 1 0 1 1 1 1 0 1 0 0 0 1 1 0 0 0 1 0 1 0 1 0 0 0 0 1 1 1 0 1 0 0 1 0 0 0 0 1 0 0 1 1 0 0 1 0 1 1 0 0 0 1 1 0 0 0 0 0 0 0 1 1 1 0 0 1 
0 1 1 0 0 1 1 0 1 0 1 1 1 0 1 0 1 0 1 0 1 1 1 0 1 1 1 1 0 0 0 1 1 0 1 1 1 1 0 1 0 0 1 0 0 0 0 0 1 1 1 1 0 1 1 1 0 0 0 0 1 1 0 0 0 1 0 1 1 1 0 1 0 1 0 1 1 0 1 0 0 1 0 1 1 0 0 1 0 1 0 1 1 0 1 1 0 0 1 0 0 0 0 1 0 1 0 0 1 1 0 0 1 1 0 0 0 0 1 0 0 0 0 0 0 0 1 0 0 1 0 0 1 0 0 0 0 0 1 0 0 1 1 1 0 0 0 1 0 0 0 1 1 0 0 0 0 1 0 
0 1 1 1 0 0 0 0 1 1 1 1 0 0 0 1 0 1 1 1 1 1 1 0 0 0 0 0 1 0 0 0 1 0 0 0 0 1 1 0 1 1 0 0 0 1 0 0 1 1 1 1 1 0 1 1 0 0 0 1 1 0 1 1 0 0 1 1 1 1 0 1 1 0 1 0 1 0 1 1 0 0 1 0 0 0 1 1 1 0 0 0 0 0 1 0 1 1 0 0 1 1 1 0 0 1 1 1 0 1 0 0 0 1 0 1 0 0 1 0 1 0 1 0 0 0 0 1 0 1 0 1 1 0 0 0 0 0 1 1 0 0 0 0 0 0 0 0 0 0 0 1 1 0 1 1 1 0 0 
0 1 1 1 0 0 0 0 0 1 0 1 1 1 1 0 1 0 1 0 0 0 1 0 1 0 0 1 1 1 1 0 0 0 0 1 1 0 1 1 1 0 0 1 1 0 1 1 1 1 1 0 1 0 0 0 1 1 0 1 0 0 0 0 0 0 0 0 1 1 1 1 0 1 0 1 0 0 0 0 0 0 1 1 0 0 1 1 1 1 1 1 0 1 0 1 1 0 0 0 1 0 1 0 0 0 0 1 1 1 1 1 0 1 0 0 0 0 1 1 1 1 1 1 1 0 1 1 0 1 1 1 1 1 0 1 1 0 1 0 1 1 1 0 1 0 1 1 1 0 0 1 0 0 1 1 1 1 1 
0 1 1 0 1 0 0 0 1 1 0 0 0 0 1 1 0 0 0 1 0 1 0 1 1 0 1 1 0 1 1 1 1 1 0 1 0 0 1 1 0 0 0 1 1 0 0 1 1 0 1 0 1 1 0 1 0 1 1 0 0 1 0 1 1 1 0 1 1 1 0 1 1 1 1 1 1 0 0 0 1 1 1 1 1 0 1 1 1 0 0 0 0 1 1 0 1 1 0 1 0 0 0 1 1 0 0 0 1 0 0 1 1 1 0 1 0 0 0 0 0 0 1 1 1 1 0 1 1 0 0 1 1 1 0 1 1 1 1 1 0 0 1 0 1 0 0 1 0 0 0 1 1 1 1 1 0 1 1 
0 1 0 0 0 1 1 1 0 1 1 0 0 0 1 0 0 0 0 0 0 0 0 0 1 0 1 1 0 1 0 0 1 1 0 1 0 1 1 1 0 1 1 0 1 1 1 1 1 1 1 1 1 0 1 1 0 1 0 0 1 0 1 0 1 0 0 0 1 0 0 1 0 0 1 0 1 1 0 1 0 0 1 0 1 1 0 1 0 1 0 0 1 1 0 1 0 0 1 0 1 1 1 1 0 0 0 0 1 0 0 1 0 1 0 1 0 1 1 0 0 1 1 1 1 1 1 1 0 0 0 1 0 1 1 0 1 0 1 1 1 0 1 1 1 1 1 1 0 1 1 1 0 1 1 1 1 1 0 
0 0 0 1 0 1 0 0 0 1 0 1 1 1 1 0 1 0 1 0 0 1 1 0 1 0 1 1 1 1 0 0 1 1 0 1 1 1 1 0 1 0 1 0 1 1 0 0 1 0 1 1 0 1 1 1 1 1 0 1 0 0 1 1 1 1 0 1 1 0 1 1 1 0 1 0 1 0 0 0 0 0 1 0 1 0 0 1 0 0 1 1 0 0 0 0 0 1 0 1 0 1 0 1 1 0 0 1 0 1 1 1 1 0 0 1 0 0 0 1 1 0 1 1 1 1 0 1 1 1 1 0 0 1 1 0 0 1 1 1 0 1 1 1 1 1 0 0 1 1 1 0 1 1 0 1 0 1 0 
0 0 1 0 0 0 1 1 0 1 1 0 1 0 0 0 0 0 0 0 0 1 1 0 1 0 1 0 1 1 1 0 1 1 0 0 0 0 0 0 0 1 0 1 0 0 1 0 1 1 1 0 0 1 0 1 0 0 0 1 1 0 0 1 1 1 0 1 1 1 1 0 1 1 1 1 1 1 0 1 0 0 1 1 1 1 1 0 1 1 1 1 1 0 0 1 1 1 1 1 1 0 1 1 1 0 0 0 0 1 0 1 1 0 0 1 0 1 1 0 1 1 1 0 1 1 1 0 1 1 1 0 1 0 0 1 0 1 0 1 1 1 1 0 1 0 1 0 1 0 0 0 1 1 0 0 1 1 1 
0 1 1 1 0 1 0 0 0 0 0 1 0 1 0 0 1 0 1 0 0 1 0 0 0 0 1 0 0 0 1 0 1 1 0 0 1 1 0 1 1 0 1 1 0 1 1 1 0 1 0 1 1 1 1 1 1 0 0 0 0 0 1 1 1 1 0 1 0 1 0 0 1 1 1 1 1 0 0 0 0 0 0 1 1 0 1 0 1 1 0 0 0 1 0 1 1 1 0 1 1 1 1 1 1 0 0 1 1 0 1 0 1 1 0 1 0 0 1 1 0 1 0 0 0 1 1 0 1 0 0 1 1 0 1 1 1 1 0 1 1 0 0 1 0 1 1 1 0 1 1 1 1 1 1 0 1 0 1 
1 1 0 0 0 0 0 0 0 0 0 0 1 0 1 0 0 1 0 0 1 1 1 0 0 1 1 1 1 0 0 0 1 1 1 1 0 0 1 1 0 0 0 0 1 0 1 1 0 1 0 0 1 1 0 1 0 1 0 1 0 0 0 1 1 1 1 1 0 0 1 1 1 0 1 0 1 0 1 0 0 0 0 0 1 0 0 1 0 1 1 1 0 1 0 1 0 1 0 1 1 0 1 1 1 1 1 0 1 1 0 0 1 1 1 1 1 0 1 0 1 1 0 1 0 1 1 1 1 1 1 1 0 1 0 0 1 1 1 1 1 1 0 0 0 0 1 1 1 0 0 1 1 1 1 1 1 0 0 
1 0 1 0 0 1 0 0 0 1 0 0 0 0 1 0 0 1 0 0 1 1 0 0 1 1 0 1 0 1 1 0 0 0 1 1 0 1 1 0 0 0 1 1 1 1 1 0 1 1 1 1 0 1 1 0 0 1 0 0 0 0 1 1 0 1 1 1 1 1 0 1 1 1 0 1 0 0 1 0 0 0 1 1 0 0 1 1 1 1 0 0 0 0 0 1 1 1 0 1 1 1 1 0 1 1 1 0 0 0 0 1 1 0 1 0 1 0 1 0 0 1 1 1 1 0 1 1 1 0 0 0 1 1 1 1 0 1 1 0 1 0 1 1 1 1 1 0 0 1 1 0 1 0 0 1 1 1 1 
0 1 0 0 1 1 0 0 1 1 0 0 1 0 0 1 0 0 0 1 0 1 1 1 1 0 0 0 1 1 0 1 0 0 0 0 0 1 0 1 0 0 1 0 0 1 1 1 1 1 1 1 1 1 1 0 0 0 1 1 0 1 1 1 0 1 0 1 1 0 1 0 1 0 0 0 0 0 0 0 1 1 1 0 0 0 0 0 0 1 1 1 0 1 1 1 0 1 0 1 1 1 1 0 1 0 0 0 1 1 0 1 1 1 0 0 0 0 1 0 1 1 1 0 1 0 1 0 1 1 1 1 0 0 1 0 1 1 0 0 1 1 1 1 1 1 1 1 1 1 1 1 1 0 1 0 1 1 0 
0 0 1 0 1 1 0 0 1 0 0 0 1 0 1 1 0 0 0 1 0 0 1 1 0 0 1 1 1 0 1 1 1 1 0 1 0 1 1 0 0 0 1 1 1 1 1 0 0 1 0 1 0 0 1 1 0 1 1 1 0 1 1 0 1 0 0 0 0 1 1 1 0 1 1 1 1 0 0 0 1 1 0 1 1 0 1 1 1 1 1 1 0 0 1 1 1 0 0 0 1 1 1 1 0 0 0 0 0 1 0 0 0 0 0 1 0 0 1 0 1 1 0 1 0 1 1 1 0 1 1 0 1 1 1 1 0 0 1 1 1 1 0 1 0 1 1 0 1 1 1 0 0 1 0 1 1 0 1 
1 1 1 0 0 1 0 0 0 1 0 0 1 0 0 0 0 1 0 0 1 0 1 0 1 1 1 0 1 1 1 0 1 1 1 0 0 1 0 1 0 0 1 1 0 1 0 1 1 0 1 1 1 0 1 1 0 0 0 1 0 0 1 0 1 0 1 0 1 1 1 0 0 1 1 1 1 0 1 0 0 0 1 1 1 0 1 0 1 0 1 1 0 1 0 0 1 0 0 0 0 1 0 1 0 1 1 0 1 1 0 1 0 1 1 1 1 0 0 0 1 0 1 0 1 1 0 0 0 1 1 1 1 0 1 1 1 0 0 1 0 1 1 1 1 1 0 1 1 1 1 1 0 1 1 0 0 1 1 
0 1 1 0 0 1 1 1 0 0 1 0 1 0 1 0 0 0 0 0 0 1 1 0 0 0 0 1 1 0 1 0 0 0 0 1 0 1 1 1 0 1 1 1 1 1 0 1 0 0 0 1 1 1 1 0 0 1 0 1 1 0 1 1 0 1 0 1 0 1 1 1 1 1 0 1 0 1 0 1 0 0 0 1 0 1 1 1 1 0 1 1 1 1 0 0 1 1 1 1 0 1 0 0 1 0 0 0 1 1 0 0 1 1 0 0 0 1 0 0 1 0 0 1 0 0 0 1 1 1 1 1 1 1 1 1 1 1 1 0 0 1 0 1 0 1 0 1 1 1 1 1 1 0 1 1 0 0 1 
1 0 0 1 1 0 0 0 1 1 0 1 0 1 0 1 1 1 1 1 1 0 0 1 1 1 1 0 0 1 0 1 1 1 1 0 1 0 0 0 1 0 0 0 0 0 1 0 1 1 1 0 0 0 0 1 1 0 1 0 0 1 0 0 1 0 1 0 1 0 0 0 0 0 1 0 1 0 1 0 1 1 1 0 1 0 0 0 0 1 0 0 0 0 1 1 0 0 0 0 1 0 1 1 0 1 1 1 0 0 1 1 0 0 1 1 1 0 1 1 0 1 1 0 1 1 1 0 0 0 0 0 0 0 0 0 0 0 0 1 1 0 1 0 1 0 1 0 0 0 0 0 0 1 0 0 1 1 0 
1 0 0 0 1 1 1 1 1 0 1 0 0 0 0 1 0 1 0 1 1 1 0 1 0 1 1 0 0 0 0 1 1 1 1 0 0 1 0 0 0 1 1 0 0 1 0 0 0 0 0 1 0 1 1 1 0 0 1 0 1 1 1 1 1 1 1 1 0 0 0 0 1 0 1 0 1 1 1 1 1 1 0 0 1 1 0 0 0 0 0 0 1 0 1 0 0 1 1 1 0 1 0 1 1 1 1 0 0 0 0 0 1 0 1 1 1 1 0 0 0 0 0 0 0 1 0 0 1 0 0 0 0 0 1 0 0 1 0 1 0 0 0 1 0 1 0 0 0 1 1 0 1 1 0 0 0 0 0 
1 0 0 1 0 1 1 1 0 0 1 1 1 1 0 0 1 1 1 0 1 0 1 0 0 1 0 0 1 0 0 0 0 0 1 0 1 1 0 0 1 1 1 0 0 1 1 0 0 1 0 1 0 0 1 0 1 0 0 1 1 0 1 0 0 0 1 0 0 0 1 0 0 0 0 0 0 1 1 1 0 0 0 0 0 1 0 0 0 1 1 1 1 0 0 1 0 0 1 0 1 1 1 0 0 1 1 1 0 1 1 0 0 0 1 0 1 1 1 1 1 1 0 0 0 0 1 0 0 1 1 0 0 0 1 0 0 0 0 0 1 1 0 1 0 1 1 0 1 1 1 0 0 0 0 0 1 0 0 
1 0 1 1 1 0 0 0 1 0 0 1 1 1 0 1 1 1 1 1 1 1 1 1 0 1 0 0 1 0 1 1 0 0 1 0 1 0 0 0 1 0 0 1 0 0 0 0 0 0 0 0 0 1 0 0 1 0 1 1 0 1 0 1 0 1 1 1 0 1 1 0 1 1 0 1 0 0 1 0 1 1 0 1 0 0 1 0 1 0 1 1 0 0 1 0 1 1 0 1 0 0 0 0 1 1 1 1 0 1 1 0 1 0 1 0 1 0 0 1 1 0 0 0 0 0 0 0 1 1 1 0 1 0 0 1 0 1 0 0 0 1 0 0 0 0 0 0 1 0 0 0 1 0 0 0 0 0 1 
1 1 1 0 1 0 1 1 1 0 1 0 0 0 0 1 0 1 0 1 1 0 0 1 0 1 0 0 0 0 1 1 0 0 1 0 0 0 0 1 0 1 0 1 0 0 1 1 0 1 0 0 1 0 0 0 0 0 1 0 1 1 0 0 0 0 1 0 0 1 0 0 0 1 0 1 0 1 1 1 1 1 0 1 0 1 1 0 1 1 0 0 1 1 1 1 1 0 1 0 1 0 1 0 0 1 1 0 1 0 0 0 0 1 1 0 1 1 1 0 0 1 0 0 0 0 1 0 0 0 0 1 1 0 0 1 1 0 0 0 1 0 0 0 0 0 1 1 0 0 0 1 0 0 1 0 1 0 1 
1 1 0 1 1 1 0 0 1 0 0 1 0 1 1 1 1 1 1 1 1 0 0 1 0 1 0 1 0 0 0 1 0 0 1 1 1 1 1 1 1 0 1 0 1 1 0 1 0 0 0 1 1 0 1 0 1 1 1 0 0 1 1 0 0 0 1 0 0 0 0 1 0 0 0 0 0 0 1 0 1 1 0 0 0 0 0 1 0 0 0 0 0 1 1 0 0 0 0 0 0 1 0 0 0 1 1 1 1 0 1 0 0 1 1 0 1 0 0 1 0 0 0 1 0 0 0 1 0 0 0 1 0 1 1 0 1 0 1 0 0 0 0 1 0 1 0 1 0 1 1 1 0 0 1 1 0 0 0 
1 0 0 0 1 0 1 1 1 1 1 0 1 0 1 1 0 1 0 1 1 0 1 1 1 1 0 1 1 1 0 1 0 0 1 1 0 0 1 0 0 1 0 0 1 0 0 0 1 0 1 0 0 0 0 0 0 1 1 1 1 1 0 0 0 0 1 0 1 0 1 1 0 0 0 0 0 1 1 1 1 1 1 0 0 1 0 1 0 0 1 1 1 0 1 0 0 0 1 0 0 0 0 0 0 1 1 0 0 1 0 1 0 0 1 0 1 1 0 0 1 0 1 1 1 0 0 1 0 1 1 0 0 1 0 0 0 0 1 0 0 1 1 0 1 0 0 0 1 0 0 0 0 0 0 1 0 1 0 
0 0 1 1 1 1 1 1 1 1 1 1 0 1 0 1 1 0 1 1 0 0 0 1 1 0 0 0 0 1 1 1 0 0 0 0 1 1 0 0 1 1 1 1 0 1 0 0 1 0 1 1 0 0 1 0 1 0 1 0 1 1 1 0 0 0 0 0 1 1 0 0 0 1 0 1 0 1 0 1 1 1 1 1 0 1 1 0 1 0 0 0 1 0 1 0 1 0 1 0 0 1 0 0 0 0 0 1 0 0 1 1 0 0 0 0 0 1 0 1 0 0 1 0 1 0 0 0 0 0 0 0 1 0 1 1 0 0 0 0 0 0 1 1 1 1 0 0 0 1 1 0 0 0 0 0 0 1 1 
0 1 0 1 1 0 1 1 1 0 1 1 1 1 0 1 1 0 1 1 0 0 1 1 0 0 1 0 1 0 0 1 1 1 0 0 1 0 0 1 1 1 0 0 0 0 0 1 0 0 0 0 1 0 0 1 1 0 1 1 1 1 0 0 1 0 0 0 0 0 1 0 0 0 1 0 1 1 0 1 1 1 0 0 1 1 0 0 0 0 1 1 1 1 1 0 0 0 1 0 0 0 0 1 0 0 0 1 1 1 1 0 0 1 0 1 0 1 0 1 1 0 0 0 0 1 0 0 0 1 1 1 0 0 0 0 1 0 0 1 0 1 0 0 0 0 0 1 1 0 0 1 0 1 1 0 0 0 0 
1 0 1 1 0 0 1 1 0 0 1 1 0 1 1 0 1 1 1 0 1 0 0 0 0 1 1 1 0 0 1 0 1 1 1 1 1 0 1 0 1 1 0 1 1 0 0 0 0 0 0 0 0 0 0 1 1 1 0 0 1 0 0 0 1 0 1 0 0 1 0 1 0 1 1 1 1 1 1 1 0 0 0 1 1 1 1 1 1 0 0 0 1 0 0 0 1 0 1 0 0 0 0 1 0 1 1 1 0 0 1 0 0 0 1 1 1 1 0 1 0 0 0 1 0 1 0 1 0 0 0 0 1 1 0 1 0 0 1 1 0 0 0 0 0 0 0 0 0 0 0 0 0 1 0 1 0 0 1 
1 1 0 1 0 0 1 1 0 1 1 1 0 1 0 0 1 1 1 0 1 1 0 0 1 1 0 0 0 1 0 0 0 0 1 0 1 0 0 1 1 1 0 0 0 0 0 1 1 0 1 0 1 1 0 0 1 0 0 0 1 0 0 1 0 1 1 1 1 0 0 0 1 0 0 0 0 1 1 1 0 0 1 0 0 1 0 0 0 0 0 0 1 1 0 0 0 1 1 1 0 0 0 0 1 1 1 1 1 0 1 1 1 1 1 0 1 1 0 1 0 0 1 0 1 0 0 0 1 0 0 1 0 0 0 0 1 1 0 0 0 0 1 0 1 0 0 1 0 0 0 1 1 0 1 0 0 1 0 
0 0 0 1 1 0 1 1 1 0 1 1 0 1 1 1 1 0 1 1 0 1 0 1 0 0 0 1 0 0 0 1 0 0 0 1 1 0 1 0 1 1 0 0 1 0 1 0 0 1 0 0 0 1 0 0 1 1 1 0 1 1 0 1 0 1 0 1 0 0 0 1 1 0 0 0 0 1 0 1 1 1 0 0 0 1 0 1 0 1 0 0 1 0 1 1 0 1 1 1 1 0 1 0 1 0 0 1 0 0 1 0 1 0 0 0 0 1 1 1 0 1 0 1 0 0 1 1 1 0 0 0 0 1 0 0 0 1 1 0 1 0 0 0 0 0 1 0 0 0 0 0 1 0 0 1 1 0 0 
1 0 0 1 1 0 0 0 1 1 1 0 0 0 1 0 1 1 1 1 1 0 1 1 1 0 0 1 0 1 1 0 1 1 0 1 0 1 0 0 0 1 1 1 0 1 0 1 1 0 1 1 0 0 1 1 0 1 1 1 0 1 0 0 0 1 0 0 0 1 0 0 1 1 1 1 1 1 1 1 0 0 0 0 0 0 0 1 0 1 1 1 1 1 0 1 0 1 1 1 1 1 1 0 1 0 1 1 1 1 1 0 1 0 0 0 1 0 0 1 0 0 0 0 0 1 1 0 1 0 0 0 0 0 0 1 0 0 1 1 1 1 0 0 1 0 0 1 1 0 1 1 0 0 1 1 1 1 1 
0 1 0 1 0 1 0 1 1 1 0 0 1 1 1 0 1 1 1 0 1 0 1 1 1 1 1 1 1 0 1 0 1 0 1 1 1 0 0 0 1 1 0 0 1 1 0 1 0 0 0 1 0 0 1 1 0 0 1 1 0 0 1 1 0 0 1 1 0 1 0 1 0 0 1 0 1 1 0 0 1 0 0 0 1 1 1 0 1 1 1 0 1 0 1 0 0 0 1 1 1 1 0 0 1 0 1 0 0 1 0 1 1 1 0 0 0 1 1 1 0 1 0 1 1 0 1 0 1 0 1 1 1 0 0 1 0 0 0 0 1 0 1 1 1 0 0 1 0 0 0 0 1 1 1 1 0 1 1 
1 1 0 1 0 1 0 1 1 0 1 1 0 0 0 0 1 0 0 0 1 0 1 0 1 1 0 1 1 1 1 1 1 0 0 1 0 0 1 1 1 1 1 1 1 1 1 1 0 1 0 0 1 1 1 0 1 0 1 1 1 1 0 0 1 0 0 1 1 1 1 0 1 0 1 0 1 0 0 0 0 1 1 1 0 0 1 1 0 1 0 1 1 0 1 0 1 0 1 1 1 1 0 1 1 1 1 0 0 1 1 0 0 0 1 0 0 0 0 1 1 1 0 0 0 0 0 1 1 0 0 0 0 0 0 1 0 1 0 1 1 0 1 0 1 1 0 1 0 1 0 1 0 1 0 1 1 1 0 
0 1 0 0 1 1 0 1 1 0 0 1 1 1 0 0 1 0 0 1 0 0 1 0 1 1 0 0 1 0 1 0 0 1 1 1 0 1 1 1 1 1 0 0 1 0 1 1 1 0 1 0 0 1 1 0 0 1 0 1 1 0 1 0 1 1 0 1 0 1 1 1 0 1 1 1 1 0 1 1 1 1 1 0 1 0 1 0 1 1 0 0 1 1 1 1 1 1 0 1 0 1 1 0 0 1 1 1 1 0 0 0 0 0 0 0 1 1 0 1 0 1 0 0 1 1 0 0 1 0 0 1 0 0 0 0 0 0 1 0 1 1 1 0 0 0 0 0 1 1 1 0 1 1 0 1 0 1 0 
1 1 0 0 1 1 0 1 1 1 1 0 1 1 1 0 1 1 1 0 0 0 0 1 0 1 0 0 1 1 0 1 0 1 1 1 0 1 0 0 1 1 1 1 1 0 0 0 0 1 1 1 1 0 0 1 1 1 0 1 0 1 1 0 0 0 0 1 1 1 0 1 1 1 0 0 1 1 1 0 1 0 0 1 1 0 1 1 1 0 1 1 0 0 1 1 0 1 0 0 0 1 0 1 0 0 0 1 1 0 1 0 1 0 1 0 0 1 0 0 1 1 0 0 1 0 1 1 1 0 0 1 0 0 0 0 0 1 0 1 1 0 1 0 0 1 0 0 1 0 0 1 1 1 1 0 1 1 1 
1 1 0 1 0 1 0 1 0 1 1 1 1 1 1 0 0 1 1 1 1 0 0 1 0 1 0 1 1 1 0 0 1 0 1 0 0 0 1 1 1 0 1 1 1 1 1 0 1 0 0 1 0 1 0 1 0 0 1 0 1 1 1 0 1 1 0 1 0 0 1 1 1 0 0 1 0 1 0 1 1 1 1 0 1 0 1 1 1 0 1 1 0 1 1 0 1 0 1 0 1 0 1 0 1 1 0 0 0 1 1 0 1 0 0 0 1 1 0 0 0 1 0 0 1 1 1 0 0 0 0 1 0 0 0 1 0 0 1 1 0 1 1 0 1 0 0 1 0 1 1 1 1 1 1 0 1 0 1 
1 1 1 1 1 1 1 1 0 0 1 0 1 1 0 1 0 0 0 0 1 1 1 0 1 1 0 1 1 1 1 0 1 1 1 0 0 1 0 0 1 0 1 1 1 1 0 1 0 0 1 0 0 0 1 0 0 1 1 0 0 1 1 0 0 0 0 1 0 0 0 1 1 1 1 0 0 0 1 0 1 0 0 0 1 0 1 1 1 1 0 1 1 0 1 1 0 1 1 1 1 0 0 0 1 0 1 1 1 1 1 0 0 0 0 1 0 1 0 1 0 1 1 0 1 0 0 0 0 1 0 1 0 1 1 1 1 0 0 1 0 0 1 0 1 0 1 1 1 0 0 1 1 1 0 1 1 0 0 
1 0 1 0 0 0 1 0 1 1 1 1 1 1 1 1 1 1 1 0 0 1 1 1 1 0 0 0 0 1 1 0 0 0 1 1 0 0 1 1 0 1 1 1 0 0 1 1 0 0 0 1 0 1 1 1 0 0 0 1 1 1 1 0 1 0 0 0 0 1 1 1 1 0 1 0 1 1 0 0 1 1 1 0 1 0 0 1 1 1 1 1 1 0 0 0 1 0 0 1 0 1 0 0 0 1 1 0 0 0 1 0 1 0 0 1 0 1 0 1 0 0 1 0 1 0 1 0 1 1 0 1 0 1 1 0 1 0 0 1 1 0 0 0 0 0 1 0 0 1 0 1 1 0 1 1 1 1 1 
1 0 0 1 1 0 0 0 1 0 1 1 1 1 0 0 1 0 0 0 1 0 0 0 0 0 1 1 0 1 0 0 1 1 1 1 1 1 1 1 0 1 1 1 0 1 1 0 0 0 1 0 0 1 0 0 0 1 1 1 1 1 1 1 1 0 1 0 0 1 1 1 1 1 0 0 1 0 1 0 1 1 1 0 1 1 0 1 1 0 0 1 0 0 0 1 1 1 1 0 1 1 0 0 1 1 0 1 1 1 1 1 0 1 0 0 0 1 1 0 0 0 0 1 1 0 0 0 1 0 1 1 1 0 0 1 0 0 0 1 1 0 0 1 1 0 0 1 1 1 0 1 1 0 0 0 1 1 0 
1 1 0 0 1 1 0 1 0 1 1 1 0 0 1 0 0 1 1 0 0 0 1 1 1 1 1 0 1 1 1 0 0 1 0 0 1 1 1 1 1 0 1 1 1 0 1 1 0 0 1 1 0 1 1 1 0 1 0 0 1 1 0 1 1 0 1 1 0 0 1 0 1 1 1 0 0 1 1 0 0 1 1 0 0 1 1 1 0 1 1 1 1 0 1 1 1 1 0 1 0 0 0 0 0 1 1 1 1 0 1 1 1 1 0 0 0 0 1 1 0 1 0 1 0 0 1 0 0 0 1 0 1 0 0 0 0 0 0 1 0 0 1 1 0 0 0 0 1 1 0 1 0 1 1 1 1 0 1 
0 1 1 1 1 1 1 1 1 1 0 1 0 0 1 1 1 1 1 0 1 1 0 1 0 1 0 1 1 0 0 0 1 1 0 1 0 1 1 1 1 1 0 0 1 1 1 0 0 0 1 1 0 1 0 1 0 1 1 1 1 0 0 0 1 0 0 1 0 1 1 0 0 1 0 0 1 1 1 0 0 1 1 0 0 0 1 0 0 0 1 0 0 0 1 1 1 1 1 0 1 1 0 0 1 1 0 1 1 1 0 0 1 0 0 1 0 0 0 0 0 1 1 0 0 0 1 0 1 1 0 0 0 1 1 1 1 0 0 0 1 0 1 0 1 0 1 1 1 1 0 0 0 1 1 0 0 1 1 
0 0 0 1 1 0 0 0 0 1 0 1 1 1 1 0 0 1 1 0 1 0 1 1 1 0 0 1 0 0 1 1 1 1 1 0 0 1 1 1 0 0 0 0 0 1 1 1 0 1 1 1 1 1 1 1 1 1 1 0 1 0 1 0 1 0 0 0 1 0 1 1 0 1 1 0 0 1 1 0 1 1 1 1 1 0 0 0 1 1 1 0 1 0 0 1 1 1 1 1 1 0 0 1 1 1 1 1 1 1 0 0 1 0 1 0 0 1 0 1 1 0 0 0 1 0 1 1 0 0 0 1 0 0 0 1 0 1 0 0 0 0 0 0 1 1 0 1 1 1 0 0 1 0 1 1 0 0 1 
1 1 1 0 0 1 1 1 1 0 1 0 0 0 0 1 1 0 0 1 0 1 0 0 0 1 1 0 1 1 0 0 0 0 0 1 1 0 0 0 1 1 1 1 1 0 0 0 1 0 0 0 0 0 0 0 0 0 0 1 0 1 0 1 0 1 1 1 0 1 0 0 1 0 0 1 1 0 0 1 0 0 0 0 0 1 1 1 0 0 0 1 0 1 1 0 0 0 0 0 0 1 1 0 0 0 0 0 0 0 1 1 0 1 0 1 1 0 1 0 0 1 1 1 0 1 0 0 1 1 1 0 1 1 1 0 1 0 1 1 1 1 1 1 0 0 1 0 0 0 1 1 0 1 0 0 1 1 0 
0 1 1 0 0 1 1 1 0 0 0 1 1 1 0 1 0 0 0 0 0 1 0 0 0 1 1 0 1 0 0 1 0 0 1 0 1 0 1 1 1 0 0 0 1 0 1 0 0 1 0 0 1 1 0 0 1 0 0 0 1 0 1 1 1 0 1 1 1 0 1 1 0 0 0 0 0 0 0 0 1 1 1 1 1 1 1 0 1 0 0 0 0 0 1 0 1 0 0 0 0 0 0 1 0 1 0 0 0 0 0 1 0 1 1 1 0 1 1 0 1 1 1 1 1 0 0 1 0 1 1 1 1 1 1 0 1 1 0 0 0 0 1 1 0 1 1 0 0 1 0 0 1 1 0 0 0 0 0 
1 0 1 0 1 0 1 0 0 0 1 1 0 0 0 1 0 0 0 1 0 1 0 0 0 0 0 0 0 1 0 1 0 1 0 0 0 1 1 1 0 0 1 1 0 0 1 0 1 1 1 0 1 1 0 0 1 1 0 0 1 1 0 0 1 1 0 0 1 0 1 0 1 1 0 1 0 0 1 1 0 1 1 1 0 0 0 1 0 0 0 1 0 1 0 1 1 1 0 0 0 0 1 1 0 1 0 1 1 0 1 0 0 0 1 1 1 0 0 0 1 0 1 0 0 1 0 1 0 1 0 0 0 1 1 0 1 1 1 1 0 1 0 0 0 1 1 0 1 1 1 1 0 0 0 0 1 0 0 
0 0 1 0 1 0 1 0 0 1 0 0 1 1 1 1 0 1 1 1 0 1 0 1 0 0 1 0 0 0 0 0 0 1 1 0 1 1 0 0 0 0 0 0 0 0 0 0 1 0 1 1 0 0 0 1 0 1 0 0 0 0 1 1 0 1 1 0 0 0 0 1 0 1 0 1 0 1 1 1 1 0 0 0 1 1 0 0 1 0 1 0 0 1 0 1 0 1 0 0 0 0 1 0 0 0 0 1 1 0 0 1 1 1 0 1 1 1 1 0 0 0 1 1 1 1 1 0 0 1 1 1 1 1 1 0 1 0 1 0 0 1 0 1 0 0 1 0 1 0 1 0 1 0 1 0 0 0 1 
1 0 1 1 0 0 1 0 0 1 1 0 0 0 1 1 0 1 1 0 1 1 0 1 0 0 1 1 0 1 0 1 1 0 0 0 1 0 0 0 0 0 1 1 0 1 0 0 0 1 0 1 1 0 0 1 1 0 1 0 0 1 0 1 0 0 1 0 1 0 0 0 1 0 0 0 0 1 0 0 0 0 0 1 0 1 0 1 0 0 1 1 0 0 0 0 0 0 1 0 1 0 0 1 1 0 0 0 0 1 1 1 1 1 1 1 0 0 1 0 1 0 1 1 0 0 1 1 0 1 1 0 1 1 1 1 1 1 0 1 0 0 0 1 1 1 1 1 0 0 0 1 0 0 1 0 1 0 1 
0 0 1 1 0 0 1 0 0 0 0 1 0 0 0 1 0 0 0 1 1 1 1 0 1 0 1 1 0 0 1 0 1 0 0 0 1 0 1 1 0 0 0 0 0 1 1 1 1 0 0 0 0 1 1 0 0 0 1 0 1 0 0 1 1 1 1 0 0 0 1 0 0 0 1 1 0 0 0 1 0 1 1 0 0 1 0 0 0 1 0 0 1 1 0 0 1 0 1 1 1 0 1 0 1 1 1 0 0 1 0 1 0 1 0 1 1 0 1 1 0 0 1 1 0 1 0 0 0 1 1 0 1 1 1 1 1 0 1 0 0 1 0 1 1 0 1 1 0 1 1 0 0 0 0 1 0 0 0 
0 0 1 0 1 0 1 0 1 0 0 0 0 0 0 1 1 0 0 0 0 1 1 0 1 0 1 0 0 0 1 1 0 1 0 1 1 1 0 0 0 1 0 0 0 0 0 1 0 1 1 0 1 0 1 0 1 1 0 1 0 0 0 1 0 0 1 0 1 1 0 0 0 1 1 0 1 0 1 0 0 0 0 1 0 1 0 0 0 1 0 0 1 0 0 1 0 1 0 1 0 1 0 1 0 0 1 1 1 0 0 1 0 1 1 1 0 0 1 1 1 0 1 1 0 0 0 1 1 1 1 0 1 1 1 0 1 1 0 0 1 0 0 1 0 1 1 0 1 0 0 0 0 0 0 1 0 1 0 
0 0 0 0 0 0 0 0 1 1 0 1 0 0 1 0 1 1 1 1 0 0 0 1 0 0 1 0 0 0 0 1 0 0 0 1 1 0 1 1 0 1 0 0 0 0 1 0 1 1 0 1 1 1 0 1 1 0 0 1 1 0 0 1 1 1 1 0 1 1 1 0 0 0 0 1 1 1 0 1 0 1 1 1 0 1 0 0 0 0 1 0 0 1 0 0 1 0 0 0 0 1 1 1 0 1 0 0 0 0 0 1 1 1 1 0 1 0 1 0 1 0 0 1 0 1 1 1 1 0 1 0 1 0 0 0 0 1 1 0 1 1 0 1 0 1 0 0 0 1 1 0 0 0 1 0 0 1 1 
0 1 0 1 1 1 0 1 0 0 0 0 0 0 0 0 0 0 0 1 1 0 0 0 0 1 1 1 1 0 0 1 1 1 0 0 1 1 0 0 1 0 0 0 1 1 0 0 1 1 1 0 1 0 0 0 1 1 1 0 0 0 0 1 0 1 1 1 1 0 0 0 0 1 0 1 0 0 1 1 0 0 0 1 0 1 1 0 0 0 0 0 0 1 1 1 0 1 1 0 1 0 1 1 1 0 0 1 1 1 0 1 0 1 1 0 1 0 1 0 1 1 0 1 0 1 0 1 0 0 1 0 1 0 0 1 0 1 1 0 0 1 1 1 1 1 0 1 1 0 1 0 0 1 0 0 0 0 0 
0 1 1 0 0 1 1 1 0 1 0 0 0 0 1 1 0 1 1 1 0 1 1 1 1 1 0 0 1 0 1 1 0 0 0 0 0 0 0 0 1 0 0 0 1 0 0 1 1 1 0 1 1 0 1 1 1 0 0 0 0 0 0 0 0 1 0 1 1 0 0 0 0 0 1 1 0 1 0 1 0 0 0 1 0 0 1 0 0 1 1 0 1 1 1 0 0 0 0 1 0 0 1 1 0 0 1 0 0 0 0 0 1 0 1 1 1 0 0 1 1 1 1 0 0 1 1 1 0 1 0 0 0 1 1 0 1 1 1 0 0 1 1 0 0 1 1 0 0 0 1 0 0 1 1 1 0 0 1 
0 0 1 1 0 0 1 0 1 0 0 0 1 1 0 1 1 0 0 1 1 1 0 0 0 0 0 1 0 0 0 1 1 0 1 1 0 0 0 0 0 1 0 0 0 1 0 0 1 1 0 0 1 0 0 0 1 0 1 1 0 0 1 0 0 1 0 0 1 1 0 1 0 0 0 1 1 0 0 1 1 0 0 1 1 0 0 0 1 0 0 0 0 1 0 0 0 0 1 0 1 1 1 1 1 0 0 0 0 1 0 0 0 0 1 1 1 1 0 0 1 0 1 0 1 1 0 1 1 1 0 1 0 1 1 1 1 1 1 0 1 1 0 0 1 1 1 1 0 0 1 0 1 0 0 0 0 1 0 
1 0 0 0 0 0 0 0 0 0 1 0 1 1 0 0 0 0 0 1 0 0 1 0 1 0 1 0 0 1 1 1 0 0 1 0 1 0 0 0 0 0 1 1 0 0 0 1 1 1 0 0 1 0 1 0 1 0 0 0 0 1 1 1 0 1 1 0 1 0 0 1 1 0 1 1 0 0 0 1 1 0 0 1 1 1 0 1 1 1 0 1 1 1 0 0 0 0 0 1 0 0 1 1 0 0 1 0 0 0 1 1 0 1 1 0 1 1 1 1 1 0 0 1 1 1 0 1 0 0 1 1 1 0 0 0 0 1 1 1 0 1 0 1 0 1 0 0 0 0 1 1 1 0 0 1 1 0 0 
1 1 1 1 1 1 1 1 1 1 1 1 1 1 1 1 1 1 1 1 1 1 1 1 1 1 1 1 1 1 1 1 1 1 1 1 1 1 1 1 1 1 1 1 1 1 1 1 1 1 1 1 1 1 1 1 1 1 1 1 1 1 1 1 1 1 1 1 1 1 1 1 1 1 1 1 1 1 1 1 1 1 1 1 1 1 1 1 1 1 1 1 1 1 1 1 1 1 1 1 1 1 1 1 1 1 1 1 1 1 1 1 1 1 1 1 1 1 1 1 1 1 1 1 1 1 1 1 1 1 1 1 1 1 1 1 1 1 1 1 1 1 1 1 1 1 1 1 1 1 1 1 1 1 1 1 1 1 1 
0 0 0 0 0 0 0 0 0 0 0 0 0 0 0 0 0 0 0 0 0 0 0 0 0 0 0 0 0 0 0 0 0 0 0 0 0 0 0 0 0 0 0 0 0 0 0 0 0 0 0 0 0 0 0 0 0 0 0 0 0 0 0 0 0 0 0 0 0 0 0 0 0 0 0 0 0 0 0 0 0 0 0 0 0 0 0 0 0 0 0 0 0 0 0 0 0 0 0 0 0 0 0 0 0 0 0 0 0 0 0 0 0 0 0 0 0 0 0 0 0 0 0 0 0 0 0 0 0 0 0 0 0 0 0 0 0 0 0 0 0 0 0 0 0 0 0 0 0 0 0 0 0 0 0 0 0 0 0 
1 1 1 0 0 0 0 0 1 0 0 0 0 0 0 1 1 0 1 1 0 0 0 0 1 1 0 0 0 0 1 0 1 0 0 1 1 1 1 0 1 0 0 0 1 1 0 0 0 0 0 0 1 0 0 1 1 1 1 1 1 0 1 0 0 1 1 1 1 0 1 0 1 0 1 1 1 1 0 1 1 0 1 0 1 0 1 0 1 1 1 1 1 0 0 1 0 0 0 0 0 0 1 1 1 1 1 0 1 1 0 0 1 1 0 1 0 0 0 0 0 0 1 1 1 0 1 1 0 0 0 0 0 1 0 1 0 0 1 1 1 0 1 0 1 0 1 1 1 1 1 0 0 1 0 1 1 0 0 
0 1 0 1 1 1 0 1 0 1 0 1 1 1 0 1 0 0 0 1 1 1 1 1 1 1 0 1 0 0 0 1 0 0 1 0 0 0 0 1 0 0 1 1 0 1 0 1 0 1 0 1 0 1 0 1 1 0 0 0 0 0 0 1 0 0 0 1 1 1 0 1 1 0 0 0 1 1 0 0 0 0 1 1 1 1 1 1 0 1 1 1 1 0 1 1 1 1 1 0 0 0 0 1 0 0 0 1 0 0 1 0 1 0 0 1 1 1 1 0 1 1 1 1 1 1 0 0 0 0 1 1 0 0 0 0 1 1 1 0 0 1 0 1 0 1 0 1 1 1 1 0 0 1 1 0 0 1 1 
0 0 0 1 0 0 1 1 1 1 0 0 1 0 1 1 0 1 1 0 1 1 0 0 1 0 0 0 0 0 1 1 1 0 1 1 0 1 1 0 1 1 0 1 0 0 0 1 0 0 0 1 1 1 1 0 0 1 1 0 1 1 1 0 1 1 0 0 0 1 0 1 0 1 0 1 1 0 1 1 0 1 0 1 0 1 1 1 1 0 0 0 0 0 0 0 0 1 1 1 1 0 1 1 1 1 1 1 0 1 1 1 1 0 0 0 1 1 1 0 0 0 0 0 0 1 0 1 1 1 1 0 0 1 0 0 1 1 1 1 0 1 1 1 1 1 1 1 0 1 1 0 0 1 0 1 0 0 0 
0 1 1 0 1 1 0 0 0 1 1 1 0 0 1 0 1 1 0 0 1 0 0 1 0 1 1 0 1 1 1 0 1 0 0 1 1 0 1 0 0 1 0 0 1 0 1 0 0 1 1 0 0 1 0 0 0 0 0 1 0 1 0 1 0 1 0 0 1 0 1 1 0 0 1 0 1 0 1 0 1 1 1 0 1 0 0 0 0 0 1 0 1 1 0 0 1 0 0 1 1 0 0 0 1 0 1 1 1 0 0 0 0 1 0 1 0 1 0 1 0 1 1 0 1 0 1 1 1 1 1 1 0 0 0 1 0 0 0 0 0 0 1 1 0 1 1 0 1 0 0 1 1 0 1 0 0 0 1 
1 0 1 0 0 1 1 0 1 0 1 0 1 1 1 0 1 1 1 0 0 0 1 0 0 0 1 0 1 1 0 0 0 1 1 0 0 1 0 1 1 0 1 0 1 1 0 1 1 1 1 1 0 0 1 1 0 0 1 0 1 0 0 1 1 1 1 0 1 0 0 1 1 1 1 1 0 1 1 1 0 1 0 1 0 0 0 0 0 0 0 0 1 1 1 0 1 0 1 0 0 1 1 0 0 0 0 0 1 1 0 1 0 1 1 0 1 0 0 1 0 1 1 0 1 1 1 1 1 0 1 0 1 1 1 0 1 0 1 0 1 0 0 0 0 1 0 0 0 1 0 0 1 1 1 0 0 0 1 
0 1 1 1 0 0 0 1 0 1 0 0 1 0 1 1 0 0 0 1 0 1 1 0 1 1 1 1 0 0 0 1 0 1 0 0 0 0 1 1 0 1 1 0 0 0 1 0 1 1 1 0 0 0 1 0 0 1 0 0 1 1 0 0 1 0 1 1 0 1 0 0 0 1 0 0 1 0 1 0 1 0 1 0 0 0 0 1 1 0 0 0 0 1 0 0 1 1 1 1 1 1 0 1 0 0 0 1 0 0 0 1 0 0 1 0 1 0 1 0 0 1 1 1 1 0 1 1 1 1 0 0 1 1 1 1 0 1 1 0 1 0 1 1 1 1 1 0 0 1 1 0 1 0 0 1 1 1 1 
