111 121 2^121 4
0 1 0 0 1 0 0 0 1 1 1 1 1 0 0 0 1 0 1 0 0 1 0 1 0 1 0 0 0 0 1 1 0 1 1 1 0 1 1 0 0 0 1 0 1 0 0 1 1 0 0 0 1 0 1 1 0 1 0 0 0 0 0 0 0 1 0 1 0 1 0 0 0 0 0 0 0 0 1 1 0 1 1 1 1 1 0 0 0 0 1 0 0 1 1 0 1 0 1 0 0 0 1 0 0 1 0 1 0 0 1 0 0 0 0 1 1 0 0 1 0
0 0 0 1 0 0 0 0 1 0 1 1 0 0 0 0 1 1 1 0 0 1 1 1 0 0 0 0 0 0 0 1 1 0 1 0 1 1 0 0 1 0 0 1 0 0 0 0 1 0 0 0 0 1 0 0 1 0 1 0 0 0 0 0 0 1 0 0 1 0 1 0 0 0 0 1 0 0 0 1 1 1 1 1 1 0 1 1 0 0 1 1 0 1 1 0 0 1 0 1 0 1 0 0 0 0 0 1 0 0 1 0 1 1 1 1 0 0 1 1 0
0 0 1 0 0 1 1 0 1 1 0 1 0 0 1 1 0 1 1 0 0 1 1 1 0 0 1 0 1 1 1 1 0 0 0 1 1 0 1 1 0 0 1 0 0 1 0 1 1 1 0 1 0 1 0 1 0 0 0 0 1 0 1 0 1 1 1 1 1 0 1 0 1 0 1 0 1 0 1 1 1 0 1 0 1 0 1 0 0 1 0 1 0 0 0 0 1 0 0 0 0 0 1 1 1 0 0 0 1 1 1 0 1 1 1 0 1 0 0 0 0
1 0 0 0 0 0 0 1 0 1 1 0 0 1 0 0 1 1 0 1 1 0 1 0 1 0 0 1 0 0 1 0 0 0 1 1 1 1 1 0 0 1 1 0 0 0 1 1 0 0 1 0 0 1 0 1 0 0 0 1 0 1 0 1 0 0 0 1 1 0 1 1 0 1 0 0 0 1 1 0 1 1 0 1 0 0 1 0 1 0 1 1 1 1 1 1 1 0 0 0 1 0 1 0 0 0 1 1 0 0 0 1 1 1 1 1 1 1 0 1 1
0 0 0 1 0 1 0 0 1 1 0 1 0 1 1 0 0 0 1 0 1 1 0 1 0 0 0 1 0 1 1 1 1 0 0 1 0 0 1 0 1 1 1 1 0 1 1 1 1 0 0 1 0 0 0 1 1 0 1 0 0 1 0 1 1 1 1 1 0 0 0 1 1 0 0 1 1 0 1 1 0 0 1 0 1 0 0 1 0 0 0 0 1 0 0 1 1 1 0 1 1 1 1 1 1 0 0 0 1 0 1 0 0 0 0 0 1 1 1 0 0
0 1 0 0 1 1 0 0 0 0 1 0 1 1 1 0 1 1 0 0 1 0 1 0 0 1 0 1 0 1 0 0 0 1 1 0 1 1 0 0 0 1 0 0 1 1 1 0 0 0 0 1 0 1 1 0 0 1 0 0 0 1 0 1 1 0 1 0 1 1 1 1 1 0 0 0 1 0 0 0 1 1 0 1 0 1 1 0 0 0 1 1 1 1 1 1 0 0 1 0 1 0 0 1 1 1 0 1 1 0 0 0 1 1 1 1 0 1 0 1 0
0 0 1 1 0 0 1 0 0 0 0 0 0 1 0 1 0 1 0 0 1 0 1 0 0 0 1 1 1 0 0 0 1 0 0 0 1 0 0 1 1 1 0 1 0 0 1 0 0 1 0 0 1 1 0 0 1 0 1 0 1 1 1 1 0 0 0 0 1 0 1 1 0 0 1 1 0 0 0 0 1 0 0 0 0 0 1 1 0 1 0 1 1 0 0 1 0 1 0 1 1 1 0 0 0 0 0 0 0 1 0 0 1 1 1 0 0 1 1 0 0
0 1 1 0 1 0 1 0 0 1 0 0 1 1 0 1 0 0 0 0 1 0 0 0 0 1 1 1 1 0 1 0 0 1 0 1 0 0 1 1 0 1 1 0 1 0 1 1 0 1 0 0 0 0 1 1 0 1 0 0 1 1 1 1 0 0 0 1 0 1 0 1 0 0 1 0 0 0 1 0 0 0 0 0 0 1 0 0 0 1 0 0 1 0 0 1 1 0 1 0 1 0 1 0 0 1 0 0 0 1 0 0 0 0 0 0 1 1 0 0 0
0 0 1 1 0 1 1 0 0 1 1 0 0 0 1 1 1 0 0 0 0 0 0 0 0 0 1 0 1 1 1 0 1 0 1 1 0 1 1 1 1 0 1 1 0 1 0 1 0 1 0 1 0 0 0 1 1 0 1 0 1 0 1 0 1 0 1 1 0 0 0 0 1 0 1 1 1 0 1 0 0 1 0 1 0 0 0 1 0 1 1 0 0 1 1 0 1 1 0 1 0 1 1 1 1 0 0 1 1 1 0 0 0 0 0 1 1 0 1 1 0
1 1 0 0 1 1 0 1 0 1 0 0 1 0 1 0 0 0 0 1 0 0 0 0 1 1 0 0 0 1 1 0 0 1 0 1 0 0 1 0 0 0 1 0 1 1 0 1 0 0 1 1 1 0 1 1 0 1 0 1 0 0 0 0 1 0 1 1 0 1 0 0 1 1 0 0 1 1 1 0 0 0 0 0 0 1 0 0 1 0 0 0 0 0 0 0 1 0 1 0 0 0 1 1 1 1 1 0 1 0 0 1 0 0 0 0 1 0 0 0 1
1 1 0 0 1 0 0 1 1 0 0 1 1 1 0 0 0 1 1 1 1 1 1 1 1 1 0 1 0 0 0 1 0 1 0 0 1 0 0 0 0 1 0 0 1 0 1 0 1 0 1 0 0 1 1 0 0 1 0 1 0 1 0 1 0 1 0 0 1 1 1 1 0 1 0 0 0 1 0 1 1 0 1 0 1 1 1 0 1 0 0 1 1 0 0 1 0 0 1 0 1 0 0 0 0 1 1 0 0 0 1 1 1 1 1 0 0 1 0 0 1
1 0 1 1 0 0 1 1 1 1 0 1 0 0 0 1 0 0 1 1 0 1 0 1 1 0 1 0 1 0 1 1 1 0 0 1 0 0 1 1 1 0 1 1 0 0 0 1 1 1 1 0 0 0 0 1 1 0 1 1 1 0 1 0 0 1 0 1 0 0 0 0 0 1 1 1 0 1 1 1 0 0 1 0 1 0 0 1 1 1 0 0 0 0 0 0 1 1 0 1 0 1 1 0 0 0 1 0 0 1 1 1 0 0 0 0 1 0 1 0 1
1 1 1 0 1 0 1 1 0 0 1 0 1 0 0 1 1 1 0 1 0 0 1 0 1 1 1 0 1 0 0 0 0 1 1 0 1 1 0 1 0 0 0 0 1 0 0 0 0 1 1 0 0 1 1 0 0 1 0 1 1 0 1 0 0 0 0 0 1 1 1 0 0 1 1 0 0 1 0 0 1 1 0 1 0 1 1 0 1 1 1 1 0 1 1 0 0 0 1 0 0 0 0 0 0 1 1 1 0 1 0 1 1 1 1 1 0 0 0 1 1
0 1 0 1 1 0 0 0 0 1 0 0 1 0 0 0 0 1 0 0 0 0 1 0 0 1 0 0 0 0 1 0 1 1 0 1 1 0 1 0 1 0 1 1 1 0 0 1 0 0 0 0 0 1 1 1 1 1 1 0 0 0 0 0 0 0 0 1 1 1 1 0 0 0 0 1 0 0 1 0 1 0 0 0 0 1 1 1 0 0 0 1 0 0 0 0 1 1 1 1 0 1 1 0 0 1 0 0 0 0 0 0 1 1 1 0 1 0 1 0 0
1 0 1 0 0 1 1 1 0 0 0 0 0 1 1 1 0 0 0 1 1 0 0 0 1 0 1 1 1 1 0 0 0 0 0 0 0 0 0 1 0 1 0 0 0 1 1 0 0 1 1 1 0 0 0 0 0 0 0 1 1 1 1 1 1 0 1 0 0 0 0 1 1 1 1 0 1 1 0 0 0 0 0 0 0 0 0 0 1 1 0 0 1 0 0 1 0 0 0 0 1 0 0 1 1 0 1 0 1 1 0 1 0 0 0 0 0 1 0 0 1
1 1 0 1 1 0 0 1 0 0 1 0 1 1 0 0 1 0 0 1 1 0 0 0 1 1 0 1 0 0 0 0 1 1 1 0 0 1 0 0 1 1 0 1 1 0 1 0 0 0 1 0 0 0 1 0 1 1 1 1 0 1 0 1 0 0 0 0 0 1 0 1 0 1 0 1 0 1 0 0 0 1 0 1 0 1 0 1 1 0 1 0 1 1 1 1 0 1 1 1 1 1 0 0 0 1 1 1 0 0 0 1 0 0 0 1 0 1 1 1 1
1 0 0 0 0 1 0 1 1 0 1 1 0 0 1 0 1 0 1 1 0 1 0 1 1 0 0 0 0 1 0 1 0 0 1 0 0 1 0 0 0 0 0 0 0 1 0 0 1 0 1 1 0 0 0 0 0 0 0 1 0 0 0 0 1 1 1 0 0 0 0 0 1 1 0 0 1 1 0 1 0 1 1 1 1 0 0 0 1 0 1 0 0 1 1 0 0 0 0 0 0 0 0 1 1 0 1 1 1 0 1 1 0 0 0 1 0 0 0 1 1
0 0 1 0 0 0 1 0 1 0 1 1 0 1 0 1 1 0 1 0 1 1 0 1 0 0 1 1 1 0 0 1 0 0 1 0 0 1 0 1 0 1 0 0 0 0 1 0 1 1 0 0 1 0 0 0 0 0 0 0 1 1 1 1 0 1 0 0 0 0 0 1 0 0 1 0 0 0 0 1 0 1 1 1 1 0 0 0 0 1 1 0 1 1 1 1 0 0 0 0 1 0 0 0 0 0 0 1 0 1 1 0 0 0 0 1 0 1 0 1 0
0 1 1 1 1 1 1 0 1 0 0 1 1 0 1 1 0 0 1 0 0 1 0 1 0 1 1 0 1 1 0 1 1 1 0 0 0 0 0 1 1 0 0 1 1 1 0 0 1 1 0 1 0 0 1 0 1 1 1 0 1 0 1 0 1 1 1 0 0 1 0 0 1 0 1 1 1 0 0 1 0 0 1 0 1 1 0 1 0 1 0 0 0 0 0 0 0 1 1 1 0 1 0 1 1 1 0 0 1 1 1 0 0 0 0 0 0 0 1 0 0
1 0 0 1 0 1 0 1 0 0 0 0 0 0 1 0 0 1 0 1 0 0 1 0 1 0 0 0 0 1 0 0 1 0 0 0 1 0 0 0 1 0 0 1 0 1 0 0 0 0 1 1 1 1 0 0 1 0 1 1 0 0 0 0 1 0 1 0 1 0 1 0 1 1 0 1 1 1 0 0 1 0 0 0 0 0 1 1 1 0 0 1 0 0 0 0 0 1 0 1 0 1 0 1 1 0 1 0 1 0 0 1 1 1 1 0 0 0 1 0 1
0 1 0 1 0 1 0 1 1 1 1 1 0 1 1 0 1 0 0 0 1 1 1 0 0 0 1 0 0 0 1 1 1 1 1 0 1 0 1 1 0 1 1 0 0 0 0 0 0 1 1 0 1 0 0 0 1 1 1 0 1 0 1 1 1 1 1 0 1 1 1 0 0 0 1 0 1 1 0 0 1 0 0 0 0 1 0 1 1 0 1 1 1 0 1 0 0 0 1 1 1 0 1 0 1 0 0 0 0 0 1 1 0 0 0 1 1 0 0 0 1
1 1 0 1 0 1 1 0 1 1 1 0 1 0 0 1 1 1 0 0 0 0 0 0 0 0 1 1 1 0 0 1 0 0 0 1 1 0 1 1 0 0 1 0 1 1 0 0 1 0 1 0 1 0 1 0 1 1 1 0 1 1 0 1 1 1 1 0 0 0 1 1 0 1 0 1 0 1 1 1 1 0 0 1 1 0 1 0 0 0 1 0 1 1 0 0 1 1 1 0 1 0 0 1 0 0 1 0 1 0 0 1 0 1 0 0 0 0 1 1 0
0 0 0 0 1 0 1 1 1 0 0 0 0 1 1 1 1 1 0 0 0 1 1 0 1 0 0 1 0 1 1 0 0 1 0 1 0 0 1 0 1 1 0 0 1 1 1 0 1 1 0 0 0 0 1 1 1 0 0 0 1 1 1 0 1 0 0 0 1 0 1 0 0 1 0 1 1 1 1 0 0 0 1 1 1 1 1 1 1 0 0 0 1 0 1 0 0 1 1 1 0 0 1 1 0 0 1 1 0 1 1 0 1 0 0 1 0 0 0 1 0
0 1 0 1 1 1 0 1 0 1 1 0 0 1 0 1 0 0 1 0 0 0 1 0 1 1 1 0 0 1 1 1 0 0 0 0 1 1 0 1 1 0 1 1 0 1 1 0 1 0 1 1 1 1 1 1 0 1 1 1 0 1 1 1 0 1 1 1 0 0 0 0 0 1 0 1 1 0 1 0 1 0 1 1 0 1 1 0 0 1 1 0 0 0 1 0 0 0 0 1 1 0 0 0 0 0 0 1 0 1 1 1 1 0 0 0 0 1 0 0 0
1 0 1 0 0 0 1 0 1 0 0 1 1 0 1 0 1 1 0 1 1 1 0 1 0 0 0 1 1 0 0 0 1 1 1 1 0 0 1 0 0 1 0 0 1 0 0 1 0 1 0 0 0 0 0 0 1 0 0 0 1 0 0 0 1 0 0 0 1 1 1 1 1 0 1 0 0 1 0 1 0 1 0 0 1 0 0 1 1 0 0 1 1 1 0 1 1 1 1 0 0 1 1 1 1 1 1 0 1 0 0 0 0 1 1 1 1 0 1 1 1
1 0 0 0 0 0 0 1 1 0 0 1 1 1 0 1 1 0 1 0 1 0 1 0 0 1 0 0 1 0 1 0 1 0 1 0 0 1 1 0 0 0 0 1 0 1 0 0 1 0 0 1 0 1 1 0 1 0 0 1 1 1 1 0 1 0 0 1 0 1 1 1 0 1 1 1 1 1 1 1 0 0 0 1 0 1 1 0 0 1 0 1 1 1 1 0 1 0 1 1 0 0 0 0 1 0 0 0 1 0 1 0 0 1 0 0 1 1 1 0 1
0 0 0 1 1 1 1 0 1 0 1 1 0 0 0 0 1 1 1 0 1 0 0 0 1 1 0 1 0 1 0 1 1 0 1 1 1 1 1 1 1 0 1 1 1 0 1 0 0 0 1 1 1 1 0 1 1 1 0 1 1 0 0 0 1 0 0 1 0 1 1 0 0 0 1 0 0 1 0 0 0 0 1 0 1 0 0 0 0 1 0 1 1 0 0 0 0 1 1 0 1 0 0 1 1 0 1 1 0 1 0 0 1 0 0 0 1 1 0 1 1
0 1 1 0 0 0 1 1 1 1 0 0 0 1 0 0 1 1 1 1 0 0 1 1 0 1 1 1 0 0 1 0 0 0 0 1 0 1 1 0 0 0 0 1 1 0 0 1 0 0 0 1 0 1 0 0 1 0 1 1 1 0 1 1 1 1 1 1 0 0 1 0 1 0 0 0 1 1 0 0 1 1 0 0 1 1 0 0 0 1 1 0 1 0 1 1 0 1 1 1 0 1 0 1 0 1 1 0 0 0 1 1 0 0 1 0 0 1 0 1 0
0 0 1 1 0 1 0 0 1 0 1 0 0 0 1 1 1 0 1 1 0 1 0 1 0 1 0 0 0 0 0 1 0 1 0 0 1 1 1 1 0 1 1 1 0 1 0 1 1 1 1 1 1 1 1 0 1 1 0 1 1 1 0 0 1 0 0 1 1 0 1 0 1 1 0 1 0 1 1 0 0 1 0 1 0 0 1 1 1 1 0 0 1 0 0 1 0 0 1 0 1 1 1 0 0 1 0 0 0 0 0 0 0 0 1 1 0 1 0 0 0
1 1 1 1 0 1 0 0 0 1 1 1 1 0 0 0 0 0 1 1 1 0 0 1 0 1 1 0 1 0 0 1 1 0 1 0 1 1 0 1 0 0 1 1 0 0 0 1 0 0 1 1 1 1 0 0 0 1 1 1 0 0 0 1 0 1 1 1 0 1 0 1 1 0 1 0 0 0 0 1 1 1 0 0 0 0 0 0 0 1 1 1 0 1 0 1 1 0 0 0 1 1 0 0 1 1 0 0 1 0 0 1 0 1 1 0 1 1 1 0 1
0 0 1 1 0 1 1 1 0 0 1 1 0 1 0 1 0 1 0 1 1 0 1 1 0 0 0 1 0 0 1 1 1 0 1 1 1 0 0 1 0 0 1 0 1 1 0 1 1 0 1 0 1 0 1 0 0 1 0 0 0 1 1 0 0 0 0 0 0 1 0 0 1 1 1 1 1 0 1 0 0 1 0 1 1 1 1 0 0 0 0 1 0 0 1 1 0 1 0 1 1 1 0 1 1 1 1 0 0 0 1 0 0 0 1 0 1 0 0 1 1
1 1 0 0 1 0 1 1 0 1 0 1 1 1 0 0 0 1 0 0 1 0 1 0 1 0 1 1 1 1 1 0 1 0 1 1 0 0 0 0 1 0 0 0 1 0 1 0 0 0 0 0 0 0 0 1 0 0 1 0 0 0 1 1 0 1 1 0 0 1 0 1 0 0 1 0 1 0 0 1 1 0 1 0 1 1 0 0 0 0 1 1 0 1 1 0 1 1 0 1 0 0 0 1 1 0 1 1 1 1 1 1 1 1 0 0 1 0 1 1 1
1 1 0 0 1 0 0 0 1 1 0 0 1 0 1 0 1 0 1 0 0 1 0 0 1 1 1 0 1 1 0 0 0 1 0 0 0 1 1 0 1 1 0 1 0 0 1 0 0 1 0 1 0 1 0 1 1 0 1 1 1 0 0 1 1 1 1 1 1 0 1 1 0 0 0 0 0 1 0 1 1 0 1 0 0 0 0 1 1 1 1 0 1 1 0 0 1 0 1 0 0 0 1 0 0 0 0 1 1 1 0 1 1 1 0 1 0 1 1 0 0
1 0 1 1 1 1 0 1 1 0 1 0 1 1 0 0 1 0 0 1 0 0 1 1 1 0 0 0 1 1 1 1 0 0 0 0 1 0 1 1 1 0 1 0 0 0 1 1 0 0 1 0 1 0 0 1 1 1 0 0 1 0 1 0 1 0 0 0 0 0 1 1 1 0 0 0 1 1 0 1 0 1 1 0 0 1 0 0 0 0 0 0 1 1 1 1 1 0 1 1 1 1 0 0 0 1 0 1 1 1 1 0 1 1 1 0 0 0 1 0 0
1 1 1 0 0 0 0 1 0 1 0 0 1 1 1 1 0 0 0 1 0 1 1 1 0 0 1 0 1 0 1 0 0 1 0 0 0 0 0 0 0 1 0 0 0 1 0 1 1 1 0 0 0 0 1 0 0 0 1 0 0 1 1 1 0 1 1 0 1 0 0 1 1 1 0 1 1 0 1 1 1 1 0 1 0 1 1 1 1 0 1 0 0 1 1 1 1 0 0 1 0 1 1 0 0 1 0 0 1 0 1 1 0 1 1 1 0 0 1 0 0
0 1 1 0 1 0 0 0 1 1 0 1 0 0 0 1 1 0 0 1 1 0 0 1 1 0 1 0 0 1 0 0 1 0 1 0 0 0 1 0 1 0 0 0 0 1 1 1 1 0 0 0 0 0 1 1 1 0 1 0 1 1 0 1 1 1 1 0 0 1 1 0 1 1 1 1 0 1 1 0 1 1 1 1 0 0 1 0 0 0 1 1 1 0 0 1 0 0 1 0 0 1 0 0 1 1 0 1 0 1 0 1 1 0 1 0 1 0 0 0 1
1 0 1 0 1 0 1 0 0 0 0 0 1 0 0 1 0 1 1 1 0 0 0 1 1 1 0 1 1 1 0 0 0 0 0 1 0 1 0 0 1 0 0 1 1 1 1 1 1 0 0 1 0 1 1 1 0 0 0 1 0 1 0 0 0 0 0 1 0 0 0 1 1 1 0 1 0 0 1 1 0 1 1 1 1 0 1 0 0 1 0 0 0 1 0 1 1 1 0 0 0 1 0 1 0 1 1 1 1 1 0 0 1 1 1 0 0 1 1 1 0
0 1 0 0 0 0 1 0 0 1 0 1 0 0 1 1 0 1 1 0 1 1 0 0 0 1 1 1 0 0 0 0 1 1 1 1 0 1 0 0 0 1 0 1 1 1 0 0 1 1 0 1 0 1 1 0 0 0 1 1 0 1 0 1 0 1 1 1 1 1 0 0 0 1 1 1 0 0 1 0 1 0 0 1 1 0 1 1 1 1 1 1 0 0 0 0 0 1 0 0 0 0 1 1 1 0 1 0 0 0 0 1 0 0 0 1 1 1 0 1 1
1 0 0 1 1 1 0 0 0 0 1 1 1 0 1 1 0 0 0 0 1 1 0 0 1 0 0 0 1 1 0 1 1 1 1 0 1 0 0 1 1 1 1 0 0 1 1 0 1 1 1 0 1 0 1 1 0 1 0 0 0 1 0 0 0 0 0 0 1 1 0 1 0 1 1 1 0 0 1 1 0 0 1 1 0 0 1 1 1 0 0 1 0 1 0 0 1 0 0 0 1 0 1 0 1 0 0 1 1 1 0 0 1 1 0 1 1 0 1 0 1
0 0 1 0 1 0 0 1 0 0 0 1 0 1 1 0 0 0 1 1 1 1 1 1 1 1 0 0 0 1 1 0 1 1 1 0 0 1 0 0 1 1 0 1 0 0 1 1 0 1 0 1 0 1 0 1 0 0 0 1 0 0 1 0 0 0 0 1 1 1 0 0 1 0 1 0 1 0 0 0 0 1 1 0 0 1 0 1 1 1 0 1 0 0 1 1 0 0 0 1 0 1 1 0 1 1 0 1 0 1 1 0 1 0 1 1 1 1 0 0 1
0 1 1 1 1 1 1 0 0 1 1 0 0 0 1 0 0 1 0 1 0 1 0 1 1 0 1 1 0 1 0 1 0 1 0 1 1 0 0 1 1 1 1 0 1 0 1 1 0 1 1 0 1 0 0 1 0 1 1 0 0 0 0 1 0 1 1 0 1 0 0 0 1 0 0 0 0 0 0 0 1 1 1 0 1 0 0 1 1 0 1 0 0 0 0 1 0 1 0 0 1 1 1 1 0 1 1 1 0 1 0 1 1 0 1 1 0 0 0 1 0
1 0 0 1 0 1 1 1 0 0 1 0 1 1 1 0 0 1 1 0 0 1 1 0 0 1 0 1 1 0 1 1 0 1 0 1 1 1 0 1 0 1 1 1 1 0 0 0 0 1 1 1 1 1 0 0 0 1 0 1 0 0 1 0 0 0 0 1 1 0 0 1 0 0 0 0 1 0 0 1 0 0 0 0 1 1 0 1 1 1 0 0 0 1 1 0 1 1 0 1 1 0 1 1 0 0 1 0 1 0 1 0 0 1 0 1 0 1 1 1 0
0 1 0 1 0 0 1 1 1 0 0 0 1 0 1 0 0 1 1 1 1 1 0 0 0 1 1 1 0 1 0 0 0 1 1 0 0 1 1 1 1 1 1 0 0 1 0 1 1 0 1 0 1 1 0 1 0 0 1 1 0 1 1 0 0 1 1 0 1 0 1 0 0 0 1 1 1 0 0 1 0 0 0 0 0 1 1 0 0 0 0 0 1 1 1 1 1 1 0 0 0 0 0 0 1 1 1 1 0 1 0 1 0 0 1 0 1 0 1 1 0
1 1 0 1 1 1 1 1 0 0 0 1 0 1 1 0 0 1 0 0 0 1 0 1 0 0 0 0 1 0 1 0 0 1 0 0 1 1 0 0 1 0 1 1 0 1 0 1 0 0 1 0 0 1 0 0 0 0 0 0 1 1 1 1 0 1 0 1 0 1 1 0 1 1 1 1 0 1 1 1 0 0 0 1 1 1 0 1 0 1 1 0 1 0 0 1 1 0 1 1 1 0 0 1 1 0 0 1 0 0 0 1 1 1 0 1 0 0 0 1 0
0 0 0 0 1 1 1 0 0 0 0 0 1 1 0 1 0 0 1 1 1 1 1 1 0 1 1 0 1 1 1 0 1 0 1 1 0 1 1 1 0 1 1 1 0 0 0 0 1 0 0 0 1 0 0 1 0 1 1 0 1 0 0 0 1 0 0 1 0 1 1 1 0 1 0 1 1 1 0 0 0 1 1 1 1 1 1 1 1 0 1 0 0 1 0 1 0 1 0 0 1 0 0 1 1 0 1 0 0 0 0 1 1 1 1 0 0 0 0 0 0
0 1 0 1 0 1 0 1 0 1 0 0 1 1 1 1 1 1 1 1 0 0 1 0 1 0 1 0 1 1 0 1 1 1 1 1 0 0 1 0 1 1 0 0 1 1 0 1 0 1 1 0 1 1 0 0 0 1 0 0 0 1 1 0 1 1 0 1 0 1 0 1 0 0 1 0 0 1 0 1 0 1 1 1 1 0 1 1 1 0 0 1 1 0 0 0 1 1 0 0 0 1 0 0 0 0 0 1 1 0 0 0 1 0 0 0 0 1 0 1 0
1 0 1 0 1 0 1 0 1 0 1 1 0 0 0 0 0 0 0 0 1 1 0 1 0 1 0 1 0 0 1 0 0 0 0 0 1 1 0 1 0 0 1 1 0 0 1 0 1 0 0 1 0 0 1 1 1 0 1 1 1 0 0 1 0 0 1 0 1 0 1 0 1 1 0 1 1 0 1 0 1 0 0 0 0 1 0 0 0 1 1 0 0 1 1 1 0 0 1 1 1 0 1 1 1 1 1 0 0 1 1 1 0 1 1 1 1 0 1 0 1
1 0 0 0 0 1 1 0 1 1 0 1 1 1 0 0 1 0 1 1 0 1 0 0 1 0 1 1 1 1 0 1 0 0 1 0 1 1 1 0 0 1 1 0 1 0 0 0 0 1 0 0 1 0 0 0 0 0 0 1 0 0 0 1 0 0 1 1 1 1 1 0 1 0 0 1 0 1 1 0 0 0 0 1 1 1 1 1 0 1 0 1 0 0 1 1 0 1 1 1 0 1 0 0 1 1 0 0 1 1 0 1 1 0 0 1 1 1 1 0 0
0 0 0 1 1 0 1 1 1 1 0 0 0 0 0 1 1 1 0 0 0 1 1 1 1 0 0 1 0 0 1 1 1 1 0 1 0 1 0 0 0 0 1 1 1 1 0 0 0 1 0 0 0 0 0 0 0 1 0 1 1 0 0 0 1 1 1 0 1 0 1 1 0 1 1 1 0 0 0 0 0 1 1 0 0 1 0 0 1 0 1 1 1 0 1 1 1 0 0 0 1 1 0 1 1 1 0 1 1 1 0 1 0 1 0 0 1 1 1 0 0
0 1 1 0 1 0 1 0 0 1 1 0 1 0 1 0 1 0 1 1 0 1 0 1 1 0 1 0 0 1 1 1 0 0 1 0 0 1 1 0 1 1 1 1 1 0 1 1 0 1 1 1 1 1 1 0 1 0 0 0 1 1 1 0 0 0 0 0 0 0 1 0 0 1 0 1 0 0 0 1 1 0 0 0 0 1 1 0 0 0 1 1 0 0 0 1 0 1 0 0 1 1 1 1 1 0 0 0 1 0 1 1 0 1 0 0 0 1 0 1 1
0 0 1 1 0 1 1 1 0 1 1 0 0 1 0 0 1 1 0 0 1 1 0 0 1 1 0 0 1 0 0 1 0 1 0 0 0 1 0 1 0 0 1 0 1 1 1 0 1 1 0 1 0 0 1 1 1 0 1 0 0 0 0 0 0 1 0 1 0 1 1 0 0 0 1 1 1 1 0 0 1 0 0 1 1 1 0 1 0 0 0 1 1 1 0 1 1 0 0 0 0 1 1 0 1 0 1 1 1 0 1 1 1 0 1 0 0 1 0 0 1
1 1 1 1 0 0 0 1 1 1 1 1 0 0 1 0 1 1 0 0 0 0 0 0 1 0 0 1 0 0 0 1 0 1 0 0 1 0 0 0 1 0 0 0 1 1 1 1 0 1 1 1 0 1 1 0 1 0 0 1 0 1 1 1 0 1 1 0 1 0 0 0 1 0 1 0 0 0 1 1 1 0 0 0 0 0 0 0 0 1 0 1 1 0 1 0 1 0 1 1 0 1 1 0 0 1 0 1 1 1 1 0 0 0 0 1 1 1 1 1 1
0 0 1 1 1 1 0 1 1 0 1 0 1 1 0 0 0 1 1 1 0 0 0 1 0 0 1 1 1 1 1 0 0 1 1 0 0 0 1 0 0 1 0 1 0 1 1 0 0 0 0 1 1 0 1 0 1 0 0 1 1 0 0 0 0 1 1 1 1 1 0 0 0 1 1 0 0 1 0 0 1 0 0 1 1 0 1 1 0 0 1 0 1 0 1 0 1 1 0 0 1 0 1 1 0 1 0 1 0 1 1 0 1 1 0 0 1 0 1 0 1
1 1 0 0 1 0 0 0 1 0 0 1 1 0 1 1 0 0 1 1 0 0 1 1 0 0 1 1 0 1 1 0 1 0 1 1 1 0 1 0 1 1 0 1 0 0 0 1 0 0 1 0 1 1 0 0 0 1 0 1 1 1 1 1 1 0 1 0 1 0 0 1 1 1 0 0 0 0 1 1 0 1 1 0 0 0 1 0 1 1 1 0 0 0 1 0 0 1 1 1 1 0 0 1 0 1 0 0 0 1 0 0 0 1 0 1 1 0 1 1 0
1 1 0 0 0 0 1 0 0 1 0 1 0 0 1 1 1 0 0 0 1 1 1 0 1 1 0 0 0 0 0 1 1 0 0 1 1 1 0 1 1 0 1 0 1 0 0 1 1 1 1 0 0 1 0 1 0 1 1 0 0 1 1 1 1 0 0 0 0 0 1 1 1 0 0 1 1 0 1 1 0 1 1 0 0 1 0 0 1 1 0 1 0 1 0 1 0 0 1 1 0 1 0 0 1 0 1 0 1 0 0 1 0 0 1 1 0 1 0 1 0
1 0 1 1 0 0 1 1 0 0 1 1 1 0 0 1 0 1 1 1 0 1 1 0 0 0 1 0 0 1 0 0 1 1 1 1 1 1 1 0 0 1 1 0 0 1 1 0 0 0 0 1 1 0 1 0 1 1 0 0 0 0 0 1 1 1 0 0 0 0 1 1 1 0 1 1 0 0 1 0 1 1 1 0 0 1 1 0 1 1 0 0 1 0 0 1 1 1 1 1 0 0 1 0 1 0 0 1 0 0 1 1 0 0 0 1 0 0 0 0 1
1 1 1 0 0 1 0 0 0 0 1 1 1 1 1 0 0 0 1 1 1 0 0 0 0 1 1 0 1 1 0 0 0 0 1 0 1 0 1 1 1 1 0 0 0 0 1 1 1 0 1 1 1 1 1 1 1 0 1 0 0 1 1 1 0 0 0 1 0 1 0 0 1 0 0 0 1 1 1 1 1 0 0 1 1 0 1 1 0 1 0 0 0 1 0 0 0 1 1 1 0 0 1 0 0 0 1 0 0 0 1 0 1 0 1 1 0 0 0 1 1
0 1 1 0 0 1 1 0 1 0 1 0 0 1 1 1 0 0 0 0 0 1 1 0 0 0 0 1 1 0 0 0 1 0 0 1 0 1 0 0 1 0 1 0 0 0 1 1 0 0 1 1 0 1 1 0 1 1 0 1 0 1 1 0 1 0 1 1 1 1 1 1 0 0 0 1 0 1 0 1 1 1 1 1 1 1 0 1 1 0 0 0 0 0 1 1 0 0 0 0 0 0 1 0 1 1 0 0 0 1 1 1 1 0 0 0 1 0 1 1 1
1 0 1 0 1 1 0 0 0 1 1 1 0 1 0 1 1 0 0 0 0 0 1 1 1 0 0 0 1 0 1 1 1 0 0 1 1 0 0 0 0 0 0 1 1 0 1 0 0 1 0 1 0 0 1 0 1 1 0 0 1 0 0 1 1 0 0 1 0 1 0 1 1 1 0 0 0 1 1 0 1 1 1 1 1 0 0 1 1 1 1 1 0 0 0 0 0 0 1 1 1 1 1 1 0 0 0 0 1 0 1 0 1 1 0 1 0 1 0 0 1
0 1 0 0 1 1 0 0 1 1 0 0 0 1 1 0 1 0 0 0 1 0 0 1 1 1 0 1 1 0 1 1 0 0 0 0 0 0 0 1 1 0 0 1 1 0 0 1 1 1 1 0 0 1 0 1 0 0 1 1 1 1 1 0 0 0 1 1 1 1 0 0 0 1 0 0 1 1 0 1 0 0 0 1 1 0 0 1 0 0 1 1 0 1 1 0 0 0 0 0 1 1 0 1 0 1 1 0 1 1 0 0 1 1 1 0 1 1 1 1 0
1 0 0 1 0 1 0 1 1 0 0 1 0 1 0 1 0 1 0 0 1 0 1 0 0 1 0 1 1 0 0 0 1 1 0 1 1 0 0 1 0 0 0 0 0 1 0 0 1 0 0 0 0 0 0 1 0 1 1 1 0 0 0 1 1 1 1 1 1 1 0 1 1 0 1 0 1 1 1 0 0 1 1 1 1 0 0 1 1 1 0 0 1 1 1 0 1 0 1 1 0 0 0 0 0 1 1 1 0 1 0 0 1 0 1 1 1 0 1 0 0
0 0 1 0 0 0 0 0 1 1 1 0 1 0 0 1 1 0 1 1 1 0 1 0 1 1 1 1 0 1 0 1 1 0 1 1 0 0 1 1 0 1 0 0 1 0 1 0 1 1 0 1 1 0 1 1 1 1 1 1 0 0 0 0 1 0 1 0 1 0 0 1 0 0 0 0 1 0 0 0 1 1 1 0 0 0 1 0 1 0 0 1 0 1 1 0 0 1 0 0 0 1 1 0 0 1 1 0 1 1 1 0 0 0 1 0 1 1 1 0 1
0 1 1 1 1 0 0 1 0 0 1 0 0 0 1 1 0 1 0 0 1 0 1 1 0 1 0 0 0 0 1 0 1 1 0 1 0 0 0 1 1 0 0 1 0 1 1 1 1 0 1 1 0 1 1 1 1 1 1 0 1 1 1 0 1 1 0 0 0 0 0 1 0 1 1 0 1 0 0 1 1 1 1 0 0 0 0 0 1 0 1 0 1 1 0 0 1 0 0 0 1 0 1 1 0 0 1 1 0 0 1 0 0 1 1 0 0 0 0 1 1
1 0 0 1 1 0 0 1 0 1 0 1 1 0 0 0 1 1 1 1 1 0 0 1 1 1 1 0 0 1 1 1 0 1 1 0 1 0 1 1 0 1 0 1 1 1 0 0 1 1 0 0 1 0 0 1 0 0 1 0 1 0 0 1 0 1 0 0 0 0 0 0 1 1 1 0 1 0 1 0 0 0 0 0 0 0 1 0 0 1 1 1 1 1 0 0 1 1 1 1 1 1 0 1 0 0 1 1 1 0 0 0 0 1 1 1 0 1 0 0 0
0 1 0 1 0 1 0 1 1 0 0 0 1 1 0 0 0 1 0 1 0 1 0 0 1 1 1 0 0 0 0 1 1 0 1 1 1 0 0 1 0 0 0 1 1 0 1 1 0 1 1 1 0 0 1 1 0 0 0 0 1 1 0 0 1 0 1 1 0 0 1 1 1 1 0 1 0 0 0 1 0 1 0 0 1 0 1 1 0 1 1 1 1 1 0 1 0 0 0 1 0 0 1 0 1 1 1 1 0 1 1 0 0 1 0 1 1 0 0 0 0
1 1 0 1 1 0 1 1 0 1 0 0 1 0 1 0 0 0 1 0 1 0 1 0 1 0 0 1 1 0 1 1 0 0 1 0 0 1 0 1 1 1 0 0 0 0 0 0 1 1 0 0 1 1 0 1 1 1 0 0 0 1 0 0 1 1 1 1 0 0 1 1 0 0 1 0 0 0 1 0 1 1 0 1 1 0 1 1 1 1 1 0 0 0 1 1 0 0 1 1 0 1 1 1 1 1 1 0 1 0 1 0 0 1 0 0 0 0 0 0 1
0 0 0 0 0 0 1 1 1 0 0 0 1 1 0 0 1 0 1 0 1 1 0 0 0 0 1 0 1 0 1 1 1 0 0 1 1 0 0 0 1 1 1 1 1 1 0 1 0 0 1 1 0 1 1 1 0 1 0 1 0 1 1 1 0 1 1 0 0 1 1 0 1 1 0 0 0 0 1 0 1 1 1 1 0 0 0 1 1 1 0 1 1 1 1 0 0 1 1 0 0 1 0 1 0 0 0 1 1 1 0 0 0 0 1 0 0 0 0 0 1
0 1 0 1 0 0 1 0 0 0 1 0 0 0 0 1 1 0 1 0 1 1 0 1 1 0 0 0 0 0 1 0 0 1 1 1 0 0 1 1 1 0 1 1 0 1 0 0 0 1 1 0 0 0 1 0 0 0 0 1 0 0 1 1 1 0 0 1 0 1 0 1 1 0 0 0 1 0 0 0 1 0 1 1 1 0 1 0 1 0 1 1 1 1 0 1 0 1 1 1 0 0 1 0 1 1 1 0 1 1 1 1 1 1 1 0 0 1 1 0 0
1 0 1 0 1 1 0 1 1 1 0 1 1 1 1 0 0 1 0 1 0 0 1 0 0 1 1 1 1 1 0 1 1 0 0 0 1 1 0 0 0 1 0 0 1 0 1 1 1 0 0 1 1 1 0 1 1 1 1 0 1 1 0 0 0 1 1 0 1 0 1 0 0 1 1 1 0 1 1 1 0 1 0 0 0 1 0 1 0 1 0 0 0 0 1 0 1 0 0 0 1 1 0 1 0 0 0 1 0 0 0 0 0 0 0 1 1 0 0 1 1
1 0 0 0 1 1 1 1 0 1 1 0 1 0 1 1 0 1 1 1 1 1 1 1 0 1 0 1 0 0 1 1 0 1 0 1 0 1 1 0 1 0 0 1 0 0 1 0 1 0 1 0 1 0 1 1 1 0 0 0 1 1 0 0 0 0 1 0 0 0 1 0 1 0 1 1 1 0 0 1 1 1 0 1 0 0 0 1 1 1 0 1 1 1 0 0 0 0 1 0 0 0 0 0 0 0 0 0 1 1 0 1 1 0 0 1 1 1 1 0 0
0 0 0 1 0 1 0 1 0 0 1 0 1 0 0 1 1 1 0 1 0 0 0 1 0 1 0 0 1 0 0 1 0 1 0 0 0 0 1 0 0 1 1 0 0 1 1 0 0 1 0 0 0 1 0 1 0 1 0 1 1 1 1 1 0 1 1 1 0 1 1 1 0 0 0 1 1 0 1 1 0 1 1 0 0 0 1 1 0 1 1 0 0 0 1 0 0 1 0 0 0 1 0 1 1 1 1 0 0 0 1 1 1 0 1 1 1 1 1 0 1
0 1 1 0 0 0 0 1 0 0 1 1 1 0 0 1 0 0 0 0 0 1 0 1 1 0 0 0 1 1 0 1 0 1 1 1 0 0 1 1 0 1 0 1 0 0 0 0 0 0 1 0 0 1 1 1 0 1 1 0 0 1 0 0 1 1 1 0 1 0 1 0 1 0 0 0 1 1 1 0 0 1 0 0 1 1 0 1 0 1 0 1 1 1 1 1 1 0 0 1 1 1 1 1 0 0 0 0 0 1 0 1 1 1 0 0 0 1 1 1 1
0 0 1 1 0 0 1 1 1 0 1 1 1 1 0 1 0 0 1 0 1 0 0 1 0 0 1 0 0 1 1 1 1 1 0 0 1 0 1 0 1 0 0 0 1 0 0 1 0 1 0 1 0 0 0 1 0 0 1 0 0 1 0 0 0 0 1 1 1 0 1 1 0 1 0 0 1 1 0 0 1 1 0 1 0 1 1 1 1 1 1 0 0 0 0 0 1 0 1 0 1 0 0 0 1 1 1 1 1 0 1 1 1 0 0 0 0 1 1 1 0
1 1 1 1 1 1 0 0 0 1 1 1 0 0 1 1 0 1 0 1 0 0 1 1 1 1 0 1 0 1 0 0 0 1 1 0 0 1 1 1 0 0 0 0 0 0 1 0 1 1 0 0 1 0 0 0 1 0 1 0 1 0 0 0 1 0 0 1 1 0 0 1 0 0 1 1 1 1 0 1 0 0 0 0 1 1 1 0 0 0 1 0 0 0 0 1 1 0 0 1 1 0 1 0 1 1 1 0 0 0 1 1 1 1 0 1 1 1 1 1 0
0 0 1 1 0 1 1 0 0 0 0 1 0 0 0 0 0 1 1 1 1 1 0 0 0 1 0 0 1 1 1 0 0 0 0 1 0 0 0 0 1 1 0 1 0 0 1 0 0 1 1 0 0 1 1 0 0 1 1 0 1 0 0 0 0 1 0 1 1 0 0 1 1 0 0 1 0 1 1 1 1 0 0 1 0 1 1 0 1 0 1 1 1 1 1 0 1 0 1 0 1 1 0 1 1 1 1 0 1 1 1 0 0 0 0 1 1 0 0 1 1
1 1 0 0 1 1 0 0 0 1 0 0 0 0 1 0 1 1 0 1 0 1 1 0 1 1 0 1 1 0 0 0 0 0 1 1 0 1 0 1 0 1 1 1 0 1 1 0 1 0 1 0 1 1 1 0 1 1 0 1 1 0 1 1 1 1 0 0 0 1 0 0 1 0 1 1 0 0 1 1 0 0 1 0 1 0 0 0 0 0 0 1 1 1 1 1 0 1 0 1 0 1 1 1 0 0 0 0 0 1 0 0 0 1 1 1 1 0 0 0 1
1 1 0 0 1 0 0 1 1 1 1 0 1 1 1 1 1 0 0 0 0 0 1 1 1 0 1 1 0 0 0 1 1 1 1 0 1 1 1 1 0 0 1 0 1 1 0 1 1 0 0 1 1 0 0 1 1 0 0 1 0 1 1 1 1 0 1 0 0 1 1 0 0 1 1 0 1 0 0 0 0 1 1 0 1 0 0 1 0 1 0 0 0 0 0 1 0 1 0 1 0 0 1 0 0 0 0 1 0 0 0 1 1 1 1 0 0 1 1 0 0
1 0 1 1 1 0 0 1 0 1 0 1 1 0 1 0 1 0 0 0 0 1 1 0 0 0 0 1 0 1 0 1 0 0 0 1 0 1 0 0 0 0 1 1 0 1 0 0 1 1 1 0 1 0 1 1 1 0 1 1 0 1 1 1 0 0 1 1 1 1 1 1 1 0 1 0 0 1 0 0 0 1 1 0 0 1 1 1 0 1 1 1 1 1 0 0 1 1 0 0 1 0 0 0 1 1 1 0 0 1 1 0 0 0 1 0 0 0 0 1 0
1 1 1 0 1 0 1 0 1 1 0 1 0 1 1 0 0 0 1 0 1 1 1 0 1 0 1 1 0 1 1 0 1 0 1 1 1 1 0 1 1 0 0 1 1 0 0 1 1 0 1 1 1 0 1 0 1 0 1 0 0 0 0 0 1 0 0 0 1 0 0 0 1 1 1 0 0 1 0 0 1 0 0 1 1 1 0 0 1 0 0 1 1 1 0 1 1 0 1 1 1 0 1 0 0 0 0 1 1 1 0 0 0 1 0 0 0 0 0 1 0
0 1 1 0 0 1 1 1 0 0 0 1 1 0 0 0 1 1 1 1 1 0 0 0 1 1 0 0 0 1 1 1 0 0 1 0 0 0 0 1 1 0 1 0 0 1 1 0 0 0 0 0 0 0 0 1 0 0 1 1 1 1 1 1 1 0 1 0 1 1 1 0 0 0 0 1 0 1 0 1 1 1 1 1 1 1 0 1 1 1 0 0 0 0 0 1 1 1 1 1 1 0 1 0 0 0 0 0 1 0 0 0 0 1 1 1 1 0 0 1 0
1 0 1 0 1 0 1 0 0 1 1 1 0 0 1 1 1 0 1 0 1 0 1 1 0 0 0 1 1 1 1 0 0 1 0 0 0 1 1 0 1 1 1 0 0 1 0 0 1 0 0 0 1 1 0 0 1 1 1 1 0 0 1 1 0 1 0 0 1 1 0 0 0 0 1 0 1 1 1 0 1 0 1 1 0 1 0 0 1 0 0 0 0 0 1 0 1 1 1 0 1 1 0 1 0 0 0 0 1 0 0 1 1 0 1 0 0 1 1 1 1
0 1 0 0 0 1 1 0 1 0 1 0 0 1 0 1 0 1 1 1 1 0 0 1 1 1 1 0 1 0 1 0 1 1 1 0 1 0 1 1 1 1 0 0 1 0 1 1 0 0 0 1 0 1 0 0 0 1 0 0 1 0 0 0 1 1 0 0 0 0 0 0 0 1 0 1 1 0 1 1 1 0 0 1 1 0 0 0 1 0 0 0 0 0 1 1 0 0 1 1 0 1 1 1 0 0 0 1 1 0 0 1 1 1 0 1 1 1 1 0 1
1 0 0 1 1 1 1 0 1 1 0 0 0 1 1 0 1 1 1 1 1 0 1 0 0 1 1 1 0 0 1 0 1 0 0 0 1 1 0 0 1 0 1 0 1 1 1 1 1 1 0 1 1 0 0 0 1 0 0 1 1 0 1 1 0 0 0 1 0 1 0 1 0 1 1 1 0 0 0 1 1 0 1 1 0 0 1 0 1 0 1 0 0 0 0 0 0 1 1 0 0 0 0 0 1 1 1 1 1 0 1 0 0 0 1 1 1 0 0 0 0
0 0 1 0 0 1 0 0 1 0 1 1 0 1 0 1 1 1 0 1 0 1 0 1 0 1 1 0 0 1 0 0 1 1 0 1 1 0 1 0 0 0 1 1 1 1 1 1 0 0 1 1 0 0 1 0 0 0 1 1 1 0 1 1 0 0 0 0 1 1 0 0 1 1 0 1 1 1 0 1 0 0 1 0 0 1 0 0 0 0 0 1 1 1 0 0 1 1 0 0 1 0 0 0 0 0 0 1 0 1 0 1 1 0 1 1 1 1 1 1 0
0 1 1 1 0 0 0 0 1 0 0 1 0 1 0 0 1 0 0 0 0 0 0 0 1 0 1 0 1 1 0 0 1 0 1 0 1 0 0 1 0 1 1 0 1 1 0 1 0 1 0 1 0 1 0 0 0 1 1 1 0 0 1 1 1 1 0 1 1 1 0 1 0 1 0 0 0 1 1 0 0 0 1 0 1 1 1 0 0 0 1 0 0 0 1 1 1 1 0 1 1 1 1 1 1 1 1 1 0 0 1 0 0 1 1 0 0 0 0 1 1
1 0 0 1 1 0 0 0 1 1 1 0 0 1 1 1 0 0 0 0 0 1 1 1 0 0 1 1 1 0 0 0 1 1 0 1 1 1 1 0 0 1 0 1 1 0 0 1 1 1 1 1 1 1 1 0 1 1 0 0 0 0 0 0 0 1 0 1 0 0 0 1 1 1 1 0 1 0 1 0 0 0 0 0 0 0 1 0 0 0 1 1 1 1 1 0 0 0 0 0 0 1 0 1 1 1 1 1 0 1 1 1 1 0 0 0 0 1 1 0 1
0 1 0 1 1 1 0 1 0 0 0 0 0 1 1 1 1 0 1 0 1 1 1 1 1 0 0 0 1 1 0 1 0 0 1 1 0 1 1 0 0 0 0 0 1 1 0 1 0 0 1 1 1 0 1 0 0 0 1 0 1 0 0 1 0 0 0 1 1 1 1 1 0 0 1 1 0 0 1 1 1 0 0 0 0 0 0 1 0 1 0 0 0 0 1 1 0 0 1 0 1 1 0 0 0 0 1 1 1 1 1 1 0 1 1 0 1 0 1 1 1
1 1 0 1 1 1 0 1 1 0 0 1 0 1 0 0 1 0 1 1 1 1 0 1 1 0 1 1 1 0 1 0 0 1 0 1 1 0 1 1 0 0 1 1 0 0 1 1 0 1 0 1 1 1 1 1 1 0 1 0 0 1 0 0 1 1 0 0 1 0 1 1 0 0 1 1 0 0 0 0 0 1 0 1 0 1 0 0 1 1 0 0 0 1 1 0 0 1 0 0 0 0 0 1 1 1 0 0 1 0 0 0 1 0 1 0 0 0 0 1 1
0 0 0 0 0 1 1 0 0 0 1 1 0 0 1 0 0 0 1 1 0 0 1 0 1 1 1 1 0 0 0 1 0 0 1 0 1 0 0 0 0 1 1 1 0 1 0 1 0 1 0 0 0 0 1 1 1 0 1 0 1 1 0 0 1 1 1 1 0 1 1 1 0 1 1 0 0 0 1 1 1 0 1 1 0 1 0 0 1 0 0 1 0 1 1 1 1 0 1 1 1 1 0 1 0 1 1 1 0 1 0 1 1 0 0 0 0 0 1 0 0
0 1 0 1 1 0 1 1 0 0 1 0 1 1 1 0 1 1 0 1 1 1 0 1 0 1 0 1 1 0 0 1 1 0 0 1 1 0 1 0 0 1 0 1 0 0 0 0 1 1 0 1 1 0 0 1 0 0 0 0 1 0 1 0 1 1 1 0 1 1 0 0 1 1 0 1 0 1 1 0 1 0 1 1 0 1 0 0 0 1 1 1 0 0 0 1 1 0 0 1 0 0 1 0 0 0 1 1 1 0 0 0 0 0 1 0 0 1 1 1 1
1 0 1 0 0 1 0 0 1 1 0 1 0 0 0 1 0 0 1 0 0 0 1 0 1 0 1 0 0 1 1 0 0 1 1 0 0 1 0 1 1 0 1 0 1 1 1 1 0 0 1 0 0 1 1 0 1 1 1 1 0 1 0 1 0 0 0 1 0 0 1 1 0 0 1 0 1 0 0 1 0 1 0 0 1 0 1 1 1 0 0 0 1 1 1 0 0 1 1 0 1 1 0 1 1 1 0 0 0 1 1 1 1 1 0 1 1 0 0 0 0
1 0 0 0 0 1 0 0 1 0 0 0 1 0 1 1 0 1 1 1 0 0 0 0 1 0 0 1 0 1 1 1 1 1 0 0 1 1 0 1 0 0 0 1 1 0 1 1 1 1 1 0 0 1 1 1 0 0 1 0 1 0 1 1 1 1 0 0 0 1 1 1 1 0 1 0 0 1 1 0 1 1 0 1 0 1 0 1 0 0 1 0 0 0 1 1 0 1 0 0 0 0 1 0 1 0 1 1 0 0 1 0 0 1 0 0 1 1 1 0 0
0 0 0 1 1 1 1 0 0 0 1 1 1 1 0 1 0 1 1 0 0 1 0 0 1 1 1 0 0 1 0 0 1 0 0 0 0 1 1 0 0 1 1 0 1 0 0 1 1 0 1 0 0 0 1 0 1 0 1 0 0 1 1 1 0 0 1 0 0 0 1 1 1 1 1 0 0 1 0 0 0 0 1 0 0 0 0 1 1 1 1 1 0 1 1 0 1 0 0 1 0 0 1 1 0 1 0 0 1 0 1 0 1 1 1 0 1 1 0 1 1
0 1 1 0 0 1 0 1 0 1 0 1 1 0 1 0 1 1 1 0 1 0 0 1 1 0 1 0 1 0 0 1 1 0 0 1 0 0 0 0 1 0 1 0 0 0 0 1 1 0 0 1 1 0 1 0 1 1 1 1 1 1 1 0 0 0 0 0 1 1 1 1 1 0 1 1 1 1 1 0 1 0 0 0 1 0 1 0 1 0 1 0 1 1 1 1 0 0 0 0 0 0 1 1 0 1 1 1 0 0 0 0 1 0 0 1 0 1 1 0 0
0 0 1 1 1 1 0 0 0 1 0 0 1 1 0 0 0 1 1 1 0 1 1 0 1 0 0 1 0 0 0 0 1 0 1 0 1 0 1 0 1 0 0 1 0 1 0 1 1 1 0 0 0 0 1 1 0 1 1 1 0 0 1 0 1 1 0 1 0 0 1 1 1 0 1 0 1 1 0 1 0 0 0 1 1 1 1 0 0 1 1 0 1 0 1 0 0 0 1 0 1 1 1 0 0 0 0 0 1 1 0 1 0 0 1 1 0 1 0 1 1
1 1 1 1 1 0 0 1 1 1 0 0 1 1 0 1 1 1 0 0 1 1 0 1 0 0 0 0 1 1 1 0 1 1 0 1 0 1 1 1 1 0 0 0 1 0 1 0 1 0 1 1 1 1 0 0 0 1 0 1 0 0 1 1 0 0 0 0 1 0 0 0 1 0 0 1 1 1 0 0 0 1 0 0 1 0 1 1 0 1 1 0 1 0 0 0 0 1 0 0 0 0 1 0 1 0 0 0 1 0 1 0 0 1 1 1 1 1 0 1 1
0 0 1 1 1 0 0 0 0 1 0 1 0 1 1 1 0 0 0 1 0 1 0 0 0 0 1 1 0 1 0 1 0 0 0 0 1 1 1 0 1 0 1 1 1 0 0 0 0 1 1 0 0 0 0 1 1 1 0 1 1 1 0 1 1 1 0 0 0 1 0 0 0 0 0 0 1 0 1 0 1 0 0 1 1 1 1 1 1 1 0 0 1 1 0 1 0 0 0 0 0 0 0 1 0 1 1 1 1 0 1 0 1 1 1 1 1 0 1 1 1
1 1 0 0 0 0 1 1 1 0 1 1 0 0 1 1 1 0 0 0 1 0 0 1 0 1 1 0 1 1 1 1 0 1 0 1 0 1 0 1 0 1 1 0 1 0 1 0 0 0 1 1 1 1 0 0 1 0 0 0 1 1 0 1 0 0 1 0 1 1 0 0 0 1 0 1 0 0 1 0 1 1 1 0 0 0 0 1 1 0 0 1 0 1 0 1 1 1 0 1 0 0 0 1 1 1 1 1 0 0 1 0 1 1 0 0 1 0 1 0 0
1 1 0 0 0 1 1 1 1 0 1 0 1 0 0 0 1 1 1 0 1 0 1 1 1 1 0 0 1 0 1 0 1 1 1 1 0 0 0 1 0 1 0 0 0 1 1 1 1 0 0 1 1 1 1 0 0 0 1 0 0 0 1 0 0 0 1 1 1 0 1 1 1 1 1 1 0 1 0 1 0 1 1 0 0 0 0 0 0 0 1 1 0 0 1 0 1 1 1 1 1 1 1 0 1 0 0 0 0 1 0 1 0 0 0 0 0 1 0 0 0
1 0 1 1 1 1 1 0 1 1 1 0 0 1 1 0 0 0 1 0 0 1 0 0 1 1 0 0 0 0 1 1 0 1 0 0 0 0 1 1 1 1 0 0 0 0 1 1 0 0 0 0 0 1 1 0 0 1 1 1 1 0 0 0 0 0 1 0 0 1 1 1 0 1 1 0 1 0 1 0 1 1 1 0 1 0 1 0 0 1 0 1 1 0 1 1 1 1 0 1 0 0 0 0 1 0 1 1 1 0 0 0 0 0 1 1 0 0 1 1 1
1 1 1 0 0 0 0 1 1 1 0 0 0 0 1 0 1 0 0 1 1 0 1 1 0 0 0 1 1 0 1 1 0 1 1 1 1 0 0 1 1 0 0 1 0 1 1 0 0 1 0 1 1 1 0 1 0 1 0 1 1 0 0 0 1 1 0 1 1 1 0 0 0 0 0 1 1 0 1 1 1 1 0 1 1 1 1 0 0 0 0 0 1 0 0 1 0 1 1 0 1 1 0 0 1 0 1 1 0 1 0 1 0 0 0 1 0 0 1 0 0
0 1 1 0 0 1 1 1 0 1 1 0 0 0 0 1 1 0 1 1 1 0 0 1 1 1 0 1 1 1 0 0 0 0 0 1 1 1 0 0 1 1 0 1 1 0 0 1 0 1 1 1 1 0 1 1 0 1 1 1 0 0 0 1 1 1 1 0 1 0 1 1 0 1 1 1 1 0 0 0 0 0 1 1 1 1 1 1 0 0 0 1 1 0 1 0 1 0 0 1 0 0 0 0 0 0 0 0 0 0 1 0 0 1 0 1 1 0 0 0 0
1 0 1 0 0 0 1 0 1 1 1 1 1 0 0 0 0 1 0 1 0 0 0 0 0 1 1 1 0 0 1 0 1 1 0 0 1 0 0 1 1 1 1 1 0 0 1 0 1 1 0 0 0 1 0 1 1 1 0 1 0 1 1 0 1 1 1 0 0 0 0 0 1 1 0 0 1 1 0 0 0 1 1 1 1 1 1 0 1 0 1 1 1 1 0 0 1 1 0 1 0 0 1 1 1 1 0 0 0 0 0 0 1 0 0 1 0 1 0 0 0
0 1 0 0 0 0 0 1 0 0 0 1 1 0 0 1 1 1 0 1 1 0 1 1 0 0 1 1 1 1 0 0 1 0 1 1 1 1 0 0 0 0 1 1 1 1 0 0 1 1 1 1 1 0 0 1 1 0 0 0 0 1 1 1 1 1 0 1 1 0 0 0 1 0 0 1 0 1 0 1 0 0 0 1 0 1 0 1 1 0 1 0 0 1 0 0 0 0 1 0 1 1 1 1 0 1 0 0 0 1 1 1 1 1 0 0 1 1 0 0 0
1 0 0 1 1 0 1 0 1 0 1 0 0 1 0 1 0 0 0 1 0 1 1 0 0 1 0 1 0 1 1 0 0 1 1 0 1 1 1 1 0 1 0 1 1 1 1 0 0 1 1 0 0 1 0 1 0 0 0 0 0 0 0 1 1 1 1 1 0 0 0 0 0 1 0 0 0 0 0 1 0 1 1 1 0 1 0 1 0 1 0 1 0 0 0 0 1 1 1 1 1 1 0 0 1 0 0 0 1 1 1 1 0 1 1 0 1 0 0 1 1
0 0 1 0 0 0 1 0 0 1 1 0 1 0 1 1 0 1 0 0 0 0 1 0 0 1 0 0 0 1 0 1 1 0 1 0 0 1 0 0 1 1 0 0 1 1 0 0 1 0 1 0 0 0 0 0 0 1 0 1 1 0 1 1 0 0 1 1 0 1 0 0 1 1 0 0 1 1 1 1 1 0 1 0 1 0 1 1 0 0 1 1 1 0 0 1 1 0 1 1 1 1 1 0 0 0 1 1 0 1 1 1 0 1 0 1 1 1 1 0 0
0 1 1 1 1 0 1 1 0 1 1 1 0 1 0 0 1 0 0 0 1 1 1 1 0 1 1 0 1 0 0 0 0 0 1 1 0 0 1 0 1 1 1 0 0 1 0 0 0 0 0 1 1 0 0 0 1 1 0 1 0 1 0 0 0 0 1 1 1 0 0 0 0 1 0 1 1 0 0 1 0 0 1 0 1 0 1 0 1 1 0 1 1 1 0 0 1 0 1 1 1 1 0 1 0 1 0 0 1 1 0 1 1 0 1 1 0 0 0 1 1
1 0 0 1 1 0 0 0 1 0 0 1 1 1 1 0 0 1 0 0 0 1 1 0 0 0 1 0 0 0 1 1 1 1 1 0 0 0 1 1 0 0 1 0 0 1 1 0 1 0 0 0 0 1 0 0 1 0 0 0 1 1 1 0 0 0 0 1 0 1 0 0 1 0 0 0 0 1 1 1 1 1 0 0 0 0 0 0 1 1 1 0 0 1 0 1 0 1 1 0 1 1 1 1 1 1 1 1 1 1 0 1 1 0 1 0 0 1 1 1 1
1 1 1 1 1 1 1 1 1 1 1 1 1 1 1 1 1 1 1 1 1 1 1 1 1 1 1 1 1 1 1 1 1 1 1 1 1 1 1 1 1 1 1 1 1 1 1 1 1 1 1 1 1 1 1 1 1 1 1 1 1 1 1 1 1 1 1 1 1 1 1 1 1 1 1 1 1 1 1 1 1 1 1 1 1 1 1 1 1 1 1 1 1 1 1 1 1 1 1 1 1 1 1 1 1 1 1 1 1 1 1 1 1 1 1 1 1 1 1 1 1
0 0 0 0 0 0 0 0 0 0 0 0 0 0 0 0 0 0 0 0 0 0 0 0 0 0 0 0 0 0 0 0 0 0 0 0 0 0 0 0 0 0 0 0 0 0 0 0 0 0 0 0 0 0 0 0 0 0 0 0 0 0 0 0 0 0 0 0 0 0 0 0 0 0 0 0 0 0 0 0 0 0 0 0 0 0 0 0 0 0 0 0 0 0 0 0 0 0 0 0 0 0 0 0 0 0 0 0 0 0 0 0 0 0 0 0 0 0 0 0 0
0 0 1 0 0 0 1 0 1 0 0 1 0 1 0 1 0 1 0 0 0 1 0 0 1 1 0 0 0 0 1 0 1 1 0 0 0 0 0 0 1 0 0 1 1 1 1 1 0 1 0 0 1 1 1 1 0 0 1 1 1 1 0 1 1 1 1 0 0 1 1 1 1 1 0 0 1 1 1 1 1 1 1 1 1 1 0 1 1 0 1 1 1 1 1 1 1 0 1 1 0 1 1 0 1 1 1 1 1 1 1 1 1 1 1 1 0 0 1 1 1
C Elapsed Time 561.450000 
