C Criteria = 0
C Removed Row = 4
C Missings = 0
C Uncovering Columns = 0
C
143 199 2^199 4
1 1 0 1 1 1 1 0 0 0 1 1 1 0 0 0 0 1 0 1 0 1 1 0 1 0 0 1 1 0 1 1 0 1 0 0 1 1 1 1 0 0 0 1 0 1 0 0 0 1 1 0 0 0 1 0 0 0 1 1 0 0 0 1 1 1 1 0 0 1 0 0 1 1 0 0 1 1 1 1 0 1 0 1 0 0 0 0 0 1 1 0 0 1 0 1 0 1 1 1 0 1 0 1 1 1 0 1 1 0 0 0 0 0 0 0 0 0 1 0 1 0 1 0 1 1 1 1 0 0 0 1 1 1 1 0 1 1 0 0 1 0 0 0 1 0 0 0 1 1 0 0 0 1 1 1 0 1 1 0 0 1 0 0 0 1 1 1 1 1 0 1 0 1 0 0 1 1 0 1 0 0 0 1 1 1 0 1 1 0 1 1 0 0 0 0 0 1 1
1 1 1 1 0 1 0 1 1 1 1 0 1 1 1 1 1 1 0 1 0 1 0 0 1 1 0 1 1 1 0 0 1 0 0 1 1 0 1 0 1 0 0 1 1 1 1 0 1 1 0 1 1 1 1 0 0 0 0 0 0 1 1 0 0 0 1 1 1 1 0 1 0 0 0 0 1 1 1 1 0 1 1 0 1 0 0 0 0 1 0 0 1 0 1 0 0 0 0 1 1 1 0 0 1 0 1 1 0 1 0 1 1 1 1 0 1 0 0 1 0 1 1 0 1 1 0 0 0 1 1 0 0 1 0 0 1 1 1 0 1 1 0 0 0 0 0 1 1 0 0 0 1 0 0 1 0 1 0 1 0 0 1 0 0 0 0 0 1 0 1 0 1 0 0 0 1 1 0 0 1 0 0 0 0 1 1 0 1 0 0 0 0 1 1 1 0 0 0
1 0 0 1 0 0 0 0 1 0 1 0 1 1 0 0 0 0 1 1 0 1 0 0 0 0 1 0 0 0 1 1 0 1 0 0 1 1 0 1 0 0 0 0 1 1 1 1 0 0 0 1 1 0 1 0 0 0 0 1 1 0 1 0 0 0 0 1 0 1 1 1 0 0 1 0 0 1 1 1 0 1 1 1 1 0 1 1 1 1 1 0 0 0 1 1 1 0 0 0 1 1 1 1 1 0 0 0 1 0 0 0 1 1 1 0 1 1 0 0 1 1 0 1 0 1 0 0 1 0 0 1 1 1 1 1 0 0 0 1 1 1 1 0 1 1 0 1 1 0 1 0 0 1 1 0 1 1 0 0 0 0 1 1 1 1 1 0 1 0 1 1 1 1 0 1 1 0 0 0 1 0 1 0 0 1 0 0 1 0 0 1 0 0 0 1 1 1 0
1 1 1 0 1 0 0 0 1 0 0 1 1 1 0 0 0 0 0 0 1 0 1 1 0 0 0 0 1 0 1 1 1 1 1 1 1 0 0 0 0 1 0 1 0 1 0 1 0 0 1 1 1 0 1 1 0 0 0 0 0 0 1 0 0 1 1 0 1 0 0 0 0 1 0 0 1 1 0 0 1 1 1 0 0 1 1 0 0 0 1 0 1 1 0 1 0 1 0 1 0 1 0 1 0 1 0 1 1 0 1 1 1 1 0 1 1 1 1 1 1 1 0 1 0 1 0 1 0 1 1 1 0 0 1 0 1 0 0 1 1 0 1 0 1 1 1 1 0 1 0 0 0 1 0 0 1 0 0 1 0 1 0 0 1 0 0 1 0 1 0 1 1 1 1 1 1 1 0 0 0 1 1 0 1 1 1 1 0 1 0 0 1 1 0 1 0 1 0
1 0 0 0 1 1 0 1 1 0 0 0 1 0 1 0 1 1 0 1 1 1 1 0 1 1 1 0 0 1 1 1 0 0 1 1 1 0 1 0 0 1 0 1 0 0 1 0 0 0 1 0 0 1 1 1 1 1 0 0 1 0 1 0 0 0 0 0 0 1 0 0 0 1 0 1 0 0 0 1 1 0 0 1 0 0 0 1 0 0 1 0 0 1 0 0 0 0 0 1 0 0 0 0 1 0 0 1 1 0 1 1 0 1 0 1 0 1 1 0 1 1 1 1 0 0 1 0 1 1 1 0 1 0 1 1 1 1 0 1 0 1 0 0 0 0 0 1 1 0 0 0 1 1 1 1 0 0 0 1 1 1 0 0 1 0 0 0 0 0 1 1 0 0 0 0 0 1 1 1 0 0 1 1 1 0 0 1 0 1 0 0 1 1 0 1 1 1 0
0 1 0 1 1 0 0 0 0 1 0 0 1 0 1 1 1 1 1 1 0 0 1 0 1 1 0 0 1 0 0 0 0 0 0 0 0 0 1 0 1 1 1 0 1 0 0 1 0 1 1 0 0 1 0 1 0 0 1 0 1 1 1 0 0 1 1 1 1 1 1 1 1 1 1 1 1 0 1 0 1 0 0 1 1 0 0 0 0 0 1 1 0 1 0 1 0 1 1 1 0 1 0 1 1 0 0 1 1 1 0 1 1 0 0 1 1 0 0 1 1 1 0 1 1 1 0 1 1 0 0 0 0 1 1 0 1 0 0 0 1 1 1 0 1 1 0 0 1 0 0 0 0 1 1 0 0 0 0 1 1 0 1 1 0 0 1 0 0 1 1 0 0 1 0 1 1 0 0 0 1 1 1 1 1 1 1 0 0 0 1 1 1 0 1 1 0 0 1
1 1 0 0 0 0 0 1 1 0 1 1 1 0 0 0 1 0 1 0 1 1 1 0 0 0 1 0 0 1 1 0 0 1 1 1 0 1 0 0 0 1 0 1 0 1 0 0 1 1 0 1 0 1 1 1 1 0 0 0 1 1 0 0 1 0 0 0 0 1 1 0 1 0 1 1 1 0 1 0 0 1 0 1 1 0 0 0 0 0 1 1 1 1 1 0 0 1 0 0 0 0 1 1 1 1 1 0 0 0 0 0 1 1 0 0 1 1 0 1 1 0 1 0 1 0 1 1 1 1 1 1 0 1 0 1 1 0 1 0 0 0 1 0 0 1 1 0 0 0 0 1 0 1 1 0 0 0 1 0 0 0 0 0 0 0 1 1 0 0 0 0 1 0 1 0 1 0 0 1 1 0 1 1 0 1 1 1 1 0 0 1 1 1 1 0 1 0 1
0 0 1 0 0 1 0 0 0 0 0 1 1 1 1 0 1 1 0 0 1 1 0 0 0 0 1 1 0 1 1 0 0 1 1 0 0 0 1 1 1 0 0 1 0 1 1 0 0 0 0 0 0 1 1 1 0 1 1 0 1 0 0 0 0 1 1 1 1 1 1 0 0 1 0 1 0 0 1 0 0 1 0 1 0 1 0 0 1 1 1 0 1 0 1 1 0 0 0 1 0 1 0 1 0 0 1 1 1 1 1 0 1 0 0 1 1 1 1 1 1 0 1 1 1 0 1 1 0 1 0 0 1 1 1 1 1 1 1 0 0 0 1 1 1 0 0 1 0 0 0 0 1 1 0 1 1 0 1 1 0 0 0 1 1 0 0 1 1 1 1 0 0 0 1 1 1 1 1 0 0 1 0 0 0 1 1 0 0 0 0 1 0 0 0 0 0 0 1
1 1 1 1 0 1 0 1 0 0 1 0 0 1 1 0 1 0 1 0 1 0 1 1 0 0 0 0 0 0 0 1 0 0 0 0 0 0 1 1 0 1 0 0 1 0 0 0 1 1 1 0 1 0 1 1 0 1 0 0 1 0 1 1 0 1 0 0 0 0 0 1 0 1 0 1 1 1 1 1 1 0 0 0 1 0 0 1 0 0 0 1 1 0 1 0 1 0 1 0 0 0 1 0 1 0 1 0 0 0 0 0 0 1 1 1 1 1 0 1 1 1 1 1 1 1 1 0 0 1 1 0 1 1 0 1 0 1 0 0 0 1 1 0 0 0 0 0 0 1 0 1 0 1 1 1 1 0 0 0 0 1 0 1 0 1 1 1 1 1 0 0 0 1 1 1 1 0 0 0 0 0 0 1 1 1 1 0 1 1 1 0 1 0 0 0 0 1 0
1 0 0 1 0 1 0 0 0 0 0 1 0 1 0 1 1 1 1 0 0 1 1 0 1 1 1 1 0 0 1 1 1 0 1 0 1 1 1 1 0 1 1 1 0 0 1 0 1 1 0 1 1 1 1 0 1 0 1 1 0 0 1 1 0 0 1 0 1 0 0 1 1 1 0 1 0 1 0 0 1 0 1 1 0 1 0 0 0 1 0 1 0 0 1 1 0 1 0 1 1 0 0 0 1 1 0 1 1 0 0 1 1 0 1 1 1 0 0 0 0 0 1 1 1 1 1 0 1 0 1 0 0 1 1 1 0 1 0 1 0 1 0 0 0 1 1 1 0 1 0 0 0 0 1 0 0 0 0 0 0 0 0 1 0 1 0 1 0 0 0 0 0 0 0 1 1 1 1 1 1 1 0 0 0 1 1 1 0 0 0 0 0 1 0 0 1 1 0
0 1 1 1 1 1 1 1 0 0 1 1 1 0 1 0 0 1 1 1 1 0 1 1 0 0 0 1 1 0 1 1 1 1 0 0 0 1 0 1 0 1 0 0 1 1 0 0 0 1 0 1 0 0 1 0 1 0 0 1 1 0 0 0 0 0 0 1 0 1 1 1 1 0 0 1 0 0 1 1 1 0 1 1 1 0 1 1 1 0 1 1 1 1 1 0 0 0 1 1 0 1 0 1 1 0 1 1 1 1 1 1 0 1 1 1 0 0 1 0 0 1 0 1 1 0 0 0 1 0 0 0 0 0 0 0 1 1 0 1 0 0 0 0 0 0 1 1 1 0 1 1 0 0 1 0 1 0 0 1 1 0 1 0 0 1 0 0 0 1 0 0 0 0 1 0 0 0 0 1 0 1 0 0 0 1 0 0 1 1 0 0 0 1 0 1 1 1 1
1 1 0 1 1 1 0 0 0 1 0 0 0 1 1 1 1 0 1 1 0 0 1 1 0 0 1 0 0 1 1 0 1 0 0 0 1 0 1 1 1 1 0 1 0 1 1 0 0 1 1 1 1 0 1 0 1 1 1 1 0 0 0 1 1 1 1 0 0 0 1 0 0 0 0 1 1 1 0 1 0 0 0 1 1 0 1 0 0 0 0 1 0 0 0 0 0 0 1 1 1 1 1 0 0 1 1 0 0 1 0 0 0 0 0 1 1 1 0 0 0 0 1 0 0 0 1 0 0 1 0 1 0 1 0 0 1 0 1 1 0 1 1 0 1 0 0 1 0 0 1 0 0 0 0 0 1 0 0 1 1 1 1 1 1 1 1 1 0 1 1 1 0 0 0 1 0 0 1 0 1 1 1 0 1 1 1 0 0 0 1 1 0 1 0 1 1 1 1
0 0 1 0 0 1 0 0 1 0 1 1 0 1 1 0 0 1 1 1 0 0 0 1 0 1 1 0 1 1 0 0 0 1 0 0 1 0 1 1 1 1 0 1 0 0 1 0 0 1 0 1 1 0 0 0 1 1 0 0 1 0 1 1 1 0 1 1 0 0 1 1 0 1 1 1 1 1 1 1 0 0 0 0 0 0 1 0 0 0 0 1 0 0 1 1 1 1 0 1 0 0 1 1 1 0 1 1 1 0 0 1 1 0 0 0 0 1 1 0 1 0 1 0 1 0 0 1 1 1 0 1 1 0 1 1 0 1 0 1 1 0 0 1 1 0 1 1 0 1 1 0 0 1 0 0 0 0 1 0 1 1 1 1 1 1 0 0 0 0 1 0 0 1 1 1 1 0 0 1 1 0 1 0 1 0 1 1 1 1 0 1 0 0 0 1 1 0 1
0 0 1 1 1 0 1 0 1 1 1 1 1 1 1 0 0 1 0 0 0 1 0 1 0 1 0 1 0 1 0 0 1 0 0 1 0 1 0 0 0 0 0 1 1 0 0 1 1 0 0 1 0 0 1 1 0 0 0 0 0 0 1 1 0 1 1 0 1 0 0 0 1 1 0 0 0 1 0 0 1 0 1 1 0 0 1 0 1 1 0 1 1 1 0 0 1 0 0 1 0 0 1 0 1 1 1 0 0 1 0 0 1 0 1 0 0 1 0 0 1 1 1 0 1 0 1 0 1 0 1 1 1 1 1 1 1 0 0 0 0 1 1 1 0 0 0 0 1 1 1 1 0 0 0 0 0 0 1 0 0 0 0 0 0 1 1 1 0 0 0 1 0 1 0 1 0 0 0 0 0 0 1 0 0 1 0 0 1 0 0 1 1 1 0 1 1 0 1
0 1 1 0 1 1 1 1 1 0 1 1 1 1 0 0 0 1 1 1 1 0 0 0 0 1 1 1 1 1 1 0 0 0 1 1 1 1 1 1 0 1 1 0 1 0 1 1 0 1 0 0 1 0 0 1 0 0 0 1 0 1 0 0 1 0 1 0 1 0 1 0 0 1 1 1 0 1 0 0 1 1 1 1 1 0 0 0 0 1 1 1 1 1 1 0 1 1 1 0 1 0 1 0 0 1 1 0 1 1 1 0 1 0 1 0 1 0 0 1 1 0 0 0 0 0 0 1 1 0 1 0 0 0 1 0 1 1 0 0 1 0 0 1 1 0 0 1 0 1 0 0 0 1 0 0 1 1 1 1 0 0 1 0 1 1 0 0 1 0 1 0 0 0 0 1 0 1 0 1 0 0 0 1 1 1 0 0 1 1 0 0 1 0 0 0 1 1 0
0 1 1 1 0 0 1 0 1 0 1 1 0 1 1 1 1 0 1 0 0 0 0 0 1 1 0 0 0 1 1 1 1 0 1 0 0 1 0 1 1 0 1 0 1 1 0 0 1 1 1 1 0 0 1 1 1 0 1 0 1 1 0 1 0 0 0 1 0 0 0 0 1 1 0 0 0 0 0 1 0 0 1 1 0 1 0 0 1 1 1 1 0 1 0 1 1 0 0 0 1 1 0 0 0 0 0 0 1 0 0 1 1 1 0 0 0 0 1 1 1 1 1 1 1 0 1 1 0 1 0 1 1 0 0 1 0 1 1 1 0 1 0 1 1 1 0 0 1 0 1 0 0 0 0 1 0 1 1 0 0 0 1 0 0 0 1 0 1 0 0 1 1 0 0 1 0 1 1 0 1 1 1 0 1 1 1 1 1 1 1 0 1 0 0 0 0 1 0
0 1 0 1 1 0 1 0 0 0 0 1 1 0 0 0 0 1 0 1 0 1 0 1 0 0 1 0 0 0 1 1 0 0 0 0 1 0 1 1 0 0 0 1 1 0 1 1 1 0 1 0 1 1 0 0 1 1 0 0 1 1 1 1 0 1 0 1 1 0 0 0 0 0 1 0 1 0 1 1 0 0 1 1 0 1 1 0 0 0 1 1 0 0 0 1 0 1 1 0 0 0 1 1 0 0 1 1 0 1 1 1 1 0 1 0 1 1 0 1 0 0 0 0 1 1 1 0 0 0 0 1 0 0 0 1 0 0 1 0 0 1 0 1 0 1 0 1 0 1 1 1 0 0 1 1 1 0 0 0 0 0 1 0 1 0 1 1 0 0 1 0 0 1 1 1 0 1 1 0 0 0 1 1 1 1 0 1 1 1 0 0 0 1 1 1 1 1 0
1 0 0 0 0 1 1 0 0 1 1 1 1 0 1 0 0 1 0 0 0 0 0 0 1 1 0 0 0 0 0 0 1 0 1 0 0 1 1 1 1 1 1 1 0 1 1 1 1 1 1 1 0 0 0 1 1 1 1 1 1 1 0 1 0 1 1 0 1 1 1 1 0 1 0 1 1 0 0 1 0 1 0 0 0 1 0 1 1 0 1 0 1 0 0 0 1 1 0 0 0 0 0 1 0 1 0 0 0 1 1 0 0 1 0 0 1 1 1 1 0 1 0 1 1 1 0 0 0 0 1 0 0 1 0 0 1 0 0 1 1 1 0 0 1 1 1 0 1 1 0 0 1 0 0 0 0 0 1 0 1 1 1 0 1 0 0 1 0 1 0 0 0 1 0 1 1 0 1 1 1 0 0 1 1 1 1 0 1 0 0 0 0 1 0 0 1 1 0
1 0 0 0 1 0 0 0 1 0 1 0 1 0 1 1 0 1 0 1 1 0 0 1 0 0 1 0 1 1 1 0 0 0 0 1 0 1 1 0 1 1 0 0 0 1 0 0 1 0 0 0 0 0 0 0 0 1 1 0 0 1 1 1 0 0 0 0 0 0 0 1 1 0 1 0 1 0 1 1 1 1 1 0 0 0 0 0 0 1 1 0 1 0 0 1 0 0 1 1 1 0 0 1 0 1 1 1 0 0 0 1 1 1 1 0 1 1 0 0 0 0 1 1 0 1 1 1 0 1 1 0 0 1 1 0 1 1 1 1 1 1 1 1 1 0 1 1 1 0 1 0 1 0 0 0 1 1 0 0 1 1 0 1 0 0 1 0 1 0 0 1 1 0 1 0 0 1 1 1 1 1 0 1 1 0 0 0 0 0 0 0 1 0 0 0 1 1 0
0 0 1 0 0 0 0 1 1 0 0 0 0 1 1 1 1 0 1 0 0 0 1 0 1 1 1 1 0 0 1 0 1 1 0 0 0 0 1 1 0 1 0 1 1 1 1 1 1 1 1 0 0 0 1 1 1 1 1 1 0 0 0 0 1 1 1 0 1 0 0 0 1 0 1 0 0 0 1 0 0 1 1 1 0 1 0 1 0 1 1 0 0 1 1 1 0 0 1 0 0 1 0 0 0 1 1 0 0 1 1 1 0 0 1 0 0 1 1 0 0 0 0 0 1 0 0 0 0 1 1 1 0 0 0 0 0 0 0 1 1 0 1 1 1 1 1 0 1 0 1 1 0 1 1 1 1 0 0 0 1 1 1 1 0 1 0 0 1 1 0 1 0 0 0 0 1 1 0 0 1 0 0 0 0 0 0 1 1 1 1 0 1 0 1 1 1 0 0
1 1 0 1 1 1 0 0 1 0 0 0 0 1 1 0 1 0 0 0 0 1 1 0 0 1 0 1 1 1 1 1 0 0 1 1 1 1 1 0 0 1 1 1 1 0 1 0 0 1 0 1 0 0 1 0 0 1 0 0 1 0 1 0 1 0 1 1 0 1 0 0 0 1 1 1 1 0 0 0 0 1 1 1 1 1 0 1 0 1 0 0 1 0 1 1 0 1 1 0 1 0 0 0 0 0 1 0 1 0 0 1 0 1 1 1 1 1 0 0 0 1 1 0 0 0 0 0 0 0 1 0 0 0 1 1 1 1 0 0 1 0 1 0 1 1 1 1 1 0 1 1 1 0 0 1 1 0 1 0 1 1 1 0 0 0 1 1 0 1 0 0 1 1 0 1 0 0 1 0 0 0 1 1 0 0 1 0 1 1 1 1 0 1 1 0 1 0 0
0 0 0 1 1 1 1 0 1 1 0 1 0 1 0 0 1 1 0 1 1 0 1 0 0 1 1 1 0 0 1 0 0 0 1 1 1 1 0 0 1 1 0 1 1 0 0 1 0 1 1 0 1 1 0 0 1 1 1 0 0 1 1 1 0 0 1 0 0 1 0 0 0 0 1 0 1 0 0 1 1 0 0 1 0 1 1 0 1 1 0 1 1 0 1 1 1 0 0 1 0 1 0 1 1 0 1 0 0 0 0 0 0 1 1 0 1 0 0 1 1 0 1 1 1 0 0 0 0 1 1 1 1 0 1 0 0 1 0 1 1 0 1 0 0 1 0 0 1 0 1 0 0 0 1 0 1 0 0 1 1 0 0 0 1 1 0 0 1 0 0 1 0 1 1 1 1 0 1 1 1 1 1 0 1 1 0 1 1 0 1 0 1 1 1 0 0 0 0
1 0 1 0 1 0 1 1 1 0 0 0 1 0 1 1 1 0 1 1 1 0 1 1 1 0 0 1 1 0 0 0 0 0 1 1 0 0 0 1 1 0 0 0 1 0 1 0 1 0 1 1 0 0 1 1 0 0 0 0 1 1 0 0 1 1 0 1 1 1 1 0 0 0 1 0 1 1 0 1 1 0 1 1 0 1 0 1 0 0 1 1 0 0 0 1 1 1 0 0 1 1 0 0 1 1 1 1 0 1 0 0 1 0 1 0 0 1 0 1 0 0 1 1 0 0 1 0 1 0 0 1 0 0 1 0 0 1 1 1 0 0 0 1 0 0 0 1 1 0 0 0 1 0 0 0 0 0 0 0 1 1 0 0 0 1 1 1 1 1 1 0 1 1 0 1 1 0 1 1 0 0 1 0 0 1 1 1 0 0 1 0 0 1 1 0 0 1 1
1 1 1 1 0 0 1 0 1 0 1 1 1 1 1 0 0 1 0 1 0 0 1 0 1 1 1 1 0 0 0 1 0 0 1 1 0 0 1 0 0 0 0 1 1 1 0 0 0 0 1 0 0 0 1 0 1 0 1 0 0 0 0 1 0 0 0 1 1 0 1 0 1 1 1 0 0 0 1 1 0 1 0 0 1 1 0 1 1 0 0 0 0 0 1 0 0 1 0 0 1 1 1 0 0 1 0 1 0 1 0 1 0 1 1 1 0 0 0 0 1 0 1 0 0 0 0 0 1 1 0 0 0 1 1 1 0 0 1 1 0 0 1 0 0 0 0 1 1 1 1 1 1 1 0 0 1 0 0 1 0 1 1 0 1 1 0 1 1 0 0 0 0 1 1 1 0 1 0 0 1 1 0 1 1 0 1 0 0 1 1 1 1 1 1 0 1 0 1
1 0 1 1 0 0 0 1 0 1 0 0 1 1 1 0 0 0 0 1 1 1 1 0 1 0 1 0 1 0 0 0 1 1 0 1 1 1 0 1 1 1 1 0 1 1 1 1 0 1 0 1 0 0 0 0 1 0 0 1 1 0 1 1 0 1 1 0 1 0 0 1 0 1 0 1 1 0 1 0 1 1 1 0 0 0 0 1 0 1 1 0 1 0 1 1 1 1 1 1 1 1 0 0 1 0 1 0 0 1 1 0 0 0 0 0 0 0 1 1 1 0 1 0 0 0 1 1 0 1 0 1 0 1 0 1 0 0 1 0 0 1 1 0 1 1 0 1 1 1 0 0 0 0 0 0 1 1 1 0 0 0 0 0 0 0 1 0 1 0 1 0 0 0 0 1 1 1 0 1 1 1 1 1 0 0 0 1 1 1 0 1 1 1 1 0 0 0 1
1 1 1 1 0 1 1 1 1 1 0 1 1 0 1 0 1 1 1 0 0 0 0 0 1 0 0 1 0 0 1 0 1 0 1 0 1 1 1 1 1 0 1 0 0 1 0 1 0 0 0 1 1 0 0 1 0 0 0 0 1 0 1 1 0 1 0 1 0 1 0 1 1 0 1 0 1 0 1 0 0 1 0 0 1 1 1 0 0 1 1 1 0 0 1 0 0 1 0 0 0 0 1 0 1 1 0 1 0 0 1 1 0 0 1 1 1 0 0 0 1 1 0 0 1 0 0 1 1 1 1 1 1 0 0 0 0 1 0 0 1 0 0 1 1 1 0 1 0 0 0 0 0 0 1 0 1 1 1 1 1 1 0 1 1 1 1 0 0 1 1 0 1 0 1 0 0 0 0 0 1 0 0 0 1 0 1 1 0 0 0 1 1 1 1 1 0 1 0
1 1 1 1 0 0 1 1 0 0 1 0 0 0 1 1 0 0 0 1 1 1 0 1 1 1 0 0 0 0 1 0 1 1 1 1 1 0 1 0 0 1 0 1 1 0 1 0 0 0 0 1 0 1 1 1 0 0 0 0 0 1 1 0 1 0 0 1 0 1 1 1 0 0 1 1 0 0 0 1 1 1 0 0 0 1 0 0 0 1 0 1 0 0 0 1 0 0 1 0 0 0 0 1 1 0 0 1 0 1 1 0 0 1 1 1 1 1 1 1 1 1 0 0 1 1 0 0 1 0 1 1 1 0 1 1 0 0 1 0 1 0 0 1 1 0 0 0 0 0 1 0 0 1 0 1 0 1 0 0 0 1 1 1 0 0 0 1 1 0 1 1 0 0 0 1 0 1 1 1 0 1 0 0 1 1 1 0 1 0 0 1 1 0 1 0 1 0 1
0 1 0 0 0 0 1 0 1 0 0 0 1 0 0 0 0 1 1 0 1 0 1 1 1 1 0 0 1 0 1 0 0 1 0 0 0 0 0 0 1 1 0 1 0 1 0 1 1 0 0 0 1 0 0 0 0 1 0 1 1 0 0 0 1 0 1 0 1 1 0 1 0 0 1 1 1 0 1 0 0 1 0 1 1 1 1 0 0 1 0 1 0 0 0 0 1 1 1 1 0 0 0 0 0 1 0 1 0 1 1 1 0 0 1 0 1 1 0 1 1 1 1 1 0 0 1 0 1 0 0 1 1 0 1 0 1 1 0 0 1 1 0 0 0 1 1 1 1 1 0 1 1 1 0 1 0 1 1 1 0 1 1 1 1 0 1 1 1 0 0 1 0 0 1 0 1 1 0 0 1 1 1 1 0 1 0 0 0 1 1 1 0 1 0 0 0 0 0
1 0 0 0 0 1 0 0 1 1 0 0 1 0 0 1 1 1 1 1 1 1 0 1 1 1 0 0 0 0 0 1 1 0 0 0 0 0 0 1 1 0 0 0 0 1 1 0 0 0 0 0 1 1 0 0 1 1 0 1 1 0 1 1 1 1 1 1 1 1 1 0 1 0 0 0 1 1 0 0 1 0 1 0 0 0 0 0 0 1 0 0 0 1 0 0 0 1 1 1 0 0 1 0 0 0 0 0 1 1 1 0 1 1 0 1 1 1 1 0 0 0 1 1 1 1 0 1 1 0 1 0 0 0 0 1 1 0 1 0 1 0 0 0 0 1 0 0 1 0 1 1 1 0 1 0 1 1 1 0 1 1 0 0 1 1 1 0 1 0 0 1 0 1 1 1 0 1 0 0 0 1 0 0 0 1 1 1 1 1 1 0 1 1 0 0 1 0 0
0 0 1 0 0 1 0 0 1 0 1 1 0 0 1 0 1 0 0 1 1 1 0 1 0 1 1 0 1 0 0 1 1 0 1 0 1 0 0 1 0 1 0 0 1 1 1 1 0 1 0 1 0 0 1 0 1 1 1 1 0 1 0 1 0 1 1 1 1 0 1 0 1 0 0 0 0 1 0 1 1 0 0 0 1 1 0 0 1 0 0 1 1 1 1 1 0 1 1 1 1 0 1 0 0 0 0 1 0 1 0 1 1 1 1 0 0 0 1 0 0 0 1 1 1 1 0 1 1 1 0 1 1 0 1 0 0 0 1 0 1 1 0 0 0 1 0 1 1 1 0 1 1 0 1 0 0 0 0 1 0 1 0 1 0 0 0 0 0 1 1 0 0 1 0 0 0 1 1 0 1 0 1 0 0 0 0 0 1 0 1 1 1 1 0 1 0 1 1
1 1 1 0 0 1 1 1 1 1 1 1 0 0 0 0 1 1 1 0 0 0 1 1 1 1 1 0 1 1 0 0 1 0 0 1 1 1 0 0 1 0 0 0 1 0 1 1 0 0 1 1 1 1 0 1 0 0 1 1 1 1 1 0 1 1 0 1 0 1 0 0 0 1 0 1 0 1 1 1 0 1 1 1 1 0 0 0 1 0 1 0 1 0 0 1 0 0 1 1 0 0 0 0 0 0 0 1 0 0 1 0 0 0 1 0 1 1 1 0 0 0 0 0 1 0 0 1 1 1 1 0 1 0 1 0 0 1 1 1 0 1 1 0 0 0 1 0 0 1 0 0 0 1 0 0 1 0 0 0 0 1 0 0 0 0 1 0 0 0 0 0 1 1 0 1 1 1 1 0 1 1 0 0 1 0 0 0 0 1 1 0 0 0 1 1 1 0 1
1 1 1 1 1 0 0 1 0 1 1 0 0 1 1 1 0 1 0 0 1 0 0 1 0 0 0 1 1 0 0 0 1 1 1 1 1 1 1 1 0 0 1 1 0 0 0 0 1 0 0 0 0 1 1 0 0 1 1 0 0 0 0 1 1 0 1 1 0 0 0 1 1 0 1 1 1 1 0 0 0 1 0 1 1 0 0 0 1 0 1 0 0 1 1 0 1 0 0 1 1 0 0 1 0 0 0 1 0 1 0 0 1 1 1 0 1 0 1 0 0 0 0 1 0 0 0 0 0 1 0 1 1 0 0 1 0 0 1 1 0 1 0 1 1 1 1 0 0 1 0 1 1 0 1 0 0 0 1 1 1 0 0 0 0 0 0 0 0 1 0 1 0 0 1 1 1 1 0 0 1 0 1 1 1 1 1 1 1 1 1 0 0 0 1 1 0 0 1
1 1 1 0 1 0 1 1 1 0 0 0 0 0 0 1 0 1 1 0 0 0 0 1 0 1 1 1 0 1 0 0 0 0 0 0 1 0 0 1 1 1 0 0 0 1 0 1 0 1 1 0 0 0 0 0 1 0 1 0 1 0 0 1 0 0 1 0 1 1 1 1 1 1 0 1 0 1 1 1 1 1 1 1 0 0 1 0 1 1 1 1 1 0 0 0 1 0 0 1 1 1 1 1 1 0 1 0 0 0 1 0 0 1 1 0 1 1 1 0 1 0 1 0 1 1 0 0 1 1 0 0 1 1 1 0 0 1 1 0 0 1 0 1 1 1 0 0 1 0 0 1 1 1 1 1 0 0 0 1 0 1 1 1 1 0 1 1 0 1 1 1 0 1 0 0 0 0 1 0 0 1 0 0 0 0 1 1 1 1 0 0 1 1 1 0 0 1 0
1 0 1 0 1 0 1 1 1 1 0 0 0 1 1 0 0 0 1 0 1 0 0 1 1 0 1 0 0 1 1 1 1 1 1 0 1 1 1 0 1 0 0 1 0 1 1 1 1 0 1 1 1 1 0 0 1 0 1 1 1 0 1 0 1 1 1 1 0 0 1 1 1 1 1 0 1 0 1 1 0 0 0 0 0 0 0 1 0 1 0 1 1 1 1 0 1 0 1 1 1 0 0 1 0 1 1 0 0 0 1 1 0 0 0 1 0 0 0 1 1 1 0 0 0 0 0 0 1 0 0 0 1 0 1 0 0 0 1 1 0 0 0 0 1 0 0 0 0 0 0 0 1 0 1 1 0 0 0 1 0 0 1 0 0 1 0 1 0 1 0 0 1 1 0 1 1 1 0 0 0 1 0 1 0 1 0 1 1 1 1 1 1 0 0 1 1 1 0
0 0 0 0 0 0 0 1 0 1 0 0 1 1 1 0 1 1 1 1 0 1 1 0 0 1 0 0 0 1 0 0 0 1 0 0 1 1 1 0 0 0 1 1 0 1 0 0 1 1 1 1 1 0 1 1 0 1 0 1 1 0 0 0 0 0 1 1 0 0 1 0 1 0 0 1 0 0 1 1 1 1 1 0 0 1 1 1 1 0 1 1 0 1 1 1 0 1 1 1 1 0 1 1 1 1 0 0 1 1 1 0 0 1 0 0 1 1 0 0 1 1 0 0 0 0 0 1 0 0 0 1 1 1 1 1 0 1 0 1 0 1 0 1 0 1 0 1 0 1 0 0 0 0 0 0 1 0 0 1 0 1 1 0 0 1 0 0 1 0 1 1 0 1 1 0 1 1 1 1 0 0 0 0 0 1 1 0 0 0 1 0 1 0 0 0 0 0 1
1 0 0 0 0 1 1 0 0 0 1 1 1 0 1 0 0 0 0 0 1 0 0 0 1 0 0 1 0 0 1 0 1 0 1 1 0 0 0 1 0 0 1 0 0 0 0 0 0 1 1 0 1 0 0 1 1 1 0 1 0 1 1 0 0 1 0 0 0 1 0 0 1 0 1 1 0 1 1 0 1 0 0 1 0 0 1 1 1 1 0 1 1 0 0 1 0 0 1 1 1 0 1 1 0 0 1 0 1 1 0 0 1 0 0 0 1 0 1 1 0 0 0 0 0 1 0 1 1 1 1 1 1 0 1 1 0 0 0 1 1 1 1 0 0 0 0 1 1 1 1 0 1 0 0 1 1 0 0 1 0 0 1 1 0 1 1 1 0 1 1 0 1 0 1 0 1 1 0 1 1 1 1 1 0 0 1 0 1 1 1 1 0 0 1 0 1 1 0
0 1 0 1 1 0 0 1 0 1 0 0 0 1 1 0 0 0 0 1 1 1 0 0 1 1 1 0 0 0 0 1 0 1 0 0 0 0 1 0 0 0 0 0 0 1 0 1 0 0 0 1 0 1 0 0 0 0 0 1 0 1 0 1 0 1 0 0 1 0 1 1 0 1 1 1 1 1 1 0 0 0 1 1 1 0 0 0 1 1 1 1 0 1 1 1 1 1 0 1 0 0 1 1 1 1 1 1 0 0 0 0 0 0 0 0 1 1 1 0 0 1 0 1 1 0 1 1 1 0 1 0 1 0 0 1 0 1 0 1 0 0 1 1 0 0 0 1 1 0 0 1 0 1 0 1 1 1 0 1 1 0 1 0 0 1 0 1 0 1 0 1 1 1 0 0 0 1 1 1 1 1 1 0 1 0 1 0 0 1 1 0 0 1 0 0 0 1 0
0 1 0 1 1 0 1 1 0 1 0 0 0 0 0 0 0 0 1 0 1 0 0 1 0 0 1 0 1 1 1 0 1 0 0 0 1 0 1 1 1 0 1 0 1 0 0 1 1 0 1 1 1 0 1 1 0 1 0 0 1 1 0 1 0 0 1 0 0 0 1 0 0 0 1 1 0 0 0 0 0 1 0 0 0 0 0 1 1 0 0 0 0 0 1 1 1 1 0 1 1 0 1 1 0 1 0 1 1 0 1 1 1 0 1 1 0 0 1 1 0 0 1 1 0 1 0 0 1 1 1 0 1 1 0 1 1 1 0 1 0 1 1 0 1 1 0 1 1 0 1 0 0 1 1 1 0 0 1 0 1 0 1 0 0 1 0 1 1 0 1 1 0 1 1 0 1 1 1 0 0 0 0 0 0 0 1 0 1 0 0 0 1 0 1 1 1 0 1
0 0 0 0 1 0 0 1 1 0 0 1 1 1 0 1 0 1 1 1 0 1 1 0 0 0 1 0 1 1 0 1 1 1 1 1 0 0 0 1 1 0 1 0 0 0 0 0 1 1 0 1 0 0 1 0 0 1 1 1 1 1 0 0 1 1 1 1 1 0 1 1 0 1 1 0 0 1 1 1 0 0 0 1 1 0 1 0 1 1 0 0 1 1 0 1 0 1 1 0 0 0 0 0 1 0 0 1 0 0 1 0 0 0 0 1 0 1 1 1 0 1 1 0 0 1 0 1 1 1 1 1 1 1 0 0 0 0 0 0 0 1 0 0 0 1 0 1 0 0 1 1 1 0 0 1 1 0 0 0 1 1 0 1 1 1 0 0 1 0 0 1 0 0 1 1 1 0 0 0 0 0 0 0 1 1 1 0 1 1 0 1 1 1 1 0 1 1 0
0 1 0 1 1 0 0 1 1 1 0 0 1 0 0 0 0 1 1 1 1 1 0 0 0 0 1 1 0 0 0 1 1 1 1 1 1 1 1 0 1 1 1 0 0 1 1 0 1 1 0 0 0 0 1 1 0 0 0 1 1 0 1 1 1 1 0 0 0 1 0 0 0 1 0 1 0 1 1 0 0 0 0 0 0 1 0 1 1 0 0 0 0 1 0 1 1 0 1 0 0 1 1 1 0 1 1 0 0 0 0 1 1 1 1 1 1 0 1 1 1 0 0 0 0 0 0 0 1 0 0 1 1 0 0 1 1 1 1 1 1 1 1 0 0 0 1 0 1 1 1 1 0 0 0 0 0 1 1 0 1 1 0 1 1 0 1 1 0 0 1 0 1 0 1 0 0 0 1 0 0 1 0 0 1 1 0 1 0 1 0 0 1 1 1 0 0 0 0
0 0 1 1 1 0 0 1 0 1 0 0 0 1 1 0 1 1 0 1 0 1 1 1 1 1 0 1 1 0 0 1 1 0 0 1 0 1 0 1 1 1 0 1 0 0 1 0 1 0 1 0 0 1 1 0 0 0 0 1 0 1 0 0 0 1 0 0 1 0 1 0 1 1 1 0 1 1 0 0 0 1 1 1 0 1 1 0 0 0 0 1 1 0 0 0 1 0 0 1 1 0 1 1 1 0 0 0 1 0 1 1 0 1 0 0 0 1 0 0 1 1 1 1 1 1 0 0 1 1 0 0 1 0 0 0 1 1 0 1 1 1 1 0 1 0 1 0 0 1 0 0 0 0 0 1 1 0 1 1 0 0 1 1 0 1 1 0 1 0 1 0 1 0 0 0 0 1 1 1 0 0 1 1 1 0 1 1 1 0 0 1 1 1 1 0 1 0 1
0 0 1 0 1 0 1 0 0 1 0 1 0 1 1 0 1 1 0 0 0 0 0 1 1 0 1 1 0 0 1 1 1 0 1 0 0 1 0 1 0 0 1 1 1 1 0 1 0 1 0 0 1 0 1 0 0 0 0 0 1 1 1 0 1 1 1 1 1 0 1 1 0 1 1 1 0 0 0 1 1 1 0 0 1 0 0 0 0 1 1 0 0 1 1 1 0 0 1 0 0 0 1 1 1 0 0 0 1 0 0 1 0 1 0 1 0 0 1 1 0 0 0 0 1 0 1 0 0 1 1 1 0 0 0 0 0 1 1 1 0 1 0 1 0 0 1 0 1 1 1 0 1 1 1 0 0 1 0 1 0 1 0 1 1 0 1 0 1 0 1 1 1 1 0 0 1 0 1 1 1 0 1 1 0 1 1 0 0 1 0 0 0 0 0 0 1 1 1
1 1 0 1 0 1 1 1 0 1 1 1 1 1 1 1 0 0 1 1 0 1 0 0 0 1 0 1 0 1 1 0 1 0 0 0 1 1 1 1 0 1 0 0 0 0 1 1 1 0 0 0 0 1 1 1 0 0 0 0 1 1 1 0 1 0 0 1 1 0 0 1 1 0 0 0 0 1 0 1 0 1 0 0 1 1 0 0 1 0 0 0 1 0 0 0 0 1 0 0 1 1 0 0 0 0 1 0 0 0 1 1 0 0 0 0 0 0 0 1 1 0 0 1 1 0 0 1 0 1 1 0 1 1 1 0 1 1 0 1 0 1 1 1 0 0 1 0 1 0 1 0 0 0 1 1 0 0 1 1 0 1 1 0 1 1 1 0 0 0 0 1 0 0 1 1 1 0 0 1 0 1 1 0 0 0 1 1 0 1 1 1 0 1 0 0 0 0 0
1 0 0 0 1 1 0 1 1 1 0 1 1 0 1 1 0 0 0 1 0 1 1 1 1 1 1 0 0 0 0 1 0 0 0 0 0 1 1 1 1 1 0 0 1 0 0 0 0 0 0 1 1 0 0 0 1 0 1 1 0 1 1 0 1 0 0 0 0 1 0 0 0 0 0 1 0 0 0 1 0 1 0 1 0 0 1 0 0 0 1 1 0 1 1 0 1 0 0 0 0 1 0 0 0 1 1 1 1 1 0 1 1 1 0 1 0 1 0 1 0 0 0 0 0 1 0 1 1 0 0 1 1 1 1 1 1 1 0 0 0 1 1 0 0 1 0 0 0 1 0 1 1 0 1 0 1 1 1 0 1 1 1 1 1 0 0 0 1 1 1 1 1 1 0 1 1 0 0 1 1 1 0 0 1 0 1 1 1 1 0 1 0 0 0 0 0 0 1
1 0 1 1 1 1 0 0 0 0 1 1 1 1 0 1 1 1 1 1 0 1 1 1 0 0 1 0 1 0 0 1 1 0 1 0 0 1 1 0 0 0 0 0 1 1 0 1 1 1 1 0 0 1 0 1 0 0 1 0 1 1 0 1 1 0 0 1 0 0 1 0 0 0 0 1 1 1 1 0 0 1 0 0 0 0 1 1 0 1 0 0 1 1 1 0 0 0 0 1 1 1 1 1 0 1 0 0 0 0 1 0 0 1 0 1 1 1 0 1 0 0 0 1 0 0 0 0 1 0 1 1 0 0 1 1 0 1 0 0 1 1 0 1 0 1 1 1 1 1 1 0 1 1 0 1 0 0 1 0 1 0 0 1 1 1 0 0 1 1 0 1 1 1 0 0 0 1 0 0 0 1 1 0 0 0 0 1 1 0 0 0 1 1 0 1 0 1 1
0 0 0 1 0 0 1 0 1 1 0 1 1 1 1 0 1 0 0 0 1 0 0 0 1 0 0 0 0 1 1 1 1 0 0 1 0 1 0 0 0 1 1 1 1 0 1 1 0 1 1 0 0 0 1 0 1 0 0 1 1 0 1 0 1 0 1 0 1 1 1 1 0 0 0 0 1 1 1 0 0 0 1 1 0 0 0 0 1 0 0 0 1 0 0 0 0 1 1 0 1 1 1 1 0 1 0 1 0 1 1 1 1 1 1 1 1 1 0 0 1 0 1 1 0 1 1 1 0 0 0 1 1 0 0 1 0 1 0 0 0 0 0 1 1 0 1 0 0 0 0 0 1 0 1 1 1 1 0 0 1 0 0 1 0 1 0 0 1 1 0 1 1 1 0 0 1 0 0 1 1 1 0 1 1 0 1 0 1 0 1 0 1 1 1 1 0 0 1
1 0 1 0 0 0 1 1 0 0 1 0 0 1 1 1 0 1 1 1 0 0 1 0 1 1 0 1 0 1 1 1 1 1 0 1 0 0 0 0 1 0 0 1 0 0 1 1 1 1 0 1 1 1 0 0 0 1 0 0 1 0 0 1 0 1 1 1 1 1 1 1 1 1 1 1 0 1 0 1 0 1 0 1 1 0 1 1 0 0 1 0 0 0 0 1 1 0 1 0 1 1 0 0 0 0 1 0 0 1 0 1 1 0 1 1 1 0 0 0 0 0 0 0 1 1 0 1 0 1 1 1 0 1 0 1 1 1 0 0 1 0 0 0 0 0 1 1 0 0 0 0 0 0 1 0 0 1 1 1 0 0 0 1 0 0 0 1 1 1 1 1 1 1 1 0 0 1 1 1 0 1 1 1 1 0 0 0 1 1 1 0 1 0 0 1 0 1 1
0 0 1 0 0 1 0 1 0 0 1 0 0 1 0 0 0 0 0 0 1 0 1 1 0 0 0 1 1 0 0 0 0 0 1 0 1 1 1 0 0 1 1 0 1 1 1 0 0 1 0 0 0 0 1 1 1 1 0 1 1 1 1 0 1 0 0 0 1 1 1 1 0 1 1 0 1 0 0 0 0 0 0 0 0 1 1 1 1 1 0 0 1 1 0 0 1 1 1 1 1 1 0 0 0 0 1 1 0 1 0 1 0 0 1 0 1 0 0 1 0 1 0 1 1 1 1 1 1 0 0 1 1 1 0 0 1 0 1 0 0 0 0 0 0 1 0 1 0 0 1 1 0 0 1 0 1 0 1 1 0 1 0 1 0 0 1 0 0 0 1 1 1 1 0 1 1 1 1 0 1 0 0 0 1 0 1 1 0 0 1 0 1 0 0 0 1 1 1
0 1 1 1 1 1 0 0 0 0 0 0 1 0 0 1 1 0 1 1 1 1 1 1 1 1 0 0 1 0 0 0 1 0 0 0 0 1 0 0 1 1 1 1 0 1 0 0 0 0 1 1 0 0 0 0 1 1 1 1 1 1 1 0 1 0 0 1 1 0 0 1 1 1 0 0 0 1 0 0 0 1 0 0 0 0 1 0 1 1 1 0 1 1 1 1 0 0 0 0 0 1 1 0 1 1 1 1 0 1 0 1 1 0 1 1 0 1 0 0 1 0 1 1 0 0 1 0 0 1 1 0 1 0 0 1 0 0 0 0 1 0 0 0 0 1 1 0 0 1 1 0 1 1 0 0 1 0 1 1 0 0 1 0 0 0 0 1 1 0 1 0 1 0 1 1 0 0 1 1 0 0 0 1 0 1 0 0 1 1 1 0 0 0 1 1 0 1 0
1 0 1 0 1 1 1 0 1 1 1 0 0 1 0 1 0 1 1 1 0 0 1 0 1 0 1 0 0 1 0 0 1 0 1 1 1 0 1 0 0 1 0 0 0 0 1 1 0 0 0 1 1 0 1 0 1 1 1 1 0 1 0 0 0 0 0 0 1 0 1 1 1 1 0 1 1 0 0 0 0 1 1 1 0 0 0 1 1 0 0 0 0 0 1 0 0 1 1 0 0 0 1 1 1 0 1 1 0 0 0 1 0 1 1 1 1 0 1 1 1 1 1 0 0 0 0 1 0 0 0 1 0 0 0 0 1 0 1 0 1 1 1 1 0 1 1 1 0 1 1 0 1 1 1 1 0 1 1 0 0 0 1 0 0 1 1 0 1 1 0 1 1 1 1 0 1 0 1 1 0 1 1 0 0 1 0 1 0 1 0 1 0 0 1 1 0 0 0
0 1 0 0 1 0 1 0 1 1 1 0 0 1 0 1 1 0 0 1 0 1 0 1 0 0 0 1 1 1 0 0 1 1 1 0 1 0 0 0 1 1 1 1 0 0 0 1 0 1 0 0 1 1 1 0 1 1 1 0 1 0 1 0 0 1 0 0 1 1 0 0 1 0 0 0 1 0 1 0 0 1 1 0 1 0 0 0 1 0 1 1 1 1 1 0 1 0 1 0 0 1 1 0 0 0 0 1 1 0 1 0 0 0 0 0 1 1 1 1 0 1 1 0 1 0 0 0 1 0 1 1 0 1 1 1 0 1 1 1 0 0 0 0 0 0 1 1 1 1 1 1 0 0 1 0 0 1 0 0 1 0 1 1 1 1 0 1 1 1 0 0 1 1 0 1 0 1 0 1 0 0 0 1 0 0 1 0 0 0 1 1 1 0 1 0 0 1 0
1 1 1 0 1 0 0 0 0 1 1 0 1 1 1 1 0 0 0 1 1 1 0 0 0 0 0 1 1 1 1 0 0 1 0 1 0 1 1 1 0 1 0 1 1 1 0 1 1 0 1 1 1 0 0 1 1 1 1 1 1 0 0 0 1 0 0 1 1 1 1 0 0 1 0 1 1 1 0 1 1 0 1 1 0 1 0 1 0 1 1 1 0 1 1 0 0 0 0 1 1 0 1 0 0 0 0 0 1 0 0 1 0 0 0 0 0 0 1 0 1 0 0 1 1 1 0 1 1 1 1 0 0 0 0 1 0 1 0 0 0 0 0 0 0 0 0 0 0 1 1 1 1 0 0 1 0 0 0 0 1 1 0 1 0 0 1 0 1 0 1 1 1 1 1 1 0 0 0 0 1 1 0 1 1 1 0 0 0 0 0 1 0 1 1 1 0 0 0
0 0 0 1 1 0 0 0 0 1 1 1 0 0 0 0 1 0 0 1 1 0 1 1 0 1 1 1 1 0 0 1 0 1 1 0 1 1 0 0 0 1 1 0 0 1 1 1 1 0 1 1 1 0 0 0 1 0 1 0 0 1 0 0 1 1 0 0 0 1 1 0 1 0 1 0 0 0 0 1 1 1 1 1 1 1 0 1 0 1 1 0 0 0 0 0 0 0 1 0 0 1 0 1 0 0 1 0 0 0 1 0 1 1 0 1 1 0 1 1 1 1 1 0 0 0 1 1 1 0 1 0 1 0 0 1 0 1 0 0 0 1 0 1 0 0 1 1 1 0 0 0 1 0 1 1 0 0 1 1 0 1 0 0 0 1 0 1 1 0 1 0 0 0 1 1 1 1 0 0 1 0 1 0 1 0 1 0 0 1 1 0 0 0 1 1 1 0 0
0 1 0 1 0 1 1 1 0 1 1 1 0 1 0 0 0 0 1 0 0 1 1 1 0 0 1 0 1 1 1 0 0 0 1 1 0 1 0 1 1 0 0 1 0 0 1 0 0 1 1 1 1 0 0 0 0 0 1 1 0 0 1 1 1 1 0 0 1 0 1 0 1 0 1 1 1 0 1 0 1 0 0 0 1 1 0 1 1 1 1 0 0 1 1 1 0 0 1 0 1 0 0 0 0 0 1 1 0 0 1 1 0 1 1 0 0 1 0 1 1 0 0 1 1 1 1 1 1 1 0 1 1 1 0 0 1 0 0 0 1 1 1 1 1 0 1 0 1 0 0 1 1 0 0 0 0 0 0 1 1 0 1 0 1 0 0 0 1 1 1 0 1 1 0 0 0 1 0 0 0 1 0 1 0 1 1 1 0 0 1 0 0 1 0 0 0 0 0
0 0 0 0 0 1 1 1 1 0 1 0 1 0 1 1 0 0 0 1 0 0 0 0 1 1 0 1 1 1 0 1 0 1 0 0 0 1 0 1 0 0 1 0 1 1 1 1 1 1 0 0 1 1 1 1 0 0 1 0 0 0 0 0 1 1 0 0 0 0 0 1 0 0 0 1 0 1 0 1 0 0 1 1 1 1 1 0 1 0 0 1 1 1 1 0 0 0 1 1 1 0 1 0 0 0 0 1 0 0 1 1 1 1 1 1 0 1 0 0 1 1 1 0 1 1 1 1 0 1 1 1 0 0 1 0 0 0 1 0 0 0 1 0 1 1 0 0 1 0 1 0 0 1 0 0 0 0 1 1 1 0 0 0 1 1 0 1 1 1 1 0 1 1 1 1 1 1 1 0 0 0 0 1 0 1 0 1 0 1 0 0 0 1 1 0 0 0 0
1 1 0 1 1 1 0 1 1 0 0 0 1 1 0 0 1 1 0 1 0 0 0 1 1 1 1 0 0 0 1 0 0 1 0 1 1 0 0 0 1 1 1 1 1 0 1 0 1 0 1 1 1 0 1 1 1 0 1 0 1 0 0 0 0 1 0 1 0 1 1 1 1 0 1 1 0 1 0 0 0 0 1 0 1 1 1 0 1 1 0 0 1 1 0 1 1 1 0 1 0 0 1 1 0 1 1 0 0 1 0 0 0 1 1 0 0 0 1 1 0 0 0 0 1 1 1 1 0 1 0 0 0 0 0 0 1 1 1 0 0 1 0 0 1 0 1 1 0 1 1 1 1 1 1 1 0 1 0 0 1 0 0 0 0 1 0 0 1 0 1 0 0 1 0 1 0 0 0 1 1 1 1 0 0 0 1 1 0 0 0 1 1 0 0 0 0 1 0
1 1 0 1 1 0 1 0 0 0 0 1 1 1 0 1 1 0 1 1 1 0 0 0 1 1 1 0 1 1 0 0 0 0 1 0 1 0 0 1 0 1 0 1 1 0 1 0 0 1 0 0 1 1 0 1 0 0 0 1 1 0 0 0 0 1 1 1 1 0 0 0 0 0 1 1 1 0 0 0 1 0 1 0 1 0 1 0 1 0 0 0 1 1 0 0 1 0 1 0 1 0 0 1 0 1 1 1 1 0 1 0 0 1 0 1 0 1 1 0 0 1 0 0 1 0 1 0 0 1 0 0 1 1 0 1 0 1 0 1 1 0 1 1 0 1 1 0 0 0 1 1 1 0 0 0 0 1 1 1 0 1 0 0 0 0 1 0 0 1 1 1 0 1 1 0 1 1 0 1 0 1 0 1 1 0 0 0 0 0 1 1 1 1 1 1 1 1 1
0 1 0 0 0 1 1 1 1 1 1 0 1 1 0 1 0 1 1 1 0 1 0 1 0 0 1 1 0 0 1 1 1 1 1 1 0 0 0 1 0 1 0 0 1 1 1 0 0 1 1 1 0 1 1 1 1 0 0 1 0 1 0 1 0 1 0 1 0 0 0 1 0 0 1 0 1 0 1 0 0 1 1 1 0 0 0 0 1 1 1 1 1 0 0 1 1 0 0 0 0 0 0 0 0 0 1 0 1 1 0 1 0 1 0 1 0 0 0 0 1 1 1 1 0 0 0 1 0 0 1 1 0 1 1 1 0 1 0 0 1 1 0 0 1 0 0 1 0 1 0 1 1 1 0 1 0 1 0 1 1 0 0 0 1 0 1 1 0 0 1 1 0 1 1 0 1 0 1 0 1 0 0 1 0 0 1 1 0 0 1 0 0 0 0 1 1 0 1
1 0 1 1 0 0 0 0 1 0 0 0 1 1 0 1 0 0 0 1 0 0 0 1 0 1 0 1 1 1 0 0 1 0 0 0 0 1 1 1 0 0 1 0 1 0 1 0 0 0 0 0 0 1 0 1 1 0 1 0 0 0 0 0 1 1 0 0 0 0 0 0 1 1 0 1 0 0 0 1 1 0 0 0 0 1 1 1 0 0 1 0 0 0 1 1 1 1 1 1 0 0 1 1 1 1 0 0 1 1 1 0 1 0 1 0 1 1 1 1 1 1 1 1 0 0 0 0 1 1 0 1 1 1 0 0 1 1 1 0 1 1 0 0 0 1 1 1 0 0 0 1 0 1 1 1 1 1 0 1 1 0 0 0 1 0 1 1 1 0 0 1 1 1 1 0 1 0 0 1 1 1 0 1 0 0 1 0 1 0 1 1 0 1 0 1 1 1 0
0 1 1 1 0 1 1 1 1 0 1 0 0 0 1 0 1 1 0 0 1 1 1 0 1 0 1 0 1 1 1 0 1 0 1 0 1 1 0 0 1 0 0 0 0 1 0 0 0 1 1 0 0 1 0 1 1 1 1 0 0 0 0 0 1 0 0 1 1 0 0 1 0 0 0 0 0 1 0 0 0 0 1 0 1 1 1 1 0 1 1 1 0 0 0 0 1 1 1 0 1 0 1 1 1 1 1 0 1 1 1 0 1 1 0 0 0 1 1 1 0 0 0 0 1 1 1 0 1 0 1 1 0 1 1 1 1 0 0 1 0 1 0 0 1 0 1 1 0 1 0 0 0 0 1 1 1 0 1 1 1 1 1 0 0 0 1 0 1 0 0 1 0 1 0 0 1 0 1 0 0 1 0 1 1 0 0 0 0 1 0 0 0 1 1 0 0 0 1
1 1 0 1 1 1 0 1 1 1 0 1 0 0 1 0 0 0 0 0 0 1 0 0 1 1 0 1 0 1 0 0 1 1 0 0 0 0 0 0 0 0 1 1 0 0 1 1 1 0 1 0 0 0 0 0 0 1 1 0 0 1 0 0 1 0 0 0 0 1 1 1 1 0 0 0 1 0 1 0 1 0 0 1 1 0 0 1 0 0 1 1 1 1 1 0 1 0 1 0 1 0 1 1 0 0 1 1 1 0 1 0 0 1 0 1 0 0 0 1 1 0 1 1 0 0 1 1 0 0 0 0 0 0 1 0 1 0 0 1 1 0 0 0 0 1 1 1 1 1 1 1 0 1 0 0 1 1 0 1 0 1 0 1 0 0 1 0 1 0 1 1 0 1 1 1 1 1 1 0 1 1 0 0 0 1 1 1 1 0 0 0 1 1 1 1 1 1 1
1 0 1 0 0 1 0 1 1 1 0 1 0 1 0 1 0 0 1 1 0 0 0 0 0 1 0 0 1 0 1 0 0 1 0 1 1 1 0 1 0 0 0 1 1 0 0 1 0 0 1 0 0 1 1 0 0 1 1 1 1 1 1 1 0 0 0 1 1 0 0 0 0 1 1 1 1 1 1 0 1 1 0 0 0 1 0 1 1 1 1 1 0 1 0 0 0 1 1 0 1 1 1 0 1 1 0 0 0 1 1 0 0 1 0 1 0 1 0 1 0 1 1 0 0 1 1 0 1 0 0 0 1 0 1 1 1 1 0 0 0 1 0 1 1 0 1 0 1 0 1 1 0 0 1 0 0 1 0 1 0 0 0 1 0 0 0 1 0 1 0 0 1 0 1 0 1 0 0 1 1 1 1 0 1 0 0 1 1 1 0 0 0 0 1 0 1 0 0
1 0 0 1 1 1 1 0 0 0 0 1 1 1 1 1 0 0 1 0 0 0 1 1 1 1 0 1 1 1 0 0 0 1 1 0 1 1 0 0 1 1 1 1 0 1 0 0 0 1 0 0 0 1 1 0 0 1 0 1 0 1 1 0 0 0 0 0 0 0 1 0 0 0 1 0 0 1 1 0 1 0 1 0 1 0 1 1 0 0 0 1 0 0 1 1 1 0 0 0 0 0 1 1 0 1 0 0 0 1 1 1 0 0 0 1 0 0 1 0 1 0 0 1 1 1 0 1 1 0 1 0 1 1 0 0 1 0 1 0 0 0 1 1 1 0 0 1 0 1 0 0 1 0 1 1 0 1 0 1 1 1 0 0 1 0 1 1 0 0 0 1 1 1 1 1 0 1 1 1 1 0 1 0 0 1 0 1 1 1 1 0 1 1 1 1 0 0 0
0 0 1 0 0 1 0 1 0 1 0 1 0 0 0 1 1 1 0 0 1 0 0 1 0 1 0 0 1 1 1 1 1 0 0 0 0 0 1 0 0 0 1 1 1 1 1 1 1 1 0 1 0 0 1 0 0 0 1 0 1 0 0 1 1 0 0 1 1 0 0 0 0 1 0 1 1 0 1 1 1 0 1 1 1 1 1 1 1 1 0 1 1 0 0 0 1 1 0 0 0 1 0 1 0 0 0 1 0 0 0 0 1 1 0 0 0 0 0 0 0 0 0 0 0 1 0 1 1 0 1 1 1 1 1 0 1 0 0 1 1 1 1 1 0 0 0 0 0 1 1 0 1 0 1 0 1 1 0 0 1 0 0 0 0 1 1 1 0 0 1 0 0 0 0 0 0 1 0 1 0 1 0 1 0 1 1 1 0 1 1 1 1 0 1 1 0 1 0
0 1 0 1 0 1 0 0 1 1 0 0 0 0 1 1 0 0 1 0 1 0 1 1 1 0 0 1 1 1 0 1 1 1 1 0 1 0 1 1 1 0 1 1 0 1 1 0 1 1 0 0 1 0 0 1 1 0 0 0 0 1 0 1 0 0 1 1 1 0 0 1 1 0 1 1 0 1 0 1 1 1 0 1 1 1 0 0 1 0 1 0 1 1 0 1 0 1 0 0 0 1 1 1 1 0 1 1 0 1 1 0 0 0 0 0 1 1 1 0 1 1 0 0 0 1 1 0 0 0 0 1 0 0 1 1 1 1 0 0 0 0 1 0 0 0 0 0 0 0 1 0 1 0 0 0 0 0 0 1 1 1 0 1 1 1 1 0 1 0 0 0 1 1 0 0 0 1 1 0 1 1 1 1 1 0 0 1 1 0 0 1 0 0 0 1 1 0 0
1 0 1 0 0 0 0 0 0 0 0 0 0 0 1 1 1 0 1 1 0 0 0 0 0 0 1 0 0 1 1 1 0 0 0 0 1 1 0 0 1 0 1 0 1 0 1 0 1 0 0 0 1 0 1 1 0 0 0 1 0 1 1 1 0 1 1 0 1 1 1 1 1 1 0 1 1 1 1 0 1 1 0 1 1 0 1 1 1 1 1 1 1 1 0 0 1 0 0 0 0 1 0 1 1 1 0 1 1 0 1 0 0 0 1 0 0 0 0 1 1 0 1 1 1 0 0 0 0 0 1 1 0 1 1 0 0 0 1 0 1 0 0 0 1 0 1 0 0 1 1 1 1 0 1 1 1 0 1 1 1 1 1 0 0 1 0 1 0 0 1 1 1 1 1 1 0 1 0 0 1 1 1 0 1 0 0 0 0 1 0 0 0 1 1 0 1 0 1
0 1 0 0 1 1 0 0 0 0 0 1 0 0 0 1 0 0 0 0 1 0 1 1 0 0 0 1 0 0 0 0 1 0 0 0 0 1 1 0 1 0 1 1 0 0 1 1 1 1 1 1 1 0 1 0 0 1 1 1 0 1 1 0 0 1 1 1 1 1 0 1 0 1 1 0 1 1 0 1 0 0 0 0 1 1 1 1 1 1 1 1 1 0 1 0 0 1 1 0 1 0 0 1 1 1 1 0 1 1 0 1 1 1 1 0 0 1 1 0 0 1 1 1 0 0 0 1 1 0 0 0 0 0 1 1 0 1 1 1 0 1 1 1 0 0 0 0 1 1 0 1 0 1 1 1 0 1 1 1 0 0 0 0 1 0 1 0 1 1 0 1 0 0 1 1 0 1 0 0 1 0 0 0 0 0 0 0 1 0 0 1 1 1 1 0 0 0 1
1 0 1 0 1 0 0 1 1 0 1 1 1 1 0 1 1 0 1 0 0 1 1 1 0 1 0 1 0 1 0 1 1 0 0 1 0 1 1 0 0 0 0 0 1 0 0 0 1 0 1 1 0 1 0 0 1 1 0 1 0 0 1 1 0 0 1 0 0 0 0 1 0 1 1 1 0 0 0 0 0 1 1 0 1 1 1 0 1 1 1 1 1 1 0 0 0 1 1 0 0 0 0 1 0 1 1 1 0 0 1 0 0 0 0 1 1 0 1 1 1 0 0 1 0 1 1 1 1 1 0 1 0 1 0 0 0 1 0 1 1 0 1 0 1 0 0 0 1 1 1 0 0 0 1 0 0 1 1 0 0 0 1 0 1 0 0 0 1 1 1 0 0 1 0 0 0 0 1 0 1 0 1 0 0 1 0 0 0 0 1 0 0 1 1 1 1 1 1
1 1 0 1 0 0 0 1 1 0 0 1 1 0 0 1 1 0 0 0 1 1 0 0 0 0 0 0 1 1 0 1 1 1 1 0 0 1 0 0 1 0 0 1 1 1 0 1 0 1 1 0 1 0 1 1 1 1 1 1 0 1 1 1 1 0 1 0 1 1 1 1 1 1 1 1 0 0 0 1 1 0 1 0 0 0 0 0 0 0 0 1 0 0 1 1 1 0 0 0 1 1 1 0 0 0 0 1 1 1 0 0 0 1 1 0 1 1 0 0 0 1 0 1 0 0 0 0 0 1 1 0 0 0 0 0 1 0 0 0 1 1 1 1 1 0 0 1 1 1 0 1 0 0 1 1 0 0 1 0 0 1 0 0 1 1 0 0 1 0 1 0 0 0 1 0 1 0 1 1 0 1 1 0 1 0 0 1 0 1 1 1 0 0 1 0 1 1 1
0 1 0 1 1 1 0 0 0 1 1 1 1 1 0 1 0 1 0 1 1 0 0 0 1 1 0 1 0 1 1 0 0 1 0 0 1 0 0 1 1 0 0 0 0 0 1 0 1 1 0 1 1 1 0 1 1 1 1 0 0 1 1 0 1 1 1 0 0 0 1 1 1 1 1 0 1 0 1 0 0 1 1 0 1 0 0 1 1 0 0 1 0 0 1 1 0 1 1 0 0 1 0 1 1 1 0 0 1 1 1 1 1 1 0 0 0 1 0 0 1 0 0 1 0 1 0 0 1 1 0 1 0 1 0 0 0 1 1 1 0 0 1 0 0 0 0 1 1 0 0 1 1 1 0 1 1 0 1 0 0 1 0 1 0 0 0 1 0 1 1 1 1 0 0 0 1 0 1 0 0 1 1 1 0 0 0 1 0 0 0 0 1 0 1 0 0 1 0
1 0 1 1 1 0 0 0 1 0 0 1 1 0 1 0 0 1 1 0 1 1 1 1 1 1 1 1 1 0 1 0 0 0 0 1 1 1 0 0 1 0 1 0 1 1 1 0 1 1 0 1 0 1 0 1 1 1 0 0 1 0 1 1 0 0 1 0 1 0 0 0 1 0 0 0 1 0 0 1 1 0 0 1 1 0 1 1 1 1 1 1 0 0 1 1 0 0 0 0 1 0 1 0 0 0 1 0 0 1 1 1 0 1 0 0 1 1 1 1 1 1 1 0 1 0 1 1 0 0 0 0 0 0 0 0 1 0 0 1 1 1 1 0 0 0 0 0 0 1 1 0 1 1 0 1 0 1 1 1 1 0 0 1 1 0 0 1 0 1 0 1 1 0 0 0 1 1 0 0 0 0 0 0 1 0 1 0 0 1 1 1 1 0 1 0 0 1 1
0 1 0 1 0 1 1 1 0 0 1 0 0 0 0 1 1 0 1 0 1 0 0 0 1 1 1 1 0 0 0 1 0 1 1 1 0 1 0 1 0 0 0 1 0 0 0 1 1 0 0 1 0 0 1 0 1 1 1 0 1 0 1 0 0 1 1 1 0 0 0 1 0 1 1 0 1 0 0 0 1 1 1 0 0 0 0 1 0 0 1 0 1 0 0 1 1 0 0 0 0 0 1 1 1 0 0 0 1 0 1 0 1 0 1 0 0 0 0 1 0 1 1 0 0 1 0 1 1 0 1 1 1 0 0 0 1 0 1 0 0 1 1 0 0 1 1 0 0 0 1 1 0 1 0 1 1 0 1 1 1 1 1 1 1 1 0 1 0 1 1 0 0 1 0 0 0 1 0 1 1 1 0 0 1 1 0 0 0 0 1 1 1 1 0 1 0 0 1
1 0 1 1 0 1 0 1 0 1 0 0 0 1 0 0 0 1 1 1 1 1 1 0 1 1 1 0 0 1 0 0 1 0 0 0 0 1 0 0 0 1 1 0 1 1 0 1 0 1 1 0 1 1 1 1 0 1 0 0 0 0 1 0 0 1 1 1 1 1 0 1 1 0 0 0 1 1 1 1 1 0 0 1 0 0 0 1 0 0 1 0 0 0 1 0 1 1 1 0 1 0 0 1 0 1 0 1 1 0 0 0 1 1 0 0 0 0 1 0 0 1 0 0 1 1 1 1 1 1 0 1 1 0 1 1 0 1 1 0 1 0 1 0 1 0 1 0 0 0 1 1 1 0 0 0 0 0 1 0 1 0 1 1 1 0 0 1 1 0 0 0 0 0 1 1 0 0 1 0 0 0 1 0 0 1 1 1 0 0 1 1 0 0 0 1 1 1 0
1 1 1 0 1 1 1 0 0 0 0 0 1 0 1 0 1 1 1 0 0 1 1 1 0 1 1 1 1 0 0 0 1 1 0 1 1 0 0 0 0 1 1 1 1 1 0 1 0 0 0 0 1 1 1 1 0 1 1 0 1 1 0 1 1 1 1 1 1 1 1 1 0 0 1 0 0 0 0 1 0 0 1 1 0 0 1 1 1 0 0 0 0 1 0 1 0 0 1 0 1 0 1 0 1 1 1 1 0 0 0 0 0 0 0 0 0 0 0 0 1 1 1 1 0 0 0 1 1 0 0 1 0 1 0 1 1 1 0 1 1 1 1 0 1 0 1 0 0 0 0 0 0 0 1 1 1 1 0 0 0 1 1 0 1 1 0 1 0 1 1 0 1 0 1 1 1 1 0 0 1 1 0 1 0 0 0 1 1 0 0 0 0 1 0 0 1 0 0
0 1 0 0 0 0 1 1 0 1 0 0 0 1 0 1 1 0 1 1 1 0 1 0 0 0 0 0 0 1 0 1 0 1 0 1 1 0 1 0 0 0 1 0 1 0 0 1 0 1 1 1 0 1 1 1 1 1 1 0 0 1 0 0 1 1 0 0 0 0 0 1 1 1 0 0 1 0 0 1 1 1 0 0 1 0 1 0 0 1 1 0 0 0 0 0 0 0 0 1 0 0 1 0 0 1 1 1 0 1 0 1 1 1 1 0 0 0 1 1 1 0 0 0 1 0 0 0 0 1 0 0 1 1 0 1 1 1 0 1 1 0 0 1 1 1 0 1 1 1 1 0 1 0 0 1 1 1 0 1 1 1 0 1 1 1 1 0 0 1 0 0 1 0 0 1 0 1 1 0 0 1 1 1 0 1 0 0 1 0 0 1 1 1 0 0 1 0 1
0 1 0 1 0 0 1 1 1 0 1 0 1 1 0 0 0 0 1 1 0 1 1 1 0 0 1 0 1 0 0 0 1 0 0 1 0 0 0 1 1 0 1 1 1 0 1 1 0 1 0 0 1 0 1 0 0 1 1 0 0 1 1 1 1 0 0 1 0 1 1 0 1 0 0 1 0 0 1 1 0 1 1 0 1 1 0 1 0 1 0 1 1 1 0 0 1 1 0 1 0 0 1 1 1 0 1 0 1 0 1 1 1 0 0 0 0 0 1 0 1 1 0 1 0 1 1 0 0 1 0 0 0 0 1 1 0 0 0 0 1 0 1 1 0 0 0 0 0 1 1 0 1 0 1 0 1 1 1 0 0 1 0 1 0 0 0 1 0 1 0 1 1 0 0 1 1 0 1 1 1 1 0 0 1 1 0 0 0 1 0 0 0 1 0 1 0 1 1
0 1 1 1 1 0 0 1 0 0 0 1 1 0 0 1 1 0 0 1 0 1 0 1 1 0 1 1 0 1 1 0 0 0 1 0 1 0 0 0 0 1 0 0 1 1 0 1 1 1 1 1 1 1 0 0 0 1 0 1 1 0 0 1 0 0 0 0 0 1 0 1 1 1 0 1 0 0 0 0 0 1 0 1 1 1 0 1 0 0 0 1 1 0 0 1 0 0 1 1 0 0 1 0 1 1 0 1 1 1 0 0 1 0 0 0 0 0 1 0 0 1 0 1 0 1 1 1 0 0 0 1 1 1 1 0 1 0 1 1 1 1 0 1 0 1 1 0 1 0 0 0 1 1 0 0 0 0 0 1 1 0 0 1 1 1 0 0 1 0 0 1 1 1 1 1 0 0 0 1 1 0 0 0 1 0 0 1 1 1 0 0 0 1 1 0 1 0 1
0 1 0 1 1 0 0 1 0 1 0 1 0 0 1 0 0 1 1 1 0 1 1 1 1 1 0 0 0 0 1 1 0 0 1 1 0 0 0 0 1 1 0 1 0 1 1 1 0 0 0 0 0 1 0 1 0 0 0 1 0 0 1 1 1 0 1 1 1 0 0 0 1 1 0 0 0 0 0 0 1 1 0 0 1 0 1 1 1 0 0 1 0 1 1 0 0 0 1 0 1 1 0 1 1 0 1 0 0 0 0 0 1 0 1 0 1 1 1 1 0 1 0 1 0 1 0 1 0 1 1 0 1 0 1 0 0 1 1 0 0 1 0 0 1 1 1 1 1 1 1 1 1 0 1 1 1 0 0 0 1 0 0 0 0 1 1 1 1 1 1 1 0 0 0 1 1 0 1 1 1 0 0 1 0 1 0 1 0 0 0 1 0 1 0 1 1 0 1
1 1 1 0 0 0 0 1 1 1 0 1 0 1 0 1 0 1 0 0 0 0 1 0 1 1 1 1 1 0 1 0 0 0 0 0 0 1 1 0 1 1 0 1 0 0 0 0 0 0 0 1 0 1 1 1 1 0 1 0 0 1 0 1 0 1 1 0 1 0 0 1 1 0 0 0 1 1 0 1 0 0 1 0 0 1 0 1 1 0 0 1 1 1 1 1 0 0 1 1 0 1 0 1 1 0 0 0 1 0 1 0 0 0 1 1 1 0 0 1 0 0 0 1 0 1 1 1 1 0 0 1 1 0 0 1 1 0 1 1 0 0 0 1 1 1 0 1 0 0 1 0 1 1 0 0 1 1 1 0 0 1 0 1 1 0 0 0 0 1 1 0 1 1 1 1 0 0 0 1 0 0 0 1 0 0 0 0 0 1 1 1 0 1 0 1 1 0 0
1 1 1 1 1 1 1 1 1 1 1 1 1 1 1 1 1 1 1 1 1 1 1 1 1 1 1 1 1 1 1 1 1 1 1 1 1 1 1 1 1 1 1 1 1 1 1 1 1 1 1 1 1 1 1 1 1 1 1 1 1 1 1 1 1 1 1 1 1 1 1 1 1 1 0 1 1 1 1 1 1 1 1 1 1 1 1 1 1 1 1 1 1 1 1 1 1 1 1 1 1 1 1 1 1 1 1 1 1 1 1 1 1 1 1 1 1 1 1 1 1 1 1 1 1 1 1 1 1 1 1 1 1 1 1 1 1 1 1 1 1 1 1 1 0 1 1 1 1 1 1 1 1 1 1 1 1 1 1 1 1 1 1 1 1 1 1 1 1 1 1 1 1 1 1 1 1 1 1 1 1 1 1 1 1 1 1 1 1 1 1 1 1 1 1 1 1 1 1
0 1 0 0 0 1 0 0 1 1 0 1 1 1 0 1 1 0 1 1 0 0 0 1 1 0 0 1 0 1 1 0 1 0 0 1 1 1 1 1 1 0 1 0 1 1 0 0 0 0 1 1 1 1 0 0 0 1 0 1 1 0 0 0 1 0 0 0 0 0 1 1 1 0 1 0 0 0 1 1 1 0 0 0 0 1 0 1 0 0 0 0 1 1 0 1 1 0 0 1 1 1 1 1 0 0 1 1 0 0 0 0 0 1 1 0 1 0 0 1 1 0 0 0 1 1 0 1 1 0 1 1 0 1 1 1 0 0 0 1 0 0 0 0 1 1 1 0 1 0 0 1 1 1 0 1 0 0 1 0 0 0 0 0 1 0 1 0 0 1 0 1 0 0 0 0 0 1 1 1 0 0 1 0 1 0 0 0 0 1 0 1 0 0 1 1 0 1 1
0 0 0 0 0 0 1 1 1 1 0 0 0 1 0 0 1 1 0 1 0 0 1 1 0 1 0 0 0 0 1 1 0 1 1 0 1 0 1 1 1 0 1 0 1 0 0 1 0 0 0 0 0 1 1 0 1 1 0 0 0 0 1 0 1 1 1 1 0 1 1 0 1 0 0 1 1 1 0 0 1 0 0 1 0 0 0 1 1 0 0 1 1 0 0 1 0 0 0 0 1 1 0 0 0 1 0 1 0 0 1 1 1 0 0 1 1 1 1 0 1 1 0 1 0 0 1 1 1 1 1 0 0 1 0 1 1 0 1 1 1 1 1 1 0 0 0 1 0 1 1 1 1 1 0 1 0 0 1 1 0 1 1 0 0 0 1 0 1 0 0 0 0 0 0 0 0 0 0 1 1 0 0 1 1 1 0 1 1 0 0 0 0 1 1 0 0 1 1
0 0 1 1 0 1 1 1 0 1 1 1 1 0 0 1 1 1 1 1 0 1 0 1 0 0 1 0 1 0 1 0 0 0 0 0 0 1 0 0 0 1 1 1 0 0 1 0 0 1 1 0 0 0 1 1 1 1 0 1 0 0 0 1 0 1 1 0 0 1 1 1 0 1 1 1 1 0 0 0 1 1 0 0 1 1 1 0 1 1 0 0 0 0 1 1 1 0 0 0 0 1 0 0 0 1 0 0 0 0 1 0 1 0 0 0 0 0 0 0 1 1 1 0 0 1 1 0 1 0 1 0 0 0 1 1 1 0 1 1 0 0 0 1 0 0 0 0 1 0 0 1 0 1 1 1 1 0 0 0 0 1 1 1 0 1 1 1 1 1 0 1 1 1 1 1 1 1 1 0 0 1 1 1 0 0 1 0 1 1 0 1 0 1 0 1 0 1 1
1 1 1 1 1 0 1 1 0 0 1 0 0 1 0 0 0 1 1 1 0 0 1 1 0 0 0 0 0 1 0 1 0 1 1 0 0 0 1 1 0 0 1 0 1 1 1 0 1 0 0 1 0 1 1 1 1 1 1 1 0 1 1 1 1 1 1 0 1 1 1 0 1 0 1 1 1 0 1 0 0 1 0 1 0 0 1 0 0 1 0 1 1 1 0 0 1 0 1 1 1 1 1 0 1 0 1 1 1 1 0 1 1 1 0 1 1 0 1 0 0 0 1 0 0 1 1 0 0 1 1 0 1 0 1 0 1 1 0 1 0 0 0 1 0 1 1 0 1 0 0 0 0 1 0 1 0 1 0 0 1 1 0 0 1 0 0 1 0 0 0 0 0 1 1 1 1 1 1 1 0 0 0 0 0 0 0 0 0 0 0 1 1 0 1 1 0 1 0
1 0 0 1 0 1 1 1 0 0 0 1 1 1 1 0 1 1 1 1 1 1 1 0 1 0 1 1 1 1 0 1 1 1 0 1 1 0 0 0 0 0 0 1 0 0 0 1 0 0 1 1 1 0 0 1 1 0 0 1 1 0 0 1 1 1 1 0 0 0 0 0 0 0 1 0 1 0 1 1 1 1 0 1 0 0 0 0 0 1 0 1 1 1 1 0 0 1 0 0 0 1 1 1 0 0 1 1 0 1 1 1 1 1 0 0 0 1 1 1 0 0 1 1 0 1 0 0 1 1 0 0 1 1 1 0 0 0 1 1 1 1 1 0 1 1 1 1 0 0 1 1 0 0 1 1 0 1 1 1 1 0 0 1 0 0 1 1 0 0 0 1 0 1 0 1 0 0 1 0 1 0 0 1 1 0 1 0 0 0 0 0 0 0 0 0 0 0 0
0 0 0 0 1 1 0 0 0 0 0 0 0 0 0 1 0 1 1 1 0 1 0 0 1 1 0 0 0 1 0 0 1 1 1 1 0 1 0 1 0 0 0 0 1 0 0 0 0 0 1 1 1 0 1 1 1 0 0 0 0 0 1 1 1 0 1 0 1 0 1 0 0 0 1 0 0 1 1 1 0 1 1 0 1 1 1 1 1 0 0 1 1 0 1 1 0 1 0 1 1 1 0 1 1 0 0 1 0 0 0 0 1 0 0 1 0 1 1 0 1 1 0 0 1 0 1 0 0 0 1 1 0 0 0 0 1 1 0 1 1 1 0 1 1 1 1 1 1 0 0 1 1 0 1 0 1 1 1 1 0 0 0 1 1 0 1 0 0 0 1 0 1 1 0 1 1 1 0 0 1 1 0 1 1 1 0 0 1 0 1 0 0 0 0 0 0 1 1
1 0 0 0 1 0 1 1 0 0 1 0 1 1 0 0 1 1 0 0 1 0 1 1 1 0 1 0 1 1 1 1 0 0 0 0 0 0 0 1 1 0 0 1 1 0 1 0 1 0 0 0 1 0 1 0 1 0 1 0 0 1 0 0 0 0 0 0 0 1 0 1 0 1 1 0 0 1 1 0 1 0 0 0 0 1 0 0 1 0 1 0 1 1 1 0 0 1 1 1 1 1 1 0 1 1 0 0 0 0 0 0 0 1 0 0 1 0 1 0 1 1 0 1 1 0 0 1 0 0 1 1 1 0 0 1 1 0 0 1 1 0 1 1 0 1 1 1 1 1 0 0 0 0 1 1 0 1 0 1 1 1 1 1 1 0 0 1 0 0 1 1 0 0 1 1 0 0 1 0 0 0 0 1 1 0 1 1 1 1 0 1 0 0 1 1 0 0 1
0 0 1 1 1 1 1 1 1 1 1 0 1 1 0 1 0 0 0 0 0 0 1 0 0 1 0 1 0 0 1 1 0 1 0 1 1 0 0 0 1 1 1 1 0 0 0 1 1 1 0 1 0 0 0 1 1 0 0 1 1 1 0 1 1 1 0 1 1 0 0 0 0 0 0 1 1 0 1 0 0 0 0 0 1 0 0 0 0 0 1 0 1 0 1 0 0 0 1 1 1 0 1 1 1 1 0 0 1 1 0 1 0 0 1 0 1 0 1 0 1 0 1 1 0 1 1 0 0 0 1 0 1 0 1 0 0 0 0 1 1 1 1 1 1 0 1 1 0 0 0 1 1 0 1 0 1 0 1 0 0 1 1 1 1 0 0 1 1 0 1 1 0 1 0 0 0 1 0 0 0 0 1 0 0 0 0 1 0 0 0 1 0 0 1 0 1 1 0
0 1 0 0 0 1 1 0 1 1 1 0 1 1 1 0 1 1 0 1 1 0 0 1 0 0 0 0 0 1 0 0 0 0 0 0 1 1 0 0 0 1 1 0 1 1 1 1 1 0 1 1 0 0 1 0 0 1 0 0 0 1 0 1 1 0 0 1 1 0 0 1 1 1 1 1 0 1 1 1 0 0 1 1 1 0 1 0 1 1 1 0 0 1 1 1 1 0 1 0 1 1 0 0 1 0 0 0 1 0 0 0 1 0 0 1 0 1 1 1 0 0 0 0 0 1 0 0 0 0 0 0 1 0 0 0 1 0 1 1 1 0 1 0 1 1 1 1 0 0 1 0 0 1 1 1 0 0 0 0 0 1 0 1 1 0 1 1 1 1 0 0 0 0 0 0 0 1 0 1 0 0 1 0 1 0 1 0 0 0 1 0 1 1 0 1 1 0 1
0 0 0 0 0 1 1 0 0 1 1 1 0 0 1 0 1 0 1 1 1 1 0 0 0 0 1 1 0 1 1 0 1 1 0 1 0 0 0 0 1 0 1 0 1 0 1 1 1 1 0 1 0 1 1 1 0 0 0 1 0 0 0 1 1 0 0 1 1 1 0 0 1 1 1 0 0 0 0 0 1 0 1 0 0 1 0 0 0 0 1 0 0 0 1 0 0 0 1 1 0 1 1 1 1 0 0 1 1 0 0 0 0 0 1 1 1 1 0 1 0 1 1 0 0 1 1 0 1 1 0 0 0 1 0 1 1 1 0 1 1 0 1 0 1 1 0 0 0 1 0 0 1 1 0 1 1 1 0 1 1 1 1 0 0 0 0 0 0 0 0 1 1 1 1 1 1 0 0 1 1 0 1 0 1 0 0 1 1 1 1 1 1 0 0 0 0 1 0
0 1 0 1 1 0 1 1 0 0 1 0 0 0 1 0 0 0 0 1 1 0 1 0 1 0 1 1 1 1 0 1 1 0 1 1 1 0 1 1 0 0 0 1 0 0 0 0 1 1 1 0 1 1 1 0 0 1 0 1 1 1 1 1 0 1 0 1 0 0 1 0 0 1 0 0 1 0 1 1 1 0 1 1 0 1 1 0 1 1 0 1 0 0 1 0 0 0 0 0 1 1 0 0 0 1 0 0 0 1 0 0 1 0 0 1 1 1 1 1 1 1 0 1 0 0 1 1 0 1 1 1 0 1 1 0 1 1 1 0 1 0 0 0 0 1 1 0 1 1 0 1 1 1 1 0 1 1 1 1 0 1 0 0 0 0 0 0 0 0 0 0 1 1 0 0 0 0 0 1 0 1 0 0 0 0 1 1 0 1 0 1 0 0 0 1 1 0 0
1 0 0 0 1 1 1 1 1 0 1 0 1 0 0 0 1 0 0 1 1 0 0 0 1 0 0 1 1 1 0 1 0 1 0 0 1 1 0 0 1 1 1 0 0 0 1 1 0 0 1 0 0 1 0 1 0 0 1 0 1 0 0 1 0 0 1 0 1 0 1 0 1 1 1 1 0 0 1 1 0 0 1 0 1 1 0 1 0 1 0 1 0 1 0 1 1 1 0 0 0 0 0 0 1 1 1 1 1 1 0 1 0 1 0 1 1 1 0 1 0 1 1 1 1 1 0 1 0 1 1 1 0 0 0 1 0 1 1 1 1 0 0 1 0 0 1 0 0 1 1 1 1 0 0 0 1 0 0 1 0 0 1 1 1 0 1 0 0 0 0 1 0 0 0 0 1 1 0 0 1 0 1 0 0 1 0 1 1 1 0 1 0 0 0 1 0 0 1
0 1 1 0 0 1 0 0 0 0 0 1 1 0 1 0 1 0 0 1 1 0 0 1 1 1 1 1 0 0 1 1 1 0 1 1 0 0 0 1 1 1 0 0 0 0 0 1 1 1 1 0 0 1 0 0 1 1 1 0 0 1 1 1 1 0 1 1 0 0 1 1 0 1 0 1 0 1 1 1 1 1 1 1 1 1 1 1 0 1 0 0 1 1 0 0 1 0 1 1 1 1 0 0 0 1 0 0 1 0 1 1 1 0 1 0 1 0 1 1 1 1 1 0 0 0 0 0 1 0 0 0 1 1 0 1 1 0 0 0 0 0 1 1 1 0 1 1 0 0 1 1 0 1 0 0 0 1 0 0 1 0 1 0 0 0 1 0 0 0 0 0 1 1 1 1 1 1 1 0 0 0 1 0 0 1 1 0 0 0 0 1 0 0 1 0 0 1 1
0 0 1 1 0 0 0 0 0 1 1 1 0 0 0 1 0 0 1 0 0 1 0 1 0 1 1 0 1 0 0 0 0 1 1 1 1 0 1 0 0 0 1 0 1 1 0 0 1 0 1 0 1 0 0 0 1 0 0 0 0 1 0 1 0 0 1 1 1 1 0 0 1 1 0 0 1 1 1 0 1 1 1 1 1 0 0 1 0 0 0 1 1 1 0 1 0 0 1 1 0 0 0 0 0 1 1 0 0 1 1 1 0 1 1 1 0 1 0 0 1 1 0 1 1 0 0 0 1 0 1 1 1 0 0 0 1 0 1 1 0 0 1 1 1 1 0 0 0 0 0 0 0 1 1 1 1 0 1 1 1 0 0 0 0 0 1 1 1 0 1 0 0 1 0 1 1 0 1 1 1 0 1 1 1 0 1 1 0 1 1 1 0 0 0 0 0 1 0
1 0 0 0 0 0 1 1 0 0 1 1 0 0 1 1 1 0 0 0 0 0 1 1 0 1 0 0 0 0 0 1 1 1 1 1 1 1 1 1 1 1 0 1 1 1 1 1 0 1 1 1 1 1 0 0 0 0 0 0 0 1 1 1 1 0 0 0 1 1 1 0 1 1 1 1 0 1 1 0 1 0 1 0 0 0 0 1 1 1 0 0 1 0 0 1 1 1 1 0 0 0 1 1 0 1 0 1 1 1 0 0 1 0 0 0 1 0 0 0 1 0 1 0 1 0 1 0 0 0 0 0 0 1 1 0 1 1 0 1 0 1 0 0 1 1 0 1 0 0 1 1 0 1 0 1 1 0 1 1 1 1 0 1 0 0 0 0 1 1 0 1 1 0 1 0 0 1 0 0 0 0 0 1 0 1 1 1 0 1 0 1 0 1 0 1 0 0 0
0 1 0 0 0 0 0 0 1 0 0 0 0 1 0 0 0 1 0 1 1 0 1 1 0 0 1 1 0 1 0 0 0 1 1 0 1 1 1 0 1 0 0 1 0 0 0 0 1 0 1 1 0 1 0 1 0 0 1 1 0 1 1 1 1 0 0 1 0 1 0 1 0 1 0 1 0 1 0 0 1 1 1 1 0 0 1 1 0 0 0 0 1 0 1 1 1 1 1 0 1 1 1 1 0 1 0 1 1 1 1 0 0 1 0 1 0 0 0 0 1 1 1 0 1 1 1 1 0 1 1 0 0 0 0 1 1 0 1 0 1 0 0 0 0 1 0 0 0 1 0 1 1 0 1 0 0 1 0 0 1 0 1 1 0 1 1 0 0 1 1 1 0 0 0 0 1 1 0 0 0 0 1 1 0 1 1 0 0 1 1 0 0 0 0 0 1 1 0
1 0 1 0 0 0 1 0 1 0 0 1 0 0 0 1 0 1 1 1 1 0 1 1 1 1 0 1 0 0 1 0 0 1 1 1 1 0 0 1 0 0 1 0 0 1 1 1 1 0 1 0 0 1 0 0 0 1 1 1 1 1 0 0 1 0 1 0 0 1 0 1 1 0 0 1 1 0 1 0 0 0 1 0 0 1 0 0 1 0 1 1 0 0 1 1 0 1 0 1 0 1 1 0 1 0 1 0 0 0 0 0 1 0 0 1 0 0 0 0 0 1 0 1 1 0 0 0 0 1 1 0 1 1 1 1 0 1 1 0 0 1 1 1 1 0 1 0 0 1 1 0 0 0 0 1 1 1 1 0 1 0 1 0 1 0 0 0 1 0 1 0 1 1 0 0 1 1 0 0 0 0 1 1 1 0 1 0 0 1 0 1 1 1 0 1 1 1 0
0 0 1 1 1 0 1 0 1 0 1 0 0 0 0 1 1 0 0 0 0 0 1 0 1 1 1 1 0 0 1 0 1 0 1 1 0 1 1 0 1 0 1 0 0 1 1 1 1 1 1 1 1 1 1 0 1 0 0 1 0 0 0 1 1 0 0 1 0 0 1 0 0 0 1 1 0 1 1 0 1 1 0 0 0 0 0 0 0 1 1 1 0 1 0 0 0 1 0 1 1 0 1 0 0 0 1 1 1 0 1 0 0 0 1 0 0 1 0 1 0 1 0 1 1 0 1 1 1 0 0 0 1 1 0 0 1 1 1 1 1 0 1 0 1 0 0 1 0 1 0 1 1 0 1 0 1 0 0 0 1 0 0 1 1 0 1 1 0 1 0 0 0 0 1 1 1 0 0 1 0 1 1 1 0 0 1 0 1 0 0 0 1 0 1 1 0 0 0
1 1 1 0 1 0 1 0 0 1 0 1 0 1 1 0 0 1 1 0 0 1 0 0 1 0 1 0 1 0 0 0 1 1 1 0 0 1 1 1 1 1 0 0 0 0 1 1 1 0 1 0 1 1 1 1 1 1 0 0 0 0 1 0 1 0 1 1 0 1 0 0 0 1 0 1 0 0 1 1 1 0 1 1 1 1 1 0 1 0 1 0 0 1 0 0 1 0 0 1 0 0 1 1 1 1 1 0 0 1 0 1 0 0 0 1 0 1 1 1 0 1 1 1 0 1 1 1 1 0 1 0 0 1 1 0 0 0 0 0 1 0 1 1 0 1 1 1 1 0 1 0 1 1 0 1 1 1 1 0 0 0 0 1 0 1 1 0 0 0 1 0 0 0 1 0 0 1 0 0 0 0 1 1 0 0 1 1 1 0 1 0 1 0 0 0 0 1 1
0 0 1 1 0 1 1 0 1 1 0 0 1 0 1 1 1 1 0 0 1 0 0 1 0 1 0 0 0 0 1 1 0 1 0 0 1 1 1 0 0 0 0 1 0 1 0 1 1 1 1 0 0 1 0 1 1 0 1 1 1 0 1 0 0 0 1 1 1 0 1 0 0 0 1 0 0 1 0 0 1 0 1 0 1 0 0 1 1 0 0 1 0 1 0 0 0 0 1 1 0 1 1 0 1 0 1 1 1 0 0 0 0 0 1 1 1 0 1 1 0 0 1 0 0 1 1 1 0 1 0 1 1 1 0 0 0 0 0 0 1 1 1 0 0 1 1 1 0 0 1 1 1 1 1 0 0 1 1 0 1 0 1 0 0 1 1 1 1 1 1 0 1 0 0 1 0 1 1 1 1 1 0 1 0 0 1 0 1 1 0 1 1 0 1 1 0 1 1
0 1 1 1 1 1 1 0 1 0 1 1 0 0 0 0 1 0 0 1 1 1 0 0 1 0 0 1 0 0 1 1 0 1 1 0 0 0 0 0 1 1 1 0 1 0 0 0 1 0 1 1 0 1 0 0 0 1 1 0 1 1 1 0 0 1 1 0 1 0 0 0 0 0 0 1 0 1 0 0 0 1 0 0 0 1 1 1 0 0 1 0 1 1 1 0 1 1 1 0 1 0 0 0 1 0 1 0 0 0 1 0 1 0 1 0 1 1 0 0 1 0 0 1 1 0 0 1 1 0 0 0 0 1 1 0 0 0 0 1 1 0 0 1 1 1 0 0 0 0 1 1 1 0 0 1 0 1 0 0 0 1 0 1 0 1 0 0 0 0 0 0 1 0 1 0 0 1 1 1 1 0 1 1 1 1 1 1 0 1 1 1 0 0 0 1 1 0 1
1 1 1 0 0 0 0 0 1 0 1 0 0 0 1 0 0 0 1 0 0 1 0 1 1 0 1 1 1 0 1 1 0 1 0 1 1 1 1 1 0 0 1 0 0 0 0 1 0 1 1 1 0 1 0 0 1 1 1 0 0 0 0 0 1 1 1 0 1 1 1 1 0 0 0 1 0 0 1 0 1 1 0 1 1 0 1 0 1 0 0 0 1 0 0 1 1 1 1 1 1 1 0 1 1 1 0 0 0 1 0 1 1 1 0 0 0 1 0 1 0 1 0 0 0 1 1 0 1 0 1 0 0 0 0 0 0 1 0 1 1 0 1 1 1 1 0 0 0 1 1 1 1 0 1 0 0 0 0 1 0 0 1 0 1 1 1 1 1 0 1 1 1 0 1 1 0 0 1 1 0 0 0 0 1 0 0 1 0 0 1 1 1 1 0 1 0 0 0
1 0 0 1 0 1 0 0 0 0 0 1 0 0 1 1 0 1 0 0 1 0 0 1 1 0 1 0 1 0 1 0 0 0 0 1 1 0 1 0 1 1 1 0 1 1 0 1 1 0 0 1 1 1 1 1 1 0 0 1 1 1 0 0 0 1 0 1 0 0 1 0 1 1 0 0 0 1 1 0 1 0 1 0 1 0 0 0 0 0 1 1 0 1 0 1 1 1 1 1 0 1 0 0 0 0 1 0 0 0 1 1 0 1 1 1 1 0 1 0 0 1 1 0 0 1 1 0 0 1 1 1 1 0 1 0 0 0 0 1 0 0 0 1 0 1 0 0 1 1 0 1 0 0 1 1 1 0 1 0 0 0 1 1 1 0 0 0 1 1 0 0 1 1 1 0 0 0 1 0 1 1 0 1 0 1 1 1 1 0 1 1 0 1 1 0 0 0 1
0 1 1 0 0 0 1 1 1 0 1 1 1 1 0 1 0 1 1 0 1 1 0 0 0 1 0 0 0 0 1 1 0 0 0 1 0 0 1 1 1 1 0 0 0 0 1 1 1 0 0 1 1 0 0 0 0 0 1 1 0 0 0 1 1 1 0 1 0 1 1 1 1 0 0 1 0 0 0 1 0 0 1 0 0 0 0 1 0 0 1 1 0 1 1 0 1 1 0 0 1 0 0 0 1 0 0 1 1 1 0 0 0 1 0 1 1 0 0 0 0 1 1 0 1 0 1 0 1 1 1 1 0 0 0 0 1 0 1 0 0 0 1 0 1 0 1 1 1 0 1 0 0 0 1 0 1 1 0 1 0 0 0 1 1 1 1 0 0 0 0 1 1 1 0 1 0 0 1 0 0 1 1 1 0 0 1 0 1 1 1 1 1 0 1 0 0 0 1
1 1 1 0 0 0 1 0 0 1 1 0 1 1 1 1 0 0 1 0 1 0 0 0 0 0 0 0 1 0 0 1 0 1 1 1 1 0 0 0 1 0 1 1 1 0 0 0 0 0 0 0 1 0 1 0 0 0 1 0 1 0 1 0 0 1 1 0 1 0 1 1 0 0 0 0 0 0 0 0 0 0 1 1 0 1 1 1 0 1 1 1 0 0 0 0 0 1 1 0 0 0 1 1 0 0 0 0 0 0 0 1 0 0 1 0 1 0 1 0 0 0 1 1 1 0 0 0 0 0 1 1 1 1 1 1 1 0 1 1 0 0 1 0 0 0 0 0 1 1 0 1 1 1 0 1 0 0 0 0 0 0 0 1 1 0 1 0 1 1 1 0 1 0 1 0 1 0 0 1 0 0 1 0 1 0 1 1 1 0 0 0 1 0 0 1 1 1 1
0 1 0 0 0 1 0 0 0 0 0 0 1 1 0 0 0 1 0 0 0 0 1 1 1 0 0 1 1 0 1 0 1 1 0 1 0 0 1 0 0 0 0 1 0 0 1 1 0 1 1 0 0 1 0 1 1 0 0 1 1 0 0 1 0 1 0 0 0 1 1 0 0 0 0 0 0 0 0 1 1 1 1 0 0 0 1 0 0 1 1 1 1 1 1 1 1 1 1 1 1 0 0 0 1 1 0 1 1 0 0 0 1 0 1 1 0 1 0 1 1 0 1 0 1 0 0 0 0 0 1 1 1 1 0 0 1 1 1 0 0 1 1 1 0 0 0 0 1 0 0 0 1 0 0 1 0 0 1 1 1 1 1 1 0 0 0 0 0 1 0 0 0 0 1 1 0 0 1 1 1 1 1 0 1 0 1 1 0 1 1 1 1 1 1 1 1 1 0
1 0 1 1 1 1 1 0 1 1 1 1 0 0 0 0 1 0 1 1 0 0 0 0 0 0 1 1 0 1 1 1 1 1 0 1 0 0 0 0 1 0 1 0 1 1 1 0 0 0 0 0 0 0 1 0 0 1 1 1 0 0 1 1 0 0 0 1 0 0 0 1 0 0 1 0 1 1 0 1 1 1 1 1 0 0 1 1 0 1 0 1 0 1 1 1 1 1 1 1 0 1 1 1 0 1 1 0 1 1 0 1 0 0 0 0 0 1 1 1 0 1 0 1 1 1 1 0 0 1 1 0 0 1 0 1 0 0 0 0 0 1 0 1 0 1 1 0 0 0 0 0 0 1 0 0 0 0 1 0 0 1 1 1 1 1 1 0 1 1 1 0 1 0 0 1 0 0 0 0 0 1 0 1 0 1 1 0 0 0 1 1 1 0 1 0 1 0 1
1 0 1 0 1 1 1 1 1 0 0 0 0 0 1 1 0 0 0 0 0 1 1 1 1 1 1 0 0 0 0 0 1 1 0 1 0 1 1 0 0 0 1 0 0 1 0 0 0 1 0 1 1 0 0 1 0 0 1 1 1 1 1 1 1 1 0 1 0 0 0 0 1 1 0 0 1 0 1 0 0 0 1 1 1 1 0 0 0 0 0 0 1 0 0 0 1 1 0 1 1 1 1 0 1 1 0 0 1 0 1 1 1 1 0 1 1 1 1 1 1 0 0 1 0 1 0 1 0 1 0 1 0 1 0 1 1 1 1 0 0 0 0 1 0 0 1 1 1 0 1 1 0 1 1 1 0 0 1 1 1 0 0 1 0 1 0 0 0 0 1 0 0 0 1 1 0 1 1 1 0 0 1 0 1 1 0 0 1 0 1 0 0 1 0 1 1 1 0
1 0 0 1 1 1 0 0 0 0 1 0 1 1 0 1 0 1 0 1 0 1 0 0 1 0 1 1 0 0 1 1 1 1 1 0 0 0 1 0 1 1 1 0 1 0 0 1 0 0 1 1 1 0 0 1 0 1 1 1 1 1 0 0 0 0 1 1 0 1 0 0 1 1 1 0 0 1 1 1 1 0 0 0 1 1 1 1 1 1 1 1 1 0 0 0 1 0 1 1 0 1 1 0 1 0 0 1 0 1 1 0 1 1 0 0 1 1 0 1 1 0 1 0 1 1 1 0 1 1 1 0 0 1 0 1 1 0 1 0 0 0 1 1 1 1 1 1 0 1 0 1 0 0 0 0 0 1 1 0 1 1 1 0 0 1 1 1 0 1 0 1 1 0 0 0 1 1 0 1 0 1 0 0 0 0 1 1 0 0 1 0 1 1 1 1 1 0 1
0 1 1 0 1 0 1 1 1 1 1 1 1 0 0 1 0 0 0 0 1 1 1 0 1 1 0 1 1 1 1 0 0 0 0 0 1 1 1 0 0 1 1 0 1 0 0 0 1 1 0 0 1 0 0 0 1 0 0 1 0 1 0 0 0 1 0 1 1 1 1 0 0 0 1 1 0 1 1 0 1 1 0 0 0 1 1 1 0 1 1 0 0 0 0 1 1 0 0 0 0 1 0 1 1 0 0 1 0 0 0 1 0 0 0 0 1 1 0 0 0 1 1 0 0 0 0 0 0 1 0 0 1 0 0 1 0 0 1 1 0 1 1 0 1 1 1 0 1 1 1 0 1 1 1 1 0 1 1 1 1 0 0 1 0 1 0 0 0 1 0 0 0 1 0 1 0 0 1 0 1 1 0 1 0 1 0 1 0 0 1 0 1 1 0 0 1 1 1
0 1 0 1 0 1 0 0 1 1 1 0 1 1 1 0 1 0 0 0 1 0 1 0 1 0 0 0 1 0 1 0 0 0 1 1 0 1 1 0 0 1 0 0 0 0 1 0 0 0 1 0 1 0 0 0 0 1 1 1 0 0 0 1 1 1 1 1 1 0 0 0 1 1 0 0 0 0 1 1 1 1 1 0 0 0 1 0 1 1 0 1 1 0 0 1 1 1 0 0 1 1 1 1 0 1 1 0 0 1 1 1 1 1 1 1 1 0 1 0 0 1 0 1 1 0 1 0 1 1 0 1 0 1 0 0 0 1 1 1 1 1 0 0 0 0 1 0 0 0 0 0 0 1 0 1 0 1 0 0 1 1 1 1 1 1 0 1 0 0 1 1 1 1 1 1 0 0 0 0 0 0 1 0 0 1 0 1 1 1 0 1 0 0 1 0 1 0 1
1 1 0 0 1 0 1 0 1 1 1 0 1 0 0 0 1 0 0 0 0 1 0 0 0 1 0 0 1 1 1 0 1 0 1 0 0 1 0 1 1 1 1 1 1 0 0 0 1 1 0 1 0 1 0 1 0 1 0 1 0 0 1 1 1 0 1 0 0 0 1 1 1 1 0 0 1 1 1 1 0 1 0 1 0 1 1 1 0 0 1 0 1 1 0 1 0 1 0 0 0 1 1 0 0 0 0 1 0 1 0 0 1 0 1 1 0 0 1 0 0 1 1 0 1 0 1 0 0 1 0 1 1 1 1 0 0 0 0 1 0 0 1 1 0 0 1 1 0 0 0 1 1 1 1 1 0 1 0 1 0 0 1 0 0 1 1 0 1 0 0 0 0 0 0 1 0 1 1 0 0 1 0 0 1 0 1 1 0 1 0 1 0 1 0 1 1 0 0
1 1 1 0 0 0 0 0 1 1 1 0 1 0 1 0 0 0 1 0 0 1 1 0 0 0 1 0 0 1 1 1 0 0 0 0 0 0 0 1 0 0 1 1 0 1 0 0 1 0 1 1 0 0 1 0 1 0 0 0 0 1 0 0 1 0 1 0 0 1 1 1 0 1 1 0 1 0 0 1 1 0 0 0 1 1 0 0 1 1 0 1 0 0 0 0 1 1 1 0 1 0 0 0 0 0 0 0 1 1 1 0 1 0 1 1 1 1 1 0 0 1 0 0 1 0 1 0 1 1 1 0 1 1 1 0 1 0 1 0 1 1 1 1 0 1 1 0 0 1 1 0 0 0 0 1 1 1 1 1 1 0 0 1 0 1 0 0 0 1 1 1 0 1 0 0 0 1 0 1 0 1 1 1 1 1 0 1 1 0 0 0 0 0 1 1 0 1 0
1 0 1 1 1 1 0 1 1 1 0 1 0 0 0 1 0 0 1 1 1 1 0 1 1 0 0 0 1 1 1 0 0 1 1 0 0 1 0 1 0 0 1 1 0 1 0 1 1 1 0 0 1 1 0 0 0 0 1 0 1 1 1 1 0 1 0 0 0 1 1 0 0 1 0 0 0 0 0 1 0 1 0 1 0 0 1 1 1 1 0 0 1 1 0 0 0 1 0 0 1 1 1 0 0 0 1 1 1 1 0 1 0 0 1 1 1 0 1 0 1 1 0 0 1 1 1 0 1 0 0 1 0 0 0 0 0 1 1 0 1 0 1 1 1 1 0 1 0 1 0 0 0 1 0 1 1 0 1 0 1 1 1 0 0 0 0 1 1 0 1 1 0 0 1 0 1 0 0 0 1 1 1 1 0 0 1 0 0 0 1 0 1 1 0 0 0 0 1
0 0 0 0 1 0 0 0 0 0 1 1 1 0 0 1 1 0 0 0 0 0 1 1 1 0 1 0 1 1 0 0 0 0 1 1 1 0 1 1 0 0 1 0 1 1 0 1 1 1 1 0 0 1 1 0 1 0 1 0 1 0 1 1 0 1 0 1 0 1 0 1 0 0 0 0 1 0 0 0 0 1 1 0 1 1 0 1 1 1 0 1 1 1 1 1 1 1 1 0 1 0 0 1 1 0 0 0 0 1 0 1 0 0 0 1 0 1 0 0 1 0 0 1 1 0 0 1 1 1 0 0 1 0 0 0 0 0 0 0 0 1 0 0 0 0 1 1 0 0 0 1 0 1 0 0 1 1 1 0 1 1 1 0 1 1 1 1 1 1 1 1 0 0 1 0 1 1 1 1 0 1 1 0 1 1 0 0 1 0 0 1 0 0 0 0 1 0 0
1 0 0 0 0 1 0 0 1 1 1 1 0 1 1 0 0 1 1 0 1 1 1 1 1 1 1 0 1 1 0 1 1 1 0 0 0 0 1 1 0 1 1 1 0 0 0 0 1 1 0 1 1 1 1 1 1 1 0 0 0 0 0 1 0 0 1 1 0 1 1 0 1 0 0 0 0 1 1 0 0 0 1 0 0 1 1 0 0 1 0 0 0 0 1 1 1 0 0 0 0 0 1 0 1 1 1 1 1 1 0 0 0 0 1 0 1 0 0 0 0 0 0 0 0 1 1 1 0 0 1 0 1 1 0 0 0 0 1 1 1 0 0 1 0 0 1 0 1 0 0 1 0 0 1 1 0 0 1 1 1 0 0 0 1 0 1 1 1 1 1 1 1 0 0 0 1 0 0 0 0 1 1 1 1 1 0 0 0 1 0 0 1 0 1 1 1 0 1
0 0 1 0 0 0 0 1 0 1 1 1 1 1 0 0 1 0 0 1 1 1 1 0 1 0 0 0 0 0 1 0 1 1 1 1 1 1 1 0 1 0 1 0 1 0 0 1 0 1 0 1 0 0 0 0 0 0 1 0 1 0 1 0 0 0 1 0 1 0 1 1 1 0 1 0 0 1 1 1 1 0 1 1 1 1 1 0 1 0 0 0 0 1 1 0 1 0 0 1 0 0 0 0 0 1 1 0 1 0 1 0 1 0 0 1 1 0 0 0 0 1 1 1 0 1 1 0 0 1 0 0 0 0 1 0 1 1 1 0 1 1 0 0 0 1 0 0 1 1 1 0 0 1 1 1 0 0 0 0 1 1 1 0 1 0 1 1 0 1 1 1 0 1 1 0 0 1 1 0 0 1 0 1 1 0 1 1 1 0 1 0 0 0 1 0 1 0 0
1 1 1 1 1 0 0 0 1 1 1 1 0 1 1 1 1 1 0 0 0 1 0 1 0 0 0 0 1 0 1 1 0 1 0 1 0 0 0 1 1 1 1 1 1 0 1 1 0 1 1 1 1 1 1 1 0 0 0 0 0 1 1 0 0 0 0 0 0 1 0 1 0 1 1 1 0 1 1 0 0 0 0 1 0 1 1 1 0 1 1 1 0 0 1 0 0 1 0 0 1 1 1 1 0 1 1 0 0 0 1 0 0 0 1 1 0 0 1 0 0 1 1 1 0 0 0 1 0 1 0 1 0 1 0 0 1 0 1 0 0 1 0 1 0 1 1 0 1 0 1 0 1 0 0 0 1 0 1 1 0 1 1 0 1 1 1 1 0 0 0 0 0 1 0 0 1 1 1 1 0 0 0 0 1 1 0 0 0 0 1 1 1 0 0 0 0 1 0
1 0 0 1 1 0 0 1 0 1 1 0 0 1 1 0 1 1 1 0 1 1 0 1 0 1 0 1 0 1 0 0 0 0 1 0 0 0 0 0 0 0 1 1 0 1 1 0 0 1 0 0 1 0 0 0 1 0 1 1 1 1 1 1 1 1 0 1 1 1 0 1 0 0 0 0 0 1 1 1 1 1 0 1 0 1 1 0 0 0 1 0 1 0 0 1 1 0 1 1 0 0 0 0 1 1 0 0 0 1 1 1 1 0 1 1 0 0 0 1 0 1 1 0 1 1 0 1 1 1 0 0 0 1 0 1 1 0 1 1 1 0 0 1 1 0 0 1 1 1 1 1 1 1 0 0 1 0 1 0 0 0 0 0 1 1 0 0 0 1 0 1 1 0 0 0 1 0 0 0 1 0 0 1 1 0 0 1 0 0 0 1 0 0 1 1 0 0 0
0 0 0 1 0 1 0 1 0 0 1 0 0 1 1 1 0 1 1 0 1 0 0 1 1 1 0 1 1 1 1 1 1 1 0 1 1 1 1 1 1 1 1 0 0 1 0 1 0 1 0 1 1 1 1 0 0 1 0 0 0 0 1 1 1 0 0 0 1 1 0 0 0 0 1 0 1 0 1 1 0 0 0 1 1 1 0 0 0 0 0 0 1 1 0 0 0 0 0 0 0 1 1 0 1 1 0 0 1 0 1 0 1 1 1 0 0 1 1 1 0 0 1 1 1 0 0 1 0 0 0 0 1 0 0 1 0 0 1 0 1 1 0 0 0 1 0 1 0 1 0 0 1 1 0 0 0 1 0 0 0 1 1 0 0 1 0 0 1 1 1 0 0 1 1 0 1 0 1 0 1 1 1 1 0 0 0 0 0 1 0 1 1 1 0 0 1 1 1
0 0 0 0 1 0 1 0 1 1 1 1 0 1 0 1 1 0 0 1 1 1 1 1 1 1 1 1 1 0 0 1 0 1 1 0 1 1 1 0 0 0 0 0 0 1 1 0 1 0 0 0 1 0 1 1 0 1 0 0 1 1 1 1 1 1 0 0 1 1 1 1 0 1 0 0 0 0 1 1 0 0 0 0 0 0 1 0 1 0 0 1 0 1 1 0 0 1 0 1 1 0 0 1 1 0 0 0 1 1 1 0 0 1 1 0 0 0 0 1 0 0 0 0 0 1 0 0 0 1 1 0 0 1 1 1 1 0 0 0 0 1 0 1 1 0 1 0 0 0 0 0 1 1 0 0 1 1 0 1 1 0 1 1 0 0 1 1 1 1 0 0 0 0 1 0 0 0 1 0 1 1 0 0 0 1 0 1 1 0 1 1 0 1 1 1 0 1 1
0 0 0 0 1 1 0 0 1 0 0 1 0 0 1 0 0 0 0 1 0 1 1 0 0 0 0 0 1 1 1 1 1 1 0 1 1 1 0 1 0 1 0 1 1 1 1 0 1 0 1 0 1 1 0 1 1 0 1 0 1 1 0 0 1 1 1 1 1 0 0 1 1 0 1 0 1 1 1 0 0 1 1 0 0 0 0 1 0 0 0 0 0 0 1 0 1 0 0 1 1 0 0 0 1 0 0 0 0 1 0 0 1 0 1 1 1 0 1 1 1 1 0 0 0 1 1 1 1 0 0 0 1 1 1 1 1 0 1 0 1 0 1 1 0 0 0 0 1 1 1 0 1 1 1 0 1 0 0 1 1 1 1 0 0 1 1 0 0 1 1 1 0 0 1 0 0 0 1 1 1 0 0 0 0 0 1 0 0 1 1 0 1 1 1 0 0 1 1
0 0 0 0 1 0 1 1 1 1 0 1 0 0 0 1 1 1 0 0 1 0 0 0 1 0 1 1 1 0 0 1 1 1 0 1 0 1 1 1 1 1 0 1 0 1 1 1 0 0 0 0 0 0 0 1 0 1 0 1 0 0 0 0 0 0 0 1 0 0 1 1 1 0 1 1 1 1 0 0 0 1 0 1 1 1 1 1 0 0 0 1 1 1 0 1 0 0 1 0 1 1 0 0 1 1 0 0 1 1 0 0 0 1 1 0 0 1 1 0 1 0 1 0 1 0 1 1 1 0 0 0 0 1 1 1 0 0 1 0 1 1 1 1 1 1 0 1 1 1 1 0 0 0 1 1 1 0 0 0 1 0 0 0 1 0 0 1 0 0 0 1 1 1 0 1 0 0 0 0 0 1 1 0 1 1 1 0 1 0 1 0 0 0 0 1 0 1 0
0 0 1 0 1 1 0 1 0 1 1 1 0 0 1 0 1 1 1 1 0 0 1 0 1 1 1 0 1 1 1 0 1 1 1 0 0 0 1 1 0 1 1 1 1 1 0 0 1 0 1 0 0 0 0 1 0 1 1 0 1 1 1 1 0 1 0 0 0 1 1 1 1 1 1 0 0 1 0 0 1 0 1 0 1 0 1 1 0 1 1 0 1 0 0 1 0 1 0 1 1 0 0 0 0 0 1 1 1 0 1 1 1 1 1 1 1 1 1 1 0 0 1 1 0 0 1 0 0 1 0 0 1 0 0 1 0 0 0 0 0 0 1 0 0 1 0 0 0 1 0 1 0 1 1 0 0 1 0 1 0 0 1 1 1 1 1 1 0 0 0 1 1 0 0 0 0 0 0 1 0 0 1 1 1 0 0 1 0 0 1 1 0 1 1 0 0 0 0
1 1 1 0 0 0 1 1 0 0 0 0 0 1 0 0 0 1 0 1 0 1 0 0 0 1 0 1 1 0 0 1 0 0 1 0 1 0 0 0 0 0 1 1 0 1 1 1 0 0 1 1 1 0 0 1 1 0 1 1 0 1 1 0 0 0 0 0 0 0 0 0 0 0 0 0 1 1 0 1 0 1 0 0 1 0 1 1 0 1 0 0 0 0 0 1 1 0 0 0 1 0 1 0 1 1 0 1 1 1 1 0 1 1 0 1 1 0 0 1 0 0 0 1 0 0 1 1 1 0 0 1 0 0 1 0 0 1 0 1 0 1 1 0 1 0 1 0 1 0 0 1 1 1 1 1 0 1 0 0 1 0 1 0 0 0 1 0 0 1 0 0 1 0 1 0 0 0 0 1 0 1 0 0 1 1 0 0 0 0 1 1 1 0 0 0 1 0 1
0 0 1 1 1 0 1 1 0 0 0 1 0 1 1 1 1 1 1 0 1 0 1 0 0 0 0 0 0 1 0 1 1 1 0 0 0 0 0 1 0 1 0 1 1 0 1 0 1 1 1 0 1 0 0 1 0 1 0 0 1 0 0 1 1 0 1 1 0 1 1 1 1 1 0 0 1 1 0 0 1 1 0 1 0 1 0 1 1 1 0 0 0 1 0 1 1 1 1 1 1 1 1 0 1 1 0 1 0 0 1 1 0 1 0 1 1 1 0 1 0 0 0 0 1 1 0 1 0 0 1 0 0 0 1 0 0 1 1 1 0 1 1 0 1 1 0 1 0 0 0 1 1 1 0 1 0 1 1 1 0 0 1 0 1 1 1 1 0 1 1 1 1 0 0 0 0 0 0 1 1 0 1 0 0 0 1 0 1 0 1 0 0 1 0 1 1 1 1
0 0 0 1 0 0 1 0 0 1 0 1 1 0 1 1 1 0 1 1 0 1 1 1 0 1 1 1 0 0 0 1 0 1 1 1 1 1 0 0 1 1 1 0 0 0 0 0 0 0 0 0 1 1 0 1 1 1 1 0 0 1 0 0 0 0 1 1 0 0 1 0 0 0 1 1 1 1 1 0 0 1 0 1 0 1 0 0 1 1 1 0 0 0 1 0 1 1 1 0 1 0 1 0 1 0 0 1 1 0 0 1 1 0 1 1 0 1 1 1 0 0 0 1 1 0 1 1 0 1 0 1 0 0 1 0 1 0 0 1 0 0 0 1 1 0 0 0 1 1 0 1 0 1 0 0 0 1 1 0 0 1 0 0 0 1 0 1 0 0 1 1 0 0 0 0 0 0 1 0 0 1 0 1 1 0 1 1 1 0 1 1 1 1 0 1 1 1 0
1 1 0 1 1 1 1 0 1 1 0 0 0 1 1 1 1 0 1 1 0 1 0 0 0 1 1 0 0 0 0 1 1 0 1 1 1 1 1 0 1 1 1 1 1 0 1 0 1 1 0 0 0 1 0 0 0 0 1 0 1 0 0 1 1 0 0 1 1 1 0 1 0 1 1 1 1 0 0 0 1 1 0 0 0 1 1 0 1 1 1 1 1 1 1 0 1 0 0 1 0 1 0 1 0 0 0 0 1 1 0 1 1 1 1 0 0 1 1 0 0 0 1 0 0 1 1 1 1 1 0 1 0 0 0 0 0 0 0 0 0 0 1 1 1 0 0 0 1 1 0 0 0 0 1 1 1 0 1 1 0 1 1 1 1 1 1 1 0 1 0 0 1 0 1 0 1 1 0 1 1 0 0 1 0 1 1 0 0 0 0 0 1 0 0 1 1 1 0
0 1 0 1 0 0 1 0 1 0 0 0 1 0 0 0 1 0 0 1 1 0 0 0 0 1 0 0 0 1 0 0 0 1 1 1 0 0 1 1 1 1 0 1 0 0 0 0 0 0 0 0 1 1 0 1 1 1 0 1 0 0 0 1 0 0 0 0 1 1 1 1 0 1 0 1 0 1 0 1 0 0 0 1 1 0 0 1 0 0 1 0 1 0 1 0 0 1 0 1 0 1 0 0 1 0 1 0 0 0 0 1 0 1 0 1 0 0 0 1 0 0 0 1 1 1 1 1 1 0 0 1 1 0 1 0 0 1 1 1 1 1 0 1 1 1 0 0 0 1 1 1 0 0 1 1 1 1 1 1 1 1 0 0 0 1 0 0 1 1 0 0 1 0 1 1 1 1 1 0 0 0 1 0 0 0 0 0 1 0 1 0 1 0 1 0 1 1 1
0 0 0 1 0 1 1 1 0 1 1 0 0 0 0 1 0 0 0 0 1 1 1 1 1 0 1 0 0 1 1 1 0 1 1 0 0 0 0 1 1 0 1 1 1 0 0 1 0 0 1 0 0 0 1 1 0 1 0 0 1 1 0 0 1 0 0 0 1 0 0 0 1 0 0 1 1 1 0 1 1 1 1 1 0 0 1 0 1 1 0 0 0 1 0 1 0 1 0 1 0 0 0 1 1 1 1 0 1 1 0 1 0 1 0 1 1 0 0 0 1 1 0 0 0 0 0 1 0 1 0 0 0 1 1 0 1 0 1 1 0 0 0 0 1 1 1 1 1 1 0 1 0 0 0 0 0 1 1 0 0 0 0 1 1 1 0 0 1 1 1 0 0 0 1 1 0 0 1 0 1 0 1 0 1 0 0 0 0 1 1 0 1 0 1 1 0 1 0
1 0 0 0 1 0 1 1 0 0 1 0 0 0 1 1 0 1 1 0 0 1 1 0 0 1 1 1 0 1 1 1 0 0 0 0 1 1 0 0 0 0 0 1 1 1 0 0 1 0 0 0 0 1 0 0 0 1 0 0 0 0 0 0 1 1 1 1 1 1 1 0 0 1 0 1 1 1 0 0 0 0 1 0 1 0 0 1 1 1 1 0 1 0 1 0 0 1 0 1 0 1 1 0 0 1 1 1 1 0 1 1 1 1 0 1 0 0 0 0 1 1 0 0 0 1 0 0 0 0 0 1 0 1 1 1 0 1 1 0 1 1 0 0 1 1 1 1 1 0 0 0 1 1 0 0 1 0 1 0 0 0 0 0 1 0 0 0 0 1 0 1 1 0 0 0 0 1 1 1 1 1 1 0 0 1 1 1 1 0 1 1 1 0 1 0 1 0 0
1 1 1 0 0 1 0 1 0 1 1 1 1 0 1 1 0 0 0 0 1 0 1 1 0 0 1 1 1 0 0 0 1 1 1 0 1 0 0 1 1 0 1 0 0 0 1 0 0 0 1 0 0 0 0 0 1 1 0 1 1 0 1 1 0 1 0 1 1 0 0 0 1 1 1 1 1 1 0 1 1 0 0 1 0 1 0 0 0 0 1 1 0 1 1 0 0 1 0 1 0 0 0 1 0 0 0 0 1 0 1 0 1 1 1 1 0 0 0 0 1 0 0 0 1 0 1 0 0 0 1 1 0 1 0 0 0 1 0 0 1 0 1 1 0 1 1 1 1 0 1 1 1 1 1 0 1 1 1 0 0 0 1 1 1 1 0 1 0 0 0 1 1 0 0 1 1 0 1 1 0 0 0 1 0 1 0 0 0 0 1 0 1 1 0 0 0 0 1
0 0 1 1 0 1 0 1 0 1 1 0 1 0 0 0 0 1 1 0 1 1 0 0 1 1 1 1 1 0 0 1 0 0 1 1 0 0 1 0 0 1 1 1 0 0 0 0 1 0 1 1 1 1 0 0 1 0 1 1 0 0 1 0 1 1 0 1 1 1 0 1 1 0 1 0 0 0 0 1 0 0 0 0 1 0 0 1 0 0 0 1 1 0 1 1 0 0 0 1 0 1 1 0 0 1 0 1 1 1 1 1 0 0 0 0 1 1 1 1 0 0 1 0 1 1 0 0 0 0 0 1 1 1 1 0 1 1 0 0 0 0 0 1 1 0 1 0 1 0 1 0 0 0 0 1 1 1 1 0 0 1 0 0 0 1 1 1 1 1 1 1 0 1 1 0 0 0 1 0 1 0 1 0 1 1 0 1 1 1 0 0 1 1 0 1 0 1 0
0 0 1 0 1 1 1 1 0 1 1 0 0 0 1 0 0 0 1 0 0 1 0 1 0 1 0 1 0 0 0 0 0 0 0 1 1 0 0 1 0 0 0 1 0 1 0 0 1 0 1 1 1 1 1 1 1 0 1 1 1 1 0 0 0 0 1 0 0 0 0 1 1 1 1 1 0 0 1 0 1 0 0 1 1 1 1 1 1 0 0 0 0 1 1 0 1 1 0 1 0 1 0 1 0 1 1 1 1 0 1 1 1 1 1 1 1 1 0 0 0 0 1 0 1 0 1 1 1 1 1 1 0 1 0 1 0 0 1 0 1 1 0 0 1 0 0 1 0 0 0 0 0 0 0 1 1 1 0 0 1 1 1 1 1 0 1 0 1 0 0 0 1 0 0 1 0 0 0 1 0 1 0 0 1 0 0 1 1 1 1 1 0 1 1 0 1 1 1
1 0 0 1 0 1 1 1 1 1 0 1 1 1 0 1 0 0 0 0 1 1 1 1 1 0 1 1 1 1 0 0 1 0 0 1 1 0 1 1 1 0 0 1 1 1 1 0 0 1 0 1 0 1 0 1 1 1 0 1 0 1 0 0 1 1 1 0 0 0 1 0 0 1 0 0 0 0 0 0 0 1 1 1 1 0 1 1 1 0 1 1 0 0 0 0 0 0 1 1 0 0 0 1 0 1 0 0 0 0 0 1 1 0 0 1 0 1 0 1 0 1 1 1 1 0 0 1 0 0 0 0 0 0 1 1 0 1 0 0 0 0 0 1 1 1 1 0 0 0 1 1 1 1 1 0 0 0 0 1 1 1 1 1 1 1 1 1 0 0 1 0 0 0 1 0 0 0 0 1 1 0 1 1 0 1 0 0 0 1 0 0 1 0 1 0 0 1 0
0 1 1 0 1 0 0 0 0 0 1 1 0 0 1 0 1 1 1 0 1 1 1 0 0 1 0 0 0 1 0 0 1 1 0 1 1 1 0 1 1 0 1 0 1 1 0 1 1 0 1 0 0 1 0 1 1 1 0 1 0 0 0 0 1 1 1 1 0 0 0 0 1 0 1 1 1 0 0 1 0 0 0 0 1 0 1 0 1 0 0 0 1 0 1 1 1 1 1 0 0 1 0 0 1 0 1 0 1 0 1 1 0 1 1 0 1 0 0 0 0 1 1 1 1 1 0 0 0 0 1 1 0 0 1 1 1 0 1 0 0 1 1 1 1 1 0 1 1 1 0 1 1 1 0 0 0 1 1 1 1 1 1 0 0 1 0 1 1 0 1 0 1 0 1 0 0 0 0 1 1 1 0 0 1 1 1 1 1 1 0 0 0 0 0 1 0 0 0
1 0 1 1 1 1 1 1 0 1 0 1 0 0 0 1 1 0 1 0 1 1 1 0 0 0 0 1 1 0 0 1 0 1 0 1 0 0 1 0 1 1 0 0 0 1 1 0 0 0 0 0 1 1 1 1 1 0 0 1 1 1 1 1 1 0 1 0 0 0 0 0 1 0 0 0 0 0 0 1 0 0 1 0 1 1 0 0 1 1 1 0 1 0 1 1 1 0 1 0 1 1 1 1 0 1 1 1 1 1 0 0 1 0 0 0 0 0 1 0 1 1 0 0 1 0 0 1 1 0 1 0 1 0 0 0 0 0 1 0 0 1 0 0 1 1 1 1 1 1 1 1 1 1 1 0 1 1 0 1 0 0 1 1 0 0 1 1 0 1 0 0 1 1 1 0 1 0 1 1 1 0 0 1 1 0 0 1 1 1 0 0 1 1 1 1 1 1 0
0 0 1 0 0 0 1 0 0 1 0 0 0 0 1 0 1 1 1 0 0 1 0 0 0 0 0 1 1 1 0 1 1 0 1 1 1 0 1 0 1 1 0 0 0 0 1 0 0 1 0 1 1 1 0 0 1 1 1 0 1 1 0 0 0 1 0 0 0 1 0 0 1 0 1 0 0 1 1 0 0 0 1 0 0 1 1 1 0 1 1 0 0 1 1 0 0 1 0 0 1 1 0 1 1 1 0 0 1 1 0 1 0 1 1 0 0 0 0 1 1 1 0 1 0 1 1 0 0 1 1 0 1 0 1 0 1 1 0 0 0 0 1 1 0 1 0 0 0 0 1 1 0 1 0 0 0 1 0 0 0 0 0 1 1 0 0 1 1 0 0 0 0 1 0 1 1 1 0 1 1 1 1 1 1 1 1 0 0 1 0 0 0 1 1 1 1 1 1
0 1 0 1 1 1 0 0 1 1 0 0 0 1 1 1 1 1 0 0 0 0 0 0 0 0 0 1 0 1 0 1 0 0 1 1 0 1 0 1 1 1 0 0 1 1 0 1 1 1 0 1 0 0 0 1 1 0 1 1 1 0 1 1 0 1 0 0 0 1 1 0 1 0 0 1 1 1 0 1 1 0 1 1 0 1 1 0 1 0 0 0 0 0 0 1 0 1 0 0 1 0 0 0 1 1 1 1 0 0 1 1 0 0 0 0 0 0 1 1 0 0 0 0 0 0 1 0 1 0 1 0 1 1 1 1 0 0 1 0 1 0 0 0 1 0 1 1 1 1 0 0 0 1 1 1 1 1 1 1 0 0 1 1 0 0 0 1 1 1 0 1 0 0 1 1 1 1 1 1 1 0 0 1 0 1 0 1 0 1 0 1 1 0 0 1 1 0 1
1 1 1 0 0 1 1 0 0 0 0 1 1 0 0 0 1 1 0 0 0 1 0 0 0 1 1 0 1 1 1 1 0 1 1 1 0 0 1 1 1 1 0 0 0 1 0 0 1 1 0 0 0 0 1 0 0 0 1 1 0 1 0 0 1 1 0 0 1 1 0 0 1 1 1 0 1 1 0 0 1 1 0 0 1 1 1 0 0 0 0 0 0 1 1 0 1 0 0 1 1 0 1 1 1 0 1 0 1 1 1 1 1 0 1 1 0 1 1 1 1 1 0 1 0 0 1 1 0 0 1 1 0 1 0 1 0 1 1 1 1 1 1 1 1 0 0 0 1 0 1 1 0 0 0 0 1 1 0 0 0 0 1 1 0 1 0 0 1 1 0 1 0 1 0 0 1 0 0 0 1 0 1 1 0 0 0 0 1 1 1 0 0 0 0 1 1 0 0
1 1 0 1 1 1 1 0 0 0 1 0 1 0 0 0 0 1 1 0 0 1 1 1 0 0 0 0 0 1 1 1 1 0 1 0 0 1 1 0 0 1 0 0 1 1 0 1 1 0 1 1 1 1 0 1 0 1 0 0 1 0 0 0 0 1 1 1 0 0 1 1 0 0 1 0 1 1 0 1 1 0 0 1 0 1 0 0 1 1 0 0 0 0 0 1 1 0 1 1 1 1 0 1 1 0 0 1 1 1 1 1 1 1 1 0 0 0 0 0 0 0 1 1 0 0 1 0 0 1 1 0 1 1 0 1 0 1 1 1 0 0 0 1 0 0 0 0 0 0 1 0 1 1 1 0 1 1 0 0 1 1 0 1 1 0 0 0 2 1 1 0 1 1 0 0 1 0 1 1 1 0 1 0 0 1 0 0 1 1 1 1 1 1 0 0 0 0 0
0 1 1 1 0 1 0 1 1 0 0 1 0 0 1 1 0 1 1 1 1 0 1 0 0 1 0 1 1 0 0 1 1 0 1 0 0 0 0 1 0 1 1 0 1 0 1 1 1 0 0 1 1 1 0 0 0 0 1 0 0 0 1 0 0 0 1 0 0 1 1 1 0 0 0 0 1 0 1 1 1 1 1 0 1 0 1 0 1 0 1 0 0 1 0 0 0 0 0 1 1 1 0 1 0 0 1 0 1 1 0 0 0 0 0 0 0 1 1 1 1 0 1 0 0 1 0 1 0 1 0 0 1 0 0 1 1 1 1 1 1 1 0 1 0 0 0 1 1 0 0 1 0 1 0 0 1 0 1 0 1 0 0 1 0 1 0 1 2 0 0 1 1 1 0 0 0 0 1 1 1 0 0 1 0 1 0 1 0 1 1 1 0 1 1 1 1 1 0
1 1 1 0 0 0 0 0 1 0 1 0 1 0 0 1 1 1 0 0 1 0 1 0 0 0 0 0 1 0 0 1 1 0 1 0 1 0 0 1 0 1 1 0 1 0 1 1 1 0 0 1 1 1 0 0 0 0 1 1 0 0 1 0 1 0 1 0 0 1 1 1 0 0 0 0 1 0 1 1 1 1 0 0 1 0 1 0 1 0 1 0 0 1 0 0 0 0 0 1 1 1 0 1 0 0 1 0 1 1 0 0 0 0 0 1 0 1 1 1 1 0 1 0 0 1 0 1 0 0 0 0 1 0 0 1 1 1 1 1 1 1 0 1 0 0 0 1 1 0 0 1 0 1 0 0 1 0 1 0 1 0 0 1 0 1 0 1 2 0 0 1 1 1 0 0 0 0 1 1 1 0 0 1 0 1 0 1 0 1 1 1 0 1 1 1 1 1 0
