63 34 2^34 4
0 0 0 0 1 1 0 1 0 1 1 1 1 1 0 1 0 1 1 1 1 1 0 0 0 1 0 0 0 0 1 1 0 1
1 0 1 1 0 1 0 1 1 0 1 1 0 0 1 0 0 0 0 1 1 0 0 0 1 1 1 1 0 1 0 0 0 1
0 0 0 1 0 1 1 0 0 1 0 0 0 1 1 1 1 0 1 1 0 0 1 1 0 1 1 1 0 1 1 0 0 1
0 0 1 1 1 0 0 1 0 1 1 0 1 0 1 1 0 1 0 0 0 0 0 1 1 1 0 1 1 1 1 0 0 0
1 1 1 1 0 0 1 0 1 0 0 1 0 1 0 0 1 0 0 0 0 0 1 1 1 0 1 1 1 1 0 0 1 0
0 1 1 0 0 1 0 1 1 0 0 0 0 0 0 1 0 0 0 0 0 1 1 1 0 1 1 0 1 0 1 1 0 1
0 1 0 0 0 0 1 1 0 1 0 1 1 0 1 0 0 0 0 0 1 1 1 0 1 1 1 0 0 1 1 1 1 0
0 0 1 0 1 1 0 0 0 0 0 1 0 1 1 1 0 1 0 1 0 1 1 0 1 0 1 1 1 1 0 1 0 0
1 0 0 0 1 1 0 0 1 1 0 0 0 0 0 0 0 1 1 0 1 0 1 1 1 1 0 0 1 1 0 1 1 1
0 0 1 1 0 0 0 0 1 1 1 1 1 1 0 0 0 0 1 0 0 1 1 0 0 1 0 1 0 1 0 1 1 1
1 0 1 0 1 0 1 0 1 1 1 1 0 0 0 1 1 1 0 0 1 1 1 1 0 1 1 1 0 0 0 0 0 0
0 0 1 1 0 0 0 0 1 0 0 1 0 1 1 1 0 1 1 0 1 1 0 1 1 1 0 0 0 0 1 0 1 0
0 1 1 1 1 0 0 1 1 1 0 1 0 0 1 1 1 1 0 1 0 0 1 0 0 0 0 1 0 0 0 1 1 1
0 1 0 0 1 0 1 0 0 1 0 0 1 1 0 1 1 1 1 0 0 1 1 1 0 0 0 0 1 0 1 1 1 0
1 0 0 1 0 1 0 0 1 0 0 0 1 0 1 1 1 1 0 0 1 1 1 0 0 0 0 1 0 1 1 1 0 0
1 0 1 0 0 0 0 1 1 1 0 0 1 1 1 1 1 0 1 0 1 1 0 0 0 0 1 0 1 1 0 0 0 1
1 1 0 1 0 0 1 1 0 0 0 1 0 1 1 1 0 1 1 0 1 0 0 0 0 1 0 1 1 0 0 1 0 1
0 0 1 0 1 1 1 0 1 0 1 1 1 0 1 0 1 1 1 0 0 0 0 0 1 0 1 0 0 0 1 1 0 1
1 1 0 1 0 1 0 1 0 0 1 1 1 1 0 1 1 1 0 0 0 0 0 1 0 1 1 0 0 1 0 1 1 0
1 1 1 0 1 1 1 0 1 1 1 0 0 1 1 1 0 0 0 1 1 0 0 0 0 1 0 0 0 1 1 1 1 0
1 1 0 0 1 1 0 0 0 1 0 1 1 1 1 1 0 0 0 0 0 1 0 1 1 0 0 1 0 0 0 0 1 1
1 0 1 0 0 0 1 1 1 1 0 1 1 1 0 0 0 1 0 1 0 0 0 1 0 0 0 1 1 1 1 1 0 0
0 1 0 0 0 0 0 0 1 0 1 1 1 0 1 1 0 1 0 1 1 0 1 1 0 0 1 1 1 1 1 0 1 1
1 1 0 1 0 0 1 1 1 1 1 0 1 0 0 0 1 0 1 0 1 0 0 1 0 1 0 0 0 0 1 0 1 1
1 1 0 1 1 0 1 1 1 0 1 0 0 1 0 1 0 1 0 0 0 1 1 0 1 0 0 0 0 1 1 0 0 1
0 1 1 0 0 0 0 1 0 1 1 0 0 1 1 0 1 1 1 0 1 0 1 1 1 0 0 0 0 1 0 1 0 0
0 0 0 0 0 1 0 1 1 1 1 1 0 1 0 1 1 0 0 0 1 0 0 0 1 0 0 1 1 0 1 0 1 0
0 1 0 1 0 1 0 1 1 0 0 0 1 1 1 0 0 0 1 1 0 0 0 0 1 0 0 0 1 1 1 1 1 1
1 1 1 1 1 1 1 1 1 1 1 1 1 1 1 1 1 1 1 0 1 1 1 1 1 1 1 1 1 1 1 1 1 1
1 0 0 1 1 0 1 0 1 0 0 1 1 0 0 1 0 0 0 1 0 1 0 0 0 1 1 0 1 0 1 0 1 1
1 0 0 0 1 0 0 1 0 0 1 1 0 0 1 0 1 0 1 1 0 1 1 0 0 1 0 0 1 1 1 0 1 0
1 0 1 1 0 1 1 1 1 1 1 1 0 0 1 1 0 0 1 1 0 1 1 1 1 0 0 0 0 0 0 1 0 0
0 0 0 1 0 0 1 0 0 1 1 0 0 0 0 1 1 1 0 1 1 1 0 0 1 0 1 0 1 1 0 1 1 1
0 1 1 0 1 0 1 1 0 1 1 1 0 1 0 1 0 0 1 1 0 0 0 1 1 1 1 0 1 0 0 0 1 1
0 0 1 0 0 1 0 1 0 1 0 1 1 0 1 0 1 0 1 1 1 0 0 1 0 1 1 1 1 0 0 1 1 0
0 1 0 1 1 1 1 0 0 0 1 1 0 0 0 0 0 1 0 1 1 0 1 1 1 1 0 1 0 0 1 1 1 0
1 1 0 0 0 0 0 0 1 1 1 0 1 0 1 1 0 1 1 1 0 0 1 0 1 1 1 1 0 0 0 0 0 0
0 0 1 1 1 1 0 0 1 1 1 0 1 0 0 0 1 0 0 1 0 1 1 1 1 0 1 0 0 1 1 0 1 0
0 0 0 0 0 0 0 0 0 0 0 0 0 0 0 0 0 0 0 0 0 0 0 0 0 0 0 0 0 0 0 0 0 0
0 0 1 0 1 1 1 0 1 1 0 0 0 0 1 0 0 0 1 1 1 1 1 0 1 0 0 1 1 0 1 0 0 1
1 1 1 0 0 0 0 0 0 0 1 1 0 0 0 1 1 0 1 1 0 1 0 1 1 0 0 1 0 1 1 1 0 1
0 1 0 1 1 1 0 1 1 1 0 1 0 1 0 0 0 1 1 1 1 1 0 1 0 0 1 0 0 1 0 0 0 0
1 0 0 0 0 1 1 0 0 0 1 0 1 1 0 0 0 0 1 0 1 1 0 1 1 1 1 1 1 1 1 0 0 0
1 0 0 1 1 0 0 0 0 1 1 1 0 1 1 0 0 0 0 0 1 0 0 1 0 0 1 0 1 0 1 1 0 1
0 1 1 0 0 1 1 1 1 0 0 0 1 0 0 1 1 1 1 1 0 1 0 0 1 1 0 1 1 1 0 0 1 0
0 0 0 0 1 0 1 1 1 0 1 0 0 0 1 1 0 0 1 0 0 1 0 1 0 0 1 1 0 1 0 1 1 0
1 1 0 0 1 1 1 1 0 1 1 0 1 0 0 0 1 0 0 1 0 0 1 0 0 0 1 1 1 1 0 1 0 1
0 0 0 0 1 0 1 1 0 0 0 1 1 1 1 1 1 0 0 0 1 0 1 1 1 1 0 0 0 1 0 0 0 1
1 0 1 0 0 1 1 1 0 0 1 0 1 1 1 0 0 1 0 1 1 1 1 1 0 0 0 1 0 0 0 0 1 1
1 1 0 0 1 1 1 1 0 0 0 0 0 0 1 1 1 1 0 1 1 0 0 1 1 0 1 0 1 0 1 0 0 0
1 0 1 1 1 0 0 1 0 0 0 0 1 1 0 1 0 0 1 1 1 0 1 0 1 0 1 1 0 0 1 1 1 0
1 1 0 0 0 1 1 0 1 0 0 1 0 1 0 0 1 0 1 1 1 1 1 0 0 0 1 0 0 0 0 1 1 1
0 0 1 1 0 0 1 1 1 1 1 1 1 1 1 0 1 1 0 1 0 0 1 0 0 1 1 0 1 0 0 1 0 0
1 1 1 1 0 1 0 0 0 1 0 1 1 1 0 0 1 1 0 1 1 0 1 0 1 1 0 0 1 0 1 0 0 1
1 0 1 1 1 1 1 1 0 1 0 0 0 1 0 0 1 0 0 0 0 1 0 0 1 1 0 1 0 0 0 1 0 0
1 1 1 1 1 0 1 0 0 0 0 0 1 0 1 0 0 1 1 1 0 1 0 1 0 1 1 0 0 1 0 1 0 1
0 0 0 1 0 0 0 1 0 0 0 1 1 0 0 0 1 1 1 0 0 1 1 0 1 0 1 1 1 0 0 0 0 1
0 1 1 1 1 1 1 0 0 0 1 1 1 0 0 1 0 0 1 0 1 0 1 0 0 0 0 0 1 1 0 0 0 0
1 1 1 1 0 1 0 0 0 1 1 0 0 0 1 0 0 1 1 0 0 1 0 0 0 0 1 1 1 0 1 0 1 0
0 1 1 0 1 0 0 0 0 0 0 0 0 1 0 0 1 1 0 0 1 0 0 0 0 1 1 1 0 1 1 0 1 1
0 1 0 1 1 0 0 0 1 0 1 0 1 1 1 0 1 0 0 1 1 1 0 1 1 1 0 1 1 0 0 1 0 0
0 0 0 1 1 1 0 1 1 1 1 0 0 1 1 0 1 1 1 1 0 0 1 1 0 1 0 0 1 0 0 0 1 1
1 0 1 1 0 0 1 0 0 0 1 0 1 1 1 1 1 1 1 0 0 0 1 1 1 1 0 0 1 0 1 1 1 0
C Elapsed Time 61.850000 
