C kint 63391251 vt 16 
C Weight 0 -> 
C DEL VECTOR = 1 0 0 0 0 0 0 0 0 0 0 0 0 0 0 0 0 0 0 0 0 1 0 0 0 0 0 0 0 0 0 0 0 0 0 0 0 0 1 0 0 0 0 0 0 0 1 0 0 0 0 0 0 0 0 0 0 1 0 0 0 0 0 0 0 0 0 0 0 0 0 0 0 0 0 0 0 0 1 0 0 0 0 0 0 0 0 0 0 0 0 0 0 0 0 0 0 0 0 0 0 0 0 0 0 0 0 0 0 0 0 0 0 0 0 0 0 0 0 0 0 0 0 0 0 0 1 0 0 0 0 0 0 0 0 0 0 0 0 0 0 0 0 0 0 0 0 0 0 0 0 0 0 0 0 0 0 0 0 0 0 0 0 0 0 0 0 0 0 0 0 0 0 0 0 0 0 0 0 0 0 0 0 0 0 0 0 0 0 0 0 0 0 0 0 0 0 0 0 
C 
142 192 2^192 4
0 1 1 1 1 1 1 0 1 0 0 0 0 1 1 0 1 0 1 1 0 0 1 1 0 0 0 1 0 0 1 1 1 0 0 0 0 1 0 0 1 0 1 0 0 0 1 1 1 1 1 0 1 1 1 1 1 0 0 1 0 1 0 0 0 1 0 0 0 0 0 0 1 0 1 0 1 1 0 0 1 1 1 0 1 0 1 1 1 0 1 0 1 1 1 1 0 1 1 1 1 0 0 1 0 0 1 0 0 1 0 1 1 0 0 1 0 0 1 1 1 0 1 0 0 0 0 1 0 0 1 0 0 1 1 1 1 1 0 1 1 1 1 1 0 1 1 0 1 1 1 0 1 1 0 1 0 0 0 1 1 1 0 0 1 1 1 0 1 0 1 1 1 0 0 1 1 0 1 1 1 1 0 1 0 1 1 1 0 0 1 0 
1 1 0 1 0 0 0 0 0 1 0 0 1 0 1 1 1 0 1 1 1 0 0 0 1 0 1 0 1 0 1 0 1 0 0 1 0 0 1 1 1 0 1 0 1 0 0 1 0 1 1 1 0 1 0 0 0 0 1 1 1 1 0 0 0 1 0 1 1 1 0 0 1 0 0 0 1 0 1 0 1 0 0 0 1 0 1 1 1 1 1 0 0 1 0 0 1 0 1 1 0 1 1 0 1 1 0 1 0 0 0 0 1 1 1 1 1 1 0 0 1 1 0 0 1 1 0 1 0 0 1 1 1 1 1 0 1 1 0 0 1 0 1 0 0 1 0 1 0 1 1 0 0 0 1 1 0 0 1 0 1 0 1 0 1 0 1 0 0 1 0 1 1 1 0 1 1 1 0 1 0 1 1 1 1 1 0 0 0 1 0 0 
1 1 0 0 1 0 1 0 1 1 1 0 1 1 0 0 0 0 1 1 0 1 1 1 0 0 1 1 0 0 1 1 0 1 1 0 1 0 1 0 0 1 0 0 1 0 0 0 0 0 1 1 0 1 0 1 1 1 1 0 1 0 0 0 0 1 1 1 1 1 1 0 1 0 0 1 0 1 0 0 0 0 1 1 0 1 1 0 0 1 0 1 0 0 0 1 0 0 0 1 0 1 0 1 1 1 0 0 0 0 0 1 0 0 0 1 0 1 0 0 1 1 0 1 0 0 1 0 0 1 0 1 1 1 0 1 1 1 0 1 0 1 0 1 0 0 1 0 0 0 0 0 1 1 0 1 0 1 1 0 1 0 0 1 1 0 1 1 0 0 1 1 0 0 0 1 0 1 1 1 1 1 1 1 0 0 0 0 1 0 0 1 
0 0 1 0 1 1 1 0 1 1 0 0 0 1 0 0 0 0 1 1 0 1 0 0 1 1 0 0 1 0 0 1 1 1 1 1 0 0 0 1 0 1 1 0 1 0 0 0 1 1 0 1 1 1 1 0 0 1 0 0 0 0 0 0 0 1 0 0 1 1 1 0 1 1 1 1 0 0 0 0 1 1 0 0 0 1 0 1 0 1 0 1 0 0 0 1 1 1 1 1 1 0 1 0 1 0 0 1 0 0 0 1 1 0 0 0 0 1 1 0 0 0 0 1 1 1 0 1 1 0 0 1 0 1 1 0 1 0 0 0 0 1 1 0 0 1 0 0 0 0 1 0 1 0 0 0 1 1 1 0 0 1 1 0 0 0 1 1 0 0 1 0 1 0 1 0 1 0 0 1 1 1 1 1 0 1 0 1 1 1 1 0 
0 0 0 1 0 1 0 1 1 1 0 1 0 1 1 0 0 1 1 1 1 1 1 1 0 0 0 1 0 0 0 1 1 1 0 1 0 0 0 0 1 1 1 0 0 0 1 0 1 1 0 1 1 1 1 1 1 1 1 0 0 0 1 1 1 0 1 0 0 0 0 1 1 0 0 0 0 0 1 0 1 0 0 1 0 1 1 0 0 1 0 1 1 0 0 1 1 0 0 1 1 1 0 0 1 1 1 0 0 0 1 0 0 0 0 0 1 0 0 0 1 0 0 1 1 1 0 0 0 0 1 0 1 0 0 0 0 1 0 1 1 1 1 0 0 1 0 0 1 1 0 1 0 1 0 1 0 0 0 1 1 1 0 0 0 0 0 0 0 1 1 0 1 1 0 1 0 1 0 0 1 1 0 0 1 1 0 1 1 1 1 1 
0 0 1 0 1 0 1 0 0 1 0 1 1 1 0 1 1 0 1 0 1 0 1 1 1 1 1 0 1 0 0 0 1 1 0 0 0 1 0 0 1 1 0 1 0 1 1 1 1 0 0 1 1 1 0 1 1 0 0 0 0 1 1 0 0 0 0 1 0 1 0 1 1 0 0 1 1 1 1 0 0 0 0 0 1 1 0 0 0 0 0 0 0 1 1 0 1 1 0 1 0 1 0 1 1 1 1 0 1 1 1 0 0 1 1 1 0 1 1 0 0 0 1 0 0 0 0 1 0 1 1 1 0 0 1 0 0 1 0 0 0 0 1 1 0 1 1 0 0 0 1 1 1 1 1 1 0 0 1 0 0 1 1 0 0 1 1 0 0 1 1 0 0 1 1 1 0 0 0 1 0 1 0 1 0 0 1 1 0 1 0 1 
0 1 0 0 0 0 1 0 1 1 1 1 0 0 1 0 0 1 1 1 0 0 0 0 0 1 1 0 1 1 0 1 0 1 1 1 1 0 0 1 0 0 1 1 0 1 0 0 0 0 0 0 0 1 0 1 0 1 0 1 0 1 0 1 1 1 0 1 0 0 1 1 1 0 1 1 1 1 1 0 1 0 0 0 0 1 1 0 1 0 0 1 0 0 0 0 0 1 1 1 0 1 0 1 0 0 1 1 0 0 0 0 1 1 1 0 1 0 0 0 0 0 0 0 1 1 1 1 0 1 1 1 0 1 1 1 0 0 1 0 0 0 1 0 1 0 1 1 1 1 0 0 0 0 1 1 0 1 0 1 1 1 1 1 0 1 1 0 0 0 1 0 0 1 0 1 1 0 1 1 0 0 0 0 1 0 1 0 1 0 1 0 
1 0 0 0 1 0 0 1 1 1 0 1 1 0 0 1 1 0 1 1 1 1 0 1 1 0 1 0 0 0 0 0 0 0 0 1 1 1 0 0 0 1 1 1 0 1 1 1 1 1 1 1 1 1 0 0 1 0 0 1 1 0 1 1 0 1 0 0 0 0 1 1 0 0 1 0 0 1 0 0 0 1 0 0 0 0 1 1 1 0 0 0 0 0 1 0 1 1 1 1 1 0 0 0 0 1 1 1 0 0 0 0 0 0 0 0 1 1 1 0 1 0 1 1 0 0 0 1 1 1 0 1 1 1 0 0 1 0 1 0 1 0 0 1 0 0 1 0 0 0 1 0 1 0 0 0 1 1 0 1 1 1 1 1 1 0 0 0 1 0 0 0 0 1 1 0 1 1 1 0 1 0 1 0 1 1 1 0 0 1 1 1 
0 1 1 1 1 0 1 1 1 0 0 0 0 1 0 0 1 1 1 0 0 0 0 1 1 1 0 0 1 1 0 1 0 0 0 1 1 0 1 0 1 1 1 1 0 0 1 1 0 0 0 0 0 1 1 1 1 1 1 0 0 0 1 1 0 0 1 0 0 0 0 0 1 1 0 1 0 0 1 1 1 1 0 0 1 1 0 0 0 1 0 0 1 1 1 0 0 0 1 1 1 0 1 0 0 1 0 1 0 1 0 1 1 0 0 1 1 1 0 1 0 1 0 0 0 0 1 1 0 1 0 1 1 0 1 0 0 0 1 1 0 0 1 1 0 1 1 1 0 0 0 0 1 1 1 1 1 0 0 0 1 0 1 1 0 0 0 0 1 0 0 0 1 1 1 1 0 0 0 1 0 0 1 1 1 0 0 0 1 1 0 1 
1 1 0 1 0 1 1 1 1 1 1 0 0 1 0 0 0 0 1 1 1 0 1 1 1 1 0 0 0 0 1 0 0 1 1 1 0 1 1 1 0 0 1 1 0 0 1 0 0 0 1 0 0 0 1 0 0 0 1 0 1 0 1 1 0 0 0 1 1 0 1 1 0 1 0 0 0 1 1 1 0 1 1 0 0 0 0 1 1 0 0 0 0 1 0 1 1 0 0 0 0 0 1 0 0 0 1 1 1 0 0 0 1 1 0 0 0 0 0 0 0 0 1 0 0 0 0 1 1 0 1 1 0 1 1 1 0 1 1 0 1 1 0 0 0 1 1 0 1 0 0 0 1 1 0 0 0 0 1 0 0 1 0 0 0 1 0 1 1 1 1 0 1 1 0 1 0 1 1 1 1 1 1 0 1 0 1 1 1 0 0 1 
0 1 1 1 1 1 0 1 1 1 0 0 0 0 1 0 1 1 0 0 0 1 1 0 1 1 1 1 0 1 1 0 0 0 1 1 1 0 0 1 1 0 0 0 0 0 0 0 1 0 0 1 1 1 0 1 1 0 0 0 1 1 0 0 1 0 0 1 0 1 1 0 1 1 1 1 0 0 0 1 0 1 0 1 0 1 1 1 1 1 1 1 0 1 1 1 0 1 1 1 1 0 1 0 0 0 0 0 1 1 1 0 1 0 1 1 1 0 0 0 1 0 0 1 0 0 0 0 0 0 1 1 1 0 0 0 0 0 0 0 0 1 0 0 0 0 1 1 0 0 0 1 1 0 1 1 0 1 1 1 0 1 1 0 1 0 1 1 0 1 0 0 0 1 0 1 0 1 0 1 1 0 1 0 0 0 1 0 1 1 1 1 
1 1 0 0 0 0 0 1 0 1 0 0 1 0 0 0 1 0 0 0 0 1 1 1 0 1 0 0 1 1 0 0 1 1 1 1 1 0 1 0 0 1 1 1 1 1 0 1 0 0 1 1 1 1 0 0 0 0 1 1 0 1 1 1 1 0 0 0 1 0 0 1 0 1 0 1 1 0 1 0 1 0 0 0 1 0 0 1 1 1 1 1 1 1 0 1 1 1 0 0 1 0 1 1 1 0 1 0 1 0 1 0 1 0 0 0 1 1 0 1 1 0 0 0 0 0 1 0 1 1 0 1 1 0 1 1 1 1 0 0 1 0 1 0 0 0 0 0 1 0 0 1 1 1 0 1 0 1 1 1 1 0 1 1 1 0 0 1 0 0 1 1 1 0 0 0 1 0 1 1 0 0 0 0 0 1 0 0 1 1 0 0 
0 1 1 0 1 1 0 1 1 0 1 0 1 1 1 1 0 0 1 0 1 0 0 0 0 1 0 0 1 1 1 1 0 1 1 0 1 1 1 0 1 1 0 1 1 0 0 1 0 1 1 0 1 1 0 1 0 0 0 1 1 0 0 1 0 0 0 1 0 0 1 0 0 0 1 0 1 0 1 1 1 0 0 1 0 1 0 0 0 0 1 1 0 1 1 0 1 0 1 1 0 0 0 0 0 1 1 1 0 1 1 0 0 1 0 0 1 0 1 0 0 1 0 1 0 0 0 0 0 1 1 0 0 0 0 1 1 1 0 0 0 0 0 0 1 1 1 1 0 1 1 1 1 0 0 1 1 0 1 1 1 1 1 0 1 0 0 1 1 0 1 1 0 1 0 1 0 0 1 1 1 1 1 1 1 1 0 1 0 1 1 1 
1 1 0 1 0 1 0 0 1 0 0 1 1 0 0 1 1 0 0 0 0 1 0 1 0 0 1 1 1 0 0 0 1 0 1 1 1 0 1 0 0 0 1 0 1 0 1 1 1 1 1 1 0 1 0 1 0 1 0 1 1 0 1 0 0 0 1 0 1 0 0 1 1 0 1 1 1 1 1 0 1 0 1 0 0 1 0 0 1 0 0 1 0 0 1 1 1 1 1 0 1 0 1 0 0 0 1 0 1 1 1 0 1 1 1 0 1 1 1 1 1 0 1 1 1 0 0 0 0 1 0 0 1 1 0 1 0 1 1 1 0 1 1 0 1 0 1 1 1 1 0 0 1 0 0 0 0 0 1 1 0 0 1 0 0 0 1 0 0 0 0 0 0 0 1 1 0 0 0 1 1 1 1 1 0 0 0 1 1 0 0 1 
0 1 1 1 0 1 0 1 0 1 0 0 0 1 1 0 0 0 0 1 1 1 1 0 0 1 1 1 1 0 1 0 1 0 1 0 1 1 1 0 1 0 0 1 1 1 1 1 1 0 1 0 0 0 0 0 1 1 0 0 1 1 0 1 0 0 0 1 1 0 1 1 0 1 0 0 0 0 1 0 0 1 1 1 0 1 0 0 0 1 0 1 1 0 1 0 0 0 1 1 0 1 0 0 0 1 1 0 1 0 1 0 1 0 1 1 0 0 1 1 0 0 0 1 0 1 1 1 1 1 0 1 0 0 1 0 1 1 0 1 0 1 1 1 0 0 1 1 0 1 0 0 1 0 0 0 0 1 0 1 1 1 0 0 0 0 1 1 1 0 0 1 1 1 1 0 0 0 1 0 0 0 0 1 1 1 0 0 0 0 1 0 
0 1 0 0 0 1 0 1 0 0 0 0 0 1 0 1 1 1 1 1 1 0 1 0 0 1 0 1 1 1 1 1 1 0 0 0 0 1 1 0 1 1 0 0 1 0 0 1 0 0 0 1 0 1 1 0 0 1 0 1 0 1 1 0 1 1 0 0 1 1 0 1 0 0 1 0 0 1 0 0 1 0 1 1 0 0 1 1 0 1 0 1 0 1 1 0 1 0 1 0 0 0 0 1 0 0 0 0 0 0 0 0 1 0 1 1 0 1 0 0 1 0 0 1 1 0 1 1 0 0 1 1 1 0 1 1 0 0 1 1 0 0 0 1 1 0 1 1 0 0 1 1 1 1 0 1 0 1 0 0 0 0 1 0 1 1 0 0 0 1 0 0 1 0 1 0 1 0 0 0 1 1 1 0 1 1 1 1 0 1 0 0 
1 0 0 0 0 0 0 1 0 0 0 1 0 0 0 1 0 1 1 1 0 1 1 0 1 0 0 0 0 1 1 0 1 0 1 1 1 0 0 0 0 1 0 0 1 1 0 1 0 1 0 0 0 1 1 1 1 1 0 0 1 0 1 0 1 0 1 0 1 0 1 0 0 1 1 1 0 0 1 1 0 0 0 0 1 0 1 1 1 1 1 0 1 1 1 1 0 1 0 1 1 1 0 0 1 0 1 0 0 0 0 1 1 1 0 1 1 0 1 0 1 0 0 0 0 1 0 1 0 1 0 0 0 0 1 0 1 1 0 0 0 1 0 1 1 0 1 1 0 0 1 0 0 0 0 1 1 0 1 1 0 1 1 1 0 0 1 0 1 1 0 0 0 0 1 0 0 1 1 1 0 1 0 0 1 0 1 1 1 0 0 0 
0 1 1 0 0 0 0 0 1 1 0 0 0 1 0 0 1 0 0 0 1 1 0 1 0 0 0 0 0 0 0 0 0 1 1 0 0 1 1 1 1 1 1 0 1 0 1 0 0 0 1 0 0 1 1 0 1 1 0 1 1 1 1 0 0 1 1 0 0 1 1 1 0 1 1 1 1 0 0 1 0 0 0 1 1 1 0 1 0 0 1 1 0 0 0 0 0 1 1 0 1 1 1 0 1 1 1 0 1 0 0 1 1 0 1 1 0 0 0 1 1 1 0 0 0 1 0 1 1 0 0 1 1 0 0 0 0 0 1 1 1 0 0 1 0 1 1 1 1 0 1 1 0 0 0 0 0 0 0 1 1 0 1 0 0 1 0 1 0 0 1 1 1 0 1 1 1 0 1 1 0 0 1 0 1 0 0 1 1 1 0 0 
1 1 0 0 1 0 0 0 0 0 1 0 1 0 1 0 0 1 1 0 1 1 1 0 0 1 1 0 1 1 0 0 1 0 1 1 0 1 1 0 0 1 0 1 1 0 0 1 0 0 1 1 1 0 1 1 1 1 0 1 1 1 0 1 1 0 1 0 1 0 1 1 1 1 1 1 1 1 0 1 0 1 0 0 1 1 0 0 1 0 1 1 1 1 0 0 0 1 0 1 0 1 1 1 0 1 0 1 0 1 1 1 1 1 0 0 0 1 0 1 0 0 1 1 0 1 0 0 0 0 0 0 1 0 0 1 1 0 0 0 0 0 1 1 1 0 0 1 0 0 0 1 0 0 0 1 0 0 0 1 0 0 0 0 1 1 1 1 0 1 1 0 1 0 1 1 0 1 0 0 1 1 0 1 1 0 0 1 0 0 1 1 
0 0 0 1 1 1 1 1 0 1 1 0 0 0 1 0 0 1 1 0 0 0 1 1 1 0 0 1 1 1 0 1 0 1 0 0 0 0 0 0 0 0 0 0 1 0 0 1 0 1 0 0 1 1 0 0 1 0 0 1 0 0 0 1 0 1 1 1 1 0 0 1 1 0 1 0 1 1 1 1 0 1 0 1 0 1 0 1 1 1 0 0 0 0 0 0 1 1 1 1 1 0 1 0 1 0 0 1 1 0 1 0 1 1 1 1 1 0 1 0 1 1 1 0 0 0 1 1 1 1 0 1 1 0 1 1 1 1 0 1 1 1 0 1 1 1 0 0 1 1 1 1 0 0 0 1 0 1 0 1 0 0 0 1 0 0 1 0 1 1 0 0 0 0 1 0 0 1 0 0 1 0 0 0 0 1 0 0 0 0 0 1 
1 0 1 1 0 1 1 0 0 1 0 0 1 0 0 0 0 1 1 1 0 1 1 1 1 0 1 0 0 0 1 1 0 0 1 1 1 0 0 0 0 0 0 1 1 0 1 1 1 0 0 1 1 0 1 1 1 1 1 0 1 1 0 1 0 0 1 0 0 1 0 1 1 0 1 1 0 1 0 0 1 1 0 1 0 0 1 0 0 0 0 0 1 1 0 0 0 1 0 0 1 0 0 1 0 0 1 1 1 1 1 1 1 0 1 0 0 1 1 0 1 1 0 1 1 1 1 1 0 1 0 0 0 1 1 0 1 1 0 1 1 0 0 0 0 0 0 1 1 0 1 1 0 0 1 0 1 0 0 0 0 0 0 0 1 1 0 0 0 0 0 1 0 1 0 1 0 0 1 1 1 1 1 0 0 1 1 0 0 0 0 0 
0 0 0 0 1 1 0 0 1 1 0 0 1 0 1 0 1 1 1 0 0 1 1 0 1 1 1 1 1 0 1 0 1 1 1 0 1 0 1 1 0 0 1 1 0 1 0 1 1 1 0 0 0 1 0 0 1 0 0 0 1 1 1 0 0 1 1 1 0 0 0 0 0 0 1 0 0 1 0 0 0 0 1 0 0 0 1 0 0 0 1 1 0 1 1 1 1 0 0 1 0 0 0 0 0 1 0 1 1 0 1 0 1 1 0 0 1 0 0 1 0 0 0 1 0 1 1 0 1 1 0 1 0 0 1 0 0 1 1 1 1 0 1 1 0 1 0 0 1 1 1 1 1 0 1 1 0 0 0 0 0 0 0 1 1 1 1 1 1 1 0 1 1 0 1 1 1 0 0 1 0 1 0 0 1 0 0 1 1 0 0 0 
1 0 0 0 1 1 0 1 1 1 1 1 1 0 1 1 0 1 1 0 0 0 0 0 1 0 0 1 1 0 0 0 1 1 0 1 0 1 1 1 1 1 0 0 1 1 0 0 1 0 0 1 0 0 1 0 1 0 0 0 1 0 0 0 1 1 1 1 1 0 1 1 1 0 1 1 1 0 1 0 1 1 1 0 0 1 1 1 1 0 1 0 1 1 0 0 1 0 0 1 0 0 0 1 0 0 0 0 1 1 1 0 0 0 0 0 1 0 0 0 0 0 1 0 0 1 0 1 1 1 0 1 0 0 0 1 0 0 1 0 0 1 0 0 1 0 0 1 0 0 0 0 1 1 1 0 0 1 0 1 1 1 0 0 0 0 0 0 0 0 0 1 1 0 1 1 1 0 1 1 1 0 0 1 0 1 1 0 1 1 0 1 
0 1 1 1 1 1 1 1 1 1 1 1 0 1 0 0 0 0 0 1 1 0 1 0 0 1 0 0 1 0 1 1 1 1 0 0 1 1 1 0 0 0 0 1 0 1 0 0 0 1 1 0 1 1 1 0 1 0 1 0 1 1 0 0 0 0 0 0 1 1 0 1 0 0 0 0 1 0 0 0 0 0 1 0 1 0 1 0 0 0 1 1 1 0 1 1 1 1 0 1 1 0 1 0 0 1 0 1 0 1 0 1 0 1 1 0 1 0 0 0 1 0 1 0 1 0 0 0 1 1 1 1 1 0 0 0 1 1 0 1 0 1 0 0 1 0 0 0 1 0 0 1 0 0 1 1 1 1 0 0 1 0 1 1 0 1 1 0 0 0 0 0 1 0 1 0 0 0 1 0 1 0 1 1 0 0 1 1 0 1 1 0 
0 0 0 1 0 1 1 0 0 1 1 1 0 0 1 1 0 0 1 1 0 1 0 1 1 1 0 1 0 1 0 0 0 0 1 0 0 1 1 1 0 1 0 0 0 0 1 0 1 0 1 0 1 0 1 0 0 0 0 0 0 0 1 0 1 0 1 1 0 0 1 1 0 0 0 0 0 1 0 0 1 0 1 0 1 1 1 0 0 1 1 1 1 1 1 0 1 1 0 0 0 0 0 0 1 0 0 1 0 1 0 1 1 0 1 1 0 1 1 0 1 1 0 0 0 1 0 0 1 1 0 0 1 1 1 0 0 0 1 0 1 1 1 0 0 0 1 1 1 1 1 1 0 0 1 1 1 1 0 0 1 0 1 1 0 0 1 1 0 1 1 0 0 0 0 0 1 0 1 1 1 1 0 1 1 1 0 0 0 0 1 1 
1 1 1 1 0 1 1 0 0 1 0 1 0 0 0 1 1 1 0 1 0 0 0 0 1 0 0 1 0 1 1 0 1 1 0 1 1 1 0 1 1 1 0 0 0 1 0 1 1 1 1 1 1 1 1 1 1 1 1 1 0 0 1 1 0 1 0 1 1 1 0 1 0 1 0 1 0 0 0 0 0 1 0 1 1 1 0 0 1 0 1 1 1 1 1 0 1 0 1 1 1 0 1 1 1 0 1 1 0 1 0 0 0 1 0 0 1 1 0 0 1 0 0 0 1 1 1 0 1 0 0 1 1 1 0 0 0 0 1 0 0 0 1 1 1 0 0 0 0 0 0 1 1 0 1 0 0 1 0 0 1 0 0 0 0 1 0 1 1 0 1 1 0 0 0 1 0 0 0 1 1 1 0 0 1 1 0 1 0 0 1 0 
0 1 1 0 1 1 1 0 1 1 1 0 0 1 1 1 1 1 0 0 0 1 0 1 0 1 0 1 0 0 1 0 0 0 1 1 1 0 0 0 0 1 1 1 1 0 0 0 1 1 1 1 0 0 0 0 1 0 1 1 0 0 1 1 1 0 1 1 1 1 0 0 0 1 0 0 1 1 1 0 1 1 0 0 0 0 1 1 1 0 0 0 0 1 0 0 0 1 0 0 0 1 0 1 0 0 0 0 0 0 0 1 1 1 0 0 1 0 0 1 1 0 1 0 1 1 0 1 1 0 0 1 1 1 0 0 1 0 1 1 0 1 1 1 1 0 1 1 0 1 1 1 0 1 1 1 1 0 1 1 1 1 0 1 1 1 0 1 0 1 1 0 0 1 1 1 0 0 1 0 0 0 0 0 0 1 0 1 0 1 0 1 
0 0 0 0 0 1 1 1 1 0 0 1 0 0 1 1 0 1 0 1 1 0 0 0 0 1 0 0 1 0 0 0 1 0 1 0 1 0 1 1 0 1 0 0 0 0 0 1 1 0 1 1 1 1 0 1 0 1 1 1 1 0 1 1 0 1 0 0 1 1 1 0 0 0 0 1 0 0 0 1 1 0 0 1 1 0 0 1 0 0 0 0 1 1 0 0 0 1 0 0 0 1 1 1 0 0 1 1 1 1 0 1 1 0 1 0 0 1 1 1 1 0 0 1 0 1 0 1 1 1 1 1 1 0 1 1 1 1 1 0 1 0 0 0 0 1 1 0 1 1 0 0 0 1 1 1 0 0 0 1 0 0 0 0 0 0 1 0 1 1 0 1 0 0 0 1 1 1 0 0 0 0 1 1 0 0 0 1 0 1 1 1 
1 0 0 0 1 0 0 1 1 0 1 1 0 1 1 0 1 1 0 0 0 0 1 0 1 1 1 0 0 0 1 1 1 0 1 0 0 0 0 1 1 1 0 0 1 1 1 1 0 0 0 1 0 0 0 0 0 0 0 0 0 1 0 1 1 1 0 1 0 0 0 1 1 0 0 0 0 1 1 1 0 0 0 0 1 1 0 1 1 0 0 1 1 1 1 1 0 0 1 0 0 0 0 0 1 1 1 1 0 0 1 1 0 0 0 1 1 1 1 1 1 1 0 1 1 0 0 0 1 0 0 1 0 1 0 0 1 1 1 0 0 0 0 0 1 0 0 0 0 0 1 1 0 0 0 0 0 1 0 1 0 1 0 1 0 0 1 0 1 1 1 1 1 0 1 1 1 0 0 1 1 0 1 0 0 1 0 1 0 0 1 1 
1 1 1 1 1 1 1 1 1 1 1 1 1 1 1 1 1 1 1 1 1 1 1 1 1 1 1 1 1 1 1 1 1 1 1 1 1 1 1 1 1 1 1 1 1 1 1 1 1 1 1 1 1 1 1 1 1 1 1 1 1 1 1 1 1 1 1 0 1 1 1 1 1 1 1 1 1 1 1 1 1 1 1 1 1 1 1 1 1 1 1 1 1 1 1 1 1 1 1 1 1 1 1 1 1 1 1 1 1 1 1 1 1 1 1 1 1 1 1 1 1 1 1 1 1 1 1 1 1 1 1 1 1 1 1 1 1 1 1 1 1 1 1 1 1 1 1 1 1 1 1 1 1 1 1 1 1 1 1 1 1 1 1 1 1 1 1 1 1 1 1 1 0 1 1 1 1 1 1 1 1 1 1 1 1 1 1 1 1 1 1 1 
1 1 0 0 0 0 1 1 1 0 0 1 0 1 0 1 0 0 0 1 1 1 1 1 0 1 0 0 0 1 0 0 0 1 0 0 1 1 0 0 0 0 0 0 0 1 0 1 1 1 1 0 0 0 1 0 1 0 1 1 0 0 0 0 1 1 0 0 0 1 1 0 1 0 1 0 0 1 1 1 1 0 0 1 1 1 1 1 0 0 1 1 0 1 0 1 1 0 0 1 0 1 0 0 0 1 1 1 0 0 1 0 0 0 1 0 1 0 1 1 0 1 1 0 0 1 0 1 1 0 0 0 1 0 0 1 0 1 0 1 0 1 1 0 0 0 1 0 0 0 1 1 0 1 1 0 1 1 0 0 0 1 1 0 1 1 1 1 0 1 0 1 1 0 0 1 0 0 0 1 0 1 1 1 0 1 1 0 1 0 0 0 
1 0 1 1 0 0 1 0 1 0 0 0 1 0 0 1 1 1 0 1 1 0 0 0 0 1 0 1 1 0 1 0 1 1 1 1 0 1 0 0 1 1 1 0 0 0 0 1 0 1 0 0 1 0 0 1 1 1 0 1 1 1 0 0 0 1 1 0 0 0 0 0 0 1 0 0 1 0 0 1 1 0 0 1 0 1 1 0 0 0 1 0 1 1 0 1 1 0 1 0 0 0 0 1 0 1 0 1 1 1 1 0 1 0 1 0 1 0 1 0 1 0 1 0 1 0 1 1 0 0 1 0 0 1 1 1 1 1 1 1 0 0 0 1 0 1 1 0 1 0 0 1 0 1 0 0 1 0 1 1 1 1 1 1 0 0 1 1 0 0 1 1 1 0 0 0 0 1 1 1 1 0 0 1 1 1 1 0 0 1 0 1 
1 1 1 1 0 0 1 0 0 0 1 0 0 1 1 0 0 1 0 0 0 1 1 0 1 1 0 0 1 0 1 1 0 0 0 0 1 1 0 1 1 1 1 1 1 1 1 1 0 0 0 1 0 0 0 0 1 1 0 0 0 0 1 0 1 1 1 0 1 0 0 0 0 1 0 1 1 1 0 1 0 0 0 1 1 0 0 1 0 0 1 1 0 0 1 0 1 1 0 1 1 0 0 1 0 0 0 0 0 1 0 0 1 0 1 0 1 0 1 0 0 1 1 1 1 1 0 1 1 1 1 0 1 1 0 0 0 1 0 0 1 1 1 0 0 1 0 0 1 1 1 0 0 1 0 0 0 1 1 0 0 0 0 1 1 1 0 1 1 0 0 1 0 0 0 1 1 0 0 1 1 0 0 0 1 0 1 0 0 1 1 1 
1 0 1 0 0 1 1 1 0 1 1 1 0 0 0 0 1 1 0 1 0 1 0 1 0 0 1 1 1 1 0 0 1 0 0 0 1 0 1 1 0 1 1 1 0 0 1 0 1 0 0 1 0 0 1 1 1 0 0 0 1 1 1 1 0 1 0 0 1 0 0 1 1 1 1 0 1 1 0 1 0 1 0 1 1 1 0 0 1 1 0 1 0 0 1 1 1 0 1 1 0 1 1 1 0 0 0 0 0 1 0 1 1 0 1 0 1 1 0 0 0 0 0 0 1 0 0 0 0 1 0 1 1 0 1 1 0 1 0 1 0 1 0 1 0 1 0 0 0 0 1 0 0 1 1 0 1 0 0 0 1 1 0 1 1 0 1 1 0 1 1 1 0 1 0 0 1 1 1 0 0 1 1 0 0 1 0 1 0 0 0 1 
1 0 0 0 0 1 1 0 1 0 0 1 0 1 1 0 1 1 1 1 0 0 0 0 1 0 0 0 1 1 0 0 1 0 1 1 0 1 0 1 0 0 0 1 1 1 0 1 1 1 1 1 1 1 1 0 0 0 1 0 0 1 0 0 1 1 1 0 0 1 0 0 1 1 0 0 1 0 0 0 0 1 1 0 0 0 0 0 0 0 0 1 0 0 1 0 0 1 1 0 1 0 1 1 1 1 1 0 0 1 1 1 0 0 0 1 0 0 0 0 0 0 0 1 0 1 1 0 1 1 0 1 1 1 1 1 0 1 1 1 1 1 0 0 1 0 1 0 0 1 0 1 1 1 1 0 0 1 1 1 0 1 0 0 1 0 0 1 1 1 1 0 1 1 1 0 0 1 0 1 0 1 0 1 1 0 1 0 0 0 0 1 
1 1 0 1 1 1 0 0 0 0 1 0 1 0 1 1 1 0 0 1 1 1 1 1 0 0 1 0 1 1 0 1 1 1 0 1 0 0 1 1 1 1 1 0 0 0 1 1 1 1 0 1 0 1 1 0 1 0 1 1 1 1 1 1 1 0 0 1 0 0 0 0 1 0 1 1 0 0 0 1 1 0 0 0 0 1 0 1 0 0 1 0 1 0 1 0 1 1 1 0 0 0 0 0 0 0 0 0 0 0 0 1 1 1 1 0 0 0 1 1 0 1 1 1 0 1 1 0 1 1 1 1 0 0 0 0 0 0 1 1 0 0 1 1 1 1 1 0 1 1 0 0 0 1 1 1 1 1 1 0 1 1 1 0 1 0 0 1 1 1 0 0 1 1 0 0 0 0 1 0 1 1 0 0 0 0 1 0 0 0 0 0 
0 1 1 0 1 0 1 0 1 0 0 1 0 0 0 1 1 1 1 1 1 1 0 0 1 0 1 0 1 0 0 0 0 1 1 0 1 1 1 1 1 0 1 1 1 0 1 1 1 1 0 1 0 0 0 1 0 0 1 1 1 0 1 0 1 1 0 0 0 1 1 1 1 0 0 1 0 0 1 1 0 0 1 0 0 0 1 0 1 1 1 0 1 0 0 1 0 1 0 1 0 0 0 1 1 0 0 0 0 1 0 0 1 0 0 1 1 0 1 1 0 1 1 0 1 0 1 1 0 1 0 1 0 0 0 1 1 1 0 0 0 1 1 0 0 0 0 1 1 0 0 1 0 0 0 1 0 1 0 0 1 0 0 0 0 0 0 1 1 1 1 0 1 0 1 0 0 1 0 0 1 0 1 0 1 1 1 1 1 1 0 0 
0 1 1 1 0 0 0 1 0 0 1 0 1 0 0 1 1 0 1 1 1 1 1 1 0 1 0 1 0 0 0 1 0 1 1 1 1 0 1 1 1 1 1 1 0 1 0 1 0 1 1 1 0 0 0 1 1 0 0 1 0 1 0 0 0 1 0 0 0 1 0 0 1 0 0 1 1 0 1 1 1 1 1 1 0 0 1 1 0 0 0 0 1 0 1 0 0 0 1 0 1 1 1 0 1 0 0 1 1 1 1 1 1 1 0 1 0 0 1 0 0 0 0 0 0 1 0 0 1 1 1 1 0 0 1 1 0 1 1 0 1 1 0 1 1 0 0 1 0 0 1 1 1 0 0 0 0 1 0 0 1 1 0 1 1 0 1 0 0 0 0 0 0 0 0 1 1 0 0 0 0 1 1 0 1 0 0 1 1 0 1 1 
1 0 1 1 1 0 0 0 1 1 1 1 0 1 0 1 0 1 1 0 1 0 1 0 1 1 0 1 0 1 0 0 1 0 0 0 0 0 1 0 0 0 0 1 0 1 1 1 0 1 1 1 0 1 1 1 0 0 1 1 0 0 0 1 1 1 1 1 0 1 0 1 0 1 1 0 1 0 0 1 1 0 0 1 0 0 1 1 0 1 1 0 0 1 0 1 1 1 0 1 1 1 1 1 1 0 0 0 1 0 0 1 0 0 1 0 1 1 0 1 0 1 0 1 0 0 1 1 1 0 0 0 0 1 0 0 1 1 1 1 0 1 0 1 0 0 1 0 1 0 0 0 1 0 1 0 0 0 0 0 1 1 1 1 1 0 1 0 0 0 1 0 0 1 1 1 0 0 0 0 0 0 1 1 0 0 0 1 0 0 1 0 
1 0 1 0 0 0 1 1 0 0 1 0 0 1 1 0 0 0 1 0 0 0 0 1 1 0 1 0 1 1 1 0 1 1 1 0 0 0 1 1 1 0 1 1 1 0 1 0 1 1 1 1 1 1 1 1 1 1 0 1 0 0 1 1 1 1 1 1 1 0 0 0 1 0 1 0 0 0 1 0 0 0 0 1 0 0 1 1 1 0 0 0 1 1 1 0 0 0 0 1 1 0 0 0 1 1 0 1 1 0 0 0 1 0 1 0 0 0 0 0 1 0 0 0 0 1 0 0 0 1 1 0 1 1 1 0 1 0 1 0 0 0 1 1 0 0 0 0 1 0 1 1 0 0 1 0 1 1 1 0 0 0 1 0 0 0 1 0 1 0 1 1 1 1 1 0 1 0 1 0 0 0 1 1 0 0 1 1 1 1 1 1 
0 1 0 1 0 0 1 1 0 1 1 1 0 1 1 0 1 0 0 1 1 0 1 0 1 0 1 0 0 0 1 0 0 0 0 1 1 0 1 1 0 1 1 0 1 1 0 1 0 0 1 1 1 0 0 1 1 0 0 1 0 1 0 0 1 0 1 1 1 0 0 0 0 1 1 0 1 1 1 0 1 1 1 1 1 1 0 0 0 1 1 0 0 0 0 1 0 1 1 0 0 1 0 0 0 0 1 1 0 1 1 1 0 0 1 0 1 0 1 1 0 1 0 1 0 0 1 0 1 1 0 0 0 1 1 1 0 0 0 0 0 0 0 0 0 1 0 0 0 0 0 0 0 1 0 1 0 1 0 0 0 1 1 0 0 1 0 0 1 0 1 0 1 0 1 0 0 1 1 0 0 1 1 0 0 1 1 1 1 1 1 1 
1 0 0 1 1 0 0 0 0 0 0 0 0 1 0 0 0 0 1 1 0 0 1 0 0 0 1 1 1 1 1 0 0 1 0 1 0 0 1 0 0 1 0 1 1 1 1 0 1 0 0 1 0 0 1 1 0 0 1 1 1 0 1 0 1 0 1 1 0 1 1 0 1 0 0 0 1 1 1 1 1 1 1 1 1 0 1 0 0 1 1 0 1 0 0 1 1 1 1 1 1 0 1 1 1 1 1 0 1 1 0 0 1 1 1 0 0 0 1 1 0 0 0 0 1 0 1 1 1 0 1 1 1 1 1 0 1 0 1 0 1 0 1 0 1 1 0 0 0 1 0 1 1 1 0 0 1 1 0 1 0 1 0 1 0 0 1 1 0 1 0 0 0 0 0 1 0 0 1 0 0 1 1 0 0 0 0 0 0 1 1 1 
0 1 0 0 0 0 0 0 0 0 0 0 1 1 1 0 1 1 0 0 0 1 0 0 1 1 0 1 0 0 1 0 0 1 1 1 0 0 0 1 0 0 0 0 0 0 1 0 1 1 0 0 1 0 1 1 1 0 1 1 0 0 1 1 1 1 1 0 1 1 1 1 0 1 0 1 1 0 1 1 1 1 1 1 1 1 0 0 1 0 0 0 0 1 0 1 1 1 0 1 0 1 0 0 0 1 0 0 0 0 1 1 0 1 1 1 0 0 0 0 1 1 0 1 1 0 0 1 0 1 0 1 0 0 1 1 1 1 1 1 1 0 1 0 1 1 0 0 0 0 1 0 0 1 1 1 0 0 1 0 1 0 1 1 1 1 1 1 1 0 0 0 1 1 1 0 1 0 1 0 1 0 1 0 1 0 1 0 0 0 1 1 
1 0 1 0 1 0 0 1 1 0 0 0 1 1 0 0 1 0 1 1 0 0 1 1 1 0 1 1 0 0 0 0 0 1 1 0 1 0 1 0 1 1 0 1 0 0 1 0 0 1 1 0 1 1 1 0 1 1 0 1 1 0 0 0 1 1 0 1 1 0 1 0 1 1 0 1 1 1 0 0 1 0 1 0 1 1 0 1 0 1 0 0 0 1 1 1 1 0 1 0 1 1 0 0 0 0 1 1 1 1 0 1 1 0 0 0 1 1 0 0 0 1 0 0 1 1 1 0 0 0 0 1 0 0 0 1 0 1 0 0 1 1 0 0 1 1 1 0 1 1 0 1 0 0 1 0 1 1 1 1 0 0 0 0 1 1 1 0 1 1 1 0 0 1 1 0 1 0 0 0 0 0 0 0 1 1 1 0 0 1 0 0 
0 1 0 0 1 0 1 0 1 0 0 0 0 1 1 1 0 0 1 0 1 0 0 1 1 1 1 1 1 1 0 1 1 1 1 1 0 1 1 1 1 1 0 1 0 1 0 0 1 0 0 0 1 0 0 0 1 0 0 0 1 0 0 0 0 0 1 0 1 1 0 1 1 0 1 1 1 1 0 1 1 1 0 1 1 0 0 0 1 1 0 0 0 1 0 1 0 0 0 0 0 0 0 1 1 0 1 0 0 0 0 0 0 0 0 0 1 0 1 1 1 1 0 1 1 1 0 0 1 1 1 1 1 0 1 1 0 1 0 1 0 0 0 0 1 0 1 1 1 0 1 1 1 0 0 0 1 0 1 1 1 0 1 0 0 0 0 0 1 0 0 1 0 1 0 0 0 1 1 0 0 1 0 0 1 1 0 1 1 0 1 0 
0 0 1 1 1 1 0 0 0 0 1 1 1 1 0 0 1 0 0 1 1 0 1 1 1 0 0 0 0 0 1 0 0 0 1 1 0 1 1 0 1 1 0 1 0 0 0 1 1 0 0 1 0 1 1 1 0 1 0 0 0 0 0 1 0 0 0 1 0 0 1 1 0 0 1 0 1 0 1 1 0 0 0 1 0 0 1 1 1 0 0 0 0 0 1 1 0 1 0 0 1 1 1 0 0 0 0 0 0 1 0 1 0 0 1 1 1 0 1 1 1 0 1 1 0 1 0 1 0 0 0 1 1 0 1 0 0 1 1 0 1 0 1 0 1 1 0 0 1 1 1 0 1 1 1 0 1 1 0 1 1 0 0 1 1 1 1 1 0 0 1 1 1 0 1 0 0 1 1 0 0 1 0 1 1 1 0 0 1 0 1 0 
0 1 0 0 1 0 1 1 1 0 0 1 0 1 0 0 1 1 0 0 1 0 0 1 0 1 0 0 1 1 1 1 0 1 1 0 1 1 0 1 0 0 0 0 1 0 0 1 1 0 0 1 0 1 1 1 1 0 0 0 1 1 0 0 0 0 1 1 1 1 1 1 0 1 0 0 0 1 1 1 1 1 1 1 0 1 0 0 0 1 1 0 1 1 1 0 1 1 0 0 1 1 0 0 1 0 0 0 1 0 1 0 1 1 0 0 1 1 0 1 0 0 0 0 1 1 1 0 0 0 1 0 1 1 0 1 1 0 0 0 1 1 1 1 0 1 0 0 1 1 1 0 0 0 0 0 1 0 0 0 1 1 0 0 1 0 0 0 0 1 0 1 1 1 1 0 1 0 1 0 1 1 0 0 0 0 1 0 0 0 1 0 
1 0 1 1 1 0 1 1 1 0 0 0 1 0 0 0 0 0 0 0 1 0 1 0 1 0 1 1 1 1 0 0 1 0 1 0 1 0 0 0 0 0 1 0 1 0 0 0 0 0 0 1 0 1 1 0 0 0 0 0 0 0 1 1 1 1 0 0 0 1 0 1 0 0 0 1 1 0 0 1 0 0 1 1 1 1 1 0 1 0 1 0 1 0 1 1 0 0 1 1 0 1 0 0 1 0 0 0 0 0 1 1 0 1 1 0 0 0 1 0 0 0 0 0 1 1 0 0 1 1 0 1 0 1 1 1 1 0 0 1 1 1 1 1 1 1 0 1 1 1 0 0 1 1 1 0 1 0 0 1 0 0 1 1 0 1 0 1 1 0 1 0 0 1 0 1 0 1 0 1 1 1 0 1 0 1 1 1 0 1 1 1 
1 1 1 0 1 1 1 1 0 1 0 0 1 0 1 1 0 0 1 1 0 1 0 1 1 1 1 0 0 1 0 0 1 1 0 1 1 0 0 0 1 0 1 1 1 0 0 1 0 1 1 1 0 0 0 0 0 1 0 0 1 0 0 0 1 0 0 0 0 0 1 0 0 0 1 0 1 1 1 1 0 1 1 1 0 0 0 0 1 1 1 0 1 0 1 1 1 1 1 1 1 1 0 1 1 0 0 0 1 1 1 0 0 0 0 1 1 0 0 1 1 1 0 1 1 1 0 0 1 0 1 0 0 0 1 0 0 0 1 1 1 0 0 1 0 0 1 0 0 0 1 0 0 1 1 1 0 0 0 1 0 0 0 1 0 1 1 0 0 1 1 0 1 1 0 0 1 0 1 0 1 0 1 1 1 0 0 0 0 1 1 1 
0 1 1 0 0 0 0 1 0 0 1 1 0 1 0 0 0 1 0 0 1 0 1 1 1 0 1 1 0 1 0 0 1 0 1 1 0 1 0 1 0 1 0 0 0 0 0 1 0 1 1 0 0 0 0 0 0 0 1 0 0 0 0 0 0 1 1 0 1 0 0 0 1 0 0 0 0 1 1 1 0 0 1 0 0 0 1 1 1 1 1 1 0 0 1 1 1 1 0 1 1 1 0 1 0 1 1 1 1 1 1 1 1 1 1 0 0 1 0 1 0 1 0 1 0 1 1 1 0 1 1 1 0 0 0 0 1 0 1 1 1 0 1 1 0 1 1 1 0 1 0 1 0 1 0 0 0 1 0 1 1 0 0 1 1 1 0 0 0 0 0 1 0 1 0 1 0 0 1 1 1 1 0 1 1 1 1 1 1 1 0 0 
1 0 0 0 1 1 1 1 1 1 1 1 0 1 0 1 1 1 0 0 0 1 1 0 0 1 1 1 0 0 1 0 0 0 0 0 0 0 0 1 1 1 1 1 1 1 0 1 1 1 1 0 1 1 1 0 1 1 1 0 1 1 0 0 1 0 0 1 0 1 0 1 0 1 1 1 0 0 0 0 1 1 1 1 1 0 0 1 1 0 0 0 0 0 0 0 0 0 1 1 1 0 1 0 1 0 0 0 0 0 0 1 1 1 1 0 0 1 1 0 1 1 1 1 1 0 1 0 0 1 1 0 0 0 1 0 1 1 1 0 1 0 1 1 0 1 1 1 1 0 0 0 0 0 0 0 0 1 0 1 1 0 1 1 0 1 0 0 0 1 1 0 1 0 0 1 0 0 0 0 0 1 0 1 1 1 1 0 1 0 0 1 
1 0 1 1 0 1 0 0 0 0 1 1 0 1 1 0 1 1 1 0 1 1 0 1 1 0 0 1 0 0 1 1 0 1 1 1 1 1 1 1 0 0 0 1 0 0 1 1 0 1 0 0 0 0 0 0 0 1 1 1 1 0 0 0 0 0 0 1 1 1 0 0 0 0 1 0 1 0 0 0 1 0 0 0 1 1 0 0 1 0 1 0 1 0 0 1 0 1 1 1 0 1 0 0 1 0 0 0 1 1 0 0 1 0 0 1 0 1 0 0 0 0 1 1 0 0 1 0 1 1 0 0 1 0 0 1 1 1 0 0 1 0 1 1 1 0 1 0 0 0 0 1 1 1 1 0 1 0 0 1 0 1 1 1 0 1 0 0 1 1 0 1 0 1 0 0 1 0 0 1 1 1 1 0 0 1 1 1 1 0 1 1 
1 0 1 1 1 0 1 1 0 0 1 1 0 0 1 1 0 1 0 0 1 1 0 0 0 1 0 1 0 1 0 1 0 0 0 1 1 0 0 1 0 1 0 0 1 1 1 0 1 1 1 0 0 1 0 0 0 0 1 0 1 1 1 1 1 1 0 1 1 0 1 0 0 0 1 0 1 1 0 0 1 1 0 0 1 1 0 1 1 1 0 1 0 0 1 1 0 1 1 0 1 0 0 0 1 1 0 0 0 1 1 0 0 0 0 1 1 0 1 0 0 0 1 0 0 1 1 1 0 0 1 1 0 0 1 1 1 1 1 0 0 0 0 0 0 1 0 1 1 0 0 1 1 0 0 0 1 0 1 0 0 0 1 0 0 1 1 1 0 0 0 1 1 1 1 1 0 0 1 0 1 1 0 1 1 0 0 1 0 1 0 0 
0 0 0 0 1 1 1 1 0 1 1 0 1 1 0 0 0 1 0 0 1 0 1 1 1 0 0 1 1 1 0 0 1 0 0 1 1 0 1 1 1 0 0 1 0 0 1 1 1 1 0 0 1 1 0 0 0 0 1 0 0 0 0 0 1 0 0 0 1 0 1 0 1 0 1 1 1 1 1 0 1 0 0 1 1 1 1 0 0 0 1 1 1 0 1 0 0 0 0 0 0 1 1 1 1 1 0 0 1 0 0 1 1 1 0 1 1 1 1 0 1 1 0 0 1 0 0 1 0 0 0 1 0 1 0 1 0 0 0 0 1 0 1 1 1 0 1 0 1 0 1 0 0 1 0 0 0 1 1 0 1 1 1 0 1 1 0 1 1 0 1 0 1 0 0 1 0 1 0 1 0 0 1 0 1 0 0 0 0 1 1 0 
1 0 1 0 1 1 1 0 1 1 0 1 0 0 0 0 1 0 0 1 0 1 0 1 1 1 0 1 0 1 1 0 1 1 1 0 1 1 1 0 0 1 1 1 1 1 1 0 0 0 0 0 0 0 0 1 1 1 1 0 0 1 0 1 0 1 0 1 1 1 0 1 0 0 0 0 1 1 1 1 1 1 1 0 0 1 1 1 0 0 1 0 1 0 0 0 0 0 1 0 0 1 1 0 1 1 0 0 1 0 1 1 0 0 1 1 1 1 1 1 0 1 0 1 0 1 0 0 0 1 1 0 1 1 0 0 1 1 0 0 1 0 0 0 1 0 1 1 1 0 0 0 0 1 0 1 1 1 0 0 0 1 1 0 1 1 1 0 1 0 0 0 1 1 0 0 0 1 0 0 1 0 0 0 1 0 0 0 1 1 0 0 
0 0 1 1 0 0 0 0 1 1 0 0 0 0 1 0 0 1 1 1 1 1 1 1 0 0 0 1 1 1 0 0 1 0 1 0 1 1 0 0 1 1 0 0 1 1 1 0 0 0 1 0 1 1 1 0 0 1 1 0 0 0 1 1 0 1 0 1 0 0 0 0 1 1 1 1 1 1 1 1 0 1 1 0 0 0 0 0 0 0 1 0 0 1 0 1 0 0 1 0 0 1 0 1 1 0 0 1 0 1 1 1 1 1 0 0 0 0 1 1 1 0 1 0 0 0 1 0 0 0 1 1 1 1 0 0 0 1 1 0 1 0 1 1 1 1 0 1 0 0 1 0 0 0 1 0 0 0 1 0 1 0 1 0 0 0 0 1 0 1 0 0 0 0 1 0 1 0 1 0 1 0 1 1 0 1 1 0 1 1 1 0 
1 1 0 1 0 0 0 0 1 1 1 1 1 1 0 0 0 1 1 0 0 0 1 1 1 1 0 0 1 1 1 1 1 1 1 0 0 0 0 1 1 0 1 0 1 1 1 0 0 1 1 1 0 1 0 0 0 0 0 0 1 1 1 1 0 0 1 0 1 1 1 0 1 0 1 1 0 1 1 1 0 1 1 1 0 1 1 0 0 0 0 1 1 0 1 0 0 0 0 1 0 0 1 0 0 0 1 0 0 1 0 1 0 0 1 1 1 1 1 1 1 0 1 0 0 0 1 0 0 0 0 0 0 0 1 1 1 1 1 0 0 1 1 0 0 1 1 0 0 0 0 1 0 1 1 0 1 0 0 1 0 0 1 1 1 1 0 1 0 1 0 0 0 1 0 0 1 1 0 0 0 0 0 0 1 1 0 0 0 1 1 0 
1 0 0 1 0 1 0 1 1 1 0 1 0 1 1 0 0 1 0 0 0 0 1 1 1 0 1 0 1 1 0 1 0 1 0 0 0 0 0 0 0 1 1 1 0 0 1 1 1 0 1 1 0 1 0 1 0 1 1 0 0 0 1 0 0 1 0 0 0 1 0 1 0 1 1 0 1 0 0 0 1 0 1 1 1 1 1 0 1 0 1 0 0 1 1 0 0 0 0 1 0 1 0 0 0 0 0 1 1 1 1 0 1 1 0 1 0 0 0 1 1 1 1 1 1 0 1 1 1 0 0 1 0 1 1 1 1 0 0 0 0 1 0 0 1 0 1 1 0 0 0 1 1 0 0 1 1 1 1 0 1 1 0 0 1 1 1 1 1 1 0 1 0 0 0 0 0 0 1 0 1 1 0 1 1 0 0 1 1 1 1 0 
0 1 0 1 1 1 0 1 1 1 0 1 0 1 0 1 1 1 0 1 0 1 0 0 1 0 1 1 1 1 1 0 0 1 0 0 0 0 1 0 0 0 0 0 0 1 1 0 1 0 1 1 0 0 1 0 0 1 0 0 0 1 0 1 1 1 1 0 1 1 0 0 0 1 1 1 0 0 0 1 1 0 0 0 0 0 1 0 0 1 1 0 0 0 1 1 1 0 1 0 0 0 1 0 1 1 1 1 0 1 1 1 1 1 0 0 0 0 1 0 0 1 1 0 0 1 0 1 0 1 1 0 1 0 1 1 0 1 1 0 0 0 1 1 0 0 0 0 1 0 1 1 0 0 0 1 0 0 1 1 0 1 0 1 1 1 0 0 1 0 1 1 0 1 1 1 0 1 1 1 1 1 1 1 0 1 0 0 0 1 1 0 
1 1 1 1 1 0 0 0 0 0 1 0 0 1 1 0 1 1 1 1 1 0 0 1 0 0 1 0 0 1 1 1 1 1 0 1 1 1 0 0 1 1 1 0 1 1 0 0 0 0 1 1 0 0 1 1 0 0 0 0 1 0 0 0 1 1 1 0 0 0 1 0 0 1 0 0 0 0 1 0 1 1 1 0 1 1 1 1 0 0 0 0 0 1 1 0 1 1 1 0 1 0 1 1 0 1 0 0 1 0 0 1 0 1 1 0 0 0 0 0 1 0 1 0 0 0 0 0 0 1 0 1 0 0 1 1 0 1 0 1 1 0 1 0 0 0 1 0 0 1 1 0 0 0 0 1 1 0 0 0 1 0 1 0 1 0 1 1 1 1 1 1 0 0 0 1 0 1 0 1 1 0 1 0 0 1 0 1 1 1 1 0 
0 1 0 0 1 0 1 0 0 1 0 1 0 0 0 0 0 0 1 1 0 0 1 1 0 0 0 1 0 0 1 1 1 1 0 1 1 1 0 1 1 1 0 1 0 0 0 0 1 1 1 1 0 0 1 1 0 1 0 0 0 0 1 1 1 0 1 1 0 1 0 0 0 0 0 0 0 1 1 1 1 1 0 0 1 1 0 0 1 1 1 1 1 1 0 0 0 0 1 0 1 0 1 0 0 1 1 1 0 0 1 0 1 0 1 1 1 0 1 1 0 1 1 1 0 1 0 1 0 0 0 1 0 0 0 1 1 0 0 1 1 1 0 1 1 1 0 1 1 0 0 0 1 0 1 0 0 0 0 1 0 0 1 1 1 1 0 1 1 0 1 0 0 0 0 0 1 0 1 1 0 0 1 1 0 0 1 1 1 0 0 1 
0 1 0 0 0 1 1 0 0 1 0 1 1 1 0 1 1 1 0 1 1 0 1 0 1 1 1 1 1 0 0 1 0 1 0 1 0 0 0 0 0 0 0 1 0 1 1 1 0 0 0 1 1 1 0 0 1 0 1 1 1 1 1 1 1 1 1 1 1 0 1 0 1 1 0 1 1 0 0 1 0 0 1 0 0 0 0 1 1 0 1 0 1 1 0 0 0 0 1 0 1 0 1 1 0 1 0 1 0 0 0 0 0 0 0 1 1 0 1 0 1 1 0 1 0 1 1 0 0 1 0 0 0 0 0 0 0 0 0 0 1 1 1 0 1 0 1 0 0 1 1 0 1 0 0 0 1 0 0 0 1 1 1 1 1 1 1 0 0 1 1 1 0 1 1 0 1 0 1 0 1 1 1 1 0 1 0 1 1 1 0 1 
0 0 1 0 0 1 0 1 1 0 1 1 1 0 1 0 0 0 1 0 0 0 0 0 1 1 1 1 1 0 1 1 1 1 0 0 1 1 0 1 0 0 0 1 1 0 0 0 1 0 1 0 1 0 0 1 0 0 0 1 0 1 1 1 1 0 0 0 0 1 1 1 0 0 1 1 0 0 1 0 1 0 0 0 1 0 0 0 0 1 1 0 1 1 1 1 0 1 0 0 1 1 1 1 1 1 0 1 1 0 0 1 0 1 1 0 1 0 1 0 0 1 1 0 0 0 1 0 0 0 0 1 1 0 0 0 0 1 1 1 0 1 0 1 0 1 1 1 0 1 0 0 1 1 0 0 1 0 1 0 0 1 0 1 1 1 0 0 1 1 0 1 1 1 0 0 1 0 1 0 1 1 0 0 1 1 0 0 1 1 1 1 
0 1 1 1 1 0 0 0 0 1 1 1 0 1 1 1 1 1 0 1 0 1 0 1 0 0 1 0 1 1 0 1 1 0 0 1 0 0 0 1 1 1 1 1 1 0 0 1 0 1 0 0 1 0 1 0 1 1 0 0 1 0 0 1 0 0 0 0 1 1 1 1 0 1 0 0 0 0 1 1 0 1 0 0 1 1 1 0 0 0 0 1 1 1 1 1 0 1 0 0 0 1 0 0 1 0 1 1 1 0 1 0 0 0 1 0 0 0 0 1 1 1 0 0 1 0 1 0 0 1 1 0 1 1 1 1 0 1 1 0 0 1 0 0 1 0 0 0 1 1 0 0 1 1 0 0 0 1 1 0 0 1 0 1 1 1 0 0 0 1 0 0 0 1 1 1 0 0 0 1 1 0 1 1 1 1 0 1 0 1 0 1 
0 0 0 1 1 0 1 1 1 0 1 0 1 1 0 0 0 1 0 1 1 1 0 0 0 0 0 0 0 1 1 0 1 0 0 1 0 1 1 1 0 1 1 0 0 1 1 0 0 0 1 0 1 0 1 1 0 0 0 0 0 0 1 0 0 0 0 0 1 0 0 0 1 1 0 1 0 0 1 0 0 0 1 1 0 1 1 0 1 0 0 0 0 1 0 0 0 1 1 1 1 0 1 1 1 0 1 0 1 0 1 0 0 0 0 0 1 1 1 1 0 1 1 1 1 1 1 0 0 0 1 0 0 0 1 0 1 1 0 1 0 1 0 1 0 0 0 1 1 1 1 1 0 0 1 1 0 1 0 0 0 1 1 1 1 1 1 1 1 1 0 1 0 1 0 0 1 0 1 1 0 1 1 0 1 0 0 0 0 1 0 1 
1 0 1 0 1 1 1 0 1 1 1 1 1 1 0 0 1 1 0 0 1 0 1 0 1 1 1 1 1 0 0 1 1 1 0 0 0 1 1 0 0 0 1 0 0 0 0 1 1 1 0 0 0 0 1 1 0 0 0 0 1 0 0 0 1 1 0 0 0 0 1 0 1 1 0 0 1 1 1 0 1 0 0 0 1 0 0 0 0 1 0 0 1 1 0 0 0 0 1 0 0 1 1 0 0 0 1 0 0 0 1 1 0 0 1 1 0 1 1 0 1 0 1 1 1 1 1 0 1 0 1 0 1 1 0 1 0 0 1 0 1 0 1 1 0 0 0 1 1 0 1 1 0 1 1 1 0 1 1 1 0 0 0 1 0 0 0 1 0 0 0 1 0 1 1 0 0 0 1 0 1 0 1 0 0 0 0 0 1 0 0 0 
0 1 0 1 0 1 0 0 1 0 0 1 1 0 1 1 0 0 0 0 0 1 1 0 0 1 1 0 1 0 0 1 1 1 1 0 1 0 0 1 1 1 0 1 0 0 1 0 1 0 0 0 1 0 1 1 0 1 1 1 1 0 0 1 1 0 1 1 1 0 0 0 1 1 0 0 1 0 1 0 0 1 1 0 0 1 1 1 0 0 1 0 0 0 1 1 1 0 0 1 0 0 1 0 1 0 0 0 0 1 1 0 0 0 0 1 0 1 0 0 1 1 0 0 0 0 1 1 1 0 1 1 1 1 1 1 0 1 0 0 1 1 0 1 0 1 1 1 0 0 1 0 0 0 1 0 1 1 0 1 0 0 1 1 1 1 0 0 0 0 1 1 0 0 1 1 0 1 1 0 1 1 0 0 0 0 1 1 0 1 0 1 
0 1 1 1 0 0 1 0 1 0 0 1 1 0 1 1 0 1 0 1 1 0 1 1 0 0 1 1 0 0 1 0 0 1 0 1 0 1 1 0 0 1 1 0 1 0 0 1 1 0 0 0 1 0 1 0 0 0 1 0 0 1 0 1 0 1 1 1 0 1 1 0 0 1 1 1 0 1 1 0 0 0 0 1 1 0 0 0 1 0 0 1 1 0 1 1 1 0 0 1 0 1 1 0 1 0 0 0 1 0 0 1 1 1 1 1 1 1 0 1 0 0 1 0 0 1 1 0 1 1 1 0 0 0 1 0 0 0 1 1 1 1 0 0 1 0 1 1 1 1 0 1 1 1 0 1 1 0 1 1 0 0 1 0 1 0 1 0 0 0 1 1 1 0 1 0 1 0 0 0 1 0 1 0 0 0 1 0 0 1 1 1 
1 0 1 1 0 0 1 1 1 0 1 0 0 0 0 1 1 1 1 0 0 1 1 0 0 0 1 1 0 0 1 1 1 0 0 0 0 1 1 0 1 0 1 1 0 0 0 0 1 1 0 0 1 1 0 1 1 1 1 0 0 1 1 0 0 0 1 0 1 0 1 1 0 0 0 0 0 1 1 1 1 0 0 0 0 1 0 1 1 0 1 0 0 1 1 1 0 1 1 0 0 0 1 1 1 1 1 1 0 1 1 1 0 0 0 0 0 0 0 1 0 1 1 0 0 1 1 1 1 1 1 1 0 1 1 1 1 0 0 0 0 1 1 0 0 0 0 0 1 0 1 0 1 1 1 0 0 1 0 1 1 0 1 0 1 0 1 0 0 1 1 0 0 1 0 0 1 1 0 0 1 1 1 0 1 0 0 0 0 0 1 0 
0 0 0 1 0 0 1 1 0 0 1 1 0 1 0 1 1 1 0 1 0 1 0 1 1 0 1 0 0 1 1 1 1 1 0 1 0 1 0 0 0 0 1 1 0 1 0 0 1 0 0 1 1 1 1 0 0 1 1 1 1 1 0 1 1 0 1 1 0 0 1 1 1 0 0 1 1 0 0 0 1 1 0 0 1 1 0 1 0 1 1 0 0 0 0 0 1 0 0 0 0 1 0 0 0 0 0 0 1 1 1 0 1 1 0 0 1 1 1 1 1 1 0 1 0 0 0 0 0 0 1 1 0 0 0 1 1 1 1 1 0 1 1 1 0 0 0 1 0 1 1 1 1 1 1 0 0 1 1 0 0 0 0 1 0 0 1 1 1 0 0 0 0 0 0 0 1 1 0 1 0 0 0 1 1 0 1 1 0 1 1 0 
1 0 1 1 0 1 1 0 1 0 0 0 0 0 0 0 1 0 1 0 0 1 0 1 1 1 1 0 1 0 0 1 0 0 0 0 0 1 1 1 0 1 0 0 1 1 1 0 1 1 0 1 0 0 1 0 1 0 0 1 0 0 0 1 0 0 0 1 1 0 0 0 0 1 0 0 0 0 0 1 1 0 0 0 0 0 1 1 1 1 0 1 1 0 1 1 0 1 0 1 0 1 1 1 0 1 1 0 0 1 1 0 0 1 1 0 1 1 0 1 1 0 0 1 0 1 1 0 1 0 1 1 0 1 0 1 0 0 1 0 0 0 1 1 1 0 0 1 0 1 0 0 1 0 0 1 0 0 1 0 1 0 1 1 0 1 1 0 1 1 1 0 1 0 0 1 0 0 1 1 0 0 1 1 1 1 1 0 0 1 1 1 
1 0 1 1 0 0 1 0 1 0 0 1 1 0 0 0 0 1 1 0 1 1 0 0 0 0 0 0 1 0 1 0 0 1 0 0 1 1 1 0 1 0 1 0 0 1 0 1 0 0 0 0 1 1 1 0 1 0 1 0 0 0 0 1 1 0 1 1 1 1 1 1 0 0 1 1 1 0 0 0 1 1 1 1 0 1 1 1 1 1 0 1 0 0 1 1 1 1 1 0 0 0 0 0 0 0 1 1 1 1 0 0 1 0 1 1 0 0 1 1 1 0 0 0 0 0 1 0 1 0 0 0 1 1 0 0 1 0 1 1 1 0 0 0 1 1 0 1 0 0 1 0 0 1 0 1 0 0 1 0 1 1 0 1 1 1 0 0 1 1 1 1 0 1 1 1 1 0 0 0 0 1 0 1 1 0 0 1 1 0 0 0 
0 0 0 0 1 1 0 0 0 1 1 0 1 0 0 0 0 0 1 0 0 0 1 0 0 1 1 0 0 0 1 0 0 0 1 1 0 1 1 0 0 0 0 1 1 0 1 0 0 1 1 1 0 0 1 1 0 1 1 0 0 1 1 0 0 1 0 1 1 0 1 1 0 0 0 1 0 0 0 1 1 1 0 1 1 0 0 1 0 0 1 1 1 0 1 1 0 0 1 1 1 0 0 1 0 0 0 1 0 1 1 0 0 0 0 0 1 1 1 1 1 1 0 0 1 0 0 0 1 1 1 1 0 1 1 1 0 1 1 1 1 1 1 1 1 1 1 1 0 1 1 1 0 0 0 1 0 0 1 1 1 1 1 0 1 0 0 0 0 1 0 1 0 1 1 0 0 0 0 0 0 0 0 1 0 0 1 1 1 0 1 0 
0 0 0 0 0 0 1 0 1 0 1 1 1 0 1 1 1 1 0 1 1 0 0 0 1 0 0 0 0 0 1 1 0 0 1 1 0 1 0 0 1 0 1 1 1 1 1 0 1 1 0 1 0 1 0 0 0 0 0 1 1 0 0 1 0 1 0 0 1 0 0 1 1 1 1 0 0 1 1 1 1 0 1 1 0 1 1 1 0 1 1 1 1 0 1 1 1 1 0 1 1 1 0 0 1 0 1 1 1 0 0 1 1 0 0 0 0 0 1 0 0 1 0 1 1 0 1 0 1 0 1 1 1 0 1 0 0 0 0 1 1 0 1 1 1 0 0 1 0 0 0 0 1 0 1 1 1 0 1 0 0 0 1 1 0 1 0 0 0 1 1 1 0 0 0 0 0 1 0 1 0 0 0 1 0 0 0 0 1 1 0 1 
0 1 0 1 0 1 1 1 1 0 0 1 1 0 0 0 1 0 1 0 0 1 0 0 1 1 1 1 1 1 1 1 1 0 0 0 0 1 0 0 1 1 0 0 1 1 1 1 0 0 1 0 1 1 0 1 0 1 1 1 1 0 0 1 1 1 1 1 0 1 0 1 1 0 0 0 0 0 1 1 0 1 0 1 1 1 1 0 1 0 1 1 1 0 0 1 0 1 1 0 0 1 1 0 0 0 1 0 0 0 1 1 1 0 0 0 0 0 0 1 0 0 0 0 1 0 0 1 1 0 0 0 0 0 0 0 0 1 1 0 1 0 0 1 1 0 1 0 1 1 1 1 1 0 0 1 1 0 1 0 1 1 0 0 1 1 1 1 0 0 0 0 1 1 0 0 0 1 1 0 0 0 0 0 0 1 1 1 1 0 0 0 
1 1 0 1 0 1 1 1 0 0 0 0 0 1 0 1 1 0 0 0 1 1 1 0 1 0 0 0 1 1 0 1 0 1 1 1 0 1 0 0 1 1 0 1 1 0 0 0 0 0 1 0 0 0 0 0 1 0 0 1 0 0 1 1 1 1 1 0 1 0 1 1 1 1 1 1 0 0 0 0 1 1 1 1 1 0 0 0 1 0 0 1 1 1 1 1 1 0 1 0 0 1 0 0 1 1 0 1 1 1 0 1 0 1 0 1 1 1 0 1 0 0 1 1 1 0 1 1 0 0 1 0 1 1 0 0 1 1 1 0 1 1 0 0 0 0 0 1 1 1 1 0 1 1 1 1 0 1 0 1 1 1 1 1 0 1 1 0 0 0 1 0 1 1 0 1 0 0 1 1 0 0 0 0 0 0 0 1 0 0 1 0 
1 1 1 1 0 0 1 0 1 1 0 1 1 1 0 1 0 0 1 0 0 0 1 1 0 0 1 0 0 1 0 0 1 0 0 0 0 1 0 0 0 1 0 0 0 0 0 1 1 0 0 1 0 1 0 0 1 1 0 1 1 1 0 0 1 1 0 1 1 1 1 0 0 1 0 1 1 0 1 0 1 0 1 0 0 1 1 0 1 0 0 1 1 0 0 1 0 0 0 0 1 0 0 1 1 1 1 1 0 1 0 0 0 0 1 0 0 1 0 0 0 1 0 0 0 0 0 1 1 0 1 1 1 0 1 0 1 1 0 0 1 0 1 1 1 1 1 1 1 1 1 0 0 0 0 0 1 0 0 0 0 1 0 1 0 0 0 1 1 1 0 0 1 0 1 0 1 1 1 1 1 0 1 0 1 1 0 0 1 0 1 1 
1 1 0 0 1 1 1 1 1 1 0 0 0 0 1 1 1 0 0 1 1 1 0 1 1 0 1 1 1 1 1 1 1 0 0 0 0 1 1 1 0 1 0 0 1 1 1 1 0 1 0 0 0 0 1 1 0 0 1 0 1 1 1 0 0 0 1 0 1 0 1 1 1 1 1 1 1 0 1 0 1 0 1 0 1 0 0 1 0 0 1 1 0 0 0 0 0 0 0 0 0 1 0 0 0 1 0 1 1 1 0 0 0 0 0 1 0 0 1 1 1 0 0 0 1 0 1 1 1 0 1 0 0 0 1 0 0 0 0 1 0 0 0 1 1 1 0 0 0 0 1 0 0 0 1 0 0 0 0 1 0 0 0 0 1 1 1 1 1 0 1 0 0 1 0 1 1 0 0 0 1 0 0 0 0 1 1 0 1 0 1 1 
0 1 0 0 1 0 0 1 0 1 0 0 1 0 1 0 0 1 1 0 1 1 0 1 0 0 1 1 1 1 1 0 0 1 1 0 0 1 0 1 1 1 1 1 0 1 0 0 1 0 1 1 1 0 1 0 1 1 1 1 1 0 0 1 0 1 0 0 0 0 1 0 1 0 0 0 1 1 0 0 1 0 0 1 1 1 1 1 0 1 1 1 1 0 1 0 0 0 0 0 1 0 1 1 1 1 0 0 0 1 0 0 0 1 1 1 1 1 1 1 0 1 1 0 1 0 0 1 0 1 1 0 0 1 1 0 1 1 0 0 1 1 0 0 1 1 0 0 0 1 0 1 1 1 1 0 0 0 0 0 0 1 1 0 0 1 0 0 1 0 1 0 0 0 1 0 0 0 1 1 0 0 0 1 0 1 0 1 1 0 0 1 
0 0 0 0 1 0 0 1 1 0 1 0 0 1 1 1 1 1 1 0 1 0 0 0 0 0 1 1 0 0 1 1 1 1 1 0 0 0 0 0 1 1 1 0 0 0 1 1 0 0 1 1 1 0 0 1 1 0 1 1 1 0 1 1 0 1 0 0 0 1 1 0 0 0 1 0 0 0 0 0 0 1 0 0 0 1 0 0 0 1 1 1 0 0 1 0 0 0 0 1 1 1 0 1 1 0 0 1 1 1 0 0 0 1 1 1 1 1 1 1 1 0 0 0 0 1 0 1 0 1 0 0 0 1 0 1 1 1 0 1 0 0 1 0 1 0 0 1 1 1 1 0 1 1 1 0 0 1 1 1 0 0 0 1 0 1 1 1 0 1 0 0 0 1 0 0 0 1 1 1 0 1 1 0 1 0 1 0 1 1 0 0 
1 0 0 0 0 1 0 1 0 0 1 0 0 0 0 1 1 0 1 1 1 0 0 1 0 1 0 0 1 0 1 1 1 1 0 1 1 1 0 0 1 1 0 0 0 0 1 0 0 0 0 1 0 1 0 0 0 0 0 1 0 0 1 0 1 0 0 1 1 1 0 1 0 1 0 1 1 1 0 0 0 1 0 1 0 0 0 0 1 1 1 1 0 0 0 0 0 1 0 0 1 1 1 0 0 1 0 1 1 0 1 1 1 1 1 0 0 0 0 1 0 1 1 0 1 1 1 0 0 1 1 0 0 1 1 0 1 1 1 0 1 1 1 1 1 1 1 0 0 0 1 1 0 1 1 1 1 1 0 1 1 0 0 1 0 0 1 0 1 0 0 0 0 1 1 1 0 1 0 1 1 1 1 1 0 0 0 0 1 1 0 0 
1 1 1 0 0 1 1 0 0 1 0 0 1 1 0 0 0 1 1 0 1 0 0 0 0 1 1 1 0 0 0 0 1 0 1 0 0 1 0 1 0 1 1 0 0 1 0 1 1 1 0 0 0 1 1 1 0 1 0 0 1 1 1 1 1 0 0 1 1 0 0 0 1 1 0 0 0 1 0 0 0 1 0 1 0 0 0 1 0 0 1 0 0 0 0 1 1 0 0 0 1 1 0 0 1 1 1 1 1 1 1 1 1 0 0 1 1 0 0 1 1 1 1 0 1 0 0 1 0 1 0 0 1 0 0 1 0 0 1 0 0 1 0 0 1 0 0 1 0 1 0 1 1 0 1 1 1 0 0 0 1 0 1 1 0 0 0 1 1 1 1 1 1 1 0 1 1 1 0 0 0 1 0 0 0 0 1 0 0 1 1 1 
1 1 1 0 1 1 1 1 1 0 1 0 1 0 1 1 1 0 0 0 0 0 1 0 0 1 1 0 1 0 0 1 0 0 0 1 0 1 0 0 1 0 0 0 0 1 1 0 0 1 0 0 0 0 0 1 1 1 1 0 1 0 1 0 1 1 0 1 0 1 0 1 0 1 0 0 1 1 1 0 0 1 1 1 0 0 1 0 0 1 0 0 0 0 1 0 1 1 0 0 0 1 1 0 0 1 1 1 0 0 0 1 1 0 0 1 0 1 1 1 1 1 0 0 0 0 1 0 0 1 0 1 1 0 0 0 0 0 0 1 1 1 1 0 0 1 0 1 1 0 0 1 1 1 1 0 0 1 1 1 0 1 1 0 1 0 1 0 1 0 0 0 1 0 0 0 1 0 1 1 0 1 1 1 1 1 0 1 0 0 1 0 
1 1 1 0 0 1 0 1 0 1 1 1 1 0 0 1 0 1 0 1 1 1 1 0 0 0 0 0 0 1 0 0 0 1 0 0 0 0 1 1 1 0 0 0 1 0 0 0 1 0 1 0 1 0 0 0 1 1 0 0 1 1 0 1 0 1 1 1 0 0 0 1 1 1 0 0 1 1 0 1 1 0 0 0 0 0 1 0 0 1 0 0 1 1 1 0 0 1 0 0 1 0 1 0 1 1 1 0 0 0 0 1 0 1 0 0 0 0 0 1 0 0 0 1 1 0 0 1 1 0 0 0 0 1 1 1 1 1 0 1 1 0 1 0 1 1 1 1 0 0 1 1 1 1 1 1 1 1 1 0 1 0 0 0 0 1 0 1 1 1 0 0 0 1 0 1 1 0 0 0 0 0 0 1 0 0 1 0 1 1 1 1 
0 1 0 1 0 1 1 1 0 0 1 0 1 1 1 0 1 1 1 1 0 0 1 1 0 0 0 1 0 0 0 1 1 1 1 0 1 0 0 1 0 1 0 0 1 1 0 0 1 1 0 0 0 0 1 0 0 1 1 0 1 1 1 1 0 0 0 1 0 1 1 0 1 0 1 1 0 1 0 1 0 0 1 1 0 0 0 1 1 1 0 0 1 1 0 0 1 1 1 0 1 0 0 1 0 1 0 0 1 0 1 0 0 1 1 0 0 1 0 1 0 1 0 0 1 0 1 1 1 0 0 0 1 1 0 0 0 1 0 0 0 0 0 1 0 0 0 1 1 0 0 0 0 1 1 0 0 0 1 1 1 1 1 0 1 1 1 1 1 0 1 1 0 0 1 0 0 1 0 0 0 0 0 1 1 0 0 1 1 1 1 1 
0 0 1 1 1 1 0 1 1 0 0 1 0 0 1 1 0 1 1 1 1 1 1 0 0 1 0 0 1 1 0 0 0 0 1 1 0 1 1 1 0 0 0 1 1 0 1 1 0 0 1 1 0 0 1 1 1 1 0 1 0 1 1 0 0 0 0 1 0 1 0 0 1 0 0 1 0 1 1 0 1 1 0 1 1 0 1 1 1 0 0 1 0 1 0 1 1 0 1 0 0 0 0 0 1 1 0 1 0 0 1 1 0 1 1 1 0 0 0 0 1 1 1 0 1 0 1 0 1 1 0 0 0 1 0 1 0 0 0 1 1 0 1 1 0 1 0 0 1 1 0 0 1 1 0 0 1 1 1 0 0 0 0 1 0 1 1 1 0 0 1 1 0 1 1 0 1 1 1 1 0 0 0 0 1 0 0 0 1 1 1 0 
1 0 1 1 1 0 0 1 0 0 0 1 1 0 1 0 0 0 0 1 1 0 1 1 1 1 0 1 0 0 0 1 1 0 0 0 0 0 1 1 0 0 1 1 0 1 0 0 1 0 0 1 1 0 0 1 0 1 0 1 1 1 1 0 0 0 1 1 1 1 0 0 0 1 1 1 1 1 1 1 0 1 0 0 1 0 1 1 0 1 1 0 1 0 0 0 0 0 1 1 0 0 1 0 1 1 1 1 1 0 0 0 1 1 0 0 0 0 0 0 1 0 1 0 1 1 1 0 0 1 0 1 0 1 0 1 1 1 1 1 0 0 0 0 0 0 1 1 0 1 1 1 0 1 1 1 1 0 0 1 1 1 0 0 1 1 0 1 0 1 1 0 1 0 1 0 0 0 0 1 1 0 1 1 1 0 1 0 1 0 1 0 
0 1 0 0 0 0 1 1 0 0 0 1 1 1 1 0 1 0 0 1 1 1 1 0 0 1 1 1 1 1 1 0 1 1 0 0 0 0 1 1 1 0 0 1 1 0 0 0 1 1 1 1 0 1 0 0 0 0 1 1 0 0 0 0 0 1 0 1 0 0 0 1 0 1 1 1 0 1 0 1 0 1 1 0 0 1 1 1 0 0 1 0 0 1 0 0 0 1 1 0 1 1 1 0 0 1 1 0 1 1 0 0 0 0 0 1 0 1 0 0 1 1 1 0 0 0 0 0 1 1 0 0 1 1 0 1 1 0 1 1 0 1 0 1 1 1 0 0 1 1 1 0 1 0 1 1 1 0 1 0 0 1 0 1 0 0 0 0 0 0 0 0 1 0 0 1 0 0 1 1 1 0 0 0 1 1 1 0 1 1 1 0 
0 0 0 1 0 0 0 1 0 1 1 0 1 1 0 1 0 1 1 0 0 1 0 1 1 1 0 0 0 1 0 0 0 0 1 0 1 0 1 0 1 1 0 0 0 0 0 0 0 0 0 1 0 0 1 1 1 0 0 0 0 1 0 0 1 1 0 1 0 1 0 1 1 1 1 0 0 0 1 0 0 1 1 0 1 0 0 1 0 0 1 1 1 0 0 1 0 1 1 0 0 0 1 1 1 1 1 1 1 0 0 0 0 1 1 0 1 0 1 0 1 0 1 1 1 1 1 1 1 1 1 0 1 1 0 1 0 1 0 1 0 1 1 0 1 1 1 0 0 0 0 0 1 0 1 0 0 0 0 1 0 0 0 1 1 0 1 0 1 0 1 1 1 1 0 0 1 0 0 0 1 1 0 1 1 0 1 1 0 1 0 0 
0 0 0 0 1 1 0 0 1 1 1 0 1 0 0 1 0 0 0 0 1 0 0 0 0 0 1 1 1 1 1 1 0 1 0 0 0 0 0 0 1 0 0 1 1 1 0 0 0 1 1 1 0 0 1 0 1 1 1 1 0 0 1 1 1 0 1 0 1 1 0 0 1 1 0 0 0 1 1 1 1 0 1 0 1 0 0 0 1 1 0 0 0 0 0 1 0 1 0 0 1 1 0 0 1 0 1 1 1 1 1 0 1 0 1 1 1 1 0 0 1 0 1 1 0 1 0 0 1 1 1 1 0 1 1 0 0 1 0 0 0 0 0 1 0 1 1 1 0 1 0 0 0 1 1 1 1 1 0 0 1 1 0 0 0 1 1 1 0 0 1 1 1 0 0 0 1 1 0 1 1 0 1 0 1 0 1 1 0 0 0 0 
1 0 1 1 0 1 0 0 0 0 1 0 0 0 0 1 0 1 0 0 0 1 0 0 0 1 0 1 1 0 0 1 0 1 0 1 1 0 0 1 0 1 1 0 1 0 1 1 0 0 1 1 1 0 1 1 1 0 1 0 1 0 0 0 0 0 0 1 0 1 0 1 1 0 1 1 0 1 0 0 0 0 1 1 0 0 0 1 0 1 1 0 0 0 1 1 0 0 1 0 1 1 1 1 0 1 1 1 1 0 1 0 0 0 0 1 1 1 0 0 0 1 0 0 0 0 0 1 0 0 1 0 1 0 1 1 1 0 1 1 0 0 1 0 1 0 1 0 1 1 1 0 0 1 0 1 1 1 0 1 1 0 1 0 0 1 0 1 1 1 1 0 0 0 1 0 1 1 1 1 0 0 0 1 0 1 1 1 0 0 1 0 
1 1 1 0 0 1 0 1 0 1 0 1 1 1 1 0 1 0 0 0 1 0 0 0 1 1 1 0 0 1 0 1 0 0 0 0 1 1 0 1 1 0 0 1 1 1 0 0 1 1 1 0 1 0 1 0 1 1 0 0 1 0 0 0 0 1 1 0 0 0 0 0 1 0 1 1 0 1 1 0 1 1 1 1 0 1 0 1 1 0 0 0 1 1 0 0 0 0 0 1 0 0 1 1 1 0 0 0 0 1 1 1 1 1 1 1 0 1 1 0 0 1 0 0 0 0 1 1 1 0 1 1 1 1 0 1 0 0 1 0 0 0 0 0 1 1 0 1 1 1 1 0 1 0 0 1 0 0 0 1 0 0 0 1 1 0 1 1 0 1 1 0 1 1 1 0 1 1 0 1 0 1 1 0 0 0 0 1 1 1 0 0 
1 1 0 1 1 1 1 1 0 1 1 1 0 0 0 1 1 1 1 0 1 1 1 1 1 1 0 1 1 0 1 0 1 1 1 0 0 0 0 1 0 0 0 1 0 0 1 0 0 1 0 0 0 0 1 0 0 1 0 1 0 1 0 1 0 0 1 1 1 0 1 0 0 1 1 1 1 0 1 0 0 1 1 1 1 1 1 0 1 1 1 0 1 0 1 0 0 1 1 1 1 1 0 1 0 1 1 1 0 0 1 1 0 0 0 0 0 1 1 1 1 0 1 0 1 1 1 0 0 1 0 1 1 0 1 0 0 0 0 1 1 0 0 0 1 0 1 0 0 1 1 0 1 0 0 1 0 1 1 0 0 0 1 0 0 0 0 1 0 0 0 1 1 0 0 1 1 1 0 0 0 1 1 1 0 0 1 1 0 1 0 0 
0 1 1 1 0 1 0 1 1 1 1 1 1 0 0 1 0 0 0 0 1 0 1 0 1 0 1 0 1 0 0 0 0 1 1 1 1 1 1 1 0 1 1 0 0 1 0 0 1 1 0 0 0 0 0 1 1 0 1 1 0 1 0 0 0 1 1 0 0 0 1 0 0 0 1 1 0 0 1 0 1 1 0 1 1 1 0 0 1 0 0 1 0 0 1 0 1 1 1 0 1 0 0 1 0 1 0 0 1 0 0 1 1 1 0 1 0 0 0 1 1 1 0 1 1 1 0 0 0 0 1 0 1 1 1 1 1 0 0 0 0 0 0 0 0 0 0 0 0 1 0 1 1 1 0 0 1 0 1 1 1 0 0 1 0 1 0 1 0 1 0 0 0 0 1 0 0 1 0 0 0 0 1 0 0 1 1 0 0 0 0 1 
0 1 0 0 1 0 0 1 0 1 0 1 1 0 0 1 1 1 0 0 1 1 0 1 1 0 0 1 0 0 0 1 1 0 0 1 0 1 0 0 0 1 0 1 0 1 1 0 0 0 1 1 0 1 0 1 1 0 0 1 1 0 0 1 1 0 1 1 1 1 1 1 1 0 0 0 0 0 0 0 0 0 0 1 0 0 1 1 1 1 0 1 0 0 1 1 1 0 1 1 0 0 1 1 0 0 1 0 1 1 0 1 0 1 0 1 0 1 1 1 0 1 1 0 1 0 1 0 1 1 0 0 1 0 1 1 0 0 0 0 0 1 1 1 0 1 0 1 1 1 1 1 0 0 1 1 1 1 1 0 0 0 1 0 0 1 1 1 1 1 0 1 1 0 1 1 1 0 0 0 1 0 1 1 1 1 1 0 0 0 0 1 
1 0 1 1 1 0 0 0 1 0 0 1 1 1 1 0 1 1 0 1 0 1 0 0 1 1 1 1 0 1 1 0 1 0 0 1 1 0 1 0 1 1 0 1 1 1 1 0 1 0 1 1 0 0 0 0 1 0 1 1 0 0 0 1 0 0 0 0 1 1 1 0 1 0 0 1 1 0 0 0 0 0 0 1 0 0 0 0 0 0 1 1 1 1 1 0 0 1 1 0 1 0 0 0 0 0 1 1 1 0 0 0 0 1 0 0 0 1 0 0 0 1 1 1 0 1 0 1 1 0 1 0 0 0 0 1 0 0 0 1 1 1 0 0 0 1 0 1 0 0 0 1 0 1 1 1 1 1 1 1 1 1 1 1 0 0 1 1 0 0 1 0 1 1 1 0 1 1 0 0 0 0 0 1 1 1 1 1 1 0 0 1 
1 1 1 1 1 1 1 0 0 1 1 0 1 0 0 1 1 1 1 1 0 0 1 1 0 1 1 0 0 0 1 1 0 0 1 1 0 0 0 1 1 1 0 1 0 1 0 0 1 0 1 0 1 1 0 0 0 0 0 0 1 0 1 1 1 1 0 0 1 0 0 1 1 0 1 1 1 0 1 1 1 0 1 1 1 1 1 0 0 0 1 1 0 1 0 1 1 0 1 1 1 1 1 0 1 1 0 0 0 1 0 0 1 0 1 1 0 1 0 1 0 0 1 0 0 1 1 0 1 0 0 0 0 1 0 1 1 0 0 1 1 0 1 0 0 0 0 0 0 1 1 0 0 1 0 1 0 0 1 0 0 1 0 0 0 0 0 0 1 0 0 1 0 1 0 0 0 1 1 0 1 0 0 1 1 1 1 1 0 0 0 1 
0 0 1 0 1 0 0 0 0 0 0 1 0 1 1 1 1 0 0 1 1 1 1 0 0 1 1 1 0 1 1 0 0 1 1 0 1 0 0 0 0 0 1 1 0 1 1 1 1 0 1 0 1 0 0 1 1 1 0 1 0 0 0 0 1 1 1 0 1 0 1 0 0 0 1 1 0 1 1 0 0 1 0 1 0 0 1 1 0 1 0 1 1 0 0 0 1 1 0 1 0 0 1 1 0 1 1 1 0 0 0 0 0 1 1 1 1 1 0 1 1 0 1 1 1 0 1 0 1 0 1 1 0 0 1 0 0 0 0 0 0 1 0 1 1 1 0 1 1 0 0 0 0 1 0 0 1 0 1 0 1 0 0 0 0 0 0 1 1 1 1 1 0 1 0 0 0 1 1 1 1 0 0 1 0 0 1 1 0 0 0 0 
1 1 1 0 1 0 1 0 0 1 0 1 1 0 1 0 1 0 1 1 0 0 0 0 0 0 0 0 0 0 0 1 0 0 1 0 1 1 1 1 0 1 0 1 1 0 1 0 1 1 0 1 1 0 0 1 1 0 1 0 0 0 0 0 1 0 1 0 1 1 1 1 1 0 0 0 1 0 0 1 0 0 0 1 1 0 1 0 1 0 1 0 0 0 1 0 1 0 1 0 0 0 0 0 1 1 1 1 1 0 1 1 1 1 1 1 1 1 0 0 1 0 1 1 0 0 1 0 0 0 1 0 0 0 1 0 1 0 1 1 0 1 1 1 0 0 1 1 0 1 1 0 1 0 1 0 0 0 1 1 1 1 0 0 0 1 0 1 0 1 0 0 0 0 0 1 1 1 1 0 0 0 0 0 0 0 0 1 1 1 0 0 
0 1 0 0 1 0 0 0 0 0 1 1 1 0 1 1 0 0 1 0 0 1 1 0 1 1 0 1 0 1 0 1 0 1 0 0 1 1 1 0 1 0 1 0 0 0 0 1 1 1 0 1 0 1 0 0 0 1 1 1 1 0 1 1 0 0 1 0 1 0 0 1 0 1 0 1 0 1 0 0 1 1 1 0 1 0 1 1 0 0 0 1 0 1 0 1 0 0 1 1 1 1 0 1 0 0 1 1 1 1 1 1 0 1 1 1 0 1 1 0 0 0 0 1 1 1 1 1 0 0 0 0 1 0 0 0 0 1 1 1 1 1 1 1 1 0 0 1 0 0 0 1 0 0 0 0 1 1 0 0 1 1 1 0 0 0 1 1 1 1 1 0 1 1 0 1 0 1 0 0 0 0 1 1 0 0 0 0 0 1 0 1 
1 0 0 0 0 0 1 1 0 1 1 0 0 0 1 0 1 0 1 1 0 1 0 0 1 1 0 0 0 0 0 1 1 0 0 0 1 0 1 0 1 0 1 1 0 1 0 1 1 1 1 0 0 1 1 0 0 1 0 0 0 1 1 1 0 1 0 1 1 1 0 1 0 1 0 1 1 0 1 0 0 0 1 1 1 1 1 0 0 1 0 0 0 0 1 1 1 1 1 0 0 0 0 1 1 0 0 1 1 0 1 1 0 1 0 1 0 0 1 1 1 1 1 1 0 1 0 1 0 0 0 0 0 0 0 0 1 0 0 0 0 0 1 1 0 1 1 1 1 1 0 1 1 1 0 0 1 0 0 1 1 0 0 0 1 0 0 0 0 1 0 1 0 0 1 1 0 1 1 1 1 0 1 0 0 0 1 0 0 0 1 1 
1 0 1 1 0 0 0 0 1 0 1 0 1 1 1 1 1 1 0 1 1 0 0 1 0 0 0 0 1 1 0 1 0 1 1 0 0 0 1 1 0 0 0 1 1 0 0 1 0 1 0 0 0 0 1 1 0 0 1 1 1 0 1 1 1 1 1 1 1 1 0 1 0 0 0 1 1 0 0 0 0 0 1 1 0 1 0 1 0 1 1 1 0 1 0 1 1 0 0 1 1 0 1 1 0 0 1 1 0 0 1 1 1 0 1 1 1 0 1 1 0 0 1 1 1 1 0 0 0 1 1 1 0 1 0 0 0 0 0 0 1 1 0 1 0 1 1 1 0 0 0 1 1 0 0 1 0 0 0 1 0 1 1 0 0 1 1 1 1 0 0 0 1 1 1 1 1 1 1 1 0 0 0 0 1 1 0 0 1 0 1 1 
0 0 0 1 1 0 1 1 0 0 1 0 1 0 1 1 0 1 1 1 1 1 0 0 1 1 0 1 0 0 0 1 0 0 1 0 1 1 0 0 0 0 1 0 1 0 0 1 1 1 1 1 1 0 0 1 0 1 0 0 0 1 1 0 0 0 1 0 1 0 0 0 1 0 0 1 0 0 0 1 0 0 1 0 0 1 0 0 0 0 0 1 0 0 0 0 1 0 0 1 0 1 1 0 1 0 1 0 1 1 0 1 1 1 1 0 0 0 0 1 1 0 1 0 1 1 1 0 1 0 1 0 0 1 0 0 0 1 1 0 1 0 0 0 1 0 1 0 1 0 1 0 1 1 1 0 1 1 0 0 0 0 1 1 0 0 0 0 1 1 1 1 0 0 1 1 1 0 1 0 0 0 0 1 1 1 1 1 0 0 0 0 
1 1 0 1 0 0 0 1 0 0 1 1 0 0 0 0 0 0 1 1 0 0 0 1 0 1 1 0 1 0 0 0 0 1 1 1 0 0 1 0 1 1 0 0 1 1 1 0 1 1 0 0 1 1 0 1 0 1 1 1 0 1 0 0 0 0 1 0 0 1 1 0 0 1 1 0 0 1 0 0 0 0 1 0 1 1 0 1 0 1 0 1 0 1 0 1 0 1 0 1 0 1 1 1 1 0 0 1 1 1 1 1 1 0 1 0 1 0 1 0 1 1 1 0 1 1 0 0 1 1 0 0 0 0 1 0 0 0 0 1 1 0 1 1 1 0 0 1 1 0 1 0 1 1 1 0 1 1 0 0 1 1 0 1 1 1 0 1 1 0 0 0 1 1 1 1 1 1 0 1 1 0 0 1 0 1 0 1 0 0 0 0 
0 0 1 0 0 0 0 1 0 1 1 1 0 0 0 0 1 1 0 0 0 1 0 0 0 1 0 1 1 0 1 1 0 0 0 1 0 1 1 1 1 0 1 0 0 1 1 0 1 0 0 0 1 1 0 1 0 0 0 0 1 0 1 1 1 0 0 1 0 0 1 1 1 1 1 1 1 0 1 1 1 1 1 0 0 0 1 1 1 0 0 0 1 1 1 1 1 0 0 1 0 0 0 1 1 1 0 1 1 0 0 1 1 0 1 0 1 1 0 1 0 1 0 1 1 0 0 0 1 1 1 0 0 1 0 1 0 0 0 1 0 1 0 1 0 1 0 0 0 1 0 1 0 0 0 1 0 1 1 1 0 0 1 1 1 1 0 1 0 1 0 0 1 0 1 1 0 1 1 1 0 1 0 1 0 1 1 1 0 1 0 0 
1 1 1 0 1 0 1 1 1 1 1 1 1 1 1 1 0 1 0 0 1 0 1 1 1 0 1 1 0 0 0 0 0 1 0 0 0 0 0 1 1 0 1 1 0 1 1 1 1 0 0 0 0 0 1 1 0 0 0 1 1 1 1 0 1 0 0 0 0 1 1 1 1 1 1 0 1 0 0 0 0 1 0 0 1 0 1 0 0 0 0 1 1 1 0 0 1 0 1 0 1 0 1 1 1 1 1 1 0 0 1 0 1 1 0 1 1 0 0 0 1 0 0 1 0 1 1 1 0 1 1 0 0 1 0 0 0 1 1 0 1 0 0 1 1 1 0 1 0 1 0 0 0 1 0 1 1 0 0 0 0 0 1 0 1 0 1 0 1 0 0 0 0 0 0 0 0 1 0 0 0 1 0 1 0 1 0 0 0 1 1 0 
1 0 1 1 1 1 0 0 0 1 1 0 0 0 0 1 0 1 0 1 0 0 1 1 0 1 0 0 0 1 1 0 1 0 0 0 1 1 0 0 1 0 1 1 1 0 0 0 1 0 0 0 1 1 0 0 1 0 1 1 0 0 1 0 0 1 1 0 0 1 1 1 1 1 0 1 0 0 1 0 0 1 1 0 0 1 0 1 0 1 1 1 0 1 0 1 1 1 0 1 0 0 0 0 0 0 1 0 0 1 0 1 0 1 0 1 1 1 1 0 0 1 0 1 1 1 1 0 0 1 0 0 0 1 1 0 0 0 1 0 0 0 0 1 1 0 1 0 1 1 0 1 0 0 1 0 1 0 1 1 1 1 0 1 0 1 0 0 1 0 0 1 1 0 0 1 1 1 1 0 0 1 1 0 0 0 0 1 1 1 0 1 
0 1 0 1 1 1 1 0 1 1 0 0 1 0 0 0 1 0 0 0 1 0 1 0 0 0 0 0 0 1 0 1 0 0 1 1 1 0 0 0 1 1 1 0 1 1 1 1 1 1 1 0 0 0 1 0 0 0 0 1 0 1 0 0 1 1 1 1 1 0 0 1 0 0 0 1 1 1 0 1 1 0 0 0 0 1 1 0 1 1 0 1 0 1 0 1 0 1 1 1 0 1 1 1 1 1 0 1 1 0 0 0 0 1 0 1 0 1 1 1 1 1 0 1 0 0 0 1 0 1 1 0 0 0 0 0 0 0 1 1 0 1 0 0 0 0 0 0 1 1 1 1 0 1 1 1 1 1 0 1 0 0 0 0 0 0 0 1 1 1 0 1 1 1 0 0 1 0 0 0 0 1 0 1 1 0 1 1 1 1 1 1 
1 0 1 1 1 1 0 1 1 0 0 1 1 1 1 0 1 1 0 0 1 1 0 0 0 0 1 1 0 1 0 1 1 1 1 1 1 0 1 1 0 0 1 1 0 0 0 1 0 0 0 0 1 0 0 0 1 1 0 0 1 1 1 0 1 0 1 1 1 1 0 0 0 1 1 0 0 1 1 0 1 1 1 1 1 1 1 0 1 0 0 1 0 1 0 1 0 0 0 1 1 0 1 1 1 1 1 0 1 1 0 0 0 1 0 0 1 0 1 1 0 1 1 0 0 0 0 0 0 0 0 1 1 1 1 0 0 0 1 1 1 1 1 1 1 1 1 1 0 0 0 0 1 0 1 1 1 1 1 1 1 1 0 0 1 0 1 0 0 0 0 1 1 0 0 0 0 1 1 0 0 0 1 0 0 1 1 1 0 0 0 0 
0 0 1 0 0 1 0 0 1 0 1 0 1 1 1 0 1 1 0 1 1 1 1 0 0 0 0 0 0 1 0 0 0 0 0 0 1 0 0 0 0 1 1 0 0 0 1 1 0 1 1 1 1 1 1 0 0 1 0 1 1 1 0 1 0 0 0 1 1 1 1 1 0 1 0 1 0 1 1 0 1 1 1 0 0 0 1 0 1 1 1 0 1 0 1 0 1 0 0 1 0 0 1 1 0 1 0 0 1 1 1 0 0 0 1 1 0 0 1 0 0 1 1 0 1 1 0 0 1 0 0 1 1 1 1 0 1 0 0 0 0 0 0 0 0 0 1 1 1 1 0 1 1 1 1 0 0 0 1 0 1 0 1 1 0 0 1 0 1 0 0 0 1 1 0 1 1 0 0 0 0 1 1 0 0 1 1 1 1 0 0 0 
0 1 1 1 0 1 1 0 0 0 0 1 1 1 1 1 1 0 1 1 0 0 0 0 1 0 1 1 0 0 0 1 1 0 1 0 0 0 1 1 0 0 0 1 1 0 1 0 0 1 0 1 1 1 0 0 1 0 0 1 1 0 1 1 1 1 1 0 0 1 1 0 0 1 0 1 0 1 0 1 1 1 0 0 0 1 0 1 1 1 1 1 1 1 1 0 1 1 0 0 0 1 1 0 1 0 0 1 1 0 1 0 0 0 0 1 1 1 1 0 1 0 1 0 1 0 1 1 1 0 1 0 0 0 0 0 1 1 1 0 1 0 0 0 0 1 0 1 0 1 0 0 0 1 0 1 1 1 1 1 1 1 1 1 1 0 0 0 1 0 0 1 1 0 1 0 0 0 0 1 0 1 1 1 0 1 1 1 1 0 0 1 
1 1 0 0 0 1 1 0 0 0 0 1 0 0 0 1 0 1 0 0 1 0 1 1 0 0 0 1 1 1 1 0 0 0 0 1 1 0 1 0 1 0 1 0 1 1 1 0 0 1 1 0 1 0 1 1 0 1 0 0 0 0 0 0 0 0 0 0 0 1 1 0 1 1 0 0 1 0 0 1 0 1 0 0 0 0 0 1 1 0 0 0 1 0 1 0 1 1 0 1 1 1 0 1 1 0 0 1 0 0 1 0 0 0 1 0 0 0 1 1 0 1 0 0 1 0 1 0 1 0 1 1 0 1 0 0 1 1 1 0 0 0 1 0 0 0 0 0 0 0 0 1 1 0 0 1 1 0 0 1 0 1 0 0 1 0 0 0 1 0 0 1 1 1 0 1 1 1 1 0 1 1 0 0 0 0 1 0 1 0 0 1 
0 1 0 1 1 0 1 0 1 1 0 0 1 0 1 1 1 1 0 1 1 1 0 1 1 1 1 0 0 1 0 1 0 0 1 1 1 1 1 1 1 0 0 0 1 0 0 0 0 1 0 1 0 1 1 1 1 1 1 0 0 0 1 1 1 1 1 1 0 0 1 0 0 0 1 0 1 0 0 1 0 1 1 0 1 0 0 1 0 1 0 1 1 0 0 0 0 0 1 1 0 1 1 1 1 1 1 1 1 1 1 0 0 1 1 0 0 1 0 0 0 0 1 0 0 0 0 0 0 0 0 1 0 0 1 0 1 0 0 0 1 1 0 0 0 0 1 0 1 0 0 1 0 1 0 1 1 1 1 1 1 0 0 1 1 0 0 0 1 1 0 1 0 0 1 1 1 0 1 1 0 1 0 0 0 0 0 0 1 0 1 0 
0 0 0 1 0 1 1 1 1 0 0 0 0 1 1 1 0 0 1 0 0 1 1 1 0 0 1 1 1 0 1 0 0 0 0 1 1 0 1 0 1 0 0 0 0 0 0 0 0 1 0 1 1 1 0 0 0 0 0 0 1 1 0 1 1 1 0 1 1 1 1 0 0 1 0 1 1 1 1 1 0 0 0 1 1 1 0 1 0 0 1 0 1 1 0 0 1 1 0 1 1 0 0 0 1 1 1 0 1 1 0 1 0 1 0 1 0 1 1 1 0 0 1 1 1 0 0 1 0 1 1 0 1 1 1 1 0 0 1 1 0 0 0 0 0 0 0 1 0 1 0 0 0 0 0 0 1 1 0 0 1 0 0 1 1 1 1 1 0 1 0 0 1 1 1 0 1 1 1 1 0 0 0 1 1 1 0 1 1 0 0 0 
0 0 1 1 0 0 1 0 1 1 0 1 1 0 1 1 1 0 1 0 1 0 1 0 1 0 0 1 0 1 1 1 1 1 1 1 0 0 0 0 1 1 1 1 0 0 1 0 0 0 1 0 0 0 1 1 1 1 1 0 1 0 1 0 1 0 0 0 0 0 1 1 1 1 0 1 0 1 0 0 0 0 1 0 1 0 0 1 1 0 1 1 0 0 0 0 1 1 0 0 1 1 1 1 0 1 0 0 0 0 1 0 1 1 0 1 1 0 1 1 0 0 0 1 0 1 0 1 1 1 0 1 1 1 1 1 1 1 0 1 0 0 0 1 0 1 1 0 1 0 0 1 0 0 0 0 1 1 1 0 0 1 0 1 1 0 0 0 0 1 0 0 1 1 0 1 1 0 0 0 0 0 1 1 0 1 0 0 0 0 1 0 
1 1 1 1 0 0 0 1 1 1 0 1 1 1 1 1 0 0 0 0 0 0 0 1 0 1 0 1 1 0 0 0 0 0 0 1 0 0 0 1 0 1 1 1 1 1 1 1 1 1 0 0 1 1 1 1 0 0 0 0 0 1 1 0 1 0 1 1 1 0 1 1 0 0 0 1 0 1 0 1 0 1 1 1 0 0 1 0 0 1 0 0 1 1 1 1 0 1 1 0 0 1 0 0 0 1 0 0 0 1 0 0 1 1 1 0 0 1 1 0 0 1 1 1 0 1 0 1 0 0 1 1 1 1 0 1 0 1 0 1 1 0 0 1 1 0 0 0 0 0 0 1 1 0 1 1 1 1 1 1 1 0 0 0 0 1 1 0 0 0 1 1 0 0 0 0 1 1 0 1 1 0 1 0 0 0 0 1 1 0 0 0 
0 0 0 1 0 0 0 0 0 1 1 0 0 1 1 0 0 0 0 1 0 1 0 1 1 0 0 0 1 1 0 1 0 0 0 0 0 1 0 1 1 1 0 1 1 0 0 1 1 0 1 0 0 0 0 1 1 1 1 0 1 1 1 0 1 0 0 0 0 1 0 0 0 1 1 0 1 1 0 1 1 1 0 1 1 1 1 1 1 1 1 0 1 0 0 1 1 0 0 0 1 0 1 0 0 0 1 0 1 0 0 1 0 0 1 1 0 1 1 1 0 0 0 0 0 0 0 0 0 0 1 1 0 0 0 0 1 0 0 1 0 0 1 1 1 0 0 0 0 1 0 1 0 0 1 1 0 1 1 1 1 1 1 1 0 0 0 0 0 0 1 1 0 1 1 1 1 1 0 0 1 1 1 1 1 0 1 0 0 1 0 0 
1 1 0 0 0 0 0 1 1 1 1 0 1 0 0 0 1 0 0 1 0 1 0 0 1 1 0 0 0 0 0 0 1 0 1 0 1 1 1 0 1 0 1 0 1 1 0 0 1 0 1 0 1 0 1 0 0 0 0 1 0 0 1 1 1 0 1 1 0 1 0 0 1 0 0 0 1 1 0 0 1 1 0 1 0 0 0 0 1 1 1 0 1 0 0 0 0 0 0 1 1 1 0 1 0 1 0 1 1 1 0 0 1 0 0 1 0 1 0 1 1 0 0 1 1 1 0 1 0 1 1 1 1 0 1 1 0 0 1 1 1 1 0 0 1 0 1 0 1 1 0 0 0 0 0 0 1 0 1 0 0 1 1 0 0 1 0 0 0 0 0 1 0 1 1 0 1 1 0 1 1 1 1 0 1 1 0 1 0 0 1 0 
1 0 1 0 1 0 0 1 1 1 1 1 1 0 1 0 0 0 1 1 0 0 0 1 0 1 0 1 0 1 1 0 1 1 1 1 1 0 0 0 0 0 0 0 1 0 1 0 0 0 0 1 0 0 0 0 1 1 1 1 1 1 0 0 0 1 1 0 0 0 0 1 1 1 1 0 0 0 1 0 1 1 0 1 1 0 0 1 1 1 0 0 1 1 1 1 0 1 1 0 1 1 1 1 1 1 1 1 0 1 0 0 1 0 1 1 0 0 0 1 0 1 1 1 0 0 1 1 1 1 1 0 0 0 0 0 0 0 1 0 0 1 1 0 0 0 0 0 1 1 1 1 0 0 1 1 0 1 1 0 1 0 1 1 1 1 0 1 0 0 0 0 0 0 1 1 0 1 0 0 1 1 0 0 1 0 1 0 0 0 1 1 
0 0 1 1 1 0 0 0 0 1 1 1 0 1 0 1 0 1 0 0 0 1 1 0 0 1 1 0 1 1 1 1 0 0 1 1 1 0 1 1 0 0 1 0 1 1 1 0 0 1 0 1 1 1 1 0 0 1 0 1 1 0 1 0 0 1 1 1 0 0 1 1 1 0 0 0 1 1 0 1 1 1 1 1 1 0 0 0 1 0 1 1 0 1 1 0 1 0 0 0 1 1 0 1 1 0 1 1 1 0 1 1 0 1 0 1 1 0 0 1 1 0 1 1 0 1 0 1 0 0 0 1 1 0 1 0 1 0 0 0 0 0 0 1 1 0 0 1 1 0 0 0 1 1 1 1 0 0 1 1 1 1 0 1 1 0 1 0 1 1 0 1 1 1 0 0 0 0 0 1 1 1 1 1 1 1 1 0 1 0 1 1 
0 1 0 1 1 1 1 1 0 0 0 0 1 1 0 0 0 0 0 1 1 1 0 0 0 0 1 0 0 1 1 1 1 0 0 0 0 0 0 0 1 1 1 1 0 1 1 0 0 1 0 0 0 1 1 1 1 0 1 0 1 1 0 0 0 1 1 0 0 1 0 1 0 0 1 1 1 1 1 0 0 0 0 0 1 0 0 0 1 1 0 1 1 1 1 0 1 1 0 1 0 1 1 1 1 0 1 1 1 1 1 1 0 0 1 0 1 0 1 0 0 1 0 1 0 1 1 1 0 0 0 1 1 1 0 1 1 0 1 0 1 1 1 0 1 0 0 0 0 1 0 0 0 1 0 0 0 0 1 0 0 0 1 0 0 0 0 1 0 1 1 1 0 0 1 1 1 1 1 0 1 0 1 1 1 1 1 1 1 0 0 0 
1 0 0 0 1 0 0 0 0 0 1 1 0 0 0 1 0 0 0 1 0 0 1 1 0 1 1 1 1 0 1 1 0 0 1 1 0 1 1 0 0 1 0 1 1 0 0 1 0 1 1 0 0 1 0 0 1 0 1 0 0 1 1 1 0 0 0 0 0 0 0 0 1 1 1 0 0 0 0 0 0 1 1 1 1 1 1 1 1 1 1 1 1 0 0 0 1 1 0 1 0 0 0 1 0 1 1 0 1 0 1 1 0 1 0 1 0 0 0 0 1 1 0 1 0 1 1 1 0 0 1 0 1 1 0 0 0 1 1 0 1 1 1 0 0 1 0 1 1 0 1 1 1 1 1 1 1 0 0 0 0 1 0 0 0 0 0 1 1 0 1 1 0 1 1 0 1 0 0 0 0 0 1 0 1 1 1 1 1 0 1 0 
1 1 0 0 0 1 0 0 1 1 1 1 1 1 0 0 1 0 1 0 0 0 0 1 0 0 0 0 0 1 0 1 0 1 0 1 0 1 1 1 0 0 0 0 0 0 1 0 1 0 0 0 1 1 0 1 0 1 1 1 0 1 0 1 1 0 0 0 0 0 0 0 0 0 1 1 0 1 0 1 0 1 1 1 0 0 0 0 0 1 1 0 0 0 1 1 0 0 0 0 0 0 1 0 0 1 0 1 0 1 0 0 0 1 1 1 0 0 0 0 1 1 0 1 1 1 0 1 1 0 0 1 0 1 1 0 1 1 1 0 0 1 1 1 0 0 0 1 1 1 0 0 1 0 0 0 1 1 0 1 0 1 1 0 1 0 1 0 0 1 0 1 0 0 1 1 1 0 0 0 0 0 0 0 0 1 1 1 0 1 0 1 
1 1 0 0 0 1 1 1 0 1 1 1 0 1 0 1 1 0 1 0 1 0 0 0 0 1 0 1 1 1 1 0 1 0 0 0 1 0 1 0 0 0 1 0 0 1 1 0 0 0 0 0 1 0 0 0 1 0 1 0 1 1 1 1 1 1 0 0 1 0 0 0 1 0 1 0 0 0 0 1 0 0 1 1 0 1 1 0 1 1 0 0 1 0 0 0 1 0 0 1 1 0 0 0 1 0 1 1 0 0 0 0 1 1 0 1 0 1 0 1 1 1 1 0 0 1 0 1 0 0 0 0 0 1 0 1 0 0 0 1 1 1 0 0 0 0 1 1 0 1 1 1 1 0 0 0 0 1 1 1 0 0 0 1 1 1 1 1 1 0 1 0 1 1 1 0 0 0 1 0 1 1 0 1 0 0 0 0 1 0 1 1 
0 0 1 0 1 0 0 0 0 0 0 0 1 1 0 1 0 0 1 0 0 1 0 1 0 1 0 0 1 0 1 1 0 0 1 0 1 1 0 1 1 1 0 0 0 1 1 1 1 1 1 0 0 0 1 0 0 0 1 0 1 1 0 1 0 1 1 0 0 0 1 1 0 0 1 0 1 0 0 0 0 0 1 1 0 1 0 1 1 1 1 1 0 1 0 0 0 0 1 0 0 1 1 0 1 1 1 1 0 1 0 0 1 1 0 0 1 0 0 0 1 1 1 0 1 0 0 0 1 0 0 1 1 1 1 0 1 0 1 1 0 1 1 0 0 1 1 1 1 1 0 1 0 1 0 1 0 1 0 0 0 1 0 0 1 1 1 0 0 0 1 0 0 1 0 0 0 1 1 1 0 0 1 0 0 0 0 0 1 1 0 1 
1 1 1 1 1 1 0 1 0 1 0 0 0 0 1 0 0 1 1 0 0 0 1 0 0 1 0 0 0 1 0 1 0 1 0 1 0 0 0 1 0 0 1 0 1 1 0 1 0 0 0 1 1 1 1 1 0 1 1 1 0 0 0 0 0 0 0 0 1 0 1 0 0 1 0 0 0 1 0 1 0 0 1 0 1 1 1 0 1 1 1 0 1 0 0 0 1 0 1 0 0 1 0 1 0 1 0 1 1 0 0 1 0 0 1 1 0 0 1 1 0 0 1 1 1 0 0 0 1 1 0 1 1 0 0 1 1 1 1 0 0 1 1 0 1 1 1 1 1 0 1 1 0 0 1 0 0 0 1 0 0 0 0 0 1 0 1 0 0 0 1 1 1 0 1 0 1 1 0 1 0 1 0 0 0 1 1 0 1 0 0 1 
0 0 0 0 0 1 1 0 0 1 0 0 1 1 1 0 0 0 0 1 1 0 0 0 0 0 1 1 1 0 0 0 1 1 1 0 1 0 0 1 1 1 0 1 1 1 1 1 0 0 0 0 1 1 1 1 1 1 0 0 0 1 1 1 0 1 1 1 1 0 1 1 0 0 1 0 0 0 1 1 1 1 0 0 1 0 0 1 1 1 1 0 0 0 1 1 0 1 0 1 1 0 0 1 0 0 1 1 0 0 0 1 0 1 0 1 0 1 0 0 0 0 1 1 1 1 1 0 1 0 1 0 0 0 0 1 1 0 1 1 1 1 1 0 1 0 1 1 1 0 1 1 0 1 1 0 0 0 0 0 0 1 0 1 1 0 1 0 1 0 0 0 1 0 0 1 0 1 0 1 0 0 1 1 1 1 0 0 0 1 0 0 
0 0 0 1 1 0 0 0 0 0 0 0 0 1 0 1 1 1 0 0 1 0 0 0 1 0 1 0 0 0 0 0 1 1 0 1 1 0 0 1 0 0 1 0 1 1 1 0 1 1 1 0 0 1 0 1 1 1 0 1 0 1 0 1 0 0 0 1 0 0 1 1 1 1 1 0 1 1 1 1 1 0 0 1 1 0 1 1 0 1 0 1 1 1 0 1 1 0 0 0 0 0 0 1 0 0 0 0 1 1 0 1 1 0 0 1 0 1 0 0 1 1 0 0 0 1 1 0 1 1 1 0 1 1 0 0 1 1 0 1 1 1 0 1 1 1 1 0 0 1 0 0 0 0 0 0 0 1 0 1 0 0 1 0 1 1 0 1 1 0 0 0 1 1 0 0 1 1 1 1 1 1 1 1 0 0 0 1 0 0 0 1 
0 0 1 0 1 1 1 0 0 0 1 1 1 0 1 1 1 1 1 1 0 1 1 1 1 0 1 0 1 0 1 1 1 0 1 0 0 1 1 0 0 0 1 0 1 1 1 0 0 1 1 0 1 1 0 0 1 0 1 1 0 1 0 0 0 0 0 1 0 1 0 1 1 1 0 1 0 0 0 0 0 1 0 1 1 1 1 0 0 1 0 0 0 1 1 1 0 0 1 0 1 1 1 1 1 0 0 0 1 1 1 0 0 1 1 0 1 0 0 1 0 0 0 1 1 0 0 1 1 1 1 0 0 0 0 1 1 0 1 0 1 1 0 0 0 1 1 1 0 0 0 0 0 0 0 0 1 0 0 1 1 0 0 1 0 1 0 1 1 0 1 0 1 0 0 0 1 0 1 1 1 1 1 1 1 0 0 0 0 0 0 0 
1 0 1 0 1 1 1 0 0 1 0 0 0 1 1 0 1 0 1 0 1 1 1 0 0 0 0 0 1 1 0 1 0 0 1 0 0 1 1 0 0 0 0 0 0 1 0 0 1 0 1 1 1 1 0 1 0 1 1 1 1 1 0 0 1 0 1 1 0 1 0 0 0 1 1 0 0 0 1 1 0 0 1 0 1 0 0 1 1 0 0 0 0 0 1 1 1 0 0 1 0 1 0 1 0 1 0 0 0 0 1 0 1 1 0 0 1 1 1 1 1 1 0 0 0 1 0 1 0 0 1 0 0 0 0 1 1 0 1 1 1 1 0 0 1 1 0 0 0 0 0 1 1 1 1 1 1 1 1 0 1 1 1 0 0 1 0 0 0 0 0 1 0 1 0 1 1 1 0 1 1 0 1 0 1 1 0 0 1 0 0 1 
0 1 1 0 0 0 1 0 1 0 1 1 1 0 0 0 0 1 1 1 0 1 0 1 0 0 1 1 1 0 1 1 0 1 1 0 1 0 1 1 1 0 1 1 0 1 0 0 0 0 1 0 0 1 0 1 1 0 1 1 0 1 0 0 1 0 1 0 1 1 0 1 0 1 1 0 0 0 1 1 0 1 1 0 1 0 1 1 1 1 1 1 1 1 0 0 1 0 1 0 1 1 0 0 0 0 0 0 0 1 1 1 0 1 0 0 0 1 1 0 0 1 1 1 0 0 0 1 0 0 1 1 0 1 1 0 0 0 0 1 0 0 0 1 1 1 1 0 1 1 1 1 1 1 0 0 0 0 0 1 0 0 1 0 0 0 1 1 0 1 0 1 1 1 1 0 0 0 0 1 0 1 1 1 0 0 0 0 0 1 1 1 
1 1 0 0 0 0 0 1 0 1 1 0 0 1 1 1 0 0 1 1 0 0 0 1 0 0 1 1 1 1 1 0 0 0 1 1 0 1 0 1 0 0 0 0 0 1 1 1 0 0 0 0 1 0 0 1 0 1 0 1 0 0 1 1 1 0 0 0 0 1 0 1 1 1 0 0 1 0 0 0 1 0 1 0 0 1 0 0 0 0 0 1 1 1 0 1 0 0 1 1 1 0 0 0 0 0 0 0 1 1 1 1 0 1 0 0 1 1 1 0 0 0 1 0 0 1 1 1 1 1 1 1 1 1 0 0 1 0 0 1 0 1 0 0 0 1 1 0 1 0 1 1 0 1 0 0 0 0 1 0 1 0 0 1 1 1 0 0 0 1 1 1 0 0 0 1 0 1 0 0 0 0 1 1 1 1 1 1 1 0 1 0 
1 0 1 1 1 0 0 1 1 0 0 1 1 1 1 1 0 0 0 0 0 0 1 0 1 0 0 0 1 1 1 1 0 0 1 1 1 1 0 1 1 0 0 1 0 1 0 0 0 1 1 0 1 0 0 1 1 1 1 0 0 1 1 1 0 1 0 0 1 1 1 0 1 0 1 1 0 1 1 0 1 0 0 0 0 0 0 1 0 1 0 0 1 0 0 0 1 1 1 0 0 1 1 0 0 0 0 0 0 1 1 0 0 0 0 0 0 1 0 1 1 0 1 1 1 0 0 1 0 1 0 0 0 1 1 0 0 0 1 1 1 1 1 1 1 1 1 0 1 0 1 1 1 0 0 1 0 0 0 0 1 1 0 1 0 0 1 1 1 1 1 1 1 0 0 1 0 1 1 0 1 1 1 0 0 1 1 0 0 1 0 1 
0 1 0 0 0 1 0 0 1 0 0 0 1 0 1 1 1 0 0 0 0 0 1 1 1 0 1 1 0 1 0 1 0 0 0 1 1 1 1 0 0 0 1 1 0 1 1 1 0 0 1 1 1 0 1 0 0 1 1 0 0 1 1 0 0 1 0 1 0 0 1 1 0 0 1 0 0 1 0 1 0 1 1 0 0 1 1 0 0 1 0 0 1 1 0 1 1 1 0 1 1 0 1 0 1 1 1 0 0 0 1 1 1 0 1 0 1 0 0 0 1 0 1 0 1 1 1 0 0 0 0 0 1 0 0 1 1 0 0 0 0 1 0 1 1 1 1 1 0 0 1 0 0 1 0 0 0 1 0 0 1 0 0 0 0 1 1 1 0 0 0 1 0 1 1 1 1 1 0 1 0 1 0 0 0 0 1 1 0 1 1 1 
0 0 1 0 1 1 1 1 1 0 1 1 0 1 0 0 0 0 1 1 0 1 1 1 1 0 1 1 0 0 1 0 1 0 0 1 0 0 0 1 1 1 1 1 0 1 0 1 0 1 1 1 0 0 1 0 0 0 1 1 0 1 0 1 0 0 1 0 0 0 0 0 0 1 1 1 1 0 0 1 1 0 1 1 0 0 0 0 0 0 1 1 0 0 0 1 0 1 0 0 0 0 1 1 0 0 1 0 1 0 1 0 1 1 1 1 0 1 1 0 0 0 0 0 1 0 1 0 0 0 0 0 1 0 0 1 1 1 0 0 1 1 1 0 0 1 1 0 0 0 1 0 1 0 1 1 1 1 1 1 1 0 1 0 0 0 1 0 0 1 0 1 1 0 1 1 0 1 1 1 1 0 0 0 1 0 0 1 0 0 1 0 
0 0 0 1 0 1 1 0 0 1 0 0 1 1 0 1 1 0 0 1 1 1 1 0 1 1 0 0 0 0 0 0 1 1 0 0 0 0 0 1 1 0 1 0 0 0 0 1 0 0 0 1 1 0 0 0 0 0 1 1 1 0 1 1 0 0 1 0 1 1 1 0 0 0 1 0 1 0 1 1 1 1 1 0 1 0 1 0 0 1 0 1 0 1 1 0 0 1 1 1 0 1 1 1 1 0 0 0 0 0 0 1 1 0 0 0 1 0 0 0 0 1 0 1 1 0 1 1 0 1 1 0 0 1 0 0 0 1 0 1 0 0 0 0 1 1 0 1 1 1 0 1 1 0 0 0 1 1 0 0 0 1 0 1 1 0 0 0 1 1 1 1 1 1 1 1 0 1 0 1 1 0 1 1 0 0 1 0 1 0 1 0 
1 0 1 0 0 1 0 1 0 0 1 0 0 0 1 0 0 1 1 0 1 0 0 0 1 0 0 0 0 0 1 0 0 1 0 0 1 1 0 0 0 0 0 0 0 0 1 1 0 1 1 1 0 1 0 0 1 1 0 0 0 1 1 1 1 0 1 0 1 0 1 0 1 0 0 1 1 0 0 1 0 0 1 0 1 0 1 0 0 1 0 1 0 1 0 0 1 0 1 0 0 0 1 0 1 0 1 0 0 0 1 0 0 0 1 1 1 1 1 1 0 1 1 0 1 0 1 1 1 1 1 0 1 0 1 1 1 0 1 1 1 0 1 1 1 0 0 0 0 1 0 0 1 0 1 0 1 0 1 0 0 1 0 0 1 0 1 1 0 0 1 0 1 0 1 0 0 0 1 1 0 1 1 0 1 0 1 0 1 1 1 1 
0 0 0 1 1 0 0 1 0 0 0 0 1 0 0 0 0 1 0 1 0 0 0 1 1 1 1 1 0 1 0 1 1 1 0 0 1 1 1 1 1 0 1 0 1 0 1 1 0 1 1 0 1 1 1 0 0 0 1 1 1 1 0 0 1 1 0 1 0 1 1 1 0 1 1 0 0 0 1 1 0 0 0 0 0 0 1 0 1 0 0 1 1 0 0 0 1 0 0 0 1 0 0 1 0 1 0 1 0 1 1 1 1 0 0 0 1 1 1 1 0 0 1 1 1 1 0 1 0 1 0 0 1 1 1 1 0 1 0 1 1 0 1 0 0 1 0 1 0 0 1 0 1 1 1 1 1 0 1 1 0 1 1 1 0 0 0 0 0 1 1 1 0 0 0 1 0 0 1 0 0 0 0 0 1 0 0 1 0 0 1 1 
1 1 0 0 1 1 0 0 0 0 1 0 0 0 1 1 0 0 0 0 1 1 0 1 1 1 0 0 0 1 1 0 1 1 1 1 1 0 1 0 1 0 1 1 0 0 0 0 1 0 0 0 1 1 1 0 0 1 1 0 0 1 1 0 0 1 1 1 0 1 1 0 0 1 0 0 1 1 0 0 0 0 0 0 0 1 1 0 1 0 0 1 1 0 1 1 1 0 1 1 1 1 1 1 0 1 1 0 1 1 1 1 1 0 1 0 0 1 1 0 1 1 1 1 0 0 1 1 1 1 1 0 1 1 0 1 1 0 0 1 0 1 0 1 0 1 1 0 0 1 1 0 0 0 0 1 0 0 0 0 0 1 0 1 0 1 1 0 0 1 0 0 1 0 1 0 0 0 0 0 0 1 0 0 0 1 0 0 1 1 0 0 
0 1 1 0 1 0 1 0 1 1 1 0 0 0 0 1 1 0 1 0 1 1 1 1 0 0 0 0 0 1 1 0 1 1 0 0 0 1 0 0 0 0 1 0 1 1 1 1 0 0 1 0 1 0 0 1 0 1 1 0 1 1 1 0 1 1 0 1 0 0 0 0 1 0 0 0 1 0 0 1 0 0 0 1 1 0 1 1 0 0 0 1 0 1 1 0 0 1 0 1 1 1 1 0 0 0 1 1 1 1 1 0 0 1 0 1 1 0 0 0 0 1 1 1 1 1 1 0 0 0 0 1 1 1 0 1 0 0 1 1 0 0 1 0 0 1 0 0 1 1 1 0 1 1 1 0 1 0 1 1 0 1 1 1 0 1 0 0 1 0 1 0 1 0 1 0 1 1 0 0 1 1 0 0 0 1 0 1 0 1 0 0 
1 0 0 1 0 1 0 1 1 1 1 0 0 0 1 0 0 0 0 0 1 0 0 1 1 1 1 0 0 0 1 0 1 0 0 1 1 1 1 1 0 0 1 1 0 1 0 1 0 1 0 1 0 0 0 1 1 1 0 1 0 0 0 1 1 1 1 0 0 1 1 1 1 1 0 1 0 1 1 1 0 0 1 0 1 1 0 1 0 1 0 0 0 1 1 0 0 0 0 0 1 0 0 1 0 1 0 0 0 1 0 0 1 1 0 1 0 1 0 0 0 1 1 1 1 0 0 0 1 0 0 1 1 0 0 0 1 1 1 0 1 0 0 0 1 0 0 1 1 0 1 1 0 1 0 1 1 0 1 1 0 0 0 0 0 0 0 1 1 0 1 0 0 1 0 1 1 0 1 0 1 1 0 1 0 1 1 0 0 1 0 0 
1 0 1 1 1 1 0 0 0 1 1 0 0 0 0 1 1 0 0 1 0 0 0 0 1 1 1 0 1 0 0 1 0 0 1 0 1 1 0 1 1 1 1 0 1 1 1 1 0 1 0 1 1 0 0 0 0 1 1 1 1 0 0 1 1 0 0 1 0 1 1 0 1 0 0 1 0 1 1 0 1 1 0 0 0 0 0 1 1 0 1 1 1 1 0 1 1 0 0 1 1 1 1 1 1 1 1 0 0 0 0 0 0 1 1 0 0 0 0 0 1 0 1 1 0 0 1 1 1 0 0 0 1 0 0 1 0 1 0 1 0 1 0 1 0 1 0 0 0 1 1 1 1 0 1 0 0 1 0 0 0 1 1 0 1 1 0 0 1 1 1 0 0 0 1 1 0 0 1 0 0 1 0 0 1 0 0 0 1 0 0 0 
