C CINVESTAV-TAMAULIPAS, MEXICO 
C email: jtj@cinvestav.mx 
C http://www.tamps.cinvestav.mx/~jtj/ 
C 
119 145 2^145 4
0 1 0 0 0 0 0 1 1 1 1 0 0 0 1 0 1 0 0 1 1 1 1 0 1 0 0 0 0 0 0 1 1 0 1 0 1 0 1 0 0 0 0 1 1 1 1 1 0 1 1 0 1 0 1 0 0 1 1 1 0 1 1 1 1 1 0 0 0 1 1 1 1 0 0 0 0 1 1 1 0 0 0 1 0 1 0 0 0 1 0 1 1 1 0 1 0 1 1 0 0 1 1 0 0 1 1 0 0 1 0 1 1 1 0 0 1 1 0 0 1 1 1 0 0 0 1 0 0 1 1 0 1 0 0 0 0 1 1 0 1 0 0 0 1
0 1 1 1 1 1 0 0 1 0 1 1 1 0 0 0 0 1 1 0 1 1 1 1 1 0 0 0 1 0 0 0 0 1 0 1 1 1 1 0 0 1 0 0 0 0 0 1 1 1 0 1 1 1 0 0 1 1 0 0 1 1 1 1 0 0 0 0 1 1 1 0 0 0 1 1 0 0 1 0 1 0 1 0 0 0 1 1 0 1 0 1 1 1 1 1 1 0 0 0 0 0 1 0 0 1 1 1 0 1 0 0 1 1 1 1 1 1 0 0 1 1 0 0 1 0 0 1 1 0 0 0 0 1 1 0 0 1 0 0 0 0 0 1 0
0 1 0 0 0 1 1 1 1 1 0 0 1 0 0 1 1 0 0 1 0 1 0 0 0 0 1 1 0 0 1 1 1 0 1 0 0 1 1 0 1 1 1 0 1 0 0 1 1 1 0 0 1 1 0 1 0 0 1 0 1 1 0 1 0 1 0 0 0 0 0 1 0 0 1 0 1 0 0 1 0 1 1 0 0 1 1 0 1 1 1 1 0 0 1 1 1 0 0 0 1 0 0 0 0 1 1 1 1 0 1 1 1 0 1 1 1 0 0 0 1 0 1 1 0 0 0 1 1 0 1 1 1 0 0 0 0 1 1 0 0 0 1 1 0
1 1 1 1 1 0 0 1 1 1 0 1 0 0 0 1 1 1 1 0 1 0 1 1 1 0 1 1 0 1 1 1 1 1 0 0 0 0 0 0 1 1 0 0 1 0 1 0 0 0 1 1 0 1 1 1 1 1 0 0 1 0 1 1 0 0 0 0 0 1 1 1 0 1 0 1 1 0 1 1 1 0 1 1 0 1 0 0 1 0 1 1 0 0 0 0 1 0 1 0 0 1 1 1 0 0 0 0 0 1 1 1 0 1 1 0 1 0 0 1 1 0 1 0 0 1 0 0 0 0 0 1 1 1 0 0 1 0 0 0 0 0 1 0 0
0 0 1 0 0 1 0 1 0 1 0 0 1 0 0 0 1 1 0 0 0 1 1 1 1 0 0 1 0 1 0 0 0 0 0 0 0 1 1 1 1 0 0 0 1 0 1 1 1 1 1 1 1 0 1 1 0 1 0 1 0 1 0 0 1 0 1 0 0 1 0 0 0 1 1 1 1 1 1 0 1 0 0 1 1 0 1 0 0 1 1 0 0 0 1 1 0 1 1 0 0 1 1 1 0 1 1 1 0 0 0 0 1 0 0 1 0 0 1 1 0 0 1 0 0 1 0 1 1 0 0 0 1 0 0 1 1 1 0 1 1 0 1 1 1
0 1 0 1 1 0 1 0 1 0 1 1 0 1 1 1 0 0 1 1 1 0 0 0 0 1 1 0 1 0 1 1 1 1 1 1 1 0 0 0 0 1 1 1 0 1 0 0 0 0 0 0 0 1 0 0 1 0 1 0 1 0 1 1 0 1 0 1 1 0 1 1 1 0 0 0 0 0 0 1 0 1 1 0 0 1 0 1 1 0 0 1 1 1 0 0 1 0 0 1 1 0 0 0 1 0 0 0 1 1 1 1 0 1 1 0 1 1 0 0 1 1 0 1 1 0 1 0 0 1 1 1 0 1 1 0 0 0 1 0 0 1 0 0 0
1 1 1 0 0 0 1 1 1 1 1 0 0 0 0 0 1 1 0 1 0 0 1 1 1 0 0 1 1 0 0 0 0 0 1 1 1 0 0 1 1 1 1 0 1 0 0 0 0 0 0 1 0 1 0 1 0 1 1 1 1 0 0 1 1 1 1 0 1 1 0 0 0 0 0 1 1 1 1 0 1 1 1 0 1 0 0 1 0 0 1 1 1 1 0 0 1 1 0 0 1 0 1 0 0 0 0 0 1 0 0 0 0 0 1 0 1 1 1 0 1 1 1 1 1 0 0 0 0 0 1 0 1 0 1 1 0 0 1 1 1 0 1 0 1
1 1 0 0 0 0 0 0 1 0 1 0 1 0 0 1 0 0 0 0 0 1 0 0 0 0 1 0 1 1 1 1 1 0 0 1 1 1 1 1 0 1 0 0 0 0 1 0 1 0 1 0 0 1 1 0 0 0 0 1 1 0 0 1 1 0 1 0 1 0 0 1 0 1 1 0 0 1 0 1 0 0 1 1 1 1 1 1 1 1 0 1 1 1 0 1 1 1 1 0 0 1 0 1 0 1 0 0 0 0 1 1 0 0 1 0 1 1 1 1 1 1 0 0 1 1 0 0 1 0 0 1 0 0 1 1 1 1 0 1 1 0 0 0 1
1 1 1 0 0 1 0 0 1 0 0 0 0 1 1 1 0 1 0 0 0 0 1 1 1 1 1 0 0 0 1 1 1 0 0 0 0 0 0 1 0 1 0 1 0 1 0 1 0 1 0 1 1 1 0 0 0 1 0 1 1 1 0 1 1 0 1 1 0 1 0 1 1 0 0 1 0 1 1 1 1 0 1 0 1 1 0 0 1 0 0 1 0 0 1 0 1 1 0 1 0 0 1 0 1 0 1 1 0 0 1 1 1 0 1 1 1 0 1 0 1 0 0 0 0 0 1 1 0 1 0 1 0 0 0 1 0 0 0 1 1 1 0 1 1
1 1 0 1 1 0 0 1 1 1 0 1 1 1 1 0 1 0 1 0 1 1 0 0 0 1 0 1 0 0 0 0 0 1 0 0 0 1 1 1 1 1 0 1 1 1 0 0 1 0 0 0 0 1 0 1 1 0 0 1 1 0 1 1 1 0 1 1 0 0 1 0 1 0 1 0 1 1 0 0 0 0 1 0 1 0 1 0 0 1 1 1 0 0 0 1 1 1 0 1 0 0 0 0 1 1 0 0 0 1 0 0 0 1 1 0 1 0 1 0 1 0 1 0 0 0 1 0 1 1 0 0 1 1 0 1 0 1 0 1 1 1 1 0 1
1 0 0 0 0 1 1 0 0 0 1 0 1 1 1 0 0 0 0 1 0 1 0 0 0 1 0 0 1 0 0 0 0 0 1 1 1 1 1 1 0 0 1 1 0 1 0 1 1 1 0 0 1 0 0 0 0 0 1 1 0 1 0 0 1 1 1 1 1 0 0 0 1 0 1 0 0 1 0 0 0 1 0 0 1 0 1 1 0 1 0 0 1 1 1 1 0 1 0 1 1 0 0 0 1 1 1 1 1 0 0 0 1 0 0 1 0 1 1 0 0 1 0 1 1 0 1 1 1 1 1 0 0 0 1 1 0 1 1 1 1 1 0 1 1
0 0 1 0 0 0 0 1 0 1 1 0 1 1 1 1 1 1 0 0 0 1 1 1 1 1 1 1 1 0 1 1 1 0 0 1 1 1 1 0 1 0 0 1 1 1 0 0 1 0 0 1 0 0 0 1 0 1 0 0 0 0 0 0 0 0 0 1 1 1 0 1 1 0 1 1 1 0 1 1 1 0 0 0 0 1 1 1 1 1 1 0 1 1 0 1 0 0 0 1 0 0 1 0 1 1 0 0 0 0 1 1 0 0 0 0 0 1 0 0 0 1 1 0 1 0 1 0 1 1 0 1 1 0 1 0 0 1 0 0 0 1 1 0 0
1 0 1 0 0 1 1 0 0 0 1 0 0 0 0 1 0 1 0 1 0 0 1 1 1 0 1 0 1 1 1 1 1 0 1 1 1 0 0 0 0 0 1 0 0 0 1 1 0 1 1 1 1 0 1 0 0 1 1 0 0 1 0 0 0 1 0 0 1 1 0 1 0 1 0 1 0 0 1 1 1 1 0 1 0 1 0 1 1 0 0 0 1 1 1 0 0 0 1 0 1 1 1 1 0 0 1 1 1 0 1 1 1 0 0 1 0 1 0 1 0 1 0 1 1 1 0 1 0 0 1 1 0 0 1 0 1 0 1 0 0 0 0 1 0
0 1 0 1 1 1 1 0 1 0 0 1 0 0 0 0 0 0 1 1 1 0 0 0 0 0 0 0 0 1 0 0 0 1 1 0 0 0 0 1 0 1 1 0 0 0 1 1 0 1 1 0 1 1 1 0 1 0 1 1 1 1 1 1 1 1 1 0 0 0 1 0 0 1 0 0 0 1 0 0 0 1 1 1 1 0 0 0 0 0 0 1 0 0 1 0 1 1 1 0 1 1 0 1 0 0 1 1 1 1 0 0 1 1 1 1 1 0 1 1 1 0 0 1 0 1 0 1 0 0 1 0 0 1 0 1 1 0 1 1 1 0 0 1 1
0 1 1 0 0 0 1 0 1 0 0 0 1 1 1 0 0 1 0 1 0 1 1 1 1 1 0 0 0 1 0 0 0 0 1 0 0 1 1 0 0 1 1 1 0 1 1 0 1 0 1 1 0 1 1 0 0 1 1 0 1 0 0 1 0 1 0 1 0 1 0 0 1 1 1 1 0 0 1 0 1 1 1 1 0 0 1 0 0 1 0 1 0 0 0 1 1 0 1 1 1 1 1 1 1 1 0 0 1 0 0 0 0 0 1 0 1 0 0 1 1 0 0 1 0 1 1 0 1 1 1 0 0 0 0 0 1 1 1 0 0 1 0 0 0
1 0 1 1 1 1 1 1 0 1 0 1 0 1 1 0 1 1 1 1 1 0 1 1 1 1 0 1 0 0 0 0 0 1 1 0 0 0 0 0 1 0 1 1 1 1 0 1 0 1 0 1 1 0 0 1 1 1 1 0 0 1 1 0 0 1 0 1 0 1 1 0 1 0 0 1 1 0 1 0 1 1 0 0 0 0 0 0 0 0 1 0 0 0 1 0 0 0 0 1 1 0 1 0 1 0 1 1 1 1 0 0 1 1 0 1 0 0 0 0 0 0 1 1 0 0 1 1 0 1 1 0 1 1 0 0 0 0 1 0 0 1 1 1 0
0 1 0 0 0 1 0 1 1 1 1 0 0 1 1 0 1 0 0 0 0 0 0 0 0 1 0 1 1 1 0 0 0 0 0 1 1 0 0 0 1 1 0 1 1 1 1 1 0 1 1 0 1 1 1 1 0 0 0 0 1 1 0 1 0 0 0 1 1 0 0 0 1 1 0 0 1 0 0 0 0 0 1 1 0 0 0 1 0 0 1 1 1 1 1 0 1 0 1 1 0 1 0 1 1 0 1 1 0 0 0 0 1 0 1 1 1 1 0 1 1 1 1 0 1 1 1 1 0 1 0 0 1 0 1 0 1 0 0 0 0 1 1 1 0
0 0 0 0 0 0 1 1 0 1 0 0 0 1 1 1 1 0 0 1 0 0 0 0 0 1 1 1 0 1 1 1 1 0 1 0 0 0 0 1 1 0 1 1 1 1 1 0 0 0 1 0 0 0 1 1 0 0 1 1 0 0 0 0 1 1 1 1 0 0 0 1 1 1 0 0 1 1 0 1 0 1 0 1 1 1 0 0 1 0 1 0 0 0 0 0 0 1 1 1 1 1 0 1 1 0 0 0 1 0 1 1 0 0 0 0 0 0 1 1 0 0 1 1 0 1 1 0 0 1 1 1 1 0 0 1 1 0 1 1 1 1 1 0 1
1 0 0 1 1 1 0 1 0 1 1 1 0 0 0 1 1 0 1 0 1 0 0 0 0 0 1 1 1 0 1 1 1 1 0 1 1 0 0 1 1 0 0 0 1 0 0 1 0 1 0 0 1 0 0 1 1 0 0 1 0 1 1 0 1 0 1 0 1 0 1 1 0 0 0 0 1 1 0 1 0 0 0 0 1 1 0 1 1 0 1 0 1 1 1 0 0 1 0 0 0 0 0 0 0 0 1 1 0 1 1 1 1 1 0 1 0 1 1 0 0 1 1 0 1 0 0 1 0 0 0 1 1 1 1 1 0 0 0 1 1 0 1 1 1
1 0 0 1 1 0 1 1 0 1 1 1 1 0 0 0 1 0 1 1 1 1 0 0 0 0 0 1 1 1 0 0 0 1 1 1 1 1 1 0 1 0 1 0 1 0 1 0 1 0 1 0 0 0 1 1 1 0 1 0 0 0 1 0 0 1 0 0 1 0 1 0 0 1 1 0 1 0 0 0 0 1 0 1 0 0 1 1 0 1 1 0 1 1 0 1 0 0 1 0 1 1 0 1 0 1 0 0 1 1 0 0 0 1 0 0 0 1 0 1 0 1 1 1 1 1 0 0 1 0 1 0 1 1 1 0 1 1 1 0 0 0 1 0 0
0 0 1 1 1 0 0 0 0 0 1 1 0 1 1 0 0 1 1 0 1 0 1 1 1 1 0 0 1 1 0 0 0 1 0 1 1 0 0 1 0 0 0 1 0 1 1 0 0 0 1 1 0 0 1 0 1 1 0 1 0 0 1 0 1 0 1 1 1 1 1 0 1 1 0 1 0 1 1 0 1 0 0 1 1 0 0 1 0 0 0 0 1 1 0 0 0 1 1 1 0 1 1 1 1 0 0 0 0 1 0 0 0 1 0 0 0 1 1 1 0 1 0 0 1 1 1 0 0 1 0 0 0 1 1 1 1 0 0 1 1 1 0 0 1
1 0 0 1 1 1 0 0 0 0 0 1 1 1 1 1 0 0 1 0 1 1 0 0 0 1 1 0 0 1 1 1 1 1 0 0 0 1 1 0 0 0 0 1 0 1 1 1 1 1 1 0 1 0 1 0 1 0 0 0 0 1 1 0 0 0 0 1 0 0 1 1 1 1 1 0 0 0 0 1 0 0 0 1 0 1 1 0 1 1 0 0 0 0 1 1 0 0 1 1 0 1 0 1 1 1 1 1 0 1 1 1 1 1 0 1 0 0 0 1 0 0 0 0 0 1 1 1 1 1 0 1 0 1 0 0 1 1 0 0 0 1 0 1 0
0 0 1 1 1 0 1 0 0 0 0 1 1 0 0 1 0 1 1 1 1 1 1 1 1 0 1 0 0 0 1 1 1 1 1 0 0 1 1 1 0 0 1 0 0 0 0 0 1 0 0 1 0 0 0 0 1 1 1 1 0 0 1 0 1 1 1 0 0 1 1 1 0 0 1 1 0 1 1 1 1 1 0 0 1 1 1 0 1 1 0 0 0 0 0 1 0 1 0 0 1 0 1 0 0 1 0 0 1 1 1 1 0 1 0 0 0 0 1 0 0 0 0 1 0 0 0 0 1 0 1 1 0 1 0 1 0 1 1 1 1 0 0 0 1
0 0 0 1 0 1 1 1 0 0 1 0 0 0 1 0 0 0 1 0 0 0 0 1 1 0 1 1 0 1 1 1 1 0 0 0 1 1 0 1 0 0 0 0 0 1 0 1 1 0 0 0 0 1 0 0 0 0 1 1 1 0 1 1 1 0 1 1 1 1 1 0 0 1 0 0 0 0 1 1 1 1 1 0 0 0 1 0 0 0 1 0 0 0 0 1 0 0 1 0 0 1 1 0 0 0 1 1 1 1 0 1 0 1 1 0 1 0 0 0 0 1 1 1 1 1 1 1 1 1 0 0 1 0 1 1 1 1 1 0 1 1 1 1 0
1 0 1 1 1 1 1 1 0 1 0 0 1 0 0 1 1 0 1 0 1 0 1 0 1 0 1 0 1 0 0 0 1 0 0 1 0 1 0 1 0 1 0 0 1 0 1 0 0 1 1 1 0 0 0 0 1 0 1 1 1 0 0 0 0 1 1 0 1 0 1 1 1 1 1 0 0 0 0 1 1 0 1 1 0 1 0 1 0 0 0 1 0 0 1 1 1 1 1 1 1 1 1 0 1 1 1 0 0 0 0 0 0 0 1 1 0 0 0 0 0 1 0 0 1 0 1 0 1 1 1 0 1 0 0 0 0 0 1 1 0 1 1 1 1
1 1 1 0 0 0 0 1 0 1 1 0 1 0 1 1 1 1 0 0 1 0 1 1 1 0 1 0 0 1 0 1 0 1 1 1 0 1 0 1 0 1 0 1 0 1 0 0 1 1 1 0 0 1 0 0 1 0 0 0 1 1 1 1 0 1 0 0 0 1 1 1 0 0 1 0 1 0 0 0 0 0 0 1 1 0 0 1 1 1 1 0 0 0 1 0 1 1 0 1 0 1 0 1 1 0 0 1 1 0 0 1 0 1 0 0 0 1 0 0 0 0 1 1 1 1 1 1 0 0 1 0 0 0 1 1 0 1 1 0 1 0 0 1 1
1 1 0 1 0 1 1 0 1 0 1 0 0 0 1 1 1 1 1 1 1 0 1 1 0 1 0 0 0 1 0 1 1 1 1 1 0 0 1 0 1 0 0 1 0 0 0 0 1 0 0 0 1 1 0 0 0 0 1 1 0 1 1 0 0 0 1 0 1 0 0 0 0 1 1 1 1 1 0 1 1 0 1 1 1 0 0 0 1 1 0 0 1 0 1 1 1 1 1 0 0 0 1 1 1 0 1 1 0 0 0 0 0 0 1 0 0 1 0 1 0 1 1 1 0 0 0 0 1 1 1 1 1 1 0 0 0 0 0 0 1 1 1 0 0
1 0 1 0 1 0 0 1 0 1 0 1 1 1 0 0 0 0 0 0 0 1 0 0 1 0 1 1 1 0 1 0 0 0 0 0 1 1 0 1 0 1 1 0 1 1 1 1 0 1 1 1 0 0 1 1 1 1 0 0 1 0 0 1 1 1 0 1 0 1 1 1 1 0 0 0 0 0 1 0 0 1 0 0 0 1 1 1 0 0 1 1 0 1 0 0 0 0 0 1 1 1 0 0 0 1 0 0 1 1 1 1 1 1 0 1 1 0 1 0 1 0 0 0 1 1 1 1 0 0 0 0 0 0 1 1 1 1 1 1 0 0 0 1 1
1 0 0 0 1 0 0 1 1 0 1 0 0 0 1 1 1 0 0 1 1 0 1 1 1 1 1 1 1 1 1 1 0 0 0 1 1 1 1 1 1 0 0 0 1 0 1 1 1 0 0 1 1 1 0 0 0 0 0 0 1 0 1 0 1 0 0 1 0 0 1 0 1 0 1 1 0 1 1 0 0 1 0 1 0 1 1 0 0 0 0 1 1 0 1 0 1 1 0 0 1 1 0 0 1 1 0 1 0 1 0 0 0 0 0 1 1 0 0 1 0 0 1 1 1 0 1 0 0 0 1 1 0 1 0 0 1 0 1 1 1 0 0 1 0
0 1 1 1 0 1 0 1 1 1 0 0 1 0 0 0 0 1 0 1 0 0 0 0 1 1 1 1 0 0 1 0 1 1 1 0 1 1 1 1 1 1 0 1 0 0 0 1 0 1 1 0 1 0 0 0 1 0 1 1 1 1 0 0 1 1 0 1 1 0 1 1 0 0 0 1 1 1 1 0 0 1 1 0 1 0 1 1 1 1 0 0 1 0 0 0 0 0 1 1 0 1 1 1 0 0 0 0 0 1 0 0 0 0 0 0 1 1 0 1 0 0 0 0 1 0 1 0 1 1 0 1 0 1 0 0 1 0 1 0 0 0 1 1 1
0 0 1 0 0 0 1 1 1 1 1 1 1 1 1 0 0 0 1 1 0 1 0 1 1 1 1 0 0 1 0 1 0 0 0 0 0 1 1 1 1 1 1 0 0 0 0 0 1 1 1 0 1 1 1 1 1 1 0 0 1 0 1 0 0 1 1 0 0 0 1 1 0 1 0 1 0 1 0 1 1 0 0 0 0 0 0 1 0 0 0 0 1 1 0 1 0 0 0 1 0 1 0 0 0 0 1 1 0 0 1 0 1 0 1 0 0 0 1 1 1 1 1 1 1 0 1 0 0 0 0 1 1 1 0 0 0 0 1 0 1 1 0 1 1
0 0 0 1 0 1 0 1 1 0 0 1 0 1 0 1 1 0 0 1 1 1 1 0 1 1 1 0 0 0 0 0 1 0 0 1 0 1 1 1 1 0 1 0 0 1 0 0 0 0 0 0 1 0 1 1 0 1 1 1 1 0 0 1 0 0 0 0 1 1 1 0 0 0 1 1 0 1 0 0 0 0 1 1 0 0 0 0 0 0 1 0 1 1 1 0 1 1 1 0 0 1 1 0 1 0 0 0 1 0 1 1 1 1 0 0 0 0 1 1 1 0 0 0 1 1 1 1 1 1 1 1 0 1 1 1 0 1 1 0 0 0 1 1 0
1 0 0 1 1 1 1 0 1 0 0 1 0 1 0 0 0 0 1 1 0 1 0 0 0 1 0 1 1 0 1 0 1 0 0 0 1 0 1 0 1 0 1 0 1 0 1 1 0 0 0 1 1 0 1 1 0 1 1 1 0 0 0 0 1 0 1 1 1 0 0 0 1 1 0 1 0 1 1 1 1 1 1 0 0 1 1 0 0 0 0 1 1 1 0 1 0 0 1 0 1 0 1 0 0 1 1 0 0 1 1 0 1 0 1 1 1 0 1 1 1 1 0 0 0 0 0 0 1 1 0 1 1 1 0 0 1 0 0 1 0 1 1 0 0
0 0 1 1 0 1 0 0 0 1 1 1 1 1 1 1 1 0 0 0 1 1 1 1 0 0 0 1 0 1 1 1 1 0 0 1 1 0 0 0 0 1 1 0 0 0 0 1 1 1 1 0 0 1 1 1 1 1 1 1 0 0 1 0 1 1 0 1 1 0 0 1 0 0 1 0 0 0 1 0 0 1 1 1 0 0 1 1 0 0 0 0 0 1 1 0 1 1 1 1 0 0 1 0 1 0 0 1 0 1 1 0 1 0 0 0 1 0 1 0 1 0 1 1 0 0 0 0 1 1 1 0 0 0 0 0 1 0 0 0 1 0 1 0 1
0 1 1 0 1 0 1 0 0 1 1 0 1 0 1 0 0 1 1 0 0 0 0 1 0 0 0 1 1 1 1 1 0 1 1 0 1 0 0 0 0 1 0 1 1 0 1 1 1 1 1 1 0 1 0 0 1 0 0 0 0 1 1 0 1 1 1 1 0 0 0 1 1 1 0 0 1 0 1 1 1 1 0 0 1 1 1 1 1 1 0 1 0 0 0 1 0 0 0 1 1 0 0 1 0 1 1 1 0 1 0 0 0 0 1 1 1 1 0 0 0 1 1 1 0 0 0 0 0 0 0 0 1 0 0 0 1 0 0 1 1 1 0 0 1
0 1 0 0 1 0 1 1 1 0 0 0 0 0 0 0 0 1 1 1 0 0 0 0 1 1 1 0 1 0 0 0 0 1 1 0 0 1 1 1 1 0 0 1 1 1 1 0 0 0 0 1 1 0 0 0 0 0 0 0 1 1 0 1 0 0 1 0 0 1 1 0 1 1 0 1 1 1 0 1 1 0 0 0 1 1 0 0 1 1 1 1 1 0 0 1 0 0 0 0 1 1 0 1 0 1 1 0 1 0 0 1 0 1 1 1 0 1 0 1 0 1 0 0 1 1 1 1 0 0 0 1 1 1 1 1 0 1 1 1 0 1 0 1 0
1 1 0 1 1 1 0 1 0 0 1 1 0 1 1 0 0 1 0 0 0 1 0 1 1 0 1 0 1 1 0 1 1 1 1 0 0 1 0 1 0 0 1 1 1 0 1 0 1 0 0 1 0 1 1 1 0 1 1 1 1 1 1 0 0 0 0 0 1 0 1 0 1 0 0 0 1 0 0 0 0 0 1 0 1 1 0 0 1 1 0 1 0 1 0 0 0 0 1 0 1 1 1 1 0 1 0 1 0 0 1 0 1 0 0 1 0 1 1 0 1 0 1 1 1 0 1 0 1 1 0 0 0 0 0 0 0 0 1 1 1 0 1 1 0
0 0 0 0 1 0 1 0 0 0 1 1 0 1 1 1 1 0 1 0 1 1 1 1 0 0 0 0 1 1 0 1 0 0 0 1 0 0 0 0 0 0 1 0 1 1 1 0 1 0 0 1 0 1 1 1 0 1 0 0 0 0 1 1 0 0 1 0 0 1 0 0 1 1 1 0 0 0 0 1 1 0 0 1 0 1 0 0 0 0 1 1 0 1 1 1 1 1 0 0 1 0 0 0 1 1 1 1 1 0 1 1 1 1 1 1 0 0 1 0 1 1 1 1 0 1 0 1 0 0 1 0 1 0 1 1 0 1 0 1 1 1 0 0 0
1 1 0 0 0 0 1 1 0 0 0 1 0 1 0 1 1 1 1 0 1 1 1 0 1 0 1 1 0 0 1 0 0 1 1 1 1 1 0 1 0 0 1 1 0 0 0 1 0 0 0 0 0 0 1 1 0 1 0 0 1 1 0 0 1 0 1 1 0 0 1 0 0 1 1 0 1 0 1 1 1 1 0 1 1 0 1 0 1 1 0 0 0 1 1 1 1 1 0 0 0 1 0 1 1 0 1 0 0 1 1 0 1 0 1 0 1 1 1 0 1 1 0 0 1 0 1 0 0 0 1 0 1 0 0 0 1 0 1 0 0 1 0 1 0
1 1 1 0 1 0 0 0 1 1 0 1 1 1 0 1 1 1 0 1 1 1 1 0 0 1 0 0 1 0 0 0 0 1 1 1 0 0 1 0 1 1 1 1 1 0 1 0 0 1 1 1 1 0 1 1 1 1 0 0 0 1 0 0 0 1 0 0 0 0 0 1 1 0 1 1 1 1 0 0 0 0 0 1 1 1 0 1 1 1 0 1 1 1 1 0 1 1 0 1 1 0 0 1 1 1 0 0 0 0 1 0 1 0 0 1 0 1 1 1 1 0 0 0 0 0 0 0 0 0 1 1 0 1 0 0 0 0 0 1 0 0 0 0 1
1 0 1 0 0 0 1 0 1 1 0 0 1 0 0 1 1 0 1 1 1 0 1 0 0 1 0 1 0 0 1 0 0 0 0 1 1 0 1 0 1 1 0 0 0 1 0 1 0 1 1 0 1 0 0 0 1 0 0 0 0 0 0 1 1 1 1 1 0 1 0 1 0 1 1 1 0 1 1 1 1 1 0 1 0 0 1 1 0 0 1 0 1 0 1 1 1 1 0 1 0 0 0 0 1 0 1 0 1 1 0 1 0 1 1 0 1 0 0 1 0 1 0 0 0 1 0 1 0 0 1 1 1 1 1 1 1 1 0 0 0 1 0 0 1
1 1 0 1 1 1 0 0 0 0 0 0 0 0 0 1 1 1 0 0 1 0 1 0 0 0 0 1 1 0 1 0 1 1 1 1 1 0 0 0 0 0 0 1 1 1 1 1 0 0 0 1 0 0 0 0 0 0 1 1 0 1 0 1 1 0 0 1 1 1 0 0 1 0 1 0 1 0 1 0 0 1 1 1 1 1 1 0 1 1 1 1 0 0 1 0 1 1 1 0 1 0 1 1 1 1 0 0 1 1 0 1 0 1 0 1 1 1 0 0 0 0 0 0 0 1 0 1 1 1 1 0 0 0 1 1 1 1 0 1 0 0 1 0 0
1 1 0 0 0 0 0 0 1 0 1 1 0 1 1 0 0 1 0 1 0 1 0 1 0 1 0 1 0 1 1 1 0 1 1 0 1 0 1 0 1 0 1 1 0 1 0 1 1 0 0 0 1 1 1 1 0 1 0 0 0 1 1 1 1 0 0 1 0 1 0 0 0 0 0 1 1 1 1 0 0 1 0 0 1 0 1 0 1 1 1 0 1 1 0 0 0 0 0 0 0 0 0 1 0 0 0 1 1 1 1 1 1 1 0 0 1 1 1 1 1 0 1 1 0 1 0 1 0 0 0 1 0 1 1 1 1 1 0 0 1 0 0 0 0
1 1 1 1 0 1 1 0 0 1 0 1 1 1 0 0 0 1 1 0 0 1 0 0 0 0 0 0 0 0 0 0 1 1 1 0 0 0 0 0 0 1 1 1 0 1 0 0 0 1 1 0 0 0 1 1 1 1 1 1 0 1 0 1 0 1 1 0 1 1 0 1 0 1 0 0 1 0 0 1 1 0 1 0 1 0 0 1 1 1 1 0 0 1 0 1 0 0 1 1 0 0 1 1 0 0 1 0 1 0 1 1 1 1 1 0 0 1 1 0 1 1 0 0 0 1 0 1 1 1 0 0 1 0 1 1 0 1 0 0 0 1 1 0 1
1 0 1 1 1 1 0 0 1 1 1 0 1 0 1 0 0 0 0 1 0 0 0 1 0 1 0 0 1 1 0 1 1 0 0 0 0 0 1 0 1 1 0 0 1 1 1 0 1 1 1 1 1 1 0 0 1 0 1 1 0 0 1 1 0 1 0 0 1 1 0 1 1 0 0 1 0 1 0 0 0 0 1 0 0 1 0 1 0 0 1 1 1 0 0 0 0 0 1 1 1 0 1 0 0 1 0 1 1 0 0 1 0 1 0 1 0 0 0 1 0 0 1 1 0 1 0 1 1 1 0 1 0 1 1 1 0 1 0 1 1 0 1 0 1
1 0 0 1 0 0 1 0 1 1 0 1 1 0 1 1 0 0 0 1 1 0 0 1 1 0 0 1 1 0 1 1 0 1 0 0 1 0 0 1 1 1 1 1 1 0 1 0 0 0 0 1 1 0 0 0 0 0 1 0 1 0 0 1 1 1 0 1 1 0 1 0 0 1 1 1 1 0 1 1 0 0 0 1 0 0 0 0 1 1 0 0 0 1 0 1 1 1 0 1 0 1 1 0 0 1 1 1 0 0 0 1 1 1 0 1 0 1 1 1 1 0 1 1 1 1 0 1 1 1 0 0 0 0 0 1 0 0 0 0 0 1 0 0 1
0 1 0 0 0 0 1 0 1 1 1 1 0 0 1 1 1 1 1 0 0 0 0 0 0 1 0 0 1 0 1 0 1 1 0 1 0 0 1 1 1 1 0 0 0 0 1 1 1 0 1 1 0 0 1 0 1 1 1 1 1 1 0 0 0 0 1 1 1 1 1 1 1 1 1 1 1 0 1 0 0 0 1 0 0 0 0 0 0 1 1 1 1 1 0 0 0 1 0 1 1 0 0 0 0 0 1 1 0 1 1 1 0 0 0 0 0 0 1 0 0 0 0 1 0 1 1 1 1 0 1 0 1 0 0 0 1 1 1 0 1 0 0 1 0
0 1 0 1 0 1 1 0 0 0 1 0 1 0 0 0 1 0 1 0 0 0 0 1 1 0 1 1 0 0 1 1 1 1 0 0 0 0 1 0 1 0 1 0 1 0 0 1 0 0 1 1 1 1 1 1 0 1 0 1 1 1 0 0 1 1 0 0 1 1 0 1 1 0 1 0 0 0 0 0 1 0 0 1 0 0 1 1 1 0 0 1 1 0 0 1 1 0 0 1 0 0 0 1 1 0 0 1 1 1 0 0 0 1 0 1 0 1 1 1 1 0 0 0 1 1 1 0 0 1 1 0 1 1 0 1 0 1 1 1 1 1 0 0 0
1 1 0 1 0 1 0 1 1 1 0 1 1 0 1 1 1 0 1 0 0 1 1 1 0 0 1 1 1 0 0 0 1 0 1 0 0 0 0 1 0 1 1 0 0 1 1 1 0 1 1 0 0 1 0 1 0 1 1 0 0 0 1 0 0 0 0 1 0 0 1 0 1 1 0 1 1 1 1 0 1 0 0 0 0 1 1 1 1 1 0 0 1 1 0 0 1 1 1 0 0 0 0 1 1 0 1 0 1 0 0 1 0 0 0 1 1 0 0 1 0 1 0 1 1 0 0 1 1 0 0 0 0 1 0 1 0 1 1 1 1 1 0 0 0
1 0 1 0 1 0 1 0 0 0 1 0 0 1 0 0 0 1 0 1 1 0 0 0 1 1 0 0 0 1 1 1 0 1 0 1 1 1 1 0 1 0 0 1 1 0 0 0 1 0 0 1 1 0 1 0 1 0 0 1 1 1 0 1 1 1 1 0 1 1 0 1 0 0 1 0 0 0 0 1 0 1 1 1 1 0 0 0 0 0 1 1 0 0 1 1 0 0 0 1 1 1 1 0 0 1 0 1 0 1 1 0 1 1 1 0 0 1 1 0 1 0 1 0 0 1 1 0 0 1 1 1 1 0 1 0 1 0 0 0 0 0 1 1 1
0 1 0 1 0 0 1 1 0 0 0 0 1 0 0 0 1 1 1 1 1 1 1 1 0 1 0 1 0 0 1 0 1 1 1 1 1 0 0 0 1 0 1 1 0 1 0 1 1 1 1 1 0 0 0 0 1 1 0 0 1 0 1 1 0 0 1 0 1 0 0 0 1 0 1 0 0 1 0 1 0 0 1 0 0 1 0 0 1 0 1 0 1 0 0 0 1 0 1 1 1 1 1 0 0 1 0 1 0 0 1 0 1 0 0 1 1 0 1 1 0 1 1 0 1 1 0 0 0 0 0 0 0 0 0 1 1 1 1 0 1 1 0 1 1
0 0 0 0 0 1 1 1 0 0 1 1 0 0 0 1 0 0 0 1 1 1 1 0 0 0 1 0 1 0 1 0 0 1 1 0 1 0 1 1 1 1 0 1 0 1 0 0 0 1 0 1 0 1 1 1 0 0 0 1 1 1 1 1 0 0 0 1 1 1 0 1 0 1 1 1 1 1 0 1 1 0 0 0 0 1 1 1 0 0 0 1 0 0 0 0 0 0 1 1 0 1 1 1 1 1 0 1 1 1 0 0 1 0 0 0 1 0 1 0 0 1 1 1 0 1 1 1 1 0 1 0 1 1 0 0 0 0 0 1 0 0 0 0 1
1 0 1 1 1 0 1 1 1 1 1 0 1 1 1 0 0 0 0 0 0 1 1 1 0 0 0 1 0 1 1 0 0 1 1 0 0 1 1 0 1 0 1 0 0 1 1 0 0 1 0 1 0 0 1 0 0 0 1 1 1 1 1 0 0 0 0 0 1 1 1 1 0 0 1 0 0 1 1 0 0 1 0 0 1 1 0 0 1 1 0 1 0 1 1 0 1 1 1 1 0 0 0 0 0 0 1 1 0 1 0 1 0 0 1 1 1 0 1 1 0 1 0 0 1 1 1 0 0 0 1 1 1 0 1 1 0 0 0 0 0 1 1 0 0
1 1 1 0 1 0 1 1 0 0 0 1 0 1 0 1 1 0 1 0 0 1 1 0 1 0 0 0 1 1 1 1 1 1 1 0 0 1 0 1 1 1 0 0 1 1 0 1 0 1 1 1 1 0 0 0 0 1 0 0 1 0 1 0 1 1 0 1 1 0 0 0 1 1 1 1 1 1 0 0 0 1 0 1 1 1 0 0 0 0 0 0 1 0 1 1 0 0 1 1 0 0 0 0 0 0 0 1 0 0 0 0 0 1 1 0 1 1 1 0 1 1 0 1 0 1 0 1 1 1 0 1 0 0 1 0 0 1 1 0 1 0 1 0 0
0 0 1 0 1 0 0 1 1 1 0 1 0 1 1 1 0 1 0 1 1 1 1 0 0 1 0 0 1 1 0 0 0 0 1 1 1 1 0 1 0 1 0 1 0 1 1 0 1 1 0 0 0 0 0 0 1 0 1 0 0 0 1 1 0 0 1 1 0 0 1 0 0 1 0 1 1 1 1 1 0 1 1 0 1 1 0 0 0 1 1 0 0 1 1 0 0 1 1 0 1 1 1 0 0 1 1 0 0 0 1 1 1 0 1 0 1 0 0 0 0 1 1 1 0 0 0 1 1 0 0 1 0 0 1 0 1 0 0 0 0 0 1 1 1
0 1 1 1 1 0 0 0 0 0 1 1 1 1 0 1 1 0 1 1 1 0 0 1 0 0 0 1 1 1 0 0 1 0 0 0 1 1 1 1 0 1 1 1 0 0 0 1 0 0 1 0 0 0 1 0 0 1 0 1 0 1 0 1 0 0 0 1 0 1 0 1 1 1 0 1 1 0 0 1 0 1 0 0 1 0 0 0 1 0 0 1 1 0 1 0 1 0 0 0 0 1 1 0 0 1 0 0 0 1 0 0 1 0 1 1 0 0 0 1 0 0 1 1 1 0 1 1 1 0 1 1 1 0 1 1 0 1 1 0 1 1 1 0 1
1 0 0 1 0 1 0 0 1 1 1 0 1 0 1 0 0 1 0 1 1 0 0 1 0 1 1 1 0 0 0 0 0 0 0 1 1 0 1 0 0 0 1 1 0 0 1 0 1 0 0 0 0 1 1 1 1 0 1 1 0 1 0 1 0 0 1 0 0 1 1 1 0 0 0 0 0 0 1 1 1 0 1 0 0 0 1 1 1 1 1 1 0 1 0 0 1 1 0 0 1 1 1 1 1 1 1 0 1 1 1 1 1 0 0 1 0 0 0 1 0 0 1 0 1 0 1 0 0 0 1 0 1 1 0 1 1 0 0 1 0 1 0 1 1
0 0 0 0 0 1 1 1 1 1 0 0 0 0 1 0 0 1 0 0 0 1 1 0 1 1 1 0 0 0 1 1 0 1 1 1 0 0 0 0 1 0 0 0 1 1 1 0 1 1 0 1 1 1 0 1 1 0 1 0 1 0 1 0 1 1 1 0 1 0 1 0 0 0 1 0 0 1 1 0 1 0 1 1 0 1 1 1 0 1 1 0 0 1 0 1 0 1 1 1 1 0 0 1 1 0 1 1 1 0 1 1 0 1 0 0 1 1 1 0 1 1 0 0 0 1 0 0 0 1 0 0 0 1 0 0 1 0 0 1 0 0 0 1 0
1 0 1 1 1 1 1 0 0 0 0 1 1 1 0 1 0 1 0 0 0 0 0 1 0 1 1 1 1 1 1 0 0 1 0 1 0 1 0 1 1 1 1 0 0 0 0 0 1 0 0 1 0 1 0 1 1 0 0 0 1 0 0 0 0 0 1 1 1 0 0 0 0 1 1 1 1 0 0 0 1 1 1 0 1 0 1 1 1 0 1 0 0 0 1 0 1 0 0 1 1 0 0 1 1 0 0 1 1 0 1 0 0 0 1 1 0 0 1 1 0 0 0 1 1 1 0 1 1 0 0 1 0 1 1 1 1 0 0 1 0 1 1 1 0
0 1 1 1 1 0 0 0 1 1 0 0 1 1 1 0 1 1 1 0 0 0 0 1 1 1 0 1 0 1 0 1 1 0 0 1 0 1 0 0 0 0 1 0 1 0 1 1 1 0 1 0 1 0 0 0 1 1 1 0 0 0 0 0 1 1 1 0 0 0 1 0 1 0 0 0 0 0 1 0 0 1 1 1 1 0 0 0 1 1 1 0 1 1 1 1 1 1 0 0 1 0 0 0 0 0 1 0 0 0 1 1 0 1 1 1 0 1 0 1 1 0 0 0 1 0 0 0 0 1 0 1 0 0 1 1 1 1 1 0 1 1 1 1 0
0 1 1 0 1 1 1 0 1 1 0 0 0 1 1 0 1 0 1 1 1 0 0 0 0 0 1 0 0 1 1 0 1 1 0 0 1 1 0 0 1 0 0 1 0 0 1 1 0 0 1 1 0 1 0 1 0 1 1 0 1 0 0 1 0 0 0 0 1 0 1 0 1 0 1 0 0 0 1 1 1 1 0 0 1 0 1 1 0 1 0 0 1 1 1 0 0 1 0 1 0 1 1 1 1 1 1 1 1 0 0 1 1 0 1 0 0 0 1 0 0 0 1 0 0 1 0 0 0 0 0 1 0 1 1 0 0 1 1 1 1 0 1 0 1
1 1 0 0 0 1 0 0 0 0 0 1 0 0 0 1 1 1 1 1 1 0 0 0 1 1 1 0 1 0 0 1 1 0 0 1 1 0 0 1 0 1 0 1 1 0 0 1 1 0 1 0 1 1 0 1 1 1 0 0 0 0 0 1 1 1 1 1 0 0 0 0 1 1 0 1 1 0 0 1 1 0 1 1 0 0 1 1 0 0 1 0 1 0 0 1 0 0 0 0 1 1 1 1 1 1 0 0 1 0 1 0 1 1 0 0 0 1 0 0 1 0 1 1 0 0 0 1 1 1 0 0 0 1 0 0 1 1 1 1 1 0 0 1 1
0 0 1 1 1 1 0 1 0 0 0 0 1 1 0 0 0 0 0 1 1 1 1 1 1 0 1 1 0 1 0 1 0 0 1 0 1 1 0 0 0 0 1 1 1 1 0 0 0 1 0 0 1 1 0 1 0 0 0 0 0 0 1 1 1 1 0 0 0 0 0 0 0 0 0 0 0 1 0 1 1 1 0 1 1 1 1 1 1 0 0 0 0 0 1 1 1 0 1 0 0 1 1 1 1 1 0 0 1 0 0 0 1 1 1 1 1 1 0 1 1 1 1 0 1 0 0 0 0 1 0 1 0 1 1 1 0 0 0 1 0 1 1 0 1
0 0 1 0 1 1 0 0 1 1 1 1 0 1 1 1 0 0 0 0 0 0 0 0 1 0 1 0 1 1 0 1 0 0 0 0 0 1 1 1 0 1 0 0 1 0 1 0 0 0 0 0 1 1 1 1 0 0 1 1 0 1 0 0 1 1 0 1 0 1 1 1 0 1 0 1 1 0 1 0 1 1 0 1 1 0 1 1 0 1 0 1 0 1 1 1 0 1 0 0 0 0 0 1 1 0 1 0 1 1 0 1 0 1 1 0 0 1 0 0 1 0 0 1 0 0 1 1 1 1 1 1 1 1 1 0 0 0 0 1 0 0 1 0 0
0 0 0 1 0 0 0 1 0 0 1 1 1 0 0 1 0 1 0 0 0 1 1 1 1 1 0 1 1 0 0 1 0 0 1 1 0 0 1 1 0 1 1 0 1 1 0 0 1 1 0 0 1 0 1 0 1 0 0 1 0 1 1 0 1 1 1 1 0 1 0 1 0 1 0 1 1 1 0 0 0 0 1 1 0 1 0 0 1 0 1 1 0 0 0 1 1 0 1 0 1 0 0 0 0 0 0 0 0 1 1 0 0 1 0 1 1 1 0 1 1 1 0 1 1 0 1 1 1 1 1 0 1 0 0 1 1 0 0 0 0 1 0 1 0
0 0 1 0 0 0 0 0 0 0 0 0 0 0 0 0 0 1 1 0 1 0 0 1 0 1 1 1 0 1 1 0 1 0 1 0 1 0 1 1 0 1 1 1 1 1 1 0 1 1 1 1 1 0 0 1 0 0 1 0 1 0 1 0 0 1 0 0 0 0 1 0 0 0 1 1 1 0 0 1 1 0 1 0 1 0 1 1 0 0 1 1 1 1 1 0 1 1 1 0 0 1 0 0 0 0 1 0 0 1 1 0 1 1 0 1 1 1 1 0 0 0 0 1 0 1 1 0 1 1 1 1 1 0 1 0 0 1 0 1 1 1 0 0 0
1 0 1 1 0 1 0 0 1 0 1 1 0 0 0 0 1 1 0 0 1 1 0 0 1 1 1 1 0 1 1 0 0 1 1 1 0 1 0 0 1 0 0 0 0 1 0 0 1 0 1 0 0 1 0 1 0 1 0 0 1 1 0 0 1 1 0 1 0 0 1 1 1 1 0 1 0 0 0 1 0 1 0 1 0 1 0 0 0 1 0 1 1 0 0 0 1 1 1 1 1 0 1 0 0 0 1 0 1 1 0 1 1 0 1 1 0 1 1 1 0 1 1 1 0 0 0 0 1 1 0 0 1 0 1 1 0 1 0 1 0 0 0 1 1
1 0 1 0 1 1 0 1 1 0 1 1 1 0 1 1 1 0 1 1 0 1 0 1 1 1 0 0 0 0 0 0 0 1 0 1 0 0 1 1 0 0 0 1 1 0 0 1 0 1 0 1 0 0 0 1 0 0 1 0 1 0 0 0 1 0 1 0 1 1 0 1 1 1 0 0 1 0 0 1 0 1 1 0 0 1 1 1 0 1 0 0 0 1 1 0 0 1 1 1 0 1 1 1 0 0 0 0 1 1 1 0 0 1 1 1 1 1 0 1 1 0 1 1 0 1 0 0 0 0 1 1 0 0 0 1 0 1 0 0 1 1 0 1 0
1 1 0 0 1 0 1 1 0 0 1 1 1 0 1 1 1 1 1 1 1 0 0 1 0 0 1 1 0 1 1 1 0 0 1 0 0 0 1 1 0 0 0 1 1 1 0 1 1 0 1 0 0 0 1 0 1 0 1 0 0 0 0 0 1 1 1 0 1 1 1 0 0 0 0 1 0 1 1 0 0 0 0 0 0 1 0 1 0 1 0 1 1 0 1 0 1 0 0 1 0 0 1 1 1 1 1 0 1 0 1 0 1 0 1 0 1 0 1 1 1 0 0 0 1 1 0 1 1 1 0 0 1 0 1 0 0 0 0 1 0 0 1 1 0
1 0 1 1 0 1 0 0 1 1 0 0 0 1 0 0 0 0 0 0 0 1 1 0 1 1 0 0 1 0 0 0 1 1 0 1 1 1 0 0 1 1 1 0 0 0 1 0 0 1 0 1 1 1 0 1 0 1 0 1 1 1 1 1 0 0 0 1 0 0 0 1 1 1 1 0 1 0 0 1 1 1 1 1 1 0 1 0 1 0 1 0 0 1 0 1 0 1 1 0 1 1 0 0 0 0 0 1 0 1 0 1 0 1 0 1 0 1 0 0 0 1 1 1 0 0 1 0 0 0 1 1 0 1 0 1 1 1 1 0 1 1 0 0 1
0 1 1 1 0 0 1 0 0 0 1 1 0 0 0 0 1 0 1 0 0 0 0 1 0 1 0 0 0 0 0 1 1 0 0 0 1 1 1 1 1 1 1 1 1 0 1 0 0 0 0 0 1 1 1 1 1 1 1 0 1 1 1 0 1 0 0 1 0 0 0 0 0 0 1 0 0 1 1 1 1 0 0 1 1 1 0 1 0 1 1 0 0 0 1 0 0 1 1 1 1 0 1 0 1 1 0 0 1 1 1 1 0 0 1 1 1 1 0 1 0 1 0 1 1 1 1 1 0 0 0 0 0 0 0 0 0 1 0 0 0 0 1 1 1
0 1 1 0 1 1 1 1 1 0 0 0 1 0 1 1 0 1 0 1 0 1 0 0 1 1 0 0 0 1 1 1 1 1 0 1 1 0 0 0 0 1 1 0 0 1 1 1 0 0 0 0 1 0 1 1 1 0 0 0 1 0 1 0 0 1 1 0 1 1 1 1 1 1 1 0 0 1 1 1 1 1 0 0 1 0 0 0 0 0 1 0 1 0 0 0 1 1 1 0 0 0 0 1 1 1 0 0 0 1 0 0 1 0 0 1 0 1 0 0 1 0 1 1 1 0 1 1 1 0 0 0 1 0 0 1 0 1 0 1 0 0 1 0 0
1 1 1 0 0 1 1 0 1 1 0 0 0 1 0 0 0 0 1 0 1 1 1 1 1 1 1 1 1 0 0 1 0 1 1 1 0 0 1 1 0 0 0 1 1 0 0 0 1 0 1 0 0 0 1 1 1 0 1 1 1 0 0 1 0 0 0 0 0 0 0 1 1 1 0 1 0 1 1 1 0 1 0 0 0 0 0 1 1 0 0 1 0 0 1 1 0 1 1 0 0 0 0 0 1 1 1 1 0 1 1 0 0 0 0 1 1 1 1 0 0 0 1 1 1 1 0 1 0 1 0 0 0 1 1 1 1 1 1 0 0 0 1 0 0
0 1 1 0 0 0 1 0 0 1 1 1 0 1 0 0 1 1 0 0 0 0 1 0 0 1 0 0 1 1 1 1 0 0 0 0 0 0 0 0 0 0 0 0 0 1 0 0 0 1 0 1 0 0 1 1 1 0 0 1 1 0 0 1 1 1 0 0 0 0 1 0 0 0 0 0 1 1 1 1 0 0 1 0 0 1 1 0 1 1 0 0 1 1 0 1 1 1 1 1 0 1 1 0 1 1 0 1 1 1 0 0 1 1 1 1 0 1 0 1 0 0 0 1 1 0 0 1 1 0 1 1 1 1 0 0 1 1 1 1 1 1 1 1 0
1 1 0 1 0 0 1 0 0 1 0 0 0 1 0 0 0 1 0 0 1 0 1 0 0 0 1 1 1 1 1 1 1 0 1 0 1 1 0 0 1 1 1 0 0 1 1 0 1 0 1 0 1 1 1 0 1 1 0 1 0 1 1 1 0 1 0 1 0 0 1 0 0 0 1 1 0 1 1 0 1 0 0 1 1 0 0 0 1 0 1 1 1 0 0 1 1 0 0 0 1 0 0 0 1 1 1 1 0 0 0 1 1 0 0 0 0 0 1 0 0 1 0 0 1 0 1 1 1 1 0 0 1 1 1 0 1 0 1 1 0 0 1 0 1
1 0 0 0 0 1 0 0 1 1 1 1 0 1 0 0 1 1 1 0 0 1 1 1 1 0 0 0 1 1 1 0 1 1 0 1 1 0 1 1 0 1 1 1 1 1 1 0 0 0 0 0 1 0 0 0 0 0 1 1 0 0 1 1 1 1 0 0 0 0 1 1 1 1 1 0 0 0 0 0 1 1 0 0 1 1 0 1 1 1 1 0 1 0 1 1 1 0 0 1 0 0 1 0 0 0 0 1 1 0 1 0 1 0 1 0 1 0 0 1 0 0 1 0 0 1 1 0 1 0 0 0 1 1 0 1 1 0 1 1 0 0 0 1 0
0 0 0 1 1 1 0 1 1 0 0 0 1 0 1 1 0 0 1 1 1 1 0 1 1 0 1 1 0 0 0 0 1 1 1 1 1 1 1 1 1 1 1 1 1 0 1 1 1 0 1 0 1 1 0 0 0 1 1 0 0 1 1 0 0 0 1 1 1 1 0 1 1 1 1 1 0 0 0 0 1 1 0 1 1 0 0 1 0 0 1 1 0 0 1 0 0 0 0 0 1 0 0 1 0 0 1 0 0 0 1 1 0 0 0 0 1 0 1 0 1 1 1 0 0 1 1 0 0 1 0 0 0 0 1 1 0 0 0 0 0 0 0 0 1
1 1 1 1 1 0 1 1 0 0 0 0 1 0 1 1 0 0 0 1 1 0 0 0 0 1 1 1 0 0 0 1 0 0 1 0 0 1 0 0 1 0 0 0 0 0 0 1 1 1 1 1 0 1 1 1 1 1 0 0 1 1 0 0 0 0 1 1 1 1 0 0 0 0 0 1 1 1 1 1 0 0 1 1 0 0 1 0 0 0 0 1 0 1 0 0 0 1 1 0 1 1 0 1 1 1 1 0 0 1 0 1 0 1 0 1 0 1 1 0 1 1 0 1 1 0 0 1 0 1 1 1 0 0 1 0 0 1 0 0 1 1 1 0 1
0 0 1 1 1 0 0 1 0 1 0 0 1 1 1 1 0 1 1 1 0 0 1 1 0 1 0 0 1 1 1 0 0 0 0 0 0 1 1 1 1 0 0 1 1 1 0 1 0 0 0 0 0 1 0 1 0 1 1 1 1 1 0 1 0 1 1 1 1 1 1 0 0 0 0 0 0 0 0 1 0 0 0 1 0 0 0 1 1 0 0 0 1 0 1 1 1 1 1 0 1 0 0 1 0 0 0 1 0 1 1 1 1 0 0 1 1 1 0 0 1 1 0 1 0 1 0 0 1 0 0 0 1 1 0 0 1 1 1 1 0 0 0 0 1
0 0 0 1 0 0 0 0 0 1 1 1 0 1 0 0 1 0 1 0 1 0 1 1 0 0 1 1 1 0 0 0 0 0 1 0 0 1 1 1 1 0 0 1 1 0 0 0 1 1 1 1 0 1 0 0 0 1 1 1 0 1 0 1 1 0 0 1 0 0 0 0 0 0 0 1 1 0 0 0 0 0 1 1 0 1 1 1 1 1 0 1 0 1 1 1 0 0 0 1 1 1 1 0 0 0 1 1 1 0 1 1 0 1 1 0 1 0 1 1 0 1 0 0 0 1 0 0 0 1 1 1 0 1 1 0 1 0 1 0 1 1 0 1 1
0 0 1 0 1 0 0 1 0 1 1 1 1 1 1 1 1 0 0 1 1 0 1 0 0 1 1 1 1 0 0 0 1 0 1 0 1 0 0 0 0 1 1 0 0 0 1 1 1 0 1 0 1 0 0 1 0 0 0 1 1 0 1 1 1 0 1 0 1 1 0 0 0 0 1 1 0 0 0 1 1 0 0 0 1 1 0 0 1 1 1 1 0 0 0 1 0 1 1 1 0 0 1 1 0 0 1 1 1 1 0 0 0 0 1 1 0 1 1 1 1 0 0 1 0 0 1 0 0 1 0 0 0 1 1 0 1 1 1 0 0 0 0 1 0
0 1 0 1 1 1 1 1 1 1 1 1 1 1 1 1 1 0 0 1 0 1 1 0 1 0 0 0 1 0 0 1 0 1 0 1 0 1 0 0 1 0 0 0 0 0 0 1 0 0 0 0 0 1 1 0 1 1 0 1 0 1 0 1 1 0 1 1 1 1 0 1 1 1 0 0 0 1 1 0 0 1 0 1 0 1 0 0 1 1 0 0 0 0 0 1 0 0 0 1 1 0 1 1 1 1 0 1 1 0 0 1 0 0 1 0 0 0 0 1 1 1 1 0 1 0 0 1 0 0 0 0 0 1 0 1 1 0 1 0 0 0 1 1 1
1 1 0 0 0 1 1 0 1 0 1 1 0 0 0 0 1 0 0 0 1 1 0 0 1 0 1 1 0 0 0 1 1 1 1 1 1 0 0 0 0 1 1 0 0 0 1 0 1 1 1 1 1 0 1 0 1 0 0 0 0 0 1 0 1 0 0 0 0 0 0 1 1 1 1 1 1 1 1 0 1 1 1 0 1 1 1 0 0 1 1 1 0 1 0 0 0 0 0 1 0 1 1 0 1 1 1 0 1 0 0 0 0 1 1 0 0 0 1 1 0 0 1 0 1 0 1 1 0 1 1 1 0 0 1 1 0 0 0 0 1 1 1 1 0
1 0 0 1 1 0 0 1 0 0 1 1 1 0 1 1 1 1 0 1 0 0 0 0 0 0 0 0 0 1 1 0 1 0 0 0 1 1 0 0 1 1 1 0 0 1 1 1 0 1 0 1 1 1 0 0 0 1 0 0 0 1 1 0 1 1 1 1 1 1 1 0 0 0 1 0 1 0 0 0 1 0 1 1 1 1 1 0 0 1 1 0 1 1 0 0 1 0 0 1 1 1 1 1 0 0 0 0 1 0 0 1 1 1 1 0 0 0 0 1 1 1 0 0 0 0 1 0 1 0 1 1 1 0 0 0 0 0 0 1 1 1 0 1 1
1 1 0 0 1 0 1 1 0 1 0 0 1 1 1 1 0 0 1 1 0 0 1 1 0 0 0 0 1 0 0 1 1 0 0 0 1 0 1 1 0 1 1 1 1 0 1 1 0 1 0 1 1 0 1 0 1 0 1 1 0 0 1 1 0 0 1 0 1 1 0 0 0 0 1 0 1 1 1 0 1 0 1 0 1 0 1 1 1 0 1 0 0 1 1 1 0 0 0 0 0 1 0 1 1 1 0 1 0 0 1 0 0 1 0 0 1 0 0 0 1 0 0 0 1 1 1 1 0 0 1 1 0 1 0 0 1 0 1 0 1 1 1 0 0
0 0 0 0 1 1 0 1 1 1 0 0 1 1 1 1 0 1 0 1 1 1 1 0 1 0 1 1 1 1 1 0 0 1 1 1 0 0 0 0 0 0 0 0 0 1 0 1 1 1 1 1 0 0 0 0 0 0 0 1 0 0 0 1 0 1 1 0 1 1 1 1 1 1 0 1 1 0 0 0 0 1 1 0 0 0 1 0 1 0 0 1 1 1 0 1 1 0 0 0 0 1 0 1 0 0 1 1 0 0 0 0 1 1 0 0 0 0 1 0 1 0 1 0 0 0 0 0 1 1 1 1 1 1 1 1 1 0 1 1 1 1 0 0 0
0 1 0 1 0 1 1 0 1 0 0 0 0 0 0 0 0 1 1 0 0 1 0 1 1 0 0 0 0 1 1 1 0 1 0 1 0 1 1 1 1 0 0 1 1 1 0 0 0 1 0 1 0 1 1 0 1 1 1 0 0 1 0 0 0 1 0 1 0 0 1 1 1 1 0 0 1 1 1 0 0 1 1 1 0 0 1 1 0 0 0 0 1 1 1 0 1 0 0 0 1 1 0 0 1 1 0 0 0 0 1 1 1 1 0 0 1 0 0 0 0 1 1 0 1 1 0 1 1 0 1 1 1 0 0 1 0 0 0 1 1 1 1 0 1
0 0 1 1 0 0 1 1 0 1 0 1 0 0 0 1 0 1 0 0 1 1 0 1 1 1 0 1 0 1 0 0 1 0 1 1 1 0 0 0 1 0 0 1 0 0 1 1 0 1 0 0 0 1 1 0 1 0 1 1 1 1 0 1 1 1 1 1 0 1 0 0 1 0 1 0 1 0 0 0 1 1 0 0 0 1 0 1 1 0 0 1 1 1 1 1 0 0 1 0 0 0 0 0 1 1 1 0 0 0 0 1 0 1 1 0 0 0 1 1 1 0 1 1 1 1 1 0 1 0 0 1 0 1 0 0 0 1 0 1 1 0 0 1 0
0 1 0 1 1 0 0 1 1 1 1 0 1 0 0 0 1 1 1 0 1 0 1 0 0 1 1 0 0 0 1 0 1 0 1 0 0 1 1 0 0 0 1 0 1 1 0 0 0 0 0 0 0 0 1 1 1 0 0 0 1 1 1 1 1 0 0 1 1 1 0 1 1 1 1 1 0 0 1 0 1 1 1 0 1 1 0 1 0 0 0 0 0 1 1 1 0 1 0 0 1 1 0 0 0 0 1 1 1 0 0 0 1 0 0 0 0 1 0 1 1 0 1 1 1 1 0 1 1 1 0 1 0 0 0 0 1 0 0 1 1 1 0 0 1
1 1 1 0 1 0 1 0 0 0 0 0 0 0 0 1 1 0 0 0 0 1 0 1 0 0 1 1 1 0 0 0 1 0 1 1 0 1 1 0 0 0 1 1 1 1 1 1 1 0 0 0 1 1 0 0 1 1 0 1 1 0 1 0 0 1 0 1 1 1 1 1 0 1 0 1 1 0 1 1 0 0 1 0 0 0 0 0 0 0 0 0 1 1 1 1 0 1 1 1 0 0 0 1 0 1 0 1 1 0 0 1 1 1 1 0 1 1 1 1 0 0 1 0 0 0 1 0 0 0 1 0 0 1 0 1 1 0 0 1 0 1 1 1 1
0 0 0 1 1 0 0 1 0 1 0 0 0 0 1 0 1 1 0 0 1 0 0 1 0 1 1 0 1 0 0 0 0 1 0 1 0 0 1 0 0 1 1 0 0 1 0 1 1 0 0 0 1 0 1 0 0 1 0 0 0 1 0 1 1 1 0 0 0 0 1 0 1 1 1 0 1 1 1 1 1 1 1 1 0 1 1 1 0 0 0 0 0 0 0 0 0 0 1 1 0 0 1 1 0 1 1 1 0 0 1 1 0 0 1 1 1 1 1 0 1 0 0 1 1 1 1 0 1 0 1 1 1 1 1 1 0 0 1 0 1 0 1 0 1
0 1 1 0 0 1 1 0 1 0 1 1 1 1 0 1 0 0 1 1 0 1 1 0 1 0 0 1 0 1 1 1 1 0 1 0 1 1 0 1 1 0 0 1 1 0 1 0 0 1 1 1 0 1 0 1 1 0 1 1 1 0 1 0 0 0 1 1 1 1 0 1 0 0 0 1 0 0 0 0 0 0 0 0 1 0 0 0 1 1 1 1 1 1 1 1 1 1 0 0 1 1 0 0 1 0 0 0 1 1 0 0 1 1 0 0 0 0 0 1 0 1 1 0 0 0 0 1 0 1 0 0 0 0 0 0 1 1 0 1 0 1 0 1 0
1 0 0 0 1 0 0 0 1 0 1 1 1 0 1 0 1 0 1 0 0 0 1 1 1 0 1 0 0 1 1 0 1 1 1 1 1 0 1 0 1 1 1 0 0 1 0 1 0 1 0 0 0 0 0 1 1 0 1 0 1 0 0 0 0 1 1 1 0 1 0 0 0 1 0 0 1 1 1 0 0 0 1 1 1 0 1 0 1 0 0 1 0 1 1 1 0 0 1 0 1 1 1 0 1 1 0 1 0 0 1 1 0 0 1 1 0 1 1 1 0 0 1 0 0 0 1 1 0 1 0 0 1 1 1 0 0 1 1 1 0 0 0 0 1
1 1 0 0 0 0 0 0 0 1 0 1 0 0 1 0 0 0 0 0 1 0 0 0 1 1 0 0 1 1 0 0 1 1 1 0 1 1 0 0 1 1 0 0 1 0 0 0 1 1 0 0 1 0 0 0 1 1 1 0 1 1 1 0 0 0 1 1 1 1 1 1 0 0 0 1 0 1 0 1 1 1 0 1 0 1 1 0 1 0 0 1 0 1 1 1 0 1 0 1 0 0 1 1 1 0 0 0 1 0 1 0 1 0 0 1 1 0 0 1 1 0 1 0 1 1 0 0 1 0 1 0 1 0 1 1 1 1 1 1 1 1 1 0 0
1 1 0 1 0 1 0 1 0 0 0 0 0 1 1 0 0 1 0 1 0 0 0 1 0 0 0 0 0 0 0 1 1 1 1 1 0 1 0 1 0 1 0 0 1 0 0 1 0 0 1 1 0 0 1 0 1 0 0 0 1 0 1 1 1 1 0 1 1 1 0 1 1 0 1 1 1 1 0 0 0 0 0 1 0 0 1 1 0 1 1 0 0 1 1 1 1 1 1 0 0 0 1 0 0 1 1 0 1 1 1 1 1 0 1 1 0 0 1 1 0 1 1 1 0 0 1 0 0 0 0 1 1 1 1 0 1 0 1 1 0 1 0 0 0
0 0 1 0 1 1 1 0 0 1 0 0 0 1 1 1 1 0 0 1 1 1 0 0 0 1 1 1 0 0 0 1 1 1 1 0 0 0 1 1 0 1 1 1 0 1 1 0 0 0 1 1 0 1 0 0 1 0 0 1 1 1 0 0 0 0 0 1 0 1 0 0 0 1 0 0 0 1 1 0 1 1 1 1 0 1 1 0 0 1 1 0 1 1 1 1 1 0 0 0 0 0 1 0 0 0 0 1 0 1 1 0 0 1 0 1 0 1 0 1 1 1 1 0 1 1 0 0 1 0 0 0 1 0 1 0 0 0 1 1 1 0 0 1 1
1 0 0 1 0 1 0 1 1 1 1 1 1 1 1 0 0 1 1 1 1 0 1 0 1 1 0 0 0 1 1 1 0 1 0 0 1 0 0 1 1 1 0 0 0 0 0 0 0 1 1 1 0 0 1 1 0 0 1 0 0 1 0 1 1 0 1 0 0 0 0 0 1 0 1 0 0 1 0 0 1 1 0 1 1 1 1 1 1 1 1 1 0 0 0 0 1 0 0 0 1 1 1 0 1 0 1 0 0 1 1 0 0 0 0 1 0 0 0 0 1 1 0 1 1 1 0 1 1 1 0 1 1 0 1 0 0 1 1 0 1 0 0 0 0
1 1 0 0 1 1 0 0 0 1 0 1 0 1 0 0 1 0 0 1 1 0 0 1 1 1 1 0 0 1 0 1 0 0 0 1 1 1 1 1 1 0 1 0 1 1 0 1 0 1 1 1 0 0 0 0 0 0 1 0 0 1 1 0 0 1 1 0 1 0 0 1 0 1 0 1 1 0 1 0 1 1 1 0 0 1 0 0 1 1 1 1 0 0 0 0 1 1 1 0 0 0 0 0 1 1 0 1 1 1 0 1 1 0 1 0 0 1 1 0 1 1 0 0 1 1 1 0 1 0 0 0 0 1 0 0 1 1 0 0 1 1 0 0 1
0 1 0 1 0 0 0 1 1 0 1 1 1 0 0 0 0 1 1 0 0 0 1 1 1 0 0 0 1 1 1 0 0 0 0 1 1 1 0 0 1 0 0 0 1 0 0 1 1 1 0 0 1 0 1 1 0 1 1 0 0 0 1 1 1 1 1 0 1 0 1 1 1 0 1 1 1 0 0 1 0 0 0 0 1 0 0 1 1 0 0 1 0 0 0 0 0 1 1 1 1 1 0 1 1 1 1 0 1 0 0 1 1 0 1 0 1 0 1 0 0 0 0 1 0 0 1 1 0 1 1 1 0 1 0 1 1 1 0 0 0 1 1 0 0
1 0 1 1 0 0 1 1 1 0 1 0 1 0 1 1 0 1 1 0 0 1 1 0 0 0 0 1 1 0 1 0 1 1 1 0 0 0 0 0 0 1 0 1 0 0 1 0 1 0 0 0 1 1 1 1 1 1 0 1 1 0 0 1 1 0 0 1 0 1 1 0 1 0 1 0 0 1 0 1 0 0 0 1 1 0 1 1 0 0 0 0 1 1 1 1 0 0 0 1 1 1 1 1 0 0 1 0 0 0 1 0 0 1 0 1 1 0 0 1 0 0 1 1 0 0 0 1 0 1 1 1 1 0 1 1 0 0 1 1 0 0 1 1 0
0 0 0 0 0 1 0 0 1 1 1 0 1 1 0 0 0 0 1 1 1 0 1 1 0 1 0 0 1 0 1 1 1 0 1 1 0 0 0 1 0 0 0 0 0 0 0 1 1 0 1 1 1 0 0 1 1 1 0 0 1 1 0 0 0 1 0 1 0 1 1 0 0 0 0 0 1 0 0 1 1 1 0 0 1 1 0 0 0 1 1 0 0 1 1 1 1 0 1 1 1 1 0 1 0 1 0 0 0 1 0 1 0 0 1 0 1 0 1 1 1 1 1 0 1 1 1 1 1 1 1 0 0 1 0 1 0 0 0 1 1 0 1 0 0
1 0 1 1 1 1 1 1 1 0 1 0 1 1 0 1 1 1 1 1 0 1 1 1 0 0 1 1 0 0 1 1 0 0 0 1 0 0 1 1 0 0 1 1 0 1 1 1 0 0 1 1 0 1 1 1 0 0 0 1 0 0 0 1 1 1 0 0 0 0 0 0 1 1 1 0 1 0 1 0 0 0 1 0 1 0 0 1 0 1 1 0 1 0 0 0 1 0 1 0 1 1 0 0 0 1 1 1 0 1 0 1 0 1 1 0 0 1 1 0 0 1 0 1 0 0 1 1 0 1 0 1 0 1 0 0 0 0 0 0 0 0 0 1 1
0 0 0 1 1 1 0 1 0 0 0 1 0 1 0 0 1 1 0 1 0 0 0 0 1 0 1 0 1 1 0 1 1 0 1 0 1 0 1 1 1 0 1 0 0 1 0 0 1 1 1 1 1 0 1 0 1 1 1 0 1 0 0 1 1 0 1 1 0 1 1 0 1 1 1 0 0 0 1 1 0 0 1 0 0 0 0 1 1 1 1 1 0 1 1 1 1 0 0 1 0 0 0 1 1 0 1 1 0 1 0 0 0 0 0 0 1 1 0 1 0 1 1 1 0 0 0 0 0 0 1 1 0 0 0 1 0 1 0 1 0 0 1 0 1
0 1 0 0 1 1 0 0 1 0 1 0 1 1 1 0 1 0 1 1 0 0 1 0 0 0 1 0 1 0 1 1 0 1 0 0 0 1 1 1 0 1 1 0 1 1 0 0 1 0 1 1 1 0 0 1 0 1 0 0 0 0 1 0 0 0 0 0 1 0 1 1 0 1 0 1 0 1 1 1 0 0 1 1 1 0 1 0 0 1 1 0 0 0 0 0 1 1 0 1 1 1 1 1 0 0 0 1 1 1 1 0 1 0 0 1 1 1 0 0 0 1 0 0 0 0 0 1 0 1 1 0 1 0 1 1 1 0 1 0 0 1 1 0 1
0 1 1 1 1 0 1 1 0 0 0 1 0 0 1 1 1 1 0 0 0 1 0 0 1 0 1 1 0 1 0 0 0 1 0 0 1 1 1 0 1 1 1 1 1 1 1 0 0 1 0 0 0 1 1 0 0 0 1 1 0 0 1 1 1 0 1 0 1 0 0 1 1 1 1 1 0 1 1 0 0 0 1 1 0 0 1 1 1 0 0 1 1 0 0 0 0 1 0 0 0 0 1 0 1 0 1 1 1 0 1 0 1 1 0 1 0 1 0 0 0 0 0 1 0 0 0 0 0 0 0 1 1 0 1 0 1 1 1 0 0 1 0 1 1
1 0 1 0 1 0 1 0 1 1 1 1 1 0 0 1 1 0 1 0 1 1 1 0 1 1 1 1 1 1 1 0 0 0 0 0 1 0 1 0 1 0 1 1 0 1 1 0 1 1 0 0 1 1 0 1 0 1 1 1 0 1 0 0 0 0 1 0 0 0 1 0 0 1 0 0 0 0 1 1 1 1 1 0 1 1 0 0 1 0 0 1 1 0 0 0 0 0 0 1 1 1 0 1 1 0 0 1 0 0 0 0 0 1 0 0 1 1 0 0 1 0 0 0 1 1 0 1 1 1 1 0 0 0 0 1 0 1 0 0 1 0 1 1 1
0 0 1 0 0 1 1 0 0 0 0 1 0 1 1 1 0 0 0 1 0 1 0 1 1 0 0 1 1 1 0 1 0 1 0 1 1 0 0 1 1 1 0 1 0 0 1 1 1 1 1 1 1 1 0 0 0 1 1 1 0 0 0 0 0 1 1 0 0 0 1 0 0 0 0 0 1 1 0 1 0 0 0 1 0 0 1 0 1 1 1 1 1 0 0 0 1 0 1 1 0 0 1 1 1 1 0 0 0 1 1 1 0 1 1 1 1 0 1 0 0 1 0 0 0 0 1 0 0 0 1 0 1 1 1 1 0 1 1 0 0 0 1 1 0
1 1 1 1 0 1 1 1 0 1 0 0 0 1 0 1 0 1 0 1 1 1 0 0 0 1 0 1 1 0 0 1 0 0 0 0 0 1 0 1 0 0 0 1 1 0 1 0 1 0 1 1 1 1 1 0 0 1 0 1 0 1 1 1 1 0 0 0 1 0 1 1 1 0 1 1 0 0 0 1 1 1 0 0 0 1 0 1 0 1 1 0 1 0 0 0 1 1 0 1 0 0 0 1 0 0 1 0 1 1 0 0 1 1 0 0 1 0 0 0 1 1 0 1 1 1 0 0 1 0 1 1 0 0 0 1 1 0 0 0 1 1 1 1 0
0 1 1 0 0 0 1 0 1 1 1 0 1 0 1 1 0 0 1 0 1 1 1 1 0 1 0 1 0 0 1 0 0 1 0 1 0 1 0 0 0 1 0 1 1 0 1 1 0 0 0 0 0 1 0 1 0 0 0 1 0 1 1 0 0 1 0 0 1 0 0 1 0 0 0 1 1 1 0 0 1 1 0 1 1 1 1 0 0 0 0 0 1 0 0 0 0 1 1 0 1 1 1 0 0 1 0 0 1 0 1 1 1 1 1 1 0 0 1 0 1 0 0 0 1 1 1 1 1 1 0 0 1 1 1 0 1 0 1 0 1 1 0 1 0
0 1 1 1 1 1 1 1 1 1 1 1 1 1 1 1 1 1 1 1 1 1 1 1 1 1 1 1 1 1 1 1 1 1 1 1 1 1 1 1 1 1 1 1 1 1 1 1 1 1 1 1 1 1 1 1 1 1 1 1 1 1 1 1 1 1 1 1 1 1 1 1 1 1 1 1 1 1 1 1 1 1 1 1 1 1 1 1 1 1 1 1 1 1 1 1 1 1 1 1 1 1 1 1 1 1 1 1 1 1 1 1 1 1 1 1 1 1 1 1 1 1 1 1 1 1 1 1 1 1 1 1 1 1 1 1 1 1 1 1 1 1 1 1 1
0 0 0 0 0 0 0 0 0 0 0 0 0 0 0 0 0 0 0 0 0 0 0 0 0 0 0 0 0 0 0 0 0 0 0 0 0 0 0 0 0 0 0 0 0 0 0 0 0 0 0 0 0 0 0 0 0 0 0 0 0 0 0 0 0 0 0 0 0 0 0 0 0 0 0 0 0 0 0 0 0 0 0 0 0 0 0 0 0 0 0 0 0 0 0 0 0 0 0 0 0 0 0 0 0 0 0 0 0 0 0 0 0 0 0 0 0 0 0 0 0 0 0 0 0 0 0 0 0 0 0 0 0 0 0 0 0 0 0 0 0 0 0 0 0
1 1 1 0 1 1 0 1 0 0 1 0 0 1 0 0 1 1 1 0 0 1 1 0 0 1 1 0 0 1 0 0 1 0 1 1 0 1 1 0 0 0 0 0 0 1 0 1 1 1 1 0 0 1 1 1 1 1 0 1 0 1 1 0 0 0 1 0 0 1 0 1 1 0 0 0 0 1 0 0 1 1 1 0 1 1 1 1 0 0 1 1 1 0 1 0 0 0 1 0 1 0 0 1 1 0 0 0 1 1 1 0 0 0 1 0 1 0 0 0 0 1 0 0 0 0 1 0 0 0 1 1 1 1 1 0 1 1 1 1 1 0 1 1 0
1 1 1 1 0 1 1 1 1 0 0 0 1 1 1 1 0 0 0 1 0 0 1 1 1 1 1 0 1 0 1 1 0 0 0 1 1 1 1 1 0 0 1 1 1 1 0 0 0 0 0 0 1 0 1 1 0 1 1 1 1 1 0 0 0 1 0 0 0 0 1 1 0 1 1 1 0 1 1 0 0 1 1 1 1 1 1 1 0 1 1 1 0 0 1 1 0 0 1 1 1 1 1 1 0 0 0 0 1 0 0 0 1 0 1 0 1 0 0 1 1 1 1 0 0 0 1 1 1 0 0 1 1 0 1 0 0 1 0 0 1 0 0 0 1
0 1 1 1 1 1 0 0 0 0 0 1 0 0 1 1 1 1 0 1 0 0 0 1 0 1 1 0 0 0 1 1 0 1 1 1 1 0 0 1 0 1 0 1 0 0 0 0 0 0 0 1 0 1 1 0 1 0 0 0 0 1 0 1 1 0 0 1 0 1 0 0 1 0 1 1 1 0 0 0 0 1 0 0 1 0 1 0 1 1 0 1 1 0 0 0 1 1 1 1 1 0 0 1 1 1 1 0 1 1 1 0 1 1 0 0 1 1 1 1 1 0 0 0 0 0 0 1 0 1 0 0 0 0 1 0 0 0 0 0 1 1 1 0 0
1 0 1 0 0 0 0 1 1 0 1 0 1 1 1 0 0 0 1 1 1 1 0 1 1 1 1 0 0 1 0 1 1 1 1 0 0 1 1 0 0 0 0 1 0 1 1 1 1 1 0 1 0 1 0 0 0 1 1 0 0 0 1 1 0 1 1 1 0 1 1 0 0 1 0 0 0 0 1 1 0 1 1 0 0 0 0 0 1 0 0 0 1 1 1 1 1 0 0 0 0 0 0 0 0 0 1 1 0 0 0 1 1 1 0 0 0 1 0 0 0 1 1 1 0 1 1 1 1 1 0 0 1 0 0 0 1 1 1 0 0 1 1 0 0
0 1 0 0 0 0 1 0 0 1 0 1 0 1 0 0 0 0 1 0 1 1 1 0 1 0 1 1 1 0 0 0 1 1 0 1 0 1 1 0 1 1 0 1 1 1 1 1 1 1 1 0 0 0 0 1 1 1 1 1 1 1 1 0 0 1 0 0 1 1 0 1 0 1 0 0 0 1 0 0 1 0 1 1 1 1 0 1 1 0 1 1 0 0 1 0 0 1 0 1 0 0 0 1 1 0 0 0 0 0 1 0 0 0 1 1 0 0 0 0 1 0 1 1 1 0 1 1 0 1 1 1 0 1 1 1 0 0 0 1 1 0 0 0 0
1 1 0 0 1 0 0 0 0 1 0 1 0 0 0 0 1 1 1 0 0 1 1 1 0 1 0 1 0 1 0 0 1 0 0 0 0 0 0 0 1 0 0 0 0 1 1 1 1 0 1 0 1 1 1 0 0 0 1 1 1 0 0 1 1 0 1 1 0 0 0 1 1 0 0 0 0 1 0 0 1 1 0 1 0 0 0 1 1 0 0 1 1 1 0 0 0 1 1 0 1 1 0 0 0 0 0 1 1 1 0 0 0 0 0 0 1 0 0 0 0 0 0 0 0 0 1 0 0 0 1 0 1 0 0 0 0 1 0 0 0 0 0 1 0
0 0 0 0 0 0 0 1 1 0 1 1 0 0 1 1 1 0 1 0 1 0 1 0 0 0 0 1 0 0 0 1 1 1 1 0 1 0 1 0 0 0 1 0 1 1 1 1 0 1 1 1 1 0 1 1 0 1 0 0 0 0 1 1 1 1 0 1 0 0 1 1 1 0 0 0 1 1 1 1 0 0 0 0 0 0 0 0 1 1 0 1 0 1 0 1 0 0 1 0 0 1 1 0 0 0 1 0 1 1 0 1 1 1 0 1 0 1 0 0 1 0 1 0 0 1 1 0 0 0 0 1 0 1 0 0 0 1 0 1 1 0 1 0 1
1 0 1 0 0 0 1 1 1 1 1 0 0 1 1 0 1 1 1 1 1 1 1 0 1 0 0 0 0 0 0 0 0 0 1 0 1 0 1 0 0 1 0 0 1 1 1 0 0 1 0 0 0 0 1 0 0 1 1 0 1 0 1 0 1 1 0 1 0 1 1 1 1 0 0 1 0 1 1 1 1 0 0 1 0 1 0 0 0 1 0 1 1 1 0 1 0 1 1 0 0 1 1 0 0 1 1 1 0 1 0 1 1 1 0 0 1 1 0 0 1 1 1 0 0 0 1 0 0 1 0 0 1 0 0 0 0 1 1 0 1 0 0 0 1
C Elapsed Time 7031.690000 
