127 156 2^156 4
0 0 0 1 1 1 1 0 1 0 0 1 0 0 1 1 1 1 1 1 0 1 0 0 0 0 0 1 0 1 0 1 0 0 1 1 0 0 1 1 0 0 0 0 0 1 0 0 1 0 0 1 1 1 1 1 1 0 1 1 1 1 1 1 1 1 0 0 1 1 1 1 1 0 1 1 0 1 0 0 0 1 0 1 1 0 0 0 0 1 0 1 0 0 1 1 1 0 0 0 0 0 1 0 1 0 0 0 1 1 0 1 0 1 0 0 1 0 0 1 1 0 1 1 0 1 0 0 0 1 0 0 0 1 0 0 0 1 1 1 1 0 1 0 1 1 1 0 1 0 0 1 1 0 0 1
1 0 1 0 1 1 1 0 0 1 0 0 1 0 0 0 0 0 1 1 1 1 1 0 1 0 1 0 0 1 1 0 1 0 0 1 0 1 1 0 1 0 0 1 1 1 0 1 1 0 0 0 1 0 1 0 0 1 1 0 0 0 1 1 0 0 0 1 1 0 1 1 0 0 1 1 1 0 0 1 1 1 0 0 1 0 0 1 0 0 0 0 1 0 0 1 1 0 1 0 0 0 1 1 1 1 0 0 1 1 1 0 0 1 0 0 0 0 1 1 1 1 1 1 1 0 1 0 0 0 0 1 0 0 1 1 1 0 1 0 0 0 0 0 1 0 0 1 1 1 1 0 1 1 1 1
1 1 1 0 1 0 0 1 1 0 0 0 1 0 1 1 1 0 0 0 1 0 0 0 1 0 1 1 0 0 0 1 0 0 0 0 0 0 0 0 0 0 1 1 1 0 1 1 1 0 0 0 1 1 1 1 1 0 0 0 1 1 0 1 1 1 0 1 1 1 0 0 1 1 1 1 0 1 1 1 1 0 0 1 0 0 0 1 0 0 0 1 1 1 0 1 0 0 1 0 1 1 0 1 0 1 1 0 0 0 0 1 0 0 0 1 1 1 1 0 1 0 0 0 1 1 1 0 0 1 1 0 0 0 1 1 0 0 1 1 1 0 0 0 0 1 0 1 0 0 1 1 1 1 1 1
0 1 1 0 0 1 1 1 0 0 1 0 1 1 1 1 1 0 1 1 0 1 0 0 0 0 1 0 1 1 0 0 0 0 0 1 1 0 1 0 0 1 1 1 0 1 1 1 0 1 0 0 0 0 0 1 0 0 1 0 0 1 1 0 0 0 1 1 0 1 1 1 1 1 0 0 0 1 1 0 0 1 0 0 1 0 1 1 0 0 0 1 0 1 0 0 1 0 0 1 1 1 1 0 1 0 1 1 1 1 0 1 1 1 0 1 0 1 1 1 0 0 1 1 0 0 1 0 0 1 1 0 1 0 1 1 0 0 0 0 1 1 0 0 1 1 0 1 1 0 0 0 0 0 1 0
1 0 0 1 1 0 0 0 1 1 0 1 0 0 0 0 0 1 0 0 1 0 1 1 1 1 0 1 0 0 1 1 1 1 1 0 0 1 0 1 1 0 0 0 1 0 0 0 1 0 1 1 1 1 1 0 1 1 0 1 1 0 0 1 1 1 0 0 1 0 0 0 0 0 1 1 1 0 0 1 1 0 1 1 0 1 0 0 1 1 1 0 1 0 1 1 0 1 1 0 0 0 0 1 0 1 0 0 0 0 1 0 0 0 1 0 1 0 0 0 1 1 0 0 1 1 0 1 1 0 0 1 0 1 0 0 1 1 1 1 0 0 1 1 0 0 1 0 0 1 1 1 1 1 0 1
0 0 1 1 1 0 0 0 0 1 1 1 1 1 1 1 1 1 0 0 0 0 1 0 0 0 1 0 1 0 1 0 1 0 1 0 1 1 0 1 1 1 0 1 0 0 0 1 1 1 0 1 1 0 1 1 0 1 0 1 0 1 0 1 0 0 1 1 1 1 0 0 1 0 1 1 1 1 0 0 0 0 0 0 0 0 1 1 0 1 0 1 0 0 1 1 0 0 0 1 0 0 0 0 0 0 0 1 0 0 1 1 1 0 0 0 0 0 1 0 1 1 0 0 0 0 1 0 0 1 0 1 1 1 1 1 1 1 1 0 1 1 1 0 0 1 1 1 0 1 0 0 1 0 1 1
1 1 0 1 1 1 1 1 0 0 1 1 0 1 0 0 0 1 1 1 1 0 0 0 1 0 0 0 1 0 0 0 0 0 1 1 1 0 1 1 0 1 1 0 1 0 1 0 1 1 0 1 1 0 1 0 0 0 0 1 0 0 0 1 0 0 1 0 1 0 0 0 0 1 1 1 0 0 1 1 1 1 0 0 0 0 1 0 0 1 0 0 1 1 1 1 1 0 1 1 1 1 0 1 1 1 1 1 0 1 0 0 1 0 0 1 0 1 0 1 1 0 0 1 1 0 0 0 0 0 1 0 1 1 0 0 0 1 1 0 0 1 1 0 1 0 1 0 0 0 1 0 1 1 0 1
1 0 0 0 1 0 0 0 0 0 1 0 0 1 1 1 1 0 0 0 1 1 0 1 1 1 0 0 1 1 0 0 0 1 0 0 1 0 0 0 0 1 0 0 1 1 0 0 1 1 1 0 1 0 1 1 0 0 1 0 0 1 1 1 0 0 1 0 1 1 1 1 1 0 1 1 0 1 0 1 1 0 1 0 1 1 1 0 1 0 1 1 1 0 0 1 0 1 1 1 0 0 1 1 0 1 0 1 1 0 0 1 1 1 1 0 0 0 0 0 1 0 1 0 1 0 0 1 1 1 0 0 1 0 0 0 0 0 1 0 1 1 0 1 0 1 0 0 1 0 1 0 1 1 0 1
0 0 1 0 1 1 1 0 1 0 1 0 1 1 0 0 0 0 1 1 0 0 0 1 0 1 1 1 1 0 0 1 0 1 0 1 1 0 1 0 0 1 0 1 0 0 0 1 1 1 1 0 1 1 1 0 1 0 0 0 1 0 0 1 1 1 1 1 1 0 0 0 0 0 1 1 0 0 0 0 0 1 1 1 0 1 1 1 1 0 1 0 0 0 0 1 1 1 0 1 0 0 0 0 1 0 0 1 0 1 0 0 1 0 1 0 1 0 1 1 1 0 0 1 0 1 1 1 1 0 0 0 1 0 1 1 0 0 1 1 0 1 0 1 1 0 0 1 0 0 0 1 1 0 1 1
0 0 0 1 0 1 1 0 0 1 1 1 0 1 0 0 0 1 1 1 0 1 1 1 0 1 0 0 1 1 1 0 1 1 1 1 1 1 1 1 1 1 0 0 0 1 0 0 0 1 1 1 0 0 0 0 0 1 1 1 0 0 1 0 0 0 1 0 0 0 1 1 0 0 0 0 1 0 0 0 0 1 1 0 1 1 1 0 1 1 1 0 0 0 1 0 1 1 0 1 0 0 1 0 1 0 0 1 1 1 1 0 1 1 1 0 0 0 0 1 0 1 1 1 0 0 0 1 1 0 0 1 1 1 0 0 1 1 0 0 0 1 1 1 1 0 1 0 1 1 0 0 0 0 0 0
1 0 1 1 0 1 1 0 0 0 0 1 1 0 1 1 1 1 1 1 1 0 0 1 1 1 1 0 0 0 0 0 0 1 1 1 0 0 1 1 0 0 0 1 1 0 0 1 0 0 1 1 0 0 0 1 0 0 0 1 0 1 0 0 0 0 0 1 0 1 0 0 1 0 0 0 0 1 0 1 1 1 1 0 0 1 0 1 1 1 1 1 1 0 1 0 1 1 1 0 0 0 0 1 1 1 0 0 0 1 0 1 0 0 1 0 0 0 1 1 0 0 0 1 1 0 1 1 1 1 0 0 0 1 1 1 0 1 0 0 1 0 1 1 1 1 1 1 0 0 1 0 0 1 1 0
1 1 0 1 0 0 0 1 0 1 0 1 0 0 1 1 1 1 0 0 1 1 1 0 1 0 0 0 0 1 1 0 1 0 1 0 0 1 0 1 1 0 1 0 1 1 1 0 0 0 0 1 0 0 0 1 0 1 1 1 0 1 1 0 0 0 0 0 0 1 1 1 1 1 0 0 1 1 1 1 1 0 0 0 1 0 0 0 0 1 0 1 1 1 1 0 0 0 1 0 1 1 1 1 0 1 1 0 1 0 1 1 0 1 0 1 0 1 0 0 0 1 1 0 1 0 0 0 0 1 1 1 0 1 0 0 1 1 0 0 1 0 1 0 0 1 1 0 1 1 1 0 0 1 0 0
0 1 0 0 1 0 0 1 1 1 1 0 0 1 0 0 0 0 0 0 0 1 1 0 0 0 0 1 1 1 1 1 1 0 0 0 1 1 0 0 1 1 1 0 0 1 1 0 1 1 0 0 1 1 1 0 1 1 1 0 1 0 1 1 1 1 1 0 1 0 1 1 0 1 1 1 1 0 1 0 0 0 0 1 1 0 1 0 0 0 0 0 0 1 0 1 0 0 0 1 1 1 1 0 0 0 1 1 1 0 1 0 1 1 0 1 1 1 0 0 1 1 1 0 0 1 0 0 0 0 1 1 1 0 0 0 1 0 1 1 0 1 0 0 0 0 0 0 1 1 0 1 1 0 0 1
0 1 0 0 1 1 1 1 0 1 0 0 0 0 1 1 1 0 1 1 0 0 1 1 0 1 0 0 0 0 1 0 1 1 0 1 0 1 1 0 1 0 1 0 0 0 1 0 1 0 1 0 1 0 1 1 0 1 0 0 0 1 0 1 0 0 0 0 1 1 0 0 1 1 1 1 1 1 1 0 0 1 1 0 0 1 0 0 1 0 1 1 0 1 0 1 1 1 0 0 1 1 0 0 1 0 1 0 0 1 1 1 0 0 1 1 0 1 0 1 1 1 0 1 0 0 0 1 1 1 1 1 0 0 0 0 1 0 1 0 1 0 0 1 1 1 0 0 0 1 0 0 1 0 0 1
0 0 1 0 0 0 0 0 1 1 0 0 1 0 1 1 1 0 0 0 0 1 1 1 0 1 1 1 0 1 1 1 1 1 0 0 0 1 0 0 1 0 0 1 0 1 0 1 0 0 1 0 0 1 0 1 1 1 1 0 1 1 1 0 1 1 0 1 0 1 1 1 1 0 0 0 1 1 0 0 0 0 1 1 1 1 0 1 1 0 1 1 0 0 0 0 0 1 0 0 0 0 1 0 0 0 0 0 1 0 1 1 0 1 1 0 1 0 1 0 0 1 1 0 0 1 1 1 1 1 0 1 0 0 1 1 1 0 0 1 1 0 0 1 0 1 0 1 1 1 0 1 0 0 1 0
0 1 1 1 1 0 0 1 0 0 0 1 1 0 0 0 0 1 0 0 0 1 0 1 0 1 1 0 0 1 0 0 0 1 1 0 0 0 0 1 0 0 1 1 0 1 1 1 1 0 1 1 1 0 1 0 0 0 1 1 0 0 1 1 0 0 0 1 1 0 1 1 0 1 1 1 0 0 1 0 0 0 1 0 1 1 0 1 1 1 1 0 0 1 1 1 0 1 0 0 1 1 1 0 0 0 1 0 1 0 0 0 0 1 1 1 0 1 1 0 1 0 1 0 0 0 1 1 1 0 1 0 0 1 1 1 0 1 1 0 0 0 1 1 0 0 1 1 1 0 0 0 1 0 1 1
1 1 1 0 0 0 0 1 0 1 1 0 1 1 0 0 0 0 0 0 1 0 1 1 1 1 1 0 1 0 1 0 1 1 0 0 1 1 0 0 1 1 1 1 1 0 1 1 0 1 1 0 0 0 0 0 0 1 0 0 0 0 0 0 0 0 1 1 0 0 0 0 0 1 0 0 1 0 1 1 1 0 1 0 0 1 1 1 1 0 1 0 1 1 0 0 0 1 1 1 1 1 0 1 0 1 1 1 0 0 1 0 1 0 1 1 0 1 1 0 0 1 0 0 1 0 1 1 1 0 1 1 1 0 1 1 1 0 0 0 0 1 0 1 0 0 0 1 0 1 1 0 0 1 1 0
1 0 1 1 0 0 0 0 1 0 1 1 1 1 0 0 0 1 0 0 1 1 0 0 1 0 1 1 1 1 0 1 0 0 1 0 1 0 0 1 0 1 0 1 1 1 0 1 0 1 0 1 0 1 0 0 1 0 1 1 1 0 1 0 1 1 1 1 0 0 1 1 0 0 0 0 0 0 0 1 1 0 0 1 1 0 1 1 0 1 0 0 1 0 1 0 0 0 1 1 0 0 1 1 0 1 0 1 1 0 0 0 1 1 0 0 1 0 1 0 0 0 1 0 1 1 1 0 0 0 0 0 1 1 1 1 0 1 0 1 0 1 1 0 0 0 1 1 1 0 1 1 0 1 1 0
0 1 1 1 0 1 1 1 1 1 0 1 1 0 0 0 0 1 1 1 0 0 1 0 0 0 1 1 0 0 1 1 1 0 1 1 0 1 1 1 1 0 1 1 0 0 1 1 0 0 0 1 0 1 0 0 1 1 0 1 1 0 0 0 1 1 0 1 0 0 0 0 0 1 0 0 1 0 1 0 0 1 0 1 0 0 0 1 0 1 0 0 0 1 1 0 1 0 0 0 1 1 0 0 1 0 1 0 0 1 1 0 0 0 0 1 1 1 1 1 0 1 0 1 0 1 1 0 0 0 1 1 0 1 1 1 1 1 0 1 0 0 1 0 1 0 1 1 0 1 0 1 0 0 1 0
0 1 0 1 0 0 0 1 1 0 1 1 0 1 1 1 1 1 0 0 0 0 0 1 0 1 0 1 1 0 0 1 0 1 1 0 1 0 0 1 0 1 1 0 0 0 1 0 0 1 1 1 0 1 0 1 1 0 0 1 1 1 0 0 1 1 1 0 0 1 0 0 1 1 0 0 0 1 1 0 0 0 1 1 0 1 1 0 1 1 1 1 0 1 1 0 0 1 0 1 1 1 0 0 0 0 1 1 0 0 0 1 1 0 1 1 1 1 0 0 0 0 0 0 0 1 0 1 1 1 1 0 1 1 0 0 0 1 0 1 1 1 1 1 0 1 1 0 0 0 0 1 0 0 0 0
1 1 0 0 0 1 1 1 1 0 0 0 0 0 0 0 0 0 1 1 1 1 0 1 1 1 0 1 0 1 0 1 0 1 0 1 0 0 1 0 0 0 1 0 1 1 1 0 0 0 1 0 0 1 0 0 1 0 1 0 1 0 1 0 1 1 0 0 0 0 1 1 0 1 0 0 0 0 1 1 1 1 1 1 1 1 0 0 1 0 1 0 1 1 0 0 1 1 1 0 1 1 1 1 1 1 1 0 1 1 0 0 0 1 1 1 1 1 0 1 0 0 1 1 1 1 0 1 1 0 1 0 0 0 0 0 0 0 0 1 0 0 0 1 1 0 0 0 1 0 1 1 0 1 0 0
1 0 0 0 0 1 1 0 1 1 1 0 0 1 1 1 1 0 1 1 1 0 1 0 1 0 0 1 1 0 1 1 1 0 0 1 1 1 1 0 1 1 0 0 1 0 0 0 0 1 0 0 0 1 0 1 1 1 0 0 1 1 0 0 1 1 1 0 0 1 0 0 1 0 0 0 1 1 0 1 1 1 0 1 0 0 1 0 0 0 0 1 1 0 0 0 1 0 1 1 0 0 0 1 1 1 0 1 0 1 1 1 1 0 0 0 1 0 0 1 0 1 0 1 1 1 0 0 0 1 0 1 1 0 0 0 1 0 0 1 1 1 0 0 1 1 0 0 0 1 1 1 0 1 0 0
1 0 0 0 0 1 0 1 1 1 1 0 1 1 1 0 1 1 1 1 1 0 1 0 1 1 0 0 1 1 0 1 1 0 1 0 0 0 1 0 0 0 1 0 0 0 0 1 1 0 0 1 0 1 1 0 0 0 0 0 1 0 0 0 0 0 0 0 0 0 1 1 1 1 1 1 1 0 1 0 1 0 1 0 1 1 1 0 1 0 1 1 0 0 1 0 0 0 1 1 0 0 0 0 0 1 0 0 1 1 0 1 1 1 1 1 1 1 1 0 0 1 0 1 0 1 1 0 1 0 1 1 1 1 1 0 0 0 1 0 1 0 1 0 1 1 1 1 1 1 1 1 1 0 1 1
0 1 0 1 0 1 0 0 1 1 1 0 0 1 0 0 0 1 0 1 0 1 0 1 1 0 0 1 1 1 0 1 1 0 0 0 0 1 0 1 1 0 1 1 1 0 0 1 0 1 0 1 1 0 1 0 0 0 0 0 0 1 1 1 0 0 1 1 0 1 0 1 1 1 0 1 1 1 0 0 1 1 0 1 1 1 0 1 1 0 0 0 1 1 0 0 1 0 1 0 0 1 0 0 1 0 0 0 0 1 1 1 1 1 1 1 1 0 0 0 1 0 1 0 0 1 1 1 1 0 1 0 0 1 1 0 0 1 0 1 1 1 0 1 1 1 1 0 0 1 1 0 1 1 1 1
0 0 0 0 0 1 0 1 1 1 0 1 0 1 1 1 0 1 0 0 1 0 0 0 1 1 1 1 1 0 0 1 0 1 0 1 1 1 0 0 0 0 1 0 0 0 1 0 0 0 0 1 0 0 1 0 1 1 1 1 0 1 0 1 1 0 1 0 1 0 0 1 1 1 0 0 1 0 0 0 0 0 0 0 1 1 1 1 0 0 0 0 0 0 0 1 0 1 1 0 0 1 1 1 1 0 1 1 0 1 0 1 1 1 1 1 1 0 1 1 0 0 1 1 1 0 1 0 1 1 0 1 0 1 1 1 1 1 1 0 1 0 1 1 1 0 0 0 1 1 1 1 1 1 1 1
1 0 0 0 0 1 0 0 1 1 0 1 1 1 0 0 1 0 1 0 0 0 1 0 0 0 0 1 0 0 0 1 0 0 1 0 0 1 1 1 0 0 0 0 0 0 0 0 1 0 0 1 0 1 0 0 1 0 0 0 1 1 1 1 0 0 1 1 0 1 1 1 1 1 1 0 0 0 1 0 0 0 1 0 1 1 0 1 0 0 1 1 1 1 1 1 1 1 1 1 0 1 1 0 1 1 1 1 1 1 1 0 1 0 1 1 0 1 0 1 1 1 1 0 1 0 0 1 0 1 0 0 1 1 1 1 1 1 0 1 1 1 0 1 0 0 0 1 0 1 1 0 1 1 1 1
0 0 0 0 0 1 0 1 1 0 1 0 0 1 1 1 0 0 1 1 1 0 0 0 0 1 1 1 0 1 0 0 1 1 1 1 1 1 0 1 0 0 0 0 0 0 1 1 1 0 0 0 0 0 0 0 0 1 1 1 1 1 1 1 1 0 1 1 1 1 0 0 0 1 0 1 0 0 0 0 1 0 1 0 1 0 1 1 1 0 0 1 1 1 0 0 1 0 1 0 0 1 0 1 1 1 0 0 1 0 1 0 0 0 1 0 0 1 1 0 1 1 1 1 0 1 0 1 0 0 1 1 1 1 0 0 0 1 1 1 1 1 1 1 0 1 1 1 1 1 0 1 1 1 1 0
1 0 0 0 0 0 0 1 0 0 1 1 1 0 1 0 1 1 0 1 1 0 1 0 1 1 0 1 1 1 0 0 1 0 0 0 0 1 1 1 0 0 1 0 0 0 0 1 0 0 0 0 0 1 1 0 1 0 0 0 0 1 1 1 0 0 1 1 0 1 1 0 0 0 1 1 1 0 1 0 1 0 0 0 0 0 1 1 1 0 1 0 1 1 1 1 1 1 0 1 0 1 1 0 1 0 1 1 0 0 1 1 0 1 0 0 1 0 1 1 1 0 1 1 1 1 1 1 1 1 1 1 0 0 0 1 1 1 1 1 0 1 1 1 1 1 1 0 1 0 0 1 0 1 0 0
0 0 1 0 1 0 1 1 0 1 0 0 0 0 1 0 0 1 1 0 1 0 0 0 1 1 0 1 1 0 1 1 0 0 1 0 0 1 0 1 0 1 1 0 0 1 0 0 1 0 1 1 0 0 1 1 0 0 0 0 1 1 1 1 0 1 1 1 0 1 0 1 1 0 0 0 1 0 0 1 0 0 1 0 0 1 1 1 0 1 0 1 1 1 0 0 1 0 0 0 1 1 0 0 1 1 0 0 1 1 1 1 1 1 0 1 1 1 1 0 1 1 1 1 0 0 1 1 1 0 0 1 1 0 1 0 0 1 1 1 0 1 1 1 1 0 0 1 1 0 1 1 0 1 0 1
0 0 1 0 1 1 1 1 1 1 1 1 0 1 1 0 0 0 0 1 1 0 0 0 0 1 0 0 0 1 1 1 1 0 0 0 0 0 0 1 0 1 0 0 0 1 0 1 0 0 1 1 0 0 0 1 1 0 0 0 0 0 1 0 0 1 0 1 0 1 0 1 1 1 0 1 0 0 0 1 1 0 0 0 1 1 1 0 1 1 0 0 1 1 0 1 1 1 1 0 1 0 1 0 0 0 1 1 0 1 1 0 1 0 1 1 0 0 1 1 1 0 0 1 1 1 0 1 0 1 1 1 0 1 1 1 1 0 1 1 1 1 1 0 0 1 1 0 1 1 1 1 1 0 1 1
0 1 0 1 0 1 0 1 1 0 0 1 0 1 1 0 0 1 1 0 1 1 0 1 1 1 0 0 1 0 0 0 0 0 1 0 0 0 0 1 1 0 1 1 1 0 0 0 1 1 0 0 1 0 1 0 1 0 0 0 1 0 1 0 0 0 0 1 0 1 0 0 0 1 0 0 1 1 0 0 0 1 1 1 1 0 1 0 0 0 0 1 1 1 0 1 1 1 1 0 0 0 1 0 0 1 1 1 1 0 1 1 0 1 1 0 1 1 1 1 1 1 0 1 1 0 1 1 1 1 0 1 1 1 0 1 1 0 1 1 1 1 1 0 1 0 0 1 1 1 0 1 1 0 1 0
0 1 0 1 0 0 0 1 0 1 1 1 0 0 1 0 0 0 1 1 1 1 0 1 0 1 0 1 0 1 0 1 1 0 1 0 0 1 0 0 1 0 0 1 1 0 0 1 1 1 0 1 1 0 0 0 1 0 0 0 1 1 0 1 0 0 1 0 0 0 0 1 1 0 0 1 0 1 0 0 1 1 1 1 0 1 1 1 1 0 0 1 0 0 0 1 0 1 0 0 0 1 1 0 1 1 1 1 1 1 0 0 1 0 0 1 0 1 1 1 0 1 1 1 1 1 0 0 0 1 1 1 1 0 1 1 1 1 1 0 0 0 1 1 0 1 1 1 1 0 1 1 0 1 0 1
0 0 1 0 1 1 1 0 1 0 1 1 0 1 0 0 0 1 1 1 0 0 0 0 1 0 0 1 1 1 1 0 1 0 1 0 0 1 0 0 0 1 1 0 0 1 0 1 1 0 1 0 0 0 1 1 1 0 0 0 1 1 0 1 0 1 1 0 0 0 0 0 0 1 0 1 1 0 0 1 1 0 1 0 1 0 0 1 1 1 0 1 0 0 0 1 0 1 1 0 1 1 1 0 1 1 1 1 1 0 0 1 0 1 1 0 1 1 0 1 0 1 1 0 1 1 1 0 1 1 1 0 1 1 0 1 1 1 0 0 1 0 0 1 1 1 1 1 0 1 0 0 1 1 1 0
0 0 0 0 0 0 0 0 0 1 1 1 0 0 0 1 0 1 1 1 0 0 0 0 1 0 1 0 1 1 0 1 1 1 1 1 1 0 0 1 0 0 1 0 0 0 1 1 1 0 0 1 0 0 1 0 1 1 1 1 1 0 1 0 1 0 0 1 1 1 0 1 1 0 0 1 1 0 0 0 1 0 1 0 0 1 0 0 1 0 0 1 1 1 0 1 1 1 0 0 0 0 1 1 0 1 1 1 1 1 1 1 1 1 0 1 1 1 0 1 1 1 0 0 1 1 1 1 1 1 1 0 1 0 1 1 1 0 0 1 0 1 0 0 1 1 1 1 0 0 1 0 0 0 0 1
1 1 1 1 1 1 1 1 1 0 0 0 1 1 1 0 1 0 0 0 1 1 1 1 0 1 0 1 0 0 1 0 0 0 0 0 0 1 1 0 1 1 0 1 1 1 0 0 0 1 1 0 1 1 0 1 0 0 0 0 0 1 0 1 0 1 1 0 0 0 1 0 0 1 1 0 0 1 1 1 0 1 0 1 1 0 1 1 0 1 1 0 0 0 1 0 0 0 1 1 1 1 0 0 1 0 0 0 0 0 0 0 0 0 1 0 0 0 1 0 0 0 1 1 0 0 0 0 0 0 0 1 0 1 0 0 0 1 1 0 1 0 1 1 0 0 0 0 1 1 0 1 1 1 1 0
0 1 1 1 1 0 1 0 0 0 0 1 0 0 0 1 0 0 0 0 0 1 0 1 0 0 1 1 0 0 1 0 0 1 0 1 1 1 0 1 1 1 0 1 1 1 1 0 0 1 1 0 1 0 0 1 1 1 1 1 0 1 1 1 1 1 1 1 1 1 0 0 0 0 0 0 0 1 0 1 0 1 0 1 0 0 0 1 0 1 0 0 1 1 0 1 1 1 0 0 1 1 1 1 1 0 1 1 0 0 1 0 0 0 0 0 0 0 0 1 1 0 1 0 1 0 0 1 0 1 0 0 0 0 0 1 1 1 0 1 0 1 0 1 0 0 0 0 0 0 0 0 0 1 0 0
1 0 1 0 1 0 1 1 0 0 0 1 1 0 1 1 1 0 1 0 1 0 1 0 0 1 1 0 0 0 1 0 0 1 1 1 1 0 1 0 0 1 0 0 0 1 1 0 1 0 1 0 0 1 0 1 1 1 1 1 1 0 0 0 1 1 0 0 1 0 1 0 0 0 1 0 0 0 1 1 0 0 1 0 0 0 1 0 0 1 1 1 0 0 1 1 0 1 0 1 1 0 1 1 0 1 1 1 1 0 0 0 0 0 0 0 0 1 1 1 0 1 0 1 1 0 0 0 0 1 0 1 1 0 0 1 1 0 1 0 0 0 1 0 0 0 0 1 1 0 0 1 0 0 0 0
1 1 1 1 1 0 1 0 0 0 1 0 1 0 0 0 1 0 1 1 0 1 1 1 0 0 0 0 0 1 1 0 1 0 1 0 0 0 1 1 1 1 0 1 1 1 0 1 1 1 1 0 1 1 0 1 0 0 0 0 1 0 1 0 0 1 0 1 0 1 1 0 0 0 1 1 0 1 1 1 1 1 1 1 0 0 0 0 1 1 1 1 1 1 1 0 1 0 0 1 1 0 0 0 0 1 0 0 1 0 1 0 0 0 0 0 0 1 0 0 1 1 0 0 0 1 0 1 0 0 1 0 1 0 0 0 0 0 0 1 0 1 0 0 0 1 1 1 0 0 0 0 0 0 0 0
0 1 1 1 1 0 1 1 0 0 1 0 0 0 1 1 0 1 0 1 1 1 0 1 1 1 1 0 1 1 1 0 1 1 0 1 1 0 0 0 1 1 1 1 1 1 1 1 0 1 1 0 1 0 1 1 0 1 1 1 0 0 0 0 1 1 0 0 1 0 0 0 0 0 0 1 1 1 0 1 1 1 0 1 0 0 1 0 1 1 0 0 0 0 0 0 0 0 0 0 1 0 0 1 0 0 0 0 0 0 0 1 0 1 0 0 1 0 1 0 0 0 0 1 0 1 1 0 1 0 1 1 0 0 0 0 0 0 1 0 0 0 1 0 1 1 1 0 1 0 0 1 0 0 0 0
1 1 1 1 1 0 1 0 0 1 0 1 1 0 0 0 1 1 0 0 0 1 1 1 1 0 0 0 1 0 1 1 0 0 0 0 0 0 1 0 1 1 1 1 1 1 0 0 0 1 1 1 1 1 1 1 1 0 0 0 0 0 0 0 0 1 0 0 0 0 1 1 1 0 1 0 1 1 1 1 0 1 0 1 0 1 0 0 0 1 1 0 0 0 1 1 0 1 0 1 1 0 1 0 0 0 1 1 0 1 0 1 1 1 0 1 1 0 0 1 0 0 0 0 1 0 1 0 1 1 0 0 0 0 1 1 1 0 0 0 0 0 0 0 1 0 0 0 0 0 1 0 0 0 0 1
0 1 1 1 1 1 1 0 1 1 0 0 0 1 0 1 0 0 1 0 0 1 0 1 0 0 1 0 0 0 1 1 0 1 1 1 1 0 0 0 1 1 0 1 1 1 1 0 1 1 1 1 1 0 0 1 0 1 1 1 1 0 0 0 1 1 0 0 1 0 0 1 1 1 0 0 0 1 0 1 0 1 1 1 1 1 0 0 0 1 0 1 0 0 0 0 0 0 1 0 1 0 0 1 0 1 0 0 1 1 0 0 1 0 1 1 0 1 0 0 0 1 0 0 0 0 0 0 0 0 0 0 1 1 1 0 0 0 0 0 1 0 0 0 0 0 0 1 0 1 1 0 1 0 1 1
1 1 0 1 0 1 0 0 1 0 1 1 1 1 0 1 1 0 0 1 0 1 1 1 0 0 1 0 0 1 0 0 1 1 0 1 1 0 1 0 1 0 0 1 1 0 1 1 0 1 0 0 1 1 0 0 1 1 1 1 0 0 0 0 1 0 0 0 1 0 1 0 0 1 1 1 0 1 1 0 1 1 0 1 1 0 0 0 1 0 1 0 0 0 1 1 0 1 1 1 0 0 1 1 0 0 1 1 0 0 0 0 0 0 1 0 0 0 0 1 0 0 0 0 1 1 0 0 0 1 1 0 0 1 0 1 1 0 0 0 1 0 0 0 0 1 1 0 0 1 0 0 1 0 1 0
1 1 0 1 0 0 0 0 0 0 0 0 1 0 0 1 1 1 1 0 0 1 1 1 1 0 1 1 1 0 0 0 0 1 1 1 1 1 1 0 1 0 1 1 1 0 1 0 1 1 0 0 1 1 1 0 0 1 1 1 1 1 0 1 1 0 1 0 1 0 1 0 0 0 1 0 1 1 1 0 0 1 1 1 0 0 0 1 0 0 1 1 0 0 1 0 0 0 0 1 0 1 0 1 1 1 0 0 1 0 0 1 0 1 0 0 1 1 0 0 0 1 1 0 0 0 1 0 1 0 0 0 1 0 0 0 0 1 0 0 0 0 0 1 1 0 0 1 0 0 0 0 0 1 0 0
1 0 1 0 1 0 1 0 0 1 1 0 1 0 0 1 1 0 0 1 0 0 1 0 0 0 1 1 0 1 1 1 1 1 0 1 1 1 1 0 0 1 0 0 0 1 1 1 0 0 1 1 0 1 0 1 0 1 1 1 0 1 0 1 1 1 1 0 1 0 1 1 1 0 1 1 0 0 1 1 1 0 0 0 0 1 0 1 1 1 1 0 0 0 1 0 0 0 0 1 1 1 0 1 1 0 0 0 0 1 0 0 1 0 0 1 0 0 0 0 0 0 1 0 0 1 0 0 0 0 1 0 0 0 1 0 0 1 0 0 0 0 0 1 0 1 1 0 0 0 1 0 0 1 0 1
1 0 1 0 1 1 1 0 1 0 0 0 1 1 0 1 1 1 0 0 0 0 1 0 1 0 1 0 1 0 1 0 0 1 0 1 1 0 1 1 0 1 1 0 0 1 1 0 0 0 1 0 0 1 1 1 0 1 1 1 0 0 1 0 1 1 0 1 1 1 1 0 0 1 1 0 1 0 1 1 0 0 0 0 1 0 0 0 0 1 1 0 1 1 1 0 1 0 1 1 1 0 0 1 0 0 0 0 0 0 1 1 0 1 1 0 1 0 0 0 1 0 0 0 0 0 1 1 1 0 0 0 0 1 0 0 0 0 0 1 1 1 0 0 1 0 0 0 0 1 0 0 1 0 1 0
1 1 0 1 0 0 0 1 0 1 0 0 1 0 1 1 1 0 0 0 1 1 1 1 0 1 1 0 0 0 0 1 0 1 0 1 1 0 1 1 1 0 0 1 1 0 1 0 0 1 0 1 1 1 0 0 0 1 1 1 0 0 1 0 1 0 0 1 1 1 1 1 1 0 1 0 0 1 1 0 0 1 0 1 0 1 1 0 0 0 1 0 1 1 1 0 1 0 0 1 0 0 0 1 0 0 0 0 0 1 1 0 1 0 0 1 0 0 1 0 1 0 0 1 0 0 0 1 0 0 0 1 0 0 1 0 0 0 1 1 0 1 1 0 0 0 0 0 1 0 1 1 0 0 0 1
1 0 0 0 0 0 0 1 0 0 0 0 1 1 1 0 0 1 0 0 0 0 0 0 0 0 1 1 0 0 1 0 1 0 0 1 0 1 0 0 1 1 0 1 1 1 1 0 1 1 1 1 0 0 1 0 0 0 1 1 0 0 0 0 0 1 1 1 1 1 1 0 1 1 0 1 0 0 1 0 1 1 0 1 0 1 0 0 0 1 1 1 0 1 1 0 1 1 0 0 1 0 1 1 1 1 1 1 1 1 1 1 1 0 1 0 1 0 1 0 0 1 1 1 1 1 0 0 1 1 0 0 1 1 1 0 0 0 1 1 0 0 0 1 1 1 1 0 1 1 0 1 1 1 1 1
0 1 0 1 1 0 1 0 1 1 0 0 1 0 1 0 1 0 0 0 1 0 0 1 1 0 1 0 1 1 0 0 1 0 1 1 0 0 1 0 1 0 0 0 1 1 0 0 0 1 1 0 0 1 0 1 0 1 0 1 0 0 1 1 1 0 1 0 1 1 0 0 1 1 0 0 0 0 1 0 1 0 0 0 0 0 1 1 1 1 1 0 0 0 1 1 0 1 0 0 1 0 1 0 0 1 1 1 1 1 1 1 0 1 0 0 1 1 0 1 0 1 1 1 0 1 0 1 0 0 1 1 1 1 1 1 0 1 1 1 1 1 0 1 1 0 0 1 0 0 1 1 1 1 1 1
0 0 0 0 1 0 0 0 0 0 0 0 1 0 1 0 0 0 1 1 0 0 1 1 1 1 1 0 0 1 0 0 1 1 0 1 1 0 1 1 1 0 1 1 1 0 0 1 1 1 1 0 1 0 0 0 1 0 0 0 1 1 0 0 1 1 1 0 1 0 0 1 1 0 0 0 0 1 1 1 1 0 0 0 1 0 0 0 0 1 0 0 0 1 1 0 0 1 1 1 1 0 1 1 1 1 1 0 1 1 1 1 1 0 0 1 1 1 0 0 1 0 1 1 0 0 1 0 1 1 0 1 1 1 0 1 1 1 0 1 1 1 1 1 0 0 1 0 1 1 0 1 1 0 1 1
1 0 0 1 1 0 0 1 0 0 0 0 1 1 1 0 0 1 0 1 0 0 0 1 1 0 0 1 0 1 1 0 1 1 0 1 0 1 1 0 0 1 0 0 1 0 1 0 0 1 0 1 0 1 1 1 0 1 1 0 1 0 0 1 1 0 0 1 1 0 1 0 1 0 0 1 0 1 0 1 1 1 0 1 1 1 1 0 0 1 0 1 0 0 1 0 1 1 0 1 1 0 0 0 0 0 1 0 1 1 1 0 0 1 1 1 1 1 1 1 1 0 1 0 1 0 1 1 0 0 1 1 1 0 0 1 1 1 0 0 1 1 1 1 0 1 0 1 0 0 1 1 1 0 1 0
0 0 0 1 1 0 0 0 0 0 0 0 1 0 0 0 0 0 1 0 0 0 1 1 1 1 0 0 0 1 0 0 0 0 0 1 1 1 1 1 0 1 1 1 0 1 1 1 1 1 0 1 1 1 1 1 1 1 0 1 0 1 0 1 1 1 0 0 0 1 1 1 1 1 0 0 0 0 0 0 1 0 0 1 0 0 1 0 0 1 1 0 0 1 0 0 1 0 1 0 0 0 0 1 1 0 1 1 1 0 1 0 1 1 1 0 0 1 1 1 0 1 0 0 1 1 0 1 1 1 1 1 0 0 1 1 0 1 1 0 1 1 0 1 1 1 1 1 1 1 1 1 1 1 0 0
1 0 0 1 1 0 0 1 0 0 0 0 0 1 0 0 0 1 0 1 0 0 0 1 1 0 1 1 0 1 1 0 0 1 0 0 0 0 1 0 1 0 0 1 0 1 0 0 1 0 1 0 0 1 0 1 0 1 1 1 1 0 0 1 1 1 1 1 0 1 0 0 0 1 0 1 0 1 1 1 0 1 0 0 1 1 1 0 0 0 1 1 0 1 0 0 0 0 0 1 0 0 1 1 1 1 0 1 0 0 0 1 1 1 0 1 0 1 0 1 1 1 0 1 0 1 1 1 1 1 1 1 0 1 1 1 1 1 1 1 1 1 1 0 1 0 1 1 1 1 1 0 0 1 0 1
0 0 1 1 1 1 0 0 0 0 1 1 0 0 1 1 0 0 0 0 0 1 0 1 1 0 1 0 0 1 0 1 1 0 0 0 0 1 1 0 1 1 0 1 1 0 1 0 1 0 1 1 0 1 1 1 0 1 0 0 0 0 0 1 1 1 1 0 1 0 1 0 0 0 1 0 1 0 1 0 0 0 1 1 0 0 1 0 0 0 0 0 1 1 1 0 1 1 0 0 1 1 1 1 1 1 0 0 0 1 0 1 1 1 1 0 1 1 1 1 0 0 1 1 1 0 0 1 1 1 1 1 1 1 0 1 0 1 0 1 1 1 0 0 0 1 1 1 1 1 1 0 0 0 1 1
0 0 1 1 0 1 0 0 0 0 1 1 1 0 1 1 0 0 0 1 0 1 0 0 0 0 0 0 0 0 0 1 1 1 0 1 0 0 0 0 0 0 0 1 1 1 0 0 1 1 0 0 0 1 0 1 0 1 0 1 1 0 0 1 0 1 0 0 1 1 0 0 1 1 1 0 1 1 0 1 1 0 1 0 1 0 1 0 0 1 1 0 1 1 1 0 0 1 0 1 1 1 0 1 1 0 1 1 1 1 1 0 1 1 0 1 1 0 0 1 1 1 1 0 0 1 1 1 1 1 1 0 1 0 1 0 1 0 1 0 0 0 1 1 1 0 1 1 1 1 1 1 1 1 1 0
0 1 0 1 0 0 1 0 1 1 0 0 1 0 0 0 1 0 0 1 1 0 0 0 0 0 1 0 1 0 0 0 0 1 1 1 0 1 0 0 1 1 0 1 0 0 1 0 1 1 1 1 0 1 1 1 0 1 0 0 1 0 1 1 0 1 1 0 0 0 1 0 1 0 0 0 0 1 1 1 1 0 0 1 1 0 1 1 1 1 0 0 0 1 0 1 1 0 0 1 0 0 1 1 1 1 1 0 1 0 1 1 1 1 1 1 0 0 1 1 1 0 0 1 1 0 1 1 1 1 1 0 0 1 0 0 1 0 0 1 0 0 1 1 0 1 1 1 1 1 1 1 1 0 0 1
0 1 0 0 1 0 1 0 1 1 0 0 0 0 1 0 1 0 0 1 1 0 0 1 1 0 0 0 1 1 0 0 1 1 1 0 0 1 1 0 0 1 0 1 1 1 1 0 1 0 0 1 0 0 1 0 0 0 0 1 1 0 1 0 1 1 0 0 1 1 1 0 0 1 0 0 0 1 0 1 0 0 0 1 1 0 0 1 1 0 1 0 0 1 1 1 1 1 0 1 1 0 0 1 1 0 0 1 0 1 0 0 1 0 1 1 1 1 1 0 1 1 1 0 1 1 1 0 1 1 0 1 1 0 1 1 1 1 1 0 1 1 1 0 1 1 1 0 1 1 0 0 0 1 1 0
0 0 1 0 1 1 0 0 0 0 1 1 1 0 0 1 0 0 0 1 0 1 0 1 1 0 1 0 0 1 0 1 0 1 0 1 0 1 1 0 1 1 0 0 0 1 1 0 0 1 1 1 0 0 1 0 0 0 0 1 1 0 0 0 1 0 1 0 0 1 1 0 1 1 1 0 1 1 1 1 1 0 1 1 1 0 0 0 0 1 1 0 1 0 0 0 1 0 0 1 0 1 1 0 0 1 1 1 1 0 1 1 0 0 1 1 0 1 1 0 1 1 0 1 1 1 1 0 0 0 0 1 0 1 1 1 1 1 1 1 1 1 1 1 1 1 0 0 0 0 0 1 1 1 0 1
0 0 0 1 0 0 0 0 0 0 0 0 0 0 1 0 0 0 1 1 0 0 1 0 0 1 1 0 0 0 0 0 1 1 0 0 1 1 0 1 1 1 1 0 1 1 1 1 0 0 1 1 1 1 1 1 1 1 0 1 1 1 0 1 0 0 1 0 1 1 1 1 0 1 0 0 0 1 1 1 0 0 0 1 1 0 1 0 0 0 1 0 0 0 1 0 1 1 1 1 1 0 1 0 0 1 0 1 0 1 0 1 0 1 1 1 1 0 1 1 1 1 1 1 1 1 1 1 0 0 1 0 1 1 1 0 1 0 1 1 0 0 1 0 1 1 0 1 0 0 1 0 0 1 1 1
1 1 1 0 1 1 1 1 1 1 1 1 1 1 0 1 1 1 0 0 1 1 0 1 1 0 0 1 1 1 1 1 0 0 1 1 0 0 1 0 0 0 0 1 0 0 0 0 1 1 0 0 0 0 0 0 0 0 1 0 0 0 1 0 1 1 0 1 0 0 0 0 1 0 1 1 1 0 0 0 1 1 1 0 0 1 0 1 1 1 0 1 1 1 0 1 0 0 0 0 0 1 0 1 1 0 1 0 1 0 1 0 1 0 0 0 0 1 0 0 0 0 0 0 0 0 0 0 1 1 0 1 0 0 0 1 0 1 0 0 1 1 0 1 0 0 1 0 1 1 0 1 1 0 0 0
0 1 1 1 1 1 1 0 1 1 1 1 0 0 0 1 1 0 1 1 1 1 1 1 1 1 0 0 1 1 0 1 0 1 1 0 1 0 1 1 0 0 1 0 0 0 0 1 0 0 0 0 1 1 0 1 1 1 0 0 1 1 1 1 1 0 0 0 0 0 0 1 0 0 1 0 1 1 0 1 0 0 1 0 1 0 1 1 1 0 0 0 1 0 0 1 0 0 1 1 0 1 0 0 0 0 0 0 0 0 0 0 0 1 0 1 0 1 0 1 1 0 0 0 0 0 1 1 0 0 1 1 0 0 0 1 1 1 0 0 1 1 1 0 0 0 0 1 0 0 1 0 0 0 0 0
1 0 1 0 0 1 0 1 0 0 1 1 0 1 0 1 0 1 1 1 0 1 1 0 0 1 0 1 0 0 1 1 0 1 0 0 1 1 0 1 0 1 1 1 0 0 1 1 1 0 0 1 1 0 1 0 1 0 1 0 1 1 0 0 0 1 0 1 0 0 1 1 0 0 1 1 1 1 0 1 0 1 1 1 1 1 0 0 0 0 0 1 1 1 0 0 1 0 1 1 0 1 0 1 1 0 0 0 0 0 0 0 1 0 1 1 0 0 1 0 1 0 0 0 1 0 1 0 1 1 0 0 0 0 0 0 1 0 0 0 0 0 1 0 0 1 1 0 1 1 0 0 0 0 0 0
1 1 1 1 0 1 1 1 1 1 1 1 0 1 0 1 1 1 0 0 1 1 0 0 0 0 0 1 1 0 1 1 0 0 1 0 0 1 0 0 0 1 0 0 0 1 1 0 0 0 0 1 0 1 1 1 0 1 1 1 0 0 1 1 0 0 0 1 0 1 1 0 0 1 1 1 1 0 0 0 0 1 1 1 0 1 1 1 1 0 1 1 1 0 0 1 1 0 0 0 0 1 0 0 0 0 0 1 0 0 0 0 0 1 1 0 0 0 1 1 0 1 0 0 1 1 0 1 0 0 1 0 0 0 1 0 0 0 1 0 0 0 0 0 1 1 0 1 0 0 1 0 0 1 0 0
0 1 1 0 0 1 1 0 1 1 1 1 0 0 0 1 1 0 1 0 1 1 1 0 0 1 1 0 1 0 0 1 0 0 1 0 1 0 0 1 1 0 1 1 0 1 0 1 1 0 1 0 1 0 0 0 1 0 0 1 0 1 1 0 0 1 1 0 0 1 0 1 0 1 1 0 1 0 1 0 0 0 1 0 0 0 0 1 1 0 1 0 1 1 0 1 0 0 1 0 0 1 1 1 1 1 0 1 0 0 0 1 1 0 0 0 0 0 0 0 0 1 0 1 0 1 0 0 1 1 0 0 0 1 1 0 0 0 1 1 0 0 0 0 1 0 1 0 1 1 0 0 0 1 0 1
1 1 1 0 0 1 1 1 1 1 1 1 0 1 1 1 1 1 0 1 1 1 0 0 0 0 1 1 1 0 1 1 1 1 1 0 0 0 0 0 1 0 0 0 1 0 0 0 0 0 1 0 0 0 0 0 0 0 1 0 1 0 1 0 0 0 1 1 1 0 0 0 0 0 1 1 1 1 1 1 0 1 1 0 1 1 0 1 1 0 0 1 1 0 1 1 0 1 0 1 1 1 1 0 0 1 0 0 0 1 0 1 0 0 0 1 1 0 0 0 1 0 1 1 0 0 1 0 0 0 0 0 1 1 0 0 1 0 0 1 0 0 1 0 0 0 0 0 0 0 0 0 0 0 1 1
0 1 1 0 0 1 1 0 1 1 1 1 1 0 1 1 1 0 1 0 1 1 1 0 0 1 0 0 1 0 0 1 1 0 1 1 1 1 0 1 0 1 1 0 1 0 1 1 0 1 0 1 1 0 1 0 1 0 0 0 0 1 1 0 0 0 0 0 1 0 1 1 1 0 1 0 1 0 0 0 1 0 1 1 0 0 0 1 1 1 0 0 1 0 1 1 1 1 1 0 1 1 0 0 0 0 1 0 1 1 1 0 0 0 1 0 1 0 1 0 0 0 1 0 1 0 0 0 0 0 0 0 1 0 0 0 0 0 0 0 0 0 0 1 0 1 0 0 0 0 0 1 1 0 1 0
1 1 0 0 0 0 1 1 1 1 0 0 1 1 0 0 1 1 1 1 1 0 1 0 0 1 0 1 1 0 1 0 0 1 1 1 1 0 0 1 0 0 1 0 0 1 0 1 0 1 0 0 1 0 0 0 1 0 1 1 1 1 1 0 0 0 0 1 0 1 0 1 1 1 0 1 0 1 0 1 1 1 0 0 1 1 0 1 1 1 1 1 0 0 0 1 0 0 1 1 0 0 0 0 0 0 1 1 1 0 1 0 0 0 0 1 0 0 0 0 1 1 0 0 0 1 1 0 0 0 0 0 0 0 1 0 1 0 1 0 0 0 1 1 1 0 0 0 0 0 0 1 1 1 0 0
1 1 0 0 1 0 1 1 1 1 0 0 0 1 0 0 1 1 1 0 1 0 1 1 1 1 1 1 1 1 1 0 0 0 1 0 1 1 1 1 1 1 1 0 0 0 1 1 0 0 1 1 1 0 1 0 1 0 1 0 0 1 1 0 1 0 1 1 0 0 1 1 0 0 0 1 0 0 1 0 0 1 0 1 0 1 0 1 1 0 0 1 0 0 0 1 1 0 1 0 0 0 1 0 0 1 0 0 0 0 0 1 0 0 1 0 0 1 1 0 0 0 0 1 1 0 0 0 0 0 0 1 0 1 0 1 0 1 0 1 1 1 0 0 0 1 0 0 0 0 0 0 0 0 0 1
1 0 1 0 1 1 0 1 0 0 1 1 0 1 1 1 0 1 1 0 0 1 1 1 1 1 0 1 0 1 1 1 1 0 0 0 1 0 1 1 0 0 1 0 1 1 0 1 0 0 0 0 1 0 0 0 1 0 1 1 0 1 0 0 1 0 0 1 1 1 0 1 0 1 1 1 1 0 0 0 0 1 1 0 0 1 0 0 0 0 1 1 1 0 1 0 0 1 1 0 1 1 0 0 0 0 0 1 0 1 0 0 0 0 0 0 1 1 0 0 0 1 1 0 0 1 0 0 0 0 0 1 1 0 1 1 0 1 1 0 1 1 0 0 1 0 0 0 0 0 0 0 0 1 1 0
1 0 1 1 0 1 0 1 0 0 1 1 1 1 0 1 0 1 1 0 0 1 1 0 0 1 1 1 0 0 1 1 0 0 0 1 1 0 0 1 1 0 1 0 0 0 0 1 0 1 1 0 1 1 0 1 1 1 1 0 0 1 0 1 0 0 1 1 0 0 0 1 1 0 1 1 1 0 1 0 1 1 1 0 0 1 1 0 0 1 0 1 1 0 0 0 0 0 1 0 0 1 1 0 0 1 1 0 1 0 1 1 0 1 0 0 0 0 0 1 0 0 0 1 0 0 0 1 0 0 1 0 0 1 0 0 0 0 0 1 0 0 0 1 0 0 0 1 0 0 1 1 1 0 0 1
1 1 0 1 0 0 1 1 1 1 0 0 0 1 1 0 1 1 1 0 1 0 1 0 0 1 0 1 1 0 1 0 1 0 1 0 1 0 0 1 0 0 1 1 1 0 0 1 1 0 0 0 1 1 0 1 1 1 1 0 0 1 1 1 0 1 0 1 1 0 0 1 0 0 0 1 0 0 0 0 0 1 0 0 0 1 1 1 1 0 0 1 0 1 1 1 0 1 1 0 1 0 0 1 1 0 0 0 0 1 0 0 1 1 0 0 1 0 0 1 0 0 1 0 0 0 0 1 1 1 1 0 1 0 0 0 0 0 0 0 0 0 0 0 0 0 1 1 1 1 1 0 0 0 1 0
1 0 0 1 0 0 1 1 0 1 1 1 0 0 0 1 1 0 0 0 0 1 1 0 0 1 0 1 0 1 1 0 0 1 1 1 0 0 1 0 0 0 0 1 0 0 1 0 0 1 0 0 1 0 1 1 0 0 0 0 1 1 0 0 1 1 1 1 1 0 1 1 0 1 0 0 0 1 0 0 0 1 0 0 0 0 0 0 1 1 1 1 1 0 0 1 0 0 1 1 1 1 0 0 0 1 1 1 0 1 1 1 1 1 1 0 1 0 1 1 1 1 1 0 1 1 1 0 1 0 1 1 0 1 0 1 0 0 0 1 0 1 1 1 1 0 1 1 1 1 1 0 1 1 1 1
0 1 0 0 1 1 0 0 0 0 0 0 0 0 0 0 1 1 1 0 0 1 0 0 0 0 1 1 0 0 1 1 0 1 1 0 0 1 1 0 0 1 0 0 0 0 1 1 0 1 0 0 0 0 0 0 1 1 0 0 0 1 1 0 1 0 0 1 0 1 1 1 0 0 0 1 1 1 1 1 1 1 0 1 1 1 1 1 0 1 1 0 1 0 1 1 0 1 1 0 1 1 0 1 0 1 0 1 1 1 0 1 1 1 0 1 1 0 1 1 1 1 0 1 1 1 0 1 1 1 1 1 1 0 0 0 0 1 1 0 1 1 1 1 0 0 1 1 0 1 0 0 1 0 1 1
0 0 0 1 0 1 1 0 1 0 1 0 1 0 1 0 1 0 0 1 0 1 1 0 1 0 0 1 1 0 1 0 0 0 0 0 1 0 0 1 1 0 0 0 1 1 1 1 0 0 1 1 0 0 0 0 0 1 1 0 0 0 1 1 1 0 0 0 1 0 1 1 0 0 1 0 0 1 1 1 0 1 1 1 0 1 0 0 0 1 1 1 1 1 0 1 0 0 1 0 0 1 0 0 1 1 1 1 0 1 0 1 1 0 1 0 1 1 1 1 1 1 0 0 0 0 1 0 1 1 1 1 1 0 1 0 1 1 1 1 0 1 1 1 0 1 1 1 1 0 0 1 1 1 1 0
1 0 0 0 0 1 0 1 0 1 0 1 0 0 0 1 1 0 0 0 0 1 0 0 0 1 0 1 1 1 1 0 0 0 0 1 0 0 0 1 0 1 0 1 1 0 1 1 0 0 1 0 1 0 1 1 1 1 1 0 1 0 1 0 0 1 1 0 0 0 0 1 0 1 1 1 1 1 1 1 0 0 0 1 0 1 0 1 1 1 1 0 0 0 1 0 0 0 1 1 0 1 0 1 1 1 0 1 1 1 1 0 0 0 0 1 1 1 1 1 1 0 1 1 0 0 0 1 1 1 0 1 1 1 1 1 1 1 1 0 1 1 0 0 1 1 1 1 0 0 1 1 1 0 0 0
0 0 0 1 0 1 1 1 1 0 1 0 1 0 1 1 0 0 0 1 0 0 1 0 1 0 0 0 0 0 1 0 0 1 1 0 1 0 1 0 1 1 0 0 0 1 0 1 0 1 0 1 1 0 0 0 1 1 0 0 0 1 1 1 0 1 0 1 1 0 0 1 0 0 0 1 1 1 1 1 0 0 1 1 0 1 0 1 1 0 1 1 0 1 1 0 0 0 0 1 1 1 0 1 0 1 1 0 1 0 1 0 0 1 1 1 1 0 1 1 0 0 1 1 1 1 1 1 0 1 0 0 1 1 0 1 0 1 1 1 1 1 0 0 1 0 1 0 1 1 1 0 1 1 0 1
1 0 0 1 0 1 1 0 0 1 1 1 0 0 0 0 0 0 0 0 0 0 1 0 0 1 0 0 1 1 0 0 0 1 1 1 0 0 1 1 0 1 0 1 1 0 0 1 0 1 1 0 0 0 1 1 1 1 1 0 1 1 1 0 1 0 1 1 1 0 1 0 0 1 1 1 1 0 1 1 0 1 0 1 0 1 0 1 0 0 0 1 1 0 1 1 0 0 0 0 1 0 0 1 1 0 1 0 1 0 0 1 1 1 1 1 0 1 0 0 0 1 0 1 1 1 1 1 0 1 1 0 1 0 1 0 1 1 1 1 1 0 1 1 0 1 0 0 1 1 0 1 0 1 1 1
0 0 1 1 0 1 1 1 0 0 1 0 0 1 0 1 1 0 0 0 1 1 1 1 0 0 0 1 0 0 0 0 1 0 0 0 0 0 0 0 0 1 1 0 0 0 1 1 1 0 0 0 1 1 0 0 1 1 0 1 0 0 1 0 1 1 0 0 1 0 1 0 1 0 0 1 1 0 1 1 0 1 0 1 0 1 0 1 1 1 0 1 1 0 1 1 1 0 1 1 0 0 1 1 0 0 1 1 1 1 1 1 1 0 1 1 0 0 0 0 1 1 1 1 0 0 1 1 1 1 1 1 1 1 0 1 0 1 1 1 1 0 1 1 1 0 0 1 1 0 1 0 0 1 1 0
0 0 1 1 0 0 1 0 0 0 1 0 0 1 0 0 1 0 0 0 1 1 1 1 0 0 0 1 1 0 1 0 1 1 1 0 0 0 1 1 0 1 1 0 1 0 1 0 1 1 1 0 0 1 0 0 1 0 1 1 0 1 0 0 0 0 0 1 1 0 0 1 1 0 1 1 1 1 0 0 0 0 0 0 0 0 0 1 0 1 1 1 0 0 1 0 1 0 1 0 1 1 1 1 1 1 1 1 1 1 0 0 0 1 1 1 1 1 1 1 1 0 0 1 1 1 1 1 1 0 0 1 0 0 1 0 1 0 0 1 1 1 0 0 0 1 1 1 1 1 0 1 1 1 0 1
0 1 0 1 1 0 1 1 0 0 1 0 0 0 0 1 0 1 1 0 0 0 1 0 0 0 1 0 1 0 1 1 0 0 0 0 0 1 0 1 0 1 0 0 1 0 0 0 0 0 1 0 1 0 0 0 1 0 1 0 0 0 0 0 1 1 0 0 1 1 1 1 0 0 1 1 1 1 0 0 1 1 0 0 1 0 1 1 1 0 1 1 1 0 1 1 0 1 0 1 0 1 0 1 1 1 1 0 1 0 1 1 1 0 1 1 1 1 1 1 0 1 1 1 0 0 1 1 0 0 1 0 0 1 1 1 1 0 0 1 1 1 1 1 1 1 1 0 1 0 1 1 1 1 1 0
0 1 0 1 1 1 1 1 0 0 1 0 0 0 0 1 1 1 1 0 0 1 1 0 0 0 1 1 1 0 0 1 0 1 1 0 0 1 1 1 0 0 0 0 1 0 1 1 0 1 1 0 1 0 0 0 0 1 1 0 0 1 1 0 0 1 0 1 1 1 0 0 0 0 1 0 0 0 1 1 1 0 0 1 1 1 1 0 1 1 0 1 0 0 0 0 0 1 1 1 1 0 0 0 1 0 1 1 0 1 1 0 0 1 1 0 0 1 0 0 1 0 1 0 1 1 1 0 1 1 0 1 1 1 1 1 1 1 1 1 0 0 0 0 1 1 0 1 1 1 1 1 0 1 0 1
0 0 1 0 0 1 0 1 0 0 0 0 0 1 0 1 0 0 0 0 1 0 0 1 0 0 0 0 1 0 1 0 1 1 1 0 0 0 1 1 0 0 1 0 1 0 0 1 1 1 1 0 1 1 0 0 0 1 1 1 0 1 1 0 1 1 0 1 0 0 1 1 1 0 1 0 0 1 1 1 0 1 0 1 0 1 0 0 1 0 1 0 1 0 0 1 1 0 0 1 1 1 1 0 1 1 0 0 0 0 1 1 1 1 0 0 1 1 1 1 0 1 1 0 1 1 0 0 0 1 1 0 1 1 1 1 1 1 1 0 0 1 1 1 1 1 1 0 0 1 1 1 1 0 1 1
0 0 0 0 0 0 0 1 1 0 0 0 1 0 1 1 1 0 0 1 0 1 0 0 1 0 0 1 1 0 0 0 0 1 1 0 1 0 1 1 1 1 0 0 1 1 1 0 0 1 1 1 1 0 0 0 1 0 1 0 0 1 0 1 1 1 0 1 0 0 1 0 0 0 1 1 1 0 0 0 0 1 1 0 0 0 0 1 1 1 0 0 1 1 1 1 0 0 1 1 1 0 0 1 1 0 0 1 1 1 1 1 1 1 0 1 0 1 0 0 1 1 1 1 1 1 0 1 1 0 1 1 0 1 1 1 1 0 0 0 1 0 1 1 1 1 0 1 0 1 1 1 0 0 1 1
1 1 1 1 1 1 1 0 0 1 1 1 0 1 0 0 0 1 1 0 1 0 1 1 0 1 1 0 0 1 1 1 1 0 0 1 0 1 0 0 0 0 1 1 0 0 0 1 1 0 0 0 0 1 1 1 0 1 0 1 1 0 1 0 0 0 1 0 1 1 0 1 1 1 0 0 0 1 1 1 1 0 0 1 1 1 1 0 0 0 1 1 0 0 0 0 1 1 0 0 0 1 1 0 0 1 1 0 0 0 0 0 0 0 1 0 1 0 1 1 0 0 0 0 0 0 1 0 0 1 0 0 1 0 0 0 0 1 1 1 0 1 0 0 0 0 1 0 1 0 0 0 1 1 0 0
0 1 1 0 1 1 0 0 1 0 0 0 1 1 1 0 0 1 1 1 1 0 0 1 1 0 1 0 1 0 0 1 1 0 0 0 1 1 0 1 1 1 1 0 1 1 0 1 1 0 1 1 0 1 0 0 1 1 1 1 0 0 1 1 0 0 0 0 0 1 0 0 1 0 1 1 1 0 1 1 1 0 1 1 1 1 1 1 0 0 0 0 0 1 1 0 1 1 0 0 0 0 1 1 1 0 0 0 1 0 0 0 0 0 0 1 0 1 0 0 0 0 0 1 0 0 0 1 0 1 0 0 1 0 1 0 1 1 1 0 1 0 0 0 0 1 0 0 0 0 0 1 0 0 0 0
1 0 1 1 0 0 1 1 1 1 1 1 1 1 1 1 0 0 0 1 1 0 1 1 1 1 0 0 1 1 0 0 1 0 0 1 1 0 0 1 1 0 1 1 1 1 0 0 1 0 1 1 1 1 1 1 0 0 1 1 1 0 0 1 0 1 1 0 1 0 0 0 1 1 1 0 0 0 0 0 0 0 1 0 0 0 0 0 1 0 0 1 0 1 0 0 1 0 0 1 0 0 1 0 1 0 1 0 0 0 1 0 0 0 1 0 0 1 0 0 0 0 1 0 0 0 1 0 0 0 0 0 0 1 1 1 1 0 0 1 0 0 0 0 1 1 0 0 1 0 1 1 0 1 0 0
1 1 1 0 1 0 0 1 0 1 0 1 0 1 0 1 0 1 1 0 1 0 0 1 0 1 1 0 0 1 0 1 1 1 1 1 0 1 1 0 0 1 1 1 0 0 0 0 1 1 0 0 1 1 1 1 1 0 0 1 1 1 0 0 0 1 1 1 0 1 0 0 1 1 0 1 1 0 0 0 1 0 0 0 1 0 1 1 1 0 0 0 0 0 1 0 1 1 0 1 1 0 1 1 0 0 0 0 1 0 1 0 0 1 0 1 0 0 0 0 0 0 1 1 1 1 0 1 0 0 0 0 0 1 0 1 0 0 0 0 1 0 0 0 1 0 0 0 0 1 1 0 0 0 0 1
0 1 1 1 1 0 1 0 1 0 1 0 1 1 1 0 0 1 1 1 1 0 1 1 1 0 1 0 0 0 0 1 1 1 1 0 1 1 1 0 1 0 1 0 0 1 0 0 1 1 0 1 0 1 0 0 0 0 0 1 0 1 0 1 1 0 0 1 1 1 1 0 1 0 0 0 0 0 0 0 1 1 1 0 1 0 1 0 0 0 0 1 1 1 0 1 1 1 0 0 1 0 1 0 0 0 1 0 0 0 0 1 1 1 1 0 0 0 0 0 0 1 0 0 1 1 1 0 0 0 1 0 0 0 0 0 0 0 0 1 0 0 1 1 0 0 0 0 1 1 0 0 0 1 1 1
1 1 1 0 1 0 0 0 0 1 0 1 0 1 0 0 1 1 1 0 1 1 0 1 0 1 1 1 1 1 0 1 1 0 0 1 0 1 0 1 0 0 1 1 1 0 1 0 1 0 1 0 0 1 1 1 0 0 1 1 1 0 0 0 1 0 1 0 0 1 1 0 1 1 1 0 0 0 0 0 1 1 0 0 1 0 1 0 0 1 0 0 1 0 0 1 1 1 1 0 0 0 1 0 1 0 0 1 0 1 0 1 1 0 0 0 0 1 0 0 1 1 0 0 0 0 0 0 1 0 1 1 0 0 1 0 1 0 0 0 0 0 1 1 0 1 0 1 0 0 0 1 0 0 1 0
0 1 1 0 1 0 0 1 1 0 0 0 1 1 1 1 1 1 1 1 1 1 0 1 1 0 1 1 0 0 1 1 1 0 0 0 1 1 0 0 1 0 1 0 0 1 1 0 1 0 0 1 1 1 0 0 0 0 0 1 0 0 0 1 0 1 0 0 0 1 0 1 1 0 0 0 0 1 0 0 1 0 1 0 1 0 1 0 1 1 1 0 0 1 0 0 1 1 1 1 0 1 1 0 0 1 0 1 0 1 1 0 0 0 0 0 1 0 1 1 1 0 1 0 0 0 0 0 1 0 0 1 0 1 0 1 0 0 0 0 0 1 0 0 1 0 1 1 0 0 1 0 1 0 0 0
1 1 0 0 1 0 0 0 1 1 0 1 1 0 1 0 0 1 1 1 0 0 0 0 1 1 1 0 1 1 1 1 0 1 1 1 1 1 1 1 1 0 0 1 1 1 0 0 0 1 1 1 0 0 1 1 0 0 1 0 1 1 0 1 0 0 1 1 0 1 0 1 0 1 1 0 0 1 0 0 1 0 1 0 1 0 1 0 0 0 1 0 0 1 0 0 0 1 0 0 1 1 0 0 1 1 0 0 0 0 0 0 0 1 0 0 1 1 1 1 0 0 0 0 1 1 0 0 0 0 0 0 0 0 1 0 1 0 0 0 0 1 0 0 0 1 1 0 0 1 0 1 1 0 0 1
1 1 0 0 1 1 0 1 1 1 0 1 1 0 1 1 0 1 1 1 0 0 0 0 1 1 1 0 0 1 0 1 0 0 0 1 1 1 0 0 1 0 0 1 0 1 0 1 0 0 0 1 1 0 1 1 0 1 0 0 1 0 1 1 1 1 1 0 0 1 1 0 0 1 0 0 0 0 1 1 1 1 1 1 1 1 1 0 1 0 0 0 1 1 0 1 0 1 0 1 0 0 0 0 0 0 0 0 0 0 1 1 1 0 0 0 0 0 0 0 0 1 1 0 0 0 0 0 0 1 1 0 1 1 0 1 0 1 1 0 0 0 1 1 1 0 0 0 0 0 1 0 0 0 1 0
1 0 1 0 0 1 0 0 1 1 0 1 1 1 1 0 1 0 0 1 1 1 0 1 1 1 0 1 0 1 0 0 1 1 1 1 1 0 1 0 1 0 1 1 0 1 1 1 1 1 0 1 0 1 1 1 0 1 0 1 1 1 1 1 0 0 1 1 0 0 0 0 1 1 0 0 0 0 1 1 0 0 1 1 0 1 0 0 0 1 0 0 0 1 0 0 1 0 1 0 1 0 1 0 0 0 0 1 0 1 0 0 0 1 0 0 0 0 0 0 1 0 0 0 1 1 0 0 1 1 0 1 1 0 0 0 0 1 1 0 0 0 0 0 0 0 0 1 0 1 0 0 0 0 0 1
1 0 1 0 0 0 0 0 1 1 0 1 1 1 1 0 0 0 0 1 1 0 0 1 1 1 0 0 0 1 1 0 1 0 0 1 1 0 0 0 1 1 1 1 0 1 0 0 1 0 0 1 0 1 1 1 1 0 0 1 1 0 0 1 1 0 1 0 0 0 1 1 1 1 0 1 1 1 0 0 0 1 1 0 0 0 0 1 0 0 1 0 1 1 1 1 1 0 0 0 0 1 1 1 0 1 0 0 1 0 0 1 1 0 0 1 1 0 1 1 0 1 0 1 0 0 0 1 0 0 1 0 0 0 0 0 0 0 0 0 1 1 1 1 0 0 1 0 0 0 0 0 1 0 1 0
1 1 0 1 1 0 1 0 1 1 1 1 1 0 1 0 1 1 1 1 0 1 1 0 1 1 1 1 0 1 0 1 0 0 0 1 1 1 0 0 1 1 0 1 0 1 1 0 0 0 0 1 0 0 1 1 1 0 0 0 1 0 0 1 0 0 1 0 1 1 0 0 0 1 0 1 1 0 0 0 1 0 1 0 1 0 1 1 0 1 0 1 0 1 1 0 0 1 1 0 0 0 0 1 0 0 1 1 1 1 0 0 0 0 1 1 0 0 0 0 1 0 0 1 0 0 1 1 1 0 0 1 0 0 0 0 0 0 0 1 1 0 0 0 0 0 0 1 1 0 0 0 0 1 0 0
1 0 0 0 0 0 1 1 1 1 1 1 1 0 1 0 0 1 1 0 1 1 0 1 1 0 0 0 1 1 0 1 0 1 0 0 0 1 1 1 0 1 1 1 0 0 0 1 1 1 1 0 1 1 1 1 0 1 1 1 0 0 0 0 1 1 0 1 1 1 1 1 0 0 0 0 1 1 0 1 0 0 1 0 1 1 0 1 0 1 0 0 0 1 1 0 0 1 1 1 0 1 0 0 1 0 1 0 0 1 1 1 0 0 0 1 0 0 0 1 0 1 0 1 1 1 0 0 0 1 1 1 1 1 0 0 0 0 1 1 0 1 0 1 0 1 0 1 1 0 0 0 1 1 1 1
0 1 0 0 1 1 0 1 0 1 0 1 1 0 1 1 0 1 1 1 1 1 1 1 1 0 0 1 1 1 0 0 1 1 1 0 0 1 0 1 0 1 0 0 1 1 1 1 1 0 0 1 1 1 0 1 1 1 0 0 0 0 0 0 0 1 1 1 1 0 1 1 1 1 1 0 0 0 0 0 0 1 1 0 1 1 1 0 1 1 1 1 0 0 0 0 0 0 0 1 0 1 1 1 1 1 1 0 0 1 0 1 1 1 0 1 0 0 1 0 1 1 0 1 1 1 1 1 0 1 0 0 0 0 0 1 0 1 1 1 0 1 0 0 0 0 0 0 0 1 0 1 1 1 1 0
0 0 0 1 0 0 0 1 0 1 0 1 1 1 1 0 1 1 1 0 1 0 0 1 0 1 1 0 1 1 1 1 0 1 0 0 1 0 1 0 0 1 0 0 0 1 1 1 0 0 1 0 1 1 1 0 1 1 0 1 1 0 0 1 0 1 0 1 1 0 1 0 1 0 1 0 0 1 1 0 1 1 1 1 1 0 1 1 1 1 0 0 1 0 0 1 1 0 1 0 1 1 0 0 1 1 0 0 1 1 1 1 0 0 0 1 0 0 0 0 0 1 1 0 1 0 1 0 1 1 1 0 1 0 1 0 1 1 0 1 1 1 0 0 1 0 1 0 1 1 0 0 1 1 0 0
1 0 0 0 1 0 1 0 1 0 1 1 1 1 1 1 1 1 1 1 1 0 1 1 0 1 1 1 1 1 0 0 0 1 1 0 0 0 0 0 0 1 1 1 1 1 1 0 0 1 0 0 1 0 0 0 1 1 1 0 0 0 0 1 1 1 0 1 0 1 1 1 1 1 1 0 1 0 0 1 0 1 0 1 0 0 1 0 1 0 0 0 1 1 1 0 0 1 0 0 1 1 1 0 0 1 0 0 1 1 0 0 1 0 0 1 0 0 1 1 0 1 0 0 0 0 1 1 0 1 0 1 0 1 0 0 1 1 1 1 0 0 0 1 1 1 1 1 0 1 0 0 1 1 0 1
0 1 0 1 1 0 0 0 1 0 1 1 0 0 1 1 0 0 1 1 0 1 1 1 1 0 0 1 1 0 1 1 0 0 1 0 1 1 1 1 0 0 1 1 1 1 1 0 1 0 1 0 0 0 1 1 1 1 1 1 1 0 0 0 0 1 0 1 0 1 1 0 1 1 1 0 0 1 1 1 1 1 0 0 0 1 1 1 1 0 0 1 0 0 1 1 1 0 1 1 0 0 1 0 0 1 1 0 0 0 1 0 1 0 0 1 0 0 1 1 0 0 1 1 0 1 1 1 1 0 1 1 1 0 1 0 0 1 0 0 1 0 0 1 0 0 0 0 1 1 0 0 1 1 1 1
1 0 0 0 1 0 1 1 0 1 0 0 0 1 0 1 1 0 0 1 0 1 1 0 1 1 1 1 0 0 0 1 0 0 1 0 1 1 1 1 0 0 0 0 1 1 1 1 1 1 1 0 0 1 1 1 1 0 0 1 0 0 0 1 1 0 0 0 1 0 0 1 1 1 1 0 1 1 0 0 0 1 1 1 1 1 1 1 1 1 0 0 1 1 0 0 0 1 1 1 1 0 1 0 1 1 1 0 1 0 1 1 1 0 0 0 0 0 1 0 0 0 0 1 1 1 1 1 0 0 1 0 1 1 0 0 1 1 1 0 0 1 0 0 1 1 1 1 1 1 0 0 0 0 1 0
0 0 1 0 1 0 0 1 1 1 1 0 1 0 0 1 0 1 0 1 1 0 1 0 0 0 0 1 0 1 0 1 0 1 1 1 0 0 1 0 1 1 1 1 1 1 1 1 0 0 1 0 1 1 1 0 1 0 1 1 0 1 1 0 0 0 0 0 1 1 0 0 1 1 1 1 0 1 0 1 0 1 1 0 1 0 1 1 1 1 0 0 0 0 1 0 0 0 1 0 0 1 1 0 1 1 0 1 0 1 1 1 1 0 1 0 1 1 1 1 0 1 0 0 1 0 1 1 0 1 1 1 1 0 0 0 0 1 0 1 0 1 1 1 0 0 0 0 1 1 1 0 0 0 0 1
0 0 1 0 1 0 0 0 0 0 0 1 1 1 1 1 1 1 1 1 1 1 1 1 1 1 1 1 1 1 0 1 0 1 1 1 0 1 1 1 1 1 0 0 1 0 0 0 1 0 1 0 1 0 1 1 0 1 0 1 0 1 1 1 0 1 0 1 0 0 1 0 0 1 0 1 0 1 0 0 0 0 0 1 0 1 0 1 0 0 0 0 1 0 0 0 0 0 1 1 1 1 1 0 0 0 1 1 1 1 1 0 1 0 1 1 1 1 1 0 0 1 0 1 0 1 0 1 0 1 1 0 1 0 0 0 1 0 0 1 0 0 1 0 1 0 1 0 1 0 1 0 1 1 1 0
0 1 0 0 1 1 0 1 1 1 1 1 0 1 1 1 1 0 1 1 0 0 1 1 0 1 1 1 1 0 0 1 1 0 1 0 0 0 1 0 0 0 1 1 1 0 0 1 0 0 1 1 0 1 1 0 0 1 1 1 0 0 0 1 0 1 1 1 1 1 1 0 0 1 0 0 0 1 0 1 0 0 1 1 1 0 0 1 0 1 1 1 1 0 1 0 0 0 1 0 1 0 1 1 1 0 0 0 1 0 1 1 1 1 0 1 0 0 1 1 1 0 0 0 1 0 0 1 0 0 1 1 1 0 0 1 1 0 0 0 0 1 0 1 1 0 1 0 1 0 0 1 1 1 0 1
0 1 0 0 0 1 0 0 1 0 1 0 1 1 0 0 1 1 0 0 1 1 0 0 1 1 1 0 0 1 0 1 1 1 0 0 0 1 1 1 0 1 1 1 0 1 1 0 1 0 1 1 1 0 1 1 1 0 1 1 0 0 0 1 0 0 1 0 0 1 0 0 1 0 1 0 0 1 0 1 0 1 0 1 0 1 1 1 1 0 1 1 1 0 1 0 0 0 1 1 1 1 0 1 0 1 1 0 1 1 1 0 0 1 0 0 0 0 0 1 1 1 0 1 0 1 1 0 0 1 1 1 1 0 0 1 1 1 0 1 0 0 0 1 1 0 1 0 1 1 0 1 0 0 1 1
0 0 1 0 0 0 0 1 1 1 1 1 0 1 1 0 1 0 1 0 0 1 0 1 1 1 1 0 1 0 0 0 0 0 0 1 0 1 0 1 1 0 1 1 0 1 1 1 1 0 0 0 0 1 0 1 1 1 1 0 0 1 1 1 0 1 0 1 1 1 1 0 1 0 1 1 0 0 0 1 0 1 1 1 1 1 1 0 1 1 0 0 1 0 1 0 0 0 0 1 1 0 0 0 1 1 1 1 1 0 0 1 0 0 1 1 1 1 0 1 0 0 0 1 1 1 1 0 0 0 0 1 0 0 0 0 1 1 0 0 0 1 1 1 1 0 1 0 0 1 1 0 1 1 1 1
0 0 0 1 1 0 0 1 1 1 1 0 1 1 0 1 1 1 0 1 1 1 1 0 1 1 1 1 0 1 1 0 0 1 1 0 1 1 0 1 0 1 1 1 1 0 0 1 1 0 0 0 1 1 0 1 0 0 1 0 1 0 0 1 0 0 0 0 1 1 0 0 0 1 0 0 0 0 1 1 1 0 1 1 1 1 0 0 0 1 0 0 1 0 1 1 1 0 0 1 1 1 1 0 1 0 1 0 1 1 0 1 1 0 0 0 0 0 1 1 0 1 1 1 1 1 0 1 1 1 0 1 0 0 1 0 1 0 0 1 1 1 0 1 1 0 1 0 0 0 0 0 0 0 1 1
1 1 1 0 0 1 1 0 0 0 0 1 0 0 1 0 0 0 1 0 0 0 0 1 0 0 0 0 1 0 0 1 1 0 0 1 0 0 1 0 1 0 0 0 0 1 1 0 0 1 1 1 0 0 1 0 1 1 0 1 0 1 1 0 1 1 1 1 0 0 1 1 1 0 1 1 1 1 0 0 0 1 0 0 0 0 1 1 1 0 1 1 0 1 0 0 0 1 1 0 0 0 0 1 0 1 0 1 0 0 1 0 0 1 1 1 1 1 0 0 1 0 0 0 0 0 1 0 0 0 1 0 1 1 0 1 0 1 1 0 0 0 1 0 0 1 0 1 1 1 1 1 1 1 0 0
0 1 1 1 1 1 0 0 0 0 0 0 0 1 0 1 1 0 0 1 0 0 1 0 0 1 1 1 0 0 1 0 1 0 1 1 1 0 0 0 1 0 0 0 1 1 1 0 0 0 0 1 0 0 0 0 1 0 0 0 1 1 1 1 0 0 1 0 0 0 0 0 1 1 1 1 0 0 1 0 1 1 0 1 0 0 1 0 1 0 1 1 1 0 0 1 1 0 0 0 1 0 1 1 0 1 0 1 1 0 0 0 1 1 1 0 1 1 1 0 1 0 1 0 0 0 1 1 1 0 0 0 0 0 1 1 1 1 0 0 1 0 1 0 1 0 1 0 0 1 1 1 0 0 0 0
1 0 1 1 0 0 1 0 1 0 1 0 0 1 0 0 1 0 0 0 0 0 0 0 0 1 1 0 0 0 1 1 0 0 0 1 1 0 1 0 1 0 1 1 0 0 0 0 0 1 1 0 0 0 1 0 0 0 1 1 1 1 1 1 1 0 0 0 0 1 0 1 0 0 0 1 1 1 1 1 1 0 0 1 0 0 0 1 0 0 0 0 1 0 1 1 1 1 1 0 1 0 0 0 0 0 0 1 1 0 1 0 0 0 1 0 1 1 0 1 0 0 1 0 0 0 0 0 1 0 1 1 1 1 1 0 1 0 1 0 1 0 1 1 1 1 1 1 1 0 1 0 0 0 0 1
1 1 1 0 1 1 1 0 1 0 1 0 0 0 0 1 0 0 0 1 0 1 1 0 1 0 0 1 0 0 0 0 1 0 1 1 0 1 0 1 1 0 1 1 1 0 0 0 1 1 0 1 0 0 0 1 0 0 1 0 0 1 1 0 1 0 1 0 0 1 0 1 0 1 0 1 1 0 0 1 0 0 0 0 0 1 0 0 0 0 1 1 0 1 1 0 0 1 0 1 0 0 1 1 0 0 1 1 0 0 0 0 1 1 1 0 1 1 1 1 1 0 0 1 0 1 0 1 0 0 0 1 0 1 0 1 0 0 1 0 0 0 1 1 0 1 0 1 0 0 1 1 0 0 1 1
0 1 1 1 0 1 0 1 0 1 0 0 0 0 0 0 0 0 0 0 0 1 0 0 1 0 0 0 0 0 1 1 1 0 0 1 1 1 1 1 1 0 0 0 0 0 0 1 1 0 1 1 0 1 1 1 0 0 0 1 1 1 1 0 0 0 1 0 1 0 0 0 0 0 0 1 0 1 1 0 1 0 1 0 1 1 0 1 0 1 1 1 0 0 0 1 1 0 1 1 0 0 0 1 1 0 1 1 0 0 1 1 0 1 1 0 1 1 0 0 1 0 1 1 1 1 0 0 1 0 1 0 1 0 1 1 0 0 0 0 1 1 1 0 0 0 0 0 1 0 1 1 0 0 1 0
1 0 1 0 0 1 1 1 0 1 0 0 1 1 0 0 1 1 0 0 1 0 0 0 0 1 1 0 0 1 0 0 1 1 0 1 0 0 0 0 1 1 0 0 0 0 0 1 0 1 0 1 1 1 0 0 0 0 0 0 0 1 1 1 1 0 0 0 1 0 0 1 0 0 0 1 1 0 0 0 0 0 1 1 1 0 0 0 0 1 1 1 1 1 0 0 0 1 0 0 1 1 0 1 1 0 0 1 1 1 0 1 0 0 1 0 1 1 0 0 1 1 0 0 1 0 0 0 0 1 0 0 0 1 0 1 1 0 1 1 0 1 1 0 1 1 1 1 0 0 1 1 0 0 0 0
0 1 1 1 0 1 0 0 1 0 1 1 1 0 1 0 0 1 1 0 1 0 0 1 0 0 0 0 1 1 1 0 1 1 0 1 1 0 0 0 1 1 1 1 0 0 0 0 0 0 0 1 1 0 0 0 0 1 1 0 1 1 1 0 0 1 1 1 0 1 1 0 0 0 0 1 0 0 1 1 1 0 0 0 0 0 0 0 0 0 1 1 0 0 1 1 1 0 0 0 0 1 0 1 0 0 0 1 0 1 0 0 0 1 1 1 1 1 0 1 1 1 1 0 0 0 0 0 1 1 0 1 0 0 1 1 0 0 0 1 1 0 1 1 0 0 0 0 0 0 1 1 1 1 0 1
1 1 0 1 0 1 1 0 0 0 0 1 0 1 1 0 1 0 1 0 0 1 0 1 1 1 1 0 1 0 1 0 1 0 0 0 1 1 0 1 0 0 0 0 0 0 0 0 1 1 0 1 0 0 0 1 0 1 0 0 1 0 0 1 1 1 1 1 0 0 1 1 0 0 0 0 1 0 1 0 1 0 0 1 0 1 0 0 0 0 1 1 1 1 0 1 1 1 0 1 1 0 0 1 0 0 1 0 1 0 0 0 0 1 0 1 0 0 0 0 1 0 1 1 0 1 0 0 1 0 0 0 0 1 1 1 1 0 1 0 1 0 0 0 1 1 1 1 0 0 0 1 1 1 1 0
1 1 0 1 0 1 1 1 1 1 1 0 0 0 0 0 0 0 0 0 0 0 0 0 0 0 0 0 0 0 1 0 1 0 0 0 1 0 0 0 0 0 1 1 0 1 1 1 0 1 0 1 0 1 0 0 1 0 1 0 1 0 0 0 1 0 1 0 1 1 0 1 1 0 1 0 1 0 1 1 1 1 1 0 1 0 1 0 1 1 1 1 0 1 1 1 1 1 0 0 0 0 0 1 1 1 0 0 0 0 0 1 0 1 0 0 0 0 0 1 1 0 1 0 1 0 1 0 1 0 0 1 0 1 1 1 0 1 1 0 1 1 0 1 0 1 0 1 0 1 0 1 0 0 0 1
1 0 1 1 0 0 1 0 0 0 0 0 1 0 0 0 0 1 0 0 1 1 0 0 1 0 0 0 0 1 1 0 0 1 0 1 1 1 0 1 1 1 0 0 0 1 1 0 1 1 0 0 1 0 0 1 1 0 0 0 1 1 1 0 1 0 0 0 0 0 0 1 1 0 1 1 1 0 1 0 1 1 0 0 0 1 1 0 1 0 0 0 0 1 0 1 1 1 0 1 0 1 0 0 0 1 1 1 0 1 0 0 0 0 1 0 1 1 0 0 0 1 1 1 0 1 1 0 1 1 0 0 0 1 1 0 0 1 1 1 1 0 1 0 0 1 0 1 0 1 1 0 0 0 1 0
1 0 1 1 1 0 1 1 0 1 0 1 0 0 1 1 0 0 1 1 0 0 1 1 0 0 0 1 1 0 1 0 0 0 1 1 1 0 0 0 1 0 0 0 1 0 0 1 0 1 0 0 0 1 0 0 0 1 0 0 1 1 1 0 1 1 0 1 1 0 1 1 0 1 0 1 1 0 1 0 1 0 1 0 1 0 0 0 0 1 0 0 0 1 0 1 1 1 0 0 0 0 1 0 1 0 0 1 0 0 0 1 1 0 1 1 1 1 1 0 0 0 1 0 1 0 0 1 1 0 0 0 0 1 1 0 0 0 1 0 1 1 1 0 0 1 0 1 0 0 1 0 1 1 0 0
1 1 0 1 1 1 1 0 0 0 0 0 1 0 0 1 0 1 0 1 1 0 1 0 0 0 0 1 0 1 1 1 1 1 1 0 1 0 1 0 0 1 0 0 1 0 0 0 0 1 1 1 1 0 1 0 0 0 0 1 1 0 0 0 1 0 1 0 0 0 0 1 0 1 0 0 1 1 1 0 1 0 0 0 0 0 0 1 0 0 1 1 0 1 0 1 1 1 1 0 0 1 1 1 0 0 0 0 0 1 1 0 1 1 0 0 0 0 1 0 1 1 1 0 0 0 0 1 1 1 1 0 1 1 1 1 0 0 1 1 1 0 0 0 0 1 0 1 1 0 0 1 0 0 0 0
1 1 1 1 1 1 1 1 1 1 1 1 1 1 1 1 1 1 1 1 1 1 1 1 1 1 1 1 1 1 1 1 1 1 1 1 1 1 1 1 1 1 1 1 1 1 1 1 1 1 1 1 1 1 1 1 1 1 1 1 1 1 1 1 1 1 1 1 1 1 1 1 1 1 1 1 1 1 1 1 1 1 1 1 1 1 1 1 1 1 1 1 1 1 1 1 1 1 1 1 1 1 1 1 1 1 1 1 1 1 1 1 1 1 1 1 1 1 1 1 1 1 1 1 1 1 1 1 1 1 1 1 1 1 1 1 1 1 1 1 1 1 1 1 1 1 1 1 1 1 1 1 1 1 1 1
1 0 1 1 0 1 1 0 1 1 0 0 0 0 1 1 0 1 0 1 0 1 0 1 0 1 1 0 1 1 1 1 0 0 1 1 0 1 1 1 1 0 1 0 1 1 1 0 1 0 0 1 1 1 0 0 1 0 1 0 0 1 0 1 1 0 1 1 0 1 0 0 0 0 1 1 0 1 1 1 1 0 0 0 0 0 1 0 1 0 1 1 1 1 1 0 0 0 1 1 1 1 1 0 0 1 0 1 1 1 0 1 1 1 1 1 1 0 1 0 1 1 0 1 1 1 0 0 0 1 1 0 1 1 1 0 1 0 1 0 1 0 0 0 1 1 0 0 0 0 0 0 1 0 0 0
1 0 0 1 1 1 1 1 0 0 1 1 0 0 1 0 1 1 0 0 1 1 0 0 1 1 0 1 0 1 0 1 1 1 0 1 1 1 0 0 1 1 1 1 0 0 0 1 1 0 1 0 0 1 0 0 0 1 0 0 0 1 1 0 1 1 1 1 0 1 0 1 1 1 1 0 1 1 0 0 0 1 1 0 1 0 1 0 1 0 1 0 0 0 1 1 1 0 0 0 1 0 0 0 1 0 0 0 0 1 0 0 0 1 0 1 0 1 1 0 0 0 1 0 1 0 0 1 0 0 0 0 0 0 0 0 0 0 0 0 1 1 0 0 0 1 0 0 0 0 0 0 0 1 0 0
0 0 0 0 0 0 0 0 0 0 0 0 0 0 0 0 0 0 0 0 0 0 0 0 0 0 0 0 0 0 0 0 0 0 0 0 0 0 0 0 0 0 0 0 0 0 0 0 0 0 0 0 0 0 0 0 0 0 0 0 0 0 0 0 0 0 0 0 0 0 0 0 0 0 0 0 0 0 0 0 0 0 0 0 0 0 0 0 0 0 0 0 0 0 0 0 0 0 0 0 0 0 0 0 0 0 0 0 0 0 0 0 0 0 0 0 0 0 0 0 0 0 0 0 0 0 0 0 0 0 0 0 0 0 0 0 0 0 0 0 0 0 0 0 0 0 0 0 0 0 0 0 0 0 0 0
0 1 0 1 1 0 0 1 1 1 1 0 1 1 1 1 1 1 1 0 0 1 1 1 1 1 0 1 0 0 1 0 1 0 0 1 0 0 0 1 0 1 0 1 1 1 1 0 0 1 1 0 0 0 1 0 1 0 0 1 1 0 1 0 1 0 1 1 1 0 1 0 1 0 0 1 1 0 1 1 0 0 1 0 0 1 1 1 0 0 1 0 0 1 0 1 1 1 0 1 0 1 1 0 0 0 0 1 0 1 0 0 0 1 0 0 1 1 0 0 0 1 1 0 0 1 0 0 0 1 0 1 1 0 1 1 1 1 1 0 1 1 0 0 1 0 0 0 0 0 0 0 0 1 1 0
0 0 1 0 1 0 1 1 1 0 0 1 0 0 0 0 1 0 1 0 1 0 0 0 1 1 0 1 1 1 1 0 0 1 1 0 1 0 1 0 1 0 0 0 1 0 1 1 1 1 0 1 1 1 0 0 0 1 1 1 0 0 1 1 0 0 1 0 0 1 1 0 1 1 1 1 1 1 0 0 1 1 0 0 1 1 0 0 0 1 0 0 1 1 0 0 0 1 0 1 1 1 0 1 1 1 0 0 0 0 0 0 0 1 0 0 1 1 1 1 0 0 0 0 1 1 0 0 0 0 0 0 0 0 1 0 1 0 0 0 0 1 0 0 0 1 0 0 0 1 0 1 1 0 0 1
0 1 1 0 0 1 0 1 0 1 1 1 1 1 0 0 1 0 0 1 0 0 1 1 0 0 1 0 1 0 0 0 1 1 0 0 0 0 1 1 0 0 1 0 1 1 0 0 1 0 0 1 1 0 1 1 1 1 1 0 1 0 0 1 0 1 0 1 1 1 0 1 0 0 0 0 0 0 1 0 1 1 1 1 0 1 1 1 0 1 0 1 1 1 1 1 0 1 1 1 0 0 1 1 1 1 1 1 0 0 0 0 1 1 0 0 1 1 1 0 0 0 0 0 0 0 1 1 0 1 0 0 1 0 1 1 0 1 0 1 1 0 1 1 0 1 0 1 1 1 0 0 0 0 1 1
1 1 0 0 1 0 0 0 0 0 0 1 0 1 1 1 0 0 0 1 1 1 1 0 0 0 1 0 0 0 0 1 0 1 1 0 1 1 0 1 1 1 1 0 0 1 1 1 0 1 0 0 0 1 1 1 0 0 1 1 0 1 0 0 0 1 1 0 1 0 1 0 0 0 0 1 1 1 0 1 1 1 1 1 1 0 0 1 1 0 1 0 1 1 1 0 1 0 1 0 0 1 0 0 0 1 0 1 0 1 1 0 1 1 1 0 1 0 1 1 1 0 1 1 0 0 0 1 1 0 1 1 0 1 1 1 0 0 1 1 1 0 1 0 0 1 1 0 1 1 1 0 1 1 1 0
1 1 0 0 0 1 0 1 1 0 1 0 1 1 1 1 0 0 1 0 1 0 0 1 1 0 0 1 0 1 1 1 0 1 1 0 1 1 1 0 0 0 0 1 1 0 0 0 0 0 1 1 0 0 1 1 0 1 0 1 0 0 0 1 1 0 1 1 0 0 1 1 1 1 1 1 1 0 1 0 0 1 1 1 1 0 1 0 0 1 0 0 0 1 0 0 1 1 1 1 1 1 1 0 1 0 1 1 1 1 0 1 0 1 1 1 0 1 1 0 0 0 0 1 0 0 0 0 0 0 0 1 0 0 1 1 0 1 0 0 1 0 1 1 1 1 1 1 0 0 0 1 1 1 1 1
C Elapsed Time 255256.470000 
