152 200 2^200 4
0 1 0 0 0 1 0 1 1 1 1 1 1 0 1 0 0 0 1 0 1 1 1 1 1 1 0 0 1 1 0 1 1 1 0 0 0 0 0 1 1 0 0 1 1 0 1 0 1 1 1 1 1 0 1 0 0 1 0 0 0 1 0 1 0 0 1 1 0 0 1 0 0 0 1 1 0 0 0 0 1 1 0 0 1 1 0 0 1 1 0 0 1 0 0 1 1 1 0 1 1 1 0 1 0 1 0 1 0 0 0 0 1 0 1 1 1 1 0 0 0 1 0 0 1 1 0 1 0 1 1 0 0 0 1 0 0 0 1 0 1 0 1 1 1 0 1 0 1 0 1 1 1 1 1 0 1 0 0 1 0 0 1 0 0 1 0 0 1 0 0 1 1 0 1 1 1 0 0 1 0 1 1 1 0 1 1 0 0 0 0 1 0 1 0 0 1 1 0 1
1 1 1 1 1 0 1 1 1 1 0 0 1 1 0 1 1 0 1 1 1 0 1 0 0 1 0 1 0 0 1 0 0 0 0 1 0 1 1 0 1 1 0 0 1 1 1 0 0 1 1 0 0 1 0 1 0 1 1 1 1 1 0 1 1 1 0 0 0 1 1 0 0 1 1 1 1 0 0 0 0 1 0 1 1 1 1 0 1 1 1 0 0 0 1 0 1 1 1 0 1 1 0 0 0 0 1 0 0 0 0 0 0 1 0 0 1 0 0 1 1 0 1 1 1 1 0 1 0 1 0 0 1 0 1 1 0 1 1 1 1 1 0 0 0 0 0 0 0 0 0 0 1 0 1 0 1 0 0 0 1 1 0 0 1 1 1 0 1 1 0 0 1 1 1 0 1 0 1 1 1 0 0 1 0 0 1 0 1 1 1 1 1 0 0 0 0 0 0 1
0 1 1 1 1 0 1 1 0 0 0 0 0 1 0 1 1 0 1 1 0 0 0 1 1 0 1 1 1 0 0 1 0 1 1 1 1 1 0 1 1 0 1 1 1 1 0 1 0 1 0 1 1 1 0 1 1 0 1 1 0 0 1 1 1 0 0 0 0 1 1 0 1 0 0 1 0 1 0 0 1 1 1 0 1 1 0 0 0 1 0 1 1 1 0 1 0 1 0 0 0 0 0 1 0 1 0 0 1 0 1 1 0 0 0 0 0 0 0 0 1 1 1 1 1 1 0 1 1 0 0 0 0 0 0 1 0 0 1 1 0 0 1 1 0 0 0 1 1 1 1 1 0 1 1 0 1 0 0 1 1 1 1 1 0 1 1 0 0 1 1 1 0 0 1 1 1 0 1 1 1 1 0 1 0 1 0 1 1 1 0 1 0 0 0 1 0 0 1 1
0 1 0 0 1 1 0 1 1 1 0 1 1 0 1 0 0 0 1 0 1 1 1 0 0 1 1 0 0 0 0 1 0 1 1 1 0 0 0 0 0 1 1 1 0 1 1 0 0 1 1 0 0 1 0 0 0 0 0 1 1 0 1 1 1 1 1 1 1 1 0 0 0 1 0 0 0 1 0 1 1 1 0 1 1 1 1 1 1 0 0 1 0 0 0 0 0 1 1 0 1 1 0 1 1 0 0 0 0 1 1 1 0 0 1 1 1 1 1 0 1 1 0 1 1 0 0 1 1 1 1 1 0 0 1 0 1 1 0 1 0 1 1 1 0 1 0 0 1 0 1 0 1 0 0 0 0 0 1 0 1 1 0 0 1 1 1 0 0 1 1 0 1 1 0 0 0 0 0 1 0 1 0 1 0 1 0 1 0 1 0 0 0 1 0 1 0 0 0 0
1 0 1 1 0 0 0 1 1 0 1 1 0 1 1 0 1 0 1 0 1 1 1 0 1 0 1 1 0 0 0 1 0 1 1 1 0 1 0 1 0 0 0 0 0 1 1 0 1 0 1 0 0 1 0 1 0 1 1 0 0 1 0 0 1 0 0 1 1 1 1 1 1 1 1 1 0 0 1 1 0 1 1 1 0 0 0 0 1 1 1 0 0 0 0 0 1 0 0 1 1 0 0 0 1 1 0 1 0 0 0 0 1 1 0 0 0 0 1 0 1 0 1 1 0 0 1 1 0 0 1 0 0 0 1 0 1 1 0 0 0 1 0 1 1 0 0 1 1 1 0 0 1 0 0 1 0 1 1 1 1 0 0 0 0 0 0 1 0 1 1 1 1 0 1 1 0 0 1 0 1 1 1 1 1 1 0 0 0 1 0 0 0 0 0 1 1 1 1 1
1 1 1 0 0 1 1 0 0 0 0 1 1 1 0 0 0 0 1 1 0 1 1 0 1 1 1 1 0 1 0 1 0 1 0 1 0 0 0 1 1 0 1 0 1 1 1 1 0 0 0 0 1 0 1 0 1 0 1 0 1 0 0 1 1 1 1 0 0 1 0 0 0 0 0 0 1 1 0 1 1 0 1 0 0 0 1 1 0 0 1 1 0 0 1 0 0 0 0 1 1 0 1 0 1 0 0 1 1 0 1 0 0 1 0 1 0 1 0 0 1 0 0 0 0 1 0 0 0 0 0 1 0 0 0 0 0 1 0 1 0 1 1 0 1 0 1 1 0 0 1 0 1 1 0 0 1 0 0 1 1 1 0 1 1 0 0 1 1 0 0 0 0 1 1 1 1 0 1 1 1 0 1 1 1 1 1 0 1 0 1 0 1 1 0 0 1 1 1 0
0 1 0 1 0 1 1 1 1 1 1 0 0 1 1 0 1 0 0 1 1 1 1 1 0 1 1 1 1 1 1 0 0 0 0 1 1 0 1 1 0 0 1 0 1 0 1 0 1 0 0 0 1 0 1 1 0 0 1 0 1 0 1 0 1 1 0 0 0 1 1 0 0 1 1 0 0 1 1 0 1 0 0 1 0 1 1 0 1 1 1 0 1 1 0 0 0 0 1 1 0 1 1 1 0 1 1 1 1 1 0 1 1 0 1 0 0 1 1 0 0 1 1 1 0 1 1 0 0 0 1 0 0 1 1 1 0 1 1 0 0 0 1 0 1 0 0 0 0 0 0 1 0 0 1 1 0 0 0 0 0 0 0 1 1 1 0 0 0 0 1 0 0 1 0 0 0 0 1 0 1 1 1 1 0 1 1 1 0 1 0 1 1 0 0 1 0 1 0 0
0 0 1 0 1 0 0 0 0 0 0 0 1 0 0 0 0 0 0 0 1 0 1 1 0 1 1 1 0 1 1 1 1 1 0 1 1 0 0 1 0 0 0 1 1 0 0 0 1 1 0 0 0 1 0 1 0 1 0 0 1 1 0 0 0 1 0 0 1 1 0 1 0 0 0 0 1 1 1 1 0 0 1 1 0 0 1 0 0 1 0 0 0 1 1 0 1 1 0 0 1 0 1 0 1 0 1 0 0 0 1 0 0 1 0 1 0 0 0 1 1 0 1 0 1 0 0 1 0 1 1 1 0 0 0 0 0 0 1 1 1 0 1 0 0 0 0 0 1 0 1 1 0 1 0 0 1 1 1 0 0 1 0 1 0 1 1 1 1 1 1 1 1 1 1 1 1 0 1 0 1 1 1 1 1 0 0 1 1 0 0 1 0 0 1 1 0 1 0 1
0 1 0 0 1 1 1 0 1 0 0 0 1 0 0 1 0 1 0 1 0 0 1 0 1 0 0 0 0 0 0 0 0 1 0 1 0 1 0 1 0 0 0 1 0 1 1 1 0 0 0 0 0 1 0 0 0 0 1 1 1 0 1 1 1 0 1 0 1 0 0 1 1 0 0 1 0 0 1 1 1 1 0 0 0 0 1 1 0 1 0 1 1 0 0 1 1 1 1 1 1 0 1 1 0 0 1 1 0 1 0 0 1 0 0 0 0 0 0 1 0 1 0 0 0 0 1 0 0 0 1 0 1 0 1 0 1 1 1 1 1 0 0 1 0 1 1 0 1 1 1 0 0 0 1 0 0 1 0 1 1 1 0 1 0 0 1 1 0 0 0 0 0 0 0 0 1 0 0 0 1 1 0 0 0 1 0 1 0 0 1 1 1 0 0 0 0 0 0 1
0 1 0 1 1 1 1 1 1 0 0 0 1 0 1 0 1 1 1 1 1 1 0 0 1 1 1 1 1 1 1 1 1 0 0 1 1 0 0 0 0 1 1 1 1 1 1 1 0 1 1 1 1 0 0 0 1 0 1 1 0 0 0 0 1 0 1 1 1 0 1 1 1 1 0 0 1 1 1 0 0 0 1 1 1 0 1 0 0 1 1 1 1 0 0 0 1 1 0 1 0 1 1 0 1 0 1 1 1 1 0 1 0 1 1 0 1 0 1 0 1 1 1 0 1 0 0 1 0 0 0 1 1 1 0 0 1 0 0 0 1 0 0 1 0 0 0 1 1 0 0 1 1 0 0 0 0 0 0 1 1 0 1 1 0 0 0 0 1 0 1 0 1 0 1 0 0 0 0 0 1 1 1 0 0 0 0 1 0 0 0 0 0 1 0 1 1 0 1 1
1 0 0 0 0 1 0 0 0 0 0 0 0 1 0 0 1 0 1 0 0 1 1 1 1 1 1 0 1 1 1 0 1 1 0 1 0 1 1 1 0 1 0 1 0 1 1 1 1 0 0 1 1 1 1 0 0 1 1 0 0 0 0 0 0 1 1 1 0 0 0 0 1 1 1 0 0 1 1 0 0 0 1 0 0 1 0 1 1 0 0 1 0 0 0 0 0 0 1 1 0 1 0 0 1 0 0 0 1 0 0 0 0 1 0 1 1 0 0 0 0 1 0 0 0 1 0 1 1 0 1 0 0 1 0 1 1 0 1 1 1 0 0 0 0 1 1 0 1 0 1 0 1 0 1 1 1 1 0 0 0 0 1 1 1 1 1 1 1 0 1 0 0 0 0 0 0 1 1 1 0 1 1 0 1 0 0 1 1 1 1 1 0 0 0 0 0 0 0 0
0 1 1 1 1 0 0 1 0 1 0 1 0 0 1 0 1 1 1 0 0 1 1 1 0 0 1 0 1 0 1 0 0 1 0 0 0 1 0 0 1 1 1 1 0 0 0 0 0 1 0 0 0 1 1 0 1 1 0 1 0 1 0 0 1 1 1 1 1 0 1 1 0 0 1 1 0 1 1 0 0 0 1 1 1 1 0 1 1 1 1 1 1 1 1 0 0 1 0 1 1 1 0 0 1 0 1 1 0 0 0 0 1 1 0 1 0 1 0 0 0 0 0 0 1 0 0 0 1 1 1 1 0 0 1 1 0 1 1 1 1 0 1 0 1 1 0 1 0 0 0 0 0 0 1 1 0 1 0 0 1 0 1 1 1 0 0 1 0 0 1 0 0 1 1 1 1 0 1 0 0 1 0 1 0 0 1 0 1 0 0 0 1 1 1 1 1 1 1 1
0 0 0 0 0 1 1 0 1 0 0 0 1 1 1 1 0 0 1 0 0 1 0 0 0 0 0 0 1 0 1 1 0 1 1 1 1 0 0 1 1 0 0 0 0 1 0 1 1 0 1 1 0 0 1 0 1 1 0 1 0 1 1 1 1 1 1 0 0 1 0 1 0 1 0 1 1 0 1 1 0 1 0 1 1 1 0 0 1 0 0 1 0 1 1 1 1 0 1 0 0 0 0 1 1 0 1 1 1 1 0 0 1 1 0 0 0 0 0 0 0 1 1 1 1 1 1 1 1 0 1 0 0 0 1 0 0 0 1 0 1 0 1 0 1 0 0 1 1 0 1 0 1 0 1 0 1 0 0 0 1 0 0 1 0 0 0 0 1 1 0 1 0 1 0 0 0 1 0 0 0 1 1 0 0 0 1 0 1 0 1 0 0 0 1 1 0 0 1 0
0 1 1 1 0 1 0 1 0 1 1 0 0 1 1 0 1 1 1 0 0 0 1 1 0 1 0 0 0 0 0 1 1 1 0 1 1 0 1 1 0 1 0 0 1 1 1 1 0 0 0 0 1 0 0 1 0 1 1 0 1 0 1 1 0 1 1 0 1 0 1 0 0 0 1 0 0 0 1 0 1 0 1 1 1 1 1 0 1 1 0 0 1 0 1 1 0 1 1 0 0 0 0 0 0 0 1 0 0 0 0 1 0 1 0 1 0 1 0 1 1 1 1 1 0 0 0 1 0 0 1 1 1 1 0 0 1 0 1 1 0 0 0 1 1 0 0 1 1 0 0 1 0 1 1 1 0 1 0 0 0 1 1 1 0 0 0 1 0 1 0 0 0 0 0 0 0 0 1 1 0 0 1 0 0 0 1 1 0 0 0 0 1 1 1 0 0 0 1 0
0 0 1 1 1 0 0 0 0 1 1 1 0 0 0 1 1 1 1 0 0 1 0 0 1 0 0 1 1 0 0 1 0 1 1 0 0 0 0 0 0 0 1 0 1 1 0 1 1 1 0 0 1 0 1 1 0 1 1 1 1 0 1 1 0 1 0 0 0 1 0 1 1 1 1 1 0 1 1 1 1 1 0 0 1 0 1 1 1 0 1 1 0 0 1 0 1 0 0 1 1 1 0 0 0 0 0 1 0 1 0 1 0 1 1 0 0 1 0 1 0 1 1 0 1 0 1 1 1 1 0 0 0 0 1 0 1 0 0 0 1 0 1 1 0 0 0 1 0 0 0 1 0 0 0 1 1 1 0 0 1 1 1 1 1 0 1 1 0 1 1 0 0 1 0 0 0 1 0 1 0 0 0 1 1 0 1 0 0 1 0 1 1 1 0 0 1 0 0 1
0 0 1 1 0 1 0 1 0 0 0 0 1 1 1 0 0 0 1 0 0 0 0 0 1 0 0 1 1 1 0 1 1 1 0 0 1 0 0 0 1 1 1 0 0 1 1 0 0 1 1 1 0 1 0 0 1 1 1 0 1 1 1 1 0 0 1 0 0 0 0 0 1 0 0 1 0 1 0 1 1 1 0 1 1 1 0 0 1 1 1 1 0 1 1 0 0 0 0 1 1 1 1 1 1 1 1 0 1 0 0 0 1 0 1 0 1 0 1 0 1 1 1 1 0 1 1 1 1 1 1 1 0 1 1 1 1 1 1 1 0 1 0 1 0 0 1 0 1 1 0 0 1 0 0 0 0 1 1 0 0 0 0 1 0 1 1 0 1 1 1 0 1 0 1 0 0 0 1 0 1 0 0 1 0 0 1 1 0 0 0 1 1 1 0 0 0 1 1 0
0 0 1 1 1 0 1 1 1 0 0 0 1 0 1 1 1 0 0 0 0 0 1 0 0 1 0 0 1 0 0 1 1 1 1 1 0 1 1 0 1 1 1 1 1 0 0 1 0 0 1 0 1 1 1 1 0 0 0 0 1 1 0 1 0 1 0 1 1 1 0 0 0 1 0 1 0 1 1 0 0 1 0 0 1 0 1 1 0 0 1 0 1 1 1 1 1 0 0 0 1 0 1 0 1 1 0 0 1 1 0 1 1 1 0 0 0 0 0 0 0 1 0 1 0 0 1 1 0 1 0 0 0 1 1 0 0 1 0 1 1 0 0 0 1 1 0 1 0 0 0 1 1 1 0 1 0 1 1 0 0 0 1 0 0 0 1 0 0 0 0 0 0 0 0 0 1 0 1 0 0 1 0 0 0 1 1 1 0 1 0 1 0 1 1 0 1 0 1 1
1 0 1 1 1 0 1 0 1 0 0 1 0 1 1 0 0 1 1 0 1 0 1 1 1 1 1 1 1 0 0 0 1 0 1 1 1 0 1 1 0 1 0 1 1 0 0 0 0 0 1 0 0 0 1 0 1 0 0 0 0 1 0 1 0 0 1 0 1 0 0 1 1 1 1 1 0 1 1 1 1 1 1 1 1 1 1 1 1 0 1 0 1 1 0 1 1 1 1 0 0 1 0 1 1 0 0 1 1 0 0 1 1 1 1 0 1 1 0 0 0 0 1 1 0 0 0 0 0 0 1 1 0 1 1 1 0 1 0 1 1 1 1 1 1 0 1 1 1 1 1 1 1 1 1 1 0 0 1 0 1 1 0 0 0 1 0 1 1 1 1 1 1 1 1 1 0 1 0 0 1 0 0 0 1 0 1 1 1 0 1 1 0 1 0 0 0 1 1 1
1 0 1 1 0 0 1 0 1 1 0 1 0 1 1 0 0 0 1 1 1 0 0 0 1 1 0 0 1 1 0 1 0 1 1 0 0 1 0 0 1 0 0 1 0 0 1 1 0 0 0 0 0 1 0 0 0 1 0 0 0 0 1 0 0 0 0 0 1 1 0 1 0 0 1 1 0 1 0 1 1 0 0 0 0 0 1 0 1 0 1 0 1 0 1 0 0 1 1 1 0 1 0 1 0 1 1 1 1 1 1 1 1 1 0 0 1 0 1 1 1 0 1 1 1 0 0 0 1 0 1 0 1 1 0 1 0 1 1 0 1 0 0 0 1 1 1 0 0 0 0 1 1 1 0 0 0 0 0 1 0 1 1 0 1 1 1 1 1 0 0 0 1 1 0 0 0 1 0 1 1 1 0 0 0 0 0 0 1 0 0 0 1 1 1 1 0 0 0 1
0 0 0 1 0 1 1 0 0 0 0 1 1 1 1 0 1 1 0 0 1 0 1 0 0 1 1 0 0 0 0 0 1 0 1 1 1 0 0 0 1 0 0 0 0 0 0 0 0 1 1 0 0 0 1 1 1 1 0 0 1 0 1 0 1 1 0 0 0 1 0 1 0 1 0 1 1 0 0 0 0 0 0 0 1 0 0 1 0 0 1 0 1 1 0 0 0 1 0 1 0 1 1 0 1 0 0 0 1 0 1 0 1 0 1 1 1 0 0 0 1 0 0 0 1 1 0 1 1 0 1 0 0 0 0 0 1 0 1 0 0 0 0 0 1 1 0 1 0 1 0 1 0 0 0 1 0 1 0 1 1 0 1 1 0 1 1 1 0 1 1 1 1 0 0 1 1 0 0 0 1 0 0 0 0 1 1 1 0 0 1 0 0 1 0 0 1 0 0 0
1 1 0 0 1 0 0 0 0 1 1 1 1 0 0 1 1 1 0 1 0 0 1 1 1 1 1 0 1 1 1 0 0 1 1 0 0 0 0 0 1 0 1 0 0 0 1 1 1 0 0 1 0 1 1 0 0 0 0 0 1 1 0 0 1 0 0 0 0 0 0 0 0 1 1 0 0 0 0 0 1 0 1 0 0 1 0 1 0 1 0 0 0 0 1 1 1 0 1 0 1 0 1 1 1 0 1 1 1 1 0 1 1 0 0 1 1 0 1 1 1 1 1 0 1 1 1 0 1 1 0 0 1 1 0 1 1 1 1 1 0 1 0 1 1 0 0 1 0 0 0 1 1 1 1 1 0 1 1 0 1 1 1 1 1 0 0 0 0 1 1 1 1 0 1 1 0 1 0 1 1 1 1 1 0 0 1 1 0 0 0 0 0 1 0 0 1 0 1 1
0 0 0 0 1 0 0 0 0 0 1 0 0 0 1 0 0 0 1 1 0 0 0 0 0 0 0 0 0 0 1 1 1 0 1 1 1 0 1 0 0 1 1 1 1 0 1 1 1 0 1 0 0 1 0 0 1 1 1 0 0 1 1 0 1 1 1 0 0 0 0 1 0 0 0 0 0 0 0 1 1 0 0 0 0 0 1 0 0 0 1 0 1 0 1 1 0 1 1 0 0 1 0 1 1 1 0 1 0 0 0 0 0 0 1 0 0 0 0 1 1 0 0 0 0 1 1 1 1 0 0 1 1 0 1 1 1 0 0 1 0 0 0 0 1 1 1 1 1 0 0 1 0 0 1 0 0 1 1 1 1 0 1 0 1 0 0 0 1 1 1 1 1 1 1 0 0 0 1 1 0 1 1 1 1 0 1 1 1 0 1 1 0 1 0 0 0 1 1 1
1 1 0 1 0 1 0 0 1 0 0 1 0 1 0 1 1 1 1 1 1 0 0 0 1 1 1 0 0 0 0 0 1 1 0 0 1 1 0 0 1 1 1 1 1 0 1 0 1 0 1 1 0 0 1 1 0 1 1 1 0 1 0 0 1 1 1 1 1 1 1 0 0 0 1 0 1 1 1 1 1 1 0 0 0 1 1 1 0 0 1 1 1 1 1 1 0 1 0 0 0 1 1 0 0 0 0 1 0 0 0 1 0 0 0 0 0 0 0 1 1 0 0 0 0 0 1 1 0 1 1 0 1 1 0 1 1 1 0 0 0 1 0 0 1 0 0 0 1 1 1 0 0 1 0 0 0 1 1 0 1 1 0 1 0 1 1 0 1 0 1 1 0 1 1 1 0 0 1 0 0 1 0 0 0 1 1 0 0 0 0 0 1 0 0 0 0 0 0 0
0 1 1 1 1 1 1 1 0 1 0 1 0 0 1 1 1 0 0 1 1 1 0 1 0 0 1 1 0 0 0 1 0 1 1 0 0 1 0 1 0 1 1 1 0 0 1 1 1 0 0 0 1 0 1 0 1 1 0 1 1 1 1 0 0 1 0 1 0 0 0 1 1 0 1 0 1 1 0 0 1 1 1 1 1 0 1 0 0 0 1 0 0 0 0 1 1 0 1 1 0 0 0 0 0 0 0 1 0 1 1 1 1 0 1 0 1 0 0 0 1 1 0 0 0 1 0 0 0 0 0 0 1 1 0 1 1 1 0 1 0 0 1 0 1 0 0 0 1 1 1 0 1 1 0 0 0 0 0 1 0 0 0 0 1 1 1 0 0 1 0 0 1 0 1 1 1 0 0 0 0 0 1 0 1 0 1 1 1 1 1 0 1 0 0 0 0 1 1 1
0 1 0 1 0 1 0 1 0 1 0 1 1 1 1 1 1 0 0 1 0 1 0 0 0 1 1 1 0 1 1 1 1 0 1 0 1 0 1 0 0 1 0 1 1 1 0 0 0 1 0 1 1 0 0 0 1 0 0 0 0 0 1 1 0 1 0 0 0 0 1 1 0 0 1 1 0 1 0 0 1 1 1 0 0 0 0 0 1 0 0 0 1 1 0 1 1 0 0 0 1 0 0 1 1 1 0 1 0 0 0 0 0 0 0 0 1 0 1 0 1 0 0 0 1 1 1 0 1 1 1 0 1 1 1 1 1 1 0 1 1 0 0 0 0 0 1 1 0 0 0 0 0 1 1 1 0 0 0 0 1 1 0 0 0 0 0 0 1 0 1 1 1 1 0 0 0 1 1 0 1 0 0 0 0 1 0 0 1 1 1 0 0 0 1 1 0 0 0 0
0 1 1 1 0 0 1 0 1 0 1 1 0 1 0 0 0 1 1 1 0 0 1 0 0 1 1 1 0 1 0 0 1 1 0 0 0 0 1 1 0 1 1 0 0 1 1 0 0 1 1 0 1 0 1 1 1 0 0 0 0 1 0 0 0 0 0 0 0 0 1 1 1 0 0 0 0 1 1 0 1 1 1 0 0 1 0 0 0 0 0 0 0 1 1 0 1 0 1 1 1 1 1 0 0 1 0 0 0 0 1 0 1 1 0 0 0 1 0 0 0 1 1 0 0 0 1 1 1 1 0 0 1 0 1 0 0 1 0 1 0 1 1 0 0 1 1 1 1 1 1 0 1 0 1 0 0 0 0 1 1 0 1 0 0 0 1 0 0 0 0 0 0 1 0 0 0 1 0 1 0 1 1 0 0 0 0 0 0 0 0 0 0 1 0 1 0 0 1 0
1 0 0 0 1 1 0 1 0 0 1 1 0 1 1 1 0 0 1 1 1 0 1 1 0 0 1 1 0 0 0 0 0 0 1 0 0 0 0 0 1 1 1 1 1 0 1 1 1 0 0 0 0 0 0 0 0 0 0 1 1 0 0 1 0 0 0 0 1 0 0 0 1 0 1 0 1 1 1 1 0 1 0 1 0 1 1 0 0 1 0 1 0 0 0 0 1 0 0 0 1 1 0 1 1 1 1 1 1 0 1 0 1 1 0 0 0 1 1 0 0 1 1 0 0 1 0 1 0 1 1 0 1 1 0 1 1 0 1 1 0 0 1 0 1 1 0 1 0 0 0 1 0 0 0 0 1 0 1 1 1 0 0 1 0 0 0 0 1 1 0 0 0 0 0 1 1 1 1 0 0 1 1 0 0 0 1 1 1 0 0 1 1 1 0 1 1 1 0 0
1 0 1 0 0 0 0 1 0 1 1 0 1 1 0 1 0 1 0 1 1 1 0 0 0 0 1 0 0 1 1 0 1 0 0 0 0 0 1 0 0 0 1 1 1 1 1 1 0 0 0 0 0 1 0 1 1 0 1 0 0 0 0 0 1 0 1 1 1 1 1 0 0 0 0 1 1 0 1 0 1 0 0 1 1 0 1 1 1 1 1 0 1 0 0 1 1 0 0 0 0 1 0 1 1 0 1 1 0 1 1 0 0 1 0 0 1 0 0 1 1 1 1 1 1 1 0 0 1 0 0 0 0 1 1 0 1 1 0 0 0 1 1 1 1 1 0 0 1 1 0 0 1 1 0 0 1 1 0 0 1 0 1 0 0 1 0 0 0 1 0 0 0 0 0 1 1 1 0 0 0 0 0 0 1 1 0 1 0 0 0 1 0 0 0 1 0 1 0 1
1 1 0 0 1 0 0 0 0 0 1 1 1 1 1 1 1 0 1 1 0 1 1 1 1 0 0 0 0 1 0 1 1 0 0 0 1 1 0 0 0 1 0 1 0 1 1 0 1 1 1 1 0 0 0 1 1 0 1 0 0 0 1 0 0 0 0 0 0 1 1 0 1 1 1 1 1 0 1 0 0 0 0 0 1 1 1 0 1 0 1 1 1 1 0 1 1 1 1 0 1 0 0 0 1 1 1 0 1 1 1 1 1 1 0 1 0 1 1 0 0 1 0 0 1 1 1 0 1 0 1 1 0 0 0 1 0 1 0 0 1 1 1 0 1 1 0 0 1 0 1 1 1 0 0 1 0 0 0 0 0 1 1 0 1 0 0 0 0 0 1 1 0 1 0 1 1 0 1 1 0 0 0 0 1 1 1 1 0 0 1 1 1 1 0 0 1 0 0 1
1 1 0 0 0 0 1 0 0 1 1 0 0 1 0 1 1 0 1 1 1 1 0 0 0 1 1 1 1 0 0 1 1 1 0 0 1 0 1 0 0 1 0 1 0 0 0 1 0 1 1 1 0 1 1 0 1 1 0 1 1 1 1 1 0 0 1 0 1 1 1 1 0 1 1 1 1 0 0 0 1 1 1 1 0 1 1 1 0 1 0 0 0 0 1 0 1 0 0 1 0 0 1 1 1 1 0 0 0 1 1 0 1 1 1 1 0 0 1 0 0 0 1 0 1 0 1 0 0 0 0 1 0 1 1 0 1 0 1 0 0 1 1 1 1 0 1 0 0 0 0 0 0 1 1 1 1 1 1 1 1 0 0 1 0 0 1 0 0 0 1 0 1 1 0 0 0 0 1 1 0 0 0 0 1 1 1 0 1 1 0 1 0 0 0 1 1 0 0 0
1 1 1 1 1 1 0 0 0 0 0 1 0 0 0 1 0 1 1 0 1 1 1 1 0 0 0 1 0 1 1 0 1 0 0 0 1 0 1 1 0 1 0 0 0 1 1 0 0 0 1 0 0 0 1 0 1 0 1 1 1 1 0 0 1 0 0 0 1 0 0 0 0 0 0 1 1 0 1 1 1 0 1 1 0 1 0 1 0 0 1 1 0 0 0 1 1 1 0 0 1 0 0 1 0 0 0 1 0 1 0 1 0 1 1 1 0 0 1 0 1 1 1 0 1 0 1 1 1 0 0 1 1 1 1 1 0 0 1 1 0 0 0 0 1 0 1 1 0 1 0 1 0 0 0 1 1 1 0 0 0 1 0 1 0 1 1 1 1 1 0 1 1 0 0 0 1 0 1 0 0 1 0 1 0 1 0 0 0 0 1 1 0 0 1 1 1 1 1 1
0 1 1 1 1 0 0 0 1 1 1 0 0 1 0 1 1 0 1 0 1 1 1 0 1 1 0 1 1 0 1 1 0 0 0 0 0 1 0 1 1 0 0 0 1 0 0 0 1 1 0 1 1 1 1 0 1 0 0 0 1 1 1 0 0 0 0 1 1 0 1 1 0 0 0 0 1 0 1 0 0 0 0 1 0 0 1 0 1 0 0 1 0 0 1 1 0 0 0 0 1 1 1 1 1 1 1 0 0 0 0 0 0 0 1 0 0 1 0 0 1 1 0 1 1 0 1 0 0 0 0 0 1 1 0 0 1 0 0 1 1 1 1 0 1 1 0 1 1 1 0 0 0 1 0 1 1 0 1 1 1 0 1 1 1 1 1 1 1 1 0 1 1 0 0 0 0 1 0 0 1 1 1 0 1 0 1 1 0 1 1 0 0 1 0 0 0 0 0 1
0 0 1 0 0 1 0 0 1 1 1 0 0 1 0 1 1 1 0 0 1 1 1 0 1 1 0 0 1 0 1 1 0 1 0 0 1 0 1 0 1 1 0 1 1 0 1 0 0 0 0 1 1 0 0 1 0 0 1 0 1 1 0 1 1 0 0 1 1 0 0 1 1 1 0 1 0 1 1 0 0 0 1 1 1 0 0 0 0 0 1 0 0 1 1 0 1 1 0 0 1 0 0 1 1 0 1 1 1 0 1 0 1 0 1 1 1 1 1 1 0 0 0 1 1 1 1 1 0 0 0 0 1 1 0 1 1 1 1 0 1 0 1 1 0 1 0 0 1 1 1 1 0 1 1 0 0 0 0 1 1 0 0 0 1 1 1 1 0 0 1 1 1 0 0 1 1 1 1 1 0 0 0 1 0 0 1 0 1 0 0 0 0 1 1 1 0 1 1 0
0 0 0 0 1 1 0 1 0 1 0 0 0 0 0 1 0 0 1 1 1 0 0 1 0 1 0 1 1 0 0 0 1 1 1 1 1 1 1 1 1 1 0 0 0 0 1 0 1 1 1 1 1 0 1 1 1 1 0 0 0 1 1 1 1 1 0 1 1 1 0 1 0 1 1 1 0 1 1 1 1 0 1 1 0 0 0 1 1 1 0 1 1 0 1 1 1 1 0 1 1 1 1 0 1 1 1 1 1 0 0 0 0 0 0 0 1 1 0 0 0 0 1 1 1 1 1 1 1 0 1 0 1 0 0 1 0 1 1 0 0 1 0 1 0 1 0 1 0 1 1 1 1 1 0 1 1 1 0 1 0 0 0 0 0 0 0 1 0 1 1 0 0 1 0 0 0 0 0 1 1 1 0 1 1 0 1 0 0 1 0 0 1 0 0 0 1 1 0 1
1 1 1 0 0 0 1 1 0 1 0 1 0 1 1 0 1 0 1 0 0 1 0 1 0 1 0 0 0 1 1 0 1 0 1 1 0 0 0 0 1 0 0 1 1 1 1 0 1 1 0 1 0 0 1 1 0 0 1 1 1 0 1 0 0 1 1 0 0 0 0 0 1 0 0 1 1 1 0 1 1 1 0 0 1 1 0 0 1 1 0 0 1 1 1 1 1 0 1 1 1 0 1 0 1 0 1 0 1 1 1 1 0 0 1 1 1 1 1 1 0 0 0 1 0 0 1 1 0 0 0 1 1 1 0 0 1 1 1 1 1 1 0 1 0 1 0 1 1 1 0 0 0 0 0 1 0 1 0 1 1 0 1 0 1 1 1 0 1 1 0 1 0 1 0 0 1 0 1 0 1 1 0 1 1 0 0 0 1 1 1 0 0 0 0 0 1 1 1 1
1 1 0 1 1 0 0 0 0 1 1 0 1 0 0 0 0 1 1 0 1 1 1 1 1 0 1 0 1 0 0 0 0 0 1 1 1 1 1 1 0 1 1 0 1 0 1 1 0 0 0 0 0 0 1 1 1 1 0 0 1 1 0 1 0 0 1 0 0 1 1 1 0 0 1 1 0 1 0 0 0 0 0 0 1 0 0 0 0 1 1 1 0 0 1 0 1 1 1 0 1 0 0 0 0 1 0 1 1 1 0 1 1 0 1 1 1 1 1 0 1 1 1 1 0 0 1 1 1 1 1 0 0 1 1 0 1 0 1 1 1 1 1 0 0 1 1 0 1 1 1 1 1 1 0 1 1 1 0 1 0 1 1 0 1 1 0 0 1 0 0 0 1 1 0 0 0 0 1 0 1 0 1 1 0 1 0 0 1 0 1 0 1 0 0 1 0 0 0 0
0 1 1 0 0 1 1 1 1 0 0 0 1 1 0 0 0 1 0 0 0 1 1 1 1 0 0 1 1 0 1 0 1 0 1 1 0 0 0 0 0 0 1 0 1 0 1 1 1 0 1 1 1 1 1 0 1 0 0 1 0 0 1 1 0 1 0 0 1 0 1 0 1 0 1 0 1 0 0 1 1 0 0 1 0 0 0 0 0 1 0 0 0 1 1 0 1 0 0 0 0 0 0 1 0 0 0 0 0 1 0 1 0 1 0 0 0 0 1 1 1 0 1 0 0 0 0 1 1 1 1 0 0 0 0 1 1 1 0 1 0 1 1 1 1 1 0 1 1 1 1 0 0 1 0 1 1 0 0 1 1 1 1 0 1 1 1 1 1 0 1 0 1 1 0 1 1 0 1 0 0 0 1 0 1 0 1 1 0 1 0 1 1 1 1 1 1 0 0 1
0 0 1 0 1 1 0 0 1 1 0 1 0 0 1 0 1 0 0 1 1 0 1 1 0 0 1 1 0 1 1 1 0 0 1 0 0 1 1 1 0 1 0 0 1 0 0 0 0 0 0 0 1 0 1 0 1 0 0 1 1 0 0 1 1 0 1 1 0 1 0 0 1 0 0 1 1 0 1 0 0 1 0 0 1 1 0 1 0 0 0 1 1 1 1 0 1 1 0 1 0 1 0 1 1 1 1 0 0 1 1 0 0 1 0 0 1 1 0 1 1 0 0 1 1 1 1 1 1 0 0 1 0 0 1 1 1 1 0 0 1 1 0 0 1 0 1 0 1 1 1 1 1 1 0 1 0 1 0 0 0 1 0 1 0 0 1 0 1 1 1 0 0 0 1 0 0 0 0 1 1 1 1 0 1 0 0 1 0 0 0 1 0 0 1 1 1 0 1 1
0 1 0 1 1 0 0 0 1 1 1 0 1 1 1 1 1 1 0 0 0 0 0 0 0 0 0 0 0 0 1 1 1 1 1 1 0 0 0 1 1 1 0 1 1 0 1 1 0 1 1 1 0 1 1 1 1 0 1 0 1 1 0 1 0 1 1 1 1 0 1 0 1 1 1 0 0 1 0 1 0 1 0 0 0 0 1 0 1 0 1 1 1 0 0 1 1 0 0 1 0 1 1 1 0 0 0 1 1 0 1 0 1 0 1 0 1 0 1 0 0 0 0 0 1 0 1 0 0 0 1 1 0 0 0 0 0 1 1 0 0 1 1 0 1 1 1 0 0 0 0 1 1 1 1 1 1 1 0 0 1 1 1 0 1 1 0 1 1 1 1 0 0 1 1 1 1 1 1 0 0 1 1 1 0 0 0 1 0 0 0 0 1 0 1 0 0 1 1 0
0 0 0 0 0 1 1 0 1 1 1 1 1 1 0 1 0 1 1 1 1 0 0 1 0 1 1 0 1 1 1 0 0 1 1 1 1 1 0 1 1 1 1 0 0 1 1 1 1 1 0 1 0 0 1 1 1 1 1 0 0 0 0 0 0 0 1 0 1 1 1 0 1 0 1 1 0 1 1 1 0 1 0 1 0 1 1 0 0 0 1 0 1 0 0 1 0 0 0 1 0 0 0 1 0 0 0 0 0 0 0 1 1 1 0 0 0 0 0 0 1 0 0 1 1 1 1 0 1 1 0 1 0 0 1 0 1 0 1 1 1 1 0 1 0 1 0 0 0 0 1 0 0 1 0 1 0 1 1 0 1 1 0 0 1 0 1 1 0 0 0 1 0 0 0 0 1 0 0 1 1 0 0 1 1 0 1 0 1 1 1 1 0 1 1 0 0 1 1 1
0 1 0 0 0 0 1 0 0 0 0 1 1 0 0 1 1 0 0 0 1 0 0 0 1 1 0 0 0 0 1 1 1 1 0 0 1 1 1 0 0 1 1 0 0 1 0 1 1 1 0 0 1 0 0 1 0 0 1 0 1 1 1 0 0 0 1 1 1 0 1 1 1 0 1 1 1 1 1 1 1 0 1 1 1 0 0 1 0 0 0 0 1 1 0 0 1 0 1 1 1 0 0 0 1 1 1 0 1 0 1 0 0 1 1 0 1 0 0 1 0 1 0 1 0 0 0 0 1 1 0 1 0 0 1 1 1 0 1 1 0 0 1 0 1 0 0 1 0 1 1 1 1 0 0 0 1 0 0 0 0 1 1 0 1 0 0 1 1 1 0 0 1 0 1 1 0 1 1 0 1 0 1 1 1 1 1 0 0 1 0 1 1 0 0 1 0 0 1 0
1 0 0 0 0 1 0 0 1 1 0 1 1 1 1 0 0 0 0 1 0 1 0 1 0 0 1 1 0 0 0 0 0 0 0 0 1 0 1 1 0 0 1 1 1 1 0 1 1 1 0 1 1 1 1 1 0 0 1 1 0 1 1 1 1 0 1 1 1 1 0 1 1 1 0 0 0 0 1 1 0 0 1 0 1 1 1 1 1 0 1 0 0 1 1 1 1 0 1 1 0 1 1 0 1 1 1 1 0 0 0 1 0 0 0 0 1 1 0 1 1 1 1 1 1 1 1 0 0 1 1 1 1 1 0 0 0 0 0 1 1 0 0 0 1 0 0 1 1 1 1 1 1 1 0 1 1 1 1 0 1 0 1 0 1 1 1 1 0 1 0 0 1 0 1 0 1 0 1 1 1 0 0 1 0 1 0 1 1 0 0 1 1 1 0 1 1 0 0 0
0 1 1 0 0 0 0 1 1 0 1 0 0 0 1 1 0 0 1 1 0 0 1 1 0 0 1 0 0 0 1 0 0 0 0 0 0 0 0 1 1 0 0 1 1 1 0 0 0 1 0 0 0 0 1 0 1 0 1 0 1 0 0 0 0 1 1 1 1 1 0 0 1 1 1 1 1 1 0 0 1 0 1 0 0 0 0 0 0 0 1 1 1 0 1 0 0 1 1 0 0 1 1 1 1 1 0 1 0 1 1 1 0 1 0 0 1 1 0 1 0 0 1 0 0 1 1 0 0 1 1 1 0 0 0 0 1 0 1 1 0 0 0 1 1 0 0 0 1 1 1 0 1 0 1 0 1 0 1 1 1 1 1 1 0 0 0 1 0 0 0 1 1 0 0 0 1 1 0 0 0 0 1 1 0 0 1 1 1 1 0 1 1 0 1 1 1 0 1 0
1 1 1 1 0 0 0 1 1 0 1 0 1 0 1 0 0 1 0 1 0 1 0 0 1 0 1 1 1 1 0 1 0 1 0 1 0 0 0 0 1 0 1 1 0 0 1 1 1 0 0 0 1 0 1 1 0 0 0 0 0 1 0 1 0 1 0 1 1 0 1 1 1 0 1 1 0 0 0 1 0 1 1 1 1 1 1 0 0 0 1 1 0 1 0 0 0 1 1 0 0 1 1 0 1 0 0 0 0 0 1 0 0 0 1 1 1 0 0 1 0 1 1 0 0 1 1 0 1 0 0 0 1 0 0 1 0 0 1 0 0 1 0 1 0 1 1 1 0 0 0 0 0 0 1 1 0 0 0 0 0 1 0 0 0 0 1 0 1 1 0 1 0 0 0 0 1 0 0 0 1 0 1 1 0 1 1 1 0 1 1 0 0 0 1 1 1 1 0 0
1 1 0 0 0 0 0 0 1 0 1 1 1 0 1 1 1 1 0 0 1 0 0 1 1 0 0 1 1 0 0 0 1 1 1 1 1 1 1 0 0 1 0 1 1 1 0 0 0 0 1 1 1 0 1 1 1 1 0 1 0 0 1 1 1 0 1 0 0 1 1 0 0 1 1 0 0 1 0 0 0 1 1 1 0 0 0 0 1 0 1 0 0 1 0 1 0 0 1 1 1 1 0 0 1 0 0 1 0 1 0 0 1 1 1 1 0 1 1 1 1 1 0 0 1 0 0 1 0 0 0 1 1 1 0 1 1 1 1 1 0 1 0 1 1 0 0 1 0 0 0 0 1 0 1 0 1 0 1 1 0 1 0 1 0 1 1 1 0 1 0 0 0 0 0 0 0 1 0 0 1 1 1 1 1 0 0 0 0 0 0 1 1 1 1 1 0 1 0 1
1 0 1 0 1 1 1 1 0 0 1 1 0 1 1 0 1 1 1 1 0 1 0 1 0 0 0 0 0 1 0 0 0 0 1 1 1 0 1 0 0 0 1 1 0 0 1 0 1 1 1 1 0 1 0 1 1 1 0 1 1 1 0 0 1 1 1 0 1 1 1 0 1 1 0 0 0 1 1 0 0 0 1 1 0 0 0 1 0 0 1 1 1 0 1 1 1 0 0 0 1 1 1 0 0 1 1 0 1 0 0 0 0 0 1 1 0 0 1 1 0 1 1 1 1 1 0 0 1 1 1 0 1 1 1 0 0 1 0 1 1 1 1 0 1 0 1 0 0 0 0 0 1 1 1 0 0 0 0 1 1 1 0 1 0 1 1 1 1 0 0 1 1 0 1 1 0 0 0 1 1 0 1 0 1 0 1 0 0 1 0 0 0 0 1 0 1 0 0 1
1 1 0 0 1 0 1 0 1 1 1 1 1 0 0 0 0 0 1 0 0 1 1 0 1 0 1 1 1 1 1 1 1 1 0 1 0 1 1 1 1 1 0 0 1 0 0 1 1 1 1 0 1 1 0 0 1 0 1 0 1 0 1 0 1 1 1 0 1 1 0 1 1 0 1 1 1 1 1 0 0 1 0 1 1 1 0 1 0 1 0 0 1 1 1 1 1 0 0 0 0 0 1 0 0 0 1 1 0 1 1 1 0 0 1 1 0 0 1 1 0 0 1 1 0 0 0 0 0 1 1 0 1 0 0 1 1 1 1 0 0 0 0 0 0 0 1 0 0 0 1 0 1 1 0 1 1 0 0 1 1 0 0 0 1 1 0 1 1 0 0 1 0 0 1 0 0 0 0 1 1 1 0 1 0 1 1 1 0 0 1 1 0 1 1 0 0 1 0 0
1 0 0 0 1 1 1 1 1 1 0 0 1 1 1 1 0 0 0 0 1 1 0 0 1 0 1 0 0 1 0 1 0 0 0 0 1 1 0 1 1 1 0 0 0 0 1 0 0 0 1 0 0 1 0 1 1 0 1 0 0 1 0 0 0 1 1 1 0 1 0 1 1 1 0 1 1 1 0 0 1 1 1 0 0 0 0 0 0 1 0 0 0 0 0 0 1 1 1 1 0 1 1 1 0 1 0 0 0 1 0 1 0 1 1 0 0 1 0 1 1 1 0 0 0 0 1 1 1 1 1 0 1 0 0 1 1 1 1 1 1 1 1 0 1 0 1 1 0 0 0 1 0 0 1 1 1 0 1 0 0 0 0 1 0 1 0 1 0 0 1 0 0 0 0 0 0 1 1 1 1 0 0 1 0 0 0 0 0 1 1 0 0 1 1 0 1 1 1 1
0 0 0 0 1 0 0 0 1 1 0 1 1 1 1 1 1 0 0 1 1 0 0 1 0 0 0 1 0 1 0 0 0 1 0 1 1 1 1 0 0 0 1 0 1 1 1 0 0 1 1 1 1 0 0 0 1 1 0 0 0 1 1 1 0 1 0 1 1 1 0 0 0 1 1 0 0 0 0 0 1 0 0 0 0 1 0 1 0 0 1 0 0 0 0 0 0 1 0 0 1 1 0 0 0 1 1 1 0 1 1 1 0 1 0 0 1 0 1 0 0 1 0 1 0 0 0 0 0 1 1 1 1 1 0 0 1 0 1 0 1 1 1 1 0 1 1 1 0 1 1 0 0 0 1 0 0 0 0 1 1 0 1 1 1 0 1 0 1 1 0 1 1 0 0 1 0 0 1 0 0 1 1 0 1 1 0 1 0 1 1 1 0 1 1 0 1 1 1 1
1 1 1 0 1 0 0 0 1 0 1 0 1 1 0 0 0 0 0 1 0 0 1 1 0 1 1 1 1 0 0 1 0 0 1 1 0 1 1 0 0 0 0 1 0 0 0 1 0 0 0 0 1 0 0 1 0 0 0 1 0 1 1 0 1 1 1 0 0 1 1 1 1 0 0 1 0 0 1 1 1 1 0 1 0 1 1 1 1 0 1 1 0 0 1 0 0 0 0 1 0 0 1 1 0 1 1 0 1 0 1 1 1 0 0 1 1 0 1 1 1 0 0 0 1 1 1 1 1 1 0 1 1 0 0 0 1 0 1 1 0 0 1 1 0 1 0 1 0 1 0 1 1 0 0 0 1 0 0 0 0 0 0 1 0 1 0 0 0 0 0 1 1 0 1 1 0 1 1 0 0 1 0 0 0 0 1 1 1 0 1 1 1 0 1 0 1 1 0 0
1 0 0 1 1 0 0 0 1 0 1 0 0 1 0 1 0 1 0 0 0 0 1 1 0 0 0 1 1 0 0 0 1 1 0 1 1 0 0 0 0 0 1 0 1 0 0 0 0 1 1 1 0 1 1 0 0 0 1 0 0 0 1 1 0 1 0 1 0 1 0 0 0 0 1 1 0 0 0 0 0 0 1 0 1 1 1 0 1 1 1 1 1 1 0 1 0 0 0 0 0 0 0 1 1 0 1 0 0 1 0 1 0 1 0 0 1 1 0 1 1 0 0 0 0 1 1 1 1 1 0 0 1 0 1 0 0 1 0 0 0 0 1 0 1 1 1 0 0 0 0 0 1 0 0 0 1 1 0 1 0 0 0 0 1 0 0 1 0 0 0 0 1 0 1 1 0 0 0 1 1 0 0 0 0 0 0 0 1 1 0 0 0 0 0 1 0 0 1 0
1 0 0 0 1 1 1 1 0 0 1 1 0 0 0 0 0 0 0 0 0 1 1 1 1 1 0 1 1 0 1 1 0 1 0 0 1 0 1 0 0 1 1 1 0 1 0 0 0 0 1 1 1 0 0 1 1 0 0 1 0 0 1 0 0 0 1 0 0 0 1 0 0 1 0 0 0 0 1 0 1 1 1 0 0 0 0 1 0 1 1 1 1 0 1 1 0 1 1 1 0 0 0 1 1 0 0 1 0 0 1 0 1 0 0 0 0 0 1 1 1 1 1 1 1 0 0 1 1 1 0 0 0 0 0 0 0 0 1 0 1 1 0 0 1 1 0 0 1 0 1 0 1 0 0 1 1 1 1 0 1 0 0 1 0 0 0 1 1 1 0 0 1 0 0 1 1 1 1 0 1 0 0 1 0 1 0 0 1 1 1 0 1 1 1 0 1 1 0 1
1 1 1 1 0 0 1 0 1 1 1 0 0 0 1 0 0 1 0 1 1 1 0 0 1 1 0 0 0 1 0 0 1 0 1 0 1 1 0 0 0 1 0 1 1 0 0 1 0 1 1 0 1 0 0 0 1 1 1 0 0 0 0 0 1 1 0 0 0 0 1 0 1 0 0 0 0 0 1 1 1 1 0 1 0 0 0 0 1 1 0 1 0 1 1 1 0 1 0 0 0 1 0 1 1 0 1 1 0 0 1 1 1 1 0 1 1 0 1 1 0 1 0 1 0 1 1 0 0 1 1 1 1 0 1 0 0 0 0 1 1 1 0 0 0 0 0 0 0 1 0 1 1 0 0 1 1 1 1 1 0 0 0 1 1 1 1 0 0 1 1 0 0 0 0 1 1 0 0 0 0 0 1 1 0 1 1 0 0 1 0 1 0 1 0 0 1 0 1 0
0 1 0 1 1 1 0 1 1 1 0 1 0 0 0 1 0 1 0 1 1 1 0 1 1 0 0 1 0 1 1 1 1 1 0 1 0 0 1 1 0 0 0 1 0 0 0 1 1 1 0 1 0 1 0 0 1 1 1 1 1 1 0 0 0 0 1 1 0 1 0 1 0 1 1 1 1 1 1 1 0 1 1 1 0 0 1 0 1 0 0 1 1 1 1 0 0 1 0 1 0 0 0 1 1 1 0 0 0 1 0 1 0 1 0 1 0 1 0 1 0 1 0 0 0 1 0 1 0 0 1 1 1 1 1 0 0 1 0 1 1 1 1 1 0 1 0 0 0 1 0 0 1 1 0 0 0 1 0 1 1 0 1 0 1 1 0 0 0 1 0 1 0 0 0 1 0 1 1 0 1 0 0 1 0 0 1 1 1 0 1 1 1 0 1 1 1 0 0 0
1 1 0 0 0 0 1 1 0 1 0 1 1 0 0 1 1 0 1 1 0 1 1 0 0 1 0 0 1 0 0 0 0 0 1 1 0 0 0 1 0 0 0 1 0 0 1 0 0 0 1 0 0 0 1 1 0 0 0 0 0 0 1 0 1 0 1 1 0 0 1 1 0 0 1 0 1 1 1 1 0 0 1 1 1 0 0 0 1 0 0 1 1 1 0 1 0 0 0 1 0 0 1 0 0 1 0 1 1 1 1 0 0 0 0 1 0 0 0 1 1 0 1 1 0 0 1 1 0 0 0 1 1 0 1 1 0 1 1 0 1 0 1 1 0 1 1 0 1 1 1 1 1 1 1 0 0 1 1 0 1 1 0 1 0 1 1 1 1 1 1 0 1 0 1 0 0 1 1 1 0 0 0 0 1 1 1 1 0 1 1 1 0 1 1 1 1 0 1 0
1 0 0 0 1 1 0 1 1 0 0 1 1 1 0 1 0 1 0 1 1 0 0 0 1 1 1 1 1 0 1 0 0 0 0 1 0 1 0 1 1 1 0 1 0 1 0 0 1 1 1 1 1 0 0 1 0 1 0 0 1 0 1 0 0 0 0 0 1 0 0 1 0 1 0 1 0 1 0 0 0 1 1 1 1 0 0 0 1 0 1 0 0 0 1 0 1 0 0 0 0 1 0 0 0 0 1 1 0 1 1 0 1 1 0 1 1 1 0 1 0 1 1 0 0 1 1 1 0 1 0 0 0 0 1 1 0 0 0 1 0 0 1 1 1 1 1 1 1 0 0 1 0 1 0 1 1 1 1 0 1 0 1 1 0 0 0 0 1 0 1 1 0 1 1 0 1 0 1 1 1 1 1 0 1 1 0 1 1 1 0 1 1 0 1 0 1 0 1 0
1 0 1 0 0 0 1 0 0 1 1 0 1 0 1 0 1 1 1 1 0 1 0 1 0 1 1 0 1 0 1 0 1 1 1 0 0 0 1 0 1 1 0 0 0 1 0 0 0 0 0 1 0 0 0 0 0 0 1 1 1 0 0 0 1 1 1 1 1 1 1 1 1 1 0 0 1 0 0 1 0 1 0 0 1 0 0 0 1 1 1 1 0 0 1 0 0 1 1 1 0 0 0 1 0 1 1 1 1 1 0 1 0 1 1 1 0 0 0 0 0 0 0 0 0 0 0 0 0 1 0 0 1 0 0 0 0 1 0 0 0 0 1 0 1 1 1 1 0 1 1 1 0 1 1 1 1 0 1 0 0 1 1 0 0 0 1 0 0 0 0 1 1 0 0 1 0 0 0 1 1 0 1 0 0 1 0 1 1 1 0 1 0 0 0 0 0 1 0 1
1 0 1 0 0 1 0 0 0 0 0 0 1 1 0 0 0 0 0 1 1 0 0 0 0 1 0 1 0 0 1 1 1 0 0 1 0 1 0 0 1 0 1 1 1 1 0 0 0 0 1 0 1 1 1 0 1 1 1 1 1 0 0 0 1 0 1 0 0 1 1 1 0 1 0 1 0 1 0 1 0 0 0 1 1 1 1 1 0 1 1 1 0 1 0 1 0 0 1 1 1 0 0 1 0 1 1 0 0 0 1 1 0 1 1 1 1 1 0 1 0 0 0 1 0 0 1 1 1 1 1 0 0 1 0 1 0 0 1 1 1 0 0 0 0 0 1 1 1 0 1 0 0 1 1 1 0 1 1 1 1 1 1 0 1 1 0 1 0 0 0 0 1 1 0 1 0 1 0 0 0 1 1 1 1 1 1 0 0 1 0 0 1 1 0 0 1 1 1 1
1 0 1 0 1 0 0 1 0 1 0 1 0 0 1 1 0 0 0 1 1 0 1 0 1 1 0 1 1 1 0 1 1 0 1 0 1 1 1 1 1 1 1 0 0 0 0 0 0 0 0 0 1 1 1 1 0 0 1 0 0 0 1 0 1 0 1 0 1 0 0 1 0 1 1 0 1 1 1 0 0 0 0 0 0 0 0 1 0 1 1 1 0 1 0 0 0 0 1 0 0 1 0 1 0 0 0 0 1 1 0 0 1 1 1 0 0 0 1 0 0 0 0 0 1 0 1 1 0 1 1 1 0 0 0 0 1 0 1 0 1 1 1 1 0 0 1 1 1 0 0 0 1 0 0 0 0 1 0 1 1 1 1 1 1 1 0 0 1 1 0 1 0 0 1 0 1 0 0 1 1 1 1 0 0 1 1 0 1 1 0 0 1 0 0 1 1 1 0 1
1 1 1 1 0 0 1 0 1 0 0 0 1 0 1 0 0 1 1 1 1 0 1 0 1 0 1 1 0 1 1 1 1 0 1 1 0 1 1 1 1 1 0 1 1 0 1 1 1 1 0 1 0 0 1 0 0 0 0 0 1 0 1 0 1 0 0 1 1 1 0 0 0 0 0 1 1 0 1 0 0 0 1 0 0 1 1 1 1 0 0 0 1 0 1 1 0 0 1 1 0 0 0 0 0 1 0 0 1 0 1 1 0 0 1 0 1 0 1 1 0 1 1 0 0 0 0 1 0 1 1 0 0 0 1 1 0 0 0 1 1 1 1 1 1 0 1 1 1 1 0 0 0 1 1 0 1 1 1 0 1 1 0 1 1 0 1 1 0 1 1 1 0 0 0 1 0 0 0 1 0 0 0 0 0 0 0 0 0 0 1 0 1 0 0 1 1 1 0 0
0 1 1 1 1 1 1 1 0 0 1 0 0 0 0 0 1 0 1 0 1 1 0 0 1 0 0 0 1 1 0 1 0 1 1 0 1 0 1 0 1 1 0 0 0 1 1 1 1 0 1 1 1 1 0 1 1 1 0 1 1 1 0 0 0 1 1 0 1 1 1 0 0 0 1 0 1 0 0 1 0 0 1 0 1 0 1 1 1 0 0 0 0 1 0 0 0 0 0 0 1 1 1 1 1 0 1 1 0 1 1 1 1 0 1 0 1 1 0 0 1 0 1 0 1 1 0 1 1 1 1 1 0 0 0 1 0 1 0 1 1 0 0 1 0 1 1 1 1 0 1 1 0 0 1 1 0 1 0 0 1 0 0 0 1 1 1 1 1 0 0 1 0 0 0 1 1 1 0 1 1 1 1 0 1 1 0 0 1 0 0 1 1 0 0 0 0 0 1 0
0 0 0 0 0 1 1 0 1 1 1 0 1 0 0 1 0 1 1 1 1 0 0 1 0 0 0 1 0 1 0 0 0 1 0 1 0 0 0 1 1 1 0 1 1 0 0 0 0 0 0 1 0 1 1 1 0 0 1 1 1 0 1 0 0 1 0 0 0 0 1 1 1 1 1 0 0 0 1 0 1 1 0 0 0 0 1 0 0 0 1 0 1 1 1 0 0 1 0 1 1 1 0 0 1 1 1 0 1 1 0 0 1 1 1 1 0 1 1 0 1 0 1 1 1 1 0 1 1 0 0 1 0 0 1 1 0 0 0 1 1 1 0 1 0 0 1 1 1 0 1 0 0 0 0 0 0 0 1 0 0 0 1 0 1 0 1 1 0 1 1 0 1 0 1 1 1 1 1 0 0 1 1 0 0 1 0 0 0 0 1 0 0 0 0 0 1 0 0 0
1 0 1 1 1 0 1 1 1 1 1 0 0 1 0 0 0 1 1 1 1 0 1 1 0 0 0 1 1 0 0 1 1 0 1 0 0 1 0 0 0 0 0 0 1 1 0 1 0 0 1 0 1 0 1 1 0 0 1 1 0 1 1 0 0 0 0 0 1 0 0 1 0 1 0 0 1 0 0 1 0 0 1 0 1 0 0 0 0 0 0 1 1 1 0 0 0 0 0 1 0 1 1 1 1 0 1 1 0 0 0 0 0 0 0 0 0 0 1 0 0 0 0 1 1 1 0 0 1 1 0 0 1 1 0 0 1 1 1 1 1 1 1 1 1 0 1 0 0 0 1 0 1 0 1 0 0 1 0 0 0 1 1 0 0 0 0 0 0 0 1 1 1 1 0 1 0 1 0 1 0 1 0 1 1 1 0 1 0 1 1 1 1 0 1 0 1 1 1 0
0 0 0 0 0 0 0 0 0 0 1 0 0 1 1 1 1 1 1 0 0 1 1 1 0 1 1 0 0 1 0 0 0 0 1 0 0 1 1 0 1 0 0 1 1 0 0 1 0 1 1 1 1 0 0 0 0 0 1 1 1 0 0 1 0 1 0 0 1 0 0 1 0 1 1 1 0 1 1 0 1 0 1 1 0 0 0 0 0 1 0 1 0 1 0 0 1 1 1 1 1 1 1 0 0 1 1 0 0 0 0 1 0 0 1 0 0 0 0 0 1 1 1 0 0 1 1 1 1 0 0 1 0 1 0 1 0 1 0 0 1 0 1 1 1 0 1 1 0 0 1 1 1 1 0 0 1 1 1 1 1 0 0 0 1 0 1 0 1 1 0 1 0 1 1 1 0 0 0 0 0 0 0 1 1 0 0 1 0 0 1 1 1 1 1 1 0 1 0 1
1 1 1 0 0 1 0 0 1 0 0 0 0 0 0 1 0 1 0 0 0 1 0 0 1 0 1 0 0 1 0 0 1 1 1 0 1 1 0 1 1 1 0 1 1 1 0 0 1 0 0 0 1 1 0 0 0 0 0 1 0 0 0 0 0 1 0 0 0 1 1 0 1 1 1 0 1 0 1 1 1 0 0 0 1 1 1 1 0 1 0 0 1 1 0 1 0 1 0 1 0 0 1 0 1 1 1 1 1 0 0 0 1 0 1 1 1 1 0 0 0 1 1 1 1 0 1 0 0 1 0 0 0 0 1 0 1 0 1 0 0 0 1 1 1 1 1 1 0 0 0 0 1 1 1 0 0 0 1 1 0 0 1 0 1 1 1 0 1 1 0 1 1 1 0 0 1 0 1 1 1 0 0 0 1 0 0 1 0 1 1 0 1 0 1 1 1 1 1 1
0 0 0 1 1 0 1 1 1 1 1 1 1 1 0 0 1 0 0 1 1 0 1 0 1 1 1 0 1 1 0 0 0 1 0 1 1 1 1 1 0 0 0 1 0 1 0 1 1 1 0 0 1 1 1 1 1 1 1 1 0 0 1 0 1 0 1 1 1 0 0 0 1 0 0 0 1 0 0 0 1 1 1 1 1 0 1 1 1 1 1 0 0 1 1 1 1 1 0 0 1 0 1 1 1 1 0 0 0 1 0 1 0 0 1 1 1 1 0 0 0 0 1 1 0 1 1 1 1 1 1 1 0 1 0 0 1 1 1 0 0 0 0 0 1 1 1 0 0 0 0 1 1 0 1 0 1 0 1 0 1 1 1 0 1 0 1 0 1 0 1 0 0 0 0 1 0 0 0 0 0 0 1 0 1 0 1 0 1 0 1 0 1 0 1 1 1 1 0 1
0 0 1 1 0 1 0 1 1 1 1 0 0 0 1 1 1 0 1 0 1 1 1 0 1 1 0 1 1 0 1 1 1 1 1 1 1 0 1 0 1 0 0 1 1 0 1 0 1 1 1 0 0 1 0 0 0 1 1 1 0 1 1 1 0 0 1 1 0 0 1 0 1 0 0 0 1 1 1 1 1 0 1 0 1 1 0 1 0 0 1 0 0 0 1 1 0 1 1 1 1 0 1 0 0 0 1 0 0 1 1 1 0 1 0 1 0 1 1 0 1 1 1 0 1 1 1 0 1 0 0 0 1 0 1 1 1 0 0 0 1 1 0 0 0 1 1 1 0 0 1 1 1 1 0 1 1 1 1 0 1 1 1 1 1 0 0 1 0 0 1 1 1 1 0 1 1 1 0 0 1 1 1 0 1 0 1 0 0 1 1 1 1 0 1 1 0 1 0 0
1 0 1 1 1 0 1 1 1 0 1 1 0 0 1 1 0 1 1 0 0 0 0 0 0 1 0 1 1 0 1 0 0 1 0 1 0 1 0 0 0 0 1 0 0 1 0 0 1 0 0 1 1 1 1 1 1 0 0 0 1 1 0 0 1 1 0 0 1 1 0 0 1 0 0 0 1 0 0 1 1 1 0 1 0 0 1 0 1 1 0 1 1 1 0 0 1 1 1 1 0 0 0 0 0 0 0 1 1 0 1 0 0 0 1 0 1 1 0 0 1 1 0 1 1 1 1 1 0 0 1 0 1 1 1 1 1 0 1 0 1 1 0 0 0 1 1 1 1 0 1 0 0 1 0 1 0 0 1 1 0 0 1 1 1 0 0 0 1 0 1 1 1 0 1 0 0 1 0 1 0 0 0 1 0 1 1 0 1 0 1 1 1 1 1 1 0 0 0 1
1 1 0 1 0 1 0 1 1 1 1 1 1 0 1 1 1 1 1 0 1 0 0 1 0 0 0 1 1 1 1 0 0 0 1 0 1 1 0 1 0 0 1 0 0 0 0 0 1 1 0 0 1 0 1 1 0 1 1 0 1 1 1 1 1 0 1 0 1 0 0 1 1 1 0 1 0 0 0 1 1 0 1 0 1 1 0 1 1 1 0 1 1 1 1 0 0 1 0 0 1 0 1 1 0 0 0 0 1 0 1 0 1 1 1 1 0 0 0 1 1 0 0 0 1 0 1 0 1 0 0 1 0 0 0 0 0 0 0 1 1 0 0 1 1 1 1 1 1 0 1 1 1 0 1 0 0 0 1 1 1 0 0 1 1 1 0 0 1 0 0 0 0 0 0 1 0 1 1 1 1 0 1 0 1 0 0 1 0 1 0 1 1 0 0 1 0 1 0 1
0 1 1 1 0 1 1 1 1 0 0 0 1 0 0 0 0 1 0 1 0 1 1 1 0 0 1 0 1 0 1 1 1 0 1 0 1 1 0 1 0 0 0 0 1 1 1 0 1 1 0 1 0 1 1 0 1 1 1 0 1 1 1 1 1 0 1 0 0 1 1 1 0 1 1 1 1 1 1 0 1 1 0 1 1 1 1 0 1 0 1 0 0 1 1 1 0 1 1 1 1 1 1 1 0 1 1 1 0 0 1 0 1 0 0 0 0 1 0 1 0 1 1 0 0 0 0 0 1 0 0 1 1 1 1 0 1 1 1 0 0 1 0 0 0 1 1 1 1 0 1 1 1 0 1 1 1 1 0 1 0 1 0 1 1 0 1 0 0 1 1 1 1 0 1 0 1 1 1 1 0 0 1 0 1 0 0 0 1 1 0 0 0 1 1 0 1 1 0 1
0 1 1 0 1 1 1 0 0 0 0 0 1 1 1 1 0 0 0 1 0 1 1 0 1 1 0 1 1 1 1 0 0 1 1 0 0 1 1 1 0 0 0 0 0 0 0 1 1 0 0 1 0 0 1 0 0 1 1 0 0 1 1 0 0 1 0 0 1 1 1 0 1 1 1 0 0 0 0 0 0 1 0 1 0 0 1 1 0 0 0 1 0 1 1 0 0 1 1 0 0 1 1 0 0 1 0 1 0 1 1 1 0 0 1 1 0 1 0 0 0 0 0 0 1 0 0 0 0 0 0 0 1 1 1 0 1 0 0 0 1 1 0 1 0 0 0 1 0 1 0 0 1 0 0 0 1 1 0 0 0 1 1 0 1 0 0 1 1 0 1 0 1 1 1 1 1 0 0 1 1 0 0 1 1 1 0 1 1 0 0 0 0 1 0 1 0 1 1 0
0 0 1 0 1 1 0 1 1 0 1 0 0 1 1 0 1 1 0 0 0 1 0 1 0 1 1 1 0 1 0 1 0 0 1 1 0 0 0 0 1 1 1 1 0 1 0 0 1 1 0 0 0 0 0 1 1 1 1 0 1 0 1 1 1 0 1 1 1 0 0 1 0 0 1 1 0 0 0 0 0 0 0 0 0 1 1 0 0 1 0 0 0 1 1 1 0 0 1 0 0 0 1 0 0 0 0 1 0 0 1 0 1 1 1 0 0 0 1 1 0 0 0 1 1 0 0 0 1 0 0 1 0 1 1 0 0 1 1 0 0 1 1 0 0 1 1 0 1 1 0 0 1 1 0 0 1 0 1 0 0 1 1 1 1 1 1 1 0 0 1 0 1 0 1 0 0 1 1 0 1 1 1 1 0 0 1 0 0 0 1 1 1 0 0 1 1 0 1 1
1 0 0 1 0 1 0 1 1 1 1 0 0 0 0 0 1 0 1 1 0 0 0 0 1 1 0 0 0 1 1 1 1 0 0 0 1 0 0 1 1 1 1 0 1 1 0 1 0 1 1 1 0 0 0 0 0 0 0 1 0 1 0 1 0 0 0 1 1 1 0 0 0 0 1 1 0 0 1 1 1 1 0 0 1 0 0 1 1 1 1 0 0 1 0 0 1 0 1 0 0 1 1 0 0 0 0 0 1 1 1 0 0 0 1 1 0 0 0 0 0 0 0 1 0 0 1 0 1 0 0 1 0 1 1 1 1 0 0 1 1 1 1 0 1 1 0 1 0 0 1 0 0 1 0 0 1 1 0 1 0 1 0 1 0 1 0 1 0 1 0 1 1 1 1 1 0 0 0 0 1 1 1 1 1 0 1 1 1 0 0 0 0 1 1 0 1 0 0 0
1 0 0 1 0 1 0 0 0 0 0 1 0 0 1 1 0 0 0 0 0 0 1 1 1 1 0 0 0 0 1 0 0 1 1 1 0 1 1 1 1 1 1 0 1 1 1 0 1 1 1 1 1 1 0 0 1 0 1 0 0 1 1 0 0 1 0 1 0 1 1 1 1 0 1 0 1 0 1 1 1 1 1 1 0 1 1 0 1 0 1 1 0 0 0 0 0 1 1 0 0 1 1 0 0 0 1 1 1 0 1 1 0 0 1 1 1 0 1 1 1 0 0 1 1 1 0 1 1 1 0 0 0 0 1 0 0 1 1 1 0 1 1 1 1 0 0 0 0 1 0 1 1 1 1 1 0 1 0 1 1 1 1 0 0 0 0 0 0 0 0 0 0 0 0 0 0 1 1 0 0 1 1 0 1 1 0 0 1 0 1 1 0 1 1 1 1 1 0 1
0 0 0 1 0 1 0 1 1 0 1 0 1 1 0 1 0 1 0 0 0 1 0 1 0 1 0 1 0 0 0 1 1 1 1 0 1 1 1 1 0 0 0 1 1 1 1 1 1 1 0 0 0 0 0 0 1 1 0 1 1 1 0 0 1 0 0 1 0 0 0 0 1 0 0 0 1 0 0 0 0 0 1 0 0 1 0 1 1 0 1 0 1 1 1 0 1 0 1 0 0 1 0 1 0 1 1 1 1 1 1 0 0 1 0 1 1 1 1 0 1 0 1 1 0 0 1 0 1 1 1 0 0 0 0 1 1 0 0 0 1 0 1 1 0 1 0 1 1 0 0 0 1 0 0 1 0 1 1 1 0 1 0 1 0 0 1 1 1 1 0 0 0 1 1 0 1 1 1 1 0 0 0 1 0 1 1 1 0 0 1 1 0 0 0 0 0 1 0 1
0 0 1 0 0 0 0 0 1 1 1 1 0 0 0 1 0 1 1 1 0 0 1 1 0 1 1 0 0 1 0 1 1 1 1 1 0 1 0 0 1 1 1 0 0 1 1 1 1 0 1 1 0 0 1 1 0 0 0 1 1 1 1 1 1 0 0 1 0 1 1 1 0 1 0 0 1 0 0 0 1 0 0 1 0 1 0 0 0 1 1 1 1 1 1 0 0 0 0 0 1 1 0 0 1 0 0 0 0 0 1 1 0 1 1 1 1 1 1 0 1 1 1 0 0 0 0 0 0 1 1 1 0 0 1 1 1 1 1 0 1 0 0 0 0 0 1 1 1 1 0 1 0 1 1 1 0 1 0 0 1 0 0 0 0 1 0 1 0 0 1 0 1 0 1 1 1 1 0 0 1 0 0 1 1 0 0 1 1 1 1 1 1 0 1 0 0 0 0 1
0 0 1 1 0 0 1 0 0 1 1 1 1 0 0 1 1 0 1 1 0 1 1 1 0 0 0 0 1 1 0 0 0 0 0 1 1 1 1 0 1 1 1 1 0 0 1 1 1 0 0 1 1 1 0 0 0 1 0 1 1 1 0 1 0 0 1 0 1 1 1 0 1 1 0 1 0 0 0 1 1 0 1 1 1 0 1 1 1 0 0 1 1 1 0 1 1 0 1 1 0 1 0 0 0 0 1 1 0 0 1 0 0 1 0 0 0 1 1 1 1 0 0 0 0 1 1 1 0 1 1 0 0 0 0 0 1 1 0 0 0 1 1 0 0 0 1 1 1 1 0 1 1 0 0 0 1 0 1 1 0 1 1 1 1 1 1 0 0 1 1 1 1 1 0 0 1 1 1 0 1 0 1 0 0 1 0 1 1 0 0 0 0 0 1 1 1 1 0 0
1 0 1 0 0 0 1 0 0 1 0 0 0 0 1 1 0 1 1 1 1 1 0 1 1 0 0 0 1 1 0 1 0 0 0 0 0 1 0 0 0 1 0 0 0 1 1 0 1 0 1 0 1 1 1 1 1 1 1 0 0 0 0 0 0 1 1 1 0 1 0 0 0 1 0 1 0 1 0 0 0 1 1 1 1 1 0 1 0 0 0 0 1 1 1 1 1 1 0 1 0 0 1 1 0 0 1 0 1 0 0 1 0 0 0 0 1 0 1 0 0 0 0 0 1 0 0 0 0 1 0 1 1 1 1 0 0 1 1 1 1 1 1 1 0 1 0 1 1 1 0 1 0 0 0 1 1 0 1 1 1 1 0 0 0 0 0 1 1 1 0 0 1 0 1 0 1 1 1 1 0 1 1 0 0 1 1 1 1 0 0 0 1 0 1 1 0 0 0 0
0 0 0 1 0 0 0 0 1 0 0 1 0 0 1 1 0 0 0 1 0 0 0 1 1 0 1 0 1 1 1 1 1 1 0 0 1 1 1 0 0 0 1 0 0 0 0 1 1 1 1 0 1 0 1 0 0 1 1 1 1 0 0 0 1 1 0 0 1 0 0 0 1 0 0 1 1 1 0 1 0 1 1 0 1 0 0 0 1 1 0 1 0 0 0 1 0 1 1 0 1 1 1 1 0 1 0 0 0 0 0 1 1 0 0 1 0 1 1 1 1 1 1 1 1 0 0 0 0 0 0 0 0 0 0 1 1 1 1 0 0 1 1 1 0 1 1 0 1 0 0 0 0 1 1 1 1 0 0 0 0 0 0 0 1 0 1 1 0 1 0 0 1 1 1 1 0 1 1 0 1 1 0 0 0 1 1 1 1 0 1 0 0 0 0 0 1 0 1 0
1 0 1 0 1 0 0 0 0 1 0 1 1 0 0 0 1 0 1 0 0 0 1 0 1 0 1 0 0 0 1 1 0 0 0 1 1 0 0 1 1 0 1 1 1 1 1 0 1 0 1 0 1 1 1 1 1 1 0 0 1 0 0 0 0 0 1 0 1 0 1 0 1 0 1 1 1 0 0 0 1 1 1 1 1 0 0 1 0 1 1 1 0 1 1 0 0 1 0 0 0 1 0 1 0 0 0 1 1 1 0 0 0 1 0 1 1 1 1 0 0 1 0 1 1 1 0 0 0 0 1 0 0 1 0 0 0 1 0 0 1 0 0 1 0 1 0 0 0 1 1 1 0 0 1 0 1 0 1 1 1 0 0 1 1 0 0 0 0 0 0 1 1 1 1 0 1 1 0 1 0 0 0 0 0 0 0 1 0 1 1 0 1 0 0 0 1 1 0 1
0 1 1 0 0 0 1 1 1 0 0 1 0 0 1 0 1 0 0 0 1 0 0 1 0 1 0 0 1 1 0 0 1 1 0 0 1 1 1 1 0 0 1 0 0 1 0 0 1 0 0 0 0 0 0 0 1 0 0 1 1 0 0 1 1 0 0 0 1 0 1 1 1 1 1 1 1 0 0 0 1 1 0 1 1 1 1 1 0 0 0 0 1 0 1 0 0 0 1 0 1 1 1 1 1 1 1 1 1 1 0 0 0 1 0 1 0 0 0 0 1 1 0 0 1 1 1 1 1 0 1 0 1 0 0 1 1 0 0 0 0 0 1 1 0 1 1 0 0 1 0 1 1 1 0 0 0 1 1 0 1 1 0 0 1 1 0 1 1 0 1 0 0 1 1 1 1 0 1 0 0 1 1 1 0 0 0 0 0 1 0 0 1 1 1 0 1 1 1 0
1 0 1 0 1 0 1 0 0 0 0 0 1 0 0 0 0 0 0 0 1 1 0 0 0 1 1 0 1 0 1 0 1 0 0 0 1 1 1 0 0 0 0 1 0 0 1 0 1 0 0 1 0 1 1 1 1 1 1 1 1 1 1 1 0 1 0 1 0 0 0 1 1 0 1 0 0 0 1 0 1 0 0 0 1 1 0 1 0 1 0 1 0 1 0 1 1 1 0 1 1 0 0 1 0 0 0 1 0 0 1 1 0 0 0 1 0 0 1 0 1 0 1 1 0 0 1 0 0 0 0 1 1 0 0 1 1 1 0 1 0 1 0 1 0 0 1 1 0 0 1 0 1 1 0 0 0 0 0 0 0 0 0 1 1 1 0 1 0 0 0 1 0 0 0 0 0 1 1 1 0 1 1 1 1 0 1 1 1 1 0 1 1 1 1 1 0 0 0 0
1 1 0 0 0 0 0 1 0 0 1 0 0 0 0 1 1 0 0 0 0 0 0 0 0 0 1 0 1 0 1 0 0 0 0 1 0 0 1 1 0 1 0 0 0 1 0 1 0 0 1 1 1 0 1 0 0 1 0 1 0 0 0 1 1 0 0 0 0 0 1 1 1 1 1 0 0 1 1 1 0 1 0 0 1 0 0 0 0 0 0 0 1 0 1 1 1 1 0 0 1 1 0 1 0 0 1 0 1 1 1 1 0 0 0 0 1 1 0 1 1 0 0 1 0 0 0 0 1 0 1 0 1 1 1 0 0 0 1 0 0 1 1 0 0 0 1 1 0 0 0 0 1 0 0 1 0 1 1 1 1 0 0 1 1 1 1 0 0 0 1 1 0 1 0 1 1 0 0 1 1 0 0 0 1 1 1 1 0 0 1 1 1 1 0 1 1 1 0 1
1 1 1 1 1 1 1 0 0 0 1 1 0 1 0 1 1 1 0 0 1 1 0 0 0 1 1 0 0 1 0 0 0 1 0 1 1 1 1 0 0 0 0 0 1 0 1 0 1 1 1 1 0 1 0 0 0 0 0 0 0 0 1 1 0 0 1 1 0 0 0 0 0 1 0 0 1 1 0 1 0 0 1 0 1 1 1 0 0 1 1 1 0 0 1 1 1 0 0 1 0 1 0 1 1 1 0 1 1 1 1 1 1 0 1 1 0 0 1 1 0 0 1 0 0 1 0 0 1 0 0 1 1 0 1 0 1 1 1 1 1 0 0 1 0 0 0 1 1 1 1 0 0 0 0 1 1 0 1 0 0 1 0 0 1 1 0 0 0 0 0 1 0 1 1 1 0 0 1 0 0 0 1 1 0 0 0 1 0 0 0 1 1 1 1 0 1 0 0 1
1 0 1 0 1 0 1 1 1 1 1 1 1 1 0 1 1 0 0 1 0 0 1 0 0 1 1 1 1 0 1 1 1 0 1 1 1 1 0 0 0 1 1 1 0 1 1 1 0 0 1 1 0 0 0 0 1 1 1 0 0 1 0 1 1 1 0 1 1 1 0 0 1 0 1 0 1 1 1 1 1 0 1 0 1 0 1 1 0 1 0 1 0 1 1 1 0 0 1 1 1 1 0 1 1 0 0 1 1 1 0 1 1 0 1 1 0 1 1 1 1 1 0 1 1 1 0 0 1 0 1 1 1 0 1 0 0 0 0 1 0 0 1 1 1 0 1 0 0 0 0 0 0 1 0 1 1 0 0 1 1 0 1 0 0 0 1 0 1 1 1 1 1 0 1 0 1 1 1 0 0 0 1 1 0 0 0 0 0 1 0 1 0 0 0 0 1 0 1 0
0 1 0 1 1 0 1 0 1 0 1 1 1 0 1 0 0 1 0 1 0 1 0 0 1 1 0 0 1 0 1 0 0 0 1 0 0 0 1 0 0 1 1 0 1 0 0 0 1 0 0 0 1 1 0 0 0 1 1 0 1 1 1 0 1 0 1 1 0 0 1 0 0 0 0 1 0 1 1 1 0 1 0 1 0 1 0 0 0 1 1 0 0 1 0 1 1 0 0 0 0 1 1 0 1 0 0 0 1 1 0 1 0 1 0 1 1 1 0 0 1 0 1 1 1 0 1 0 1 1 1 1 0 1 0 1 0 1 0 0 1 0 0 1 1 0 1 0 1 1 1 0 0 1 1 0 1 0 0 1 0 0 1 0 0 0 1 1 0 1 1 1 1 0 0 0 1 1 1 1 0 1 1 1 1 0 0 1 1 1 1 0 1 1 0 0 1 1 0 0
0 0 1 0 0 1 0 0 1 0 0 1 1 1 1 1 0 1 0 0 1 1 1 1 0 0 0 1 1 1 1 0 1 0 0 1 0 0 1 1 0 1 1 0 1 1 1 1 0 0 1 0 0 0 0 1 1 1 0 0 0 1 1 0 0 0 1 1 1 1 1 0 1 0 0 1 1 0 1 1 0 0 1 0 1 0 0 1 1 1 0 1 0 0 1 1 0 1 0 1 1 0 1 1 1 1 0 0 1 1 1 0 0 0 1 0 0 0 1 0 0 0 0 0 0 0 0 0 1 1 0 0 0 1 0 1 1 1 0 1 0 0 0 1 0 0 0 0 1 0 0 1 1 1 1 0 0 1 1 0 0 0 1 1 1 1 0 0 0 1 0 1 0 1 1 0 1 1 0 1 0 1 0 0 0 1 1 0 1 1 1 0 1 1 1 0 0 0 0 0
0 1 1 0 1 1 1 0 0 0 1 0 1 1 0 0 1 0 1 0 0 0 0 1 1 0 0 1 0 0 0 1 0 0 0 0 1 1 1 1 1 1 1 1 0 0 1 0 1 1 1 0 1 1 1 0 0 0 1 1 0 1 0 1 1 1 0 0 1 0 1 0 0 1 0 1 1 1 0 0 0 0 1 0 0 1 0 0 1 0 0 0 1 1 0 0 1 1 0 1 0 1 0 0 0 0 1 0 1 1 1 0 0 0 0 0 0 1 1 1 1 0 1 0 1 0 0 0 0 0 1 1 0 1 1 0 1 0 1 0 0 0 0 0 0 1 1 0 0 1 0 0 1 1 0 0 0 1 1 0 0 0 0 0 0 0 0 0 0 1 0 1 0 0 0 1 0 1 0 0 0 0 1 1 0 1 0 0 1 1 0 0 1 1 0 1 0 0 1 1
1 0 0 1 1 1 1 1 1 1 0 1 1 1 0 0 1 0 1 0 0 0 1 1 1 0 1 1 1 1 1 0 0 1 1 0 1 1 1 0 1 1 0 1 1 0 1 0 0 0 1 1 1 0 0 1 1 1 0 1 1 0 1 0 1 1 1 0 0 1 1 0 1 0 1 0 1 0 0 0 1 0 0 0 1 1 1 0 0 0 1 1 1 0 0 0 0 0 0 0 1 1 1 1 1 0 1 0 1 1 1 1 0 1 1 0 0 0 1 1 0 1 0 0 0 0 1 0 1 0 0 0 1 1 1 0 0 1 1 0 1 0 0 1 1 1 0 1 1 1 1 1 0 0 0 0 1 1 1 1 1 0 1 0 0 1 1 1 0 1 1 0 0 1 1 0 0 1 0 1 0 0 1 1 1 1 1 0 1 0 1 0 1 0 0 1 1 1 1 0
1 0 0 1 0 1 1 0 0 0 1 0 1 0 1 0 1 1 0 0 1 0 1 1 0 1 0 0 0 1 1 1 0 1 1 0 0 0 1 1 0 0 0 1 0 1 0 0 0 0 1 1 0 0 0 0 1 0 1 1 0 1 1 1 0 0 1 0 0 1 0 1 0 0 0 1 1 1 1 1 1 1 0 0 0 1 1 1 0 1 1 1 0 0 0 0 1 0 0 1 1 0 0 0 1 0 1 0 0 0 1 0 1 0 0 1 0 1 0 0 1 0 1 1 1 0 1 0 1 1 1 0 1 1 0 0 0 0 1 0 0 1 0 1 0 1 1 0 0 1 0 1 0 0 1 0 1 0 1 1 1 0 1 0 1 0 0 1 1 1 1 0 0 1 1 1 1 0 0 1 1 0 1 0 0 1 1 1 0 1 0 1 1 1 1 1 0 0 1 0
0 0 0 0 0 0 1 1 0 0 0 1 0 0 1 1 1 0 0 0 1 0 0 0 1 1 1 1 1 1 0 1 0 0 1 1 1 0 1 1 1 0 0 0 0 0 0 1 0 1 0 0 0 1 0 0 0 0 1 1 0 1 0 1 0 1 1 0 1 0 1 1 0 0 0 0 1 1 1 0 1 1 1 0 0 1 1 0 1 0 0 1 1 0 1 1 0 0 0 0 0 0 1 0 0 1 1 0 0 1 0 0 1 1 1 1 1 1 1 0 0 1 0 1 0 1 0 1 1 1 0 0 0 1 0 0 1 1 0 0 1 1 0 0 1 1 0 0 1 0 1 1 0 0 1 1 0 0 0 1 0 1 0 1 1 1 0 1 1 1 1 1 1 1 1 0 1 1 0 0 0 0 0 1 1 1 0 0 1 0 0 1 1 1 0 1 1 0 1 0
0 0 0 1 0 0 0 1 0 0 0 0 0 1 0 0 1 1 0 1 0 0 1 1 1 0 1 0 0 0 1 0 0 0 1 0 0 1 1 1 1 0 1 0 0 1 0 1 0 0 1 0 0 0 0 0 1 1 1 0 0 0 1 1 0 0 1 1 0 1 1 1 1 0 0 0 0 0 1 1 1 0 0 1 0 0 1 0 1 0 1 0 1 1 0 0 1 1 0 1 0 1 1 0 1 1 0 0 0 1 1 1 0 0 1 1 0 1 1 1 0 0 0 0 1 1 0 0 0 1 0 0 1 0 0 1 0 0 1 0 1 1 1 1 1 0 1 0 0 1 1 1 0 1 0 1 0 0 1 0 1 0 0 1 1 1 0 0 1 1 0 0 1 1 0 0 1 0 1 0 0 1 0 1 1 0 0 0 0 0 0 0 0 0 0 0 0 0 1 1
0 1 0 0 0 0 1 1 0 1 0 1 0 1 1 1 0 1 1 0 1 0 1 1 1 0 0 0 1 0 1 1 0 0 0 1 1 0 0 1 1 0 0 0 1 0 1 0 0 1 1 0 1 1 0 1 0 1 0 0 0 1 0 0 1 1 0 0 0 0 1 0 0 0 1 0 1 0 1 1 0 0 0 1 1 1 1 1 0 1 0 1 1 0 0 0 0 1 1 0 0 0 0 0 1 1 0 1 0 1 1 0 1 0 1 0 1 1 1 0 0 0 0 1 0 0 1 0 0 1 0 1 1 1 0 1 1 1 0 1 0 0 1 0 0 0 1 1 1 0 1 0 0 1 0 0 1 1 0 0 0 0 0 0 0 0 1 1 0 0 1 0 0 1 0 1 1 1 1 1 1 0 1 0 0 0 0 0 1 0 0 1 0 0 1 1 1 0 0 1
1 1 0 1 1 1 1 1 0 0 0 1 0 1 1 1 0 1 0 1 1 0 1 1 1 1 1 0 0 0 1 1 0 0 1 0 1 0 0 0 1 1 0 0 1 0 1 1 0 1 0 1 1 1 1 0 0 1 1 1 0 1 0 1 0 1 1 1 0 1 0 1 1 0 0 1 0 1 0 0 1 0 0 1 1 0 1 0 0 0 0 0 1 1 1 1 1 0 0 1 0 1 0 1 1 1 1 1 0 0 0 0 1 1 1 1 1 0 0 0 1 1 1 1 0 0 0 0 0 0 1 0 1 0 0 1 0 0 0 0 0 1 1 1 0 1 1 0 0 1 1 0 0 0 0 0 1 1 1 0 0 1 1 1 0 0 0 0 1 0 0 1 0 0 1 1 0 1 1 1 1 1 0 1 1 1 1 0 0 1 1 0 1 1 0 1 0 1 0 1
0 0 1 1 0 1 1 1 0 1 1 0 0 0 0 1 0 1 0 1 1 0 1 1 1 0 0 1 0 1 0 0 1 1 0 0 0 0 0 0 0 1 1 1 1 1 0 1 1 0 1 0 1 1 1 0 0 0 1 0 1 1 1 1 1 1 0 0 0 1 1 1 1 1 0 1 0 1 1 0 0 0 0 0 1 0 1 0 1 0 0 1 0 0 1 0 1 1 1 0 0 0 0 0 0 1 0 1 1 1 1 1 0 0 0 1 1 0 1 0 0 0 0 1 1 1 0 0 1 1 1 1 1 0 0 1 1 0 0 0 0 1 0 0 1 0 0 0 1 1 0 0 0 0 1 1 1 1 1 1 1 0 0 0 0 1 1 1 1 0 1 1 0 1 1 0 0 1 0 1 1 1 1 0 1 0 0 0 1 1 1 0 1 1 1 1 1 1 1 0
0 0 1 0 1 0 1 0 1 1 0 1 1 1 0 1 1 1 0 0 1 1 0 1 0 0 0 1 0 0 0 1 0 0 0 0 0 0 1 0 1 0 0 0 1 1 0 0 1 1 1 1 0 1 1 1 1 0 0 1 0 0 0 0 1 0 1 1 1 0 1 0 0 0 1 1 0 1 1 1 0 0 0 1 1 0 1 0 1 0 0 0 0 0 1 1 0 0 1 1 0 0 1 0 0 1 0 0 1 1 1 1 1 0 1 1 1 1 0 0 1 1 1 0 0 1 0 1 0 0 1 0 1 0 1 0 1 0 1 0 0 0 0 1 1 1 1 1 0 0 0 0 0 0 1 0 0 0 0 0 1 1 1 1 0 0 0 0 1 0 1 0 0 1 1 1 1 0 1 1 1 0 1 1 1 1 0 1 1 0 1 1 0 1 0 0 0 0 0 0
1 0 0 1 1 1 1 0 0 0 1 0 1 0 0 1 1 0 1 0 0 1 0 0 0 0 1 1 1 1 1 0 1 1 1 0 1 0 1 0 1 0 1 1 0 0 1 0 1 1 1 0 0 0 1 1 0 1 1 1 1 1 1 0 0 0 1 1 0 1 0 1 1 1 1 0 0 0 1 1 0 0 0 1 0 0 1 0 0 1 0 0 1 1 1 0 0 0 1 1 0 1 1 1 0 1 0 0 0 0 1 0 1 0 0 1 1 1 1 1 0 1 0 1 0 1 1 0 0 1 0 1 1 0 1 0 0 1 0 1 0 0 1 1 0 0 1 0 1 0 1 1 1 1 1 1 1 1 1 1 0 1 1 1 0 0 0 1 1 0 0 1 0 1 0 1 0 0 0 0 0 1 0 0 0 0 1 0 1 1 1 0 0 1 0 0 1 0 1 1
1 1 1 0 1 0 1 1 1 1 1 1 1 1 1 0 1 0 0 0 0 1 1 0 0 0 1 1 0 1 0 0 0 1 0 0 1 1 1 1 1 1 1 0 1 1 1 1 0 0 1 0 1 0 1 0 0 1 1 1 0 0 0 1 0 1 1 1 0 0 0 1 1 1 1 0 1 1 1 1 0 1 0 1 1 0 0 1 1 1 1 1 1 1 0 0 1 0 0 0 1 0 1 0 0 1 1 1 0 0 1 0 1 1 1 0 1 0 1 1 1 0 1 1 1 0 0 0 1 0 0 1 1 0 1 1 0 0 1 1 1 1 0 1 1 1 1 0 1 1 0 1 0 1 1 0 1 1 0 1 0 0 1 1 1 1 0 0 0 0 1 1 0 1 0 1 1 1 0 1 1 1 0 1 0 0 1 1 1 1 0 0 0 1 1 0 0 0 0 0
0 1 1 0 0 0 1 0 1 1 1 1 1 0 1 1 0 0 0 1 0 0 0 1 1 1 1 1 0 0 0 0 0 0 1 0 1 0 0 1 1 0 1 0 0 1 1 1 0 1 1 1 1 1 0 1 1 1 0 1 1 1 1 0 1 1 0 0 1 0 0 0 1 0 0 0 0 0 1 0 0 1 1 0 0 0 1 1 0 1 1 1 1 1 0 1 1 1 0 1 1 1 0 1 0 0 0 0 1 0 0 1 1 1 1 1 1 1 0 0 0 0 1 0 0 0 0 1 0 0 0 0 1 1 1 1 0 1 1 0 1 0 0 1 1 0 0 0 1 1 0 0 1 1 0 1 1 1 1 1 0 1 0 1 1 1 0 0 1 1 0 1 1 1 0 0 0 0 1 1 1 1 1 0 1 0 0 0 0 1 1 1 0 1 1 1 0 0 0 0
0 0 0 1 1 0 1 0 1 0 0 0 1 1 0 0 1 1 0 1 0 0 0 1 0 0 1 0 1 1 0 1 0 1 1 1 0 1 1 0 1 1 0 1 1 1 1 0 1 1 0 0 1 1 1 0 0 0 1 0 0 1 0 0 1 0 1 1 0 0 0 0 0 1 1 0 0 0 0 1 1 1 1 0 1 0 0 1 1 1 0 1 0 0 0 0 1 1 0 0 0 0 0 1 1 1 1 0 0 1 1 0 1 0 0 1 0 1 1 0 0 1 0 0 0 1 0 1 0 0 0 1 1 0 0 0 0 0 1 0 1 0 0 0 0 0 0 1 1 1 0 1 0 1 0 1 0 0 0 1 1 1 1 1 0 1 1 1 0 0 0 0 1 1 1 0 0 0 1 0 1 0 0 0 1 1 1 0 0 1 1 1 1 1 0 1 0 1 0 0
0 1 1 0 0 0 0 1 0 1 0 1 1 1 0 0 1 1 0 1 1 0 1 0 0 1 0 1 1 1 1 0 0 1 0 1 1 0 1 0 0 0 1 1 1 1 1 1 0 1 1 1 0 1 0 0 0 0 0 1 1 0 1 0 0 1 0 1 0 1 0 1 1 1 0 1 1 1 0 1 0 0 0 1 1 1 0 0 0 0 0 0 0 1 0 1 0 1 1 0 0 1 0 1 0 1 0 1 1 0 0 0 1 0 1 0 0 1 0 0 1 1 0 0 0 1 0 0 1 1 1 1 0 1 0 0 1 1 1 0 1 1 0 0 1 0 1 1 1 1 0 1 1 1 0 1 0 0 1 1 0 1 0 1 0 0 0 1 1 1 0 0 0 1 0 1 1 1 0 1 1 1 0 1 0 0 1 0 1 0 1 1 0 0 0 0 1 0 1 0
1 0 0 1 0 1 1 1 0 0 0 1 0 0 0 0 0 0 0 0 0 0 0 0 0 0 0 1 1 1 0 1 1 1 1 0 0 0 1 1 0 1 0 1 1 0 1 1 0 1 1 1 1 1 1 1 0 1 1 0 1 0 0 1 1 1 1 0 0 0 0 1 1 1 1 0 1 0 0 0 0 0 1 1 0 1 1 0 1 1 0 1 0 0 0 1 0 1 1 1 1 1 1 0 1 0 0 0 1 1 1 1 1 1 0 0 1 1 0 0 0 0 1 1 0 0 1 0 1 1 1 0 1 1 0 1 1 0 0 1 1 1 1 0 1 1 0 1 0 1 0 0 0 1 1 0 1 0 1 0 1 1 1 1 0 1 0 0 0 0 0 1 1 0 1 1 1 0 1 0 0 1 0 1 1 1 0 0 0 1 0 1 0 0 1 0 0 0 0 1
1 0 1 1 0 1 0 1 1 0 1 1 0 1 0 1 0 1 0 0 1 1 1 0 0 0 0 0 0 1 1 0 0 0 0 1 1 0 0 0 1 0 0 0 0 0 0 1 0 1 1 1 0 0 0 0 1 0 0 1 1 0 0 0 0 1 1 1 0 1 0 1 1 0 1 1 0 1 0 0 0 0 0 1 0 1 1 1 1 1 0 0 0 0 1 0 0 0 0 0 0 0 0 1 1 1 0 0 1 0 0 1 1 0 0 0 0 1 1 1 0 0 0 1 1 0 0 1 0 0 0 1 1 0 1 1 1 0 0 0 1 0 0 0 1 0 0 1 0 0 1 1 1 1 1 0 1 1 1 1 0 1 1 0 0 0 1 0 0 1 1 0 1 0 0 0 1 0 0 0 1 1 1 0 0 1 0 1 0 1 1 0 1 1 0 0 0 1 1 1
0 1 0 1 1 1 1 0 0 0 0 1 0 1 0 0 0 1 0 1 0 1 0 1 0 0 0 0 0 0 1 0 1 0 1 0 1 0 0 0 1 0 0 0 0 0 1 1 0 0 1 0 0 1 1 1 0 0 0 0 0 1 1 1 1 0 0 1 0 0 0 1 1 1 1 0 1 0 1 0 1 1 1 0 1 0 1 0 0 1 1 0 0 0 0 0 0 1 0 0 1 0 0 0 0 1 1 0 1 0 0 1 0 1 1 0 0 1 0 1 0 1 0 1 1 0 1 0 0 0 1 1 0 0 0 0 0 1 0 1 0 1 0 1 0 0 0 0 1 0 0 0 1 1 0 1 1 0 1 0 1 0 0 1 0 0 1 0 1 0 1 1 1 1 0 0 1 1 0 1 0 1 1 1 1 1 0 1 1 0 0 1 1 0 1 0 0 1 1 0
1 1 1 0 1 1 0 1 1 1 0 0 0 1 0 1 1 1 1 0 0 0 0 0 1 1 0 0 0 0 0 0 1 1 1 0 1 1 1 1 0 0 1 1 1 0 0 1 1 0 0 1 1 0 1 0 1 0 1 0 0 0 1 0 1 1 0 1 1 0 1 1 0 0 1 1 0 0 1 0 0 1 1 0 1 1 1 1 0 1 0 1 0 0 1 0 0 0 0 1 1 1 1 1 0 0 1 0 1 1 1 0 1 1 1 1 1 0 1 0 1 1 0 0 0 1 0 0 0 1 1 1 1 0 1 1 1 1 1 1 1 1 0 0 0 0 1 0 0 1 1 1 1 0 1 0 1 0 1 0 0 1 1 0 1 0 0 1 0 1 0 1 1 1 0 0 1 1 1 1 1 1 0 1 1 1 1 1 1 0 0 0 0 0 1 0 1 1 0 1
0 1 1 1 1 1 0 0 0 1 0 0 1 1 0 1 0 0 0 0 0 1 0 1 1 1 1 1 0 0 0 1 0 0 1 1 1 1 0 0 0 1 0 1 1 0 0 0 1 0 1 1 1 0 0 1 1 0 1 0 1 0 0 0 1 0 1 1 1 0 0 1 1 1 0 0 0 0 0 1 1 1 0 1 1 1 0 1 1 1 0 0 1 0 0 1 0 0 1 0 1 1 0 0 1 1 0 0 1 1 0 1 0 1 1 0 0 0 0 1 1 0 1 0 1 1 1 0 0 1 0 0 1 1 1 0 0 0 1 0 0 1 1 1 0 0 1 0 0 1 1 1 1 0 1 1 0 1 0 1 0 0 0 1 1 0 1 1 1 0 0 1 0 1 1 1 1 1 0 0 1 1 1 0 0 1 0 0 1 0 0 1 1 1 1 1 1 0 0 0
0 1 1 1 1 1 0 1 0 0 0 0 1 0 0 1 1 1 1 0 0 0 1 1 1 1 1 0 0 1 0 1 0 0 0 1 1 1 1 0 1 0 0 0 1 0 0 1 0 0 0 1 0 0 1 1 0 0 1 1 1 0 0 1 0 1 0 1 1 0 1 1 1 1 0 1 1 0 0 1 0 1 1 0 0 1 0 0 1 1 1 0 1 0 0 1 0 0 0 1 1 0 1 1 1 0 0 1 0 1 1 1 1 1 0 1 0 1 1 1 0 1 1 1 1 1 0 0 1 1 1 1 0 1 0 1 0 0 0 1 0 1 1 0 0 0 0 1 1 1 0 0 0 0 0 0 1 1 0 1 1 0 1 0 0 0 1 0 1 1 1 0 1 1 0 0 0 0 0 1 0 1 1 0 0 0 1 0 1 1 1 1 0 1 1 1 0 1 0 1
0 1 0 0 0 0 0 1 0 1 0 0 1 0 1 0 0 1 1 0 0 0 1 0 1 1 1 1 1 0 0 1 1 1 1 1 0 1 1 0 0 1 1 0 1 1 0 0 1 0 1 1 0 1 1 1 0 1 0 0 0 0 0 1 1 0 0 1 1 0 0 0 1 0 0 0 0 1 1 0 1 1 0 0 1 0 0 1 0 1 0 1 1 1 0 0 1 1 0 1 0 1 1 1 1 1 1 0 0 0 0 1 1 0 1 0 1 0 0 1 0 1 0 1 1 0 1 0 1 0 0 1 1 0 1 0 0 0 0 1 0 0 1 0 0 0 0 0 0 1 1 1 0 0 1 0 0 0 0 1 1 1 0 1 0 1 0 1 1 1 1 1 0 0 0 0 1 0 1 0 0 1 0 0 0 1 0 1 1 1 1 0 1 0 1 1 1 1 1 1
0 0 1 0 1 0 0 0 1 1 0 0 0 0 1 1 1 1 0 0 0 0 1 0 1 1 0 0 1 1 0 0 1 0 0 0 1 0 1 0 0 0 1 1 0 0 1 1 1 0 0 0 0 1 1 1 1 0 0 1 0 1 0 1 0 0 1 0 0 1 1 1 0 0 0 0 0 1 0 1 0 0 0 1 0 1 0 0 1 1 0 0 1 0 0 0 0 1 1 1 1 0 0 1 0 1 1 0 0 0 1 1 0 0 1 0 1 0 1 1 0 0 1 0 1 1 1 1 1 0 1 0 0 1 1 0 0 1 0 1 1 0 0 1 1 0 0 1 0 1 1 0 0 0 0 1 1 0 1 0 0 0 1 1 0 0 1 1 0 0 0 1 0 1 1 1 0 0 1 1 1 0 0 0 1 1 0 0 0 1 1 0 0 0 1 0 1 1 1 0
1 0 0 1 0 1 0 0 0 1 0 0 0 1 1 0 1 1 1 1 1 1 0 1 1 0 0 1 0 1 0 1 1 1 1 1 0 1 0 0 0 1 1 1 0 0 0 1 0 0 0 1 0 1 1 0 0 1 0 1 1 1 1 0 0 0 0 0 1 0 1 1 1 0 1 1 1 1 1 1 1 0 1 0 0 0 1 0 0 1 1 0 1 0 0 1 1 0 1 0 0 1 0 0 1 0 1 0 0 1 0 0 0 0 0 1 1 1 0 0 1 1 1 0 0 0 1 1 1 1 0 0 0 0 1 0 0 0 1 1 1 1 0 0 0 1 0 1 0 1 1 1 1 1 1 1 0 0 0 1 0 0 1 1 1 1 1 0 0 0 1 0 0 0 0 1 1 0 0 1 0 1 1 1 0 0 1 0 1 0 0 1 1 1 1 0 1 1 0 0
1 0 0 0 1 0 1 0 1 1 1 1 0 1 0 1 0 0 1 0 1 1 0 1 1 0 1 0 0 0 1 1 1 1 0 1 0 1 1 0 0 1 1 1 0 0 0 0 0 1 0 1 0 1 0 0 0 0 1 1 1 1 1 1 1 1 0 1 0 0 1 0 0 0 0 1 0 0 0 0 0 0 0 1 0 0 0 1 1 0 1 1 0 1 0 0 1 1 1 1 1 0 1 1 0 1 1 1 0 1 0 0 1 1 1 0 1 0 0 1 1 0 1 1 0 1 0 0 0 1 0 0 1 1 1 0 0 0 0 1 0 0 1 1 1 1 0 1 1 0 1 1 0 1 1 1 0 0 1 1 0 1 1 1 0 1 0 0 1 1 1 0 0 0 0 0 1 0 0 1 1 0 1 1 1 0 0 0 0 0 1 0 1 0 1 0 0 1 1 0
0 1 0 1 0 1 1 1 0 1 0 1 0 0 0 0 0 1 0 0 1 1 1 0 0 0 1 1 0 1 0 0 1 0 1 0 1 1 0 1 0 0 0 1 0 1 0 1 1 0 1 1 1 1 1 1 0 0 0 1 0 1 1 1 1 1 0 1 1 1 1 0 1 1 1 1 0 1 0 1 1 1 0 1 0 1 0 0 0 0 1 1 0 0 1 1 1 1 1 0 0 1 1 1 1 1 1 1 1 1 1 0 0 1 1 0 1 0 1 1 0 0 0 0 0 1 1 1 0 0 0 1 0 1 0 0 0 1 1 1 1 0 1 1 0 1 0 0 0 0 0 0 0 1 1 0 1 1 0 0 0 0 1 1 1 0 0 1 1 1 1 1 1 1 0 1 1 1 1 1 1 0 1 0 0 1 1 0 0 0 1 1 0 1 0 1 0 0 1 1
0 1 0 0 1 1 1 1 0 0 0 1 1 0 0 0 0 1 1 1 0 1 0 1 1 1 1 1 0 0 0 1 1 1 0 1 1 1 0 0 0 0 1 0 1 0 0 0 0 1 0 0 0 0 0 1 1 1 1 1 1 0 0 0 0 1 0 1 0 0 1 0 0 0 0 0 0 1 0 1 1 0 0 0 1 1 1 1 1 0 0 1 0 1 1 0 1 0 1 1 1 1 0 0 0 0 0 0 1 1 1 0 1 0 0 0 1 0 0 1 0 0 0 1 1 1 1 1 0 0 1 0 0 1 0 0 0 1 1 1 1 1 0 1 1 0 1 0 0 0 0 1 0 1 1 1 1 1 1 0 0 0 1 1 1 0 0 1 0 1 0 0 0 0 1 0 0 1 0 0 0 0 0 0 1 0 1 1 1 1 1 0 0 1 1 1 0 1 0 0
1 1 0 1 1 1 1 0 0 1 1 0 0 1 1 0 0 1 0 0 0 1 1 1 1 1 1 0 1 1 1 1 0 0 0 1 1 0 0 0 1 1 0 0 1 1 0 0 0 0 0 1 0 1 1 0 1 1 0 1 1 1 0 0 1 0 0 1 1 1 1 0 1 1 1 1 1 1 0 0 1 1 1 0 0 1 0 1 1 0 0 1 1 1 0 0 1 0 1 0 1 0 1 0 0 0 0 1 0 0 0 1 1 1 1 1 1 0 1 1 0 0 0 1 0 1 0 1 0 0 0 0 1 0 0 0 1 0 0 1 1 0 0 0 0 1 1 0 1 0 0 1 1 0 0 0 1 0 1 0 0 0 0 0 0 0 1 0 0 1 0 1 0 1 1 1 1 0 0 1 0 1 0 1 1 0 1 1 0 1 0 0 1 1 0 1 1 0 1 1
0 0 0 0 1 0 0 1 1 1 0 1 1 1 1 0 1 0 1 1 1 1 0 0 1 0 0 1 0 0 1 0 1 1 0 0 0 0 1 0 0 0 0 0 0 1 0 1 0 0 0 1 1 1 1 0 1 1 0 0 1 1 0 0 0 0 1 1 0 1 0 1 0 1 1 0 0 1 1 0 1 0 0 0 1 0 1 1 1 1 1 1 1 1 1 1 0 1 1 0 0 0 1 0 0 0 1 0 1 0 1 0 0 1 1 1 0 1 1 1 0 1 1 0 1 1 1 1 0 1 0 0 0 1 0 1 1 1 1 1 0 0 1 1 0 1 0 0 0 1 0 0 0 0 1 0 1 1 1 1 0 1 0 0 0 0 1 1 1 1 1 1 0 1 1 1 1 0 0 0 0 0 1 1 0 1 0 0 0 1 1 1 0 1 0 1 0 0 1 1
1 0 1 0 0 0 1 1 0 1 0 0 1 0 0 0 1 0 1 0 1 1 1 1 1 0 1 0 0 0 1 0 1 0 0 1 0 0 0 1 1 1 1 1 1 1 0 1 1 1 0 1 1 1 1 0 1 1 0 0 1 0 0 0 1 0 0 1 0 0 0 0 1 0 0 1 1 0 0 1 0 1 1 0 0 0 1 1 0 1 0 1 0 0 0 1 1 0 1 0 0 0 1 0 0 1 0 0 0 0 0 0 1 1 1 1 1 1 0 1 1 0 1 0 1 1 1 0 1 0 1 1 1 1 1 0 0 1 0 0 1 1 1 1 1 0 0 1 0 0 1 1 1 0 0 0 0 1 0 0 0 0 0 0 0 1 1 1 0 1 1 1 1 1 0 0 0 1 1 0 1 0 0 0 0 1 1 0 0 1 0 1 1 0 1 0 0 1 1 1
0 1 0 1 0 1 1 1 0 1 0 0 0 1 1 1 1 1 1 0 0 0 1 0 0 0 1 1 1 1 1 1 1 1 0 1 0 1 1 0 1 0 1 1 0 1 1 0 0 1 0 0 1 0 0 1 1 1 0 1 0 0 0 1 0 1 1 1 0 0 0 0 0 1 0 1 0 0 1 1 0 1 1 1 0 0 1 0 0 1 0 1 1 1 0 0 1 0 1 0 1 0 0 1 0 1 1 0 1 1 0 0 0 0 1 0 0 0 1 1 1 1 1 1 1 0 1 0 0 1 0 1 0 0 0 1 1 0 0 0 0 0 0 0 1 1 1 0 0 1 1 0 1 0 1 1 0 0 0 0 1 1 1 0 1 1 0 1 0 1 1 1 1 0 1 0 1 0 0 1 0 0 1 0 1 1 0 0 1 0 1 1 0 1 0 0 1 1 0 0
0 0 0 0 1 1 1 1 0 0 0 1 1 0 1 0 0 1 1 1 0 1 0 0 0 0 1 1 1 0 0 1 1 1 1 1 1 1 0 1 1 0 1 0 1 1 0 0 0 0 0 1 0 0 1 0 0 0 1 1 1 1 0 1 0 0 0 0 1 0 1 0 0 1 1 1 1 1 1 0 1 0 0 1 0 0 0 1 1 0 1 0 1 0 1 1 0 1 1 0 0 0 0 1 1 0 0 0 1 0 0 0 1 0 0 1 1 0 1 1 1 0 1 0 0 1 1 0 0 1 1 1 1 1 1 1 1 1 1 0 1 0 1 0 1 0 0 0 0 1 1 1 0 0 0 0 1 0 1 0 1 0 1 0 1 1 1 0 0 0 0 0 0 1 0 0 1 1 0 1 1 1 1 0 1 1 0 1 0 0 1 1 0 0 1 1 1 0 1 0
1 0 0 0 1 0 1 1 0 1 1 1 0 1 1 0 0 1 1 1 1 0 0 1 0 1 0 1 0 0 0 0 1 0 0 0 0 1 1 1 1 1 1 0 0 0 1 0 1 0 0 1 1 1 0 0 1 1 1 1 1 0 1 1 1 0 1 0 0 1 1 1 1 0 1 0 1 1 0 1 0 1 1 0 0 0 0 1 1 0 0 0 0 0 0 1 0 0 1 1 1 0 1 1 1 0 0 0 1 0 0 1 0 0 0 0 1 1 1 0 0 1 1 0 1 0 1 0 0 0 0 0 0 0 1 0 0 1 0 0 0 0 0 0 0 0 0 0 1 0 1 1 0 0 0 0 0 1 0 0 0 1 1 1 0 0 1 1 1 1 0 0 1 1 0 1 0 0 1 0 0 0 0 1 1 0 1 1 1 0 0 1 0 1 1 1 1 0 0 1
0 0 0 0 0 0 1 1 1 1 1 0 0 0 0 0 1 1 1 0 0 1 0 1 0 1 1 1 0 1 1 1 1 1 0 1 0 1 0 1 0 1 0 0 0 0 1 0 1 1 0 0 1 1 0 0 0 0 0 1 0 1 1 0 1 0 1 0 0 1 0 1 1 1 1 1 0 0 0 1 0 0 0 0 1 0 0 1 0 1 1 1 1 0 0 1 0 0 0 1 1 1 1 1 0 0 0 0 0 1 0 1 1 0 0 1 1 0 0 1 1 1 0 1 0 1 0 1 0 0 1 1 0 1 1 1 0 0 0 0 0 1 0 1 1 1 0 1 0 1 0 0 0 1 1 0 1 0 0 0 1 1 0 1 1 0 0 0 1 0 0 1 0 1 1 0 1 1 1 0 0 0 1 0 0 1 0 0 1 0 0 0 0 1 0 1 0 1 1 1
1 0 1 1 1 1 0 0 0 0 1 1 1 0 1 0 0 1 1 0 0 1 1 0 0 0 0 0 1 0 0 1 1 0 0 0 1 1 1 1 1 0 0 0 0 0 1 1 0 1 0 1 1 1 1 0 0 1 1 0 0 0 1 0 1 0 0 1 1 1 1 1 0 0 0 0 0 0 0 0 0 1 0 0 0 1 1 0 0 0 0 0 1 0 1 0 1 0 1 1 1 0 0 0 1 0 1 1 1 1 0 0 0 0 0 0 1 1 0 0 0 0 1 0 1 0 0 1 1 1 0 1 0 1 1 1 0 0 0 0 0 1 0 1 1 1 0 0 0 0 1 1 0 1 0 1 0 0 1 1 1 1 0 1 0 1 1 0 0 0 0 0 0 1 1 1 1 1 1 0 1 0 1 1 0 0 0 0 0 1 1 1 0 0 1 1 1 1 1 0
0 0 0 1 1 1 1 0 0 1 1 0 0 1 1 0 0 0 0 0 1 0 0 0 1 0 0 0 0 1 1 1 0 0 1 0 0 1 1 0 0 0 1 0 1 1 1 1 1 1 1 0 1 0 1 1 0 0 0 1 1 0 1 1 0 1 0 1 0 1 1 1 0 1 0 0 1 0 1 1 0 0 1 1 1 1 0 1 1 1 1 0 1 0 1 1 1 0 1 0 1 0 1 1 1 0 0 1 1 1 0 0 1 0 0 1 0 1 0 1 0 0 0 0 0 0 0 1 0 0 1 1 1 0 1 1 0 1 1 0 1 1 0 0 0 1 1 0 0 0 1 0 0 1 0 0 0 0 1 1 0 1 1 1 0 1 1 1 0 1 1 1 1 0 1 0 1 0 0 1 0 1 0 0 0 0 0 1 1 1 0 1 1 0 0 1 1 1 0 0
1 1 0 0 0 0 1 1 0 1 1 0 0 1 0 0 1 1 1 1 0 0 0 0 0 0 0 1 1 1 1 0 0 0 1 0 1 0 1 0 1 0 0 1 0 0 0 0 1 1 0 0 1 0 0 0 1 1 0 1 0 1 0 1 0 0 0 1 1 1 0 0 0 0 0 0 1 0 1 1 0 1 0 1 1 1 0 0 0 0 0 0 0 1 0 1 0 1 1 0 1 0 0 0 1 1 0 1 1 0 0 0 1 1 1 1 1 1 0 1 1 1 1 0 0 1 0 0 0 0 1 0 0 1 1 0 0 0 1 1 0 1 0 0 1 0 0 0 1 0 0 1 0 0 0 0 1 1 0 1 1 1 0 0 1 1 0 1 0 0 1 0 0 0 1 0 0 1 1 0 0 1 0 0 0 1 0 1 0 1 1 0 1 1 1 0 0 1 1 1
0 0 0 1 1 1 0 1 1 0 1 1 1 0 1 0 1 1 1 1 1 1 1 1 1 0 0 0 0 1 1 0 0 0 1 1 0 0 1 1 0 0 1 1 1 1 0 0 1 1 1 1 1 1 0 1 0 1 0 1 0 0 0 0 0 0 0 0 1 1 1 1 0 1 0 0 1 1 1 1 1 1 0 0 0 0 1 1 0 1 0 0 0 0 1 1 0 1 1 1 1 0 0 1 0 0 0 0 0 1 0 0 0 1 0 0 1 0 0 0 0 0 1 1 1 1 0 0 0 0 0 1 1 0 0 1 0 0 1 0 0 0 1 0 1 1 1 1 1 1 0 0 1 0 1 1 0 1 0 1 0 0 0 0 0 1 0 0 1 0 1 0 0 0 1 0 0 1 1 0 0 0 0 1 1 1 1 1 1 0 0 0 0 0 0 0 0 0 1 1
0 1 0 1 0 0 1 0 0 0 0 0 0 0 1 0 0 0 0 1 0 0 0 1 1 0 1 0 0 0 1 0 1 1 0 1 0 1 0 1 1 1 1 1 1 0 0 0 1 0 1 1 0 0 1 0 0 1 1 1 0 1 1 1 0 0 0 0 1 0 0 1 0 1 0 0 0 0 0 1 0 0 1 0 1 1 1 1 1 1 1 1 0 0 1 0 0 0 0 0 1 0 1 0 1 1 1 1 1 0 0 1 0 1 1 0 0 0 0 0 0 1 1 1 0 1 0 1 1 0 1 1 1 1 0 1 1 1 0 0 1 0 1 1 0 1 0 1 0 0 0 1 0 1 0 1 0 0 1 0 0 1 1 0 1 1 0 1 1 0 1 0 1 0 1 1 1 0 0 0 0 0 1 0 0 1 0 0 0 0 1 0 0 0 0 0 1 1 0 0
1 1 1 0 0 1 0 1 0 1 1 0 1 0 1 0 0 1 1 0 0 0 0 1 1 1 0 1 0 1 1 0 0 1 1 0 0 1 0 1 0 0 1 0 1 1 1 0 0 0 0 1 0 1 0 1 0 1 0 1 0 0 0 1 1 1 1 1 1 0 0 1 0 1 1 1 1 1 0 0 0 0 1 1 1 1 1 1 1 0 1 0 1 0 0 1 1 0 0 0 0 1 0 1 0 1 0 0 0 0 1 1 0 0 1 1 0 0 1 0 0 0 1 1 0 0 1 1 0 1 0 0 0 0 0 1 0 0 0 1 0 1 0 0 1 0 0 0 0 0 1 1 1 0 0 0 0 0 0 1 0 0 1 1 0 0 1 0 0 0 1 1 1 0 1 1 1 1 1 0 1 0 0 0 1 0 0 0 0 0 1 0 1 1 0 0 0 0 1 0
1 1 1 1 1 1 1 1 0 0 1 0 1 1 0 1 1 0 0 0 1 0 0 0 0 0 0 0 1 0 0 0 1 1 1 0 0 1 1 1 1 1 1 0 0 1 0 0 0 1 0 0 0 0 0 1 0 1 0 1 0 0 0 1 1 1 1 1 0 1 1 1 0 0 0 1 0 1 1 0 0 1 1 1 0 0 0 0 0 1 1 1 1 1 1 0 0 1 1 0 0 1 0 0 1 0 1 1 1 0 0 1 0 0 0 0 1 1 1 0 1 1 1 0 1 1 1 1 1 0 1 1 1 1 0 0 0 0 0 0 0 0 0 0 1 1 1 1 1 0 1 0 0 1 1 0 1 1 1 0 0 0 0 0 1 0 1 1 1 1 0 0 0 1 0 0 0 1 0 0 0 1 1 0 0 1 1 1 0 0 1 1 0 0 1 0 0 1 0 0
1 1 1 1 1 1 1 1 1 0 1 1 1 0 0 0 1 1 0 1 0 1 0 1 1 1 1 0 1 1 1 1 0 0 0 0 0 0 0 1 1 0 1 1 0 0 0 0 0 1 1 1 0 0 0 0 1 0 0 0 0 0 0 1 0 1 0 0 0 1 0 0 0 1 0 0 0 0 1 1 0 0 0 1 1 0 0 1 1 1 1 1 0 0 1 0 1 0 1 0 0 0 1 0 0 1 1 1 0 0 0 0 0 1 1 0 1 1 1 0 1 1 0 1 0 0 0 0 1 0 1 0 0 1 1 1 1 1 1 1 0 0 0 0 0 0 0 0 0 1 0 1 0 0 1 1 0 1 1 1 1 1 1 0 1 0 1 0 0 1 0 1 0 0 1 1 1 1 1 1 0 1 0 0 1 0 1 0 1 0 1 1 1 0 0 1 0 1 1 0
1 0 1 1 0 0 0 1 0 1 1 0 0 0 1 1 1 1 0 1 1 1 0 0 1 0 0 0 0 1 1 1 1 0 0 1 1 1 0 1 1 1 1 0 1 0 0 1 0 0 1 0 0 1 0 1 1 1 0 0 0 1 1 1 0 1 0 0 1 0 0 0 1 0 1 0 1 1 0 0 0 1 0 1 0 1 1 1 0 0 1 1 1 1 1 0 1 0 0 1 1 0 0 0 1 1 1 0 0 0 1 1 1 0 0 1 0 1 0 0 1 1 1 0 0 1 1 0 0 0 1 1 0 1 1 0 1 1 1 1 0 0 1 1 1 1 0 0 1 1 1 1 1 0 1 1 0 0 1 0 0 1 1 1 0 1 1 1 1 0 0 0 1 1 1 1 0 0 0 1 0 1 0 0 0 1 0 0 1 1 1 0 0 0 0 1 1 1 1 1
1 1 1 1 0 0 0 0 1 1 1 0 1 0 0 1 1 0 0 1 1 0 0 1 0 0 1 0 0 1 0 1 1 0 1 1 0 0 1 0 0 0 1 0 0 0 0 0 0 1 1 1 1 1 0 1 0 1 0 0 1 0 1 1 1 0 1 1 0 0 1 0 1 1 1 0 1 0 0 1 1 0 1 1 0 1 1 0 1 1 1 0 0 1 1 0 0 1 1 1 0 0 0 1 0 0 1 1 1 0 1 0 1 0 1 0 0 1 0 0 1 1 0 1 1 0 0 1 1 1 0 0 0 1 1 1 0 0 0 1 1 1 0 0 0 1 0 0 0 1 1 1 1 0 1 1 1 1 0 0 1 0 1 0 0 0 1 1 1 0 0 1 0 1 1 0 0 1 1 0 1 0 0 1 1 1 0 1 0 1 0 0 0 1 1 0 1 0 1 1
0 0 0 1 1 0 0 0 1 0 1 0 1 1 0 0 0 0 0 0 0 1 1 0 0 1 0 1 1 1 0 0 1 0 0 0 0 0 1 0 1 0 1 0 0 0 1 1 0 1 0 0 0 1 1 0 1 1 1 1 0 0 0 1 1 0 0 1 0 1 1 0 0 1 0 0 1 1 0 1 1 1 1 0 0 0 0 0 0 0 0 1 0 0 0 1 0 1 0 0 1 1 0 0 1 0 1 1 1 0 1 1 1 1 1 1 0 0 0 1 0 1 0 1 1 0 1 1 0 1 1 1 0 1 1 1 1 0 0 1 0 0 1 1 1 1 0 1 1 1 1 1 0 0 1 1 0 0 1 0 0 0 0 0 1 0 0 0 1 0 1 0 1 0 1 0 1 0 1 1 1 1 0 0 1 0 1 0 1 0 1 0 1 0 1 1 1 0 0 1
0 1 0 1 0 0 0 0 0 1 0 1 1 1 1 1 1 0 1 0 1 1 0 0 1 0 1 1 1 0 1 0 1 0 1 0 0 0 0 1 0 1 0 0 1 1 0 1 1 0 0 1 0 1 0 1 1 0 0 1 1 1 1 1 1 1 0 0 1 0 0 0 0 0 1 0 0 1 0 0 1 0 1 1 1 1 1 0 0 1 0 1 0 0 0 1 1 0 1 1 1 0 1 0 1 1 1 1 0 0 0 1 0 1 0 1 0 1 1 1 0 0 0 1 1 1 0 1 1 1 0 1 0 0 1 1 0 0 0 0 0 1 1 0 0 1 1 0 1 1 0 1 0 0 0 0 0 1 1 1 1 0 0 1 0 1 0 1 0 0 0 0 1 0 0 1 1 0 0 1 0 0 0 0 1 0 1 1 1 0 0 0 0 0 1 0 0 1 0 0
0 0 1 0 0 1 1 0 0 0 1 0 0 0 1 1 1 0 0 0 1 0 1 1 1 0 1 1 1 1 0 1 1 0 0 1 1 0 0 0 1 0 0 1 0 1 1 1 1 1 0 0 0 0 0 0 0 1 0 0 1 1 1 0 1 0 0 0 1 1 1 0 0 0 1 0 0 1 1 0 1 1 0 0 1 0 0 1 1 1 0 0 0 0 0 0 1 0 0 1 0 1 1 1 1 1 0 1 1 0 1 1 0 1 0 1 0 1 0 1 1 1 1 0 1 0 1 1 0 1 0 1 1 1 0 1 0 0 0 1 1 1 1 0 1 0 1 0 0 1 1 0 0 0 0 1 0 0 1 1 0 1 1 0 1 0 0 0 1 0 1 0 0 0 0 1 0 1 0 0 0 0 0 1 1 1 1 0 1 0 1 0 0 0 1 0 0 1 1 1
1 0 0 0 0 1 0 1 0 0 1 1 1 0 0 1 1 0 0 1 0 1 1 0 1 1 0 0 0 0 1 1 0 1 1 1 1 0 0 0 1 0 1 0 1 0 0 0 1 1 0 1 0 0 0 1 1 0 1 0 0 0 1 0 1 1 1 0 0 1 0 1 0 1 0 1 1 1 0 0 0 1 1 1 0 0 1 1 1 1 0 1 0 0 0 1 0 1 0 0 0 1 1 0 0 1 1 0 0 1 1 1 1 1 1 0 1 0 1 0 0 0 0 0 1 0 0 1 1 1 0 0 1 1 0 1 1 0 1 1 1 0 0 1 1 0 1 1 1 1 1 0 0 1 0 1 0 0 0 1 0 0 0 1 0 1 1 1 0 1 1 1 0 1 1 1 1 1 0 1 1 0 0 1 0 0 0 1 1 1 0 1 0 0 1 1 0 1 1 1
1 1 1 1 1 0 0 1 1 0 1 0 0 0 0 0 1 1 1 0 1 0 1 0 0 1 0 1 1 1 1 0 0 1 0 1 1 1 0 0 1 0 0 1 1 0 1 1 0 1 0 0 0 1 1 0 1 0 0 0 0 1 1 1 0 1 1 1 0 1 1 0 1 0 1 1 0 1 1 1 1 1 1 1 0 0 0 1 0 1 1 0 0 1 0 1 1 1 0 1 1 1 1 0 0 0 0 0 1 1 1 0 1 0 0 0 0 0 0 0 0 0 0 1 1 1 1 0 0 0 1 0 1 1 0 0 1 0 0 1 0 1 1 0 0 0 1 0 1 1 0 1 0 0 0 0 0 1 0 0 0 0 0 0 0 0 1 0 1 1 0 1 0 1 1 0 0 1 1 1 1 0 1 1 1 1 0 1 0 1 1 0 1 1 0 1 1 0 1 0
1 1 1 0 0 1 1 1 1 0 0 1 1 1 0 0 0 0 1 1 1 0 1 1 0 0 1 0 1 0 0 0 1 1 1 1 0 1 1 0 1 0 1 0 0 0 1 0 1 0 0 1 1 0 0 1 1 1 1 0 0 1 1 1 0 1 1 1 1 0 1 1 0 1 1 0 1 1 1 1 1 0 1 1 0 1 0 0 1 0 0 0 1 1 0 1 1 1 0 0 1 0 1 1 0 1 1 1 0 1 1 1 1 1 1 1 1 0 0 1 0 0 0 0 0 0 0 1 1 0 0 1 0 1 1 1 1 0 0 0 0 0 1 1 0 1 1 0 0 0 0 0 1 0 1 1 1 0 1 1 1 0 0 1 0 0 1 0 0 1 0 0 1 1 1 0 1 1 0 1 1 1 1 0 0 1 0 1 0 0 1 0 1 1 0 1 0 0 1 0
0 0 1 1 0 1 0 0 1 0 1 1 0 0 0 1 1 0 1 1 1 0 1 0 0 0 1 1 1 0 1 1 0 1 1 0 1 0 0 1 1 0 0 1 1 1 0 1 0 0 0 1 1 1 0 0 1 1 0 0 0 0 0 0 1 0 1 0 1 0 0 1 1 1 0 0 1 0 0 1 0 0 0 0 0 1 0 1 1 0 1 0 1 1 0 0 1 1 1 0 1 1 1 0 1 1 1 1 1 0 0 1 1 0 0 1 0 0 1 1 1 1 0 0 0 0 0 1 1 1 0 1 1 1 1 0 0 1 0 0 0 1 1 0 0 0 0 0 1 0 1 0 0 1 1 1 1 0 0 0 0 0 0 0 0 1 0 0 1 1 1 0 0 0 0 0 1 0 0 0 0 0 0 1 1 0 1 1 0 1 1 0 1 1 0 0 1 0 0 0
1 1 1 1 0 0 0 0 0 0 0 0 0 0 1 0 0 0 1 1 0 1 0 1 1 1 0 1 1 0 1 0 0 0 0 1 1 1 1 1 0 0 0 1 0 0 0 1 1 1 0 0 0 0 0 1 0 0 0 0 0 0 0 1 0 0 0 1 0 1 0 0 1 1 1 1 1 0 0 0 1 1 1 0 0 0 1 1 0 1 1 1 1 0 0 1 0 0 0 0 1 0 1 0 1 0 1 0 1 1 1 0 1 1 1 0 0 1 1 1 1 1 0 0 1 0 0 1 1 1 1 0 1 0 0 0 1 1 0 0 0 0 0 0 1 1 1 1 1 0 1 0 0 0 1 1 0 1 0 0 1 1 1 0 0 1 1 0 0 0 0 0 0 0 1 1 1 1 0 1 0 1 0 1 1 0 1 1 0 0 1 0 0 1 1 1 0 0 1 0
1 1 0 1 1 0 0 0 0 1 0 0 1 1 1 0 0 0 1 1 1 1 1 0 0 0 0 1 0 0 1 0 0 1 0 0 1 1 0 0 1 0 0 1 0 0 0 0 0 1 0 0 0 0 0 1 0 0 0 0 1 0 1 1 1 1 1 0 0 1 0 0 1 0 1 0 1 0 1 1 0 1 1 0 1 1 1 1 1 0 0 0 1 0 1 0 1 0 1 0 1 0 1 1 0 0 0 0 0 0 0 1 1 1 0 0 0 0 1 0 0 1 0 0 0 1 0 1 1 0 1 1 0 1 0 1 0 1 1 0 0 0 1 0 1 0 1 1 1 1 0 1 1 1 1 0 1 0 1 1 0 1 1 0 1 1 0 1 1 0 0 0 1 1 0 0 0 1 1 0 1 0 1 0 1 1 0 0 1 1 0 1 0 1 1 0 1 0 1 1
1 1 1 1 1 1 0 1 1 1 1 1 0 0 1 0 0 1 1 0 1 0 1 0 1 0 1 0 0 0 1 0 1 0 1 1 1 0 0 1 1 1 0 0 0 1 1 1 0 1 0 0 1 0 1 1 1 0 1 1 1 1 1 0 0 1 1 1 0 0 1 0 0 1 0 1 0 0 1 0 0 0 1 1 0 1 1 1 0 0 0 0 0 1 0 1 0 1 0 1 1 1 1 0 0 1 1 0 1 1 0 0 1 1 0 1 0 0 1 1 1 1 0 0 0 1 1 1 1 1 1 0 1 0 0 0 1 0 0 0 1 0 1 0 0 1 0 0 1 1 0 0 1 1 1 1 0 0 1 1 0 1 0 0 1 0 1 1 1 0 1 0 0 1 1 1 0 0 1 0 1 1 0 1 1 1 1 1 1 0 0 1 0 1 1 1 0 1 1 0
0 1 1 0 1 1 1 0 1 1 0 1 1 1 1 0 0 1 0 0 1 1 1 1 0 1 0 0 1 0 0 1 1 0 0 0 0 0 0 1 1 1 1 0 0 0 0 1 1 1 1 1 0 1 0 1 0 0 1 1 1 0 0 1 1 0 1 0 0 1 0 1 0 0 1 0 0 0 0 0 0 0 1 0 0 1 0 0 1 0 1 0 1 0 0 1 1 0 0 1 1 0 0 1 1 0 1 0 1 1 1 1 1 1 0 0 1 0 0 1 1 0 0 1 0 1 1 0 0 0 0 1 0 1 1 0 1 0 0 0 1 1 1 1 1 0 1 0 0 0 1 0 1 0 1 1 0 0 1 1 0 1 0 0 1 1 0 1 0 1 1 1 0 1 0 1 0 0 0 1 1 1 0 0 0 1 1 0 0 1 0 0 0 0 0 1 0 0 1 1
0 0 0 1 0 1 0 1 0 0 1 0 1 1 0 1 1 1 1 1 1 1 1 0 1 1 1 1 1 1 1 0 1 0 1 0 0 0 1 1 1 0 1 1 0 0 1 0 1 1 0 0 1 1 1 1 1 1 1 0 0 1 1 0 0 0 0 0 0 0 1 1 0 0 0 1 1 0 0 0 1 1 0 1 1 1 0 1 1 0 1 1 1 1 0 1 1 1 0 1 0 0 0 0 1 0 1 1 1 0 0 1 0 1 0 1 0 1 1 1 0 0 0 1 1 1 0 1 0 1 1 1 1 0 1 1 1 1 0 1 1 1 1 0 0 1 0 0 0 0 0 1 1 0 1 1 0 1 1 1 0 1 1 0 0 0 1 0 1 1 1 0 0 1 1 1 0 1 0 1 1 1 0 1 1 1 0 1 0 1 0 1 1 1 1 0 0 0 0 0
1 1 0 1 1 0 0 1 1 1 0 1 0 1 0 1 0 1 0 1 0 1 1 1 0 1 1 0 1 1 1 1 1 0 0 0 1 1 0 0 0 1 1 0 1 0 1 0 1 1 1 0 0 0 0 0 1 1 0 0 0 0 1 1 1 1 0 1 1 1 0 0 1 0 0 1 1 0 1 0 0 0 0 1 0 0 1 1 0 1 0 0 1 0 1 1 1 0 1 1 1 0 1 1 1 1 1 1 1 0 0 0 1 1 1 0 1 1 1 0 1 0 0 0 0 1 1 1 0 1 0 1 0 1 0 0 0 1 1 0 1 0 1 1 1 0 0 0 0 1 1 1 1 1 1 1 0 0 0 1 1 1 1 0 1 1 1 0 1 0 1 0 1 0 0 1 0 1 0 0 0 0 0 1 0 0 0 1 1 0 1 0 1 0 1 1 0 0 1 0
1 1 1 1 1 1 1 1 1 1 1 1 1 0 1 1 0 1 0 1 0 0 0 0 1 1 0 0 1 0 0 1 0 0 0 0 0 0 0 1 0 1 0 1 1 1 1 0 1 0 1 0 0 0 1 0 0 0 0 1 1 0 0 1 1 0 1 1 1 0 0 0 0 1 0 0 0 0 0 1 1 1 1 0 1 1 1 0 0 0 0 0 0 0 1 0 0 1 0 0 1 0 1 0 0 1 0 0 0 0 0 0 1 0 0 0 1 1 0 0 1 0 1 1 0 0 0 0 1 1 0 1 0 0 0 1 0 0 0 0 1 0 0 1 0 0 0 0 0 1 1 1 0 1 0 1 1 0 0 1 0 0 0 0 1 1 0 1 1 1 0 1 1 0 0 1 0 0 1 1 0 0 1 1 1 0 1 0 1 1 0 0 0 0 0 1 0 1 1 1
1 1 1 1 0 0 1 0 1 1 1 0 0 1 0 0 0 0 0 0 1 0 1 1 0 1 0 0 0 1 0 1 0 0 1 0 1 0 0 1 0 1 1 1 0 0 1 1 1 0 0 0 1 1 0 1 0 1 0 1 0 0 0 0 0 0 0 1 0 0 1 1 0 1 1 0 1 1 1 0 0 0 0 0 0 1 0 1 1 1 0 1 1 0 1 1 0 1 1 0 0 1 0 0 0 0 1 0 1 1 0 0 1 1 1 1 1 1 0 1 1 0 1 0 1 0 1 1 0 1 1 0 0 1 0 0 0 1 0 1 0 1 1 0 0 0 1 1 0 0 0 0 0 0 1 0 1 1 0 0 1 0 0 1 0 1 0 0 0 0 0 1 1 1 0 1 0 0 0 0 0 1 0 0 1 0 0 0 1 0 0 0 0 0 0 0 1 0 1 0
1 0 0 0 0 1 1 1 0 1 0 0 0 0 1 1 0 1 1 0 0 0 0 1 0 1 1 0 1 1 0 0 0 0 1 0 1 0 1 0 0 1 1 0 1 1 0 1 1 0 0 0 1 1 0 0 1 0 1 1 0 1 0 1 0 1 0 0 1 0 1 1 0 0 1 1 1 0 0 1 0 1 0 0 0 0 1 1 1 0 0 0 0 1 1 1 0 1 1 1 0 1 1 0 0 1 0 0 1 1 1 1 0 0 1 0 0 0 0 1 0 1 0 0 0 0 0 0 1 0 1 1 0 0 1 0 1 1 0 0 0 0 0 0 0 0 1 1 1 1 1 0 1 1 1 1 1 1 1 1 0 0 0 0 1 1 1 0 0 0 1 1 1 0 0 0 0 1 0 0 1 0 0 0 0 0 0 0 0 1 0 0 1 1 0 0 0 1 0 0
0 1 1 0 1 1 0 1 0 0 0 0 0 1 1 1 0 0 1 0 0 1 1 0 0 1 0 0 0 1 0 0 0 1 1 0 0 1 0 0 0 1 1 1 0 1 0 1 1 1 1 1 1 1 1 1 0 1 1 0 1 0 1 0 0 0 0 1 0 0 0 0 0 0 0 0 1 0 1 0 0 1 1 1 1 0 0 1 1 0 0 0 1 0 0 0 0 1 0 1 1 1 1 0 1 0 0 1 1 0 0 1 0 0 1 0 0 1 1 0 1 0 1 1 0 1 0 1 1 0 1 0 0 0 0 1 0 0 0 0 0 1 0 0 0 1 1 1 0 1 1 1 0 0 1 0 1 0 0 0 1 1 1 1 0 1 1 0 0 0 0 1 1 1 1 0 1 0 1 1 0 0 1 1 0 0 1 1 0 1 1 1 1 0 1 0 0 0 1 1
0 1 1 1 0 0 0 1 0 0 1 1 1 0 1 1 1 1 0 1 1 1 1 1 1 1 0 0 0 0 0 0 0 1 0 1 0 0 1 1 1 1 1 1 0 1 0 1 0 1 0 1 1 1 0 0 1 1 0 0 0 1 0 0 1 1 1 0 0 1 0 0 0 1 1 0 1 0 0 1 1 1 1 1 1 1 0 0 0 0 0 0 1 0 1 1 1 0 1 0 0 1 0 1 1 1 1 1 1 0 0 1 1 0 0 1 1 0 1 1 0 1 1 1 1 0 1 0 0 0 0 1 0 0 1 1 1 1 1 1 1 1 1 1 1 1 0 0 1 1 1 0 0 1 1 1 0 0 1 1 0 1 0 1 0 0 0 1 0 0 1 1 0 0 1 0 0 0 0 1 0 0 0 1 1 0 1 1 0 1 0 0 1 1 0 0 1 1 1 0
1 1 0 1 1 0 1 0 0 0 1 1 0 1 0 1 1 0 1 1 1 1 1 0 1 1 1 1 1 0 1 0 1 0 1 1 0 1 0 1 0 0 0 1 0 1 0 1 0 1 1 0 1 0 0 0 1 0 1 0 1 1 0 1 1 1 0 1 1 0 1 0 0 1 1 1 0 1 0 0 1 1 0 0 0 1 0 0 1 0 0 0 1 1 0 1 1 1 1 1 0 0 1 1 0 1 0 1 1 0 1 0 1 0 0 0 0 1 0 1 0 1 1 0 1 0 1 0 1 1 1 0 1 0 0 1 1 1 1 1 1 1 0 1 0 0 0 1 1 0 0 1 1 0 0 0 1 1 0 0 1 0 1 1 1 0 1 1 1 1 0 1 0 0 1 1 0 0 1 1 1 0 1 1 1 1 0 0 0 1 0 0 0 1 0 1 0 0 0 1
0 0 1 0 1 1 0 0 0 1 1 1 0 1 1 0 1 1 0 0 0 1 0 0 1 0 0 1 1 1 1 0 0 1 0 0 0 0 0 1 0 1 1 0 0 0 0 0 1 0 1 1 1 0 0 1 0 0 1 1 1 1 1 1 0 1 0 1 0 0 1 1 1 1 0 0 1 1 1 1 1 0 0 1 0 1 1 0 0 0 1 1 0 1 1 0 1 1 0 0 0 1 0 0 0 1 0 1 0 1 1 1 1 0 0 1 0 0 1 0 1 1 0 1 1 0 1 0 0 0 1 0 0 0 1 1 0 0 1 1 0 0 0 0 0 1 1 0 0 0 1 0 0 1 0 0 1 1 0 0 0 0 1 0 0 1 1 0 0 0 1 0 1 1 0 0 0 1 0 0 1 1 0 0 1 1 1 0 0 1 1 1 1 0 1 0 1 1 1 1
1 0 0 0 1 1 0 1 1 0 0 1 0 1 1 0 1 0 0 0 1 0 0 0 0 1 0 0 0 1 1 0 1 1 1 0 0 0 0 0 1 1 0 0 0 1 1 1 1 0 1 0 0 0 0 1 1 1 1 1 1 0 0 1 0 1 0 1 1 0 1 1 0 1 0 1 0 1 0 1 0 1 1 1 0 1 0 0 1 1 1 0 1 1 1 1 0 1 1 1 0 0 1 0 0 0 0 1 0 1 0 1 1 1 0 0 1 1 0 1 1 0 1 1 1 0 1 1 0 1 0 1 1 1 0 1 1 0 1 1 1 1 1 0 0 0 1 1 0 1 0 1 1 0 1 0 0 0 0 1 1 1 1 0 1 1 1 1 0 0 0 1 1 1 1 1 1 1 0 0 0 0 1 0 1 1 0 1 0 1 1 0 0 0 0 1 1 0 1 0
1 1 0 0 1 1 1 0 1 0 0 1 0 1 1 0 1 0 0 1 0 0 0 1 0 0 1 1 0 0 1 1 1 1 1 0 0 0 1 1 0 0 0 0 1 1 1 1 0 0 0 0 1 0 0 0 1 0 0 0 1 1 0 1 0 1 1 0 1 0 1 0 1 1 0 0 1 0 1 0 1 0 0 0 0 1 0 0 0 1 1 0 0 1 0 0 0 1 0 1 1 1 1 0 0 0 0 0 0 1 0 0 0 0 1 1 1 0 1 1 0 1 1 0 0 1 1 0 1 0 0 0 0 0 1 0 0 0 1 0 0 0 1 1 0 1 0 1 1 0 1 1 1 0 0 1 0 1 0 0 0 1 0 0 0 0 0 1 0 0 1 1 1 1 0 1 0 1 0 0 1 0 1 0 1 0 0 0 1 1 1 0 0 0 0 0 1 0 0 0
C Elapsed Time 3175.272220 
