136 179 2^179 4
0 0 1 1 0 0 1 1 0 0 0 1 0 1 1 1 0 0 1 1 0 1 1 1 1 0 0 0 1 0 0 1 0 1 1 1 0 1 0 1 0 1 0 1 1 1 1 1 0 0 1 1 0 0 1 0 1 0 0 0 1 1 0 0 0 1 0 1 0 1 1 0 1 0 1 1 1 0 0 0 0 1 1 0 0 0 0 0 0 1 1 1 1 0 0 1 0 0 0 0 0 0 1 1 1 0 0 0 0 0 0 1 0 1 0 1 1 1 1 1 1 0 1 1 1 1 1 1 0 0 0 0 1 0 1 0 0 0 0 1 0 1 0 1 0 1 0 0 0 1 0 0 1 1 0 1 1 0 0 1 0 1 0 1 0 1 0 1 1 0 1 1 1 0 0 1 1 1 1
0 1 0 1 1 1 0 1 1 1 0 0 1 1 0 0 1 0 0 1 0 1 0 0 0 0 0 0 0 0 0 1 1 0 1 1 1 0 1 0 1 1 1 1 0 0 1 0 0 0 1 1 0 1 1 0 1 1 0 0 0 1 1 0 0 1 1 1 1 1 1 0 0 0 1 0 0 0 0 0 1 0 0 0 1 1 0 0 1 1 0 0 0 1 1 1 0 1 0 0 1 0 1 0 1 1 0 0 1 1 0 1 0 1 1 0 0 0 1 1 1 0 0 0 0 1 0 1 1 0 0 1 0 1 0 1 1 1 1 1 0 0 1 1 1 1 1 0 0 0 0 1 1 0 1 1 1 0 1 1 1 0 1 1 1 0 0 0 1 0 0 0 0 0 1 0 0 0 0
1 1 1 1 1 0 0 0 1 1 1 1 1 0 0 1 0 1 1 1 0 0 0 0 1 0 0 1 1 0 1 0 1 1 0 0 0 1 0 1 0 1 0 1 0 1 0 0 1 0 0 1 1 1 1 0 1 1 0 0 0 1 0 1 0 1 0 0 0 0 1 1 0 1 0 0 0 0 0 1 1 0 1 0 1 0 1 1 1 0 1 0 0 1 0 1 1 1 0 0 0 0 0 0 0 0 1 1 0 1 0 0 1 0 1 0 0 0 1 0 0 0 1 0 0 1 1 1 0 1 0 1 0 1 1 0 1 1 0 0 0 1 0 0 1 0 0 1 1 1 1 1 0 0 0 0 1 0 0 1 1 0 1 1 1 0 0 1 1 1 1 1 0 0 0 1 1 1 0
1 1 1 0 1 1 0 0 0 0 0 0 1 1 0 0 1 0 0 1 1 0 0 0 1 1 0 1 0 1 0 0 1 0 1 0 0 0 1 0 0 1 1 0 1 0 1 0 0 1 1 1 1 0 1 1 0 1 0 0 0 1 0 1 1 1 0 0 1 0 0 0 0 1 1 1 0 0 1 1 1 0 0 1 0 0 1 1 0 0 0 1 0 1 0 1 1 1 1 0 1 1 1 0 0 0 0 0 0 0 0 1 1 0 1 0 1 1 0 0 0 1 0 1 0 1 0 0 0 0 0 0 1 1 1 1 1 1 1 1 1 0 0 0 0 0 1 0 1 1 0 0 1 1 1 1 1 1 0 0 0 1 0 1 0 0 1 0 0 0 1 1 1 1 0 0 1 1 1
1 0 1 1 0 1 0 0 1 0 1 1 1 0 0 0 0 0 1 0 0 1 0 1 1 1 0 1 0 0 1 0 1 1 0 1 0 0 1 1 0 1 1 1 1 1 0 0 0 0 0 1 0 1 0 1 1 1 1 1 0 0 1 0 0 1 0 1 0 0 0 1 1 0 0 1 0 0 0 1 0 0 1 1 0 0 0 1 0 0 1 1 1 1 0 0 1 1 1 1 0 0 0 0 0 1 0 0 0 0 0 0 0 0 1 1 1 0 1 1 1 1 0 1 1 0 0 1 0 1 1 1 0 1 0 0 1 1 0 0 0 0 0 0 0 0 1 1 0 1 1 0 0 0 1 1 0 1 0 1 1 0 1 0 0 1 0 0 0 0 0 0 1 1 0 1 0 0 1
1 0 0 1 1 1 0 1 1 0 0 1 0 1 1 1 0 1 0 0 0 0 1 1 0 1 1 1 0 1 1 1 0 1 0 0 1 0 1 0 0 0 1 1 1 1 0 1 0 0 1 0 1 0 0 1 1 0 0 1 0 1 1 0 0 0 0 1 0 0 1 0 1 1 1 0 1 0 0 0 1 1 1 0 0 0 0 1 0 1 0 0 1 1 1 1 0 0 1 1 0 0 1 1 0 0 1 0 1 1 1 0 1 0 1 1 1 0 0 0 1 1 0 1 0 1 0 0 0 1 0 0 1 1 0 1 1 0 0 0 0 0 0 0 0 0 1 1 1 0 1 0 1 0 1 1 0 1 0 0 0 1 0 0 1 0 0 1 1 0 1 1 0 0 1 1 0 0 1
1 1 0 1 1 0 1 0 1 1 1 0 1 0 0 1 0 1 0 1 0 1 1 1 1 1 1 0 1 0 1 1 0 1 1 1 1 0 1 1 0 1 0 1 1 1 1 1 1 0 1 1 0 0 0 1 1 1 0 0 0 0 0 1 1 1 0 1 1 1 1 0 0 1 1 1 1 0 1 0 1 1 1 1 0 0 0 1 0 0 0 0 0 0 1 0 1 0 1 0 1 1 1 1 0 0 1 0 1 0 0 1 0 0 1 1 0 0 1 1 0 0 1 0 1 0 1 1 0 0 1 0 1 0 1 0 1 0 0 0 0 0 1 1 1 1 1 0 1 0 0 0 0 0 1 0 0 1 1 0 1 0 0 0 0 1 1 0 1 0 0 0 0 1 0 0 0 1 0
1 1 0 1 1 0 1 1 1 0 0 0 0 1 0 1 1 0 0 1 0 0 1 0 1 0 1 0 0 0 0 0 1 0 0 1 0 0 1 0 1 0 0 0 0 1 0 1 1 0 0 0 0 0 1 1 0 1 1 0 0 1 1 0 1 1 1 0 1 0 1 0 1 1 1 0 1 1 1 1 0 1 0 0 0 1 1 0 0 1 1 0 0 0 0 0 0 0 0 1 0 0 0 1 1 0 1 1 0 1 0 1 1 1 0 0 0 1 1 1 0 1 1 1 0 0 0 0 0 0 1 1 0 1 0 0 1 0 1 0 1 0 0 1 1 1 1 1 1 1 1 0 0 1 1 1 0 1 0 0 1 0 1 1 1 1 0 0 0 1 1 1 1 1 0 1 0 0 1
1 1 1 0 0 0 0 0 0 1 0 0 1 0 0 1 1 1 0 0 1 0 0 1 1 0 0 0 0 1 1 1 1 1 1 1 1 1 0 0 1 0 0 0 1 1 0 1 0 1 1 0 1 1 1 0 1 0 1 1 1 1 0 0 0 1 1 1 1 1 1 1 1 1 0 0 0 0 0 1 0 0 1 1 0 0 0 0 0 1 1 0 1 1 1 0 0 0 1 1 0 1 0 1 1 1 0 1 1 0 0 1 0 1 0 0 1 1 1 0 1 0 1 1 1 1 1 0 0 1 0 0 0 0 0 0 1 1 0 1 1 0 1 0 1 0 1 0 1 1 1 0 1 1 0 0 0 0 0 0 0 0 1 0 0 0 0 1 1 1 0 0 1 0 0 0 0 1 1
0 1 1 1 1 0 0 0 0 0 0 1 0 0 1 0 0 0 0 1 1 1 0 1 0 1 1 1 0 0 0 1 1 1 0 1 1 0 1 0 0 1 0 1 0 1 1 0 0 0 0 0 1 0 1 1 1 0 0 0 0 1 1 0 1 1 1 1 1 0 0 1 0 0 0 0 0 0 1 0 0 1 1 1 1 1 1 1 0 1 1 0 1 0 0 0 1 1 1 0 0 1 1 0 0 1 0 1 1 1 1 0 0 1 0 1 0 0 0 0 0 1 1 1 0 0 1 1 1 1 0 0 0 0 0 1 0 0 0 0 0 1 1 1 0 0 0 1 1 0 1 0 1 0 0 0 0 0 1 0 1 0 1 1 1 0 1 0 0 1 0 1 1 1 0 1 1 1 1
1 0 0 1 0 0 1 1 0 1 0 1 0 0 0 0 1 1 0 1 0 1 1 1 1 1 0 1 0 1 0 0 0 0 1 0 1 0 0 0 0 1 0 0 0 0 1 1 1 1 1 0 1 1 1 1 0 1 0 1 1 0 0 1 0 0 0 1 1 0 0 1 1 0 0 0 0 1 1 0 1 1 1 0 1 1 0 0 1 0 0 1 1 0 1 1 1 1 0 1 0 0 0 1 0 1 0 1 1 0 0 1 1 0 1 1 0 0 0 0 1 0 1 0 0 0 0 1 1 1 1 0 0 1 0 0 1 0 1 1 0 1 1 1 0 0 0 0 1 0 0 0 0 0 1 1 1 0 0 0 0 0 0 0 1 1 0 1 0 0 1 0 1 1 0 1 0 1 1
1 1 1 0 1 0 1 1 0 1 1 0 1 0 1 0 0 0 0 1 1 0 0 0 0 0 1 1 1 1 1 1 0 0 0 1 0 1 0 1 0 0 0 0 0 0 1 0 1 1 0 0 1 1 0 1 1 0 0 0 0 1 1 1 0 1 0 0 0 1 1 1 1 0 0 1 1 0 0 0 0 1 1 0 1 1 1 1 0 1 0 1 1 1 0 0 0 0 0 1 0 0 0 1 1 0 0 0 1 1 0 0 1 0 1 0 1 0 0 1 1 1 0 0 1 0 0 1 1 1 0 0 0 0 1 0 0 0 1 0 1 0 1 1 1 0 1 0 1 1 1 1 1 0 1 1 1 1 0 1 1 1 1 1 0 0 1 0 0 0 1 0 0 1 0 0 0 1 1
1 0 0 0 0 1 1 0 0 0 1 1 0 1 1 1 0 0 1 1 1 1 1 0 0 0 0 1 0 0 1 1 1 0 0 0 0 1 0 1 1 0 0 0 0 1 1 1 1 1 1 0 0 1 1 1 1 0 1 0 1 1 1 0 1 0 0 1 0 1 1 1 0 0 0 1 0 1 1 1 0 1 1 1 0 1 1 0 1 1 0 0 0 1 1 1 1 0 1 0 0 1 0 1 1 1 0 0 0 1 0 1 0 1 0 0 1 1 0 0 0 1 0 0 1 0 0 0 1 0 1 0 1 1 0 0 0 1 0 0 1 1 1 1 0 1 0 0 0 1 1 1 0 0 0 1 1 0 0 0 1 1 1 1 1 1 0 0 1 0 0 1 1 0 1 1 0 1 1
1 0 1 0 0 1 1 1 0 1 0 0 0 1 0 0 1 0 0 1 0 1 0 0 1 1 0 0 0 0 1 0 0 0 1 0 0 1 1 0 1 0 0 0 0 1 0 1 0 0 0 1 1 1 0 0 1 0 1 0 0 1 1 1 1 1 1 0 0 1 0 1 1 1 0 0 0 0 0 0 1 1 1 1 0 1 1 1 1 1 1 1 0 1 1 0 1 1 1 1 1 1 1 1 0 0 1 0 1 0 1 0 0 1 0 1 1 0 0 0 0 0 0 0 0 0 1 0 1 1 1 1 1 0 0 0 1 1 1 0 0 1 1 1 1 0 1 0 0 0 1 1 0 1 0 0 1 1 1 1 0 1 0 0 1 1 0 0 0 0 1 1 0 0 0 1 0 0 0
0 1 0 1 0 0 0 1 1 0 0 1 0 0 1 0 1 1 0 1 1 0 1 0 0 0 0 1 0 0 1 0 1 0 1 0 1 1 0 0 1 1 1 1 1 0 0 0 0 1 0 0 1 0 1 0 0 1 0 1 1 1 1 1 0 1 0 1 0 0 1 1 1 1 0 1 1 1 0 1 0 0 1 1 0 1 1 1 1 0 1 0 0 0 1 0 0 1 1 1 0 0 0 0 0 1 1 0 1 0 0 1 1 1 1 0 1 1 0 1 0 1 1 0 0 0 0 1 1 1 0 0 1 0 0 1 1 1 0 1 0 1 0 1 1 1 1 0 0 0 1 0 1 1 1 0 0 1 1 0 1 1 0 1 0 1 1 0 0 0 0 0 1 0 0 0 1 0 0
1 0 0 1 0 0 1 0 0 0 1 0 0 0 0 0 1 1 1 0 0 1 1 1 1 0 1 1 0 1 1 1 1 1 1 0 1 1 0 0 1 1 0 0 0 1 0 0 1 1 0 0 1 0 0 0 1 0 1 0 0 0 1 0 0 0 0 1 1 1 0 0 0 1 0 0 1 1 1 0 1 1 0 1 0 1 0 1 0 0 1 1 1 1 1 1 1 1 0 0 1 1 1 0 1 0 0 0 1 0 0 1 0 0 0 0 1 1 1 1 0 0 1 0 0 1 0 0 1 1 0 0 0 1 1 0 1 0 0 1 1 1 0 1 0 0 1 0 1 0 0 1 1 1 1 1 0 1 1 0 1 1 1 1 1 0 1 0 0 1 0 0 0 0 1 0 1 1 1
1 1 0 0 1 1 0 1 1 1 1 1 1 1 0 1 0 0 1 0 1 1 0 0 1 1 0 1 0 0 1 0 1 0 1 0 1 0 0 1 0 0 0 1 0 1 0 0 0 1 0 0 0 1 0 0 1 0 1 0 1 0 1 1 1 1 1 0 0 0 1 1 1 0 1 0 1 1 1 1 0 0 1 0 1 0 0 1 1 1 1 1 0 0 1 1 0 0 1 0 1 0 1 1 1 0 0 0 1 0 1 1 1 0 0 1 0 0 0 0 1 0 1 1 1 1 1 1 1 0 1 0 0 1 0 0 0 0 0 0 0 0 1 0 1 1 0 0 0 1 0 0 1 0 1 1 1 1 1 0 0 1 0 1 1 0 0 1 0 0 1 0 1 1 1 0 1 0 0
1 0 1 1 0 1 1 1 0 0 0 0 0 0 1 1 0 0 0 0 1 1 0 0 1 1 0 0 1 1 0 1 0 1 1 1 0 0 0 1 1 1 0 0 1 0 1 0 0 0 0 1 1 1 1 1 0 1 0 1 1 1 1 0 1 0 1 1 1 1 0 0 1 0 0 0 0 0 1 0 0 1 0 0 1 0 0 1 0 1 0 0 0 0 0 1 1 1 1 1 0 1 0 1 0 1 1 0 0 1 1 1 1 0 1 0 0 1 0 0 1 0 1 0 1 1 0 0 1 0 0 1 1 0 0 1 1 0 0 0 0 0 0 0 1 1 1 1 1 1 0 1 0 0 0 0 0 1 1 1 1 1 0 1 1 1 0 0 1 1 1 0 0 0 0 0 1 1 0
0 1 1 0 0 0 1 1 1 0 1 1 1 1 0 0 1 1 1 0 0 1 0 0 1 0 1 0 1 1 0 1 0 1 0 0 1 1 1 0 1 0 1 1 1 0 1 0 1 0 0 0 0 0 0 1 1 1 0 1 1 1 0 1 0 1 0 0 1 0 0 1 1 0 1 1 0 0 1 0 0 0 0 0 0 1 0 0 1 1 1 1 0 0 0 1 1 1 0 0 1 1 0 1 0 1 1 0 0 1 0 1 0 0 0 1 0 1 1 0 1 1 1 1 0 0 1 1 1 1 1 0 1 1 0 0 0 1 0 0 1 0 1 0 1 1 1 0 1 1 1 0 1 1 0 0 0 1 0 1 0 0 0 1 1 0 1 1 0 0 0 0 0 0 0 1 0 1 0
1 1 0 1 0 0 0 0 0 1 1 1 0 1 1 0 0 1 1 0 1 0 0 0 0 0 0 0 0 1 0 0 1 0 0 0 0 1 0 1 0 1 1 1 0 1 1 1 0 0 0 0 0 1 1 1 0 1 1 1 0 1 1 0 1 1 0 0 0 1 0 1 0 0 1 1 1 1 0 0 1 0 1 0 0 0 0 0 0 0 1 0 0 1 1 0 1 0 0 1 1 1 1 1 0 1 1 1 1 0 1 1 1 1 0 1 0 1 1 1 1 0 0 1 0 0 0 0 1 1 0 0 1 0 1 1 1 0 1 0 0 1 1 0 0 0 1 1 1 1 0 0 1 0 0 1 0 0 0 1 0 1 0 0 0 1 1 1 1 1 1 0 0 1 0 0 1 0 1
0 1 1 0 1 1 0 0 1 1 0 1 0 1 0 0 1 0 1 0 1 1 1 0 1 1 1 1 1 0 1 1 0 0 0 1 1 1 0 1 0 0 0 1 1 1 1 0 1 0 1 1 1 0 0 0 0 0 0 1 0 0 0 0 1 0 1 1 0 0 1 0 0 0 0 0 0 1 0 0 0 1 1 0 1 1 0 0 1 0 1 0 0 1 1 0 0 0 1 0 1 1 1 1 1 1 1 1 0 0 0 1 1 0 0 0 0 1 0 1 1 0 0 0 0 1 0 1 1 1 0 1 0 1 0 0 1 1 1 1 0 0 0 1 0 1 1 0 1 0 0 0 0 0 0 0 0 0 0 1 0 1 0 1 0 0 1 1 0 1 1 1 1 1 0 1 0 1 1
0 0 0 1 1 0 1 1 1 0 1 0 0 1 1 0 1 0 1 0 1 0 0 0 0 0 0 1 0 1 1 0 0 0 1 1 1 1 1 1 1 0 0 0 1 1 0 0 1 0 1 0 1 1 0 0 1 1 0 0 1 0 0 1 1 0 0 0 1 0 0 1 0 0 1 0 1 0 0 1 0 1 0 0 1 0 0 0 1 1 1 0 1 0 0 0 0 0 1 0 0 1 1 1 0 1 0 1 1 0 0 0 0 0 1 0 1 0 0 1 1 1 1 1 0 0 0 1 1 0 1 0 1 0 0 1 1 1 0 1 0 0 1 0 1 0 0 1 1 1 0 1 0 1 1 1 1 0 1 0 0 0 1 0 1 1 1 0 0 1 1 1 0 0 1 1 0 1 1
1 1 1 0 1 1 0 0 0 1 0 0 0 1 0 1 0 1 1 1 1 0 1 1 0 0 1 1 1 1 0 1 1 0 0 1 0 1 0 1 1 1 0 1 1 0 0 1 0 0 1 1 0 0 0 0 0 0 0 1 1 0 0 1 0 0 0 0 1 1 0 1 0 0 1 1 1 0 1 0 1 0 0 0 0 1 1 1 0 1 0 0 1 0 1 0 0 1 0 1 0 1 0 0 1 1 1 0 0 0 1 1 0 1 1 0 0 0 1 0 0 1 1 1 0 1 1 0 1 0 0 0 0 1 0 1 0 0 1 0 0 0 1 1 1 0 0 1 0 1 0 0 0 1 1 0 0 1 1 1 0 1 1 0 1 1 0 1 0 0 1 1 0 0 1 1 0 0 1
0 1 1 1 1 0 1 1 0 0 0 1 0 1 0 1 1 1 1 0 1 1 0 1 0 0 0 0 1 0 1 1 1 0 0 0 0 0 1 0 0 1 0 1 0 0 1 1 0 0 0 0 0 1 1 0 0 1 0 1 1 0 0 0 1 0 1 0 0 1 0 1 1 1 1 1 1 1 1 1 1 1 0 0 0 0 1 1 1 0 1 1 1 1 0 1 0 0 0 0 1 0 1 1 0 0 0 0 1 1 0 0 0 0 1 0 0 0 0 1 1 1 0 0 1 1 1 0 0 1 0 0 0 0 0 0 1 0 0 1 1 1 0 1 1 1 1 1 0 1 0 0 0 1 1 0 1 1 1 1 0 1 0 0 0 0 1 0 1 1 0 0 0 1 1 1 0 1 1
1 1 0 0 1 0 1 0 0 1 0 0 0 1 1 1 0 0 0 0 1 1 1 0 1 1 0 0 0 0 1 0 0 1 1 0 0 0 1 0 1 1 1 0 1 1 0 0 1 0 1 0 0 0 0 0 1 0 0 1 0 1 0 1 0 0 0 0 1 0 1 0 1 0 0 1 1 1 1 1 1 0 1 1 1 0 0 1 1 0 0 0 0 1 0 0 0 1 0 1 1 0 0 0 1 0 0 1 0 1 1 1 1 1 1 1 0 0 1 0 1 1 0 0 1 0 0 0 1 0 1 0 1 1 1 0 0 0 0 1 0 1 1 1 0 1 0 1 0 1 1 0 1 0 0 0 1 0 1 1 0 1 1 1 1 1 1 1 0 1 0 1 0 0 0 0 0 1 1
0 0 1 0 0 1 0 0 0 0 1 1 1 0 1 0 1 1 0 0 1 1 1 0 1 1 0 0 0 0 0 1 1 0 0 0 0 1 0 1 0 1 0 0 1 0 0 1 1 0 1 0 1 1 0 1 1 0 0 0 0 1 1 1 1 0 0 1 1 1 1 0 1 1 1 1 1 1 1 0 1 0 0 0 1 1 1 0 0 1 1 0 1 1 1 0 1 0 0 1 0 0 0 1 0 1 1 0 1 1 0 0 1 0 0 1 0 0 1 0 0 0 1 1 0 0 0 1 0 0 1 1 0 1 1 0 1 1 0 1 0 0 0 0 1 1 0 1 0 1 1 1 0 1 0 0 1 0 1 1 0 1 0 0 0 0 0 0 1 0 0 1 1 1 1 0 1 1 1
1 1 1 1 1 1 0 0 0 1 1 0 0 0 0 1 0 0 1 0 0 1 1 1 0 0 1 1 0 1 0 0 1 1 1 1 1 0 0 0 1 1 1 0 0 0 0 0 0 0 1 1 1 1 0 0 0 0 1 0 0 1 0 0 0 0 1 0 0 1 1 0 0 0 1 0 1 1 1 1 1 1 1 0 1 1 0 0 1 0 1 0 1 0 0 1 1 1 1 1 0 0 0 1 0 1 0 0 1 0 0 0 1 0 0 0 1 1 0 1 0 0 1 0 1 0 1 1 0 0 1 0 1 1 1 1 0 1 1 0 1 0 1 0 1 0 1 1 0 0 1 0 1 1 0 1 1 1 0 1 0 1 0 1 1 1 1 0 1 1 0 0 0 0 0 1 0 0 0
1 1 0 0 1 0 0 1 0 0 0 0 0 0 0 0 1 1 1 0 0 0 0 0 0 0 0 0 1 0 1 1 0 0 0 1 1 1 0 1 1 1 1 0 1 1 1 0 1 1 0 0 0 0 0 0 0 0 1 0 0 0 1 0 0 1 1 1 0 1 0 1 0 0 0 1 0 0 1 0 1 1 0 1 0 0 0 0 1 0 0 1 1 0 0 1 0 1 1 1 1 0 0 1 0 0 1 0 1 1 1 0 1 1 1 1 0 0 0 0 0 1 1 1 0 1 1 1 0 0 1 1 0 0 0 0 1 1 1 1 1 0 1 0 0 1 1 1 1 0 1 1 0 0 0 1 0 0 1 0 0 1 1 0 1 1 1 1 1 0 1 1 0 1 0 0 1 0 1
0 1 1 1 1 0 1 0 0 1 0 1 0 1 0 1 0 0 1 1 1 0 0 0 0 0 0 1 1 0 1 1 0 0 0 1 1 0 0 1 1 0 1 0 1 0 0 0 0 1 1 0 1 1 1 1 0 1 0 1 0 0 0 0 1 1 0 1 1 1 0 0 1 0 1 0 0 1 1 0 1 0 0 1 1 0 1 1 0 0 0 0 1 1 0 0 1 1 0 0 1 1 0 1 0 0 0 1 1 1 0 0 1 1 0 1 1 0 0 1 0 0 1 0 0 0 1 0 1 1 1 1 1 1 1 1 1 0 0 0 1 1 0 0 1 1 1 0 0 0 1 0 0 1 0 0 0 1 0 1 0 0 1 0 1 0 0 1 0 0 1 1 1 0 1 0 1 0 0
0 1 0 0 0 0 0 0 1 0 1 1 0 1 0 0 0 0 0 1 1 1 1 1 1 0 1 0 1 1 1 1 1 1 0 0 0 0 0 0 1 0 1 0 1 1 0 1 1 1 0 1 0 1 0 0 0 1 1 0 0 0 0 1 1 1 1 1 0 1 1 0 1 1 1 1 1 0 0 0 1 1 0 0 1 0 1 0 1 1 0 1 1 0 0 0 1 1 1 0 1 0 0 1 1 0 1 1 1 1 0 0 1 0 1 1 1 1 1 1 1 0 1 1 0 1 0 1 1 1 0 0 0 0 1 1 0 1 0 1 0 1 0 1 0 0 0 0 0 1 0 0 0 0 0 1 1 1 1 0 1 0 0 1 0 1 0 0 0 1 0 1 0 1 0 1 1 1 0
0 0 0 0 1 1 0 1 1 0 0 0 1 1 0 1 1 0 1 0 1 0 0 1 0 1 1 0 0 1 0 1 0 1 1 1 0 0 0 0 0 1 1 1 0 1 1 1 0 0 1 0 1 1 1 1 0 0 0 0 1 0 1 0 1 1 0 0 0 1 0 0 0 0 0 1 0 1 0 0 0 0 1 1 0 1 0 0 1 1 1 1 0 0 1 0 1 1 0 0 0 0 0 0 1 0 1 0 1 1 0 0 1 0 0 1 1 1 1 1 0 1 1 0 1 0 0 0 0 0 0 0 1 1 0 0 1 1 1 0 1 1 1 1 0 0 0 0 0 1 1 0 0 0 1 0 0 1 1 0 1 1 1 0 1 0 1 1 1 1 1 1 0 0 1 0 0 1 0
0 0 1 1 0 0 0 0 0 1 1 1 1 1 0 0 0 1 0 0 0 1 1 1 1 0 1 1 0 1 0 1 0 0 1 0 0 0 0 1 1 1 1 0 0 0 1 0 1 0 0 1 0 0 0 1 0 1 0 0 1 0 0 1 1 1 0 0 0 1 1 0 1 0 0 0 1 1 1 1 0 0 1 1 0 0 0 1 1 1 0 0 0 0 0 1 0 0 1 0 0 0 1 1 1 0 0 1 1 0 1 1 0 1 0 0 0 0 1 0 1 0 1 0 0 1 1 0 0 1 0 1 1 0 0 1 1 1 0 0 1 0 1 1 1 0 1 1 0 0 1 1 0 0 1 1 0 0 0 1 1 1 0 1 1 0 1 1 0 0 0 1 1 1 0 1 1 0 1
1 1 1 0 1 0 1 1 1 1 1 1 0 0 0 0 0 0 0 1 0 1 1 0 1 0 0 1 0 0 1 1 1 0 0 0 0 0 0 0 0 0 0 0 1 0 1 0 0 0 0 0 1 1 0 1 1 1 1 0 1 1 0 0 1 0 0 0 0 0 0 0 0 0 0 0 1 0 0 1 0 0 0 1 0 0 1 0 1 0 0 1 1 0 1 1 1 0 1 1 0 1 1 1 1 1 1 1 1 0 0 0 1 1 1 0 0 0 1 0 1 1 1 1 1 1 0 0 1 1 1 0 1 1 1 0 1 0 1 0 1 1 0 1 0 1 0 0 0 0 0 1 1 0 1 0 0 0 1 1 1 0 1 1 0 0 1 1 1 1 0 1 0 0 1 1 0 0 0
1 0 0 0 0 1 0 0 0 0 0 0 0 0 0 1 0 1 1 1 0 0 1 0 0 0 0 1 1 1 0 0 0 0 0 1 1 0 0 0 0 0 1 1 1 1 0 0 1 0 0 0 0 0 1 0 1 1 1 0 1 1 1 1 1 1 0 0 1 1 0 0 1 0 1 0 1 0 1 1 1 1 1 1 0 1 0 1 0 1 1 0 1 1 0 0 0 1 0 1 1 1 1 0 1 1 1 1 0 1 1 0 1 0 0 0 1 1 0 1 1 0 0 0 1 1 0 1 0 0 0 0 1 0 0 0 1 1 1 1 0 1 1 0 1 1 0 0 0 0 1 1 0 0 0 1 1 0 1 1 1 0 0 0 0 0 1 1 0 0 0 0 1 1 1 1 0 1 0
0 1 0 1 1 1 0 0 0 0 1 1 1 0 0 0 1 1 0 0 0 1 0 1 0 1 0 0 0 1 1 1 0 1 0 1 0 1 1 1 0 1 1 0 1 0 1 1 0 1 1 0 0 0 1 0 1 1 1 1 1 0 0 1 1 0 1 1 0 0 1 0 1 1 0 0 0 0 0 1 0 1 0 0 0 1 0 1 0 1 0 0 1 1 0 0 1 1 0 1 0 0 1 0 1 1 1 1 1 0 1 1 1 0 1 1 0 1 0 1 0 1 0 1 1 0 0 0 1 1 1 0 0 1 1 0 0 0 1 0 0 0 1 1 1 0 1 1 0 0 0 1 0 1 0 1 1 0 1 1 1 0 0 0 1 0 1 0 0 1 1 1 1 0 0 0 1 0 0
0 1 1 1 1 0 1 0 1 0 0 0 1 1 1 0 0 1 1 0 1 1 0 1 1 0 0 1 0 1 0 0 0 1 0 0 0 0 1 1 0 0 0 0 0 0 0 1 1 1 0 1 1 0 0 0 0 1 1 0 1 1 1 1 0 0 1 1 0 1 0 1 0 0 1 0 0 0 0 0 0 1 0 1 1 1 0 0 1 1 0 0 1 1 0 1 0 0 0 1 1 1 1 0 1 0 1 0 1 0 0 1 1 0 1 1 0 0 1 1 0 1 0 1 0 0 1 1 0 1 1 1 1 1 0 1 1 0 0 1 1 1 1 0 0 1 0 0 1 1 1 0 1 1 0 0 0 1 1 0 1 1 0 1 0 1 0 1 0 1 0 0 1 1 1 0 0 0 0
0 1 0 0 0 0 0 0 1 1 0 1 0 0 0 0 0 1 1 0 0 1 1 1 0 1 1 0 1 1 0 0 0 1 1 0 1 1 0 0 1 1 0 1 1 1 0 0 1 1 1 1 0 1 0 1 1 0 1 1 0 1 0 0 1 1 0 0 0 1 0 1 0 1 0 0 0 1 0 0 0 1 0 0 1 1 1 1 0 0 0 1 0 0 0 0 0 0 1 0 0 1 1 0 1 1 1 0 0 1 0 1 1 0 1 1 0 0 1 1 0 1 1 1 0 1 0 0 0 0 0 1 1 0 0 1 1 0 1 0 1 1 0 1 1 1 1 0 0 0 1 1 0 1 1 1 1 1 0 1 0 1 1 0 0 0 0 0 1 1 0 1 1 0 1 0 0 1 1
0 0 0 0 0 1 1 0 0 1 0 1 1 1 1 1 0 1 1 0 1 0 1 1 1 1 0 0 0 1 0 1 1 1 1 1 1 1 1 0 0 1 1 1 1 1 1 1 0 0 0 1 1 1 1 0 0 1 0 0 0 0 0 1 1 0 0 0 1 0 0 1 1 1 1 0 1 0 0 1 0 1 0 0 1 0 0 0 1 0 1 0 1 0 0 0 0 0 0 1 1 1 0 1 1 1 0 0 0 1 0 0 1 1 1 0 1 0 1 0 0 0 0 0 0 1 1 1 1 1 1 1 0 1 0 0 0 0 1 0 1 1 0 1 1 0 1 0 1 0 1 1 1 0 0 1 0 1 1 0 1 0 0 1 0 0 1 0 0 0 0 1 0 0 0 0 1 0 1
1 0 0 1 1 1 0 0 1 1 0 0 1 0 0 0 0 1 0 0 1 0 0 0 1 1 1 1 0 0 0 1 1 0 1 0 1 0 1 1 0 0 1 1 1 1 1 1 1 0 1 0 1 0 1 1 1 0 1 1 0 0 0 0 0 1 1 0 0 1 1 1 1 1 1 1 0 0 0 1 0 0 0 0 0 1 1 0 1 0 0 0 1 0 0 0 1 1 0 1 1 0 1 0 0 0 0 0 0 0 1 0 0 0 0 1 0 0 0 1 1 0 1 1 1 0 1 0 1 0 0 0 1 1 0 1 0 1 0 1 0 1 0 0 1 0 0 0 1 0 1 1 0 0 0 1 0 1 1 1 1 1 1 1 0 1 0 0 1 1 1 0 1 0 0 0 0 1 1
0 1 1 0 0 1 1 0 1 0 1 1 0 0 1 0 1 0 0 1 0 0 1 0 0 1 1 1 1 0 1 0 0 0 1 0 1 0 0 0 0 0 0 1 1 0 1 1 1 0 0 0 1 0 1 0 0 0 0 0 1 0 0 0 0 1 0 1 0 0 0 0 0 1 0 1 0 1 0 0 1 0 0 0 1 0 0 1 1 1 1 0 1 1 1 0 0 1 1 1 1 1 1 1 1 0 0 0 1 1 1 1 0 1 1 0 0 1 1 1 0 1 1 1 1 0 1 0 0 0 1 1 0 0 1 1 0 0 0 1 1 1 1 0 1 0 1 1 0 1 0 1 1 0 0 1 1 1 0 1 1 1 0 0 1 0 0 0 0 1 1 0 1 1 0 1 0 0 1
0 0 0 1 0 0 0 1 0 1 0 1 1 1 1 0 1 1 1 0 0 0 1 0 1 1 1 1 0 1 0 1 0 0 0 1 0 0 0 0 1 0 0 0 0 0 1 1 0 1 0 1 0 1 1 0 1 0 0 1 0 1 0 1 0 0 0 0 0 0 0 0 1 1 1 0 1 0 1 1 0 0 1 1 1 1 0 1 0 1 0 1 1 0 1 0 0 1 1 0 0 1 0 1 1 0 0 0 0 0 0 1 1 1 0 1 0 1 0 1 0 0 0 1 1 0 1 1 0 0 1 1 0 0 1 1 1 1 0 1 1 1 0 0 0 0 1 1 1 0 0 1 0 0 1 0 1 1 1 1 0 0 1 0 0 1 1 1 1 1 0 1 0 1 1 1 1 1 0
0 0 1 0 0 1 1 0 0 1 1 1 0 0 1 0 1 0 0 0 1 0 0 0 0 0 0 1 1 0 1 0 1 1 1 1 0 0 1 0 1 0 1 1 1 1 1 1 0 1 1 0 0 1 0 1 1 0 0 1 1 0 0 0 0 0 1 1 0 1 1 0 0 1 1 1 1 0 1 1 0 1 1 1 1 1 1 1 1 0 0 0 0 0 0 1 1 0 0 0 0 0 1 0 0 0 0 0 0 1 0 1 1 1 0 1 0 1 1 1 1 0 0 1 0 1 0 1 0 1 0 1 0 1 0 1 1 0 1 0 0 0 1 0 1 0 0 0 1 1 1 0 0 1 1 1 1 0 1 0 0 1 0 0 0 1 1 1 0 1 0 1 0 1 1 1 0 0 0
1 0 0 1 0 1 1 1 1 1 1 0 1 1 1 0 1 1 0 1 1 0 0 1 0 0 1 0 1 1 1 0 0 0 0 0 1 0 1 1 1 1 1 0 1 0 1 0 1 0 0 0 1 1 1 0 0 0 1 0 1 1 1 0 0 0 0 0 1 1 1 0 0 0 1 1 0 1 0 1 1 1 1 0 1 0 0 1 0 0 1 1 1 1 0 0 0 1 1 0 0 0 0 1 1 0 1 0 0 0 1 0 1 1 0 1 0 0 1 0 0 1 1 0 0 1 1 0 1 0 0 0 0 1 1 0 1 0 1 1 0 1 1 0 0 0 0 0 1 0 1 0 1 1 1 0 0 1 1 1 0 0 0 0 0 0 0 0 0 1 0 1 1 0 0 1 1 1 0
0 0 1 0 0 0 0 0 0 1 0 1 1 0 1 1 1 1 0 1 1 0 0 1 0 1 1 0 1 1 1 0 1 0 0 1 0 0 0 1 0 1 0 0 1 1 0 0 1 0 1 0 1 0 0 0 1 0 1 0 1 0 1 0 1 0 0 1 0 0 0 0 1 1 0 0 1 1 0 1 1 1 1 1 0 1 0 0 0 1 0 1 0 0 0 1 1 0 0 0 1 0 1 1 0 1 1 0 0 0 1 1 0 1 1 0 0 1 0 1 0 0 0 0 0 0 1 0 1 1 1 1 1 1 0 1 0 0 1 1 1 0 1 0 0 1 0 0 1 1 1 0 1 0 1 0 1 0 0 1 1 0 1 1 1 1 1 0 1 0 1 0 0 0 1 1 1 1 1
1 0 0 1 0 1 0 1 1 1 1 0 1 0 1 1 0 1 0 0 0 1 0 1 0 1 0 1 0 1 1 0 0 0 0 1 0 0 0 1 1 0 0 1 1 0 0 1 0 0 0 0 1 0 0 0 0 0 1 0 0 1 0 0 1 1 1 0 1 0 1 1 0 0 1 1 1 0 1 0 0 0 0 1 1 1 0 1 1 1 0 1 0 0 1 1 1 1 0 0 1 0 0 1 0 1 0 1 1 1 1 1 1 1 0 0 1 0 1 1 0 1 0 0 0 1 0 1 0 1 0 1 1 0 1 1 0 1 0 0 1 1 0 1 0 1 1 1 1 0 0 0 0 1 1 1 1 0 1 0 1 0 0 0 0 0 0 1 0 1 1 1 1 0 0 0 0 1 1
1 0 0 0 0 0 1 0 1 1 0 1 1 1 0 0 0 1 0 1 0 0 0 1 1 1 0 0 0 1 0 1 0 0 0 0 1 1 1 1 1 1 0 0 1 1 1 0 0 1 0 1 0 1 0 1 0 0 0 1 1 1 1 0 1 0 1 1 0 0 1 0 0 1 1 1 1 1 0 1 1 1 0 1 0 1 0 0 1 0 1 0 1 0 0 0 1 1 0 1 1 1 1 0 0 0 0 0 1 1 0 1 1 0 1 0 1 1 0 1 1 0 1 0 1 1 1 1 0 0 0 1 0 0 0 0 1 0 0 0 0 1 0 1 0 0 0 1 0 1 0 0 1 1 1 0 1 0 0 1 0 0 1 1 1 1 0 1 1 0 1 1 1 1 1 1 0 0 0
0 0 0 0 1 1 0 1 1 1 0 0 1 0 0 0 0 1 1 1 1 1 0 1 1 0 0 0 1 0 1 0 1 1 1 0 0 1 1 1 0 0 1 0 1 0 1 0 0 1 0 1 0 0 1 1 0 1 0 0 0 0 0 0 1 0 0 0 0 0 1 1 1 0 0 0 1 1 0 0 1 1 1 0 0 1 1 1 0 1 1 0 1 1 1 0 0 0 1 1 1 1 0 1 0 1 0 0 0 1 1 1 0 0 0 1 1 1 1 0 1 1 0 0 0 0 0 0 0 0 1 0 0 1 0 1 0 1 0 1 1 0 1 0 0 1 1 1 1 0 1 0 1 1 1 1 1 0 1 1 1 0 1 0 1 1 0 1 1 1 1 1 0 1 1 0 0 1 0
0 1 1 0 1 0 1 0 1 1 0 0 0 1 0 1 1 0 1 0 0 1 0 0 1 1 1 1 1 1 1 0 0 1 1 1 0 1 0 0 0 1 1 0 1 0 1 1 1 0 0 0 0 0 1 1 1 1 1 0 0 1 1 1 0 0 0 1 1 1 1 1 0 0 1 1 1 0 1 1 1 0 1 0 1 1 0 0 1 0 0 1 0 0 0 1 0 0 0 1 1 1 0 0 0 1 1 1 0 0 0 0 0 1 0 1 1 1 0 0 0 0 1 0 1 0 1 0 0 1 0 0 0 0 0 1 1 0 0 1 0 0 0 1 0 0 1 1 0 0 0 1 1 0 1 1 1 0 1 0 1 1 1 0 0 0 0 0 0 1 1 1 1 0 1 1 1 0 0
0 0 0 0 1 1 1 0 1 0 0 0 1 1 1 1 1 0 1 0 0 1 0 1 0 0 1 1 1 1 0 0 1 1 1 0 1 1 0 1 0 1 1 0 1 0 0 0 0 1 0 0 1 1 1 1 1 0 0 0 0 0 1 1 0 0 1 1 1 0 1 0 0 1 0 0 1 1 0 0 1 0 0 1 0 1 1 0 0 1 0 1 0 0 1 0 1 1 0 0 1 0 0 1 1 0 0 1 0 0 1 0 1 1 1 0 0 0 0 0 1 0 0 1 0 0 1 0 0 1 0 0 1 0 1 0 1 0 0 1 0 1 1 1 1 1 1 1 1 1 0 1 0 1 0 1 0 1 1 1 0 0 0 1 1 1 1 0 1 0 0 0 0 1 0 1 0 0 1
1 1 0 1 1 1 0 1 1 0 0 0 1 0 1 1 1 1 0 0 0 1 0 0 0 0 1 1 0 0 1 0 1 1 1 0 1 1 0 0 0 0 1 0 0 1 1 1 1 1 0 1 0 1 0 0 0 1 0 1 0 1 0 0 1 0 0 1 1 1 0 1 0 0 1 0 1 1 1 0 0 0 0 1 1 0 0 1 0 0 0 0 0 1 1 0 1 1 0 1 0 0 1 1 1 1 1 0 0 0 1 0 0 0 1 1 1 1 0 0 1 1 1 0 1 1 1 0 0 1 1 1 0 0 0 1 0 0 1 1 1 1 0 0 1 0 0 0 1 1 1 0 0 0 0 0 1 0 0 1 0 0 0 1 0 0 1 0 0 0 1 1 1 1 1 1 0 1 0
0 0 1 1 1 0 1 1 1 1 1 1 0 0 0 1 1 1 1 0 1 1 0 0 1 0 1 0 1 1 0 1 0 0 1 1 1 0 1 1 1 0 0 0 0 0 1 0 0 0 1 1 1 1 0 1 1 0 1 0 1 1 1 1 1 1 0 0 0 1 0 0 0 1 0 1 1 1 1 0 1 1 0 0 1 0 1 0 1 1 0 0 0 1 1 0 0 1 0 1 0 0 1 0 0 1 0 1 0 0 1 1 0 1 1 1 1 1 1 1 0 1 0 1 0 1 0 0 0 1 0 0 0 1 0 0 0 1 1 0 0 1 0 0 0 1 1 0 1 0 1 0 0 0 0 1 1 1 0 0 0 0 1 1 0 1 1 0 1 0 0 1 1 1 1 0 1 0 0
1 0 0 0 1 0 0 0 0 1 1 1 1 0 0 1 1 1 1 1 1 1 0 0 0 1 1 0 0 0 0 1 0 1 0 0 1 1 1 1 1 0 0 1 1 0 1 0 1 1 0 0 1 0 0 0 0 1 0 0 0 1 1 0 0 0 1 0 0 1 0 0 1 0 0 0 1 0 1 0 1 0 0 1 0 0 1 0 0 0 1 1 0 0 1 0 0 1 1 1 0 1 1 1 1 1 0 1 0 0 0 0 1 0 1 0 1 1 1 0 1 0 0 1 1 1 1 1 0 1 1 1 1 1 0 1 1 0 1 0 0 1 1 1 1 1 0 1 0 0 0 0 1 1 1 1 1 0 0 0 1 1 1 0 0 1 0 0 0 1 1 1 0 0 0 1 1 1 1
1 0 1 0 0 0 0 1 1 0 1 1 0 1 0 1 0 1 1 1 0 0 0 1 1 1 1 0 0 1 0 0 1 0 0 1 1 1 1 0 0 0 0 0 1 0 0 1 1 1 0 1 1 0 1 1 1 1 1 1 1 0 1 0 1 0 0 1 1 0 1 0 1 0 0 1 0 1 1 1 0 0 0 1 1 0 1 0 1 0 0 0 0 1 1 1 0 0 1 0 0 1 0 1 0 0 0 0 1 1 1 0 1 1 1 1 0 0 1 1 0 0 0 0 0 1 1 1 1 1 0 0 0 1 0 1 0 0 1 0 1 0 1 0 0 0 0 1 0 1 0 1 0 1 0 1 1 0 1 1 1 1 0 1 0 1 1 0 1 1 0 1 1 0 0 0 0 1 0
1 0 0 1 1 1 1 0 1 1 0 1 1 0 0 0 1 1 0 0 0 1 0 1 0 1 0 1 1 1 0 0 0 0 0 1 1 0 0 0 0 0 0 1 0 1 0 0 0 0 1 0 1 1 0 0 0 1 0 0 1 1 1 1 0 1 0 0 1 1 0 1 1 1 0 1 1 0 0 0 0 0 0 1 0 1 1 0 0 0 0 0 0 1 0 1 1 0 1 0 0 1 0 0 1 0 1 0 0 1 0 0 0 1 0 1 0 1 0 1 1 0 1 0 0 1 1 0 1 0 1 0 0 1 1 1 0 1 1 1 1 0 0 1 1 1 1 1 0 1 0 0 1 0 0 1 1 0 1 0 0 1 1 0 1 1 0 1 0 1 0 1 0 1 0 0 1 0 1
1 1 1 1 1 1 1 1 1 1 1 1 1 1 1 1 1 1 1 1 1 1 1 1 1 1 1 1 1 1 1 1 1 1 1 1 1 1 1 1 1 1 1 1 1 1 1 1 1 1 1 1 1 1 1 1 1 1 1 1 1 1 1 1 1 1 1 1 1 1 1 1 1 1 1 1 1 1 1 1 1 1 1 1 1 1 1 1 1 1 1 1 1 1 1 1 1 1 1 1 1 1 1 1 1 1 1 1 1 1 1 1 1 1 1 1 1 1 1 1 1 1 1 1 1 1 1 1 1 1 1 1 1 1 1 1 1 1 1 1 1 1 1 1 1 1 1 1 1 1 1 1 1 1 1 1 1 1 1 1 1 1 1 1 1 1 1 1 1 1 1 1 1 1 1 1 1 1 1
1 0 1 0 0 1 0 1 1 1 1 1 1 1 0 1 0 0 0 0 1 0 1 0 0 0 0 0 1 1 0 0 0 0 0 0 0 1 1 0 0 1 1 1 0 0 0 0 0 0 0 1 0 1 0 1 0 0 1 0 0 0 1 1 0 0 0 1 1 0 1 0 1 0 0 0 0 0 1 0 0 1 1 0 0 0 1 0 0 0 0 0 1 1 1 1 1 0 1 1 1 0 1 1 0 1 0 0 0 0 0 1 0 1 1 1 0 1 0 1 0 1 1 1 1 1 1 1 0 0 1 1 0 0 1 1 1 0 0 1 1 1 1 1 1 0 1 0 0 0 1 0 0 1 0 0 0 0 1 0 1 1 1 1 1 0 1 1 0 1 1 0 1 0 1 1 1 1 1
1 1 0 0 0 1 0 0 0 0 0 1 1 0 0 0 0 0 1 0 0 1 0 0 0 1 1 1 1 1 0 0 0 0 1 1 0 0 1 1 1 1 1 1 0 0 1 1 1 1 1 1 1 1 0 0 1 0 0 0 1 0 1 0 1 1 1 1 1 0 0 1 1 0 0 0 1 1 1 1 1 0 0 1 0 0 1 0 1 0 1 1 1 1 1 0 0 0 1 1 1 0 1 1 0 0 1 1 0 1 0 1 1 0 0 1 0 0 1 1 0 1 1 0 1 0 0 0 1 1 0 0 0 0 1 1 0 0 1 1 0 0 0 0 1 0 1 1 1 1 1 1 1 1 1 0 0 0 0 0 1 0 0 1 0 1 0 1 0 0 0 1 0 0 1 1 0 0 0
1 1 0 1 0 1 0 1 0 1 1 0 0 0 0 0 0 1 0 1 1 1 1 0 0 1 1 1 1 1 1 1 0 1 1 0 0 1 1 0 1 0 0 0 1 1 0 1 1 1 1 1 0 1 0 1 0 1 0 0 1 0 1 1 1 1 1 0 1 0 0 0 0 1 1 0 1 0 0 0 0 0 1 0 1 0 1 0 1 0 1 0 0 1 0 1 0 1 1 0 1 0 0 0 1 0 0 0 1 0 0 0 0 1 0 1 0 1 0 0 0 0 0 1 1 0 1 1 0 1 0 0 1 1 0 0 1 0 1 1 0 1 0 0 0 1 1 1 1 1 1 0 0 1 1 0 0 0 1 1 1 0 1 0 1 0 1 1 1 0 1 0 1 0 0 0 1 0 1
1 0 0 1 1 0 0 0 0 1 1 0 0 1 1 0 0 1 0 1 1 1 0 1 1 0 1 0 1 0 0 0 1 0 0 0 1 0 0 0 1 0 0 1 0 0 1 1 0 0 1 0 1 0 1 0 0 1 1 1 1 0 0 0 0 1 1 1 1 0 0 1 0 1 0 1 1 1 0 1 0 0 1 1 1 1 1 0 0 0 0 1 0 1 1 0 0 0 0 1 1 0 1 0 1 1 0 0 0 1 0 0 0 0 1 0 1 1 0 0 0 0 1 1 1 0 0 1 1 0 1 1 1 0 1 0 1 0 0 0 0 0 1 0 0 0 1 1 1 0 1 1 0 1 0 1 1 1 1 1 1 1 0 1 1 0 0 1 0 0 1 1 0 0 1 1 1 1 0
1 1 0 0 1 1 1 0 0 1 1 0 1 1 1 0 0 1 1 0 0 0 0 0 0 1 1 0 1 0 1 1 1 0 1 0 0 0 1 1 1 1 0 0 1 1 0 1 1 0 1 1 0 0 1 0 0 1 1 1 1 1 1 0 0 0 0 1 0 1 0 0 0 1 0 0 0 1 1 0 0 1 1 1 1 0 1 1 0 1 1 0 0 0 1 1 1 0 1 1 0 1 0 0 0 0 0 1 0 1 0 0 1 0 0 0 1 0 1 1 1 1 0 1 0 0 1 0 0 1 1 0 0 0 0 0 0 1 0 1 1 1 0 0 1 0 1 0 0 0 0 1 1 0 1 1 0 0 1 0 0 0 0 1 1 0 1 1 0 0 1 0 1 0 0 1 1 1 0
1 1 1 0 0 0 0 1 0 0 1 0 0 0 1 1 1 0 1 1 0 1 0 1 1 1 0 0 1 0 1 0 0 0 1 0 0 0 1 0 1 1 1 1 1 1 1 1 1 0 1 1 0 0 1 0 1 0 0 0 0 0 1 1 0 0 0 0 0 0 0 1 0 1 1 1 0 1 0 0 0 1 0 0 0 1 0 0 0 1 0 0 1 1 0 0 1 1 0 1 0 0 1 1 1 0 0 1 0 1 0 0 1 1 0 0 1 1 0 0 1 0 1 0 0 1 1 1 1 1 1 0 1 0 1 1 0 1 1 0 1 1 1 0 1 1 0 1 1 0 0 0 0 1 1 0 0 1 0 0 1 1 1 1 0 0 0 1 1 1 0 0 1 1 1 0 1 0 0
1 0 1 1 1 1 1 0 1 0 0 0 0 0 1 1 0 1 0 0 1 1 0 0 0 0 0 0 0 0 1 0 0 1 0 0 1 0 1 1 0 0 0 0 0 0 1 0 0 1 0 1 0 0 1 0 1 0 0 1 1 0 0 1 0 1 0 0 1 0 0 1 1 1 1 1 0 1 1 0 1 0 1 0 1 1 0 0 1 1 1 1 1 0 1 0 1 0 1 1 0 1 0 0 1 0 1 1 1 0 0 1 1 1 0 1 0 1 0 1 1 0 0 0 0 0 1 0 0 0 0 1 1 1 1 0 1 1 1 0 1 0 0 1 0 0 0 1 0 1 1 1 1 1 1 1 0 0 1 0 1 0 0 1 0 0 1 0 1 0 1 0 0 0 1 1 1 0 1
1 1 0 1 0 0 0 0 1 0 1 0 1 1 0 1 1 0 1 1 1 0 1 0 0 0 0 1 1 1 0 1 0 1 1 1 0 0 1 0 0 0 0 0 0 0 0 1 1 1 0 1 1 1 0 0 1 0 1 1 0 1 0 0 1 1 1 1 0 0 1 0 0 0 0 1 1 1 0 1 1 1 0 0 0 0 1 1 0 0 0 0 0 0 0 1 1 0 0 1 0 1 1 1 1 1 1 0 0 1 1 0 0 1 0 1 0 1 0 0 1 1 0 0 0 0 0 1 1 1 1 1 1 1 0 0 0 1 0 1 0 1 1 1 0 0 0 1 0 0 0 1 1 1 1 1 0 1 1 0 0 0 0 1 0 0 0 1 1 0 1 0 0 0 1 0 1 1 1
0 1 1 1 0 0 1 0 1 1 0 0 0 0 1 0 1 0 0 1 1 1 1 1 0 0 0 0 0 1 1 1 0 0 0 1 0 1 1 1 0 1 1 1 0 1 1 1 1 1 0 1 1 0 1 0 0 1 1 0 0 0 1 0 1 0 0 1 1 0 1 1 1 1 1 0 1 1 1 1 0 0 0 1 1 0 1 0 0 1 0 1 0 0 1 1 1 1 1 1 0 1 0 0 0 0 0 1 0 0 1 0 1 0 0 1 0 1 1 1 1 1 0 0 1 1 1 1 0 0 0 0 1 1 0 0 0 1 0 0 0 0 1 0 0 0 1 0 1 0 1 1 0 0 0 0 1 1 0 1 0 1 1 0 1 0 0 1 0 0 0 0 0 0 1 0 0 0 1
0 0 1 0 0 0 0 0 0 0 1 0 1 0 0 0 0 0 0 0 0 0 1 1 1 0 1 0 1 0 1 1 0 0 1 0 0 0 0 1 0 0 1 1 1 0 0 1 0 1 1 1 0 1 1 1 1 1 0 1 0 1 1 0 0 1 0 0 1 0 1 1 1 0 1 1 0 0 0 1 1 1 0 1 1 1 1 0 1 0 0 0 0 0 1 1 0 1 1 0 0 0 1 0 1 1 0 1 1 0 1 0 1 0 0 0 1 1 0 1 0 1 1 0 0 1 1 0 1 1 1 1 0 1 0 1 1 0 1 0 0 1 1 0 0 1 1 1 0 1 1 1 1 0 0 0 0 1 1 0 0 0 0 0 1 1 1 0 0 1 1 0 0 1 1 1 0 1 1
0 1 1 1 0 1 0 0 0 1 0 0 0 1 0 1 1 1 0 0 0 0 0 0 0 0 1 0 0 0 0 1 0 1 0 1 1 1 1 1 0 1 0 1 1 0 0 1 0 1 0 1 1 1 0 0 1 1 0 1 0 1 1 1 0 1 0 1 1 0 0 0 0 1 1 1 0 1 0 0 0 0 1 0 1 0 1 1 0 1 1 1 1 0 0 1 0 0 0 0 1 0 1 1 0 1 0 0 1 0 1 1 0 0 0 0 1 1 1 0 1 1 0 0 1 1 0 0 1 0 1 0 1 0 1 0 0 0 1 1 1 1 1 0 0 1 0 1 0 0 1 1 0 0 1 1 0 0 0 0 1 1 1 1 1 1 0 1 0 1 0 1 1 1 0 1 0 0 0
0 1 0 0 1 0 1 1 1 1 0 1 1 1 0 0 0 0 0 0 1 1 1 1 0 0 0 1 1 1 0 0 1 0 0 1 1 0 1 0 1 0 0 1 0 1 0 1 1 1 0 1 0 1 1 0 1 1 0 0 1 0 1 0 0 0 0 0 1 1 1 0 1 0 0 0 0 0 0 0 1 0 0 1 1 1 0 1 1 0 0 1 1 0 0 0 1 0 1 1 1 0 1 0 0 1 1 0 0 1 1 1 1 1 1 0 1 1 1 0 1 0 0 0 1 0 1 0 0 1 1 0 1 0 1 0 0 1 1 0 0 0 0 0 0 1 0 0 0 0 1 1 0 1 1 0 0 1 0 0 0 1 0 0 1 0 1 0 1 1 1 1 1 1 0 0 1 1 1
1 1 0 0 0 1 1 0 1 1 1 1 0 1 1 0 1 0 1 0 1 0 1 1 0 1 0 0 0 0 0 1 0 1 0 1 1 0 0 1 0 0 1 1 1 0 1 1 1 1 1 1 0 0 1 0 1 1 1 0 1 1 0 1 0 0 0 0 0 0 0 1 1 0 0 0 1 1 1 0 1 0 1 0 0 1 1 0 0 0 0 1 0 1 0 1 1 1 1 0 0 0 1 0 0 1 1 1 1 1 1 0 0 1 0 0 1 0 0 0 0 0 0 1 1 1 0 1 0 0 0 1 0 0 0 0 1 0 0 1 1 1 0 1 1 0 0 0 1 1 1 0 1 1 1 0 0 1 0 1 1 0 0 1 1 1 0 0 1 1 1 1 0 1 0 0 0 0 0
0 0 1 1 1 1 1 0 0 0 0 1 0 1 1 0 0 1 1 1 0 0 1 0 1 0 0 0 0 1 0 0 0 0 0 0 1 1 1 0 0 0 0 0 1 0 0 1 1 0 1 0 0 1 1 1 1 0 1 0 0 0 0 1 1 0 1 1 0 1 0 1 0 0 0 1 0 0 1 1 1 1 0 1 0 1 1 1 0 0 1 1 0 0 1 0 0 0 1 0 0 0 1 0 1 1 0 0 0 0 1 0 1 1 0 1 1 1 1 0 1 1 1 0 1 1 1 1 1 1 0 0 1 1 1 1 0 1 0 1 1 0 0 0 1 1 1 1 1 1 1 0 0 0 1 0 1 0 0 0 1 0 0 1 1 0 1 1 1 1 1 0 0 0 0 0 0 0 0
0 1 1 1 0 1 1 1 0 0 0 1 1 1 1 0 0 1 1 0 0 1 1 1 0 0 1 0 0 0 1 0 1 1 1 1 1 0 1 1 1 0 0 1 0 1 0 0 0 1 1 1 1 0 1 1 1 0 1 0 1 1 0 1 0 0 0 1 0 0 0 1 0 0 1 1 1 0 0 1 1 1 0 0 0 0 1 0 1 0 1 1 1 0 1 0 0 1 0 0 0 1 0 1 0 0 1 1 0 1 1 0 0 0 1 1 0 1 0 0 0 0 0 0 1 0 0 0 0 1 0 1 0 0 1 1 1 1 1 0 1 1 1 0 1 1 1 0 0 0 0 0 0 0 1 0 1 0 1 1 1 1 1 1 1 0 0 1 0 0 1 0 1 1 0 0 1 1 1
1 0 1 0 0 0 0 1 0 0 0 1 1 0 1 1 0 0 1 1 0 1 1 0 0 1 1 1 0 0 1 1 0 0 1 0 1 1 1 1 0 0 1 1 0 0 0 0 0 0 0 1 0 0 0 0 0 1 1 1 1 0 1 0 0 0 0 0 1 1 1 0 0 1 1 0 0 1 0 1 1 0 0 0 1 0 1 1 0 1 0 0 1 0 0 0 1 0 0 0 1 1 1 0 0 0 1 1 0 0 0 0 1 1 1 1 1 1 1 0 0 0 1 1 1 0 0 1 1 1 0 1 0 0 0 0 1 1 1 1 1 0 1 1 0 1 1 1 1 1 1 0 1 0 1 1 1 1 1 1 0 0 0 1 1 0 0 1 1 1 0 1 0 0 0 0 0 1 0
0 0 0 1 0 0 0 0 1 0 0 1 1 1 1 0 0 0 0 0 0 0 0 0 0 1 1 1 1 1 1 0 1 0 0 1 0 1 0 1 0 0 1 1 1 0 1 1 0 0 0 1 0 0 0 1 1 1 1 1 1 1 0 1 1 0 1 0 0 1 0 0 1 1 0 0 1 1 1 0 1 1 1 0 1 0 0 1 1 0 1 1 0 1 1 1 0 1 0 1 0 1 1 0 0 0 0 0 1 0 0 0 1 1 1 0 1 0 1 0 0 1 1 0 1 0 1 0 1 0 0 1 1 1 1 0 0 1 1 0 0 0 1 1 1 1 0 0 1 0 0 1 0 1 0 1 0 0 0 0 0 0 1 1 1 1 0 1 1 1 0 0 1 1 1 0 1 1 1
0 0 0 1 1 1 1 1 0 0 1 0 0 0 1 0 1 0 1 1 1 0 1 1 1 1 1 0 1 1 1 1 1 1 0 0 0 0 0 1 1 1 1 0 0 0 0 1 1 1 0 0 1 1 0 0 1 0 1 1 0 0 1 0 0 1 1 0 1 0 0 1 1 0 1 0 0 0 1 0 0 0 1 0 0 0 1 1 1 0 1 0 1 0 1 0 1 0 0 0 0 1 1 0 0 0 1 0 0 1 0 1 1 1 1 0 1 1 0 0 0 0 1 0 1 1 1 0 0 0 1 0 1 0 0 0 0 1 0 1 0 0 1 1 0 1 1 0 0 0 0 0 1 0 0 1 1 0 0 1 1 0 0 1 0 1 1 1 0 1 1 1 1 1 1 0 0 0 1
0 1 1 1 0 0 1 1 0 0 1 0 1 0 0 1 0 0 1 0 1 0 1 1 1 0 1 0 1 0 0 0 1 0 0 0 1 0 0 1 0 1 1 0 1 1 1 0 0 0 1 1 0 1 0 0 0 1 1 0 0 1 0 1 0 1 1 1 0 0 0 0 1 1 0 0 1 0 0 0 0 0 1 1 1 0 0 1 0 0 1 1 1 0 1 1 1 1 0 1 1 1 0 0 0 0 1 1 0 1 0 1 0 1 0 1 1 1 0 1 1 1 0 0 1 1 0 1 1 1 0 0 0 1 0 1 0 0 1 1 1 0 1 1 1 1 0 1 1 1 0 1 0 1 1 0 1 1 1 0 0 1 0 0 1 0 0 0 1 0 0 1 1 0 1 0 0 0 1
0 1 1 0 1 1 1 1 1 1 1 1 1 1 1 1 0 0 0 0 0 1 1 1 1 0 0 1 1 1 1 1 0 0 1 1 0 1 0 1 1 1 1 0 0 1 0 0 1 1 1 0 0 0 1 0 1 1 0 0 1 1 0 0 1 1 1 1 1 1 0 1 1 1 0 0 0 0 1 1 1 0 1 0 0 1 1 0 0 0 1 0 1 0 1 0 0 1 0 0 0 1 1 0 0 0 0 0 1 0 1 0 0 0 1 1 1 1 0 1 0 0 0 1 0 1 0 0 1 0 1 1 1 1 0 1 0 0 1 1 0 1 0 1 0 0 0 1 1 0 1 0 1 1 1 1 0 0 0 0 0 1 0 1 0 0 0 1 1 0 0 0 0 1 0 1 0 1 0
1 0 0 0 1 0 1 0 1 0 0 1 1 0 1 0 0 1 0 1 0 1 1 0 1 0 1 0 1 1 0 1 1 1 0 1 0 0 0 0 1 1 1 1 0 0 0 1 0 1 1 0 0 0 1 0 1 0 1 0 0 0 1 1 1 1 0 1 0 1 0 0 0 1 1 1 0 1 0 1 0 0 0 0 1 0 1 1 1 1 1 1 0 1 0 0 1 1 1 1 0 1 1 1 0 1 0 1 1 0 0 1 0 1 1 1 1 0 0 0 1 0 0 0 0 1 0 1 0 0 0 1 0 1 1 0 0 0 1 1 1 0 0 0 1 1 0 1 1 0 0 0 1 1 0 0 0 1 1 1 0 1 1 0 0 1 1 1 0 1 1 0 1 0 0 1 0 1 0
0 1 1 0 1 0 1 1 0 1 0 0 1 0 0 0 0 0 1 1 0 0 1 0 0 0 0 0 1 1 1 0 1 1 1 0 0 0 1 0 0 0 0 1 0 0 1 0 1 0 1 1 1 1 0 1 0 1 0 1 1 0 0 1 0 0 1 1 1 0 0 1 1 1 1 1 0 1 0 0 0 1 0 1 0 1 0 1 0 1 1 1 0 0 1 1 1 1 0 0 1 0 1 1 1 1 1 0 1 0 1 0 1 1 0 1 1 0 0 1 0 0 0 1 1 1 0 1 0 0 0 0 0 1 0 1 1 0 0 0 0 0 0 1 1 1 0 1 0 0 1 1 1 0 0 1 0 0 0 1 0 0 1 1 0 1 0 1 0 1 0 1 1 0 0 0 1 1 1
1 1 0 0 1 1 0 0 0 0 1 1 0 1 1 0 1 0 0 1 0 0 0 1 1 0 0 1 0 1 0 1 0 0 1 1 0 1 0 1 0 0 1 1 0 1 1 0 0 1 0 1 1 0 0 0 0 0 1 1 1 0 1 1 0 1 1 0 1 0 1 0 0 1 1 0 0 1 1 0 1 0 1 0 0 1 1 1 1 0 0 1 0 0 0 0 0 0 0 1 1 1 0 1 1 1 1 0 1 1 0 0 0 0 0 1 1 0 0 1 0 1 1 0 1 1 0 0 0 1 1 1 1 1 1 1 0 0 0 0 0 0 0 0 1 1 0 0 1 0 1 0 0 0 1 0 1 0 1 1 0 0 1 0 1 1 1 0 1 1 0 0 1 0 0 1 1 1 1
1 0 1 1 0 0 1 1 1 0 1 0 1 0 1 1 0 0 1 0 0 1 1 1 0 0 0 1 1 1 0 1 0 0 0 0 0 1 1 0 0 1 1 0 1 1 1 1 1 1 1 0 1 0 0 0 1 1 0 1 0 1 1 0 1 0 1 0 0 0 0 0 0 1 1 0 0 1 0 0 0 1 1 1 1 0 1 1 1 1 1 1 0 0 1 0 0 0 0 0 1 0 0 0 1 1 0 1 0 1 1 1 0 0 1 0 0 1 0 0 0 0 1 1 1 0 1 1 1 0 0 1 0 1 1 1 1 1 0 0 1 0 0 0 1 0 0 0 0 0 1 0 1 1 1 1 0 0 1 0 0 1 1 0 0 1 1 0 0 0 1 1 0 1 0 0 0 0 0
0 1 0 1 1 1 1 1 1 0 1 1 0 0 0 0 0 0 1 0 0 0 0 0 1 1 1 1 1 0 1 1 0 0 0 0 0 0 1 0 0 1 0 1 0 1 0 0 0 1 1 0 1 0 0 0 0 0 1 1 1 1 1 1 1 0 1 1 1 0 0 0 1 0 1 1 1 0 0 1 1 0 1 1 1 1 1 0 0 0 0 0 1 0 0 0 0 1 0 0 1 0 0 1 1 1 0 1 0 0 1 1 0 1 1 1 1 0 1 0 1 1 0 0 0 1 1 1 0 0 1 0 1 0 0 0 1 1 1 0 1 0 0 1 1 0 1 0 1 1 0 1 1 1 0 1 0 0 0 1 1 1 0 0 1 0 0 0 1 1 0 0 0 1 1 0 1 1 0
1 1 0 1 0 0 0 1 1 1 1 0 0 1 1 1 0 0 0 1 0 1 0 0 0 0 0 0 1 1 0 1 0 1 1 1 1 1 1 0 0 0 1 1 1 0 1 0 0 0 1 0 1 1 0 1 0 0 1 1 0 0 1 1 1 1 0 1 0 1 0 1 0 1 1 0 0 0 1 1 0 0 0 1 0 1 0 1 1 0 0 0 1 0 1 0 0 0 1 0 0 0 0 0 1 0 1 1 1 1 1 1 1 0 0 0 1 1 1 0 0 0 0 1 0 0 1 0 0 1 1 0 0 1 0 0 0 0 0 1 1 0 0 1 0 1 0 0 1 0 0 1 1 1 0 0 1 0 0 1 0 1 0 1 1 1 0 0 0 1 0 0 0 1 1 1 1 1 1
1 1 1 1 1 1 0 0 1 1 1 1 1 1 0 0 1 0 0 1 1 0 1 1 0 1 0 0 1 0 0 0 0 1 1 0 0 0 0 1 1 0 0 0 0 0 0 1 1 0 0 0 0 0 0 1 0 0 0 1 0 1 1 0 1 0 0 1 1 1 1 1 1 1 0 1 0 0 0 1 1 1 1 0 1 0 0 0 1 1 1 1 0 0 0 1 1 1 1 1 1 1 0 0 1 0 1 1 0 0 1 1 0 0 0 0 1 0 0 0 0 1 0 0 1 1 0 1 1 1 0 0 0 0 0 1 1 0 1 1 1 1 0 0 1 1 0 0 1 0 0 0 0 1 0 1 1 0 1 1 0 0 1 1 1 1 1 1 1 0 0 1 0 1 1 0 0 0 1
0 0 0 0 0 0 1 1 0 0 0 1 1 0 1 1 0 0 0 0 1 0 0 0 1 0 1 1 0 1 1 1 0 1 0 0 1 1 0 0 0 1 0 0 0 1 0 1 0 1 1 1 1 0 0 1 1 1 1 0 1 1 0 0 0 1 0 1 0 1 0 1 0 1 1 1 0 1 1 0 1 0 1 1 0 1 0 0 1 0 1 0 0 1 0 1 1 1 1 1 0 1 0 1 1 0 0 1 0 1 1 1 0 0 0 0 0 0 1 0 0 1 0 1 1 1 0 1 1 0 1 0 1 0 1 1 0 0 1 1 0 0 0 1 1 1 1 1 0 0 1 0 0 0 1 1 0 1 0 1 0 0 0 1 0 0 0 0 0 1 1 1 0 1 1 1 1 0 1
0 1 1 0 0 1 1 1 1 0 0 0 1 0 0 1 1 0 1 1 1 1 0 1 0 0 0 1 0 1 0 0 0 1 1 0 1 1 0 1 1 0 0 1 0 0 0 1 0 0 1 0 0 1 1 1 0 1 1 1 0 1 0 0 0 0 1 0 0 0 0 0 1 1 0 1 1 1 1 1 0 1 1 0 0 1 0 1 0 0 0 0 1 0 1 0 1 0 1 1 1 0 1 0 1 0 0 1 1 1 0 0 0 0 1 1 0 0 1 0 0 1 0 0 0 1 1 1 1 0 0 1 1 0 0 0 0 1 1 1 0 0 0 0 0 1 1 0 1 1 0 1 1 0 0 0 0 0 0 0 1 1 1 0 1 1 1 0 0 0 1 1 1 1 0 1 1 1 0
0 1 0 1 0 1 1 1 0 0 0 0 0 0 0 0 0 1 1 1 1 0 1 0 0 1 0 1 1 0 1 1 0 1 0 0 1 0 0 1 0 1 1 1 0 1 0 1 0 0 1 0 0 1 0 1 1 1 1 0 0 0 1 1 1 0 1 0 1 0 1 0 0 1 0 1 0 0 1 1 0 0 0 0 1 1 0 0 1 1 0 1 0 1 1 0 0 1 1 1 0 1 1 0 0 1 0 0 0 1 1 0 0 0 1 0 0 1 1 1 1 1 0 0 0 0 1 0 0 1 1 1 0 0 1 1 1 0 0 0 1 0 1 1 0 0 0 0 0 1 1 0 1 1 1 1 0 1 0 0 0 0 1 1 0 1 0 1 1 0 0 1 1 0 0 1 1 1 0
0 0 0 0 0 1 1 0 0 0 0 1 0 0 0 1 0 0 0 1 1 1 0 0 1 1 0 0 0 1 1 0 1 0 0 1 1 1 0 1 1 0 1 1 0 0 0 0 1 1 1 1 0 1 0 0 0 1 0 1 0 1 0 1 1 1 1 1 1 0 1 0 0 0 1 1 0 1 1 0 0 1 1 1 0 1 0 0 0 1 1 0 0 0 0 1 0 0 1 1 0 0 1 0 0 0 1 1 0 1 1 0 0 1 1 1 1 0 0 0 0 1 1 1 1 0 1 0 1 1 1 0 0 1 1 0 1 1 0 0 1 1 0 0 0 1 0 0 1 0 0 1 1 1 1 1 1 1 1 1 1 1 1 0 0 0 1 1 1 1 0 0 0 1 0 1 0 0 1
1 0 0 0 1 0 1 1 1 0 1 0 0 1 0 0 1 1 0 0 1 1 0 0 0 1 0 1 0 1 0 1 1 1 0 0 1 0 1 0 1 1 1 1 0 0 0 0 0 0 1 1 0 0 0 0 1 1 0 0 1 0 0 0 0 1 0 1 0 0 1 0 1 1 0 1 0 0 1 1 0 1 1 1 1 0 1 1 0 1 1 0 1 0 1 1 0 0 0 1 1 1 0 1 1 1 1 1 0 0 1 0 1 0 0 0 1 0 0 0 0 0 1 0 0 0 1 1 0 1 0 1 1 0 1 1 0 0 1 1 0 1 1 1 0 0 1 0 1 1 1 1 0 0 1 0 1 0 0 1 0 0 1 0 0 1 0 0 1 1 1 0 1 1 1 0 0 0 0
1 1 1 1 1 0 1 0 1 1 1 0 0 0 1 0 1 0 1 1 0 1 0 1 1 1 0 1 1 0 0 1 1 1 0 0 1 0 1 1 1 0 1 0 0 1 0 1 0 1 0 0 1 1 1 1 0 0 1 1 1 0 0 1 1 0 0 0 0 0 1 0 0 0 1 1 1 0 0 0 0 0 1 1 0 0 0 0 0 1 1 0 0 1 1 1 0 1 1 1 1 0 1 0 0 0 1 0 0 0 1 1 1 0 1 1 1 1 1 0 0 1 1 0 0 0 1 1 1 0 0 1 0 0 1 1 1 0 1 1 1 1 0 1 1 1 0 1 0 0 1 1 0 0 1 1 0 0 0 0 0 0 0 0 1 0 1 0 0 0 0 0 0 0 1 0 0 1 1
0 0 1 0 1 0 1 0 0 1 0 0 1 1 1 0 1 0 0 0 0 0 1 1 1 1 0 0 0 0 1 0 0 1 0 0 1 1 0 0 0 1 0 0 0 0 0 0 0 0 1 1 1 0 0 0 1 0 0 1 0 1 1 0 1 1 1 0 0 1 1 1 1 1 1 1 1 1 1 0 0 0 0 0 0 0 1 1 1 0 1 0 1 1 0 1 0 1 1 0 1 0 0 0 1 1 1 1 0 1 1 0 1 1 1 1 0 1 1 1 1 0 1 1 1 0 0 1 0 1 0 0 0 0 0 1 0 1 1 0 1 0 1 0 0 0 0 0 1 0 0 1 0 1 1 1 0 1 0 0 1 0 0 0 1 1 0 1 1 0 1 0 1 0 1 1 1 1 0
0 0 1 1 1 0 0 1 0 0 0 0 0 1 0 0 0 0 1 0 1 0 1 1 0 1 0 1 1 0 1 0 1 0 1 1 1 1 0 0 1 1 1 0 1 0 1 0 1 1 1 0 0 1 0 1 0 0 1 1 1 1 1 1 0 1 0 1 1 1 1 0 1 1 1 0 1 0 0 0 0 0 0 1 0 0 1 0 0 1 1 1 0 1 0 0 1 0 0 1 1 1 1 0 1 1 0 1 1 1 1 1 0 1 0 1 0 0 1 0 0 1 0 0 0 0 1 1 0 0 1 1 0 1 1 0 0 1 1 0 0 1 0 0 0 0 1 1 0 0 0 0 0 0 1 0 1 1 0 0 1 0 0 1 0 1 0 0 1 1 1 0 0 0 0 1 0 1 1
0 0 1 1 1 1 0 1 0 1 1 1 1 0 0 1 1 1 1 0 0 0 0 0 1 0 1 1 0 0 0 0 0 0 1 1 1 1 1 0 1 1 0 0 1 0 1 1 1 1 0 0 0 1 1 0 0 1 1 1 1 0 1 0 1 1 0 1 0 0 1 0 0 1 0 1 1 0 0 1 1 1 1 1 1 1 1 1 1 1 0 0 1 1 1 0 1 0 1 0 1 0 0 0 0 1 1 1 0 1 1 0 0 1 0 0 0 0 0 0 1 1 0 1 1 1 1 0 0 0 0 1 0 0 1 0 1 0 0 0 0 0 1 1 1 0 0 1 1 0 0 0 1 0 1 0 0 1 0 1 0 1 1 1 1 1 1 1 0 0 0 0 0 0 1 0 0 1 1
1 0 0 1 0 1 1 0 0 1 1 0 1 1 0 0 1 1 1 1 0 1 0 1 1 0 0 0 1 0 1 0 0 1 0 1 1 1 0 0 0 0 1 1 0 1 0 0 1 0 1 0 1 0 0 1 0 1 0 1 1 0 0 1 1 1 1 1 0 1 1 0 1 0 1 0 1 0 1 0 1 0 0 0 1 1 1 1 1 1 1 1 0 0 1 0 1 0 0 0 0 0 0 1 0 0 0 1 0 0 0 1 1 1 1 0 0 0 0 0 0 1 0 0 1 1 0 0 1 0 1 1 0 0 0 1 0 1 1 1 0 1 1 0 0 0 0 1 0 1 1 1 1 0 1 0 0 1 0 0 0 1 1 1 0 0 1 0 1 1 0 0 1 0 1 0 1 0 0
0 0 1 1 1 0 0 1 0 1 0 1 1 0 1 1 1 0 1 1 1 1 1 0 0 0 0 1 0 0 1 1 0 1 0 0 1 0 1 1 0 0 1 0 1 1 1 1 1 0 0 1 0 0 1 1 0 0 1 1 1 1 0 1 1 1 0 0 1 0 1 0 0 0 0 1 1 0 1 1 1 1 0 1 0 0 1 0 1 0 1 1 1 0 1 1 1 0 0 0 0 0 1 0 1 1 0 0 1 1 1 1 0 0 1 1 1 0 0 1 0 0 1 0 0 0 0 0 1 1 1 0 0 0 0 0 0 0 0 0 1 0 0 0 1 0 1 1 1 1 0 1 0 1 0 0 0 0 1 1 0 1 1 0 0 1 0 1 0 1 0 0 1 0 0 1 1 0 0
0 1 1 1 1 0 0 0 0 1 1 0 0 0 0 0 0 0 1 0 0 0 0 1 1 1 1 0 0 1 0 0 1 1 0 0 1 1 1 0 0 0 1 1 1 1 1 0 1 1 1 0 0 0 1 1 0 0 0 0 0 0 1 0 0 0 1 0 1 1 1 0 1 1 0 1 0 1 1 1 0 0 0 1 1 0 0 1 1 1 0 0 1 1 1 1 1 0 0 1 0 1 0 1 0 1 0 0 1 1 1 1 0 1 1 0 1 1 0 1 0 1 1 1 0 0 1 0 1 0 0 1 1 1 0 0 1 1 1 1 0 1 0 1 1 1 0 0 1 0 0 0 1 0 1 0 1 0 1 1 1 0 1 0 0 0 0 1 0 0 1 0 0 1 0 1 1 0 0
1 1 1 1 1 0 1 1 1 0 1 1 1 0 1 1 0 0 1 1 1 0 0 0 0 1 1 0 1 0 0 0 0 1 0 1 1 1 0 1 1 1 1 0 0 1 1 1 0 0 1 0 1 0 0 0 0 0 1 0 0 1 0 1 0 0 0 0 1 0 1 1 1 1 0 0 0 1 1 1 1 1 0 1 0 1 1 1 1 0 1 1 0 1 0 1 0 0 0 0 0 1 0 1 1 1 0 0 1 0 0 0 1 0 1 1 1 1 1 0 1 0 0 1 0 0 1 0 1 0 0 1 0 0 0 1 0 1 0 0 0 1 0 0 0 0 0 0 0 1 0 1 0 0 1 0 0 1 1 1 1 0 0 0 1 0 1 1 0 1 0 0 1 1 1 0 0 0 1
0 0 1 1 1 1 1 0 1 0 1 1 1 0 1 1 1 0 0 1 0 1 1 0 1 0 1 1 0 0 0 1 1 0 0 1 0 0 0 0 1 1 0 1 1 1 1 0 1 1 0 1 0 1 1 1 0 0 0 1 0 0 0 1 0 1 0 0 0 1 0 1 1 1 1 0 0 1 1 1 0 1 0 0 0 1 0 0 0 0 0 1 0 1 1 0 0 0 1 0 1 1 0 1 0 1 1 1 0 1 1 1 0 0 1 0 0 0 1 1 0 1 0 0 1 1 1 1 1 1 0 0 1 0 0 0 1 1 1 1 0 1 1 0 0 0 0 1 0 1 1 0 1 1 0 1 1 0 1 0 0 0 0 0 1 0 0 1 1 1 1 0 1 0 0 0 1 0 0
0 1 0 1 0 1 0 1 1 0 1 1 1 0 0 0 0 0 1 1 0 0 1 1 0 1 0 0 0 0 0 0 1 1 1 1 1 1 0 0 1 0 0 0 1 0 1 1 0 0 0 1 1 0 0 0 1 0 0 0 1 0 1 1 0 1 1 0 0 1 1 1 0 0 1 0 0 1 1 1 0 1 1 0 1 0 1 0 0 1 0 1 0 0 0 1 0 1 0 1 1 1 1 0 0 0 0 1 0 1 1 1 1 1 1 1 1 0 1 1 1 0 1 1 0 0 0 0 1 1 1 0 1 1 1 0 1 0 0 1 1 0 0 1 0 0 1 1 0 1 1 0 0 0 0 0 0 0 0 1 0 1 1 0 0 0 1 0 0 1 1 0 0 1 1 1 1 1 0
0 0 0 1 0 1 0 1 0 1 1 0 1 1 0 0 1 0 0 1 0 1 1 1 1 0 1 1 0 0 0 0 1 0 0 0 0 0 1 1 1 0 0 0 1 1 1 0 0 0 1 0 1 1 0 0 1 0 0 0 1 0 0 0 1 0 0 1 1 0 0 1 1 0 0 1 1 0 1 0 1 0 0 0 1 1 0 0 1 1 1 0 0 1 0 1 1 0 1 1 1 1 1 0 1 1 1 1 1 0 0 0 1 0 1 1 0 1 0 0 0 1 0 1 0 1 1 0 0 1 0 1 1 0 0 0 0 0 0 1 1 0 1 1 1 0 0 1 0 0 1 0 0 1 0 1 1 1 0 0 1 1 1 0 0 1 0 1 1 1 0 0 0 1 0 0 1 1 0
0 1 0 1 0 1 0 0 1 1 1 0 1 0 0 1 0 0 1 0 0 1 1 0 1 1 0 0 0 1 1 1 0 0 0 0 0 0 1 1 1 1 1 0 0 0 0 0 0 1 0 0 0 0 1 1 0 0 0 1 1 0 0 0 0 1 0 1 1 1 1 1 0 1 1 0 1 0 0 0 1 1 1 1 1 1 1 0 0 0 1 1 0 1 0 0 0 0 1 1 1 0 1 1 0 0 1 0 1 0 1 0 0 1 1 0 0 1 1 0 1 0 0 1 0 0 0 1 1 0 0 0 1 1 0 1 0 1 0 0 1 1 1 1 1 1 0 0 1 1 0 1 0 0 0 0 1 1 0 0 0 0 1 1 0 1 1 0 0 1 1 1 1 0 1 1 1 0 0
0 1 0 0 1 1 0 1 0 0 1 0 1 1 0 0 1 0 0 0 1 1 0 1 0 0 0 1 1 0 1 1 0 1 1 1 0 1 0 0 0 0 0 0 0 1 1 0 1 0 0 1 1 1 1 1 1 0 1 1 1 0 1 1 1 0 0 1 0 0 1 0 1 1 1 0 0 1 1 1 1 1 0 1 1 0 0 1 0 1 1 1 1 1 1 0 0 1 0 0 1 0 0 0 0 0 1 1 0 0 0 0 0 1 0 0 1 0 1 0 1 0 1 1 0 1 0 1 1 0 0 1 1 0 0 1 0 0 0 0 1 1 1 0 0 1 1 1 0 0 0 0 1 0 0 1 1 1 1 1 1 1 0 0 0 1 1 1 1 1 1 1 0 0 0 1 0 0 1
1 0 1 0 1 0 0 1 1 0 1 1 1 0 1 0 1 1 1 1 0 1 0 1 0 1 1 0 1 0 1 0 0 0 0 1 0 0 1 0 0 1 0 0 0 1 0 0 0 1 1 0 0 1 1 1 1 1 0 1 0 0 0 1 0 0 1 1 1 1 1 0 0 0 1 0 1 1 1 1 0 1 0 0 1 0 0 0 1 0 1 0 0 0 1 0 0 1 1 1 1 1 1 0 1 1 1 0 1 1 0 1 0 0 0 0 1 0 0 0 0 0 0 1 1 1 0 0 0 1 1 0 1 1 1 1 0 1 0 1 1 1 1 1 0 0 0 0 1 1 1 1 0 0 1 0 0 1 0 1 1 1 0 0 1 1 0 1 0 0 0 1 0 0 0 0 1 0 1
1 1 1 0 0 0 1 1 0 1 0 0 1 1 1 1 1 1 1 1 0 0 1 0 0 1 1 0 0 0 0 0 1 1 1 0 0 0 0 1 0 1 1 1 1 0 0 0 1 1 0 0 1 1 0 0 1 1 1 1 1 1 0 0 1 1 1 0 1 0 1 0 1 0 0 1 0 0 1 0 0 1 0 1 1 1 0 0 1 0 0 1 1 1 0 0 0 0 1 0 0 1 1 0 1 0 1 1 1 0 0 1 0 1 1 0 1 1 1 0 1 1 0 0 0 1 0 1 0 0 0 0 0 1 1 1 0 1 0 0 0 1 0 0 1 0 1 1 1 0 1 0 0 0 0 1 0 0 1 1 0 1 1 0 1 0 0 0 1 0 1 0 0 1 1 1 1 0 0
0 0 0 1 0 1 1 1 0 0 1 0 0 1 1 1 0 1 0 0 0 0 1 0 0 1 1 0 1 0 1 0 1 0 1 1 0 1 1 1 1 0 0 1 0 0 1 1 1 1 0 1 1 1 1 1 1 1 1 0 1 1 0 0 1 1 1 0 0 0 1 0 1 1 0 1 0 1 0 0 1 0 1 1 0 0 0 0 0 0 0 0 1 1 0 0 1 1 0 1 1 1 0 1 1 1 1 0 1 0 1 1 0 0 1 0 0 0 0 0 0 0 1 1 0 1 0 1 0 1 0 0 0 0 0 1 0 1 0 1 1 0 0 1 0 1 0 0 0 1 1 0 1 0 1 0 1 1 0 1 0 1 1 0 1 0 1 1 0 1 0 0 0 0 1 1 1 0 0
1 0 0 0 1 0 1 0 0 0 0 0 0 0 1 1 1 1 0 0 0 1 1 1 0 0 1 1 1 0 1 0 0 1 0 1 1 1 1 0 0 0 1 0 1 0 1 1 0 0 0 1 0 1 1 0 0 0 1 0 1 0 1 0 1 0 1 0 1 1 0 0 1 0 0 1 0 0 0 1 0 0 1 0 0 1 1 1 0 0 1 0 0 0 0 1 0 0 1 0 1 0 0 1 0 0 0 1 1 1 0 1 0 0 1 1 1 1 1 1 0 1 0 1 0 1 0 1 1 1 1 0 1 1 1 1 1 1 0 0 0 1 0 0 1 0 0 0 0 1 0 1 1 0 0 0 1 1 0 1 0 0 1 1 0 1 0 1 1 0 1 1 1 1 1 0 1 0 1
0 0 0 0 0 0 1 0 1 0 0 0 0 1 0 1 0 0 0 1 0 0 1 1 0 1 1 1 0 1 1 1 0 1 1 0 1 0 0 1 1 1 0 1 0 1 1 1 1 0 0 0 0 1 1 1 0 0 1 1 0 0 0 0 1 0 0 0 0 0 1 1 0 1 0 0 0 1 1 0 0 1 0 1 1 0 1 0 0 1 1 0 1 1 0 0 0 1 0 0 1 0 0 0 0 1 1 0 1 0 0 1 0 1 0 1 1 0 0 0 1 1 0 1 1 1 0 0 0 1 1 1 1 1 1 1 1 1 1 1 0 0 1 0 1 0 1 1 0 1 0 1 1 1 1 0 1 0 1 0 1 1 0 1 0 1 1 0 0 0 0 0 0 1 1 0 1 1 0
0 1 0 0 0 0 0 0 0 1 1 1 0 1 0 1 1 1 0 0 0 1 1 1 0 1 1 1 0 0 1 0 1 1 0 1 0 0 0 1 1 0 1 0 0 0 1 0 0 1 1 0 1 0 0 1 1 1 0 1 0 0 1 1 0 0 1 0 1 1 0 0 0 1 0 1 0 0 0 1 0 1 0 0 0 0 0 0 0 1 1 0 0 1 1 0 1 0 1 0 0 1 0 0 0 1 1 0 0 1 1 0 1 1 0 1 0 0 1 1 1 0 1 0 1 1 0 1 1 0 1 1 1 0 0 0 0 1 0 0 1 1 0 0 0 0 1 1 1 1 1 1 1 1 1 0 0 0 1 0 0 1 0 1 0 0 0 0 0 0 1 0 1 1 1 1 0 0 1
0 0 0 1 0 0 0 0 0 1 1 1 1 1 1 1 1 1 0 1 1 1 1 0 1 1 0 0 1 0 0 0 0 1 1 1 0 0 1 0 0 0 0 0 1 1 0 1 0 0 0 0 0 0 1 1 0 1 0 0 1 1 1 0 0 0 1 0 0 0 1 1 0 1 1 0 0 1 0 1 0 0 1 1 1 1 0 1 0 0 0 1 1 1 1 1 1 1 0 0 1 0 1 1 0 1 1 0 1 1 1 0 0 0 1 0 1 0 1 0 0 1 1 0 1 1 1 0 0 0 0 0 0 1 1 1 0 1 1 1 0 0 0 0 1 0 1 0 0 1 0 1 1 1 0 1 0 1 1 0 1 0 1 1 0 1 1 1 1 0 0 0 0 1 1 1 0 0 1
0 0 1 1 1 1 0 1 1 1 0 0 0 1 0 1 1 0 0 1 0 1 1 0 0 1 0 0 1 1 0 1 1 0 1 0 1 1 0 1 1 0 1 0 1 1 0 0 0 1 1 1 1 0 1 0 1 1 1 1 0 0 1 0 0 0 0 0 0 1 0 0 1 0 1 1 1 0 0 1 0 1 1 1 1 1 1 1 1 0 1 1 0 1 0 0 1 1 0 1 0 0 1 1 0 0 1 0 0 0 0 1 0 0 0 0 0 0 1 1 0 1 1 1 1 1 0 1 0 1 1 1 1 0 1 1 0 0 0 0 1 0 1 1 0 0 0 1 1 1 0 1 1 0 0 0 0 0 1 0 1 0 0 0 0 0 0 1 1 0 0 1 0 1 0 0 1 0 1
0 1 0 0 0 1 1 0 1 0 0 0 0 0 0 1 1 1 1 0 0 0 1 1 0 1 1 0 0 1 1 0 0 0 1 0 1 0 1 0 1 0 1 0 0 1 1 0 1 1 0 0 1 1 0 1 0 1 0 0 1 1 0 0 1 0 0 1 0 1 1 1 0 0 1 1 0 0 1 1 1 0 1 0 0 0 1 1 0 1 0 1 1 1 1 1 0 1 0 0 0 1 1 0 1 1 0 1 0 0 0 1 0 0 0 0 1 0 1 1 1 0 1 1 0 0 1 1 1 0 1 1 0 0 1 0 0 0 1 0 0 0 0 1 0 1 0 1 1 0 1 1 1 1 0 0 1 1 1 1 1 1 0 1 1 1 1 1 1 0 1 0 1 0 1 0 1 0 1
1 1 0 0 0 1 0 0 0 0 1 1 0 0 1 1 1 0 0 0 1 0 0 1 0 0 1 0 1 0 0 1 1 1 0 0 0 1 0 0 1 0 0 1 1 0 0 0 0 0 1 1 0 1 1 1 0 1 0 1 0 1 1 0 1 0 0 0 1 1 1 1 0 0 0 0 1 0 0 1 1 1 1 1 0 1 1 0 1 1 1 1 1 1 1 1 0 1 0 0 1 1 1 1 1 0 1 1 1 0 1 1 1 1 1 1 0 0 0 1 1 0 1 0 1 0 1 1 0 0 1 1 1 1 0 0 0 1 0 1 1 0 0 0 0 0 0 1 1 0 0 0 0 0 1 1 1 1 0 0 0 1 0 1 0 0 0 0 0 0 0 1 1 0 0 0 1 0 0
1 1 0 1 0 0 0 1 1 0 0 1 0 1 1 0 1 1 1 1 1 1 1 1 1 1 0 0 0 1 1 0 1 1 0 1 0 1 0 1 1 1 1 1 0 1 0 0 0 0 0 1 1 1 0 1 1 0 0 0 1 1 0 1 0 0 1 0 1 1 0 0 0 1 0 1 0 0 1 0 1 1 1 1 1 1 1 0 0 0 0 0 0 0 0 1 1 0 1 0 1 0 0 1 1 0 0 1 1 0 1 1 0 0 0 0 1 1 0 1 1 1 1 1 1 0 1 0 0 1 1 1 0 1 0 0 0 0 1 1 0 0 1 0 1 1 0 1 0 0 0 1 1 0 0 1 0 1 0 0 1 0 0 0 0 0 0 1 0 0 1 1 0 0 1 0 0 1 0
0 0 0 1 0 1 0 0 0 1 0 0 0 0 1 1 1 0 1 1 1 0 0 0 1 0 0 0 1 1 1 0 1 1 0 1 0 1 1 0 1 1 0 0 0 1 1 1 1 1 1 1 0 0 0 1 0 0 1 0 1 1 0 0 0 1 0 0 1 1 1 0 1 0 0 1 0 1 0 1 0 0 0 0 0 0 1 1 1 1 0 1 1 0 1 0 0 1 1 0 1 0 1 0 0 1 1 1 1 0 0 0 1 0 0 0 0 0 0 0 1 0 0 1 1 0 1 0 1 1 1 1 1 1 1 1 0 0 0 0 1 1 0 1 1 1 1 0 1 1 0 0 1 0 0 1 0 0 1 0 0 0 0 0 1 0 0 0 1 0 0 1 1 1 1 1 0 1 0
1 0 1 0 1 0 1 0 0 0 1 1 1 1 1 1 1 1 1 1 1 0 1 0 1 0 0 1 0 1 1 0 1 1 1 1 1 1 1 1 1 1 0 1 0 0 1 1 0 1 0 0 0 1 0 0 0 0 0 1 0 1 1 0 1 0 0 0 1 0 0 1 0 1 0 0 1 0 0 1 1 0 1 1 1 1 0 0 1 1 0 1 0 1 1 1 0 1 0 0 0 0 1 1 0 0 1 1 0 1 0 0 0 0 0 1 0 0 0 1 1 0 1 1 0 1 0 0 1 0 1 0 0 1 0 1 0 1 1 1 1 0 1 1 0 1 1 0 0 0 1 1 0 1 0 0 0 0 0 1 1 0 0 0 1 0 0 0 1 1 1 0 1 1 0 0 1 0 0
0 1 0 0 0 1 1 0 0 0 1 0 0 0 1 1 0 1 0 1 1 1 0 0 1 0 1 1 0 1 0 0 0 0 1 0 1 0 1 1 0 1 1 1 1 1 0 0 1 0 0 0 0 1 1 0 1 0 0 1 1 1 0 1 0 1 1 1 0 1 1 0 1 0 1 0 0 1 0 1 0 1 1 0 0 0 1 0 1 1 0 1 0 1 1 1 1 0 1 0 1 1 0 0 0 1 0 0 1 0 1 0 1 1 0 0 0 1 1 0 1 0 1 1 1 0 0 1 0 1 1 1 0 0 0 1 0 1 1 0 1 0 0 1 0 0 1 1 0 0 0 0 0 1 0 0 0 1 0 1 1 0 1 0 0 1 0 0 0 0 0 1 0 1 1 0 1 1 1
1 0 0 0 1 1 0 1 0 1 1 1 0 1 0 1 0 0 0 0 0 0 0 0 0 0 0 1 0 0 1 1 1 1 0 1 0 0 0 1 1 1 0 0 1 1 0 1 1 0 0 1 1 0 1 0 0 1 0 0 0 0 1 1 0 0 1 1 1 0 0 1 1 0 0 1 1 1 0 0 1 1 0 0 0 0 0 1 1 0 0 1 0 0 0 0 1 0 0 0 0 1 1 0 1 0 0 1 1 1 1 1 0 0 0 1 1 1 1 0 1 1 0 1 1 0 1 1 1 0 0 1 0 1 1 1 1 1 1 1 1 0 1 1 0 1 1 0 1 0 1 1 1 1 0 0 0 1 0 1 0 0 0 0 0 1 1 0 1 0 0 0 1 0 1 1 1 0 0
0 0 1 0 1 0 1 1 1 0 1 1 1 0 0 0 1 1 1 0 1 0 1 1 0 1 0 1 1 0 0 1 1 1 0 0 1 0 1 0 1 1 0 0 1 1 1 1 0 0 0 1 1 1 0 0 1 1 1 1 0 0 0 1 1 1 0 1 1 1 1 1 0 0 1 0 0 1 0 0 1 0 1 0 0 1 0 1 0 0 0 1 0 1 0 0 0 0 1 1 0 0 0 1 0 0 0 1 1 0 1 0 1 1 0 0 0 1 0 1 0 1 1 1 1 0 0 0 0 0 0 1 1 1 1 0 0 0 1 0 0 1 0 1 0 1 1 0 1 1 0 1 1 1 0 0 1 0 1 0 1 1 1 1 1 0 0 1 0 0 0 0 0 1 0 1 0 1 0
0 1 1 1 0 0 1 1 1 1 1 0 1 0 1 1 1 1 0 0 1 0 1 1 0 0 1 0 0 1 0 1 1 1 1 1 0 0 1 0 0 0 0 1 1 1 0 0 1 1 0 0 0 0 1 0 0 0 0 1 1 0 1 1 0 1 1 1 0 1 0 0 0 1 0 0 0 0 1 0 1 0 0 0 0 1 1 0 1 0 1 0 0 1 0 1 1 1 1 1 1 0 1 1 1 1 0 1 0 0 1 0 1 1 0 1 1 0 0 0 0 1 1 0 0 0 0 0 1 0 1 1 0 0 1 1 1 1 0 0 0 0 1 1 0 1 1 0 1 1 0 1 1 0 1 1 1 0 0 1 1 1 0 0 0 1 1 1 1 0 0 1 1 0 1 1 0 0 0
1 0 0 0 1 0 0 1 1 0 1 0 0 1 0 0 1 0 0 0 1 0 1 0 1 0 1 1 0 1 0 0 1 0 1 1 1 1 1 1 0 1 1 0 0 0 1 1 0 0 0 0 0 0 0 1 1 1 1 1 1 0 0 0 1 1 1 1 1 0 0 1 0 1 1 0 1 1 0 0 1 1 0 0 1 1 1 1 0 1 1 0 1 1 0 1 0 1 1 0 0 1 0 0 1 0 0 0 0 1 1 1 1 0 1 0 1 0 1 1 1 0 0 0 1 0 1 1 0 1 1 1 0 0 1 1 1 1 1 1 0 1 0 0 1 1 0 0 0 1 0 0 0 0 0 0 0 0 0 0 1 1 0 0 0 0 0 1 1 0 0 1 0 0 0 1 1 0 1
1 0 1 1 1 0 0 1 1 1 0 0 0 1 1 0 0 1 0 1 0 0 1 1 0 1 1 1 0 0 1 1 1 1 1 1 0 1 1 1 1 1 0 1 0 0 0 0 0 1 1 1 1 1 1 1 1 1 0 1 0 1 0 0 0 1 1 0 0 1 0 0 0 0 0 0 0 1 0 1 1 0 0 0 0 1 0 1 1 1 0 1 1 0 1 1 0 0 0 1 1 0 0 0 0 0 1 0 0 1 0 1 1 1 0 1 1 1 0 0 1 1 0 1 1 1 1 1 1 0 1 0 1 0 1 0 0 0 0 1 0 1 1 0 1 0 0 0 1 1 0 0 0 1 0 1 1 1 1 0 1 0 1 0 0 0 1 0 0 1 0 0 1 1 0 0 1 0 1
1 0 1 1 0 1 0 1 1 1 1 0 1 0 1 1 0 0 1 0 1 0 0 1 1 1 1 1 0 1 1 1 1 1 1 0 1 1 1 0 0 0 1 0 0 0 1 0 1 0 1 1 0 0 1 0 0 1 1 0 0 0 0 1 0 0 1 1 1 0 0 0 1 0 1 1 1 0 0 1 1 0 0 1 0 1 1 0 0 1 1 0 0 0 0 0 0 1 1 0 0 1 1 1 0 1 1 0 1 1 0 1 1 1 0 0 0 0 1 1 1 1 1 0 1 0 0 0 0 0 0 1 0 0 1 0 0 0 1 1 0 1 0 0 0 1 0 0 0 0 1 1 0 1 0 1 1 1 0 0 0 1 1 0 1 1 0 1 0 0 1 0 0 1 1 0 1 0 0
1 1 0 1 1 1 0 1 0 1 0 1 1 0 1 1 0 1 0 1 1 1 1 1 1 1 0 0 1 0 0 0 0 0 1 1 0 1 1 1 0 0 1 1 0 0 0 1 1 1 0 0 1 1 1 1 1 0 1 0 0 0 0 0 0 0 0 1 0 1 0 1 1 0 1 1 1 1 0 0 0 1 1 1 0 0 0 1 1 1 0 0 0 0 0 1 0 1 0 0 1 1 0 0 1 1 0 1 0 0 0 0 0 1 1 0 1 0 0 1 1 1 1 1 0 0 0 0 0 0 0 1 0 1 1 0 1 0 1 0 0 0 1 0 0 0 1 0 0 0 0 1 0 1 1 0 1 1 0 0 0 0 0 1 1 0 0 0 1 1 0 1 1 1 0 1 1 0 0
0 1 0 0 1 1 1 1 1 1 1 1 1 0 1 0 1 1 1 0 0 0 1 0 1 0 0 0 1 1 1 1 0 1 1 0 0 1 0 0 1 0 1 1 1 1 0 0 0 0 0 1 1 0 1 0 0 0 1 1 0 1 0 0 1 0 1 1 1 1 0 0 1 1 0 1 1 1 0 0 1 0 0 1 1 0 0 0 0 1 0 0 1 1 0 1 0 0 1 0 0 0 1 0 0 0 0 1 1 1 0 0 0 0 0 1 0 0 0 0 1 0 0 0 1 0 1 0 1 0 0 0 1 0 1 1 1 1 1 0 1 0 1 1 0 0 0 1 0 1 1 0 0 0 1 0 1 1 1 0 1 0 1 1 0 1 1 0 0 0 1 0 1 1 1 0 0 0 1
1 0 1 1 0 1 1 1 1 0 0 0 0 0 0 1 1 1 0 1 0 0 0 0 1 1 0 1 0 1 0 1 1 0 0 0 0 1 0 1 0 0 0 1 0 0 1 0 1 1 1 1 0 0 1 0 1 0 0 1 0 0 0 1 1 0 1 0 0 1 1 1 0 0 0 0 1 0 0 1 0 0 1 1 1 0 0 0 0 0 1 1 1 1 0 1 1 0 0 0 0 1 0 0 1 1 0 1 1 1 1 0 1 1 1 1 1 0 1 1 0 0 0 1 0 0 0 0 0 0 0 0 0 0 1 1 0 0 1 1 0 1 1 0 1 1 1 0 0 0 1 0 1 0 0 0 0 1 1 0 1 1 0 1 1 1 0 0 1 0 0 1 1 0 1 1 0 1 1
1 0 1 0 1 1 0 1 1 1 0 1 1 1 1 0 1 0 0 0 1 0 1 1 0 1 1 0 1 1 0 0 1 1 1 0 1 1 1 1 1 1 0 1 0 1 1 1 1 1 0 0 0 0 0 1 0 0 0 0 0 0 0 1 1 1 1 1 0 0 0 0 1 0 1 1 1 1 0 1 0 1 1 1 1 1 0 1 1 0 0 0 1 1 1 1 0 1 0 1 0 1 0 0 0 1 0 1 1 0 0 0 0 1 0 0 0 1 1 0 0 1 0 0 0 1 0 0 1 0 1 0 1 0 1 0 1 1 0 0 1 0 0 0 1 1 0 1 0 1 1 0 1 0 0 0 1 1 1 0 0 0 0 0 0 1 0 0 1 1 1 0 1 0 1 0 0 1 1
0 1 0 0 0 0 1 1 1 0 0 0 0 1 1 1 0 1 0 1 1 0 0 1 1 1 0 1 1 0 0 1 1 0 1 0 0 1 1 0 0 1 0 0 1 0 1 1 0 1 1 0 1 0 0 0 0 1 0 0 0 0 0 0 0 1 1 1 1 1 1 1 1 0 0 0 1 0 1 1 1 1 1 0 1 0 0 0 1 1 0 0 1 1 1 0 1 0 0 0 0 0 1 0 0 0 1 0 0 0 1 0 0 0 0 1 1 1 0 1 0 1 0 1 1 0 0 1 0 1 0 1 1 0 1 0 1 1 1 0 1 1 0 0 1 1 0 1 0 1 0 1 1 0 1 1 0 1 0 1 0 0 1 0 1 1 1 1 0 1 0 0 1 0 0 1 1 0 0
0 0 0 0 1 0 0 0 0 1 1 0 1 1 1 1 1 0 0 1 1 0 0 0 0 1 1 1 1 0 0 0 0 0 1 0 0 1 0 0 1 1 1 1 0 1 0 1 1 0 0 1 1 0 0 1 1 1 1 1 1 0 0 1 0 0 1 0 0 1 0 1 0 0 1 0 0 0 1 1 1 0 0 1 1 0 1 0 0 1 1 0 1 0 1 1 1 0 1 1 0 0 0 1 1 1 1 0 1 1 1 1 0 0 1 1 0 1 0 1 1 0 0 0 0 1 0 0 1 0 0 0 0 1 1 0 1 0 0 0 1 1 0 1 0 1 1 1 1 0 0 1 1 1 0 0 1 1 0 0 1 0 1 0 1 0 1 0 1 0 0 1 1 1 0 0 0 1 0
0 1 1 0 0 1 1 0 1 0 1 0 1 0 0 1 0 1 1 1 1 1 0 0 0 1 1 0 1 0 0 0 1 0 0 1 1 1 1 0 1 1 1 0 0 1 0 1 0 1 1 0 0 0 1 1 0 0 0 1 1 1 1 1 1 0 1 0 0 0 0 1 1 1 0 0 1 0 0 0 1 0 0 0 0 0 0 1 1 0 0 0 1 0 0 1 1 0 1 0 0 0 0 0 1 0 1 0 1 0 1 1 0 1 0 0 1 0 1 1 1 0 1 0 1 1 0 1 0 1 1 1 1 1 1 1 1 0 0 1 0 0 1 0 0 0 1 0 0 0 1 1 0 0 0 1 1 1 1 0 0 0 1 1 0 0 1 1 0 1 1 0 1 0 0 1 0 1 0
1 0 1 0 0 1 1 0 1 1 0 1 0 1 0 1 0 0 1 0 1 0 1 1 0 0 1 1 1 0 1 1 1 1 1 0 0 1 1 1 0 0 1 0 0 1 1 0 1 1 1 0 1 1 1 0 0 1 1 0 1 1 1 0 1 1 1 0 0 0 0 1 1 1 1 1 0 1 1 0 0 0 0 1 1 1 0 0 0 0 0 0 0 1 0 1 1 0 0 0 0 0 0 0 1 1 0 1 1 1 0 0 0 0 0 0 0 1 1 1 0 0 1 0 1 0 1 0 0 1 1 1 1 0 0 1 0 1 0 1 0 1 1 0 0 0 0 1 1 0 0 1 0 1 1 0 0 0 0 1 0 1 1 1 1 0 1 0 0 1 0 1 0 0 0 0 0 0 0
1 1 1 0 1 0 0 1 1 1 0 0 1 0 1 0 0 1 0 0 0 1 1 0 1 0 1 0 0 0 0 0 0 1 0 1 0 0 0 0 1 1 1 1 1 0 1 1 1 1 1 0 1 1 1 1 0 1 1 1 0 0 1 1 0 0 1 1 0 0 1 1 0 0 0 1 0 1 0 0 1 1 1 1 1 0 1 1 1 1 1 0 1 0 0 1 0 1 0 0 0 1 1 1 1 0 1 0 0 0 1 0 0 0 0 0 0 0 1 1 0 0 0 1 0 1 1 0 1 1 1 0 1 0 0 0 0 1 1 1 0 1 0 1 0 0 1 0 1 1 0 0 0 1 0 1 1 0 0 0 1 0 1 0 1 0 1 0 1 0 0 1 0 0 1 0 0 1 0
1 0 1 0 0 0 1 1 0 1 0 1 0 0 0 0 1 0 0 0 1 1 0 1 1 0 1 0 0 0 0 1 1 0 1 1 0 0 0 1 0 1 1 1 0 0 0 0 0 1 0 1 0 0 1 0 0 1 1 0 0 1 1 0 0 0 1 1 1 0 1 1 0 1 1 0 1 0 1 1 1 0 1 0 1 0 0 1 1 0 1 1 1 1 1 0 1 0 1 0 1 1 0 0 1 1 0 0 0 1 1 1 0 1 1 0 0 1 0 1 1 1 0 1 0 0 1 1 1 0 1 0 1 1 1 1 1 1 0 0 1 1 1 1 0 1 0 1 0 1 0 1 0 1 0 1 0 0 0 0 1 0 1 1 0 0 1 1 0 0 1 1 1 0 1 0 0 1 0
0 0 1 1 0 0 0 0 1 0 0 1 1 1 1 0 1 1 1 0 0 1 0 1 1 0 1 1 1 0 0 1 1 0 1 0 1 0 0 0 1 0 0 1 0 0 0 1 1 0 1 0 0 1 1 1 1 1 0 0 1 1 1 1 0 0 1 1 1 1 1 1 0 0 0 1 1 0 1 0 0 1 0 1 0 0 0 1 0 1 1 1 0 1 0 0 0 0 0 1 1 1 0 0 0 0 1 1 0 0 1 0 1 0 0 0 0 1 0 1 1 1 0 0 0 1 0 1 0 0 1 0 0 0 1 0 1 0 0 0 1 1 1 1 1 0 0 0 0 1 0 1 1 0 0 1 0 0 1 1 0 0 1 1 0 1 0 0 1 0 1 1 0 0 0 0 1 0 0
1 1 1 1 0 0 1 0 0 0 0 1 0 1 1 0 1 1 1 1 1 1 0 0 1 1 1 1 0 0 1 0 1 0 1 1 0 1 1 0 0 0 0 0 0 0 0 0 0 1 1 1 1 0 1 1 0 0 1 1 1 1 0 1 0 1 1 0 1 0 1 1 1 0 0 0 0 0 0 0 0 1 0 0 0 0 0 1 0 1 1 1 1 1 0 1 1 1 1 1 1 1 0 1 0 0 0 1 0 1 0 0 0 0 0 0 0 0 1 1 0 0 1 1 1 1 1 0 1 0 0 1 1 0 0 0 1 0 1 0 1 0 0 1 1 1 0 1 0 0 0 0 1 0 1 0 1 0 0 0 0 1 0 0 0 1 1 0 1 0 0 0 0 1 0 1 0 0 1
0 0 1 0 1 1 1 1 0 1 0 0 0 1 1 1 0 1 1 0 0 0 0 0 1 0 0 0 1 0 1 1 1 0 0 1 1 0 0 0 0 0 0 1 0 0 0 1 1 1 1 1 1 0 0 1 1 0 0 0 1 0 1 0 1 1 1 0 1 0 1 1 0 1 1 0 0 0 0 1 1 1 1 0 0 1 0 1 0 0 0 1 1 0 1 1 1 1 1 1 0 0 0 0 1 1 0 1 1 0 0 0 0 0 1 1 0 1 1 0 1 1 1 0 0 0 0 0 1 1 0 1 1 1 1 0 0 0 0 1 1 1 1 0 1 0 0 1 0 1 0 0 0 1 0 0 1 0 0 0 1 1 0 0 0 1 1 0 0 0 1 1 0 1 0 0 1 0 1
1 0 1 1 0 1 1 0 0 0 0 1 0 1 0 0 1 1 1 1 0 0 0 1 1 1 0 1 1 1 0 0 1 1 1 0 0 1 1 1 1 0 1 0 1 1 0 0 1 0 1 1 0 1 1 1 0 0 1 1 0 1 1 1 1 1 0 1 0 1 1 1 0 1 0 1 1 1 1 1 0 0 0 0 1 0 1 0 0 1 0 1 1 0 1 1 0 1 0 1 1 0 0 1 1 0 1 0 1 0 0 0 0 0 1 0 0 1 1 1 1 0 0 0 1 0 0 1 0 0 0 0 0 0 1 0 0 1 0 0 0 0 1 1 1 1 0 0 0 0 1 1 1 1 0 0 0 0 1 0 0 0 1 0 0 0 1 0 0 1 1 1 0 0 1 1 1 1 0
1 0 1 0 0 0 0 1 0 1 1 0 1 1 0 0 0 1 1 1 1 1 0 0 1 1 1 1 0 1 1 1 0 0 1 1 1 0 0 0 0 0 1 0 0 1 1 1 0 1 1 1 0 0 0 0 0 1 1 1 0 1 1 1 1 1 1 0 1 1 0 1 0 0 0 1 0 1 0 0 0 1 0 0 0 1 0 1 1 0 1 1 1 1 1 1 1 0 0 1 0 0 1 1 0 0 0 0 0 0 1 1 1 1 1 0 0 0 0 0 1 0 0 1 0 0 1 1 0 0 0 0 0 1 1 0 1 0 0 1 0 0 1 0 1 1 1 1 0 1 0 1 0 0 1 0 0 0 0 0 1 0 1 0 1 1 0 0 0 0 0 1 0 0 1 0 1 1 0
0 1 1 0 1 1 0 0 1 0 1 1 0 1 1 1 0 1 0 1 0 0 1 1 1 1 1 1 0 1 1 1 0 0 1 1 1 0 0 0 0 0 1 0 0 1 1 0 0 1 1 1 0 0 0 0 0 1 1 1 0 1 1 1 1 1 1 0 1 1 0 1 0 0 0 1 0 1 0 0 0 1 0 0 0 1 0 1 1 0 1 1 1 0 1 1 1 0 0 1 0 0 1 1 0 0 0 1 0 0 1 1 1 1 1 0 0 0 0 0 1 0 0 1 0 0 1 1 0 0 0 0 0 1 1 0 1 0 0 1 0 1 1 0 1 1 1 1 0 1 0 1 0 0 1 0 0 0 0 0 1 0 1 0 1 1 0 0 0 0 0 1 0 0 1 0 1 1 0
C Elapsed Time 429.320000 
