118 25 2^25 5
0 0 1 0 0 1 0 1 0 1 1 0 0 0 0 1 0 1 0 0 1 0 0 1 1
1 0 1 1 1 0 0 0 0 0 0 1 1 0 0 1 0 0 1 1 0 0 0 0 1
0 0 1 1 0 1 0 1 0 1 0 1 1 0 1 0 1 0 1 1 1 1 0 1 1
0 1 0 0 0 1 1 1 0 0 0 0 1 1 0 0 1 0 0 1 0 1 1 0 0
0 1 0 1 0 0 1 0 1 1 1 0 1 1 1 0 1 1 1 1 1 0 0 1 1
0 1 1 1 0 0 1 1 1 1 1 1 1 0 0 0 0 0 1 0 0 0 0 0 0
0 0 1 1 0 1 0 1 0 0 0 1 0 0 0 1 0 0 0 0 0 1 1 0 0
1 0 0 1 1 1 0 1 1 0 0 1 0 1 1 0 0 0 1 0 1 1 1 1 0
0 1 1 0 0 0 1 0 0 1 0 0 1 0 0 1 1 0 0 1 1 0 0 1 1
0 0 0 0 1 1 1 1 1 0 1 1 0 0 1 1 1 1 0 0 1 1 0 0 1
0 0 1 0 1 0 0 0 0 1 1 1 1 1 1 1 0 1 0 1 0 1 1 0 1
0 0 1 0 0 0 0 1 1 0 0 1 0 1 1 0 1 0 0 0 0 0 0 1 1
1 0 0 0 0 0 1 0 0 1 0 1 0 0 1 0 0 1 0 1 0 1 1 1 0
1 1 0 1 1 1 1 0 1 1 1 0 0 0 0 1 0 1 0 1 0 0 1 0 0
0 0 0 1 0 1 1 0 0 0 0 1 1 1 0 0 1 1 1 0 0 0 1 1 0
1 0 0 1 1 1 0 1 0 0 1 0 1 1 0 0 0 0 0 1 1 0 1 1 1
0 0 1 1 1 0 0 0 1 1 1 1 1 1 1 1 1 0 0 1 0 1 1 0 0
1 0 1 1 0 1 1 1 1 1 1 1 0 0 1 1 1 0 0 1 0 0 0 1 0
0 0 0 0 1 0 0 1 1 0 0 0 1 0 1 1 0 1 1 1 0 0 0 1 0
1 1 1 1 0 1 0 0 1 0 0 0 1 1 1 1 0 1 0 0 0 1 0 1 1
0 0 0 0 1 0 1 1 0 1 0 1 0 1 0 0 0 0 0 1 1 0 0 0 0
0 1 1 0 1 1 0 0 1 1 0 0 0 1 1 1 1 0 1 0 1 0 1 1 0
0 0 0 0 1 0 1 1 0 1 1 0 0 0 1 0 1 0 1 0 0 0 1 0 1
0 0 1 1 0 0 1 1 1 0 0 0 0 1 1 1 0 1 1 1 1 0 1 0 1
1 0 1 0 0 1 0 0 1 0 0 1 1 1 0 0 0 1 0 1 1 0 0 0 0
0 1 1 0 0 1 1 1 1 0 0 0 1 0 1 1 1 0 0 1 0 1 1 0 0
0 0 0 1 1 1 0 1 1 0 1 0 1 1 0 1 1 0 1 0 1 0 0 0 0
0 1 0 0 1 1 0 0 0 0 1 1 1 0 1 0 0 0 0 0 0 0 0 1 0
0 0 0 1 0 0 0 1 0 1 0 1 1 1 1 1 1 1 0 0 1 0 1 0 0
0 0 0 1 0 1 0 0 1 1 0 0 0 0 1 0 0 0 0 1 0 0 0 0 1
0 1 0 1 1 1 0 0 0 1 0 0 1 0 0 0 0 1 1 1 1 1 1 0 1
1 1 1 1 0 0 0 1 0 1 0 0 0 1 1 0 0 0 1 1 0 0 1 1 0
1 0 1 0 1 1 1 1 0 1 1 1 1 0 0 0 1 1 1 1 1 0 1 0 0
1 1 0 1 0 0 0 0 0 1 0 1 1 0 1 1 1 1 0 0 0 0 1 0 0
1 0 0 0 1 1 1 0 0 0 0 1 0 1 1 1 1 0 0 1 1 1 1 1 1
0 0 1 0 1 1 1 0 1 0 1 0 0 0 0 0 0 0 1 1 1 1 0 1 1
1 0 1 1 1 0 1 1 1 1 0 0 1 0 0 1 1 1 1 1 1 1 1 1 0
1 1 1 0 1 1 0 0 0 1 0 0 0 1 1 1 1 0 1 1 1 0 0 0 0
1 0 1 1 0 0 1 0 1 1 0 0 0 1 0 0 1 0 0 0 1 1 1 0 1
1 0 1 0 0 0 1 1 0 0 1 1 1 1 1 1 1 0 1 0 1 1 0 1 0
0 0 0 0 1 1 1 0 1 1 0 1 1 1 0 1 0 0 1 1 0 0 1 1 1
0 0 1 1 1 0 1 0 0 0 1 0 0 1 0 0 1 1 1 1 0 1 0 0 0
1 1 0 0 0 1 0 0 0 1 1 1 0 1 0 0 1 0 0 0 0 1 0 0 1
1 1 0 0 1 0 1 0 0 0 1 0 1 1 0 1 0 1 1 0 1 1 1 0 0
1 1 1 0 1 0 1 1 1 0 1 1 0 1 0 1 1 1 0 0 0 0 1 1 0
0 1 1 1 1 1 0 1 1 1 0 1 0 0 0 0 1 1 0 1 0 0 1 1 1
0 1 1 1 0 0 0 1 1 1 1 0 1 1 0 0 0 1 1 0 0 1 0 0 0
1 1 1 1 1 1 1 1 0 1 0 1 1 1 0 1 0 1 0 1 1 1 0 1 0
1 1 0 0 0 1 1 1 1 0 0 0 0 0 0 0 0 1 1 0 1 0 0 1 0
0 0 1 1 1 0 1 0 1 0 0 0 1 0 1 0 0 0 0 0 1 0 1 1 0
0 0 1 0 0 0 0 0 0 1 1 0 0 0 0 1 0 1 0 0 1 1 1 1 0
0 1 0 0 0 1 0 1 0 0 1 1 0 1 1 1 0 1 1 1 0 0 0 0 1
1 1 1 0 0 0 1 0 0 0 0 1 0 0 1 0 0 1 1 1 0 1 1 1 1
0 1 1 0 0 0 1 0 0 0 1 0 1 0 0 1 1 1 0 1 0 0 0 0 1
0 1 1 0 1 0 0 1 0 0 0 1 1 1 0 0 1 1 1 0 1 1 1 1 1
1 0 1 0 0 1 0 0 1 0 1 0 1 0 1 0 1 1 1 0 0 0 1 0 1
1 0 0 1 0 0 0 1 0 0 1 0 1 1 0 1 1 0 0 1 0 0 1 1 1
1 0 0 0 1 1 0 0 0 0 0 0 0 0 1 1 1 1 0 1 1 0 1 1 1
1 0 1 0 1 1 0 1 0 0 0 0 0 0 0 1 0 0 1 0 0 1 1 0 0
1 1 1 1 1 1 1 0 0 1 1 1 1 0 0 0 1 0 0 0 1 1 1 1 0
1 1 1 0 1 1 1 1 1 0 1 0 0 1 0 0 0 0 1 1 0 1 0 1 1
0 0 0 0 0 0 0 0 1 0 1 1 0 0 0 0 1 0 1 1 1 0 1 0 0
0 0 0 1 1 1 1 0 1 0 0 1 1 0 0 1 1 1 0 0 1 1 0 0 1
1 1 0 0 1 1 0 1 0 1 1 1 1 0 0 1 1 1 1 1 0 1 0 1 0
0 1 1 1 0 1 1 0 0 0 1 1 0 1 1 0 0 0 0 0 1 0 1 0 1
1 0 1 1 1 0 0 0 0 1 1 1 0 1 1 1 0 1 1 0 1 0 0 1 1
1 0 0 1 0 0 1 1 1 0 1 1 1 0 0 0 0 1 0 1 0 1 1 0 1
1 1 1 0 0 0 0 0 0 1 1 0 1 1 0 0 0 0 1 1 0 0 1 1 0
0 0 0 0 0 1 1 1 0 1 1 1 1 0 1 0 1 0 0 1 0 1 1 1 1
1 1 1 0 1 0 0 1 1 0 1 0 1 0 1 1 0 0 0 1 1 1 0 0 1
0 0 1 0 0 1 1 0 1 1 1 1 1 1 0 1 0 0 1 0 0 1 1 1 1
1 1 1 1 1 1 1 1 0 1 1 0 1 0 1 1 1 1 1 0 0 1 1 1 1
1 0 0 0 0 0 1 0 1 0 1 0 0 1 1 1 0 0 0 0 0 0 0 0 0
0 1 0 1 0 0 0 0 1 0 0 1 0 1 0 1 0 0 0 1 1 1 0 1 0
0 1 0 0 1 0 0 0 1 0 0 0 0 1 0 0 0 1 0 0 0 0 1 0 1
0 0 0 1 0 1 1 0 0 1 0 0 0 1 0 1 1 1 1 0 0 0 0 1 0
1 1 1 1 0 1 0 0 1 0 1 1 1 0 0 1 1 1 1 1 1 1 1 1 0
1 1 1 0 1 0 0 1 1 1 1 1 0 0 1 0 0 0 0 1 1 1 1 0 1
0 1 1 0 0 0 1 0 1 1 0 1 0 0 1 0 1 1 1 0 1 1 0 0 0
0 0 0 1 0 0 1 1 0 0 1 1 1 0 0 0 0 1 0 0 0 1 0 1 1
1 1 1 1 0 0 0 1 0 0 1 0 0 0 1 0 1 1 0 1 1 0 0 0 0
1 1 0 0 0 0 1 1 1 1 0 1 1 0 0 1 0 0 0 0 1 0 1 1 1
1 0 0 0 1 0 0 0 1 1 0 0 1 0 0 0 1 0 0 0 0 1 0 1 0
0 1 1 1 1 1 0 1 1 1 1 0 1 1 0 1 1 0 0 0 1 0 0 0 1
0 1 1 0 1 1 1 0 1 1 0 1 0 0 1 1 0 1 1 0 0 1 0 0 0
1 1 0 0 0 1 0 1 1 1 0 1 1 0 1 1 0 0 1 0 1 0 1 0 1
0 0 1 1 1 1 0 0 0 0 1 0 0 1 1 0 1 1 0 1 0 1 0 1 0
1 1 0 1 1 0 0 1 0 0 0 0 0 0 1 0 1 1 0 0 1 1 0 0 0
0 0 0 0 0 1 1 1 1 1 1 0 0 1 1 0 1 1 0 0 1 1 1 1 0
1 1 0 1 0 1 1 1 0 0 0 0 0 0 0 0 1 0 1 0 1 0 0 1 1
1 1 0 1 1 0 1 0 1 0 0 1 1 1 1 0 1 0 1 1 0 0 1 0 0
1 0 0 1 0 1 1 0 0 1 1 0 1 0 1 1 0 0 1 1 1 1 0 0 0
1 0 1 0 1 1 1 1 0 1 0 0 1 1 1 0 0 1 0 0 0 0 0 0 1
1 1 0 1 1 1 1 1 1 0 0 1 1 1 1 0 1 0 1 1 0 1 0 0 1
0 1 0 1 1 0 1 1 0 1 0 0 0 1 1 1 0 0 0 0 0 1 0 1 1
1 0 0 1 1 1 0 1 1 1 1 1 0 1 1 0 0 1 1 0 0 1 1 0 0
1 1 0 0 1 0 1 0 1 1 1 1 1 1 1 0 1 1 0 1 1 0 0 1 1
0 0 0 0 0 0 0 0 0 0 0 0 1 1 1 0 0 0 1 0 1 1 0 0 1
0 1 1 0 1 0 0 1 0 0 0 1 1 1 1 0 1 0 1 1 0 1 0 1 0
0 1 0 0 0 1 0 1 1 1 1 0 1 1 1 0 0 1 0 1 1 1 1 1 0
1 0 0 1 1 0 0 0 1 1 1 1 0 0 0 0 0 1 1 0 1 0 0 1 1
0 1 0 1 1 0 1 1 0 1 1 1 0 0 0 1 1 0 1 1 1 1 1 1 0
1 0 0 1 0 0 1 0 0 0 1 0 1 0 1 1 0 1 1 0 0 1 0 1 1
1 1 0 1 0 1 1 0 1 1 1 0 0 0 1 1 1 1 0 1 1 0 1 0 1
1 1 1 1 0 1 1 1 0 1 1 1 0 1 0 1 1 1 1 1 1 1 1 0 1
1 1 1 1 1 0 1 0 0 0 0 1 0 0 0 1 1 0 1 0 0 0 0 0 1
1 0 0 0 0 0 0 1 1 1 0 0 0 1 0 1 1 1 1 1 0 1 0 0 1
0 1 1 1 1 1 1 1 0 0 1 1 1 0 1 1 0 1 1 1 1 0 1 1 0
0 1 0 1 0 0 0 0 1 0 1 0 0 0 1 1 1 0 1 0 0 1 1 1 1
1 0 1 1 1 0 0 1 0 0 0 1 0 1 0 1 1 1 0 0 0 0 1 1 1
0 1 0 0 1 1 1 1 1 0 1 1 1 1 0 0 1 1 0 0 0 0 0 0 0
1 0 1 0 0 1 1 1 1 1 0 1 0 1 0 0 1 0 1 0 0 0 0 1 0
0 1 0 1 0 0 0 1 0 0 1 0 0 0 0 0 0 0 1 1 1 1 1 0 1
1 0 1 0 1 0 1 1 0 0 1 0 1 0 1 0 1 0 0 0 0 0 0 1 0
1 1 1 0 1 1 0 0 1 1 0 0 0 0 0 0 0 0 0 0 0 1 1 0 1
1 1 0 0 0 0 1 0 1 1 1 1 1 1 1 1 0 0 1 0 1 1 0 0 0
0 1 0 0 1 0 0 0 1 1 0 1 1 1 0 1 1 1 1 0 1 0 0 0 1
0 0 1 1 1 0 1 1 1 1 0 0 1 0 1 0 0 0 0 1 0 1 1 1 1
C Elapsed Time 15764.700000 
