109 21 2^21 5
1 1 1 0 1 0 1 0 0 1 0 0 1 1 1 1 1 0 0 0 0
1 0 0 0 0 1 1 1 1 1 0 0 0 1 1 1 0 1 0 0 0
0 1 1 0 0 0 1 1 1 0 1 0 1 0 0 1 0 0 0 1 1
0 0 0 1 0 0 0 0 0 0 0 0 0 0 1 1 0 1 0 1 1
1 1 0 1 1 0 1 0 0 1 0 0 1 1 1 1 0 0 0 0 0
1 1 1 0 1 1 0 0 1 1 0 1 1 1 0 0 0 0 1 0 0
0 1 0 0 0 1 0 0 1 1 0 0 1 0 1 1 1 1 0 0 0
1 0 0 0 0 1 0 1 1 0 1 0 1 1 1 0 0 0 1 1 1
0 0 0 1 1 1 1 1 0 0 0 1 1 1 0 1 0 0 1 0 0
1 0 0 1 1 1 0 0 1 1 0 0 0 1 1 1 0 1 1 1 0
0 1 0 0 0 0 0 1 0 0 0 1 0 1 1 0 1 0 0 1 0
1 1 1 1 0 1 1 1 1 0 0 0 0 0 1 0 0 0 0 0 1
0 0 0 0 1 0 0 0 0 1 1 1 0 1 0 1 0 0 0 1 0
0 0 1 1 1 0 0 0 1 0 1 1 1 0 1 0 1 1 0 0 0
0 0 0 0 1 0 0 0 0 1 0 1 1 0 0 0 1 1 1 1 1
0 1 0 1 0 1 0 0 0 1 1 0 1 1 0 0 1 0 0 1 1
1 1 0 1 0 0 0 1 1 0 1 0 0 1 0 1 0 0 0 0 0
0 0 1 1 0 0 1 1 1 1 0 0 1 1 0 0 0 1 0 1 0
0 0 1 0 1 1 0 1 1 0 1 1 0 0 0 0 1 1 1 1 0
0 0 1 0 0 0 0 1 1 0 0 1 0 0 1 1 0 0 1 0 0
0 1 0 0 1 1 0 1 0 0 1 0 1 0 0 1 0 1 0 1 0
0 0 0 0 1 1 0 0 1 0 0 0 0 1 0 0 0 0 0 0 1
0 1 1 0 1 1 1 1 1 0 1 1 1 1 0 0 1 0 0 0 1
1 0 1 1 1 1 0 0 0 0 0 0 1 1 1 0 1 0 0 1 0
1 1 0 1 1 0 0 1 1 1 1 1 1 1 0 1 1 1 1 1 0
1 1 1 0 1 1 0 1 0 0 0 0 1 0 0 1 0 1 0 0 0
1 0 0 0 0 0 1 0 1 0 1 1 1 1 1 1 0 1 0 0 1
0 0 1 1 0 0 1 0 1 1 1 1 0 1 1 0 1 0 1 0 1
1 1 0 1 1 1 1 1 0 1 1 1 1 1 1 0 1 1 0 1 0
1 0 1 1 1 0 0 0 1 0 1 1 0 1 0 0 1 1 0 0 0
1 0 0 1 1 1 1 0 0 1 1 0 1 0 0 0 0 1 0 0 1
1 0 0 1 0 0 1 1 0 1 1 0 0 0 1 1 1 1 1 1 0
0 0 0 1 1 0 0 1 1 1 0 1 1 1 1 1 1 0 0 0 1
0 1 0 1 0 1 1 0 0 1 0 1 0 1 0 0 1 1 1 0 0
1 0 1 0 1 0 1 0 1 0 0 0 0 0 0 1 0 1 1 0 1
1 1 1 0 0 0 1 1 0 1 1 1 1 0 0 0 1 0 1 0 0
1 1 1 1 0 0 0 0 0 1 0 1 1 0 1 1 0 1 1 1 0
1 0 1 1 0 1 0 1 0 1 0 1 0 1 0 1 1 1 0 0 1
0 1 1 1 1 1 0 0 1 0 0 1 1 1 1 1 0 1 0 1 1
0 1 1 1 1 1 1 1 0 0 0 0 0 0 0 0 1 0 1 1 0
1 1 1 1 1 1 1 1 1 1 1 1 0 1 1 1 0 0 0 1 0
1 1 1 0 0 0 0 0 1 1 1 0 0 0 1 0 1 0 0 1 0
0 0 0 1 1 1 1 1 1 0 1 0 0 1 1 1 1 1 0 1 1
0 0 0 1 0 1 0 1 0 1 1 1 1 0 1 0 0 0 0 0 0
0 1 0 1 1 0 1 0 1 0 1 0 1 0 1 0 0 0 1 1 0
0 1 1 0 0 0 0 0 1 0 0 0 0 1 0 1 1 0 1 1 1
1 1 1 1 0 0 1 0 0 1 0 0 1 1 1 1 1 0 0 0 1
0 1 1 1 1 0 0 1 0 1 1 0 0 1 1 0 0 1 1 0 1
0 0 1 0 0 1 1 0 0 0 0 0 1 0 1 0 1 1 1 0 1
0 1 1 1 0 0 1 1 0 0 1 1 1 0 1 1 1 1 0 1 1
1 1 0 1 0 0 0 1 1 0 0 0 1 0 0 0 1 1 1 0 1
1 0 0 0 0 1 0 1 0 0 0 1 1 1 1 0 0 1 1 1 1
1 1 0 0 0 0 0 0 1 1 1 1 1 1 1 0 0 1 0 0 1
1 0 0 1 0 1 1 0 1 0 0 1 1 0 0 1 1 0 0 1 0
1 0 1 1 1 1 1 1 1 1 1 1 1 0 1 1 0 1 1 0 0
1 0 0 1 0 0 1 0 1 1 0 1 0 1 1 0 1 0 1 1 1
0 0 0 0 0 0 0 0 0 0 1 0 1 1 0 1 1 1 1 0 0
0 1 0 0 0 1 1 1 1 1 1 1 0 0 0 1 0 1 0 0 1
1 1 1 0 1 0 1 1 1 0 0 1 0 1 1 1 1 1 1 1 0
0 0 1 1 0 1 0 0 1 1 1 0 1 0 0 1 0 0 1 0 1
1 1 0 1 1 1 0 0 0 0 1 1 0 0 1 1 1 0 1 0 1
1 1 0 0 0 1 1 1 0 1 0 0 1 0 0 1 0 0 1 1 1
1 0 1 1 1 0 0 1 0 0 0 0 1 1 1 0 1 0 1 0 0
0 1 1 1 0 1 0 1 1 1 1 1 1 1 1 1 1 0 1 1 0
1 1 0 0 1 0 1 0 0 0 0 0 0 1 0 0 1 1 0 1 1
0 0 0 0 1 0 1 1 1 1 0 1 1 1 1 1 1 0 1 0 1
1 1 1 1 1 1 1 1 1 1 0 1 1 0 1 0 1 1 1 1 1
1 0 0 0 0 0 0 0 0 1 0 0 0 0 0 0 0 0 1 0 0
0 0 1 0 0 1 1 0 0 0 1 0 0 1 1 1 0 0 0 0 0
0 1 1 0 0 0 0 0 0 0 0 1 1 0 0 0 0 0 0 0 1
0 1 0 0 1 1 0 1 1 1 0 0 0 0 1 0 1 1 0 0 0
1 1 1 1 0 1 1 1 1 0 1 0 1 1 1 1 1 1 1 0 0
1 0 1 1 1 0 1 0 0 0 1 1 1 1 0 0 0 0 1 1 1
0 1 1 1 1 0 1 0 0 1 1 0 0 0 0 1 1 1 0 0 0
0 1 0 0 0 1 1 1 0 1 0 0 0 1 1 1 0 0 1 1 1
1 1 1 1 0 1 0 0 0 0 1 0 0 1 0 0 0 1 1 1 0
1 0 1 0 1 0 0 1 0 1 1 0 1 0 1 1 0 0 0 1 1
1 0 0 0 1 0 1 1 0 0 0 1 0 0 1 0 0 1 0 0 0
0 0 1 1 1 1 0 1 1 0 1 1 0 0 0 0 0 1 1 1 1
0 1 1 1 1 0 1 0 1 1 0 1 0 0 0 1 1 0 0 0 0
1 0 1 0 1 0 0 1 1 0 1 0 1 0 0 1 1 0 0 1 1
0 1 0 1 0 1 1 0 1 0 0 1 0 1 1 0 0 1 1 0 0
0 0 1 1 1 1 0 1 0 1 0 0 0 0 0 1 1 0 1 1 0
1 1 1 0 0 1 1 0 0 0 1 1 0 1 0 0 0 1 1 1 0
0 0 0 0 0 0 1 1 0 0 1 0 0 0 0 0 1 0 0 0 1
1 0 1 0 0 1 0 0 1 1 1 0 0 0 1 0 1 1 0 1 1
1 0 1 1 0 0 1 1 0 0 1 1 0 1 0 1 0 0 1 1 1
1 0 0 0 1 1 1 1 1 1 1 0 0 1 0 0 1 0 1 0 0
1 1 0 1 1 0 0 1 1 1 0 1 0 0 0 0 0 0 0 1 1
1 0 1 0 0 1 1 1 1 1 0 1 1 1 0 1 1 1 0 1 0
0 0 1 0 1 1 1 0 0 1 0 1 0 0 1 0 0 0 0 1 1
1 1 0 0 1 1 1 0 1 0 1 1 1 0 1 1 1 0 1 1 0
1 1 1 0 1 1 0 1 0 1 1 1 0 1 1 1 1 1 1 0 1
0 1 1 0 1 0 1 1 1 1 1 0 1 1 1 0 0 1 1 1 0
0 0 0 0 0 0 1 0 1 0 0 0 1 0 0 0 0 0 0 1 0
1 0 0 0 0 1 0 0 0 0 0 1 0 0 0 1 1 0 0 0 1
0 0 1 0 1 1 1 0 0 1 1 1 1 1 1 1 1 1 1 1 0
0 0 1 0 0 0 0 1 0 1 0 0 0 1 0 0 0 1 0 0 1
0 1 0 0 1 0 0 0 0 0 1 0 0 0 1 0 0 0 1 0 1
1 1 1 1 1 1 1 0 1 1 1 0 1 1 0 1 1 1 1 1 1
0 0 0 1 0 0 0 0 0 0 0 0 0 0 0 0 0 0 0 0 1
0 0 0 1 1 0 1 1 1 1 0 0 1 0 1 1 1 0 1 0 1
0 0 0 1 0 1 0 1 1 0 1 1 0 0 0 0 1 1 1 1 0
1 1 1 1 0 1 1 0 0 0 1 1 0 0 0 0 0 1 0 1 0
1 1 0 0 1 1 0 0 0 1 1 1 1 0 1 1 1 0 1 0 1
0 1 0 0 0 0 1 0 1 1 1 1 0 0 0 1 0 1 1 1 1
0 1 0 1 1 0 1 1 0 0 0 1 1 1 0 1 0 1 1 0 1
0 1 0 1 0 0 0 0 1 0 1 0 1 0 1 1 0 1 0 1 1
1 0 0 1 0 1 0 1 0 1 0 0 0 0 0 1 0 0 0 0 1
C Elapsed Time 2160.300000 
