C CINVESTAV-TAMAULIPAS, MEXICO 
C email: jtj@cinvestav.mx 
C http://www.tamps.cinvestav.mx/~jtj/ 
C 
159 80 2^80 5 
1 1 0 1 0 0 0 0 0 1 1 0 0 0 0 1 0 1 0 0 1 0 1 1 0 0 1 0 1 0 0 0 0 0 1 0 1 1 0 0 0 1 0 1 0 0 1 1 1 1 0 1 1 1 0 1 0 0 1 1 0 0 1 1 1 1 0 1 0 1 1 0 1 1 1 1 0 1 0 1 
0 1 0 1 1 1 1 0 1 0 1 1 0 1 0 0 0 1 1 1 0 1 1 0 1 0 1 0 0 1 1 0 0 1 1 0 1 0 0 1 1 1 0 0 0 0 1 1 1 0 1 1 1 0 0 0 1 0 0 1 1 0 0 0 1 0 1 1 1 0 0 0 0 0 1 1 0 0 0 1 
1 0 0 1 1 1 0 0 1 0 0 0 1 0 0 0 0 0 1 1 1 0 1 0 0 1 0 0 0 1 0 0 1 0 0 0 0 0 0 1 1 1 0 1 1 1 1 1 1 0 1 1 0 0 1 1 0 1 1 0 0 1 1 1 0 0 0 1 1 1 1 1 0 0 0 1 0 1 1 1 
0 0 0 1 1 0 1 1 0 0 1 1 0 0 1 1 1 0 1 0 1 0 1 1 0 1 0 0 1 0 0 0 0 1 1 0 1 1 0 0 1 1 0 1 1 1 1 1 0 0 1 0 0 1 0 1 1 1 0 1 0 0 0 0 0 0 1 0 1 1 0 1 0 1 1 0 1 0 1 0 
0 1 0 0 1 1 0 0 1 0 0 0 0 0 1 0 0 1 1 1 1 1 0 1 1 0 1 1 1 0 0 0 1 0 1 1 1 0 1 0 0 0 0 1 1 0 1 1 0 1 0 1 0 1 1 0 1 1 1 0 1 0 0 1 0 0 1 0 1 1 1 0 0 1 0 0 1 0 0 1 
0 1 0 1 1 0 1 1 1 1 1 1 1 0 0 1 0 1 0 1 0 0 0 0 1 0 0 0 1 0 1 1 1 0 1 1 1 0 0 0 0 0 0 1 0 1 0 1 1 1 1 0 0 0 1 1 0 1 0 0 1 1 0 0 0 0 1 1 0 1 0 0 1 1 0 1 0 1 1 0 
1 1 1 0 1 0 0 1 1 1 0 0 1 0 1 1 1 0 0 1 0 1 1 0 1 0 0 0 1 0 1 0 1 0 0 0 1 1 1 0 1 1 0 0 1 1 1 0 0 0 0 1 1 1 0 0 1 0 1 1 0 1 0 1 1 0 1 1 0 1 0 0 0 0 0 1 0 0 1 0 
1 0 0 0 0 0 0 0 0 0 1 1 1 0 1 1 1 1 1 1 1 1 1 0 1 0 1 1 0 1 0 0 1 1 0 1 1 1 1 1 0 1 0 0 0 1 0 1 0 0 1 0 0 1 1 0 0 0 0 0 0 0 0 0 1 1 0 0 1 1 0 0 1 1 0 1 0 1 1 1 
0 1 0 1 1 0 0 1 0 1 0 0 1 1 1 1 1 1 1 1 0 1 1 0 0 1 1 1 0 1 0 1 0 1 1 1 1 0 0 0 0 0 0 1 1 0 0 0 1 0 0 1 1 1 0 0 0 1 1 1 0 0 0 0 0 0 0 1 1 0 1 1 1 0 0 0 0 1 1 0 
0 0 1 0 0 0 1 0 1 1 1 0 0 0 1 0 1 1 1 1 0 1 0 1 0 0 0 1 1 0 0 1 0 0 0 1 0 0 1 1 1 1 0 1 0 0 1 0 1 0 1 0 1 0 0 0 0 1 0 1 0 0 1 0 1 0 1 1 0 1 1 1 0 1 0 1 1 1 1 1 
0 1 1 1 0 0 1 0 0 1 0 0 0 0 1 0 0 0 0 0 1 0 1 0 1 1 0 1 1 1 0 1 1 0 0 1 1 0 0 1 1 1 0 0 1 1 0 1 0 1 0 1 0 0 0 0 0 1 0 1 1 0 0 1 1 1 1 1 1 0 0 0 1 0 1 0 1 1 1 1 
0 0 1 1 1 1 0 0 0 1 0 1 1 1 1 1 0 0 1 1 1 0 0 1 1 1 0 0 1 1 1 1 1 0 1 1 0 0 0 0 0 1 0 1 0 0 1 0 0 1 1 0 1 1 0 0 0 0 0 1 0 1 0 1 1 1 0 0 1 0 0 1 0 1 0 1 0 0 0 1 
1 1 1 1 0 0 0 0 1 1 0 1 1 1 0 1 1 1 0 0 0 1 1 1 1 0 0 0 0 1 1 0 0 0 1 1 0 1 0 1 0 0 0 1 1 0 1 1 0 0 0 0 0 0 0 1 0 1 1 0 1 0 1 0 1 1 1 0 1 1 0 1 0 0 0 0 1 0 1 1 
1 0 0 1 1 0 0 0 1 1 1 0 1 1 1 0 1 0 1 0 0 1 0 0 0 1 1 1 1 1 0 0 1 1 0 0 1 0 0 0 0 0 0 1 0 1 1 1 0 1 0 0 0 0 0 0 1 0 1 0 1 1 1 0 1 1 1 1 0 0 0 1 0 1 1 1 1 1 0 0 
0 1 0 0 1 1 0 0 0 0 1 0 0 1 0 1 1 0 0 1 0 0 1 1 1 0 0 1 0 1 1 1 1 1 0 1 0 1 0 0 0 1 0 0 0 1 1 1 1 1 0 1 0 1 1 0 0 1 0 1 0 1 1 0 1 0 1 0 0 1 1 1 0 0 1 0 1 1 0 0 
1 0 1 0 1 1 1 1 0 1 0 0 1 0 0 1 0 1 1 0 0 1 0 0 0 0 1 1 1 1 1 1 1 0 0 0 1 1 0 0 1 0 0 0 0 0 0 1 0 1 1 1 0 1 0 1 0 0 0 1 1 0 1 0 0 0 0 0 1 1 1 1 0 0 1 1 1 0 1 1 
1 0 1 1 1 1 1 0 0 0 0 0 0 0 1 1 1 1 0 1 1 1 1 0 1 0 1 0 0 0 1 1 0 1 0 0 1 0 1 0 0 0 0 1 1 0 0 0 1 1 1 0 0 0 0 1 1 1 0 0 0 1 0 1 1 1 0 1 0 1 0 1 0 0 1 0 1 1 0 1 
1 0 1 1 0 1 0 0 0 0 0 1 1 1 0 0 0 0 1 1 0 1 0 0 0 0 0 1 1 1 1 0 0 1 1 1 1 1 0 0 1 1 0 0 1 0 1 0 1 1 0 0 0 0 1 1 1 0 0 1 0 0 0 1 0 1 1 1 0 1 1 0 1 1 0 0 1 1 1 0 
1 1 0 0 0 0 1 1 1 1 0 1 0 1 1 0 1 0 0 1 1 0 0 0 1 0 1 0 0 0 1 1 1 1 0 0 1 0 0 0 1 1 0 0 0 0 1 1 0 1 0 0 1 0 1 1 1 1 1 1 0 0 1 0 0 1 0 0 1 0 1 1 0 1 0 0 0 1 1 1 
1 1 1 1 1 0 1 1 0 0 1 0 1 1 1 1 0 0 0 1 1 0 0 0 0 0 0 1 1 0 1 0 0 1 1 1 0 0 1 1 0 0 0 1 0 1 0 1 1 0 0 0 0 0 1 0 1 0 1 1 0 0 1 1 1 0 0 0 1 0 1 0 0 0 1 1 1 0 1 1 
1 0 0 1 1 1 1 1 1 1 1 1 0 0 1 0 1 0 0 0 0 1 1 0 1 1 0 0 0 1 0 1 0 1 1 1 0 0 1 0 1 0 0 1 0 0 1 0 0 1 0 1 0 1 1 0 0 0 0 0 0 0 1 1 0 1 1 0 0 1 1 0 1 0 1 1 0 0 1 1 
0 0 1 1 0 1 1 1 1 1 0 1 1 1 1 0 0 1 1 0 1 0 1 1 0 0 0 1 0 0 1 0 1 1 0 1 1 0 1 0 0 0 0 0 0 1 1 1 0 0 1 1 1 0 0 1 0 0 1 0 0 0 0 1 1 0 1 0 0 1 1 1 1 0 1 0 0 1 0 0 
1 0 0 0 1 1 1 0 0 1 1 1 0 0 0 1 1 0 1 1 0 0 0 0 0 0 0 0 0 1 0 1 1 0 1 1 1 0 1 1 0 0 0 0 1 1 1 1 0 0 1 0 1 1 0 1 1 1 1 1 1 0 1 1 1 1 0 1 0 0 1 0 1 0 0 0 1 0 0 0 
0 0 1 0 1 0 1 0 1 1 1 1 0 1 0 1 0 1 0 1 0 1 0 0 0 1 0 1 1 1 0 0 0 1 0 0 0 0 0 1 0 1 0 0 1 0 0 1 0 1 0 1 1 1 1 1 1 1 1 0 0 1 0 1 1 0 0 0 0 1 0 1 1 1 1 0 0 0 1 1 
0 1 0 1 1 1 0 1 0 0 1 1 0 0 1 0 0 1 0 0 0 1 0 1 1 1 0 0 1 1 1 1 0 0 0 0 1 1 0 1 0 0 0 0 0 1 0 0 0 0 1 1 1 0 1 0 1 0 1 0 0 0 1 1 1 1 0 1 1 1 1 1 0 1 0 0 1 1 1 0 
1 1 1 0 0 0 1 1 0 0 1 1 1 1 1 0 0 0 0 1 0 0 0 1 1 1 1 0 0 1 0 0 0 0 0 1 1 0 1 1 0 1 0 1 1 0 1 0 0 1 1 1 0 1 1 1 0 0 1 1 1 0 0 0 0 0 0 1 0 1 0 1 0 0 1 1 1 1 0 0 
0 0 0 0 0 1 0 1 0 1 1 0 1 0 0 0 1 1 0 1 0 0 1 1 0 1 0 0 0 0 1 0 0 1 0 1 1 0 1 0 0 1 0 0 1 0 0 1 1 1 1 1 0 0 0 0 1 0 1 1 1 1 1 1 0 1 1 0 1 0 0 1 1 1 0 1 1 0 1 1 
1 1 0 1 1 0 0 0 0 1 1 1 0 1 1 0 1 0 1 1 0 0 1 1 0 0 0 1 0 0 1 0 1 0 0 0 0 1 1 0 1 0 0 1 1 0 0 0 0 1 1 1 1 0 1 1 0 0 0 0 1 1 0 0 1 0 0 1 1 0 1 0 1 1 1 0 1 0 1 1 
1 1 0 1 0 1 1 1 0 0 0 0 0 0 1 1 0 0 1 0 1 0 0 0 0 0 1 1 0 1 1 1 0 1 0 1 0 1 0 1 0 1 0 1 1 0 1 0 0 1 1 1 1 0 0 0 1 1 1 0 1 1 1 0 1 0 1 0 0 1 0 0 1 1 0 1 0 0 1 0 
1 1 1 0 0 0 0 0 0 1 1 0 0 0 1 0 0 0 0 0 0 1 1 0 0 1 1 0 1 1 1 1 1 1 1 1 1 1 1 1 0 0 0 0 1 0 1 1 1 0 1 0 1 0 1 1 0 1 0 0 0 1 0 1 0 0 1 0 1 0 1 1 0 1 1 1 0 0 0 0 
1 1 1 0 1 1 1 1 1 1 0 1 0 0 0 1 0 0 1 1 0 0 1 1 1 1 1 0 1 0 0 0 1 1 0 1 0 1 0 1 1 0 0 1 1 0 0 1 1 0 0 1 0 0 0 0 1 0 0 0 0 0 0 0 1 1 0 0 0 0 1 1 1 1 0 1 1 1 0 0 
0 1 0 0 1 0 1 0 0 1 0 0 1 1 0 1 0 0 1 0 1 1 1 1 1 1 1 0 0 1 0 0 0 1 0 0 0 0 1 0 1 0 0 0 0 1 0 0 1 1 1 0 1 0 1 1 0 1 1 1 1 0 0 1 1 1 1 0 0 1 1 0 0 1 0 1 1 0 1 0 
0 1 0 0 0 0 1 1 0 0 1 1 1 1 1 0 1 0 1 0 1 1 1 1 0 0 0 0 1 1 1 0 1 0 1 0 1 0 0 1 1 0 0 0 1 0 0 0 1 1 0 0 0 1 0 0 1 1 0 0 1 1 1 1 1 0 0 0 0 1 1 1 1 0 0 1 0 1 0 1 
1 0 0 1 0 0 1 0 1 0 0 1 0 0 0 1 1 1 1 1 1 0 1 0 1 1 0 1 1 1 1 0 0 0 1 1 1 1 1 0 1 0 0 0 0 0 0 0 0 0 0 1 1 0 1 0 0 1 1 1 1 1 1 1 0 0 0 0 0 0 0 1 0 1 1 1 1 1 0 0 
1 1 0 0 0 1 0 1 1 1 1 1 1 0 0 0 0 0 1 1 1 1 1 1 1 0 1 1 1 0 0 1 0 1 1 0 0 1 0 1 0 0 0 0 0 1 1 0 0 1 1 0 0 0 0 0 0 1 1 1 0 1 0 1 0 0 0 1 0 0 0 1 1 0 1 0 1 0 1 1 
0 0 1 1 0 1 0 0 1 0 1 1 1 0 1 0 1 0 1 0 0 0 0 0 1 1 1 0 1 0 1 1 0 1 1 0 0 1 1 0 0 1 0 0 1 1 0 1 1 1 0 1 1 1 0 1 0 1 1 0 1 0 0 0 1 0 0 0 0 0 1 0 0 0 0 1 1 1 1 1 
1 0 1 1 1 0 1 0 1 0 1 0 1 0 1 0 1 1 0 0 0 0 1 1 1 0 1 1 1 1 1 0 0 0 0 1 0 0 0 1 1 0 0 0 0 1 1 0 1 1 1 1 0 1 0 1 1 1 1 1 0 1 0 0 0 1 0 0 1 0 1 0 1 1 0 0 0 0 0 0 
1 1 0 0 0 0 1 0 0 1 1 0 1 1 0 0 1 1 1 0 1 0 0 0 1 1 0 1 1 0 1 1 0 1 0 1 0 1 0 0 1 0 0 1 1 1 1 1 1 0 1 1 1 1 1 0 1 0 0 0 1 0 0 1 0 1 0 1 0 1 0 1 0 0 0 0 0 0 0 1 
1 0 1 1 1 0 0 1 0 1 0 1 1 1 0 0 1 1 0 0 1 0 0 1 1 0 1 1 0 0 0 1 0 1 1 0 1 0 0 1 1 1 0 0 1 0 0 1 0 0 1 1 0 1 1 0 0 1 0 0 0 1 1 1 1 0 1 1 0 0 1 0 0 1 0 1 1 0 0 0 
0 1 1 0 1 0 1 1 1 0 0 1 1 0 0 0 1 1 0 1 1 0 1 0 0 1 0 1 1 1 0 1 1 1 1 0 0 1 1 0 0 1 0 0 1 0 1 0 1 1 1 0 0 0 0 0 0 0 1 0 1 0 1 0 1 1 0 1 1 1 1 0 0 1 1 0 0 0 0 0 
0 1 1 0 0 1 1 0 1 0 1 0 0 1 0 1 1 0 1 0 0 0 0 1 1 0 1 1 0 1 1 1 0 0 1 0 1 0 1 0 1 1 0 1 1 1 0 1 0 0 0 0 0 0 0 0 0 0 1 0 0 1 0 1 0 1 0 1 1 1 1 1 1 1 1 1 0 0 1 0 
1 1 1 0 1 1 1 0 1 0 1 1 1 1 1 0 0 0 0 1 1 1 1 0 0 0 0 1 0 0 0 1 0 0 0 0 1 1 0 0 0 1 0 1 0 1 0 0 1 0 0 1 1 1 0 1 0 1 0 0 1 0 1 1 0 1 1 0 1 0 0 1 1 1 0 1 1 0 0 0 
0 1 1 0 0 0 0 0 0 0 0 1 0 1 0 0 1 1 1 1 0 0 1 0 0 0 1 0 1 0 0 1 1 1 1 1 0 0 0 1 1 0 0 1 0 1 0 0 0 1 1 1 1 1 0 1 1 0 1 0 0 1 1 1 0 1 1 0 1 1 0 0 0 0 1 1 1 1 1 0 
0 0 1 0 0 1 0 0 1 1 1 1 0 1 1 1 0 1 1 0 1 0 1 0 1 1 0 1 0 0 1 0 1 0 0 0 1 1 0 1 0 0 0 1 1 0 0 0 1 1 1 0 0 1 1 0 1 1 1 1 0 0 1 0 0 1 1 1 0 0 1 0 0 0 1 1 0 0 1 0 
1 0 0 0 0 1 1 1 0 0 1 0 1 1 1 1 0 1 1 1 0 1 1 1 0 1 1 0 1 0 1 1 1 0 1 1 0 0 0 0 1 1 0 0 1 1 0 0 0 0 0 1 0 0 1 1 0 1 1 0 0 0 1 0 1 1 1 1 0 0 0 0 0 1 1 0 0 0 0 1 
1 1 1 1 0 1 0 1 1 1 1 0 0 1 0 1 1 0 1 0 1 1 0 1 1 0 0 0 1 1 0 0 1 1 0 1 0 0 1 0 0 1 0 0 0 0 0 0 1 0 1 1 0 1 0 1 1 1 0 0 1 0 1 1 0 0 0 1 1 0 0 0 0 1 1 0 0 1 1 0 
0 1 0 0 0 1 0 0 0 1 0 1 1 0 1 1 0 1 0 0 0 1 0 0 1 0 0 1 1 0 0 0 0 1 1 0 0 0 1 0 1 1 0 1 1 1 1 0 0 0 1 1 0 0 1 1 1 1 0 1 1 1 1 0 1 1 0 0 1 0 1 1 1 0 1 1 0 1 0 0 
0 0 0 0 0 1 1 1 1 0 0 0 1 1 0 0 1 0 0 0 1 1 1 0 1 0 0 0 1 1 0 1 0 0 0 1 0 1 0 0 0 0 0 1 1 0 0 1 0 0 1 0 1 1 1 1 1 0 1 1 0 1 0 0 1 0 1 1 1 0 1 0 1 1 1 1 1 1 0 1 
0 1 1 1 1 1 1 1 0 1 1 0 1 0 0 0 1 1 1 0 0 0 1 0 1 0 1 1 0 1 0 0 1 0 1 0 0 1 1 1 0 1 0 1 1 1 0 0 0 1 0 0 1 0 1 1 1 0 0 1 0 0 1 1 0 0 1 0 0 0 0 1 0 1 0 0 0 1 0 1 
0 1 0 1 0 0 0 1 1 0 0 1 1 0 0 1 1 0 1 0 0 0 0 0 0 1 1 1 0 0 1 1 1 0 0 0 0 0 1 1 0 0 0 0 0 0 1 0 1 0 0 1 0 1 1 1 1 1 0 1 0 0 0 1 1 1 1 1 1 1 0 1 1 1 1 1 1 0 0 1 
1 1 1 1 0 1 0 1 0 0 0 1 0 1 0 1 1 1 0 0 0 1 1 1 0 1 0 1 1 1 0 1 1 0 0 0 1 0 1 0 1 1 0 1 0 1 1 1 1 1 1 0 1 0 1 0 1 1 1 0 0 0 0 0 0 0 0 0 0 0 0 0 1 0 0 1 1 0 0 1 
0 0 1 1 1 0 0 1 0 0 1 0 0 0 0 1 0 0 1 1 1 1 1 1 1 0 0 1 1 0 1 1 0 1 0 0 0 0 1 1 1 0 0 0 1 0 1 1 0 1 0 0 1 1 1 1 0 0 1 0 1 0 1 0 0 1 1 1 1 0 0 1 1 0 0 1 0 1 0 0 
1 0 1 0 1 0 0 1 0 0 1 0 1 1 0 0 0 1 1 0 1 1 1 0 1 1 0 0 0 0 1 1 1 0 1 0 0 0 1 1 0 1 0 1 0 0 1 1 0 0 0 1 1 0 0 0 1 1 0 1 1 1 0 0 0 1 0 0 0 1 1 0 1 1 1 0 1 1 1 0 
1 1 1 0 1 1 1 0 1 0 0 0 1 1 1 1 1 0 1 0 0 0 0 1 0 1 0 0 1 0 0 0 0 1 1 0 1 1 1 1 0 0 0 0 0 0 0 1 0 1 1 1 1 0 1 0 0 1 0 1 0 1 1 0 0 1 1 1 1 1 0 0 1 0 0 0 0 1 0 1 
0 0 0 1 1 0 0 1 1 0 0 0 0 1 0 0 1 0 0 1 0 1 0 1 1 1 1 1 1 0 1 0 1 1 0 1 1 1 0 1 0 1 0 1 1 1 0 0 0 0 1 0 1 0 0 1 0 1 0 1 1 0 1 1 0 1 0 0 0 1 1 0 1 0 1 1 0 0 0 1 
1 0 0 1 0 1 1 0 0 1 0 1 1 1 0 1 0 0 0 1 0 0 1 1 1 1 1 1 1 0 0 1 0 0 0 0 1 0 1 1 0 0 0 0 1 1 1 0 1 0 0 0 1 1 0 0 1 0 0 0 1 1 1 0 0 0 1 0 1 1 1 0 0 1 1 0 0 1 1 1 
0 1 1 1 0 1 1 0 0 0 0 0 1 0 1 0 1 1 1 1 0 1 0 1 1 1 0 0 0 0 0 1 1 1 0 0 1 1 0 1 1 0 0 1 0 0 1 1 1 0 0 0 0 1 1 1 0 0 1 1 1 1 1 1 1 0 0 0 0 0 0 0 1 1 1 0 0 0 1 0 
0 1 1 0 1 1 0 1 0 0 1 1 1 0 1 1 1 1 0 1 1 0 0 1 0 1 1 1 0 1 0 0 0 0 0 1 0 1 0 0 1 0 0 0 0 0 1 1 0 0 0 0 1 0 0 1 1 1 0 0 1 1 0 1 0 1 1 1 0 0 1 0 0 0 1 1 0 1 1 1 
0 0 0 1 1 1 1 0 0 1 0 1 0 1 1 0 1 0 0 0 1 1 1 1 0 0 1 1 1 0 0 1 1 0 1 1 0 1 1 1 0 1 0 0 0 0 0 1 1 0 0 1 0 0 1 1 1 0 1 1 1 1 0 0 0 1 0 1 0 1 0 1 0 0 0 1 0 0 1 0 
0 0 1 0 1 0 0 1 1 1 1 0 0 1 1 1 0 0 1 0 0 0 1 0 1 1 1 1 0 0 0 1 0 0 1 1 1 1 0 0 1 1 0 0 0 0 1 0 1 0 1 0 0 0 1 1 1 0 1 0 1 1 1 1 1 0 0 0 1 1 0 0 1 0 0 0 1 1 0 1 
0 0 1 1 0 0 0 1 1 1 1 1 1 0 0 0 0 0 1 1 1 1 0 1 0 0 1 0 0 1 0 1 0 0 0 1 1 1 1 0 1 0 0 1 1 1 0 1 1 1 0 1 1 0 1 0 1 1 0 1 0 1 1 0 1 1 0 0 1 1 0 0 0 0 1 0 0 0 0 0 
0 0 1 0 1 1 0 1 0 1 0 0 0 1 0 0 1 0 0 1 1 0 0 0 0 0 1 0 1 1 1 0 0 0 1 0 1 1 1 1 1 0 0 1 0 1 1 0 1 0 1 1 0 1 1 0 0 1 1 0 1 0 0 0 1 1 1 0 0 0 0 1 1 1 1 0 0 1 1 1 
1 1 0 1 0 1 0 1 1 0 1 0 0 1 1 0 0 1 0 1 1 0 0 0 1 1 1 1 1 1 0 0 1 0 1 0 0 0 1 0 1 0 0 0 1 0 0 1 1 0 1 0 1 1 0 1 0 0 0 1 0 1 1 0 1 1 1 0 0 1 0 1 1 0 0 0 1 0 1 0 
0 0 0 0 1 0 0 0 1 0 0 0 1 1 1 1 0 1 0 0 1 0 0 1 1 0 0 0 0 1 0 1 1 1 1 1 1 1 1 1 1 0 0 0 1 1 1 0 1 1 0 1 1 0 0 1 1 0 0 0 0 0 1 0 0 0 0 1 0 0 0 1 1 1 1 1 1 0 1 1 
0 1 1 1 0 1 0 0 1 1 0 0 1 0 1 1 1 0 0 1 1 1 1 0 0 1 1 0 0 0 1 0 0 0 1 1 0 0 0 1 1 1 0 0 0 1 0 1 0 1 1 0 1 1 1 0 1 0 0 0 1 0 1 0 0 0 0 1 0 1 1 1 1 1 1 0 1 0 0 0 
1 1 0 0 1 1 1 1 1 1 0 0 0 0 0 0 1 1 1 0 1 1 0 1 0 1 0 1 0 0 1 0 0 0 1 1 1 0 0 1 0 1 0 0 1 1 1 0 1 1 0 0 1 1 1 1 0 0 0 0 0 1 0 0 1 1 0 0 1 0 0 0 0 0 1 1 1 1 1 0 
1 0 0 0 0 1 0 1 1 1 0 0 0 1 1 0 0 1 0 1 0 0 1 1 0 1 0 1 0 1 1 1 0 1 1 0 0 1 1 1 1 0 0 1 0 1 0 1 0 1 0 0 0 1 0 1 1 1 0 1 1 0 0 1 1 0 0 1 1 1 0 0 0 1 0 1 0 1 0 0 
1 1 1 0 1 0 0 0 1 0 0 1 0 0 0 0 0 1 1 0 1 0 1 1 0 1 1 0 1 1 1 1 0 1 0 1 1 0 1 0 0 1 0 1 0 1 0 0 0 0 0 0 0 1 1 1 1 0 0 1 1 1 1 0 1 0 1 1 0 0 1 1 1 0 0 0 0 0 1 1 
1 0 1 1 0 0 1 1 0 1 0 0 0 0 1 0 0 1 1 1 0 0 0 1 1 0 0 0 0 1 0 0 1 1 1 0 0 1 0 0 0 1 0 0 0 1 0 0 1 0 0 0 1 1 1 0 1 1 1 0 1 1 0 0 0 1 1 1 1 1 1 1 1 0 1 1 1 0 0 1 
0 0 0 1 0 1 1 1 1 0 1 0 1 1 0 1 0 1 0 0 0 0 1 0 0 0 1 0 1 0 0 0 1 1 0 1 1 1 1 1 1 1 0 1 0 0 1 0 0 1 0 0 1 1 1 0 0 1 0 0 1 1 0 1 1 1 0 1 1 0 1 1 0 0 0 0 1 0 1 0 
0 0 0 0 0 0 1 1 0 1 0 1 0 1 1 1 1 1 1 1 1 1 0 0 1 1 1 0 1 1 1 0 0 0 0 0 0 1 1 1 0 1 0 1 0 1 1 1 1 1 0 1 0 0 0 1 0 0 0 0 0 1 1 1 0 0 1 1 1 0 1 0 1 0 0 0 1 0 0 0 
1 0 0 0 1 0 1 0 0 0 0 1 1 0 0 0 0 0 0 0 0 1 0 1 1 1 1 1 0 0 1 0 1 0 1 1 0 1 1 0 1 1 0 1 0 0 0 1 1 1 1 0 1 1 0 0 1 1 1 0 0 0 1 1 1 0 1 1 1 0 0 1 1 0 1 0 0 1 1 0 
1 0 0 0 1 1 0 0 1 1 1 1 1 0 1 1 1 1 0 0 1 0 0 1 0 0 1 0 1 1 1 1 1 1 0 0 0 0 0 1 1 1 0 1 1 0 0 0 1 0 0 0 1 0 1 0 0 0 1 1 1 0 0 1 0 0 1 0 1 1 0 0 1 0 1 0 1 1 0 0 
1 0 1 0 0 1 0 1 0 0 1 1 0 0 0 1 1 0 0 0 1 1 0 0 1 1 0 1 0 0 0 0 1 1 1 1 1 0 0 1 1 0 0 1 0 1 0 0 1 1 0 1 1 0 0 1 0 0 1 1 1 1 0 0 1 0 1 1 1 1 1 1 0 1 0 0 0 0 0 1 
0 1 0 1 0 0 1 0 1 1 1 0 1 0 0 1 0 0 0 1 1 1 0 1 0 1 0 1 0 1 1 1 1 1 1 0 1 1 1 1 1 1 0 1 0 0 0 0 0 0 1 1 0 1 0 1 1 0 1 0 0 1 0 0 0 1 1 0 0 0 1 0 0 0 0 0 1 1 0 1 
1 0 1 1 0 0 1 0 1 0 1 0 0 1 0 1 1 1 0 1 1 1 0 1 0 1 1 0 0 0 0 1 1 0 1 0 0 1 0 0 0 0 0 0 1 1 1 0 0 1 1 1 0 0 1 0 1 0 0 1 1 0 0 1 1 0 1 0 1 0 1 1 1 0 0 1 0 1 1 0 
0 0 1 0 0 0 1 1 1 0 0 1 0 0 1 1 0 0 0 0 0 1 1 1 0 0 1 1 0 1 1 0 1 1 1 0 0 0 0 0 0 0 0 1 1 1 1 1 1 0 1 1 1 1 1 0 0 0 0 1 1 1 1 1 0 1 0 1 0 0 0 0 0 1 0 0 1 1 1 1 
1 1 0 1 1 0 0 1 1 0 0 1 0 1 1 1 0 1 1 0 0 1 0 0 0 0 0 0 0 0 0 1 0 0 0 1 0 1 1 1 1 1 0 0 1 1 0 1 1 1 1 0 0 1 0 0 0 0 1 1 1 1 0 1 0 1 1 0 0 0 1 1 0 1 1 0 0 1 0 1 
0 1 1 1 1 1 1 0 0 1 1 1 0 1 0 0 0 1 0 0 1 1 0 0 0 1 1 0 0 0 1 0 1 1 0 1 0 1 1 0 1 0 0 0 1 1 1 0 0 0 0 0 0 1 0 0 0 1 1 1 0 1 1 0 0 0 0 1 1 1 0 0 1 1 0 1 1 1 0 1 
0 0 1 0 1 1 1 1 1 0 0 1 1 1 1 0 1 0 1 1 0 1 0 0 1 1 0 1 0 1 1 1 1 1 0 1 0 1 1 1 1 0 1 0 1 1 0 0 0 0 1 0 0 0 1 0 1 1 0 0 1 1 0 0 0 0 1 0 1 0 0 1 0 0 0 0 1 0 1 0 
1 0 1 0 0 0 0 1 0 1 0 0 1 0 1 1 1 0 0 0 1 0 0 1 0 1 1 1 1 0 0 1 1 0 0 1 0 1 1 0 0 0 1 1 1 1 0 0 0 1 0 0 0 1 1 1 0 1 1 0 0 1 1 1 0 1 0 0 0 1 1 1 1 1 0 0 1 1 1 0 
0 1 1 0 0 0 1 1 0 1 1 1 0 1 1 1 1 1 0 0 0 1 0 1 1 0 1 1 1 0 1 1 0 1 1 1 1 1 1 0 0 0 1 0 0 0 0 0 1 1 0 0 1 1 0 0 1 0 0 1 1 0 0 0 1 1 1 0 0 0 0 0 1 1 1 0 1 0 0 0 
1 1 1 0 0 1 0 0 1 1 0 0 1 1 0 0 0 1 0 1 0 1 0 0 1 0 1 1 0 1 1 1 1 0 0 1 0 0 1 1 1 0 1 0 0 0 0 0 1 1 0 1 1 0 1 0 0 0 1 0 1 1 1 1 1 1 0 1 0 0 1 0 1 0 0 1 0 1 0 1 
1 0 1 1 0 0 1 1 0 1 1 1 1 1 0 1 1 0 0 0 1 0 1 0 0 1 0 0 0 1 1 1 0 1 0 0 0 1 0 1 1 1 1 0 0 1 0 0 1 0 1 0 1 0 0 1 0 0 0 1 0 1 1 0 1 1 0 1 0 0 0 1 1 0 1 1 0 1 1 0 
1 0 1 0 0 1 0 0 0 0 0 0 0 1 1 0 1 0 1 0 1 1 1 1 0 1 1 1 0 1 0 0 0 1 1 0 0 1 1 1 1 1 1 0 1 0 1 0 0 0 0 1 1 1 0 0 1 0 1 1 0 0 1 1 1 1 0 0 1 0 1 1 0 0 1 0 1 0 0 1 
0 0 0 1 0 1 1 0 1 0 1 1 0 1 0 0 0 1 1 0 1 0 0 1 0 1 1 1 0 1 0 1 0 1 1 1 0 0 0 1 0 0 1 1 0 0 0 1 1 1 1 0 0 0 1 1 0 1 0 0 1 0 1 0 0 1 0 0 1 0 1 1 1 1 1 0 1 1 0 1 
0 1 1 1 1 1 1 1 1 1 0 0 0 1 0 0 0 0 0 0 0 0 0 1 0 1 0 0 1 0 1 1 0 0 1 0 0 0 0 0 1 0 1 1 1 1 1 0 1 1 0 1 1 0 0 1 1 1 1 1 1 1 1 1 0 0 1 1 0 0 1 1 0 0 1 0 1 0 0 0 
1 0 1 0 0 1 1 0 1 0 1 1 0 0 0 0 0 0 0 0 1 0 0 1 1 0 0 0 1 0 1 0 1 0 0 0 0 1 1 1 1 1 1 0 0 1 1 1 0 1 1 0 0 1 1 1 1 0 0 0 1 1 1 1 1 1 1 0 0 1 0 0 0 1 1 1 1 0 0 1 
1 1 0 1 1 1 0 1 0 0 0 1 1 1 0 1 0 1 0 0 1 0 1 0 1 1 1 0 0 1 1 0 1 1 1 0 1 1 0 0 0 0 1 0 1 1 0 1 0 1 0 1 0 1 1 1 1 0 1 0 1 1 0 1 0 1 0 0 1 0 0 0 1 0 1 0 0 0 0 0 
1 0 0 0 1 1 0 1 1 0 1 1 1 1 0 1 1 1 1 1 0 1 0 1 0 0 1 0 0 0 1 0 0 1 1 0 0 1 1 0 0 0 1 1 0 0 1 0 1 0 1 0 1 1 1 1 1 0 1 0 0 1 1 0 0 0 0 1 0 1 1 1 0 1 0 1 0 0 0 0 
1 1 0 0 0 0 1 1 1 0 1 0 0 0 0 0 1 1 0 0 0 1 1 0 0 0 1 1 0 0 0 0 0 1 0 0 1 1 1 1 1 1 1 0 1 1 0 1 1 0 0 1 0 0 1 1 1 1 1 0 1 0 1 0 0 0 1 1 0 1 1 0 1 0 1 0 1 1 1 0 
0 0 0 0 1 1 1 1 0 0 1 0 0 0 1 0 0 0 1 1 1 0 0 0 0 1 1 1 1 0 0 1 1 1 0 0 1 0 1 0 1 1 1 0 0 1 0 0 1 1 1 1 1 1 1 0 1 0 0 1 0 1 0 1 0 0 0 1 1 0 1 0 1 1 1 1 0 1 0 0 
0 1 1 0 0 1 1 1 0 0 0 1 0 0 0 1 0 1 0 1 1 0 1 1 1 0 0 0 0 0 1 1 0 0 1 1 0 1 1 1 1 1 1 1 1 0 0 0 1 0 1 1 1 1 1 1 0 1 0 1 0 0 0 1 0 0 0 0 1 1 1 0 1 0 0 0 0 0 1 1 
1 0 1 1 0 0 1 1 1 1 0 1 1 0 1 0 0 1 1 0 1 1 0 0 0 1 1 0 1 0 0 0 0 0 1 0 1 0 1 1 1 0 1 1 1 0 0 0 0 0 1 0 1 0 0 1 1 0 1 0 1 0 0 1 0 1 1 1 1 0 0 0 1 1 0 1 0 0 1 1 
0 1 0 1 0 0 0 0 1 0 1 1 0 1 1 0 1 0 0 1 1 0 1 1 1 1 0 0 0 0 0 0 1 1 1 1 0 0 1 1 0 1 1 1 1 1 1 0 1 0 0 0 1 0 1 0 1 1 1 0 0 1 0 1 1 1 1 1 0 0 0 0 1 1 0 0 0 1 0 0 
0 1 0 0 0 0 0 1 1 1 1 1 1 1 0 1 0 0 1 0 0 0 0 1 0 1 0 1 1 1 0 0 1 0 1 1 0 1 0 1 1 1 1 0 0 1 1 1 0 0 0 1 1 1 1 0 0 0 1 1 1 0 1 0 0 0 1 0 1 0 1 0 1 1 0 1 0 0 1 0 
0 1 0 0 1 0 1 1 1 1 1 0 0 0 1 1 1 1 0 0 1 1 1 1 1 1 1 0 0 0 0 1 1 0 0 0 0 0 1 1 0 0 1 1 0 1 0 1 0 0 1 1 1 1 0 0 0 1 1 0 1 1 1 0 1 0 0 0 1 0 0 1 0 0 1 1 0 0 0 1 
0 0 1 1 1 1 0 0 0 0 1 0 1 0 0 1 0 1 1 0 0 1 1 1 0 1 0 1 1 1 0 0 0 0 1 1 0 1 1 1 0 0 1 1 1 1 0 0 1 0 1 1 0 1 0 0 0 0 0 0 1 1 0 1 1 0 1 1 0 1 0 0 1 0 1 1 1 1 0 0 
0 0 0 0 0 1 0 0 1 1 0 1 0 0 0 0 1 1 1 0 0 1 1 1 1 1 1 0 0 1 0 1 1 0 0 0 1 1 0 0 1 1 1 0 1 0 1 0 0 1 1 1 1 1 0 1 0 1 0 1 1 1 0 0 0 1 1 1 0 1 0 1 1 1 0 0 0 1 0 0 
0 1 1 0 0 0 0 0 0 0 0 0 1 1 0 1 0 1 1 1 1 0 0 1 0 0 1 1 1 0 1 0 1 0 0 0 1 1 0 1 0 1 1 0 1 1 0 1 1 0 1 0 1 0 0 1 1 1 1 1 1 1 0 0 1 0 0 1 1 0 0 1 0 1 0 0 1 1 0 1 
1 1 0 1 1 0 0 0 0 0 1 0 0 0 0 1 1 0 0 1 0 1 0 0 1 1 1 0 1 1 0 1 0 0 1 0 0 1 0 1 1 1 1 1 1 0 0 0 1 1 0 0 0 1 1 0 1 1 0 1 1 1 1 0 0 1 0 1 1 0 0 0 0 1 0 1 1 0 1 1 
0 1 1 1 0 0 0 1 1 0 0 0 1 1 1 0 0 1 0 0 1 1 1 1 1 1 1 1 1 0 1 0 0 1 0 0 0 1 0 0 1 1 1 1 0 0 1 0 1 1 0 1 0 0 1 0 0 0 0 0 0 1 0 0 0 0 1 0 1 1 0 1 0 1 1 1 0 1 1 1 
1 1 0 1 0 1 0 1 0 0 0 0 1 0 1 0 1 0 1 0 1 0 1 1 1 0 1 0 0 0 1 1 1 0 1 1 1 1 1 0 1 0 1 1 0 1 1 1 1 0 1 0 0 0 0 0 0 0 0 1 1 0 1 0 0 1 1 1 1 0 1 0 0 0 0 1 1 1 0 0 
1 0 1 0 1 0 1 0 1 1 0 0 1 1 0 1 1 0 1 1 1 0 1 0 0 0 1 1 0 0 0 0 1 1 1 1 0 0 1 0 1 1 1 1 1 0 1 1 1 1 0 0 0 1 0 1 0 1 0 1 1 1 0 0 0 0 1 0 0 0 0 0 1 0 1 1 0 0 0 1 
0 0 0 1 1 1 0 0 1 1 0 0 0 0 0 1 1 1 1 0 1 1 1 0 0 0 0 1 1 0 1 1 1 1 1 0 0 1 0 0 1 0 1 0 0 1 0 1 1 0 0 0 1 0 0 0 1 1 0 0 0 1 1 1 1 1 1 0 1 1 1 0 1 1 0 0 0 0 1 1 
1 1 1 1 1 0 1 0 1 0 0 1 0 1 1 1 0 0 1 0 1 1 0 0 1 0 1 1 1 1 0 1 1 0 1 0 1 1 0 1 1 0 1 1 0 1 1 0 0 0 0 0 1 1 1 1 0 1 0 0 0 0 0 0 1 0 0 1 0 1 1 0 0 0 1 0 0 1 0 0 
0 0 1 0 0 1 1 1 1 0 0 0 1 0 0 1 0 1 0 1 1 1 0 0 1 1 1 0 1 1 0 1 0 1 1 1 1 0 0 1 0 1 1 0 0 1 1 1 1 0 0 0 0 1 0 0 1 1 1 1 0 0 1 1 0 1 1 0 0 1 0 1 0 0 0 1 0 1 0 0 
0 0 1 0 1 0 0 0 1 1 1 1 1 1 0 0 1 1 0 1 0 1 1 1 1 1 0 0 1 0 0 0 1 0 1 0 1 0 1 0 1 0 1 0 0 1 0 1 1 0 0 0 0 1 1 1 0 0 0 1 0 0 0 1 0 1 0 1 1 0 1 1 0 0 1 0 1 1 1 1 
0 0 0 1 1 1 1 1 1 0 0 1 1 1 1 1 1 1 1 1 1 0 0 1 1 0 0 1 0 0 0 0 0 0 0 0 0 0 0 0 1 1 1 1 0 1 0 0 0 1 0 1 0 1 0 0 1 0 1 1 1 0 1 0 1 1 0 1 0 1 0 0 1 0 0 0 1 1 1 1 
0 0 0 1 0 0 0 0 0 0 1 0 1 1 1 0 1 1 0 0 1 1 0 0 0 0 0 1 0 1 1 1 0 0 1 1 1 0 1 0 0 1 1 0 0 1 1 0 0 1 1 0 1 1 1 1 0 1 1 1 1 1 1 1 0 0 1 1 1 1 0 0 0 0 1 0 0 0 1 1 
1 0 1 1 0 1 0 1 1 1 1 1 0 0 1 0 1 1 0 1 0 0 0 0 0 0 0 1 1 0 1 1 1 0 1 1 1 1 0 1 0 1 1 1 1 0 1 1 0 0 0 1 0 1 0 0 1 0 0 0 0 1 1 0 0 0 0 1 1 0 0 1 1 0 1 0 0 1 0 1 
1 0 1 1 1 1 0 0 1 1 0 0 0 0 0 1 0 1 0 1 0 0 0 0 1 1 1 1 0 0 0 1 0 1 0 1 0 1 1 0 0 1 1 1 0 1 1 1 0 0 1 1 1 0 1 1 0 0 1 1 0 0 0 0 1 1 1 1 1 0 0 0 0 1 1 0 1 0 1 0 
0 1 1 0 1 1 0 1 0 1 1 0 1 1 1 0 0 0 0 0 0 1 0 1 0 0 1 0 0 1 0 1 1 1 0 0 0 0 0 1 0 1 1 1 1 1 1 1 1 1 1 0 0 1 0 1 1 0 0 0 0 0 0 0 1 1 1 1 1 1 1 0 1 0 0 0 0 0 1 1 
0 0 1 1 1 0 1 0 0 0 0 0 0 1 1 1 1 1 0 0 0 0 0 0 0 1 0 0 0 1 1 0 1 0 0 1 1 0 1 0 1 1 1 1 1 0 0 1 1 0 0 1 1 1 1 1 1 0 0 0 1 0 1 0 1 1 1 0 1 1 1 1 0 1 0 1 0 1 0 0 
1 1 0 0 1 0 1 1 0 1 0 0 0 1 0 1 0 1 0 1 1 1 1 1 0 0 0 1 0 1 0 0 1 0 0 1 1 0 0 1 1 0 1 1 0 0 1 0 0 0 1 0 0 0 1 0 1 0 0 1 0 1 1 1 0 1 1 1 1 1 0 1 1 1 1 0 1 0 0 0 
0 1 0 0 0 1 0 1 0 1 0 1 0 1 0 1 0 0 1 1 1 1 0 0 0 1 0 0 0 0 0 1 1 1 1 0 1 1 1 0 0 1 1 1 1 0 0 1 0 1 0 0 1 0 1 0 0 0 0 0 1 0 1 1 1 0 1 1 0 1 0 1 0 0 1 1 1 1 1 1 
0 0 1 1 1 1 0 1 1 0 0 1 0 0 1 1 0 0 0 1 0 1 1 1 0 0 1 0 0 1 1 0 1 0 1 0 1 0 1 1 0 1 1 0 0 0 0 0 0 1 0 0 0 0 0 1 0 1 1 1 0 1 1 0 1 0 1 0 1 0 1 0 1 1 1 1 1 1 1 0 
1 1 0 0 0 1 1 0 1 0 1 0 0 0 1 1 0 0 1 1 0 1 1 0 0 1 0 0 1 1 1 0 1 0 0 1 0 1 1 0 0 0 1 1 0 1 1 0 1 1 0 0 1 0 0 1 1 0 1 1 1 0 0 0 0 1 0 0 1 1 0 1 1 0 1 0 0 1 1 1 
1 0 0 1 0 1 0 0 0 1 1 0 0 1 1 1 0 0 1 0 0 1 0 1 1 0 1 0 0 0 1 0 0 1 0 1 1 0 0 1 1 0 1 1 0 1 0 1 0 0 0 1 1 1 1 1 1 1 0 1 0 1 0 1 0 0 1 0 0 0 0 1 1 0 0 1 1 1 1 1 
1 0 0 1 1 0 0 1 0 1 0 1 1 0 1 0 0 1 0 1 1 1 1 0 0 1 0 0 1 0 0 0 1 1 0 1 0 1 0 1 0 0 1 0 0 0 1 0 1 1 1 1 1 1 1 1 1 1 0 1 1 0 1 0 1 0 1 0 0 0 1 0 0 0 0 0 1 1 0 1 
0 0 0 1 0 0 1 1 0 1 0 0 0 0 0 1 1 1 1 0 0 0 0 1 1 1 1 0 1 1 1 0 1 1 1 1 0 0 1 1 1 0 1 0 1 0 1 1 0 1 1 0 0 0 1 0 1 0 1 1 0 1 0 0 1 0 0 1 0 1 1 0 0 0 1 0 0 1 1 1 
1 0 0 1 1 1 1 1 1 1 1 0 1 0 1 1 0 0 0 0 1 1 0 1 1 1 0 1 0 1 1 0 0 0 0 0 1 1 1 0 0 1 1 0 1 0 1 1 1 0 0 0 0 0 1 0 0 1 0 1 1 0 0 1 1 0 0 1 0 0 1 1 1 1 0 0 0 0 0 1 
1 1 0 1 1 0 1 1 0 0 0 1 1 0 0 0 1 0 0 1 0 1 0 1 0 0 1 0 1 1 0 1 0 1 1 1 0 0 1 0 1 1 1 0 0 1 1 1 0 0 0 1 1 0 0 1 0 0 0 0 1 1 0 1 1 0 0 0 1 1 0 1 1 1 0 0 1 1 0 1 
0 1 1 1 1 0 0 0 1 1 0 1 0 0 0 0 1 0 0 0 1 0 0 0 1 0 0 1 0 1 0 0 0 1 0 0 1 1 1 1 0 0 1 1 0 0 1 1 1 1 1 0 1 1 0 0 1 0 1 1 1 1 0 1 0 0 0 0 1 1 1 1 1 0 0 1 1 1 1 0 
0 0 0 0 1 0 1 0 0 0 1 1 1 0 1 0 0 1 0 1 0 0 1 0 0 1 1 1 0 0 1 1 0 0 1 0 1 1 0 1 1 0 1 1 1 1 1 1 0 1 0 0 1 0 1 0 0 0 1 1 0 1 0 0 1 1 1 0 0 1 1 1 1 0 0 1 1 0 0 1 
1 0 1 1 1 0 1 1 1 0 1 0 0 1 0 0 1 0 1 1 1 0 1 1 0 1 1 0 0 1 1 1 1 0 0 1 1 1 0 1 0 0 1 0 0 0 0 1 1 1 0 1 1 1 0 0 0 0 1 0 0 0 0 1 0 0 1 1 0 1 0 0 0 1 0 0 1 0 1 1 
1 1 1 1 1 0 0 0 0 1 1 1 0 0 1 1 0 1 1 1 0 0 0 1 0 1 1 1 0 0 1 0 1 1 1 0 1 0 1 1 1 1 1 0 0 1 1 0 1 1 1 1 0 0 0 0 0 1 0 0 1 0 1 1 0 1 0 0 0 1 0 1 0 0 0 0 0 0 1 0 
1 0 0 0 0 0 0 0 1 0 0 1 0 1 1 1 0 0 0 1 1 1 0 1 0 1 0 0 1 0 1 1 0 1 0 1 1 0 0 0 1 0 1 0 1 0 1 1 1 0 1 1 0 1 0 0 0 1 1 0 1 1 0 0 1 1 0 1 1 1 1 0 1 0 1 1 1 0 1 0 
1 0 1 0 1 1 1 0 0 1 1 0 0 1 1 0 0 1 0 1 1 1 1 1 1 0 0 0 1 1 0 0 0 1 1 1 1 1 0 0 1 1 1 1 1 1 0 1 0 1 1 0 1 0 0 0 0 0 1 0 1 1 1 0 0 0 0 0 0 0 1 0 0 1 0 0 0 1 1 0 
0 1 0 0 1 0 1 0 1 1 1 0 1 0 1 0 0 0 1 1 1 0 0 0 1 0 1 0 0 0 1 0 0 1 1 1 0 1 0 1 0 0 1 0 1 0 0 0 0 0 0 1 0 1 0 1 0 0 0 1 1 1 1 1 1 1 1 1 1 1 1 1 0 1 1 0 0 1 1 0 
1 1 0 0 0 1 1 0 1 1 0 1 1 1 1 0 1 1 0 0 0 0 0 0 0 1 1 0 0 1 0 0 1 0 1 1 1 1 0 0 0 1 1 1 0 1 0 0 1 0 1 1 0 0 0 0 1 1 0 1 0 1 0 1 1 0 0 0 0 1 1 0 0 1 1 1 1 0 1 1 
0 1 0 1 0 1 1 0 1 1 0 1 0 0 1 1 1 0 0 1 0 0 1 1 0 0 1 1 1 1 0 0 0 1 0 1 1 1 0 0 1 0 1 0 1 1 0 0 1 1 1 0 0 1 1 1 0 0 1 0 0 0 1 1 1 0 1 1 1 0 0 1 0 0 0 1 0 0 0 1 
0 0 0 1 0 0 0 1 0 1 1 1 0 0 0 0 0 1 1 1 1 1 1 0 1 0 1 1 0 1 1 1 1 0 0 1 0 0 0 0 1 1 1 1 1 1 1 0 1 0 0 0 0 1 0 1 1 0 1 0 1 0 0 1 1 0 0 0 0 0 1 1 0 1 1 1 1 0 1 0 
1 1 1 0 0 1 1 0 0 1 1 1 1 0 1 1 0 1 1 0 1 0 1 0 0 0 0 0 0 1 0 1 0 0 1 0 0 0 1 0 1 0 1 0 0 0 1 1 1 1 0 1 0 1 1 0 1 1 1 0 0 1 0 0 1 0 1 1 1 0 0 1 0 1 0 0 1 1 1 0 
0 1 1 0 1 0 0 1 1 0 1 0 0 0 1 0 1 1 1 0 1 1 0 0 0 0 0 0 1 1 1 0 1 1 1 1 0 1 0 0 1 1 1 1 0 0 0 1 0 1 1 1 0 0 1 1 0 1 1 1 0 0 0 1 1 1 0 1 0 0 0 1 1 0 0 1 1 0 0 0 
1 0 0 0 1 0 0 1 1 1 1 1 0 1 0 1 0 0 0 0 1 0 1 0 1 0 1 1 1 1 1 0 0 0 1 1 0 0 1 0 0 1 1 0 1 1 0 0 0 1 1 1 1 0 0 0 1 1 0 0 0 0 0 0 0 1 1 1 1 1 1 1 0 0 0 1 1 1 0 1 
1 0 0 1 0 0 1 0 1 1 0 0 1 1 0 0 0 0 1 0 0 1 1 0 1 0 0 0 1 0 1 1 1 1 1 0 1 0 1 1 0 1 1 1 1 1 0 0 1 1 1 1 0 1 1 0 0 0 1 1 0 0 1 0 1 0 0 0 1 1 0 1 1 1 0 0 1 0 0 0 
1 1 1 0 0 0 0 1 1 0 1 0 1 0 0 1 1 1 1 1 0 0 0 0 1 1 0 0 0 1 1 0 0 1 0 0 1 0 0 0 1 0 1 1 1 1 1 0 0 1 1 0 1 1 0 0 0 1 0 0 0 0 1 1 1 0 1 0 1 0 1 0 1 1 1 0 1 1 0 1 
1 1 0 1 0 1 1 0 0 0 0 1 1 0 0 0 1 1 0 1 1 1 0 1 0 0 0 1 1 1 1 0 1 1 0 0 0 0 1 1 0 0 1 1 1 1 0 1 0 1 0 1 1 1 0 0 0 1 0 1 0 0 0 0 0 1 1 1 0 0 1 1 0 1 1 1 0 0 1 0 
1 1 0 0 1 1 1 0 0 0 0 0 0 1 1 1 1 1 0 0 0 0 1 0 1 1 0 1 1 0 1 1 1 1 1 0 0 0 0 1 0 1 1 0 0 0 1 0 0 0 1 0 0 1 0 1 0 0 1 0 1 0 0 1 0 0 1 1 0 0 1 1 1 1 0 1 1 1 1 1 
1 1 1 1 0 0 1 0 1 0 1 1 1 0 1 1 0 1 1 0 0 1 1 1 1 1 0 1 0 0 0 1 1 1 0 1 0 0 0 0 0 1 1 0 1 0 0 1 0 1 0 0 1 0 0 1 1 0 0 1 0 1 1 1 0 0 0 1 1 1 1 0 0 0 0 1 1 0 0 0 
0 0 1 0 1 0 1 0 0 1 0 1 1 0 0 1 1 0 1 0 0 1 1 1 0 0 0 0 0 0 1 1 0 1 0 1 1 1 0 1 0 1 1 1 0 1 1 0 0 1 0 1 0 0 1 0 1 1 1 0 1 0 0 1 0 1 0 1 1 0 1 0 0 1 1 1 0 1 0 1 
1 1 1 1 0 1 1 1 0 1 1 1 0 1 0 0 1 0 1 1 0 1 1 0 0 1 1 1 1 0 1 0 0 0 0 0 0 0 0 0 0 1 1 1 0 0 0 1 0 0 1 0 0 1 1 0 0 1 1 1 1 1 0 1 1 1 1 0 1 1 1 0 0 0 0 0 0 1 0 0 
1 0 0 0 1 0 1 1 0 0 1 1 0 1 0 0 0 1 1 0 0 0 0 1 1 0 0 1 1 1 0 1 1 1 0 0 1 1 1 0 0 0 1 1 1 0 1 0 1 0 0 1 0 0 0 1 0 1 1 1 0 1 1 1 1 1 1 0 1 0 0 0 0 0 0 1 0 1 1 1 
0 0 1 1 0 0 0 0 0 0 1 1 1 1 1 1 0 0 0 1 0 0 1 0 1 0 1 0 1 1 0 1 1 1 0 0 0 1 1 0 1 0 1 1 0 0 0 1 0 0 1 1 0 0 0 0 1 1 1 1 1 0 1 1 0 0 1 1 0 1 1 1 1 1 1 0 0 0 0 1 
0 1 1 1 1 1 1 0 0 0 1 1 1 0 0 1 1 0 1 0 1 1 0 0 1 0 1 0 1 0 0 0 1 0 0 1 1 0 0 0 0 1 1 0 1 0 1 0 1 0 1 1 1 0 1 0 0 0 1 0 0 1 1 0 0 1 1 0 0 0 1 1 1 0 1 0 1 0 1 1 
0 0 0 1 0 1 1 1 0 1 1 0 1 1 1 1 1 0 0 1 0 1 0 0 1 0 0 1 0 0 0 0 1 0 1 0 0 1 0 1 1 0 1 0 1 0 1 1 1 1 1 1 1 0 0 1 0 1 1 0 0 0 0 1 0 1 0 0 1 1 0 0 0 1 1 1 1 1 0 0 
0 1 0 0 1 1 0 0 1 0 1 1 1 1 0 1 1 0 0 0 1 1 1 0 0 1 1 1 1 0 1 1 0 0 0 1 1 0 1 1 1 0 1 1 1 0 1 1 0 1 1 1 0 0 0 1 1 0 0 1 0 0 1 1 1 0 0 0 0 0 0 0 0 1 0 0 0 1 1 0 
1 1 1 0 1 0 0 0 0 1 0 1 0 0 1 0 1 0 1 1 1 1 0 1 1 1 0 1 0 1 1 1 0 0 1 0 0 0 0 0 0 0 1 0 1 1 0 1 1 0 1 1 0 0 1 1 1 0 1 1 0 0 1 0 0 0 1 0 0 1 0 0 1 1 1 1 0 1 0 1 
1 1 1 1 1 1 0 1 1 0 1 0 1 0 0 0 0 0 0 0 0 0 1 1 0 0 0 1 0 0 0 1 1 1 1 1 1 0 0 0 1 0 1 0 1 0 0 0 0 0 1 0 1 1 1 0 1 1 1 1 1 0 0 0 1 1 0 0 0 1 0 1 0 1 1 1 0 1 1 1 
0 1 1 1 0 1 0 1 1 1 1 0 0 1 1 1 1 1 1 1 1 0 1 0 0 0 0 0 1 1 0 1 0 1 0 0 1 0 1 1 0 0 1 0 1 1 1 0 0 0 0 1 0 0 1 1 0 0 0 1 1 1 0 0 0 1 0 0 0 1 1 0 0 1 0 1 1 0 0 1 
0 1 1 1 0 0 1 1 0 0 0 0 0 1 0 0 0 0 1 1 0 1 1 0 1 1 0 1 0 0 0 0 0 0 1 1 1 1 1 0 0 0 1 0 0 1 1 1 0 1 1 1 0 1 0 1 1 1 0 0 0 1 1 0 1 1 0 1 0 0 1 1 1 1 0 1 0 0 1 1 
0 1 0 1 1 0 1 0 1 1 0 0 1 1 1 0 0 1 1 1 0 0 1 1 0 0 1 0 1 1 1 1 0 0 0 0 0 1 1 0 0 1 1 0 1 0 1 1 0 0 1 0 1 1 1 0 1 1 0 0 0 0 1 1 0 1 0 0 0 0 0 0 1 0 1 1 1 1 1 0 
1 0 1 0 1 1 0 1 0 0 0 1 0 1 1 0 1 1 1 0 0 0 1 0 1 0 1 0 1 0 0 0 0 0 0 1 0 0 0 1 0 0 1 0 1 1 1 1 1 1 0 0 1 0 1 0 0 1 0 1 1 0 1 1 1 0 0 1 1 1 0 1 1 1 1 1 0 0 1 0 
0 1 0 0 1 1 0 1 0 1 0 1 1 0 1 0 0 0 1 0 0 0 1 0 1 1 0 1 1 1 1 0 0 1 0 1 1 0 1 1 1 1 1 1 0 0 0 1 1 0 0 0 1 1 0 1 0 1 1 0 0 1 1 0 0 1 0 1 0 1 0 0 0 1 1 0 1 0 0 1 
1 1 0 1 1 1 0 0 0 1 1 0 1 1 0 0 1 1 1 1 1 0 0 1 1 1 0 0 1 0 0 1 0 0 0 1 1 1 1 1 1 1 1 0 0 0 0 0 0 1 0 0 0 0 0 1 1 1 1 0 0 0 0 0 1 0 1 0 1 1 1 1 1 0 1 1 0 0 0 0 
0 0 1 0 0 1 1 0 0 1 1 0 1 0 0 0 1 0 0 1 1 0 1 1 1 1 1 1 1 1 1 0 1 1 1 0 1 0 0 0 0 0 1 1 0 0 1 0 0 0 0 1 1 0 1 1 1 1 0 0 1 0 1 0 1 0 0 1 1 1 0 0 1 0 0 1 1 0 1 0 
1 0 0 0 0 0 0 1 1 0 0 0 1 0 1 1 1 0 1 1 0 0 1 1 1 0 0 1 1 1 0 1 0 0 1 0 1 0 0 1 0 1 1 1 0 0 0 1 1 1 1 1 1 0 1 1 1 0 0 0 1 1 0 1 1 1 1 0 0 0 1 1 0 0 1 0 0 0 1 0 
0 0 0 0 0 0 0 0 0 0 0 0 0 0 0 0 0 0 0 0 0 0 0 0 0 0 0 0 0 0 0 0 0 0 0 0 0 0 0 0 0 0 2 0 0 0 0 0 0 0 0 0 0 0 0 0 0 0 0 0 0 0 0 0 0 0 0 0 0 0 0 0 0 0 0 0 0 0 0 0 
