114 23 2^23 5
1 0 0 1 0 1 0 1 0 1 0 1 0 1 1 1 0 1 0 1 1 1 0
0 0 0 1 1 0 0 1 0 0 1 1 0 0 0 0 1 1 0 1 1 1 0
1 0 0 1 1 1 0 1 1 1 1 0 0 1 1 1 1 0 1 0 1 0 1
0 0 0 0 0 1 0 0 1 0 1 0 0 0 0 0 0 1 1 1 0 1 0
0 1 1 1 0 0 1 0 1 0 0 0 1 0 0 0 1 0 1 0 0 0 1
0 1 1 0 1 1 0 1 1 1 1 1 1 1 1 0 1 1 1 1 1 1 1
0 1 0 0 0 1 1 0 1 1 0 0 1 1 1 1 0 0 1 0 0 0 1
0 0 1 0 1 1 1 0 1 0 1 1 1 1 1 1 1 0 1 1 1 1 0
1 1 0 1 1 0 1 1 1 0 1 1 1 0 0 0 1 1 1 0 1 0 0
1 1 0 1 1 1 1 1 0 1 1 0 1 1 1 1 1 0 0 0 1 0 1
1 1 0 0 0 1 1 1 1 1 0 1 1 1 0 0 0 1 1 1 0 1 0
1 0 1 0 1 1 1 1 1 0 0 0 0 0 0 1 1 0 0 1 0 1 1
1 1 0 1 1 0 1 1 1 0 1 0 1 0 0 0 1 0 1 1 1 1 1
1 1 0 1 1 1 1 1 0 1 0 0 0 0 0 0 0 1 0 0 0 1 1
1 1 1 1 1 1 0 0 1 0 1 0 0 1 1 0 0 1 1 1 0 0 0
1 1 1 1 0 0 1 0 0 0 1 0 1 1 1 0 1 0 0 1 0 1 1
0 1 0 0 1 0 0 0 1 0 0 0 0 1 0 1 1 1 1 0 1 1 1
1 0 0 1 0 0 0 1 0 0 0 0 0 1 0 0 0 0 1 1 0 0 1
1 1 0 0 0 0 1 0 1 1 0 0 0 1 0 0 1 0 0 1 1 1 0
1 0 0 0 0 0 1 1 1 1 1 0 0 0 1 1 0 1 0 1 1 0 0
1 1 1 1 0 1 0 0 0 0 0 1 1 1 0 0 1 1 1 0 0 1 1
1 0 1 0 1 1 1 0 0 1 0 0 1 0 0 0 1 1 1 1 0 0 0
0 0 1 1 0 1 1 1 1 0 0 0 0 1 1 0 1 1 0 0 1 1 1
0 1 0 1 0 1 1 0 0 0 0 0 0 0 0 1 0 0 0 1 1 0 0
0 1 1 1 1 1 0 0 0 0 0 1 1 1 0 1 1 0 0 0 0 1 1
1 1 0 0 0 0 0 0 1 1 1 0 0 1 1 0 1 0 0 0 1 1 0
0 0 0 1 1 0 0 0 1 1 1 0 1 0 1 1 0 0 0 1 0 1 1
1 0 0 0 1 1 0 0 0 1 0 0 1 1 0 0 1 0 1 1 1 0 0
1 1 0 0 0 1 1 0 0 0 1 1 0 1 1 0 1 0 0 1 0 1 1
0 1 1 1 0 0 0 0 1 1 1 1 1 1 1 1 1 1 1 1 1 0 0
0 0 1 1 1 1 0 1 1 1 0 0 0 0 0 1 0 1 1 0 1 0 0
0 0 0 0 0 0 1 1 0 1 0 1 0 0 0 0 1 0 0 0 0 0 1
0 0 1 0 0 0 0 1 1 0 1 0 1 1 0 1 1 0 0 1 0 0 0
1 1 1 0 1 0 0 1 0 0 0 0 0 0 1 0 0 0 0 0 0 0 0
1 1 1 1 1 1 1 0 1 1 0 1 0 0 1 1 1 1 1 1 1 1 1
0 0 1 1 1 1 0 1 0 0 0 1 1 0 1 1 0 1 1 1 0 0 1
0 1 1 0 0 1 0 1 0 1 1 0 0 0 0 0 0 0 1 1 1 1 1
1 0 1 1 1 0 1 0 1 1 1 1 1 1 1 1 1 1 1 0 0 1 0
0 1 0 1 0 1 0 1 0 0 1 1 0 0 1 1 1 0 1 0 0 0 0
0 1 0 1 1 0 0 0 1 1 0 1 1 0 1 0 0 0 0 1 0 1 1
1 1 1 0 0 1 1 1 1 1 0 0 1 1 1 1 0 0 1 0 0 0 1
1 0 0 0 1 0 0 1 1 0 0 1 1 1 1 0 1 1 0 0 0 0 1
0 1 1 1 0 1 1 0 0 1 1 0 1 0 1 1 1 1 1 1 1 1 0
0 0 1 1 1 0 1 0 1 1 0 0 1 1 0 0 0 1 0 1 1 0 1
0 0 0 0 0 0 0 0 0 0 1 1 1 1 1 0 0 0 1 0 1 0 0
0 1 0 0 1 0 1 0 0 0 1 0 0 0 1 1 0 1 1 1 0 1 1
0 1 0 1 1 1 1 0 1 0 0 1 1 1 1 1 1 1 0 1 1 0 0
0 1 1 0 0 0 1 0 0 0 0 1 0 0 0 0 0 1 1 1 0 1 0
1 1 1 0 1 0 1 1 0 1 1 1 0 1 0 1 0 1 0 0 1 0 1
0 1 1 1 0 0 1 1 1 0 1 1 0 0 1 1 0 0 0 0 1 1 1
1 1 0 1 0 0 0 0 0 1 0 1 0 0 1 0 0 1 1 0 1 0 1
0 0 0 1 0 0 1 1 0 1 0 1 1 1 0 1 1 0 1 1 1 1 1
0 0 1 1 1 1 0 0 0 1 1 0 0 0 0 0 1 0 0 0 1 0 1
1 1 0 0 1 0 0 0 0 1 1 1 1 0 0 1 1 0 1 1 0 0 1
1 0 1 0 0 0 0 1 0 1 1 0 1 0 1 0 1 1 1 0 0 1 1
0 0 1 0 0 1 0 0 0 1 0 0 0 1 1 1 0 1 0 1 0 0 1
1 0 0 1 1 0 1 0 1 0 0 1 0 1 0 1 0 0 0 0 0 0 0
0 1 0 0 1 0 0 0 0 1 0 0 0 1 0 1 1 1 1 0 0 1 0
0 1 1 1 1 1 1 1 1 1 1 0 1 1 0 1 1 1 0 1 0 1 0
0 0 0 1 0 1 0 1 1 1 0 0 0 0 1 0 1 0 1 1 0 1 0
0 0 0 0 0 1 1 0 1 1 1 1 1 0 0 1 1 1 0 0 1 1 1
0 1 1 0 1 0 1 1 0 1 0 1 1 0 1 1 1 0 0 0 1 1 0
0 1 1 1 1 0 1 1 0 1 0 1 0 1 1 0 1 0 1 1 0 0 0
0 1 0 0 0 1 0 1 0 0 0 0 1 0 1 0 1 1 0 1 1 0 1
0 0 0 0 1 0 1 1 1 1 1 0 0 0 1 0 0 0 1 1 1 0 0
0 0 1 1 1 1 1 1 0 0 1 1 1 0 0 1 0 1 1 0 0 0 1
1 1 1 1 1 0 0 1 0 0 0 0 1 1 1 1 0 0 1 1 1 1 0
0 1 0 0 1 1 0 1 1 0 0 1 0 1 0 0 0 0 0 1 1 0 1
1 1 1 0 0 1 1 1 0 0 1 0 0 1 0 0 1 1 1 0 1 0 0
0 1 1 1 1 1 1 0 1 1 1 1 0 1 0 1 0 0 1 1 1 1 0
0 0 0 0 1 0 1 1 0 0 1 0 0 1 1 1 1 1 1 1 0 0 1
1 1 1 0 0 0 1 0 0 0 1 1 1 1 0 1 0 1 0 1 1 0 1
1 1 1 1 0 1 0 0 1 1 0 1 1 0 0 0 0 0 0 0 1 0 0
0 1 0 1 1 1 1 0 0 1 1 1 1 1 1 0 0 1 1 0 1 1 0
1 1 0 0 0 1 0 1 1 0 1 1 0 0 0 1 1 0 1 0 0 1 0
0 0 0 1 0 1 1 0 1 1 1 1 0 1 0 0 1 1 1 1 0 0 1
1 0 0 0 0 1 0 0 1 0 1 0 0 0 0 0 0 1 0 0 0 0 1
1 0 1 1 0 1 0 1 1 1 0 1 1 1 0 0 1 0 0 0 1 1 0
1 0 0 1 0 0 1 0 0 0 0 0 1 0 1 1 1 1 0 0 0 0 0
0 0 1 1 0 0 1 1 1 0 0 0 0 1 1 0 0 1 1 0 1 1 0
1 0 1 1 1 0 0 0 0 0 1 1 0 0 0 0 1 1 0 1 1 1 0
0 1 0 1 0 0 0 1 0 1 1 0 1 1 0 0 0 1 0 0 0 0 0
1 0 1 0 1 0 0 1 1 1 1 1 0 1 0 0 0 0 1 0 0 1 1
1 0 0 0 1 1 1 0 0 0 0 1 0 0 1 0 0 0 1 0 1 1 1
1 0 1 0 0 1 1 1 0 0 0 1 0 1 0 1 1 1 1 0 1 0 0
0 0 0 0 1 1 1 1 0 0 1 0 1 1 0 0 0 0 0 0 0 1 0
1 1 1 1 0 0 0 1 1 1 0 0 0 0 0 1 1 1 0 1 0 0 1
1 0 1 1 0 0 1 0 0 1 1 0 0 0 0 1 0 0 1 0 0 1 0
1 1 1 0 1 1 0 0 1 0 1 0 1 0 1 1 0 1 0 0 1 1 0
1 0 1 1 0 1 1 1 1 0 1 1 1 0 1 0 0 0 0 1 0 0 0
0 1 0 1 0 0 0 1 1 0 1 1 0 1 1 1 0 1 0 0 0 1 1
0 0 0 0 1 0 0 1 1 1 0 1 1 0 0 1 0 1 1 0 1 0 0
0 1 1 0 1 1 1 0 1 1 1 1 0 0 1 0 1 1 0 0 0 0 0
1 1 0 0 1 1 0 0 0 1 1 1 1 0 0 1 0 0 0 1 0 0 0
1 0 0 0 0 0 0 1 0 0 0 0 1 0 0 1 0 0 0 0 1 1 1
1 0 1 1 0 1 1 1 0 1 1 1 1 0 1 0 0 0 0 1 1 0 1
1 0 1 0 1 0 1 0 0 1 0 0 1 1 1 0 0 1 0 1 1 1 1
0 0 1 1 1 0 0 0 0 0 1 0 0 1 1 1 1 0 0 0 1 0 1
1 1 0 0 0 0 1 1 1 0 0 1 1 0 1 1 0 1 1 1 0 1 0
0 0 1 0 0 0 0 0 1 0 0 1 1 0 0 0 0 1 0 1 0 1 0
0 0 0 1 1 1 0 0 1 0 0 0 1 0 1 0 1 0 1 0 0 1 0
1 0 0 1 0 1 0 0 1 0 1 0 1 1 0 1 0 1 1 1 1 1 1
0 1 1 0 1 0 1 0 1 0 1 0 1 0 0 0 0 0 1 0 1 0 1
0 0 1 0 0 1 0 0 0 1 0 1 0 1 1 1 0 0 0 0 0 1 0
1 0 0 0 1 1 0 1 0 1 1 1 0 1 1 1 1 1 0 1 0 1 0
0 1 0 0 0 0 1 1 0 0 0 0 1 1 0 0 0 1 0 1 0 0 1
1 1 1 1 1 0 0 1 0 0 1 1 0 1 0 1 0 0 1 1 0 0 1
1 0 0 1 1 1 0 0 1 1 1 0 1 1 0 1 0 1 0 0 0 0 1
1 0 1 0 0 0 0 0 1 0 0 1 0 0 1 1 1 0 1 1 1 0 1
0 1 1 0 0 1 0 1 0 0 0 0 1 0 0 0 1 0 1 0 1 1 0
0 0 0 1 0 0 1 0 0 1 1 0 0 0 1 1 1 0 0 0 1 1 0
1 1 1 1 1 0 1 0 0 0 0 0 0 1 1 1 0 0 0 0 0 1 0
1 0 0 1 0 0 0 1 1 0 0 0 1 1 1 1 1 0 0 1 1 1 1
0 0 1 0 0 1 0 1 0 1 0 1 0 1 0 1 0 1 0 1 1 1 1
C Elapsed Time 23.390000 
