130 26 2^26 5
0 1 1 0 1 0 0 1 0 1 0 0 1 1 1 0 1 1 1 1 0 1 0 0 0 1
1 0 1 0 0 1 0 0 0 1 1 0 0 0 1 1 1 0 1 0 1 0 1 1 0 0
1 0 0 1 0 1 1 0 1 1 0 1 1 0 0 0 0 0 1 0 0 0 0 1 1 0
1 0 1 1 0 1 1 1 1 0 0 1 1 1 0 0 1 0 0 1 1 1 1 1 1 1
0 0 1 0 0 0 0 0 1 0 0 0 1 0 1 0 0 0 0 1 0 0 1 0 1 1
1 0 1 1 1 0 0 0 0 1 0 0 1 0 0 1 0 0 0 0 1 1 0 1 0 0
0 0 0 0 0 1 1 1 1 1 0 0 1 1 0 1 0 0 0 1 0 1 1 0 1 0
0 1 0 0 0 1 1 0 0 0 1 0 0 1 0 1 1 1 1 1 1 0 0 0 0 0
0 1 1 1 0 0 1 1 1 1 0 0 0 0 0 0 0 1 0 1 1 0 0 1 1 0
0 0 1 1 0 1 0 0 0 1 0 0 1 0 0 0 1 1 1 1 0 0 0 0 0 0
1 0 0 1 1 1 0 1 0 1 1 1 0 0 0 0 1 0 1 1 0 0 1 1 0 1
0 1 1 0 0 0 1 0 1 0 0 0 1 1 0 1 0 1 0 0 1 1 1 0 0 1
0 0 0 0 1 1 1 1 0 1 0 1 1 1 1 0 0 1 1 1 0 1 1 0 1 0
0 0 1 0 1 0 0 0 1 1 1 1 1 1 1 1 1 1 1 0 1 1 0 0 1 0
0 0 1 0 0 0 0 1 0 1 1 1 0 1 0 0 0 0 0 1 0 1 0 0 0 1
1 0 0 0 0 0 1 0 1 1 0 1 0 0 1 1 1 0 1 0 0 0 0 0 0 1
1 1 0 1 1 1 1 1 1 0 0 0 1 0 1 1 1 0 0 0 0 0 0 0 1 0
0 0 0 1 0 1 1 0 0 1 1 0 0 1 1 0 1 1 0 0 1 0 0 1 0 1
1 0 0 1 0 1 0 0 0 0 1 0 0 0 0 1 1 0 0 1 1 1 1 0 1 1
0 0 1 1 1 0 0 1 1 1 1 1 1 0 0 1 1 0 1 0 1 0 0 0 1 0
1 0 1 1 0 1 1 1 1 1 0 1 1 1 0 1 0 1 0 1 0 0 0 0 1 1
0 0 0 0 1 0 0 1 0 0 0 1 1 0 1 1 0 1 0 1 1 0 0 1 0 1
1 1 1 1 0 1 0 1 0 0 1 1 1 0 1 0 0 0 1 0 1 1 0 0 0 1
0 0 0 0 1 0 1 0 1 1 1 0 0 0 0 1 0 0 0 1 0 0 1 0 0 0
0 1 1 0 1 1 0 1 1 0 1 1 1 1 0 0 1 1 0 0 0 0 1 1 0 1
0 0 0 0 1 0 1 0 1 0 0 1 0 1 0 0 1 0 0 1 0 1 0 1 1 0
0 0 1 1 0 0 1 1 0 0 1 1 1 0 1 1 1 1 0 1 0 1 1 1 0 0
1 0 1 0 0 1 0 1 0 1 1 0 0 0 1 1 0 1 0 0 1 0 1 0 0 0
0 1 1 0 0 1 1 1 0 0 0 1 1 1 0 1 1 0 1 1 1 0 0 0 0 0
0 0 0 1 1 1 0 1 0 0 1 0 1 1 0 0 0 0 0 1 1 0 1 1 1 0
0 1 0 0 1 1 0 0 0 1 0 1 0 0 0 0 0 1 0 0 1 0 0 0 1 1
0 0 0 1 0 0 0 0 1 1 1 1 1 1 1 0 1 0 0 1 1 0 1 0 0 0
0 0 0 1 0 1 0 1 1 0 0 1 0 0 0 1 0 1 0 0 0 1 0 0 0 0
0 1 0 1 1 1 0 0 1 0 0 0 0 0 1 1 1 1 1 0 1 1 1 1 0 0
1 1 1 1 0 0 0 0 1 0 1 1 0 0 0 1 1 1 0 1 0 0 0 1 0 1
1 0 1 0 1 1 1 0 1 1 0 0 0 1 1 1 1 1 0 1 1 0 1 1 1 0
1 1 0 1 0 0 0 0 1 1 0 1 1 1 1 0 1 1 0 0 1 0 0 0 0 0
1 0 0 0 1 1 1 0 0 1 1 1 1 1 0 1 1 1 1 0 0 1 1 0 0 1
0 0 1 0 1 1 1 1 0 0 0 0 0 0 0 1 0 0 1 0 0 1 1 1 1 1
1 0 1 1 1 0 1 1 1 0 0 0 1 1 1 1 1 0 1 1 1 0 1 1 0 1
1 1 1 0 1 1 0 0 1 0 1 1 1 1 0 1 0 0 0 0 0 0 1 1 0 0
1 0 1 1 0 0 1 1 1 0 1 0 0 1 0 0 1 0 1 0 0 1 1 0 0 0
1 0 1 0 0 0 1 0 0 1 1 1 1 1 0 0 0 0 1 1 1 0 1 1 1 1
0 0 0 0 1 1 1 1 1 1 1 0 1 0 0 1 1 0 0 0 1 1 0 1 0 1
0 0 1 1 1 0 1 0 0 0 1 0 0 1 1 1 0 1 1 0 0 0 0 1 1 0
1 1 0 0 0 1 0 0 1 1 1 0 0 1 0 0 0 0 1 0 0 1 0 0 1 0
1 1 0 0 1 0 1 0 0 0 1 0 1 0 1 0 1 0 1 0 1 0 1 1 1 0
1 1 1 0 1 0 1 1 0 1 1 0 1 1 1 0 1 0 0 1 0 0 0 0 1 1
0 1 1 1 1 1 0 1 1 1 0 0 0 1 1 1 1 0 0 1 0 1 0 0 0 1
0 1 1 1 0 0 0 1 1 0 1 0 0 0 1 0 0 0 1 1 1 0 0 1 1 0
1 1 1 1 1 1 1 0 1 1 1 0 1 0 1 1 0 1 1 1 1 0 1 0 0 1
1 1 0 0 0 1 1 1 0 0 0 0 0 0 1 0 0 0 0 1 0 0 1 1 0 1
0 0 1 1 1 0 1 1 0 0 0 1 0 0 0 0 1 1 0 0 1 0 1 0 0 1
0 0 1 0 0 1 0 0 1 0 0 0 1 0 1 0 1 1 1 0 0 1 1 0 1 1
0 1 0 0 0 1 0 0 0 1 1 1 1 0 1 1 0 1 0 1 0 1 0 1 1 0
1 1 1 0 0 0 1 0 0 1 0 1 0 0 1 1 1 1 1 0 0 1 0 1 0 1
0 1 1 0 0 0 1 0 0 0 0 0 1 1 1 1 0 0 0 0 1 1 0 0 1 0
0 1 1 0 1 0 0 0 0 1 1 0 0 1 1 0 1 0 1 1 1 1 1 1 0 1
1 0 1 0 0 1 0 1 0 0 0 1 0 1 1 0 1 1 0 0 1 1 0 1 1 0
1 0 0 1 1 0 0 0 0 0 1 0 1 1 0 1 1 1 0 1 1 1 0 0 1 1
1 0 0 0 1 1 0 0 0 0 0 1 1 1 1 1 1 0 0 0 0 1 1 0 0 1
1 0 1 0 1 1 0 0 0 0 0 0 1 0 0 0 1 0 1 1 0 0 0 1 0 0
1 1 1 1 1 1 1 0 1 1 0 0 0 1 0 0 1 0 1 0 1 0 1 0 1 1
1 1 1 0 1 1 1 1 0 0 1 0 0 0 0 1 0 1 1 1 0 1 0 1 1 1
0 0 0 0 0 0 0 1 0 1 0 0 0 1 0 1 1 1 0 0 0 0 1 1 1 0
0 0 0 1 1 1 1 1 0 1 0 0 1 1 1 0 0 0 1 0 1 1 1 0 0 0
1 1 0 0 1 1 0 0 1 1 0 0 1 1 1 1 0 0 1 1 1 0 0 1 1 1
0 1 1 1 0 1 1 0 0 1 1 1 0 0 0 0 1 0 0 0 0 1 1 0 1 0
1 0 1 1 1 0 0 0 1 1 1 1 1 0 1 0 0 1 0 0 0 1 1 1 1 1
1 0 0 1 0 0 1 1 0 1 0 0 0 0 1 1 1 0 1 1 1 1 0 0 1 0
1 1 1 0 0 0 0 0 1 0 1 0 0 0 0 1 1 0 0 0 1 0 0 1 1 1
0 1 1 1 1 1 1 0 0 1 0 1 1 0 1 1 1 0 0 1 1 0 1 1 1 1
1 0 0 0 0 0 0 1 1 0 1 0 1 1 1 1 0 1 1 1 0 1 0 1 0 0
0 0 1 0 0 1 1 1 1 1 1 0 1 0 0 0 1 1 1 0 1 1 0 1 1 1
1 1 1 1 1 1 1 0 1 0 0 1 1 1 1 0 1 0 1 1 1 1 0 1 1 1
1 0 0 0 0 0 1 1 0 0 1 1 1 0 0 0 0 1 0 0 0 0 0 0 1 0
0 0 1 1 1 0 1 1 0 0 0 1 1 0 1 1 0 0 0 0 0 1 0 1 0 0
0 1 0 0 1 0 0 1 0 0 1 0 0 0 1 0 1 0 0 0 0 1 0 0 0 0
0 0 0 1 0 1 1 0 1 0 1 0 1 1 1 0 0 0 0 0 0 0 0 1 0 1
1 1 1 1 0 1 0 1 0 1 0 0 1 1 1 1 1 1 1 0 1 0 1 1 1 1
1 1 1 0 1 0 0 1 1 0 0 1 0 0 0 1 1 1 1 1 0 1 1 0 1 0
0 1 1 0 0 0 1 1 1 1 0 1 0 1 1 0 0 0 1 0 0 0 1 1 0 0
0 0 0 1 0 0 1 0 0 1 0 0 0 0 1 0 0 1 1 1 1 1 0 0 1 1
1 1 1 1 0 0 0 0 0 0 0 1 0 1 1 1 0 0 0 1 0 0 1 0 1 0
1 1 0 0 0 0 1 1 1 1 0 0 1 0 0 0 1 1 0 1 1 1 1 0 0 1
1 0 0 0 1 0 0 1 1 0 0 0 0 1 0 0 0 1 1 0 1 0 0 0 0 1
0 1 1 1 1 1 0 1 1 0 1 0 1 1 0 0 0 1 0 1 1 1 1 0 1 0
0 1 1 0 1 1 1 1 1 1 0 1 1 0 1 0 0 1 1 0 0 0 0 1 0 0
1 1 0 0 0 1 0 1 1 1 0 1 1 0 0 0 1 0 0 1 1 1 1 1 0 0
0 0 1 1 1 1 0 0 0 0 1 1 0 1 1 1 0 0 1 0 0 0 0 0 1 1
1 1 0 1 1 0 0 0 0 0 0 1 0 1 1 0 0 1 1 1 0 0 1 0 0 0
0 0 0 0 0 0 0 0 0 0 1 1 0 0 0 0 0 1 1 0 1 1 1 1 0 0
1 1 0 1 0 1 1 0 0 0 0 0 0 1 0 0 0 1 0 1 0 1 1 1 0 1
1 1 1 0 1 0 0 1 0 1 0 1 1 0 0 1 0 0 1 1 1 1 1 0 1 0
1 0 0 1 0 1 1 0 1 0 0 1 1 0 0 1 0 1 1 0 1 0 1 1 1 0
1 0 1 0 1 1 1 0 1 0 1 1 0 0 1 0 0 0 0 1 1 1 0 0 0 0
1 1 0 1 1 1 1 1 0 1 1 1 0 1 0 1 0 0 0 1 1 0 0 1 0 0
0 1 0 1 1 0 1 0 1 0 1 1 1 0 0 0 0 0 1 1 0 1 0 0 0 1
1 0 0 1 1 1 0 1 1 1 1 1 0 0 1 0 1 1 1 1 0 0 0 1 1 0
1 1 0 0 1 0 1 1 1 1 1 1 0 1 1 1 0 1 0 0 1 1 1 0 1 1
0 1 0 0 0 1 1 1 1 0 1 1 0 1 1 0 1 1 1 1 0 0 1 0 1 1
1 1 0 1 1 0 1 1 0 1 1 1 0 1 0 1 1 1 1 0 1 1 0 1 0 0
0 1 0 1 1 0 1 0 1 1 0 0 1 1 0 1 1 1 1 1 0 0 1 1 1 1
1 0 0 1 1 0 0 1 1 1 0 0 0 0 1 0 0 0 0 0 0 1 1 1 1 1
1 1 1 1 0 1 1 0 1 1 1 0 1 1 1 1 1 0 1 1 0 1 1 1 1 0
1 1 1 1 1 0 1 0 0 1 0 0 1 1 0 0 0 1 0 0 0 1 0 1 0 0
0 1 0 1 0 0 0 1 0 0 0 1 1 1 0 0 1 0 1 0 0 1 0 1 1 1
0 0 0 0 0 1 0 1 1 0 1 1 0 0 1 1 1 0 1 1 1 0 1 0 1 1
0 0 0 0 1 0 1 0 1 0 1 1 1 0 0 0 1 1 0 1 0 0 0 1 1 0
0 1 0 0 0 0 1 0 0 0 1 1 1 0 0 1 0 0 0 0 1 0 1 0 0 1
0 0 1 1 0 1 0 0 1 1 0 1 0 1 0 1 0 1 1 1 1 1 1 1 0 1
0 1 0 0 0 1 0 0 0 1 0 0 0 0 0 1 1 0 1 1 0 0 0 1 0 1
0 1 0 1 0 0 0 1 0 1 1 0 1 0 0 1 0 1 1 0 0 0 1 0 0 1
0 0 1 0 1 1 1 0 1 1 1 0 0 0 0 1 1 1 0 1 1 1 0 0 0 0
1 0 0 0 1 0 1 1 1 0 0 1 0 1 0 0 0 0 0 0 1 0 0 0 1 1
0 0 0 1 0 1 0 0 1 0 0 1 0 0 1 1 0 0 1 1 1 1 1 1 0 0
1 0 1 0 0 1 0 0 1 1 1 0 0 1 1 0 0 1 0 1 0 0 0 0 0 1
1 1 1 1 0 0 0 0 0 1 1 1 0 1 0 0 1 1 1 1 1 0 1 1 1 0
1 1 1 0 1 0 1 0 0 0 1 0 1 0 1 0 1 1 0 0 0 0 1 0 1 0
1 1 0 0 1 1 0 1 0 0 1 0 1 1 1 0 0 1 1 0 1 0 1 1 1 0
0 1 1 0 1 1 0 1 1 1 1 1 0 1 1 1 0 0 1 0 1 1 1 1 1 0
0 1 0 1 0 0 1 1 1 0 1 1 0 1 1 1 0 0 0 0 1 1 1 1 1 1
0 1 0 1 1 1 1 0 1 0 0 1 0 1 1 1 1 1 0 0 0 1 0 0 1 1
1 1 0 1 0 0 0 1 0 1 1 0 1 1 0 1 0 0 0 0 0 0 1 1 0 1
1 0 1 1 1 1 1 1 0 0 0 0 0 1 1 1 0 1 0 1 0 1 0 0 0 0
1 0 1 1 1 1 0 1 1 0 1 0 0 1 0 0 1 1 1 0 0 1 1 0 0 0
1 1 1 1 0 1 1 1 0 0 1 1 1 0 1 0 0 1 1 1 1 1 0 0 0 1
0 0 0 0 1 1 0 1 0 1 0 0 0 1 0 0 1 0 1 0 1 0 0 1 1 0
0 1 0 1 0 0 0 1 0 1 0 1 1 0 1 1 1 1 0 0 0 0 1 1 1 1
1 0 0 1 1 0 0 0 0 1 1 1 0 0 1 1 1 1 1 0 0 0 0 1 0 1
C Elapsed Time 141.130000 
