C Covering array with N=220 k=110 v=2^110 t=5
C 
218 110 2^110 5
1 0 1 0 0 0 1 0 1 0 1 1 0 1 1 0 0 1 1 1 0 0 0 1 1 0 0 0 0 0 1 0 1 1 0 0 0 1 0 1 1 1 1 0 1 0 0 1 0 0 1 1 1 1 1 1 1 1 1 1 0 0 1 0 0 1 0 1 1 1 1 0 1 0 0 0 1 1 0 1 0 0 0 0 0 1 1 0 0 0 1 1 1 0 0 1 1 0 1 1 0 1 0 1 0 0 0 1 0 0
0 1 0 0 0 1 0 1 0 1 1 0 1 1 0 0 1 1 1 0 0 0 1 1 0 0 0 0 0 1 0 1 1 0 0 0 1 0 1 1 1 1 0 1 0 0 1 0 0 1 1 1 1 1 1 1 1 1 1 0 0 1 0 0 1 0 1 1 1 1 0 1 0 0 0 1 1 0 1 0 0 0 0 0 1 1 0 0 0 1 1 1 0 0 1 1 0 1 1 0 1 0 1 0 0 0 1 0 1 0
1 0 0 0 1 0 1 0 1 1 0 1 1 0 0 1 1 1 0 0 0 1 1 0 0 0 0 0 1 0 1 1 0 0 0 1 0 1 1 1 1 0 1 0 0 1 0 0 1 1 1 1 1 1 1 1 1 1 0 0 1 0 0 1 0 1 1 1 1 0 1 0 0 0 1 1 0 1 0 0 0 0 0 1 1 0 0 0 1 1 1 0 0 1 1 0 1 1 0 1 0 1 0 0 0 1 0 1 0 0
0 0 0 1 0 1 0 1 1 0 1 1 0 0 1 1 1 0 0 0 1 1 0 0 0 0 0 1 0 1 1 0 0 0 1 0 1 1 1 1 0 1 0 0 1 0 0 1 1 1 1 1 1 1 1 1 1 0 0 1 0 0 1 0 1 1 1 1 0 1 0 0 0 1 1 0 1 0 0 0 0 0 1 1 0 0 0 1 1 1 0 0 1 1 0 1 1 0 1 0 1 0 0 0 1 0 1 0 1 0
0 0 1 0 1 0 1 1 0 1 1 0 0 1 1 1 0 0 0 1 1 0 0 0 0 0 1 0 1 1 0 0 0 1 0 1 1 1 1 0 1 0 0 1 0 0 1 1 1 1 1 1 1 1 1 1 0 0 1 0 0 1 0 1 1 1 1 0 1 0 0 0 1 1 0 1 0 0 0 0 0 1 1 0 0 0 1 1 1 0 0 1 1 0 1 1 0 1 0 1 0 0 0 1 0 1 0 1 0 0
0 1 0 1 0 1 1 0 1 1 0 0 1 1 1 0 0 0 1 1 0 0 0 0 0 1 0 1 1 0 0 0 1 0 1 1 1 1 0 1 0 0 1 0 0 1 1 1 1 1 1 1 1 1 1 0 0 1 0 0 1 0 1 1 1 1 0 1 0 0 0 1 1 0 1 0 0 0 0 0 1 1 0 0 0 1 1 1 0 0 1 1 0 1 1 0 1 0 1 0 0 0 1 0 1 0 1 0 0 0
1 0 1 0 1 1 0 1 1 0 0 1 1 1 0 0 0 1 1 0 0 0 0 0 1 0 1 1 0 0 0 1 0 1 1 1 1 0 1 0 0 1 0 0 1 1 1 1 1 1 1 1 1 1 0 0 1 0 0 1 0 1 1 1 1 0 1 0 0 0 1 1 0 1 0 0 0 0 0 1 1 0 0 0 1 1 1 0 0 1 1 0 1 1 0 1 0 1 0 0 0 1 0 1 0 1 0 0 0 0
0 1 0 1 1 0 1 1 0 0 1 1 1 0 0 0 1 1 0 0 0 0 0 1 0 1 1 0 0 0 1 0 1 1 1 1 0 1 0 0 1 0 0 1 1 1 1 1 1 1 1 1 1 0 0 1 0 0 1 0 1 1 1 1 0 1 0 0 0 1 1 0 1 0 0 0 0 0 1 1 0 0 0 1 1 1 0 0 1 1 0 1 1 0 1 0 1 0 0 0 1 0 1 0 1 0 0 0 1 0
1 0 1 1 0 1 1 0 0 1 1 1 0 0 0 1 1 0 0 0 0 0 1 0 1 1 0 0 0 1 0 1 1 1 1 0 1 0 0 1 0 0 1 1 1 1 1 1 1 1 1 1 0 0 1 0 0 1 0 1 1 1 1 0 1 0 0 0 1 1 0 1 0 0 0 0 0 1 1 0 0 0 1 1 1 0 0 1 1 0 1 1 0 1 0 1 0 0 0 1 0 1 0 1 0 0 0 1 0 0
0 1 1 0 1 1 0 0 1 1 1 0 0 0 1 1 0 0 0 0 0 1 0 1 1 0 0 0 1 0 1 1 1 1 0 1 0 0 1 0 0 1 1 1 1 1 1 1 1 1 1 0 0 1 0 0 1 0 1 1 1 1 0 1 0 0 0 1 1 0 1 0 0 0 0 0 1 1 0 0 0 1 1 1 0 0 1 1 0 1 1 0 1 0 1 0 0 0 1 0 1 0 1 0 0 0 1 0 1 0
1 1 0 1 1 0 0 1 1 1 0 0 0 1 1 0 0 0 0 0 1 0 1 1 0 0 0 1 0 1 1 1 1 0 1 0 0 1 0 0 1 1 1 1 1 1 1 1 1 1 0 0 1 0 0 1 0 1 1 1 1 0 1 0 0 0 1 1 0 1 0 0 0 0 0 1 1 0 0 0 1 1 1 0 0 1 1 0 1 1 0 1 0 1 0 0 0 1 0 1 0 1 0 0 0 1 0 1 0 0
1 0 1 1 0 0 1 1 1 0 0 0 1 1 0 0 0 0 0 1 0 1 1 0 0 0 1 0 1 1 1 1 0 1 0 0 1 0 0 1 1 1 1 1 1 1 1 1 1 0 0 1 0 0 1 0 1 1 1 1 0 1 0 0 0 1 1 0 1 0 0 0 0 0 1 1 0 0 0 1 1 1 0 0 1 1 0 1 1 0 1 0 1 0 0 0 1 0 1 0 1 0 0 0 1 0 1 0 1 0
0 1 1 0 0 1 1 1 0 0 0 1 1 0 0 0 0 0 1 0 1 1 0 0 0 1 0 1 1 1 1 0 1 0 0 1 0 0 1 1 1 1 1 1 1 1 1 1 0 0 1 0 0 1 0 1 1 1 1 0 1 0 0 0 1 1 0 1 0 0 0 0 0 1 1 0 0 0 1 1 1 0 0 1 1 0 1 1 0 1 0 1 0 0 0 1 0 1 0 1 0 0 0 1 0 1 0 1 1 0
1 1 0 0 1 1 1 0 0 0 1 1 0 0 0 0 0 1 0 1 1 0 0 0 1 0 1 1 1 1 0 1 0 0 1 0 0 1 1 1 1 1 1 1 1 1 1 0 0 1 0 0 1 0 1 1 1 1 0 1 0 0 0 1 1 0 1 0 0 0 0 0 1 1 0 0 0 1 1 1 0 0 1 1 0 1 1 0 1 0 1 0 0 0 1 0 1 0 1 0 0 0 1 0 1 0 1 1 0 0
1 0 0 1 1 1 0 0 0 1 1 0 0 0 0 0 1 0 1 1 0 0 0 1 0 1 1 1 1 0 1 0 0 1 0 0 1 1 1 1 1 1 1 1 1 1 0 0 1 0 0 1 0 1 1 1 1 0 1 0 0 0 1 1 0 1 0 0 0 0 0 1 1 0 0 0 1 1 1 0 0 1 1 0 1 1 0 1 0 1 0 0 0 1 0 1 0 1 0 0 0 1 0 1 0 1 1 0 1 0
0 0 1 1 1 0 0 0 1 1 0 0 0 0 0 1 0 1 1 0 0 0 1 0 1 1 1 1 0 1 0 0 1 0 0 1 1 1 1 1 1 1 1 1 1 0 0 1 0 0 1 0 1 1 1 1 0 1 0 0 0 1 1 0 1 0 0 0 0 0 1 1 0 0 0 1 1 1 0 0 1 1 0 1 1 0 1 0 1 0 0 0 1 0 1 0 1 0 0 0 1 0 1 0 1 1 0 1 1 0
0 1 1 1 0 0 0 1 1 0 0 0 0 0 1 0 1 1 0 0 0 1 0 1 1 1 1 0 1 0 0 1 0 0 1 1 1 1 1 1 1 1 1 1 0 0 1 0 0 1 0 1 1 1 1 0 1 0 0 0 1 1 0 1 0 0 0 0 0 1 1 0 0 0 1 1 1 0 0 1 1 0 1 1 0 1 0 1 0 0 0 1 0 1 0 1 0 0 0 1 0 1 0 1 1 0 1 1 0 0
1 1 1 0 0 0 1 1 0 0 0 0 0 1 0 1 1 0 0 0 1 0 1 1 1 1 0 1 0 0 1 0 0 1 1 1 1 1 1 1 1 1 1 0 0 1 0 0 1 0 1 1 1 1 0 1 0 0 0 1 1 0 1 0 0 0 0 0 1 1 0 0 0 1 1 1 0 0 1 1 0 1 1 0 1 0 1 0 0 0 1 0 1 0 1 0 0 0 1 0 1 0 1 1 0 1 1 0 0 0
1 1 0 0 0 1 1 0 0 0 0 0 1 0 1 1 0 0 0 1 0 1 1 1 1 0 1 0 0 1 0 0 1 1 1 1 1 1 1 1 1 1 0 0 1 0 0 1 0 1 1 1 1 0 1 0 0 0 1 1 0 1 0 0 0 0 0 1 1 0 0 0 1 1 1 0 0 1 1 0 1 1 0 1 0 1 0 0 0 1 0 1 0 1 0 0 0 1 0 1 0 1 1 0 1 1 0 0 1 0
1 0 0 0 1 1 0 0 0 0 0 1 0 1 1 0 0 0 1 0 1 1 1 1 0 1 0 0 1 0 0 1 1 1 1 1 1 1 1 1 1 0 0 1 0 0 1 0 1 1 1 1 0 1 0 0 0 1 1 0 1 0 0 0 0 0 1 1 0 0 0 1 1 1 0 0 1 1 0 1 1 0 1 0 1 0 0 0 1 0 1 0 1 0 0 0 1 0 1 0 1 1 0 1 1 0 0 1 1 0
0 0 0 1 1 0 0 0 0 0 1 0 1 1 0 0 0 1 0 1 1 1 1 0 1 0 0 1 0 0 1 1 1 1 1 1 1 1 1 1 0 0 1 0 0 1 0 1 1 1 1 0 1 0 0 0 1 1 0 1 0 0 0 0 0 1 1 0 0 0 1 1 1 0 0 1 1 0 1 1 0 1 0 1 0 0 0 1 0 1 0 1 0 0 0 1 0 1 0 1 1 0 1 1 0 0 1 1 1 0
0 0 1 1 0 0 0 0 0 1 0 1 1 0 0 0 1 0 1 1 1 1 0 1 0 0 1 0 0 1 1 1 1 1 1 1 1 1 1 0 0 1 0 0 1 0 1 1 1 1 0 1 0 0 0 1 1 0 1 0 0 0 0 0 1 1 0 0 0 1 1 1 0 0 1 1 0 1 1 0 1 0 1 0 0 0 1 0 1 0 1 0 0 0 1 0 1 0 1 1 0 1 1 0 0 1 1 1 0 0
0 1 1 0 0 0 0 0 1 0 1 1 0 0 0 1 0 1 1 1 1 0 1 0 0 1 0 0 1 1 1 1 1 1 1 1 1 1 0 0 1 0 0 1 0 1 1 1 1 0 1 0 0 0 1 1 0 1 0 0 0 0 0 1 1 0 0 0 1 1 1 0 0 1 1 0 1 1 0 1 0 1 0 0 0 1 0 1 0 1 0 0 0 1 0 1 0 1 1 0 1 1 0 0 1 1 1 0 0 0
1 1 0 0 0 0 0 1 0 1 1 0 0 0 1 0 1 1 1 1 0 1 0 0 1 0 0 1 1 1 1 1 1 1 1 1 1 0 0 1 0 0 1 0 1 1 1 1 0 1 0 0 0 1 1 0 1 0 0 0 0 0 1 1 0 0 0 1 1 1 0 0 1 1 0 1 1 0 1 0 1 0 0 0 1 0 1 0 1 0 0 0 1 0 1 0 1 1 0 1 1 0 0 1 1 1 0 0 0 0
1 0 0 0 0 0 1 0 1 1 0 0 0 1 0 1 1 1 1 0 1 0 0 1 0 0 1 1 1 1 1 1 1 1 1 1 0 0 1 0 0 1 0 1 1 1 1 0 1 0 0 0 1 1 0 1 0 0 0 0 0 1 1 0 0 0 1 1 1 0 0 1 1 0 1 1 0 1 0 1 0 0 0 1 0 1 0 1 0 0 0 1 0 1 0 1 1 0 1 1 0 0 1 1 1 0 0 0 1 0
0 0 0 0 0 1 0 1 1 0 0 0 1 0 1 1 1 1 0 1 0 0 1 0 0 1 1 1 1 1 1 1 1 1 1 0 0 1 0 0 1 0 1 1 1 1 0 1 0 0 0 1 1 0 1 0 0 0 0 0 1 1 0 0 0 1 1 1 0 0 1 1 0 1 1 0 1 0 1 0 0 0 1 0 1 0 1 0 0 0 1 0 1 0 1 1 0 1 1 0 0 1 1 1 0 0 0 1 1 0
0 0 0 0 1 0 1 1 0 0 0 1 0 1 1 1 1 0 1 0 0 1 0 0 1 1 1 1 1 1 1 1 1 1 0 0 1 0 0 1 0 1 1 1 1 0 1 0 0 0 1 1 0 1 0 0 0 0 0 1 1 0 0 0 1 1 1 0 0 1 1 0 1 1 0 1 0 1 0 0 0 1 0 1 0 1 0 0 0 1 0 1 0 1 1 0 1 1 0 0 1 1 1 0 0 0 1 1 0 0
0 0 0 1 0 1 1 0 0 0 1 0 1 1 1 1 0 1 0 0 1 0 0 1 1 1 1 1 1 1 1 1 1 0 0 1 0 0 1 0 1 1 1 1 0 1 0 0 0 1 1 0 1 0 0 0 0 0 1 1 0 0 0 1 1 1 0 0 1 1 0 1 1 0 1 0 1 0 0 0 1 0 1 0 1 0 0 0 1 0 1 0 1 1 0 1 1 0 0 1 1 1 0 0 0 1 1 0 0 0
0 0 1 0 1 1 0 0 0 1 0 1 1 1 1 0 1 0 0 1 0 0 1 1 1 1 1 1 1 1 1 1 0 0 1 0 0 1 0 1 1 1 1 0 1 0 0 0 1 1 0 1 0 0 0 0 0 1 1 0 0 0 1 1 1 0 0 1 1 0 1 1 0 1 0 1 0 0 0 1 0 1 0 1 0 0 0 1 0 1 0 1 1 0 1 1 0 0 1 1 1 0 0 0 1 1 0 0 0 0
0 1 0 1 1 0 0 0 1 0 1 1 1 1 0 1 0 0 1 0 0 1 1 1 1 1 1 1 1 1 1 0 0 1 0 0 1 0 1 1 1 1 0 1 0 0 0 1 1 0 1 0 0 0 0 0 1 1 0 0 0 1 1 1 0 0 1 1 0 1 1 0 1 0 1 0 0 0 1 0 1 0 1 0 0 0 1 0 1 0 1 1 0 1 1 0 0 1 1 1 0 0 0 1 1 0 0 0 0 0
1 0 1 1 0 0 0 1 0 1 1 1 1 0 1 0 0 1 0 0 1 1 1 1 1 1 1 1 1 1 0 0 1 0 0 1 0 1 1 1 1 0 1 0 0 0 1 1 0 1 0 0 0 0 0 1 1 0 0 0 1 1 1 0 0 1 1 0 1 1 0 1 0 1 0 0 0 1 0 1 0 1 0 0 0 1 0 1 0 1 1 0 1 1 0 0 1 1 1 0 0 0 1 1 0 0 0 0 0 0
0 1 1 0 0 0 1 0 1 1 1 1 0 1 0 0 1 0 0 1 1 1 1 1 1 1 1 1 1 0 0 1 0 0 1 0 1 1 1 1 0 1 0 0 0 1 1 0 1 0 0 0 0 0 1 1 0 0 0 1 1 1 0 0 1 1 0 1 1 0 1 0 1 0 0 0 1 0 1 0 1 0 0 0 1 0 1 0 1 1 0 1 1 0 0 1 1 1 0 0 0 1 1 0 0 0 0 0 1 0
1 1 0 0 0 1 0 1 1 1 1 0 1 0 0 1 0 0 1 1 1 1 1 1 1 1 1 1 0 0 1 0 0 1 0 1 1 1 1 0 1 0 0 0 1 1 0 1 0 0 0 0 0 1 1 0 0 0 1 1 1 0 0 1 1 0 1 1 0 1 0 1 0 0 0 1 0 1 0 1 0 0 0 1 0 1 0 1 1 0 1 1 0 0 1 1 1 0 0 0 1 1 0 0 0 0 0 1 0 0
1 0 0 0 1 0 1 1 1 1 0 1 0 0 1 0 0 1 1 1 1 1 1 1 1 1 1 0 0 1 0 0 1 0 1 1 1 1 0 1 0 0 0 1 1 0 1 0 0 0 0 0 1 1 0 0 0 1 1 1 0 0 1 1 0 1 1 0 1 0 1 0 0 0 1 0 1 0 1 0 0 0 1 0 1 0 1 1 0 1 1 0 0 1 1 1 0 0 0 1 1 0 0 0 0 0 1 0 1 0
0 0 0 1 0 1 1 1 1 0 1 0 0 1 0 0 1 1 1 1 1 1 1 1 1 1 0 0 1 0 0 1 0 1 1 1 1 0 1 0 0 0 1 1 0 1 0 0 0 0 0 1 1 0 0 0 1 1 1 0 0 1 1 0 1 1 0 1 0 1 0 0 0 1 0 1 0 1 0 0 0 1 0 1 0 1 1 0 1 1 0 0 1 1 1 0 0 0 1 1 0 0 0 0 0 1 0 1 1 0
0 0 1 0 1 1 1 1 0 1 0 0 1 0 0 1 1 1 1 1 1 1 1 1 1 0 0 1 0 0 1 0 1 1 1 1 0 1 0 0 0 1 1 0 1 0 0 0 0 0 1 1 0 0 0 1 1 1 0 0 1 1 0 1 1 0 1 0 1 0 0 0 1 0 1 0 1 0 0 0 1 0 1 0 1 1 0 1 1 0 0 1 1 1 0 0 0 1 1 0 0 0 0 0 1 0 1 1 0 0
0 1 0 1 1 1 1 0 1 0 0 1 0 0 1 1 1 1 1 1 1 1 1 1 0 0 1 0 0 1 0 1 1 1 1 0 1 0 0 0 1 1 0 1 0 0 0 0 0 1 1 0 0 0 1 1 1 0 0 1 1 0 1 1 0 1 0 1 0 0 0 1 0 1 0 1 0 0 0 1 0 1 0 1 1 0 1 1 0 0 1 1 1 0 0 0 1 1 0 0 0 0 0 1 0 1 1 0 0 0
1 0 1 1 1 1 0 1 0 0 1 0 0 1 1 1 1 1 1 1 1 1 1 0 0 1 0 0 1 0 1 1 1 1 0 1 0 0 0 1 1 0 1 0 0 0 0 0 1 1 0 0 0 1 1 1 0 0 1 1 0 1 1 0 1 0 1 0 0 0 1 0 1 0 1 0 0 0 1 0 1 0 1 1 0 1 1 0 0 1 1 1 0 0 0 1 1 0 0 0 0 0 1 0 1 1 0 0 0 0
0 1 1 1 1 0 1 0 0 1 0 0 1 1 1 1 1 1 1 1 1 1 0 0 1 0 0 1 0 1 1 1 1 0 1 0 0 0 1 1 0 1 0 0 0 0 0 1 1 0 0 0 1 1 1 0 0 1 1 0 1 1 0 1 0 1 0 0 0 1 0 1 0 1 0 0 0 1 0 1 0 1 1 0 1 1 0 0 1 1 1 0 0 0 1 1 0 0 0 0 0 1 0 1 1 0 0 0 1 0
1 1 1 1 0 1 0 0 1 0 0 1 1 1 1 1 1 1 1 1 1 0 0 1 0 0 1 0 1 1 1 1 0 1 0 0 0 1 1 0 1 0 0 0 0 0 1 1 0 0 0 1 1 1 0 0 1 1 0 1 1 0 1 0 1 0 0 0 1 0 1 0 1 0 0 0 1 0 1 0 1 1 0 1 1 0 0 1 1 1 0 0 0 1 1 0 0 0 0 0 1 0 1 1 0 0 0 1 0 0
1 1 1 0 1 0 0 1 0 0 1 1 1 1 1 1 1 1 1 1 0 0 1 0 0 1 0 1 1 1 1 0 1 0 0 0 1 1 0 1 0 0 0 0 0 1 1 0 0 0 1 1 1 0 0 1 1 0 1 1 0 1 0 1 0 0 0 1 0 1 0 1 0 0 0 1 0 1 0 1 1 0 1 1 0 0 1 1 1 0 0 0 1 1 0 0 0 0 0 1 0 1 1 0 0 0 1 0 1 0
1 1 0 1 0 0 1 0 0 1 1 1 1 1 1 1 1 1 1 0 0 1 0 0 1 0 1 1 1 1 0 1 0 0 0 1 1 0 1 0 0 0 0 0 1 1 0 0 0 1 1 1 0 0 1 1 0 1 1 0 1 0 1 0 0 0 1 0 1 0 1 0 0 0 1 0 1 0 1 1 0 1 1 0 0 1 1 1 0 0 0 1 1 0 0 0 0 0 1 0 1 1 0 0 0 1 0 1 1 0
1 0 1 0 0 1 0 0 1 1 1 1 1 1 1 1 1 1 0 0 1 0 0 1 0 1 1 1 1 0 1 0 0 0 1 1 0 1 0 0 0 0 0 1 1 0 0 0 1 1 1 0 0 1 1 0 1 1 0 1 0 1 0 0 0 1 0 1 0 1 0 0 0 1 0 1 0 1 1 0 1 1 0 0 1 1 1 0 0 0 1 1 0 0 0 0 0 1 0 1 1 0 0 0 1 0 1 1 1 0
0 1 0 0 1 0 0 1 1 1 1 1 1 1 1 1 1 0 0 1 0 0 1 0 1 1 1 1 0 1 0 0 0 1 1 0 1 0 0 0 0 0 1 1 0 0 0 1 1 1 0 0 1 1 0 1 1 0 1 0 1 0 0 0 1 0 1 0 1 0 0 0 1 0 1 0 1 1 0 1 1 0 0 1 1 1 0 0 0 1 1 0 0 0 0 0 1 0 1 1 0 0 0 1 0 1 1 1 1 0
1 0 0 1 0 0 1 1 1 1 1 1 1 1 1 1 0 0 1 0 0 1 0 1 1 1 1 0 1 0 0 0 1 1 0 1 0 0 0 0 0 1 1 0 0 0 1 1 1 0 0 1 1 0 1 1 0 1 0 1 0 0 0 1 0 1 0 1 0 0 0 1 0 1 0 1 1 0 1 1 0 0 1 1 1 0 0 0 1 1 0 0 0 0 0 1 0 1 1 0 0 0 1 0 1 1 1 1 0 0
0 0 1 0 0 1 1 1 1 1 1 1 1 1 1 0 0 1 0 0 1 0 1 1 1 1 0 1 0 0 0 1 1 0 1 0 0 0 0 0 1 1 0 0 0 1 1 1 0 0 1 1 0 1 1 0 1 0 1 0 0 0 1 0 1 0 1 0 0 0 1 0 1 0 1 1 0 1 1 0 0 1 1 1 0 0 0 1 1 0 0 0 0 0 1 0 1 1 0 0 0 1 0 1 1 1 1 0 1 0
0 1 0 0 1 1 1 1 1 1 1 1 1 1 0 0 1 0 0 1 0 1 1 1 1 0 1 0 0 0 1 1 0 1 0 0 0 0 0 1 1 0 0 0 1 1 1 0 0 1 1 0 1 1 0 1 0 1 0 0 0 1 0 1 0 1 0 0 0 1 0 1 0 1 1 0 1 1 0 0 1 1 1 0 0 0 1 1 0 0 0 0 0 1 0 1 1 0 0 0 1 0 1 1 1 1 0 1 0 0
1 0 0 1 1 1 1 1 1 1 1 1 1 0 0 1 0 0 1 0 1 1 1 1 0 1 0 0 0 1 1 0 1 0 0 0 0 0 1 1 0 0 0 1 1 1 0 0 1 1 0 1 1 0 1 0 1 0 0 0 1 0 1 0 1 0 0 0 1 0 1 0 1 1 0 1 1 0 0 1 1 1 0 0 0 1 1 0 0 0 0 0 1 0 1 1 0 0 0 1 0 1 1 1 1 0 1 0 0 0
0 0 1 1 1 1 1 1 1 1 1 1 0 0 1 0 0 1 0 1 1 1 1 0 1 0 0 0 1 1 0 1 0 0 0 0 0 1 1 0 0 0 1 1 1 0 0 1 1 0 1 1 0 1 0 1 0 0 0 1 0 1 0 1 0 0 0 1 0 1 0 1 1 0 1 1 0 0 1 1 1 0 0 0 1 1 0 0 0 0 0 1 0 1 1 0 0 0 1 0 1 1 1 1 0 1 0 0 1 0
0 1 1 1 1 1 1 1 1 1 1 0 0 1 0 0 1 0 1 1 1 1 0 1 0 0 0 1 1 0 1 0 0 0 0 0 1 1 0 0 0 1 1 1 0 0 1 1 0 1 1 0 1 0 1 0 0 0 1 0 1 0 1 0 0 0 1 0 1 0 1 1 0 1 1 0 0 1 1 1 0 0 0 1 1 0 0 0 0 0 1 0 1 1 0 0 0 1 0 1 1 1 1 0 1 0 0 1 0 0
1 1 1 1 1 1 1 1 1 1 0 0 1 0 0 1 0 1 1 1 1 0 1 0 0 0 1 1 0 1 0 0 0 0 0 1 1 0 0 0 1 1 1 0 0 1 1 0 1 1 0 1 0 1 0 0 0 1 0 1 0 1 0 0 0 1 0 1 0 1 1 0 1 1 0 0 1 1 1 0 0 0 1 1 0 0 0 0 0 1 0 1 1 0 0 0 1 0 1 1 1 1 0 1 0 0 1 0 0 0
1 1 1 1 1 1 1 1 1 0 0 1 0 0 1 0 1 1 1 1 0 1 0 0 0 1 1 0 1 0 0 0 0 0 1 1 0 0 0 1 1 1 0 0 1 1 0 1 1 0 1 0 1 0 0 0 1 0 1 0 1 0 0 0 1 0 1 0 1 1 0 1 1 0 0 1 1 1 0 0 0 1 1 0 0 0 0 0 1 0 1 1 0 0 0 1 0 1 1 1 1 0 1 0 0 1 0 0 1 0
1 1 1 1 1 1 1 1 0 0 1 0 0 1 0 1 1 1 1 0 1 0 0 0 1 1 0 1 0 0 0 0 0 1 1 0 0 0 1 1 1 0 0 1 1 0 1 1 0 1 0 1 0 0 0 1 0 1 0 1 0 0 0 1 0 1 0 1 1 0 1 1 0 0 1 1 1 0 0 0 1 1 0 0 0 0 0 1 0 1 1 0 0 0 1 0 1 1 1 1 0 1 0 0 1 0 0 1 1 0
1 1 1 1 1 1 1 0 0 1 0 0 1 0 1 1 1 1 0 1 0 0 0 1 1 0 1 0 0 0 0 0 1 1 0 0 0 1 1 1 0 0 1 1 0 1 1 0 1 0 1 0 0 0 1 0 1 0 1 0 0 0 1 0 1 0 1 1 0 1 1 0 0 1 1 1 0 0 0 1 1 0 0 0 0 0 1 0 1 1 0 0 0 1 0 1 1 1 1 0 1 0 0 1 0 0 1 1 1 0
1 1 1 1 1 1 0 0 1 0 0 1 0 1 1 1 1 0 1 0 0 0 1 1 0 1 0 0 0 0 0 1 1 0 0 0 1 1 1 0 0 1 1 0 1 1 0 1 0 1 0 0 0 1 0 1 0 1 0 0 0 1 0 1 0 1 1 0 1 1 0 0 1 1 1 0 0 0 1 1 0 0 0 0 0 1 0 1 1 0 0 0 1 0 1 1 1 1 0 1 0 0 1 0 0 1 1 1 1 0
1 1 1 1 1 0 0 1 0 0 1 0 1 1 1 1 0 1 0 0 0 1 1 0 1 0 0 0 0 0 1 1 0 0 0 1 1 1 0 0 1 1 0 1 1 0 1 0 1 0 0 0 1 0 1 0 1 0 0 0 1 0 1 0 1 1 0 1 1 0 0 1 1 1 0 0 0 1 1 0 0 0 0 0 1 0 1 1 0 0 0 1 0 1 1 1 1 0 1 0 0 1 0 0 1 1 1 1 1 0
1 1 1 1 0 0 1 0 0 1 0 1 1 1 1 0 1 0 0 0 1 1 0 1 0 0 0 0 0 1 1 0 0 0 1 1 1 0 0 1 1 0 1 1 0 1 0 1 0 0 0 1 0 1 0 1 0 0 0 1 0 1 0 1 1 0 1 1 0 0 1 1 1 0 0 0 1 1 0 0 0 0 0 1 0 1 1 0 0 0 1 0 1 1 1 1 0 1 0 0 1 0 0 1 1 1 1 1 1 0
1 1 1 0 0 1 0 0 1 0 1 1 1 1 0 1 0 0 0 1 1 0 1 0 0 0 0 0 1 1 0 0 0 1 1 1 0 0 1 1 0 1 1 0 1 0 1 0 0 0 1 0 1 0 1 0 0 0 1 0 1 0 1 1 0 1 1 0 0 1 1 1 0 0 0 1 1 0 0 0 0 0 1 0 1 1 0 0 0 1 0 1 1 1 1 0 1 0 0 1 0 0 1 1 1 1 1 1 1 0
1 1 0 0 1 0 0 1 0 1 1 1 1 0 1 0 0 0 1 1 0 1 0 0 0 0 0 1 1 0 0 0 1 1 1 0 0 1 1 0 1 1 0 1 0 1 0 0 0 1 0 1 0 1 0 0 0 1 0 1 0 1 1 0 1 1 0 0 1 1 1 0 0 0 1 1 0 0 0 0 0 1 0 1 1 0 0 0 1 0 1 1 1 1 0 1 0 0 1 0 0 1 1 1 1 1 1 1 1 0
1 0 0 1 0 0 1 0 1 1 1 1 0 1 0 0 0 1 1 0 1 0 0 0 0 0 1 1 0 0 0 1 1 1 0 0 1 1 0 1 1 0 1 0 1 0 0 0 1 0 1 0 1 0 0 0 1 0 1 0 1 1 0 1 1 0 0 1 1 1 0 0 0 1 1 0 0 0 0 0 1 0 1 1 0 0 0 1 0 1 1 1 1 0 1 0 0 1 0 0 1 1 1 1 1 1 1 1 1 0
0 0 1 0 0 1 0 1 1 1 1 0 1 0 0 0 1 1 0 1 0 0 0 0 0 1 1 0 0 0 1 1 1 0 0 1 1 0 1 1 0 1 0 1 0 0 0 1 0 1 0 1 0 0 0 1 0 1 0 1 1 0 1 1 0 0 1 1 1 0 0 0 1 1 0 0 0 0 0 1 0 1 1 0 0 0 1 0 1 1 1 1 0 1 0 0 1 0 0 1 1 1 1 1 1 1 1 1 1 0
0 1 0 0 1 0 1 1 1 1 0 1 0 0 0 1 1 0 1 0 0 0 0 0 1 1 0 0 0 1 1 1 0 0 1 1 0 1 1 0 1 0 1 0 0 0 1 0 1 0 1 0 0 0 1 0 1 0 1 1 0 1 1 0 0 1 1 1 0 0 0 1 1 0 0 0 0 0 1 0 1 1 0 0 0 1 0 1 1 1 1 0 1 0 0 1 0 0 1 1 1 1 1 1 1 1 1 1 0 0
1 0 0 1 0 1 1 1 1 0 1 0 0 0 1 1 0 1 0 0 0 0 0 1 1 0 0 0 1 1 1 0 0 1 1 0 1 1 0 1 0 1 0 0 0 1 0 1 0 1 0 0 0 1 0 1 0 1 1 0 1 1 0 0 1 1 1 0 0 0 1 1 0 0 0 0 0 1 0 1 1 0 0 0 1 0 1 1 1 1 0 1 0 0 1 0 0 1 1 1 1 1 1 1 1 1 1 0 0 0
0 0 1 0 1 1 1 1 0 1 0 0 0 1 1 0 1 0 0 0 0 0 1 1 0 0 0 1 1 1 0 0 1 1 0 1 1 0 1 0 1 0 0 0 1 0 1 0 1 0 0 0 1 0 1 0 1 1 0 1 1 0 0 1 1 1 0 0 0 1 1 0 0 0 0 0 1 0 1 1 0 0 0 1 0 1 1 1 1 0 1 0 0 1 0 0 1 1 1 1 1 1 1 1 1 1 0 0 1 0
0 1 0 1 1 1 1 0 1 0 0 0 1 1 0 1 0 0 0 0 0 1 1 0 0 0 1 1 1 0 0 1 1 0 1 1 0 1 0 1 0 0 0 1 0 1 0 1 0 0 0 1 0 1 0 1 1 0 1 1 0 0 1 1 1 0 0 0 1 1 0 0 0 0 0 1 0 1 1 0 0 0 1 0 1 1 1 1 0 1 0 0 1 0 0 1 1 1 1 1 1 1 1 1 1 0 0 1 0 0
1 0 1 1 1 1 0 1 0 0 0 1 1 0 1 0 0 0 0 0 1 1 0 0 0 1 1 1 0 0 1 1 0 1 1 0 1 0 1 0 0 0 1 0 1 0 1 0 0 0 1 0 1 0 1 1 0 1 1 0 0 1 1 1 0 0 0 1 1 0 0 0 0 0 1 0 1 1 0 0 0 1 0 1 1 1 1 0 1 0 0 1 0 0 1 1 1 1 1 1 1 1 1 1 0 0 1 0 0 0
0 1 1 1 1 0 1 0 0 0 1 1 0 1 0 0 0 0 0 1 1 0 0 0 1 1 1 0 0 1 1 0 1 1 0 1 0 1 0 0 0 1 0 1 0 1 0 0 0 1 0 1 0 1 1 0 1 1 0 0 1 1 1 0 0 0 1 1 0 0 0 0 0 1 0 1 1 0 0 0 1 0 1 1 1 1 0 1 0 0 1 0 0 1 1 1 1 1 1 1 1 1 1 0 0 1 0 0 1 0
1 1 1 1 0 1 0 0 0 1 1 0 1 0 0 0 0 0 1 1 0 0 0 1 1 1 0 0 1 1 0 1 1 0 1 0 1 0 0 0 1 0 1 0 1 0 0 0 1 0 1 0 1 1 0 1 1 0 0 1 1 1 0 0 0 1 1 0 0 0 0 0 1 0 1 1 0 0 0 1 0 1 1 1 1 0 1 0 0 1 0 0 1 1 1 1 1 1 1 1 1 1 0 0 1 0 0 1 0 0
1 1 1 0 1 0 0 0 1 1 0 1 0 0 0 0 0 1 1 0 0 0 1 1 1 0 0 1 1 0 1 1 0 1 0 1 0 0 0 1 0 1 0 1 0 0 0 1 0 1 0 1 1 0 1 1 0 0 1 1 1 0 0 0 1 1 0 0 0 0 0 1 0 1 1 0 0 0 1 0 1 1 1 1 0 1 0 0 1 0 0 1 1 1 1 1 1 1 1 1 1 0 0 1 0 0 1 0 1 0
1 1 0 1 0 0 0 1 1 0 1 0 0 0 0 0 1 1 0 0 0 1 1 1 0 0 1 1 0 1 1 0 1 0 1 0 0 0 1 0 1 0 1 0 0 0 1 0 1 0 1 1 0 1 1 0 0 1 1 1 0 0 0 1 1 0 0 0 0 0 1 0 1 1 0 0 0 1 0 1 1 1 1 0 1 0 0 1 0 0 1 1 1 1 1 1 1 1 1 1 0 0 1 0 0 1 0 1 1 0
1 0 1 0 0 0 1 1 0 1 0 0 0 0 0 1 1 0 0 0 1 1 1 0 0 1 1 0 1 1 0 1 0 1 0 0 0 1 0 1 0 1 0 0 0 1 0 1 0 1 1 0 1 1 0 0 1 1 1 0 0 0 1 1 0 0 0 0 0 1 0 1 1 0 0 0 1 0 1 1 1 1 0 1 0 0 1 0 0 1 1 1 1 1 1 1 1 1 1 0 0 1 0 0 1 0 1 1 1 0
0 1 0 0 0 1 1 0 1 0 0 0 0 0 1 1 0 0 0 1 1 1 0 0 1 1 0 1 1 0 1 0 1 0 0 0 1 0 1 0 1 0 0 0 1 0 1 0 1 1 0 1 1 0 0 1 1 1 0 0 0 1 1 0 0 0 0 0 1 0 1 1 0 0 0 1 0 1 1 1 1 0 1 0 0 1 0 0 1 1 1 1 1 1 1 1 1 1 0 0 1 0 0 1 0 1 1 1 1 0
1 0 0 0 1 1 0 1 0 0 0 0 0 1 1 0 0 0 1 1 1 0 0 1 1 0 1 1 0 1 0 1 0 0 0 1 0 1 0 1 0 0 0 1 0 1 0 1 1 0 1 1 0 0 1 1 1 0 0 0 1 1 0 0 0 0 0 1 0 1 1 0 0 0 1 0 1 1 1 1 0 1 0 0 1 0 0 1 1 1 1 1 1 1 1 1 1 0 0 1 0 0 1 0 1 1 1 1 0 0
0 0 0 1 1 0 1 0 0 0 0 0 1 1 0 0 0 1 1 1 0 0 1 1 0 1 1 0 1 0 1 0 0 0 1 0 1 0 1 0 0 0 1 0 1 0 1 1 0 1 1 0 0 1 1 1 0 0 0 1 1 0 0 0 0 0 1 0 1 1 0 0 0 1 0 1 1 1 1 0 1 0 0 1 0 0 1 1 1 1 1 1 1 1 1 1 0 0 1 0 0 1 0 1 1 1 1 0 1 0
0 0 1 1 0 1 0 0 0 0 0 1 1 0 0 0 1 1 1 0 0 1 1 0 1 1 0 1 0 1 0 0 0 1 0 1 0 1 0 0 0 1 0 1 0 1 1 0 1 1 0 0 1 1 1 0 0 0 1 1 0 0 0 0 0 1 0 1 1 0 0 0 1 0 1 1 1 1 0 1 0 0 1 0 0 1 1 1 1 1 1 1 1 1 1 0 0 1 0 0 1 0 1 1 1 1 0 1 0 0
0 1 1 0 1 0 0 0 0 0 1 1 0 0 0 1 1 1 0 0 1 1 0 1 1 0 1 0 1 0 0 0 1 0 1 0 1 0 0 0 1 0 1 0 1 1 0 1 1 0 0 1 1 1 0 0 0 1 1 0 0 0 0 0 1 0 1 1 0 0 0 1 0 1 1 1 1 0 1 0 0 1 0 0 1 1 1 1 1 1 1 1 1 1 0 0 1 0 0 1 0 1 1 1 1 0 1 0 0 0
1 1 0 1 0 0 0 0 0 1 1 0 0 0 1 1 1 0 0 1 1 0 1 1 0 1 0 1 0 0 0 1 0 1 0 1 0 0 0 1 0 1 0 1 1 0 1 1 0 0 1 1 1 0 0 0 1 1 0 0 0 0 0 1 0 1 1 0 0 0 1 0 1 1 1 1 0 1 0 0 1 0 0 1 1 1 1 1 1 1 1 1 1 0 0 1 0 0 1 0 1 1 1 1 0 1 0 0 0 0
1 0 1 0 0 0 0 0 1 1 0 0 0 1 1 1 0 0 1 1 0 1 1 0 1 0 1 0 0 0 1 0 1 0 1 0 0 0 1 0 1 0 1 1 0 1 1 0 0 1 1 1 0 0 0 1 1 0 0 0 0 0 1 0 1 1 0 0 0 1 0 1 1 1 1 0 1 0 0 1 0 0 1 1 1 1 1 1 1 1 1 1 0 0 1 0 0 1 0 1 1 1 1 0 1 0 0 0 1 0
0 1 0 0 0 0 0 1 1 0 0 0 1 1 1 0 0 1 1 0 1 1 0 1 0 1 0 0 0 1 0 1 0 1 0 0 0 1 0 1 0 1 1 0 1 1 0 0 1 1 1 0 0 0 1 1 0 0 0 0 0 1 0 1 1 0 0 0 1 0 1 1 1 1 0 1 0 0 1 0 0 1 1 1 1 1 1 1 1 1 1 0 0 1 0 0 1 0 1 1 1 1 0 1 0 0 0 1 1 0
1 0 0 0 0 0 1 1 0 0 0 1 1 1 0 0 1 1 0 1 1 0 1 0 1 0 0 0 1 0 1 0 1 0 0 0 1 0 1 0 1 1 0 1 1 0 0 1 1 1 0 0 0 1 1 0 0 0 0 0 1 0 1 1 0 0 0 1 0 1 1 1 1 0 1 0 0 1 0 0 1 1 1 1 1 1 1 1 1 1 0 0 1 0 0 1 0 1 1 1 1 0 1 0 0 0 1 1 0 0
0 0 0 0 0 1 1 0 0 0 1 1 1 0 0 1 1 0 1 1 0 1 0 1 0 0 0 1 0 1 0 1 0 0 0 1 0 1 0 1 1 0 1 1 0 0 1 1 1 0 0 0 1 1 0 0 0 0 0 1 0 1 1 0 0 0 1 0 1 1 1 1 0 1 0 0 1 0 0 1 1 1 1 1 1 1 1 1 1 0 0 1 0 0 1 0 1 1 1 1 0 1 0 0 0 1 1 0 1 0
0 0 0 0 1 1 0 0 0 1 1 1 0 0 1 1 0 1 1 0 1 0 1 0 0 0 1 0 1 0 1 0 0 0 1 0 1 0 1 1 0 1 1 0 0 1 1 1 0 0 0 1 1 0 0 0 0 0 1 0 1 1 0 0 0 1 0 1 1 1 1 0 1 0 0 1 0 0 1 1 1 1 1 1 1 1 1 1 0 0 1 0 0 1 0 1 1 1 1 0 1 0 0 0 1 1 0 1 0 0
0 0 0 1 1 0 0 0 1 1 1 0 0 1 1 0 1 1 0 1 0 1 0 0 0 1 0 1 0 1 0 0 0 1 0 1 0 1 1 0 1 1 0 0 1 1 1 0 0 0 1 1 0 0 0 0 0 1 0 1 1 0 0 0 1 0 1 1 1 1 0 1 0 0 1 0 0 1 1 1 1 1 1 1 1 1 1 0 0 1 0 0 1 0 1 1 1 1 0 1 0 0 0 1 1 0 1 0 0 0
0 0 1 1 0 0 0 1 1 1 0 0 1 1 0 1 1 0 1 0 1 0 0 0 1 0 1 0 1 0 0 0 1 0 1 0 1 1 0 1 1 0 0 1 1 1 0 0 0 1 1 0 0 0 0 0 1 0 1 1 0 0 0 1 0 1 1 1 1 0 1 0 0 1 0 0 1 1 1 1 1 1 1 1 1 1 0 0 1 0 0 1 0 1 1 1 1 0 1 0 0 0 1 1 0 1 0 0 0 0
0 1 1 0 0 0 1 1 1 0 0 1 1 0 1 1 0 1 0 1 0 0 0 1 0 1 0 1 0 0 0 1 0 1 0 1 1 0 1 1 0 0 1 1 1 0 0 0 1 1 0 0 0 0 0 1 0 1 1 0 0 0 1 0 1 1 1 1 0 1 0 0 1 0 0 1 1 1 1 1 1 1 1 1 1 0 0 1 0 0 1 0 1 1 1 1 0 1 0 0 0 1 1 0 1 0 0 0 0 0
1 1 0 0 0 1 1 1 0 0 1 1 0 1 1 0 1 0 1 0 0 0 1 0 1 0 1 0 0 0 1 0 1 0 1 1 0 1 1 0 0 1 1 1 0 0 0 1 1 0 0 0 0 0 1 0 1 1 0 0 0 1 0 1 1 1 1 0 1 0 0 1 0 0 1 1 1 1 1 1 1 1 1 1 0 0 1 0 0 1 0 1 1 1 1 0 1 0 0 0 1 1 0 1 0 0 0 0 0 0
1 0 0 0 1 1 1 0 0 1 1 0 1 1 0 1 0 1 0 0 0 1 0 1 0 1 0 0 0 1 0 1 0 1 1 0 1 1 0 0 1 1 1 0 0 0 1 1 0 0 0 0 0 1 0 1 1 0 0 0 1 0 1 1 1 1 0 1 0 0 1 0 0 1 1 1 1 1 1 1 1 1 1 0 0 1 0 0 1 0 1 1 1 1 0 1 0 0 0 1 1 0 1 0 0 0 0 0 1 0
0 0 0 1 1 1 0 0 1 1 0 1 1 0 1 0 1 0 0 0 1 0 1 0 1 0 0 0 1 0 1 0 1 1 0 1 1 0 0 1 1 1 0 0 0 1 1 0 0 0 0 0 1 0 1 1 0 0 0 1 0 1 1 1 1 0 1 0 0 1 0 0 1 1 1 1 1 1 1 1 1 1 0 0 1 0 0 1 0 1 1 1 1 0 1 0 0 0 1 1 0 1 0 0 0 0 0 1 1 0
0 0 1 1 1 0 0 1 1 0 1 1 0 1 0 1 0 0 0 1 0 1 0 1 0 0 0 1 0 1 0 1 1 0 1 1 0 0 1 1 1 0 0 0 1 1 0 0 0 0 0 1 0 1 1 0 0 0 1 0 1 1 1 1 0 1 0 0 1 0 0 1 1 1 1 1 1 1 1 1 1 0 0 1 0 0 1 0 1 1 1 1 0 1 0 0 0 1 1 0 1 0 0 0 0 0 1 1 0 0
0 1 1 1 0 0 1 1 0 1 1 0 1 0 1 0 0 0 1 0 1 0 1 0 0 0 1 0 1 0 1 1 0 1 1 0 0 1 1 1 0 0 0 1 1 0 0 0 0 0 1 0 1 1 0 0 0 1 0 1 1 1 1 0 1 0 0 1 0 0 1 1 1 1 1 1 1 1 1 1 0 0 1 0 0 1 0 1 1 1 1 0 1 0 0 0 1 1 0 1 0 0 0 0 0 1 1 0 0 0
1 1 1 0 0 1 1 0 1 1 0 1 0 1 0 0 0 1 0 1 0 1 0 0 0 1 0 1 0 1 1 0 1 1 0 0 1 1 1 0 0 0 1 1 0 0 0 0 0 1 0 1 1 0 0 0 1 0 1 1 1 1 0 1 0 0 1 0 0 1 1 1 1 1 1 1 1 1 1 0 0 1 0 0 1 0 1 1 1 1 0 1 0 0 0 1 1 0 1 0 0 0 0 0 1 1 0 0 0 0
1 1 0 0 1 1 0 1 1 0 1 0 1 0 0 0 1 0 1 0 1 0 0 0 1 0 1 0 1 1 0 1 1 0 0 1 1 1 0 0 0 1 1 0 0 0 0 0 1 0 1 1 0 0 0 1 0 1 1 1 1 0 1 0 0 1 0 0 1 1 1 1 1 1 1 1 1 1 0 0 1 0 0 1 0 1 1 1 1 0 1 0 0 0 1 1 0 1 0 0 0 0 0 1 1 0 0 0 1 0
1 0 0 1 1 0 1 1 0 1 0 1 0 0 0 1 0 1 0 1 0 0 0 1 0 1 0 1 1 0 1 1 0 0 1 1 1 0 0 0 1 1 0 0 0 0 0 1 0 1 1 0 0 0 1 0 1 1 1 1 0 1 0 0 1 0 0 1 1 1 1 1 1 1 1 1 1 0 0 1 0 0 1 0 1 1 1 1 0 1 0 0 0 1 1 0 1 0 0 0 0 0 1 1 0 0 0 1 1 0
0 0 1 1 0 1 1 0 1 0 1 0 0 0 1 0 1 0 1 0 0 0 1 0 1 0 1 1 0 1 1 0 0 1 1 1 0 0 0 1 1 0 0 0 0 0 1 0 1 1 0 0 0 1 0 1 1 1 1 0 1 0 0 1 0 0 1 1 1 1 1 1 1 1 1 1 0 0 1 0 0 1 0 1 1 1 1 0 1 0 0 0 1 1 0 1 0 0 0 0 0 1 1 0 0 0 1 1 1 0
0 1 1 0 1 1 0 1 0 1 0 0 0 1 0 1 0 1 0 0 0 1 0 1 0 1 1 0 1 1 0 0 1 1 1 0 0 0 1 1 0 0 0 0 0 1 0 1 1 0 0 0 1 0 1 1 1 1 0 1 0 0 1 0 0 1 1 1 1 1 1 1 1 1 1 0 0 1 0 0 1 0 1 1 1 1 0 1 0 0 0 1 1 0 1 0 0 0 0 0 1 1 0 0 0 1 1 1 0 0
1 1 0 1 1 0 1 0 1 0 0 0 1 0 1 0 1 0 0 0 1 0 1 0 1 1 0 1 1 0 0 1 1 1 0 0 0 1 1 0 0 0 0 0 1 0 1 1 0 0 0 1 0 1 1 1 1 0 1 0 0 1 0 0 1 1 1 1 1 1 1 1 1 1 0 0 1 0 0 1 0 1 1 1 1 0 1 0 0 0 1 1 0 1 0 0 0 0 0 1 1 0 0 0 1 1 1 0 0 0
1 0 1 1 0 1 0 1 0 0 0 1 0 1 0 1 0 0 0 1 0 1 0 1 1 0 1 1 0 0 1 1 1 0 0 0 1 1 0 0 0 0 0 1 0 1 1 0 0 0 1 0 1 1 1 1 0 1 0 0 1 0 0 1 1 1 1 1 1 1 1 1 1 0 0 1 0 0 1 0 1 1 1 1 0 1 0 0 0 1 1 0 1 0 0 0 0 0 1 1 0 0 0 1 1 1 0 0 1 0
0 1 1 0 1 0 1 0 0 0 1 0 1 0 1 0 0 0 1 0 1 0 1 1 0 1 1 0 0 1 1 1 0 0 0 1 1 0 0 0 0 0 1 0 1 1 0 0 0 1 0 1 1 1 1 0 1 0 0 1 0 0 1 1 1 1 1 1 1 1 1 1 0 0 1 0 0 1 0 1 1 1 1 0 1 0 0 0 1 1 0 1 0 0 0 0 0 1 1 0 0 0 1 1 1 0 0 1 1 0
1 1 0 1 0 1 0 0 0 1 0 1 0 1 0 0 0 1 0 1 0 1 1 0 1 1 0 0 1 1 1 0 0 0 1 1 0 0 0 0 0 1 0 1 1 0 0 0 1 0 1 1 1 1 0 1 0 0 1 0 0 1 1 1 1 1 1 1 1 1 1 0 0 1 0 0 1 0 1 1 1 1 0 1 0 0 0 1 1 0 1 0 0 0 0 0 1 1 0 0 0 1 1 1 0 0 1 1 0 0
1 0 1 0 1 0 0 0 1 0 1 0 1 0 0 0 1 0 1 0 1 1 0 1 1 0 0 1 1 1 0 0 0 1 1 0 0 0 0 0 1 0 1 1 0 0 0 1 0 1 1 1 1 0 1 0 0 1 0 0 1 1 1 1 1 1 1 1 1 1 0 0 1 0 0 1 0 1 1 1 1 0 1 0 0 0 1 1 0 1 0 0 0 0 0 1 1 0 0 0 1 1 1 0 0 1 1 0 1 0
0 1 0 1 0 0 0 1 0 1 0 1 0 0 0 1 0 1 0 1 1 0 1 1 0 0 1 1 1 0 0 0 1 1 0 0 0 0 0 1 0 1 1 0 0 0 1 0 1 1 1 1 0 1 0 0 1 0 0 1 1 1 1 1 1 1 1 1 1 0 0 1 0 0 1 0 1 1 1 1 0 1 0 0 0 1 1 0 1 0 0 0 0 0 1 1 0 0 0 1 1 1 0 0 1 1 0 1 1 0
1 0 1 0 0 0 1 0 1 0 1 0 0 0 1 0 1 0 1 1 0 1 1 0 0 1 1 1 0 0 0 1 1 0 0 0 0 0 1 0 1 1 0 0 0 1 0 1 1 1 1 0 1 0 0 1 0 0 1 1 1 1 1 1 1 1 1 1 0 0 1 0 0 1 0 1 1 1 1 0 1 0 0 0 1 1 0 1 0 0 0 0 0 1 1 0 0 0 1 1 1 0 0 1 1 0 1 1 0 0
0 1 0 0 0 1 0 1 0 1 0 0 0 1 0 1 0 1 1 0 1 1 0 0 1 1 1 0 0 0 1 1 0 0 0 0 0 1 0 1 1 0 0 0 1 0 1 1 1 1 0 1 0 0 1 0 0 1 1 1 1 1 1 1 1 1 1 0 0 1 0 0 1 0 1 1 1 1 0 1 0 0 0 1 1 0 1 0 0 0 0 0 1 1 0 0 0 1 1 1 0 0 1 1 0 1 1 0 1 0
1 0 0 0 1 0 1 0 1 0 0 0 1 0 1 0 1 1 0 1 1 0 0 1 1 1 0 0 0 1 1 0 0 0 0 0 1 0 1 1 0 0 0 1 0 1 1 1 1 0 1 0 0 1 0 0 1 1 1 1 1 1 1 1 1 1 0 0 1 0 0 1 0 1 1 1 1 0 1 0 0 0 1 1 0 1 0 0 0 0 0 1 1 0 0 0 1 1 1 0 0 1 1 0 1 1 0 1 0 0
0 0 0 1 0 1 0 1 0 0 0 1 0 1 0 1 1 0 1 1 0 0 1 1 1 0 0 0 1 1 0 0 0 0 0 1 0 1 1 0 0 0 1 0 1 1 1 1 0 1 0 0 1 0 0 1 1 1 1 1 1 1 1 1 1 0 0 1 0 0 1 0 1 1 1 1 0 1 0 0 0 1 1 0 1 0 0 0 0 0 1 1 0 0 0 1 1 1 0 0 1 1 0 1 1 0 1 0 1 0
0 0 1 0 1 0 1 0 0 0 1 0 1 0 1 1 0 1 1 0 0 1 1 1 0 0 0 1 1 0 0 0 0 0 1 0 1 1 0 0 0 1 0 1 1 1 1 0 1 0 0 1 0 0 1 1 1 1 1 1 1 1 1 1 0 0 1 0 0 1 0 1 1 1 1 0 1 0 0 0 1 1 0 1 0 0 0 0 0 1 1 0 0 0 1 1 1 0 0 1 1 0 1 1 0 1 0 1 0 0
0 1 0 1 0 1 0 0 0 1 0 1 0 1 1 0 1 1 0 0 1 1 1 0 0 0 1 1 0 0 0 0 0 1 0 1 1 0 0 0 1 0 1 1 1 1 0 1 0 0 1 0 0 1 1 1 1 1 1 1 1 1 1 0 0 1 0 0 1 0 1 1 1 1 0 1 0 0 0 1 1 0 1 0 0 0 0 0 1 1 0 0 0 1 1 1 0 0 1 1 0 1 1 0 1 0 1 0 0 0
1 0 1 0 1 0 0 0 1 0 1 0 1 1 0 1 1 0 0 1 1 1 0 0 0 1 1 0 0 0 0 0 1 0 1 1 0 0 0 1 0 1 1 1 1 0 1 0 0 1 0 0 1 1 1 1 1 1 1 1 1 1 0 0 1 0 0 1 0 1 1 1 1 0 1 0 0 0 1 1 0 1 0 0 0 0 0 1 1 0 0 0 1 1 1 0 0 1 1 0 1 1 0 1 0 1 0 0 0 0
0 1 0 1 0 0 0 1 0 1 0 1 1 0 1 1 0 0 1 1 1 0 0 0 1 1 0 0 0 0 0 1 0 1 1 0 0 0 1 0 1 1 1 1 0 1 0 0 1 0 0 1 1 1 1 1 1 1 1 1 1 0 0 1 0 0 1 0 1 1 1 1 0 1 0 0 0 1 1 0 1 0 0 0 0 0 1 1 0 0 0 1 1 1 0 0 1 1 0 1 1 0 1 0 1 0 0 0 1 0
1 1 0 1 1 1 0 1 0 1 0 0 1 0 0 1 1 0 0 0 1 1 1 0 0 1 1 1 1 1 0 1 0 0 1 1 1 0 1 0 0 0 0 1 0 1 1 0 1 1 0 0 0 0 0 0 0 0 0 0 1 1 0 1 1 0 1 0 0 0 0 1 0 1 1 1 0 0 1 0 1 1 1 1 1 0 0 1 1 1 0 0 0 1 1 0 0 1 0 0 1 0 1 0 1 1 1 0 1 1
0 0 0 0 0 1 1 0 1 1 0 1 0 0 0 0 1 0 1 1 1 0 0 1 0 1 1 1 1 1 0 0 1 1 1 0 0 0 1 1 0 0 1 0 0 1 0 1 0 1 1 1 0 1 1 1 0 1 1 1 0 1 0 1 0 0 1 0 0 1 1 0 0 0 1 1 1 0 0 1 1 1 1 1 0 1 0 0 1 1 1 0 1 0 0 0 0 1 0 1 1 0 1 1 0 0 0 0 0 1
1 0 1 1 1 0 1 0 1 0 0 1 0 0 1 1 0 0 0 1 1 1 0 0 1 1 1 1 1 0 1 0 0 1 1 1 0 1 0 0 0 0 1 0 1 1 0 1 1 0 0 0 0 0 0 0 0 0 0 1 1 0 1 1 0 1 0 0 0 0 1 0 1 1 1 0 0 1 0 1 1 1 1 1 0 0 1 1 1 0 0 0 1 1 0 0 1 0 0 1 0 1 0 1 1 1 0 1 1 1
0 0 0 0 1 1 0 1 1 0 1 0 0 0 0 1 0 1 1 1 0 0 1 0 1 1 1 1 1 0 0 1 1 1 0 0 0 1 1 0 0 1 0 0 1 0 1 0 1 1 1 0 1 1 1 0 1 1 1 0 1 0 1 0 0 1 0 0 1 1 0 0 0 1 1 1 0 0 1 1 1 1 1 0 1 0 0 1 1 1 0 1 0 0 0 0 1 0 1 1 0 1 1 0 0 0 0 0 0 1
0 1 1 1 0 1 0 1 0 0 1 0 0 1 1 0 0 0 1 1 1 0 0 1 1 1 1 1 0 1 0 0 1 1 1 0 1 0 0 0 0 1 0 1 1 0 1 1 0 0 0 0 0 0 0 0 0 0 1 1 0 1 1 0 1 0 0 0 0 1 0 1 1 1 0 0 1 0 1 1 1 1 1 0 0 1 1 1 0 0 0 1 1 0 0 1 0 0 1 0 1 0 1 1 1 0 1 1 1 1
0 0 0 1 1 0 1 1 0 1 0 0 0 0 1 0 1 1 1 0 0 1 0 1 1 1 1 1 0 0 1 1 1 0 0 0 1 1 0 0 1 0 0 1 0 1 0 1 1 1 0 1 1 1 0 1 1 1 0 1 0 1 0 0 1 0 0 1 1 0 0 0 1 1 1 0 0 1 1 1 1 1 0 1 0 0 1 1 1 0 1 0 0 0 0 1 0 1 1 0 1 1 0 0 0 0 0 0 0 1
1 1 1 0 1 0 1 0 0 1 0 0 1 1 0 0 0 1 1 1 0 0 1 1 1 1 1 0 1 0 0 1 1 1 0 1 0 0 0 0 1 0 1 1 0 1 1 0 0 0 0 0 0 0 0 0 0 1 1 0 1 1 0 1 0 0 0 0 1 0 1 1 1 0 0 1 0 1 1 1 1 1 0 0 1 1 1 0 0 0 1 1 0 0 1 0 0 1 0 1 0 1 1 1 0 1 1 1 0 1
0 0 1 1 0 1 1 0 1 0 0 0 0 1 0 1 1 1 0 0 1 0 1 1 1 1 1 0 0 1 1 1 0 0 0 1 1 0 0 1 0 0 1 0 1 0 1 1 1 0 1 1 1 0 1 1 1 0 1 0 1 0 0 1 0 0 1 1 0 0 0 1 1 1 0 0 1 1 1 1 1 0 1 0 0 1 1 1 0 1 0 0 0 0 1 0 1 1 0 1 1 0 0 0 0 0 0 0 0 1
1 1 0 1 0 1 0 0 1 0 0 1 1 0 0 0 1 1 1 0 0 1 1 1 1 1 0 1 0 0 1 1 1 0 1 0 0 0 0 1 0 1 1 0 1 1 0 0 0 0 0 0 0 0 0 0 1 1 0 1 1 0 1 0 0 0 0 1 0 1 1 1 0 0 1 0 1 1 1 1 1 0 0 1 1 1 0 0 0 1 1 0 0 1 0 0 1 0 1 0 1 1 1 0 1 1 1 0 1 1
0 1 1 0 1 1 0 1 0 0 0 0 1 0 1 1 1 0 0 1 0 1 1 1 1 1 0 0 1 1 1 0 0 0 1 1 0 0 1 0 0 1 0 1 0 1 1 1 0 1 1 1 0 1 1 1 0 1 0 1 0 0 1 0 0 1 1 0 0 0 1 1 1 0 0 1 1 1 1 1 0 1 0 0 1 1 1 0 1 0 0 0 0 1 0 1 1 0 1 1 0 0 0 0 0 0 0 0 0 1
1 0 1 0 1 0 0 1 0 0 1 1 0 0 0 1 1 1 0 0 1 1 1 1 1 0 1 0 0 1 1 1 0 1 0 0 0 0 1 0 1 1 0 1 1 0 0 0 0 0 0 0 0 0 0 1 1 0 1 1 0 1 0 0 0 0 1 0 1 1 1 0 0 1 0 1 1 1 1 1 0 0 1 1 1 0 0 0 1 1 0 0 1 0 0 1 0 1 0 1 1 1 0 1 1 1 0 1 1 1
1 1 0 1 1 0 1 0 0 0 0 1 0 1 1 1 0 0 1 0 1 1 1 1 1 0 0 1 1 1 0 0 0 1 1 0 0 1 0 0 1 0 1 0 1 1 1 0 1 1 1 0 1 1 1 0 1 0 1 0 0 1 0 0 1 1 0 0 0 1 1 1 0 0 1 1 1 1 1 0 1 0 0 1 1 1 0 1 0 0 0 0 1 0 1 1 0 1 1 0 0 0 0 0 0 0 0 0 0 1
0 1 0 1 0 0 1 0 0 1 1 0 0 0 1 1 1 0 0 1 1 1 1 1 0 1 0 0 1 1 1 0 1 0 0 0 0 1 0 1 1 0 1 1 0 0 0 0 0 0 0 0 0 0 1 1 0 1 1 0 1 0 0 0 0 1 0 1 1 1 0 0 1 0 1 1 1 1 1 0 0 1 1 1 0 0 0 1 1 0 0 1 0 0 1 0 1 0 1 1 1 0 1 1 1 0 1 1 1 1
1 0 1 1 0 1 0 0 0 0 1 0 1 1 1 0 0 1 0 1 1 1 1 1 0 0 1 1 1 0 0 0 1 1 0 0 1 0 0 1 0 1 0 1 1 1 0 1 1 1 0 1 1 1 0 1 0 1 0 0 1 0 0 1 1 0 0 0 1 1 1 0 0 1 1 1 1 1 0 1 0 0 1 1 1 0 1 0 0 0 0 1 0 1 1 0 1 1 0 0 0 0 0 0 0 0 0 0 1 1
1 0 1 0 0 1 0 0 1 1 0 0 0 1 1 1 0 0 1 1 1 1 1 0 1 0 0 1 1 1 0 1 0 0 0 0 1 0 1 1 0 1 1 0 0 0 0 0 0 0 0 0 0 1 1 0 1 1 0 1 0 0 0 0 1 0 1 1 1 0 0 1 0 1 1 1 1 1 0 0 1 1 1 0 0 0 1 1 0 0 1 0 0 1 0 1 0 1 1 1 0 1 1 1 0 1 1 1 0 1
0 1 1 0 1 0 0 0 0 1 0 1 1 1 0 0 1 0 1 1 1 1 1 0 0 1 1 1 0 0 0 1 1 0 0 1 0 0 1 0 1 0 1 1 1 0 1 1 1 0 1 1 1 0 1 0 1 0 0 1 0 0 1 1 0 0 0 1 1 1 0 0 1 1 1 1 1 0 1 0 0 1 1 1 0 1 0 0 0 0 1 0 1 1 0 1 1 0 0 0 0 0 0 0 0 0 0 1 1 1
0 1 0 0 1 0 0 1 1 0 0 0 1 1 1 0 0 1 1 1 1 1 0 1 0 0 1 1 1 0 1 0 0 0 0 1 0 1 1 0 1 1 0 0 0 0 0 0 0 0 0 0 1 1 0 1 1 0 1 0 0 0 0 1 0 1 1 1 0 0 1 0 1 1 1 1 1 0 0 1 1 1 0 0 0 1 1 0 0 1 0 0 1 0 1 0 1 1 1 0 1 1 1 0 1 1 1 0 1 1
1 1 0 1 0 0 0 0 1 0 1 1 1 0 0 1 0 1 1 1 1 1 0 0 1 1 1 0 0 0 1 1 0 0 1 0 0 1 0 1 0 1 1 1 0 1 1 1 0 1 1 1 0 1 0 1 0 0 1 0 0 1 1 0 0 0 1 1 1 0 0 1 1 1 1 1 0 1 0 0 1 1 1 0 1 0 0 0 0 1 0 1 1 0 1 1 0 0 0 0 0 0 0 0 0 0 1 1 0 1
1 0 0 1 0 0 1 1 0 0 0 1 1 1 0 0 1 1 1 1 1 0 1 0 0 1 1 1 0 1 0 0 0 0 1 0 1 1 0 1 1 0 0 0 0 0 0 0 0 0 0 1 1 0 1 1 0 1 0 0 0 0 1 0 1 1 1 0 0 1 0 1 1 1 1 1 0 0 1 1 1 0 0 0 1 1 0 0 1 0 0 1 0 1 0 1 1 1 0 1 1 1 0 1 1 1 0 1 0 1
1 0 1 0 0 0 0 1 0 1 1 1 0 0 1 0 1 1 1 1 1 0 0 1 1 1 0 0 0 1 1 0 0 1 0 0 1 0 1 0 1 1 1 0 1 1 1 0 1 1 1 0 1 0 1 0 0 1 0 0 1 1 0 0 0 1 1 1 0 0 1 1 1 1 1 0 1 0 0 1 1 1 0 1 0 0 0 0 1 0 1 1 0 1 1 0 0 0 0 0 0 0 0 0 0 1 1 0 1 1
0 0 1 0 0 1 1 0 0 0 1 1 1 0 0 1 1 1 1 1 0 1 0 0 1 1 1 0 1 0 0 0 0 1 0 1 1 0 1 1 0 0 0 0 0 0 0 0 0 0 1 1 0 1 1 0 1 0 0 0 0 1 0 1 1 1 0 0 1 0 1 1 1 1 1 0 0 1 1 1 0 0 0 1 1 0 0 1 0 0 1 0 1 0 1 1 1 0 1 1 1 0 1 1 1 0 1 0 1 1
0 1 0 0 0 0 1 0 1 1 1 0 0 1 0 1 1 1 1 1 0 0 1 1 1 0 0 0 1 1 0 0 1 0 0 1 0 1 0 1 1 1 0 1 1 1 0 1 1 1 0 1 0 1 0 0 1 0 0 1 1 0 0 0 1 1 1 0 0 1 1 1 1 1 0 1 0 0 1 1 1 0 1 0 0 0 0 1 0 1 1 0 1 1 0 0 0 0 0 0 0 0 0 0 1 1 0 1 1 1
0 1 0 0 1 1 0 0 0 1 1 1 0 0 1 1 1 1 1 0 1 0 0 1 1 1 0 1 0 0 0 0 1 0 1 1 0 1 1 0 0 0 0 0 0 0 0 0 0 1 1 0 1 1 0 1 0 0 0 0 1 0 1 1 1 0 0 1 0 1 1 1 1 1 0 0 1 1 1 0 0 0 1 1 0 0 1 0 0 1 0 1 0 1 1 1 0 1 1 1 0 1 1 1 0 1 0 1 0 1
1 0 0 0 0 1 0 1 1 1 0 0 1 0 1 1 1 1 1 0 0 1 1 1 0 0 0 1 1 0 0 1 0 0 1 0 1 0 1 1 1 0 1 1 1 0 1 1 1 0 1 0 1 0 0 1 0 0 1 1 0 0 0 1 1 1 0 0 1 1 1 1 1 0 1 0 0 1 1 1 0 1 0 0 0 0 1 0 1 1 0 1 1 0 0 0 0 0 0 0 0 0 0 1 1 0 1 1 0 1
1 0 0 1 1 0 0 0 1 1 1 0 0 1 1 1 1 1 0 1 0 0 1 1 1 0 1 0 0 0 0 1 0 1 1 0 1 1 0 0 0 0 0 0 0 0 0 0 1 1 0 1 1 0 1 0 0 0 0 1 0 1 1 1 0 0 1 0 1 1 1 1 1 0 0 1 1 1 0 0 0 1 1 0 0 1 0 0 1 0 1 0 1 1 1 0 1 1 1 0 1 1 1 0 1 0 1 0 0 1
0 0 0 0 1 0 1 1 1 0 0 1 0 1 1 1 1 1 0 0 1 1 1 0 0 0 1 1 0 0 1 0 0 1 0 1 0 1 1 1 0 1 1 1 0 1 1 1 0 1 0 1 0 0 1 0 0 1 1 0 0 0 1 1 1 0 0 1 1 1 1 1 0 1 0 0 1 1 1 0 1 0 0 0 0 1 0 1 1 0 1 1 0 0 0 0 0 0 0 0 0 0 1 1 0 1 1 0 1 1
0 0 1 1 0 0 0 1 1 1 0 0 1 1 1 1 1 0 1 0 0 1 1 1 0 1 0 0 0 0 1 0 1 1 0 1 1 0 0 0 0 0 0 0 0 0 0 1 1 0 1 1 0 1 0 0 0 0 1 0 1 1 1 0 0 1 0 1 1 1 1 1 0 0 1 1 1 0 0 0 1 1 0 0 1 0 0 1 0 1 0 1 1 1 0 1 1 1 0 1 1 1 0 1 0 1 0 0 1 1
0 0 0 1 0 1 1 1 0 0 1 0 1 1 1 1 1 0 0 1 1 1 0 0 0 1 1 0 0 1 0 0 1 0 1 0 1 1 1 0 1 1 1 0 1 1 1 0 1 0 1 0 0 1 0 0 1 1 0 0 0 1 1 1 0 0 1 1 1 1 1 0 1 0 0 1 1 1 0 1 0 0 0 0 1 0 1 1 0 1 1 0 0 0 0 0 0 0 0 0 0 1 1 0 1 1 0 1 0 1
0 1 1 0 0 0 1 1 1 0 0 1 1 1 1 1 0 1 0 0 1 1 1 0 1 0 0 0 0 1 0 1 1 0 1 1 0 0 0 0 0 0 0 0 0 0 1 1 0 1 1 0 1 0 0 0 0 1 0 1 1 1 0 0 1 0 1 1 1 1 1 0 0 1 1 1 0 0 0 1 1 0 0 1 0 0 1 0 1 0 1 1 1 0 1 1 1 0 1 1 1 0 1 0 1 0 0 1 0 1
0 0 1 0 1 1 1 0 0 1 0 1 1 1 1 1 0 0 1 1 1 0 0 0 1 1 0 0 1 0 0 1 0 1 0 1 1 1 0 1 1 1 0 1 1 1 0 1 0 1 0 0 1 0 0 1 1 0 0 0 1 1 1 0 0 1 1 1 1 1 0 1 0 0 1 1 1 0 1 0 0 0 0 1 0 1 1 0 1 1 0 0 0 0 0 0 0 0 0 0 1 1 0 1 1 0 1 0 0 1
1 1 0 0 0 1 1 1 0 0 1 1 1 1 1 0 1 0 0 1 1 1 0 1 0 0 0 0 1 0 1 1 0 1 1 0 0 0 0 0 0 0 0 0 0 1 1 0 1 1 0 1 0 0 0 0 1 0 1 1 1 0 0 1 0 1 1 1 1 1 0 0 1 1 1 0 0 0 1 1 0 0 1 0 0 1 0 1 0 1 1 1 0 1 1 1 0 1 1 1 0 1 0 1 0 0 1 0 0 1
0 1 0 1 1 1 0 0 1 0 1 1 1 1 1 0 0 1 1 1 0 0 0 1 1 0 0 1 0 0 1 0 1 0 1 1 1 0 1 1 1 0 1 1 1 0 1 0 1 0 0 1 0 0 1 1 0 0 0 1 1 1 0 0 1 1 1 1 1 0 1 0 0 1 1 1 0 1 0 0 0 0 1 0 1 1 0 1 1 0 0 0 0 0 0 0 0 0 0 1 1 0 1 1 0 1 0 0 0 1
1 0 0 0 1 1 1 0 0 1 1 1 1 1 0 1 0 0 1 1 1 0 1 0 0 0 0 1 0 1 1 0 1 1 0 0 0 0 0 0 0 0 0 0 1 1 0 1 1 0 1 0 0 0 0 1 0 1 1 1 0 0 1 0 1 1 1 1 1 0 0 1 1 1 0 0 0 1 1 0 0 1 0 0 1 0 1 0 1 1 1 0 1 1 1 0 1 1 1 0 1 0 1 0 0 1 0 0 1 1
1 0 1 1 1 0 0 1 0 1 1 1 1 1 0 0 1 1 1 0 0 0 1 1 0 0 1 0 0 1 0 1 0 1 1 1 0 1 1 1 0 1 1 1 0 1 0 1 0 0 1 0 0 1 1 0 0 0 1 1 1 0 0 1 1 1 1 1 0 1 0 0 1 1 1 0 1 0 0 0 0 1 0 1 1 0 1 1 0 0 0 0 0 0 0 0 0 0 1 1 0 1 1 0 1 0 0 0 0 1
0 0 0 1 1 1 0 0 1 1 1 1 1 0 1 0 0 1 1 1 0 1 0 0 0 0 1 0 1 1 0 1 1 0 0 0 0 0 0 0 0 0 0 1 1 0 1 1 0 1 0 0 0 0 1 0 1 1 1 0 0 1 0 1 1 1 1 1 0 0 1 1 1 0 0 0 1 1 0 0 1 0 0 1 0 1 0 1 1 1 0 1 1 1 0 1 1 1 0 1 0 1 0 0 1 0 0 1 1 1
0 1 1 1 0 0 1 0 1 1 1 1 1 0 0 1 1 1 0 0 0 1 1 0 0 1 0 0 1 0 1 0 1 1 1 0 1 1 1 0 1 1 1 0 1 0 1 0 0 1 0 0 1 1 0 0 0 1 1 1 0 0 1 1 1 1 1 0 1 0 0 1 1 1 0 1 0 0 0 0 1 0 1 1 0 1 1 0 0 0 0 0 0 0 0 0 0 1 1 0 1 1 0 1 0 0 0 0 1 1
0 0 1 1 1 0 0 1 1 1 1 1 0 1 0 0 1 1 1 0 1 0 0 0 0 1 0 1 1 0 1 1 0 0 0 0 0 0 0 0 0 0 1 1 0 1 1 0 1 0 0 0 0 1 0 1 1 1 0 0 1 0 1 1 1 1 1 0 0 1 1 1 0 0 0 1 1 0 0 1 0 0 1 0 1 0 1 1 1 0 1 1 1 0 1 1 1 0 1 0 1 0 0 1 0 0 1 1 0 1
1 1 1 0 0 1 0 1 1 1 1 1 0 0 1 1 1 0 0 0 1 1 0 0 1 0 0 1 0 1 0 1 1 1 0 1 1 1 0 1 1 1 0 1 0 1 0 0 1 0 0 1 1 0 0 0 1 1 1 0 0 1 1 1 1 1 0 1 0 0 1 1 1 0 1 0 0 0 0 1 0 1 1 0 1 1 0 0 0 0 0 0 0 0 0 0 1 1 0 1 1 0 1 0 0 0 0 1 0 1
0 1 1 1 0 0 1 1 1 1 1 0 1 0 0 1 1 1 0 1 0 0 0 0 1 0 1 1 0 1 1 0 0 0 0 0 0 0 0 0 0 1 1 0 1 1 0 1 0 0 0 0 1 0 1 1 1 0 0 1 0 1 1 1 1 1 0 0 1 1 1 0 0 0 1 1 0 0 1 0 0 1 0 1 0 1 1 1 0 1 1 1 0 1 1 1 0 1 0 1 0 0 1 0 0 1 1 0 0 1
1 1 0 0 1 0 1 1 1 1 1 0 0 1 1 1 0 0 0 1 1 0 0 1 0 0 1 0 1 0 1 1 1 0 1 1 1 0 1 1 1 0 1 0 1 0 0 1 0 0 1 1 0 0 0 1 1 1 0 0 1 1 1 1 1 0 1 0 0 1 1 1 0 1 0 0 0 0 1 0 1 1 0 1 1 0 0 0 0 0 0 0 0 0 0 1 1 0 1 1 0 1 0 0 0 0 1 0 1 1
1 1 1 0 0 1 1 1 1 1 0 1 0 0 1 1 1 0 1 0 0 0 0 1 0 1 1 0 1 1 0 0 0 0 0 0 0 0 0 0 1 1 0 1 1 0 1 0 0 0 0 1 0 1 1 1 0 0 1 0 1 1 1 1 1 0 0 1 1 1 0 0 0 1 1 0 0 1 0 0 1 0 1 0 1 1 1 0 1 1 1 0 1 1 1 0 1 0 1 0 0 1 0 0 1 1 0 0 0 1
1 0 0 1 0 1 1 1 1 1 0 0 1 1 1 0 0 0 1 1 0 0 1 0 0 1 0 1 0 1 1 1 0 1 1 1 0 1 1 1 0 1 0 1 0 0 1 0 0 1 1 0 0 0 1 1 1 0 0 1 1 1 1 1 0 1 0 0 1 1 1 0 1 0 0 0 0 1 0 1 1 0 1 1 0 0 0 0 0 0 0 0 0 0 1 1 0 1 1 0 1 0 0 0 0 1 0 1 1 1
1 1 0 0 1 1 1 1 1 0 1 0 0 1 1 1 0 1 0 0 0 0 1 0 1 1 0 1 1 0 0 0 0 0 0 0 0 0 0 1 1 0 1 1 0 1 0 0 0 0 1 0 1 1 1 0 0 1 0 1 1 1 1 1 0 0 1 1 1 0 0 0 1 1 0 0 1 0 0 1 0 1 0 1 1 1 0 1 1 1 0 1 1 1 0 1 0 1 0 0 1 0 0 1 1 0 0 0 1 1
0 0 1 0 1 1 1 1 1 0 0 1 1 1 0 0 0 1 1 0 0 1 0 0 1 0 1 0 1 1 1 0 1 1 1 0 1 1 1 0 1 0 1 0 0 1 0 0 1 1 0 0 0 1 1 1 0 0 1 1 1 1 1 0 1 0 0 1 1 1 0 1 0 0 0 0 1 0 1 1 0 1 1 0 0 0 0 0 0 0 0 0 0 1 1 0 1 1 0 1 0 0 0 0 1 0 1 1 1 1
1 0 0 1 1 1 1 1 0 1 0 0 1 1 1 0 1 0 0 0 0 1 0 1 1 0 1 1 0 0 0 0 0 0 0 0 0 0 1 1 0 1 1 0 1 0 0 0 0 1 0 1 1 1 0 0 1 0 1 1 1 1 1 0 0 1 1 1 0 0 0 1 1 0 0 1 0 0 1 0 1 0 1 1 1 0 1 1 1 0 1 1 1 0 1 0 1 0 0 1 0 0 1 1 0 0 0 1 1 1
0 1 0 1 1 1 1 1 0 0 1 1 1 0 0 0 1 1 0 0 1 0 0 1 0 1 0 1 1 1 0 1 1 1 0 1 1 1 0 1 0 1 0 0 1 0 0 1 1 0 0 0 1 1 1 0 0 1 1 1 1 1 0 1 0 0 1 1 1 0 1 0 0 0 0 1 0 1 1 0 1 1 0 0 0 0 0 0 0 0 0 0 1 1 0 1 1 0 1 0 0 0 0 1 0 1 1 1 0 1
0 0 1 1 1 1 1 0 1 0 0 1 1 1 0 1 0 0 0 0 1 0 1 1 0 1 1 0 0 0 0 0 0 0 0 0 0 1 1 0 1 1 0 1 0 0 0 0 1 0 1 1 1 0 0 1 0 1 1 1 1 1 0 0 1 1 1 0 0 0 1 1 0 0 1 0 0 1 0 1 0 1 1 1 0 1 1 1 0 1 1 1 0 1 0 1 0 0 1 0 0 1 1 0 0 0 1 1 1 1
1 0 1 1 1 1 1 0 0 1 1 1 0 0 0 1 1 0 0 1 0 0 1 0 1 0 1 1 1 0 1 1 1 0 1 1 1 0 1 0 1 0 0 1 0 0 1 1 0 0 0 1 1 1 0 0 1 1 1 1 1 0 1 0 0 1 1 1 0 1 0 0 0 0 1 0 1 1 0 1 1 0 0 0 0 0 0 0 0 0 0 1 1 0 1 1 0 1 0 0 0 0 1 0 1 1 1 0 0 1
0 1 1 1 1 1 0 1 0 0 1 1 1 0 1 0 0 0 0 1 0 1 1 0 1 1 0 0 0 0 0 0 0 0 0 0 1 1 0 1 1 0 1 0 0 0 0 1 0 1 1 1 0 0 1 0 1 1 1 1 1 0 0 1 1 1 0 0 0 1 1 0 0 1 0 0 1 0 1 0 1 1 1 0 1 1 1 0 1 1 1 0 1 0 1 0 0 1 0 0 1 1 0 0 0 1 1 1 0 1
0 1 1 1 1 1 0 0 1 1 1 0 0 0 1 1 0 0 1 0 0 1 0 1 0 1 1 1 0 1 1 1 0 1 1 1 0 1 0 1 0 0 1 0 0 1 1 0 0 0 1 1 1 0 0 1 1 1 1 1 0 1 0 0 1 1 1 0 1 0 0 0 0 1 0 1 1 0 1 1 0 0 0 0 0 0 0 0 0 0 1 1 0 1 1 0 1 0 0 0 0 1 0 1 1 1 0 0 1 1
1 1 1 1 1 0 1 0 0 1 1 1 0 1 0 0 0 0 1 0 1 1 0 1 1 0 0 0 0 0 0 0 0 0 0 1 1 0 1 1 0 1 0 0 0 0 1 0 1 1 1 0 0 1 0 1 1 1 1 1 0 0 1 1 1 0 0 0 1 1 0 0 1 0 0 1 0 1 0 1 1 1 0 1 1 1 0 1 1 1 0 1 0 1 0 0 1 0 0 1 1 0 0 0 1 1 1 0 0 1
1 1 1 1 1 0 0 1 1 1 0 0 0 1 1 0 0 1 0 0 1 0 1 0 1 1 1 0 1 1 1 0 1 1 1 0 1 0 1 0 0 1 0 0 1 1 0 0 0 1 1 1 0 0 1 1 1 1 1 0 1 0 0 1 1 1 0 1 0 0 0 0 1 0 1 1 0 1 1 0 0 0 0 0 0 0 0 0 0 1 1 0 1 1 0 1 0 0 0 0 1 0 1 1 1 0 0 1 0 1
1 1 1 1 0 1 0 0 1 1 1 0 1 0 0 0 0 1 0 1 1 0 1 1 0 0 0 0 0 0 0 0 0 0 1 1 0 1 1 0 1 0 0 0 0 1 0 1 1 1 0 0 1 0 1 1 1 1 1 0 0 1 1 1 0 0 0 1 1 0 0 1 0 0 1 0 1 0 1 1 1 0 1 1 1 0 1 1 1 0 1 0 1 0 0 1 0 0 1 1 0 0 0 1 1 1 0 0 1 1
1 1 1 1 0 0 1 1 1 0 0 0 1 1 0 0 1 0 0 1 0 1 0 1 1 1 0 1 1 1 0 1 1 1 0 1 0 1 0 0 1 0 0 1 1 0 0 0 1 1 1 0 0 1 1 1 1 1 0 1 0 0 1 1 1 0 1 0 0 0 0 1 0 1 1 0 1 1 0 0 0 0 0 0 0 0 0 0 1 1 0 1 1 0 1 0 0 0 0 1 0 1 1 1 0 0 1 0 1 1
1 1 1 0 1 0 0 1 1 1 0 1 0 0 0 0 1 0 1 1 0 1 1 0 0 0 0 0 0 0 0 0 0 1 1 0 1 1 0 1 0 0 0 0 1 0 1 1 1 0 0 1 0 1 1 1 1 1 0 0 1 1 1 0 0 0 1 1 0 0 1 0 0 1 0 1 0 1 1 1 0 1 1 1 0 1 1 1 0 1 0 1 0 0 1 0 0 1 1 0 0 0 1 1 1 0 0 1 1 1
1 1 1 0 0 1 1 1 0 0 0 1 1 0 0 1 0 0 1 0 1 0 1 1 1 0 1 1 1 0 1 1 1 0 1 0 1 0 0 1 0 0 1 1 0 0 0 1 1 1 0 0 1 1 1 1 1 0 1 0 0 1 1 1 0 1 0 0 0 0 1 0 1 1 0 1 1 0 0 0 0 0 0 0 0 0 0 1 1 0 1 1 0 1 0 0 0 0 1 0 1 1 1 0 0 1 0 1 1 1
1 1 0 1 0 0 1 1 1 0 1 0 0 0 0 1 0 1 1 0 1 1 0 0 0 0 0 0 0 0 0 0 1 1 0 1 1 0 1 0 0 0 0 1 0 1 1 1 0 0 1 0 1 1 1 1 1 0 0 1 1 1 0 0 0 1 1 0 0 1 0 0 1 0 1 0 1 1 1 0 1 1 1 0 1 1 1 0 1 0 1 0 0 1 0 0 1 1 0 0 0 1 1 1 0 0 1 1 1 1
1 1 0 0 1 1 1 0 0 0 1 1 0 0 1 0 0 1 0 1 0 1 1 1 0 1 1 1 0 1 1 1 0 1 0 1 0 0 1 0 0 1 1 0 0 0 1 1 1 0 0 1 1 1 1 1 0 1 0 0 1 1 1 0 1 0 0 0 0 1 0 1 1 0 1 1 0 0 0 0 0 0 0 0 0 0 1 1 0 1 1 0 1 0 0 0 0 1 0 1 1 1 0 0 1 0 1 1 1 1
1 0 1 0 0 1 1 1 0 1 0 0 0 0 1 0 1 1 0 1 1 0 0 0 0 0 0 0 0 0 0 1 1 0 1 1 0 1 0 0 0 0 1 0 1 1 1 0 0 1 0 1 1 1 1 1 0 0 1 1 1 0 0 0 1 1 0 0 1 0 0 1 0 1 0 1 1 1 0 1 1 1 0 1 1 1 0 1 0 1 0 0 1 0 0 1 1 0 0 0 1 1 1 0 0 1 1 1 1 1
1 0 0 1 1 1 0 0 0 1 1 0 0 1 0 0 1 0 1 0 1 1 1 0 1 1 1 0 1 1 1 0 1 0 1 0 0 1 0 0 1 1 0 0 0 1 1 1 0 0 1 1 1 1 1 0 1 0 0 1 1 1 0 1 0 0 0 0 1 0 1 1 0 1 1 0 0 0 0 0 0 0 0 0 0 1 1 0 1 1 0 1 0 0 0 0 1 0 1 1 1 0 0 1 0 1 1 1 1 1
0 1 0 0 1 1 1 0 1 0 0 0 0 1 0 1 1 0 1 1 0 0 0 0 0 0 0 0 0 0 1 1 0 1 1 0 1 0 0 0 0 1 0 1 1 1 0 0 1 0 1 1 1 1 1 0 0 1 1 1 0 0 0 1 1 0 0 1 0 0 1 0 1 0 1 1 1 0 1 1 1 0 1 1 1 0 1 0 1 0 0 1 0 0 1 1 0 0 0 1 1 1 0 0 1 1 1 1 1 1
0 0 1 1 1 0 0 0 1 1 0 0 1 0 0 1 0 1 0 1 1 1 0 1 1 1 0 1 1 1 0 1 0 1 0 0 1 0 0 1 1 0 0 0 1 1 1 0 0 1 1 1 1 1 0 1 0 0 1 1 1 0 1 0 0 0 0 1 0 1 1 0 1 1 0 0 0 0 0 0 0 0 0 0 1 1 0 1 1 0 1 0 0 0 0 1 0 1 1 1 0 0 1 0 1 1 1 1 1 1
1 0 0 1 1 1 0 1 0 0 0 0 1 0 1 1 0 1 1 0 0 0 0 0 0 0 0 0 0 1 1 0 1 1 0 1 0 0 0 0 1 0 1 1 1 0 0 1 0 1 1 1 1 1 0 0 1 1 1 0 0 0 1 1 0 0 1 0 0 1 0 1 0 1 1 1 0 1 1 1 0 1 1 1 0 1 0 1 0 0 1 0 0 1 1 0 0 0 1 1 1 0 0 1 1 1 1 1 0 1
0 1 1 1 0 0 0 1 1 0 0 1 0 0 1 0 1 0 1 1 1 0 1 1 1 0 1 1 1 0 1 0 1 0 0 1 0 0 1 1 0 0 0 1 1 1 0 0 1 1 1 1 1 0 1 0 0 1 1 1 0 1 0 0 0 0 1 0 1 1 0 1 1 0 0 0 0 0 0 0 0 0 0 1 1 0 1 1 0 1 0 0 0 0 1 0 1 1 1 0 0 1 0 1 1 1 1 1 0 1
0 0 1 1 1 0 1 0 0 0 0 1 0 1 1 0 1 1 0 0 0 0 0 0 0 0 0 0 1 1 0 1 1 0 1 0 0 0 0 1 0 1 1 1 0 0 1 0 1 1 1 1 1 0 0 1 1 1 0 0 0 1 1 0 0 1 0 0 1 0 1 0 1 1 1 0 1 1 1 0 1 1 1 0 1 0 1 0 0 1 0 0 1 1 0 0 0 1 1 1 0 0 1 1 1 1 1 0 1 1
1 1 1 0 0 0 1 1 0 0 1 0 0 1 0 1 0 1 1 1 0 1 1 1 0 1 1 1 0 1 0 1 0 0 1 0 0 1 1 0 0 0 1 1 1 0 0 1 1 1 1 1 0 1 0 0 1 1 1 0 1 0 0 0 0 1 0 1 1 0 1 1 0 0 0 0 0 0 0 0 0 0 1 1 0 1 1 0 1 0 0 0 0 1 0 1 1 1 0 0 1 0 1 1 1 1 1 0 0 1
0 1 1 1 0 1 0 0 0 0 1 0 1 1 0 1 1 0 0 0 0 0 0 0 0 0 0 1 1 0 1 1 0 1 0 0 0 0 1 0 1 1 1 0 0 1 0 1 1 1 1 1 0 0 1 1 1 0 0 0 1 1 0 0 1 0 0 1 0 1 0 1 1 1 0 1 1 1 0 1 1 1 0 1 0 1 0 0 1 0 0 1 1 0 0 0 1 1 1 0 0 1 1 1 1 1 0 1 0 1
1 1 0 0 0 1 1 0 0 1 0 0 1 0 1 0 1 1 1 0 1 1 1 0 1 1 1 0 1 0 1 0 0 1 0 0 1 1 0 0 0 1 1 1 0 0 1 1 1 1 1 0 1 0 0 1 1 1 0 1 0 0 0 0 1 0 1 1 0 1 1 0 0 0 0 0 0 0 0 0 0 1 1 0 1 1 0 1 0 0 0 0 1 0 1 1 1 0 0 1 0 1 1 1 1 1 0 0 1 1
1 1 1 0 1 0 0 0 0 1 0 1 1 0 1 1 0 0 0 0 0 0 0 0 0 0 1 1 0 1 1 0 1 0 0 0 0 1 0 1 1 1 0 0 1 0 1 1 1 1 1 0 0 1 1 1 0 0 0 1 1 0 0 1 0 0 1 0 1 0 1 1 1 0 1 1 1 0 1 1 1 0 1 0 1 0 0 1 0 0 1 1 0 0 0 1 1 1 0 0 1 1 1 1 1 0 1 0 0 1
1 0 0 0 1 1 0 0 1 0 0 1 0 1 0 1 1 1 0 1 1 1 0 1 1 1 0 1 0 1 0 0 1 0 0 1 1 0 0 0 1 1 1 0 0 1 1 1 1 1 0 1 0 0 1 1 1 0 1 0 0 0 0 1 0 1 1 0 1 1 0 0 0 0 0 0 0 0 0 0 1 1 0 1 1 0 1 0 0 0 0 1 0 1 1 1 0 0 1 0 1 1 1 1 1 0 0 1 1 1
1 1 0 1 0 0 0 0 1 0 1 1 0 1 1 0 0 0 0 0 0 0 0 0 0 1 1 0 1 1 0 1 0 0 0 0 1 0 1 1 1 0 0 1 0 1 1 1 1 1 0 0 1 1 1 0 0 0 1 1 0 0 1 0 0 1 0 1 0 1 1 1 0 1 1 1 0 1 1 1 0 1 0 1 0 0 1 0 0 1 1 0 0 0 1 1 1 0 0 1 1 1 1 1 0 1 0 0 1 1
0 0 0 1 1 0 0 1 0 0 1 0 1 0 1 1 1 0 1 1 1 0 1 1 1 0 1 0 1 0 0 1 0 0 1 1 0 0 0 1 1 1 0 0 1 1 1 1 1 0 1 0 0 1 1 1 0 1 0 0 0 0 1 0 1 1 0 1 1 0 0 0 0 0 0 0 0 0 0 1 1 0 1 1 0 1 0 0 0 0 1 0 1 1 1 0 0 1 0 1 1 1 1 1 0 0 1 1 1 1
1 0 1 0 0 0 0 1 0 1 1 0 1 1 0 0 0 0 0 0 0 0 0 0 1 1 0 1 1 0 1 0 0 0 0 1 0 1 1 1 0 0 1 0 1 1 1 1 1 0 0 1 1 1 0 0 0 1 1 0 0 1 0 0 1 0 1 0 1 1 1 0 1 1 1 0 1 1 1 0 1 0 1 0 0 1 0 0 1 1 0 0 0 1 1 1 0 0 1 1 1 1 1 0 1 0 0 1 1 1
0 0 1 1 0 0 1 0 0 1 0 1 0 1 1 1 0 1 1 1 0 1 1 1 0 1 0 1 0 0 1 0 0 1 1 0 0 0 1 1 1 0 0 1 1 1 1 1 0 1 0 0 1 1 1 0 1 0 0 0 0 1 0 1 1 0 1 1 0 0 0 0 0 0 0 0 0 0 1 1 0 1 1 0 1 0 0 0 0 1 0 1 1 1 0 0 1 0 1 1 1 1 1 0 0 1 1 1 0 1
0 1 0 0 0 0 1 0 1 1 0 1 1 0 0 0 0 0 0 0 0 0 0 1 1 0 1 1 0 1 0 0 0 0 1 0 1 1 1 0 0 1 0 1 1 1 1 1 0 0 1 1 1 0 0 0 1 1 0 0 1 0 0 1 0 1 0 1 1 1 0 1 1 1 0 1 1 1 0 1 0 1 0 0 1 0 0 1 1 0 0 0 1 1 1 0 0 1 1 1 1 1 0 1 0 0 1 1 1 1
0 1 1 0 0 1 0 0 1 0 1 0 1 1 1 0 1 1 1 0 1 1 1 0 1 0 1 0 0 1 0 0 1 1 0 0 0 1 1 1 0 0 1 1 1 1 1 0 1 0 0 1 1 1 0 1 0 0 0 0 1 0 1 1 0 1 1 0 0 0 0 0 0 0 0 0 0 1 1 0 1 1 0 1 0 0 0 0 1 0 1 1 1 0 0 1 0 1 1 1 1 1 0 0 1 1 1 0 0 1
1 0 0 0 0 1 0 1 1 0 1 1 0 0 0 0 0 0 0 0 0 0 1 1 0 1 1 0 1 0 0 0 0 1 0 1 1 1 0 0 1 0 1 1 1 1 1 0 0 1 1 1 0 0 0 1 1 0 0 1 0 0 1 0 1 0 1 1 1 0 1 1 1 0 1 1 1 0 1 0 1 0 0 1 0 0 1 1 0 0 0 1 1 1 0 0 1 1 1 1 1 0 1 0 0 1 1 1 0 1
1 1 0 0 1 0 0 1 0 1 0 1 1 1 0 1 1 1 0 1 1 1 0 1 0 1 0 0 1 0 0 1 1 0 0 0 1 1 1 0 0 1 1 1 1 1 0 1 0 0 1 1 1 0 1 0 0 0 0 1 0 1 1 0 1 1 0 0 0 0 0 0 0 0 0 0 1 1 0 1 1 0 1 0 0 0 0 1 0 1 1 1 0 0 1 0 1 1 1 1 1 0 0 1 1 1 0 0 0 1
0 0 0 0 1 0 1 1 0 1 1 0 0 0 0 0 0 0 0 0 0 1 1 0 1 1 0 1 0 0 0 0 1 0 1 1 1 0 0 1 0 1 1 1 1 1 0 0 1 1 1 0 0 0 1 1 0 0 1 0 0 1 0 1 0 1 1 1 0 1 1 1 0 1 1 1 0 1 0 1 0 0 1 0 0 1 1 0 0 0 1 1 1 0 0 1 1 1 1 1 0 1 0 0 1 1 1 0 1 1
1 0 0 1 0 0 1 0 1 0 1 1 1 0 1 1 1 0 1 1 1 0 1 0 1 0 0 1 0 0 1 1 0 0 0 1 1 1 0 0 1 1 1 1 1 0 1 0 0 1 1 1 0 1 0 0 0 0 1 0 1 1 0 1 1 0 0 0 0 0 0 0 0 0 0 1 1 0 1 1 0 1 0 0 0 0 1 0 1 1 1 0 0 1 0 1 1 1 1 1 0 0 1 1 1 0 0 0 1 1
0 0 0 1 0 1 1 0 1 1 0 0 0 0 0 0 0 0 0 0 1 1 0 1 1 0 1 0 0 0 0 1 0 1 1 1 0 0 1 0 1 1 1 1 1 0 0 1 1 1 0 0 0 1 1 0 0 1 0 0 1 0 1 0 1 1 1 0 1 1 1 0 1 1 1 0 1 0 1 0 0 1 0 0 1 1 0 0 0 1 1 1 0 0 1 1 1 1 1 0 1 0 0 1 1 1 0 1 0 1
0 0 1 0 0 1 0 1 0 1 1 1 0 1 1 1 0 1 1 1 0 1 0 1 0 0 1 0 0 1 1 0 0 0 1 1 1 0 0 1 1 1 1 1 0 1 0 0 1 1 1 0 1 0 0 0 0 1 0 1 1 0 1 1 0 0 0 0 0 0 0 0 0 0 1 1 0 1 1 0 1 0 0 0 0 1 0 1 1 1 0 0 1 0 1 1 1 1 1 0 0 1 1 1 0 0 0 1 1 1
0 0 1 0 1 1 0 1 1 0 0 0 0 0 0 0 0 0 0 1 1 0 1 1 0 1 0 0 0 0 1 0 1 1 1 0 0 1 0 1 1 1 1 1 0 0 1 1 1 0 0 0 1 1 0 0 1 0 0 1 0 1 0 1 1 1 0 1 1 1 0 1 1 1 0 1 0 1 0 0 1 0 0 1 1 0 0 0 1 1 1 0 0 1 1 1 1 1 0 1 0 0 1 1 1 0 1 0 0 1
0 1 0 0 1 0 1 0 1 1 1 0 1 1 1 0 1 1 1 0 1 0 1 0 0 1 0 0 1 1 0 0 0 1 1 1 0 0 1 1 1 1 1 0 1 0 0 1 1 1 0 1 0 0 0 0 1 0 1 1 0 1 1 0 0 0 0 0 0 0 0 0 0 1 1 0 1 1 0 1 0 0 0 0 1 0 1 1 1 0 0 1 0 1 1 1 1 1 0 0 1 1 1 0 0 0 1 1 0 1
0 1 0 1 1 0 1 1 0 0 0 0 0 0 0 0 0 0 1 1 0 1 1 0 1 0 0 0 0 1 0 1 1 1 0 0 1 0 1 1 1 1 1 0 0 1 1 1 0 0 0 1 1 0 0 1 0 0 1 0 1 0 1 1 1 0 1 1 1 0 1 1 1 0 1 0 1 0 0 1 0 0 1 1 0 0 0 1 1 1 0 0 1 1 1 1 1 0 1 0 0 1 1 1 0 1 0 0 0 1
1 0 0 1 0 1 0 1 1 1 0 1 1 1 0 1 1 1 0 1 0 1 0 0 1 0 0 1 1 0 0 0 1 1 1 0 0 1 1 1 1 1 0 1 0 0 1 1 1 0 1 0 0 0 0 1 0 1 1 0 1 1 0 0 0 0 0 0 0 0 0 0 1 1 0 1 1 0 1 0 0 0 0 1 0 1 1 1 0 0 1 0 1 1 1 1 1 0 0 1 1 1 0 0 0 1 1 0 0 1
1 0 1 1 0 1 1 0 0 0 0 0 0 0 0 0 0 1 1 0 1 1 0 1 0 0 0 0 1 0 1 1 1 0 0 1 0 1 1 1 1 1 0 0 1 1 1 0 0 0 1 1 0 0 1 0 0 1 0 1 0 1 1 1 0 1 1 1 0 1 1 1 0 1 0 1 0 0 1 0 0 1 1 0 0 0 1 1 1 0 0 1 1 1 1 1 0 1 0 0 1 1 1 0 1 0 0 0 0 1
0 0 1 0 1 0 1 1 1 0 1 1 1 0 1 1 1 0 1 0 1 0 0 1 0 0 1 1 0 0 0 1 1 1 0 0 1 1 1 1 1 0 1 0 0 1 1 1 0 1 0 0 0 0 1 0 1 1 0 1 1 0 0 0 0 0 0 0 0 0 0 1 1 0 1 1 0 1 0 0 0 0 1 0 1 1 1 0 0 1 0 1 1 1 1 1 0 0 1 1 1 0 0 0 1 1 0 0 1 1
0 1 1 0 1 1 0 0 0 0 0 0 0 0 0 0 1 1 0 1 1 0 1 0 0 0 0 1 0 1 1 1 0 0 1 0 1 1 1 1 1 0 0 1 1 1 0 0 0 1 1 0 0 1 0 0 1 0 1 0 1 1 1 0 1 1 1 0 1 1 1 0 1 0 1 0 0 1 0 0 1 1 0 0 0 1 1 1 0 0 1 1 1 1 1 0 1 0 0 1 1 1 0 1 0 0 0 0 1 1
0 1 0 1 0 1 1 1 0 1 1 1 0 1 1 1 0 1 0 1 0 0 1 0 0 1 1 0 0 0 1 1 1 0 0 1 1 1 1 1 0 1 0 0 1 1 1 0 1 0 0 0 0 1 0 1 1 0 1 1 0 0 0 0 0 0 0 0 0 0 1 1 0 1 1 0 1 0 0 0 0 1 0 1 1 1 0 0 1 0 1 1 1 1 1 0 0 1 1 1 0 0 0 1 1 0 0 1 0 1
1 1 0 1 1 0 0 0 0 0 0 0 0 0 0 1 1 0 1 1 0 1 0 0 0 0 1 0 1 1 1 0 0 1 0 1 1 1 1 1 0 0 1 1 1 0 0 0 1 1 0 0 1 0 0 1 0 1 0 1 1 1 0 1 1 1 0 1 1 1 0 1 0 1 0 0 1 0 0 1 1 0 0 0 1 1 1 0 0 1 1 1 1 1 0 1 0 0 1 1 1 0 1 0 0 0 0 1 0 1
1 0 1 0 1 1 1 0 1 1 1 0 1 1 1 0 1 0 1 0 0 1 0 0 1 1 0 0 0 1 1 1 0 0 1 1 1 1 1 0 1 0 0 1 1 1 0 1 0 0 0 0 1 0 1 1 0 1 1 0 0 0 0 0 0 0 0 0 0 1 1 0 1 1 0 1 0 0 0 0 1 0 1 1 1 0 0 1 0 1 1 1 1 1 0 0 1 1 1 0 0 0 1 1 0 0 1 0 0 1
1 0 1 1 0 0 0 0 0 0 0 0 0 0 1 1 0 1 1 0 1 0 0 0 0 1 0 1 1 1 0 0 1 0 1 1 1 1 1 0 0 1 1 1 0 0 0 1 1 0 0 1 0 0 1 0 1 0 1 1 1 0 1 1 1 0 1 1 1 0 1 0 1 0 0 1 0 0 1 1 0 0 0 1 1 1 0 0 1 1 1 1 1 0 1 0 0 1 1 1 0 1 0 0 0 0 1 0 1 1
0 1 0 1 1 1 0 1 1 1 0 1 1 1 0 1 0 1 0 0 1 0 0 1 1 0 0 0 1 1 1 0 0 1 1 1 1 1 0 1 0 0 1 1 1 0 1 0 0 0 0 1 0 1 1 0 1 1 0 0 0 0 0 0 0 0 0 0 1 1 0 1 1 0 1 0 0 0 0 1 0 1 1 1 0 0 1 0 1 1 1 1 1 0 0 1 1 1 0 0 0 1 1 0 0 1 0 0 1 1
0 1 1 0 0 0 0 0 0 0 0 0 0 1 1 0 1 1 0 1 0 0 0 0 1 0 1 1 1 0 0 1 0 1 1 1 1 1 0 0 1 1 1 0 0 0 1 1 0 0 1 0 0 1 0 1 0 1 1 1 0 1 1 1 0 1 1 1 0 1 0 1 0 0 1 0 0 1 1 0 0 0 1 1 1 0 0 1 1 1 1 1 0 1 0 0 1 1 1 0 1 0 0 0 0 1 0 1 1 1
1 0 1 1 1 0 1 1 1 0 1 1 1 0 1 0 1 0 0 1 0 0 1 1 0 0 0 1 1 1 0 0 1 1 1 1 1 0 1 0 0 1 1 1 0 1 0 0 0 0 1 0 1 1 0 1 1 0 0 0 0 0 0 0 0 0 0 1 1 0 1 1 0 1 0 0 0 0 1 0 1 1 1 0 0 1 0 1 1 1 1 1 0 0 1 1 1 0 0 0 1 1 0 0 1 0 0 1 0 1
1 1 0 0 0 0 0 0 0 0 0 0 1 1 0 1 1 0 1 0 0 0 0 1 0 1 1 1 0 0 1 0 1 1 1 1 1 0 0 1 1 1 0 0 0 1 1 0 0 1 0 0 1 0 1 0 1 1 1 0 1 1 1 0 1 1 1 0 1 0 1 0 0 1 0 0 1 1 0 0 0 1 1 1 0 0 1 1 1 1 1 0 1 0 0 1 1 1 0 1 0 0 0 0 1 0 1 1 0 1
0 1 1 1 0 1 1 1 0 1 1 1 0 1 0 1 0 0 1 0 0 1 1 0 0 0 1 1 1 0 0 1 1 1 1 1 0 1 0 0 1 1 1 0 1 0 0 0 0 1 0 1 1 0 1 1 0 0 0 0 0 0 0 0 0 0 1 1 0 1 1 0 1 0 0 0 0 1 0 1 1 1 0 0 1 0 1 1 1 1 1 0 0 1 1 1 0 0 0 1 1 0 0 1 0 0 1 0 1 1
1 0 0 0 0 0 0 0 0 0 0 1 1 0 1 1 0 1 0 0 0 0 1 0 1 1 1 0 0 1 0 1 1 1 1 1 0 0 1 1 1 0 0 0 1 1 0 0 1 0 0 1 0 1 0 1 1 1 0 1 1 1 0 1 1 1 0 1 0 1 0 0 1 0 0 1 1 0 0 0 1 1 1 0 0 1 1 1 1 1 0 1 0 0 1 1 1 0 1 0 0 0 0 1 0 1 1 0 1 1
1 1 1 0 1 1 1 0 1 1 1 0 1 0 1 0 0 1 0 0 1 1 0 0 0 1 1 1 0 0 1 1 1 1 1 0 1 0 0 1 1 1 0 1 0 0 0 0 1 0 1 1 0 1 1 0 0 0 0 0 0 0 0 0 0 1 1 0 1 1 0 1 0 0 0 0 1 0 1 1 1 0 0 1 0 1 1 1 1 1 0 0 1 1 1 0 0 0 1 1 0 0 1 0 0 1 0 1 0 1
0 0 0 0 0 0 0 0 0 0 1 1 0 1 1 0 1 0 0 0 0 1 0 1 1 1 0 0 1 0 1 1 1 1 1 0 0 1 1 1 0 0 0 1 1 0 0 1 0 0 1 0 1 0 1 1 1 0 1 1 1 0 1 1 1 0 1 0 1 0 0 1 0 0 1 1 0 0 0 1 1 1 0 0 1 1 1 1 1 0 1 0 0 1 1 1 0 1 0 0 0 0 1 0 1 1 0 1 1 1
1 1 0 1 1 1 0 1 1 1 0 1 0 1 0 0 1 0 0 1 1 0 0 0 1 1 1 0 0 1 1 1 1 1 0 1 0 0 1 1 1 0 1 0 0 0 0 1 0 1 1 0 1 1 0 0 0 0 0 0 0 0 0 0 1 1 0 1 1 0 1 0 0 0 0 1 0 1 1 1 0 0 1 0 1 1 1 1 1 0 0 1 1 1 0 0 0 1 1 0 0 1 0 0 1 0 1 0 1 1
0 0 0 0 0 0 0 0 0 1 1 0 1 1 0 1 0 0 0 0 1 0 1 1 1 0 0 1 0 1 1 1 1 1 0 0 1 1 1 0 0 0 1 1 0 0 1 0 0 1 0 1 0 1 1 1 0 1 1 1 0 1 1 1 0 1 0 1 0 0 1 0 0 1 1 0 0 0 1 1 1 0 0 1 1 1 1 1 0 1 0 0 1 1 1 0 1 0 0 0 0 1 0 1 1 0 1 1 0 1
1 0 1 1 1 0 1 1 1 0 1 0 1 0 0 1 0 0 1 1 0 0 0 1 1 1 0 0 1 1 1 1 1 0 1 0 0 1 1 1 0 1 0 0 0 0 1 0 1 1 0 1 1 0 0 0 0 0 0 0 0 0 0 1 1 0 1 1 0 1 0 0 0 0 1 0 1 1 1 0 0 1 0 1 1 1 1 1 0 0 1 1 1 0 0 0 1 1 0 0 1 0 0 1 0 1 0 1 1 1
0 0 0 0 0 0 0 0 1 1 0 1 1 0 1 0 0 0 0 1 0 1 1 1 0 0 1 0 1 1 1 1 1 0 0 1 1 1 0 0 0 1 1 0 0 1 0 0 1 0 1 0 1 1 1 0 1 1 1 0 1 1 1 0 1 0 1 0 0 1 0 0 1 1 0 0 0 1 1 1 0 0 1 1 1 1 1 0 1 0 0 1 1 1 0 1 0 0 0 0 1 0 1 1 0 1 1 0 0 1
0 1 1 1 0 1 1 1 0 1 0 1 0 0 1 0 0 1 1 0 0 0 1 1 1 0 0 1 1 1 1 1 0 1 0 0 1 1 1 0 1 0 0 0 0 1 0 1 1 0 1 1 0 0 0 0 0 0 0 0 0 0 1 1 0 1 1 0 1 0 0 0 0 1 0 1 1 1 0 0 1 0 1 1 1 1 1 0 0 1 1 1 0 0 0 1 1 0 0 1 0 0 1 0 1 0 1 1 1 1
0 0 0 0 0 0 0 1 1 0 1 1 0 1 0 0 0 0 1 0 1 1 1 0 0 1 0 1 1 1 1 1 0 0 1 1 1 0 0 0 1 1 0 0 1 0 0 1 0 1 0 1 1 1 0 1 1 1 0 1 1 1 0 1 0 1 0 0 1 0 0 1 1 0 0 0 1 1 1 0 0 1 1 1 1 1 0 1 0 0 1 1 1 0 1 0 0 0 0 1 0 1 1 0 1 1 0 0 0 1
1 1 1 0 1 1 1 0 1 0 1 0 0 1 0 0 1 1 0 0 0 1 1 1 0 0 1 1 1 1 1 0 1 0 0 1 1 1 0 1 0 0 0 0 1 0 1 1 0 1 1 0 0 0 0 0 0 0 0 0 0 1 1 0 1 1 0 1 0 0 0 0 1 0 1 1 1 0 0 1 0 1 1 1 1 1 0 0 1 1 1 0 0 0 1 1 0 0 1 0 0 1 0 1 0 1 1 1 0 1
0 0 0 0 0 0 1 1 0 1 1 0 1 0 0 0 0 1 0 1 1 1 0 0 1 0 1 1 1 1 1 0 0 1 1 1 0 0 0 1 1 0 0 1 0 0 1 0 1 0 1 1 1 0 1 1 1 0 1 1 1 0 1 0 1 0 0 1 0 0 1 1 0 0 0 1 1 1 0 0 1 1 1 1 1 0 1 0 0 1 1 1 0 1 0 0 0 0 1 0 1 1 0 1 1 0 0 0 0 1
