C CINVESTAV-TAMAULIPAS, MEXICO 
C email: jtj@cinvestav.mx 
C http://www.tamps.cinvestav.mx/~jtj/ 
C 
42 7 2^7 5
0 1 1 0 1 0 0
1 1 0 1 0 0 0
0 1 1 1 0 0 0
0 0 0 1 0 0 0
1 1 0 0 1 0 0
1 1 1 0 0 0 1
0 1 0 0 1 1 0
0 0 1 0 0 0 1
1 1 1 1 0 1 1
1 0 1 0 1 1 0
1 0 0 1 1 0 0
1 1 1 1 1 0 0
0 1 0 1 0 1 0
0 0 1 1 1 0 0
0 0 0 1 1 0 1
1 0 1 0 0 0 0
1 0 1 1 0 1 0
1 1 0 1 1 0 1
1 0 1 1 1 1 1
1 0 0 0 0 0 1
1 0 0 0 0 1 0
1 0 0 1 0 1 1
0 0 1 0 1 1 1
1 0 0 0 1 1 1
1 1 1 0 1 1 1
0 0 1 1 0 1 1
0 0 0 1 1 1 0
1 0 1 1 0 0 1
1 1 0 1 1 1 0
0 0 0 0 1 0 0
0 1 0 1 0 0 1
0 1 1 0 0 1 1
0 0 0 0 0 1 1
1 0 1 0 1 0 1
1 1 0 0 0 1 1
1 1 1 0 0 1 0
0 1 0 1 1 1 1
0 1 0 0 1 0 1
0 0 1 0 0 1 0
0 1 0 0 0 0 0
0 1 1 1 1 1 0
0 1 1 1 1 0 1
C OK 
