C Covering array with N=168 k=84 v=2^84 t=5
C 
168 84 2^84 5
1 1 1 1 1 1 1 1 1 1 1 1 1 1 1 1 1 1 1 1 1 1 1 1 1 1 1 1 1 1 1 1 1 1 1 1 1 1 1 1 1 1 1 1 1 1 1 1 1 1 1 1 1 1 1 1 1 1 1 1 1 1 1 1 1 1 1 1 1 1 1 1 1 1 1 1 1 1 1 1 1 1 1 1
0 0 0 0 0 0 0 0 0 0 0 0 0 0 0 0 0 0 0 0 0 0 0 0 0 0 0 0 0 0 0 0 0 0 0 0 0 0 0 0 0 0 0 0 0 0 0 0 0 0 0 0 0 0 0 0 0 0 0 0 0 0 0 0 0 0 0 0 0 0 0 0 0 0 0 0 0 0 0 0 0 0 0 1
1 0 1 0 0 1 1 0 1 0 0 0 0 1 1 1 0 0 1 1 1 0 1 0 1 0 0 0 0 0 0 0 1 0 1 1 0 0 0 1 0 0 1 1 0 1 1 1 0 0 1 0 1 1 1 1 1 1 1 0 1 0 1 0 0 0 1 1 0 0 0 1 1 1 1 0 1 0 0 1 1 0 1 0
0 1 0 0 1 1 0 1 0 0 0 0 1 1 1 0 0 1 1 1 0 1 0 1 0 0 0 0 0 0 0 1 0 1 1 0 0 0 1 0 0 1 1 0 1 1 1 0 0 1 0 1 1 1 1 1 1 1 0 1 0 1 0 0 0 1 1 0 0 0 1 1 1 1 0 1 0 0 1 1 0 1 1 0
1 0 0 1 1 0 1 0 0 0 0 1 1 1 0 0 1 1 1 0 1 0 1 0 0 0 0 0 0 0 1 0 1 1 0 0 0 1 0 0 1 1 0 1 1 1 0 0 1 0 1 1 1 1 1 1 1 0 1 0 1 0 0 0 1 1 0 0 0 1 1 1 1 0 1 0 0 1 1 0 1 1 0 0
0 0 1 1 0 1 0 0 0 0 1 1 1 0 0 1 1 1 0 1 0 1 0 0 0 0 0 0 0 1 0 1 1 0 0 0 1 0 0 1 1 0 1 1 1 0 0 1 0 1 1 1 1 1 1 1 0 1 0 1 0 0 0 1 1 0 0 0 1 1 1 1 0 1 0 0 1 1 0 1 1 0 1 0
0 1 1 0 1 0 0 0 0 1 1 1 0 0 1 1 1 0 1 0 1 0 0 0 0 0 0 0 1 0 1 1 0 0 0 1 0 0 1 1 0 1 1 1 0 0 1 0 1 1 1 1 1 1 1 0 1 0 1 0 0 0 1 1 0 0 0 1 1 1 1 0 1 0 0 1 1 0 1 1 0 1 0 0
1 1 0 1 0 0 0 0 1 1 1 0 0 1 1 1 0 1 0 1 0 0 0 0 0 0 0 1 0 1 1 0 0 0 1 0 0 1 1 0 1 1 1 0 0 1 0 1 1 1 1 1 1 1 0 1 0 1 0 0 0 1 1 0 0 0 1 1 1 1 0 1 0 0 1 1 0 1 1 0 1 0 0 0
1 0 1 0 0 0 0 1 1 1 0 0 1 1 1 0 1 0 1 0 0 0 0 0 0 0 1 0 1 1 0 0 0 1 0 0 1 1 0 1 1 1 0 0 1 0 1 1 1 1 1 1 1 0 1 0 1 0 0 0 1 1 0 0 0 1 1 1 1 0 1 0 0 1 1 0 1 1 0 1 0 0 1 0
0 1 0 0 0 0 1 1 1 0 0 1 1 1 0 1 0 1 0 0 0 0 0 0 0 1 0 1 1 0 0 0 1 0 0 1 1 0 1 1 1 0 0 1 0 1 1 1 1 1 1 1 0 1 0 1 0 0 0 1 1 0 0 0 1 1 1 1 0 1 0 0 1 1 0 1 1 0 1 0 0 1 1 0
1 0 0 0 0 1 1 1 0 0 1 1 1 0 1 0 1 0 0 0 0 0 0 0 1 0 1 1 0 0 0 1 0 0 1 1 0 1 1 1 0 0 1 0 1 1 1 1 1 1 1 0 1 0 1 0 0 0 1 1 0 0 0 1 1 1 1 0 1 0 0 1 1 0 1 1 0 1 0 0 1 1 0 0
0 0 0 0 1 1 1 0 0 1 1 1 0 1 0 1 0 0 0 0 0 0 0 1 0 1 1 0 0 0 1 0 0 1 1 0 1 1 1 0 0 1 0 1 1 1 1 1 1 1 0 1 0 1 0 0 0 1 1 0 0 0 1 1 1 1 0 1 0 0 1 1 0 1 1 0 1 0 0 1 1 0 1 0
0 0 0 1 1 1 0 0 1 1 1 0 1 0 1 0 0 0 0 0 0 0 1 0 1 1 0 0 0 1 0 0 1 1 0 1 1 1 0 0 1 0 1 1 1 1 1 1 1 0 1 0 1 0 0 0 1 1 0 0 0 1 1 1 1 0 1 0 0 1 1 0 1 1 0 1 0 0 1 1 0 1 0 0
0 0 1 1 1 0 0 1 1 1 0 1 0 1 0 0 0 0 0 0 0 1 0 1 1 0 0 0 1 0 0 1 1 0 1 1 1 0 0 1 0 1 1 1 1 1 1 1 0 1 0 1 0 0 0 1 1 0 0 0 1 1 1 1 0 1 0 0 1 1 0 1 1 0 1 0 0 1 1 0 1 0 0 0
0 1 1 1 0 0 1 1 1 0 1 0 1 0 0 0 0 0 0 0 1 0 1 1 0 0 0 1 0 0 1 1 0 1 1 1 0 0 1 0 1 1 1 1 1 1 1 0 1 0 1 0 0 0 1 1 0 0 0 1 1 1 1 0 1 0 0 1 1 0 1 1 0 1 0 0 1 1 0 1 0 0 0 0
1 1 1 0 0 1 1 1 0 1 0 1 0 0 0 0 0 0 0 1 0 1 1 0 0 0 1 0 0 1 1 0 1 1 1 0 0 1 0 1 1 1 1 1 1 1 0 1 0 1 0 0 0 1 1 0 0 0 1 1 1 1 0 1 0 0 1 1 0 1 1 0 1 0 0 1 1 0 1 0 0 0 0 0
1 1 0 0 1 1 1 0 1 0 1 0 0 0 0 0 0 0 1 0 1 1 0 0 0 1 0 0 1 1 0 1 1 1 0 0 1 0 1 1 1 1 1 1 1 0 1 0 1 0 0 0 1 1 0 0 0 1 1 1 1 0 1 0 0 1 1 0 1 1 0 1 0 0 1 1 0 1 0 0 0 0 1 0
1 0 0 1 1 1 0 1 0 1 0 0 0 0 0 0 0 1 0 1 1 0 0 0 1 0 0 1 1 0 1 1 1 0 0 1 0 1 1 1 1 1 1 1 0 1 0 1 0 0 0 1 1 0 0 0 1 1 1 1 0 1 0 0 1 1 0 1 1 0 1 0 0 1 1 0 1 0 0 0 0 1 1 0
0 0 1 1 1 0 1 0 1 0 0 0 0 0 0 0 1 0 1 1 0 0 0 1 0 0 1 1 0 1 1 1 0 0 1 0 1 1 1 1 1 1 1 0 1 0 1 0 0 0 1 1 0 0 0 1 1 1 1 0 1 0 0 1 1 0 1 1 0 1 0 0 1 1 0 1 0 0 0 0 1 1 1 0
0 1 1 1 0 1 0 1 0 0 0 0 0 0 0 1 0 1 1 0 0 0 1 0 0 1 1 0 1 1 1 0 0 1 0 1 1 1 1 1 1 1 0 1 0 1 0 0 0 1 1 0 0 0 1 1 1 1 0 1 0 0 1 1 0 1 1 0 1 0 0 1 1 0 1 0 0 0 0 1 1 1 0 0
1 1 1 0 1 0 1 0 0 0 0 0 0 0 1 0 1 1 0 0 0 1 0 0 1 1 0 1 1 1 0 0 1 0 1 1 1 1 1 1 1 0 1 0 1 0 0 0 1 1 0 0 0 1 1 1 1 0 1 0 0 1 1 0 1 1 0 1 0 0 1 1 0 1 0 0 0 0 1 1 1 0 0 0
1 1 0 1 0 1 0 0 0 0 0 0 0 1 0 1 1 0 0 0 1 0 0 1 1 0 1 1 1 0 0 1 0 1 1 1 1 1 1 1 0 1 0 1 0 0 0 1 1 0 0 0 1 1 1 1 0 1 0 0 1 1 0 1 1 0 1 0 0 1 1 0 1 0 0 0 0 1 1 1 0 0 1 0
1 0 1 0 1 0 0 0 0 0 0 0 1 0 1 1 0 0 0 1 0 0 1 1 0 1 1 1 0 0 1 0 1 1 1 1 1 1 1 0 1 0 1 0 0 0 1 1 0 0 0 1 1 1 1 0 1 0 0 1 1 0 1 1 0 1 0 0 1 1 0 1 0 0 0 0 1 1 1 0 0 1 1 0
0 1 0 1 0 0 0 0 0 0 0 1 0 1 1 0 0 0 1 0 0 1 1 0 1 1 1 0 0 1 0 1 1 1 1 1 1 1 0 1 0 1 0 0 0 1 1 0 0 0 1 1 1 1 0 1 0 0 1 1 0 1 1 0 1 0 0 1 1 0 1 0 0 0 0 1 1 1 0 0 1 1 1 0
1 0 1 0 0 0 0 0 0 0 1 0 1 1 0 0 0 1 0 0 1 1 0 1 1 1 0 0 1 0 1 1 1 1 1 1 1 0 1 0 1 0 0 0 1 1 0 0 0 1 1 1 1 0 1 0 0 1 1 0 1 1 0 1 0 0 1 1 0 1 0 0 0 0 1 1 1 0 0 1 1 1 0 0
0 1 0 0 0 0 0 0 0 1 0 1 1 0 0 0 1 0 0 1 1 0 1 1 1 0 0 1 0 1 1 1 1 1 1 1 0 1 0 1 0 0 0 1 1 0 0 0 1 1 1 1 0 1 0 0 1 1 0 1 1 0 1 0 0 1 1 0 1 0 0 0 0 1 1 1 0 0 1 1 1 0 1 0
1 0 0 0 0 0 0 0 1 0 1 1 0 0 0 1 0 0 1 1 0 1 1 1 0 0 1 0 1 1 1 1 1 1 1 0 1 0 1 0 0 0 1 1 0 0 0 1 1 1 1 0 1 0 0 1 1 0 1 1 0 1 0 0 1 1 0 1 0 0 0 0 1 1 1 0 0 1 1 1 0 1 0 0
0 0 0 0 0 0 0 1 0 1 1 0 0 0 1 0 0 1 1 0 1 1 1 0 0 1 0 1 1 1 1 1 1 1 0 1 0 1 0 0 0 1 1 0 0 0 1 1 1 1 0 1 0 0 1 1 0 1 1 0 1 0 0 1 1 0 1 0 0 0 0 1 1 1 0 0 1 1 1 0 1 0 1 0
0 0 0 0 0 0 1 0 1 1 0 0 0 1 0 0 1 1 0 1 1 1 0 0 1 0 1 1 1 1 1 1 1 0 1 0 1 0 0 0 1 1 0 0 0 1 1 1 1 0 1 0 0 1 1 0 1 1 0 1 0 0 1 1 0 1 0 0 0 0 1 1 1 0 0 1 1 1 0 1 0 1 0 0
0 0 0 0 0 1 0 1 1 0 0 0 1 0 0 1 1 0 1 1 1 0 0 1 0 1 1 1 1 1 1 1 0 1 0 1 0 0 0 1 1 0 0 0 1 1 1 1 0 1 0 0 1 1 0 1 1 0 1 0 0 1 1 0 1 0 0 0 0 1 1 1 0 0 1 1 1 0 1 0 1 0 0 0
0 0 0 0 1 0 1 1 0 0 0 1 0 0 1 1 0 1 1 1 0 0 1 0 1 1 1 1 1 1 1 0 1 0 1 0 0 0 1 1 0 0 0 1 1 1 1 0 1 0 0 1 1 0 1 1 0 1 0 0 1 1 0 1 0 0 0 0 1 1 1 0 0 1 1 1 0 1 0 1 0 0 0 0
0 0 0 1 0 1 1 0 0 0 1 0 0 1 1 0 1 1 1 0 0 1 0 1 1 1 1 1 1 1 0 1 0 1 0 0 0 1 1 0 0 0 1 1 1 1 0 1 0 0 1 1 0 1 1 0 1 0 0 1 1 0 1 0 0 0 0 1 1 1 0 0 1 1 1 0 1 0 1 0 0 0 0 0
0 0 1 0 1 1 0 0 0 1 0 0 1 1 0 1 1 1 0 0 1 0 1 1 1 1 1 1 1 0 1 0 1 0 0 0 1 1 0 0 0 1 1 1 1 0 1 0 0 1 1 0 1 1 0 1 0 0 1 1 0 1 0 0 0 0 1 1 1 0 0 1 1 1 0 1 0 1 0 0 0 0 0 0
0 1 0 1 1 0 0 0 1 0 0 1 1 0 1 1 1 0 0 1 0 1 1 1 1 1 1 1 0 1 0 1 0 0 0 1 1 0 0 0 1 1 1 1 0 1 0 0 1 1 0 1 1 0 1 0 0 1 1 0 1 0 0 0 0 1 1 1 0 0 1 1 1 0 1 0 1 0 0 0 0 0 0 0
1 0 1 1 0 0 0 1 0 0 1 1 0 1 1 1 0 0 1 0 1 1 1 1 1 1 1 0 1 0 1 0 0 0 1 1 0 0 0 1 1 1 1 0 1 0 0 1 1 0 1 1 0 1 0 0 1 1 0 1 0 0 0 0 1 1 1 0 0 1 1 1 0 1 0 1 0 0 0 0 0 0 0 0
0 1 1 0 0 0 1 0 0 1 1 0 1 1 1 0 0 1 0 1 1 1 1 1 1 1 0 1 0 1 0 0 0 1 1 0 0 0 1 1 1 1 0 1 0 0 1 1 0 1 1 0 1 0 0 1 1 0 1 0 0 0 0 1 1 1 0 0 1 1 1 0 1 0 1 0 0 0 0 0 0 0 1 0
1 1 0 0 0 1 0 0 1 1 0 1 1 1 0 0 1 0 1 1 1 1 1 1 1 0 1 0 1 0 0 0 1 1 0 0 0 1 1 1 1 0 1 0 0 1 1 0 1 1 0 1 0 0 1 1 0 1 0 0 0 0 1 1 1 0 0 1 1 1 0 1 0 1 0 0 0 0 0 0 0 1 0 0
1 0 0 0 1 0 0 1 1 0 1 1 1 0 0 1 0 1 1 1 1 1 1 1 0 1 0 1 0 0 0 1 1 0 0 0 1 1 1 1 0 1 0 0 1 1 0 1 1 0 1 0 0 1 1 0 1 0 0 0 0 1 1 1 0 0 1 1 1 0 1 0 1 0 0 0 0 0 0 0 1 0 1 0
0 0 0 1 0 0 1 1 0 1 1 1 0 0 1 0 1 1 1 1 1 1 1 0 1 0 1 0 0 0 1 1 0 0 0 1 1 1 1 0 1 0 0 1 1 0 1 1 0 1 0 0 1 1 0 1 0 0 0 0 1 1 1 0 0 1 1 1 0 1 0 1 0 0 0 0 0 0 0 1 0 1 1 0
0 0 1 0 0 1 1 0 1 1 1 0 0 1 0 1 1 1 1 1 1 1 0 1 0 1 0 0 0 1 1 0 0 0 1 1 1 1 0 1 0 0 1 1 0 1 1 0 1 0 0 1 1 0 1 0 0 0 0 1 1 1 0 0 1 1 1 0 1 0 1 0 0 0 0 0 0 0 1 0 1 1 0 0
0 1 0 0 1 1 0 1 1 1 0 0 1 0 1 1 1 1 1 1 1 0 1 0 1 0 0 0 1 1 0 0 0 1 1 1 1 0 1 0 0 1 1 0 1 1 0 1 0 0 1 1 0 1 0 0 0 0 1 1 1 0 0 1 1 1 0 1 0 1 0 0 0 0 0 0 0 1 0 1 1 0 0 0
1 0 0 1 1 0 1 1 1 0 0 1 0 1 1 1 1 1 1 1 0 1 0 1 0 0 0 1 1 0 0 0 1 1 1 1 0 1 0 0 1 1 0 1 1 0 1 0 0 1 1 0 1 0 0 0 0 1 1 1 0 0 1 1 1 0 1 0 1 0 0 0 0 0 0 0 1 0 1 1 0 0 0 0
0 0 1 1 0 1 1 1 0 0 1 0 1 1 1 1 1 1 1 0 1 0 1 0 0 0 1 1 0 0 0 1 1 1 1 0 1 0 0 1 1 0 1 1 0 1 0 0 1 1 0 1 0 0 0 0 1 1 1 0 0 1 1 1 0 1 0 1 0 0 0 0 0 0 0 1 0 1 1 0 0 0 1 0
0 1 1 0 1 1 1 0 0 1 0 1 1 1 1 1 1 1 0 1 0 1 0 0 0 1 1 0 0 0 1 1 1 1 0 1 0 0 1 1 0 1 1 0 1 0 0 1 1 0 1 0 0 0 0 1 1 1 0 0 1 1 1 0 1 0 1 0 0 0 0 0 0 0 1 0 1 1 0 0 0 1 0 0
1 1 0 1 1 1 0 0 1 0 1 1 1 1 1 1 1 0 1 0 1 0 0 0 1 1 0 0 0 1 1 1 1 0 1 0 0 1 1 0 1 1 0 1 0 0 1 1 0 1 0 0 0 0 1 1 1 0 0 1 1 1 0 1 0 1 0 0 0 0 0 0 0 1 0 1 1 0 0 0 1 0 0 0
1 0 1 1 1 0 0 1 0 1 1 1 1 1 1 1 0 1 0 1 0 0 0 1 1 0 0 0 1 1 1 1 0 1 0 0 1 1 0 1 1 0 1 0 0 1 1 0 1 0 0 0 0 1 1 1 0 0 1 1 1 0 1 0 1 0 0 0 0 0 0 0 1 0 1 1 0 0 0 1 0 0 1 0
0 1 1 1 0 0 1 0 1 1 1 1 1 1 1 0 1 0 1 0 0 0 1 1 0 0 0 1 1 1 1 0 1 0 0 1 1 0 1 1 0 1 0 0 1 1 0 1 0 0 0 0 1 1 1 0 0 1 1 1 0 1 0 1 0 0 0 0 0 0 0 1 0 1 1 0 0 0 1 0 0 1 1 0
1 1 1 0 0 1 0 1 1 1 1 1 1 1 0 1 0 1 0 0 0 1 1 0 0 0 1 1 1 1 0 1 0 0 1 1 0 1 1 0 1 0 0 1 1 0 1 0 0 0 0 1 1 1 0 0 1 1 1 0 1 0 1 0 0 0 0 0 0 0 1 0 1 1 0 0 0 1 0 0 1 1 0 0
1 1 0 0 1 0 1 1 1 1 1 1 1 0 1 0 1 0 0 0 1 1 0 0 0 1 1 1 1 0 1 0 0 1 1 0 1 1 0 1 0 0 1 1 0 1 0 0 0 0 1 1 1 0 0 1 1 1 0 1 0 1 0 0 0 0 0 0 0 1 0 1 1 0 0 0 1 0 0 1 1 0 1 0
1 0 0 1 0 1 1 1 1 1 1 1 0 1 0 1 0 0 0 1 1 0 0 0 1 1 1 1 0 1 0 0 1 1 0 1 1 0 1 0 0 1 1 0 1 0 0 0 0 1 1 1 0 0 1 1 1 0 1 0 1 0 0 0 0 0 0 0 1 0 1 1 0 0 0 1 0 0 1 1 0 1 1 0
0 0 1 0 1 1 1 1 1 1 1 0 1 0 1 0 0 0 1 1 0 0 0 1 1 1 1 0 1 0 0 1 1 0 1 1 0 1 0 0 1 1 0 1 0 0 0 0 1 1 1 0 0 1 1 1 0 1 0 1 0 0 0 0 0 0 0 1 0 1 1 0 0 0 1 0 0 1 1 0 1 1 1 0
0 1 0 1 1 1 1 1 1 1 0 1 0 1 0 0 0 1 1 0 0 0 1 1 1 1 0 1 0 0 1 1 0 1 1 0 1 0 0 1 1 0 1 0 0 0 0 1 1 1 0 0 1 1 1 0 1 0 1 0 0 0 0 0 0 0 1 0 1 1 0 0 0 1 0 0 1 1 0 1 1 1 0 0
1 0 1 1 1 1 1 1 1 0 1 0 1 0 0 0 1 1 0 0 0 1 1 1 1 0 1 0 0 1 1 0 1 1 0 1 0 0 1 1 0 1 0 0 0 0 1 1 1 0 0 1 1 1 0 1 0 1 0 0 0 0 0 0 0 1 0 1 1 0 0 0 1 0 0 1 1 0 1 1 1 0 0 0
0 1 1 1 1 1 1 1 0 1 0 1 0 0 0 1 1 0 0 0 1 1 1 1 0 1 0 0 1 1 0 1 1 0 1 0 0 1 1 0 1 0 0 0 0 1 1 1 0 0 1 1 1 0 1 0 1 0 0 0 0 0 0 0 1 0 1 1 0 0 0 1 0 0 1 1 0 1 1 1 0 0 1 0
1 1 1 1 1 1 1 0 1 0 1 0 0 0 1 1 0 0 0 1 1 1 1 0 1 0 0 1 1 0 1 1 0 1 0 0 1 1 0 1 0 0 0 0 1 1 1 0 0 1 1 1 0 1 0 1 0 0 0 0 0 0 0 1 0 1 1 0 0 0 1 0 0 1 1 0 1 1 1 0 0 1 0 0
1 1 1 1 1 1 0 1 0 1 0 0 0 1 1 0 0 0 1 1 1 1 0 1 0 0 1 1 0 1 1 0 1 0 0 1 1 0 1 0 0 0 0 1 1 1 0 0 1 1 1 0 1 0 1 0 0 0 0 0 0 0 1 0 1 1 0 0 0 1 0 0 1 1 0 1 1 1 0 0 1 0 1 0
1 1 1 1 1 0 1 0 1 0 0 0 1 1 0 0 0 1 1 1 1 0 1 0 0 1 1 0 1 1 0 1 0 0 1 1 0 1 0 0 0 0 1 1 1 0 0 1 1 1 0 1 0 1 0 0 0 0 0 0 0 1 0 1 1 0 0 0 1 0 0 1 1 0 1 1 1 0 0 1 0 1 1 0
1 1 1 1 0 1 0 1 0 0 0 1 1 0 0 0 1 1 1 1 0 1 0 0 1 1 0 1 1 0 1 0 0 1 1 0 1 0 0 0 0 1 1 1 0 0 1 1 1 0 1 0 1 0 0 0 0 0 0 0 1 0 1 1 0 0 0 1 0 0 1 1 0 1 1 1 0 0 1 0 1 1 1 0
1 1 1 0 1 0 1 0 0 0 1 1 0 0 0 1 1 1 1 0 1 0 0 1 1 0 1 1 0 1 0 0 1 1 0 1 0 0 0 0 1 1 1 0 0 1 1 1 0 1 0 1 0 0 0 0 0 0 0 1 0 1 1 0 0 0 1 0 0 1 1 0 1 1 1 0 0 1 0 1 1 1 1 0
1 1 0 1 0 1 0 0 0 1 1 0 0 0 1 1 1 1 0 1 0 0 1 1 0 1 1 0 1 0 0 1 1 0 1 0 0 0 0 1 1 1 0 0 1 1 1 0 1 0 1 0 0 0 0 0 0 0 1 0 1 1 0 0 0 1 0 0 1 1 0 1 1 1 0 0 1 0 1 1 1 1 1 0
1 0 1 0 1 0 0 0 1 1 0 0 0 1 1 1 1 0 1 0 0 1 1 0 1 1 0 1 0 0 1 1 0 1 0 0 0 0 1 1 1 0 0 1 1 1 0 1 0 1 0 0 0 0 0 0 0 1 0 1 1 0 0 0 1 0 0 1 1 0 1 1 1 0 0 1 0 1 1 1 1 1 1 0
0 1 0 1 0 0 0 1 1 0 0 0 1 1 1 1 0 1 0 0 1 1 0 1 1 0 1 0 0 1 1 0 1 0 0 0 0 1 1 1 0 0 1 1 1 0 1 0 1 0 0 0 0 0 0 0 1 0 1 1 0 0 0 1 0 0 1 1 0 1 1 1 0 0 1 0 1 1 1 1 1 1 1 0
1 0 1 0 0 0 1 1 0 0 0 1 1 1 1 0 1 0 0 1 1 0 1 1 0 1 0 0 1 1 0 1 0 0 0 0 1 1 1 0 0 1 1 1 0 1 0 1 0 0 0 0 0 0 0 1 0 1 1 0 0 0 1 0 0 1 1 0 1 1 1 0 0 1 0 1 1 1 1 1 1 1 0 0
0 1 0 0 0 1 1 0 0 0 1 1 1 1 0 1 0 0 1 1 0 1 1 0 1 0 0 1 1 0 1 0 0 0 0 1 1 1 0 0 1 1 1 0 1 0 1 0 0 0 0 0 0 0 1 0 1 1 0 0 0 1 0 0 1 1 0 1 1 1 0 0 1 0 1 1 1 1 1 1 1 0 1 0
1 0 0 0 1 1 0 0 0 1 1 1 1 0 1 0 0 1 1 0 1 1 0 1 0 0 1 1 0 1 0 0 0 0 1 1 1 0 0 1 1 1 0 1 0 1 0 0 0 0 0 0 0 1 0 1 1 0 0 0 1 0 0 1 1 0 1 1 1 0 0 1 0 1 1 1 1 1 1 1 0 1 0 0
0 0 0 1 1 0 0 0 1 1 1 1 0 1 0 0 1 1 0 1 1 0 1 0 0 1 1 0 1 0 0 0 0 1 1 1 0 0 1 1 1 0 1 0 1 0 0 0 0 0 0 0 1 0 1 1 0 0 0 1 0 0 1 1 0 1 1 1 0 0 1 0 1 1 1 1 1 1 1 0 1 0 1 0
0 0 1 1 0 0 0 1 1 1 1 0 1 0 0 1 1 0 1 1 0 1 0 0 1 1 0 1 0 0 0 0 1 1 1 0 0 1 1 1 0 1 0 1 0 0 0 0 0 0 0 1 0 1 1 0 0 0 1 0 0 1 1 0 1 1 1 0 0 1 0 1 1 1 1 1 1 1 0 1 0 1 0 0
0 1 1 0 0 0 1 1 1 1 0 1 0 0 1 1 0 1 1 0 1 0 0 1 1 0 1 0 0 0 0 1 1 1 0 0 1 1 1 0 1 0 1 0 0 0 0 0 0 0 1 0 1 1 0 0 0 1 0 0 1 1 0 1 1 1 0 0 1 0 1 1 1 1 1 1 1 0 1 0 1 0 0 0
1 1 0 0 0 1 1 1 1 0 1 0 0 1 1 0 1 1 0 1 0 0 1 1 0 1 0 0 0 0 1 1 1 0 0 1 1 1 0 1 0 1 0 0 0 0 0 0 0 1 0 1 1 0 0 0 1 0 0 1 1 0 1 1 1 0 0 1 0 1 1 1 1 1 1 1 0 1 0 1 0 0 0 0
1 0 0 0 1 1 1 1 0 1 0 0 1 1 0 1 1 0 1 0 0 1 1 0 1 0 0 0 0 1 1 1 0 0 1 1 1 0 1 0 1 0 0 0 0 0 0 0 1 0 1 1 0 0 0 1 0 0 1 1 0 1 1 1 0 0 1 0 1 1 1 1 1 1 1 0 1 0 1 0 0 0 1 0
0 0 0 1 1 1 1 0 1 0 0 1 1 0 1 1 0 1 0 0 1 1 0 1 0 0 0 0 1 1 1 0 0 1 1 1 0 1 0 1 0 0 0 0 0 0 0 1 0 1 1 0 0 0 1 0 0 1 1 0 1 1 1 0 0 1 0 1 1 1 1 1 1 1 0 1 0 1 0 0 0 1 1 0
0 0 1 1 1 1 0 1 0 0 1 1 0 1 1 0 1 0 0 1 1 0 1 0 0 0 0 1 1 1 0 0 1 1 1 0 1 0 1 0 0 0 0 0 0 0 1 0 1 1 0 0 0 1 0 0 1 1 0 1 1 1 0 0 1 0 1 1 1 1 1 1 1 0 1 0 1 0 0 0 1 1 0 0
0 1 1 1 1 0 1 0 0 1 1 0 1 1 0 1 0 0 1 1 0 1 0 0 0 0 1 1 1 0 0 1 1 1 0 1 0 1 0 0 0 0 0 0 0 1 0 1 1 0 0 0 1 0 0 1 1 0 1 1 1 0 0 1 0 1 1 1 1 1 1 1 0 1 0 1 0 0 0 1 1 0 0 0
1 1 1 1 0 1 0 0 1 1 0 1 1 0 1 0 0 1 1 0 1 0 0 0 0 1 1 1 0 0 1 1 1 0 1 0 1 0 0 0 0 0 0 0 1 0 1 1 0 0 0 1 0 0 1 1 0 1 1 1 0 0 1 0 1 1 1 1 1 1 1 0 1 0 1 0 0 0 1 1 0 0 0 0
1 1 1 0 1 0 0 1 1 0 1 1 0 1 0 0 1 1 0 1 0 0 0 0 1 1 1 0 0 1 1 1 0 1 0 1 0 0 0 0 0 0 0 1 0 1 1 0 0 0 1 0 0 1 1 0 1 1 1 0 0 1 0 1 1 1 1 1 1 1 0 1 0 1 0 0 0 1 1 0 0 0 1 0
1 1 0 1 0 0 1 1 0 1 1 0 1 0 0 1 1 0 1 0 0 0 0 1 1 1 0 0 1 1 1 0 1 0 1 0 0 0 0 0 0 0 1 0 1 1 0 0 0 1 0 0 1 1 0 1 1 1 0 0 1 0 1 1 1 1 1 1 1 0 1 0 1 0 0 0 1 1 0 0 0 1 1 0
1 0 1 0 0 1 1 0 1 1 0 1 0 0 1 1 0 1 0 0 0 0 1 1 1 0 0 1 1 1 0 1 0 1 0 0 0 0 0 0 0 1 0 1 1 0 0 0 1 0 0 1 1 0 1 1 1 0 0 1 0 1 1 1 1 1 1 1 0 1 0 1 0 0 0 1 1 0 0 0 1 1 1 0
0 1 0 0 1 1 0 1 1 0 1 0 0 1 1 0 1 0 0 0 0 1 1 1 0 0 1 1 1 0 1 0 1 0 0 0 0 0 0 0 1 0 1 1 0 0 0 1 0 0 1 1 0 1 1 1 0 0 1 0 1 1 1 1 1 1 1 0 1 0 1 0 0 0 1 1 0 0 0 1 1 1 1 0
1 0 0 1 1 0 1 1 0 1 0 0 1 1 0 1 0 0 0 0 1 1 1 0 0 1 1 1 0 1 0 1 0 0 0 0 0 0 0 1 0 1 1 0 0 0 1 0 0 1 1 0 1 1 1 0 0 1 0 1 1 1 1 1 1 1 0 1 0 1 0 0 0 1 1 0 0 0 1 1 1 1 0 0
0 0 1 1 0 1 1 0 1 0 0 1 1 0 1 0 0 0 0 1 1 1 0 0 1 1 1 0 1 0 1 0 0 0 0 0 0 0 1 0 1 1 0 0 0 1 0 0 1 1 0 1 1 1 0 0 1 0 1 1 1 1 1 1 1 0 1 0 1 0 0 0 1 1 0 0 0 1 1 1 1 0 1 0
0 1 1 0 1 1 0 1 0 0 1 1 0 1 0 0 0 0 1 1 1 0 0 1 1 1 0 1 0 1 0 0 0 0 0 0 0 1 0 1 1 0 0 0 1 0 0 1 1 0 1 1 1 0 0 1 0 1 1 1 1 1 1 1 0 1 0 1 0 0 0 1 1 0 0 0 1 1 1 1 0 1 0 0
1 1 0 1 1 0 1 0 0 1 1 0 1 0 0 0 0 1 1 1 0 0 1 1 1 0 1 0 1 0 0 0 0 0 0 0 1 0 1 1 0 0 0 1 0 0 1 1 0 1 1 1 0 0 1 0 1 1 1 1 1 1 1 0 1 0 1 0 0 0 1 1 0 0 0 1 1 1 1 0 1 0 0 0
1 0 1 1 0 1 0 0 1 1 0 1 0 0 0 0 1 1 1 0 0 1 1 1 0 1 0 1 0 0 0 0 0 0 0 1 0 1 1 0 0 0 1 0 0 1 1 0 1 1 1 0 0 1 0 1 1 1 1 1 1 1 0 1 0 1 0 0 0 1 1 0 0 0 1 1 1 1 0 1 0 0 1 0
0 1 1 0 1 0 0 1 1 0 1 0 0 0 0 1 1 1 0 0 1 1 1 0 1 0 1 0 0 0 0 0 0 0 1 0 1 1 0 0 0 1 0 0 1 1 0 1 1 1 0 0 1 0 1 1 1 1 1 1 1 0 1 0 1 0 0 0 1 1 0 0 0 1 1 1 1 0 1 0 0 1 1 0
1 1 0 1 0 0 1 1 0 1 0 0 0 0 1 1 1 0 0 1 1 1 0 1 0 1 0 0 0 0 0 0 0 1 0 1 1 0 0 0 1 0 0 1 1 0 1 1 1 0 0 1 0 1 1 1 1 1 1 1 0 1 0 1 0 0 0 1 1 0 0 0 1 1 1 1 0 1 0 0 1 1 0 0
1 1 0 1 1 0 0 1 0 1 1 1 1 0 0 0 1 1 0 0 0 1 0 1 0 1 1 1 1 1 1 1 0 1 0 0 1 1 1 0 1 1 0 0 1 0 0 0 1 1 0 1 0 0 0 0 0 0 0 1 0 1 0 1 1 1 0 0 1 1 1 0 0 0 0 1 0 1 1 0 0 1 0 1
0 0 1 0 0 0 1 1 0 1 0 0 0 0 0 0 0 1 0 1 0 1 1 1 0 0 1 1 1 0 0 0 0 1 0 1 1 0 0 1 0 1 1 0 1 1 0 0 1 0 1 1 1 1 0 0 0 1 1 0 0 0 1 0 1 0 1 1 1 1 1 1 1 0 1 0 0 1 1 1 0 1 1 1
1 0 1 1 0 0 1 0 1 1 1 1 0 0 0 1 1 0 0 0 1 0 1 0 1 1 1 1 1 1 1 0 1 0 0 1 1 1 0 1 1 0 0 1 0 0 0 1 1 0 1 0 0 0 0 0 0 0 1 0 1 0 1 1 1 0 0 1 1 1 0 0 0 0 1 0 1 1 0 0 1 0 1 1
0 1 0 0 0 1 1 0 1 0 0 0 0 0 0 0 1 0 1 0 1 1 1 0 0 1 1 1 0 0 0 0 1 0 1 1 0 0 1 0 1 1 0 1 1 0 0 1 0 1 1 1 1 0 0 0 1 1 0 0 0 1 0 1 0 1 1 1 1 1 1 1 0 1 0 0 1 1 1 0 1 1 0 1
0 1 1 0 0 1 0 1 1 1 1 0 0 0 1 1 0 0 0 1 0 1 0 1 1 1 1 1 1 1 0 1 0 0 1 1 1 0 1 1 0 0 1 0 0 0 1 1 0 1 0 0 0 0 0 0 0 1 0 1 0 1 1 1 0 0 1 1 1 0 0 0 0 1 0 1 1 0 0 1 0 1 1 1
1 0 0 0 1 1 0 1 0 0 0 0 0 0 0 1 0 1 0 1 1 1 0 0 1 1 1 0 0 0 0 1 0 1 1 0 0 1 0 1 1 0 1 1 0 0 1 0 1 1 1 1 0 0 0 1 1 0 0 0 1 0 1 0 1 1 1 1 1 1 1 0 1 0 0 1 1 1 0 1 1 0 0 1
1 1 0 0 1 0 1 1 1 1 0 0 0 1 1 0 0 0 1 0 1 0 1 1 1 1 1 1 1 0 1 0 0 1 1 1 0 1 1 0 0 1 0 0 0 1 1 0 1 0 0 0 0 0 0 0 1 0 1 0 1 1 1 0 0 1 1 1 0 0 0 0 1 0 1 1 0 0 1 0 1 1 0 1
0 0 0 1 1 0 1 0 0 0 0 0 0 0 1 0 1 0 1 1 1 0 0 1 1 1 0 0 0 0 1 0 1 1 0 0 1 0 1 1 0 1 1 0 0 1 0 1 1 1 1 0 0 0 1 1 0 0 0 1 0 1 0 1 1 1 1 1 1 1 0 1 0 0 1 1 1 0 1 1 0 0 1 1
1 0 0 1 0 1 1 1 1 0 0 0 1 1 0 0 0 1 0 1 0 1 1 1 1 1 1 1 0 1 0 0 1 1 1 0 1 1 0 0 1 0 0 0 1 1 0 1 0 0 0 0 0 0 0 1 0 1 0 1 1 1 0 0 1 1 1 0 0 0 0 1 0 1 1 0 0 1 0 1 1 0 1 1
0 0 1 1 0 1 0 0 0 0 0 0 0 1 0 1 0 1 1 1 0 0 1 1 1 0 0 0 0 1 0 1 1 0 0 1 0 1 1 0 1 1 0 0 1 0 1 1 1 1 0 0 0 1 1 0 0 0 1 0 1 0 1 1 1 1 1 1 1 0 1 0 0 1 1 1 0 1 1 0 0 1 0 1
0 0 1 0 1 1 1 1 0 0 0 1 1 0 0 0 1 0 1 0 1 1 1 1 1 1 1 0 1 0 0 1 1 1 0 1 1 0 0 1 0 0 0 1 1 0 1 0 0 0 0 0 0 0 1 0 1 0 1 1 1 0 0 1 1 1 0 0 0 0 1 0 1 1 0 0 1 0 1 1 0 1 1 1
0 1 1 0 1 0 0 0 0 0 0 0 1 0 1 0 1 1 1 0 0 1 1 1 0 0 0 0 1 0 1 1 0 0 1 0 1 1 0 1 1 0 0 1 0 1 1 1 1 0 0 0 1 1 0 0 0 1 0 1 0 1 1 1 1 1 1 1 0 1 0 0 1 1 1 0 1 1 0 0 1 0 0 1
0 1 0 1 1 1 1 0 0 0 1 1 0 0 0 1 0 1 0 1 1 1 1 1 1 1 0 1 0 0 1 1 1 0 1 1 0 0 1 0 0 0 1 1 0 1 0 0 0 0 0 0 0 1 0 1 0 1 1 1 0 0 1 1 1 0 0 0 0 1 0 1 1 0 0 1 0 1 1 0 1 1 0 1
1 1 0 1 0 0 0 0 0 0 0 1 0 1 0 1 1 1 0 0 1 1 1 0 0 0 0 1 0 1 1 0 0 1 0 1 1 0 1 1 0 0 1 0 1 1 1 1 0 0 0 1 1 0 0 0 1 0 1 0 1 1 1 1 1 1 1 0 1 0 0 1 1 1 0 1 1 0 0 1 0 0 0 1
1 0 1 1 1 1 0 0 0 1 1 0 0 0 1 0 1 0 1 1 1 1 1 1 1 0 1 0 0 1 1 1 0 1 1 0 0 1 0 0 0 1 1 0 1 0 0 0 0 0 0 0 1 0 1 0 1 1 1 0 0 1 1 1 0 0 0 0 1 0 1 1 0 0 1 0 1 1 0 1 1 0 0 1
1 0 1 0 0 0 0 0 0 0 1 0 1 0 1 1 1 0 0 1 1 1 0 0 0 0 1 0 1 1 0 0 1 0 1 1 0 1 1 0 0 1 0 1 1 1 1 0 0 0 1 1 0 0 0 1 0 1 0 1 1 1 1 1 1 1 0 1 0 0 1 1 1 0 1 1 0 0 1 0 0 0 1 1
0 1 1 1 1 0 0 0 1 1 0 0 0 1 0 1 0 1 1 1 1 1 1 1 0 1 0 0 1 1 1 0 1 1 0 0 1 0 0 0 1 1 0 1 0 0 0 0 0 0 0 1 0 1 0 1 1 1 0 0 1 1 1 0 0 0 0 1 0 1 1 0 0 1 0 1 1 0 1 1 0 0 1 1
0 1 0 0 0 0 0 0 0 1 0 1 0 1 1 1 0 0 1 1 1 0 0 0 0 1 0 1 1 0 0 1 0 1 1 0 1 1 0 0 1 0 1 1 1 1 0 0 0 1 1 0 0 0 1 0 1 0 1 1 1 1 1 1 1 0 1 0 0 1 1 1 0 1 1 0 0 1 0 0 0 1 1 1
1 1 1 1 0 0 0 1 1 0 0 0 1 0 1 0 1 1 1 1 1 1 1 0 1 0 0 1 1 1 0 1 1 0 0 1 0 0 0 1 1 0 1 0 0 0 0 0 0 0 1 0 1 0 1 1 1 0 0 1 1 1 0 0 0 0 1 0 1 1 0 0 1 0 1 1 0 1 1 0 0 1 0 1
1 0 0 0 0 0 0 0 1 0 1 0 1 1 1 0 0 1 1 1 0 0 0 0 1 0 1 1 0 0 1 0 1 1 0 1 1 0 0 1 0 1 1 1 1 0 0 0 1 1 0 0 0 1 0 1 0 1 1 1 1 1 1 1 0 1 0 0 1 1 1 0 1 1 0 0 1 0 0 0 1 1 0 1
1 1 1 0 0 0 1 1 0 0 0 1 0 1 0 1 1 1 1 1 1 1 0 1 0 0 1 1 1 0 1 1 0 0 1 0 0 0 1 1 0 1 0 0 0 0 0 0 0 1 0 1 0 1 1 1 0 0 1 1 1 0 0 0 0 1 0 1 1 0 0 1 0 1 1 0 1 1 0 0 1 0 1 1
0 0 0 0 0 0 0 1 0 1 0 1 1 1 0 0 1 1 1 0 0 0 0 1 0 1 1 0 0 1 0 1 1 0 1 1 0 0 1 0 1 1 1 1 0 0 0 1 1 0 0 0 1 0 1 0 1 1 1 1 1 1 1 0 1 0 0 1 1 1 0 1 1 0 0 1 0 0 0 1 1 0 1 1
1 1 0 0 0 1 1 0 0 0 1 0 1 0 1 1 1 1 1 1 1 0 1 0 0 1 1 1 0 1 1 0 0 1 0 0 0 1 1 0 1 0 0 0 0 0 0 0 1 0 1 0 1 1 1 0 0 1 1 1 0 0 0 0 1 0 1 1 0 0 1 0 1 1 0 1 1 0 0 1 0 1 1 1
0 0 0 0 0 0 1 0 1 0 1 1 1 0 0 1 1 1 0 0 0 0 1 0 1 1 0 0 1 0 1 1 0 1 1 0 0 1 0 1 1 1 1 0 0 0 1 1 0 0 0 1 0 1 0 1 1 1 1 1 1 1 0 1 0 0 1 1 1 0 1 1 0 0 1 0 0 0 1 1 0 1 0 1
1 0 0 0 1 1 0 0 0 1 0 1 0 1 1 1 1 1 1 1 0 1 0 0 1 1 1 0 1 1 0 0 1 0 0 0 1 1 0 1 0 0 0 0 0 0 0 1 0 1 0 1 1 1 0 0 1 1 1 0 0 0 0 1 0 1 1 0 0 1 0 1 1 0 1 1 0 0 1 0 1 1 1 1
0 0 0 0 0 1 0 1 0 1 1 1 0 0 1 1 1 0 0 0 0 1 0 1 1 0 0 1 0 1 1 0 1 1 0 0 1 0 1 1 1 1 0 0 0 1 1 0 0 0 1 0 1 0 1 1 1 1 1 1 1 0 1 0 0 1 1 1 0 1 1 0 0 1 0 0 0 1 1 0 1 0 0 1
0 0 0 1 1 0 0 0 1 0 1 0 1 1 1 1 1 1 1 0 1 0 0 1 1 1 0 1 1 0 0 1 0 0 0 1 1 0 1 0 0 0 0 0 0 0 1 0 1 0 1 1 1 0 0 1 1 1 0 0 0 0 1 0 1 1 0 0 1 0 1 1 0 1 1 0 0 1 0 1 1 1 1 1
0 0 0 0 1 0 1 0 1 1 1 0 0 1 1 1 0 0 0 0 1 0 1 1 0 0 1 0 1 1 0 1 1 0 0 1 0 1 1 1 1 0 0 0 1 1 0 0 0 1 0 1 0 1 1 1 1 1 1 1 0 1 0 0 1 1 1 0 1 1 0 0 1 0 0 0 1 1 0 1 0 0 0 1
0 0 1 1 0 0 0 1 0 1 0 1 1 1 1 1 1 1 0 1 0 0 1 1 1 0 1 1 0 0 1 0 0 0 1 1 0 1 0 0 0 0 0 0 0 1 0 1 0 1 1 1 0 0 1 1 1 0 0 0 0 1 0 1 1 0 0 1 0 1 1 0 1 1 0 0 1 0 1 1 1 1 0 1
0 0 0 1 0 1 0 1 1 1 0 0 1 1 1 0 0 0 0 1 0 1 1 0 0 1 0 1 1 0 1 1 0 0 1 0 1 1 1 1 0 0 0 1 1 0 0 0 1 0 1 0 1 1 1 1 1 1 1 0 1 0 0 1 1 1 0 1 1 0 0 1 0 0 0 1 1 0 1 0 0 0 0 1
0 1 1 0 0 0 1 0 1 0 1 1 1 1 1 1 1 0 1 0 0 1 1 1 0 1 1 0 0 1 0 0 0 1 1 0 1 0 0 0 0 0 0 0 1 0 1 0 1 1 1 0 0 1 1 1 0 0 0 0 1 0 1 1 0 0 1 0 1 1 0 1 1 0 0 1 0 1 1 1 1 0 0 1
0 0 1 0 1 0 1 1 1 0 0 1 1 1 0 0 0 0 1 0 1 1 0 0 1 0 1 1 0 1 1 0 0 1 0 1 1 1 1 0 0 0 1 1 0 0 0 1 0 1 0 1 1 1 1 1 1 1 0 1 0 0 1 1 1 0 1 1 0 0 1 0 0 0 1 1 0 1 0 0 0 0 0 1
1 1 0 0 0 1 0 1 0 1 1 1 1 1 1 1 0 1 0 0 1 1 1 0 1 1 0 0 1 0 0 0 1 1 0 1 0 0 0 0 0 0 0 1 0 1 0 1 1 1 0 0 1 1 1 0 0 0 0 1 0 1 1 0 0 1 0 1 1 0 1 1 0 0 1 0 1 1 1 1 0 0 0 1
0 1 0 1 0 1 1 1 0 0 1 1 1 0 0 0 0 1 0 1 1 0 0 1 0 1 1 0 1 1 0 0 1 0 1 1 1 1 0 0 0 1 1 0 0 0 1 0 1 0 1 1 1 1 1 1 1 0 1 0 0 1 1 1 0 1 1 0 0 1 0 0 0 1 1 0 1 0 0 0 0 0 0 1
1 0 0 0 1 0 1 0 1 1 1 1 1 1 1 0 1 0 0 1 1 1 0 1 1 0 0 1 0 0 0 1 1 0 1 0 0 0 0 0 0 0 1 0 1 0 1 1 1 0 0 1 1 1 0 0 0 0 1 0 1 1 0 0 1 0 1 1 0 1 1 0 0 1 0 1 1 1 1 0 0 0 1 1
1 0 1 0 1 1 1 0 0 1 1 1 0 0 0 0 1 0 1 1 0 0 1 0 1 1 0 1 1 0 0 1 0 1 1 1 1 0 0 0 1 1 0 0 0 1 0 1 0 1 1 1 1 1 1 1 0 1 0 0 1 1 1 0 1 1 0 0 1 0 0 0 1 1 0 1 0 0 0 0 0 0 0 1
0 0 0 1 0 1 0 1 1 1 1 1 1 1 0 1 0 0 1 1 1 0 1 1 0 0 1 0 0 0 1 1 0 1 0 0 0 0 0 0 0 1 0 1 0 1 1 1 0 0 1 1 1 0 0 0 0 1 0 1 1 0 0 1 0 1 1 0 1 1 0 0 1 0 1 1 1 1 0 0 0 1 1 1
0 1 0 1 1 1 0 0 1 1 1 0 0 0 0 1 0 1 1 0 0 1 0 1 1 0 1 1 0 0 1 0 1 1 1 1 0 0 0 1 1 0 0 0 1 0 1 0 1 1 1 1 1 1 1 0 1 0 0 1 1 1 0 1 1 0 0 1 0 0 0 1 1 0 1 0 0 0 0 0 0 0 1 1
0 0 1 0 1 0 1 1 1 1 1 1 1 0 1 0 0 1 1 1 0 1 1 0 0 1 0 0 0 1 1 0 1 0 0 0 0 0 0 0 1 0 1 0 1 1 1 0 0 1 1 1 0 0 0 0 1 0 1 1 0 0 1 0 1 1 0 1 1 0 0 1 0 1 1 1 1 0 0 0 1 1 0 1
1 0 1 1 1 0 0 1 1 1 0 0 0 0 1 0 1 1 0 0 1 0 1 1 0 1 1 0 0 1 0 1 1 1 1 0 0 0 1 1 0 0 0 1 0 1 0 1 1 1 1 1 1 1 0 1 0 0 1 1 1 0 1 1 0 0 1 0 0 0 1 1 0 1 0 0 0 0 0 0 0 1 0 1
0 1 0 1 0 1 1 1 1 1 1 1 0 1 0 0 1 1 1 0 1 1 0 0 1 0 0 0 1 1 0 1 0 0 0 0 0 0 0 1 0 1 0 1 1 1 0 0 1 1 1 0 0 0 0 1 0 1 1 0 0 1 0 1 1 0 1 1 0 0 1 0 1 1 1 1 0 0 0 1 1 0 0 1
0 1 1 1 0 0 1 1 1 0 0 0 0 1 0 1 1 0 0 1 0 1 1 0 1 1 0 0 1 0 1 1 1 1 0 0 0 1 1 0 0 0 1 0 1 0 1 1 1 1 1 1 1 0 1 0 0 1 1 1 0 1 1 0 0 1 0 0 0 1 1 0 1 0 0 0 0 0 0 0 1 0 1 1
1 0 1 0 1 1 1 1 1 1 1 0 1 0 0 1 1 1 0 1 1 0 0 1 0 0 0 1 1 0 1 0 0 0 0 0 0 0 1 0 1 0 1 1 1 0 0 1 1 1 0 0 0 0 1 0 1 1 0 0 1 0 1 1 0 1 1 0 0 1 0 1 1 1 1 0 0 0 1 1 0 0 0 1
1 1 1 0 0 1 1 1 0 0 0 0 1 0 1 1 0 0 1 0 1 1 0 1 1 0 0 1 0 1 1 1 1 0 0 0 1 1 0 0 0 1 0 1 0 1 1 1 1 1 1 1 0 1 0 0 1 1 1 0 1 1 0 0 1 0 0 0 1 1 0 1 0 0 0 0 0 0 0 1 0 1 0 1
0 1 0 1 1 1 1 1 1 1 0 1 0 0 1 1 1 0 1 1 0 0 1 0 0 0 1 1 0 1 0 0 0 0 0 0 0 1 0 1 0 1 1 1 0 0 1 1 1 0 0 0 0 1 0 1 1 0 0 1 0 1 1 0 1 1 0 0 1 0 1 1 1 1 0 0 0 1 1 0 0 0 1 1
1 1 0 0 1 1 1 0 0 0 0 1 0 1 1 0 0 1 0 1 1 0 1 1 0 0 1 0 1 1 1 1 0 0 0 1 1 0 0 0 1 0 1 0 1 1 1 1 1 1 1 0 1 0 0 1 1 1 0 1 1 0 0 1 0 0 0 1 1 0 1 0 0 0 0 0 0 0 1 0 1 0 1 1
1 0 1 1 1 1 1 1 1 0 1 0 0 1 1 1 0 1 1 0 0 1 0 0 0 1 1 0 1 0 0 0 0 0 0 0 1 0 1 0 1 1 1 0 0 1 1 1 0 0 0 0 1 0 1 1 0 0 1 0 1 1 0 1 1 0 0 1 0 1 1 1 1 0 0 0 1 1 0 0 0 1 0 1
1 0 0 1 1 1 0 0 0 0 1 0 1 1 0 0 1 0 1 1 0 1 1 0 0 1 0 1 1 1 1 0 0 0 1 1 0 0 0 1 0 1 0 1 1 1 1 1 1 1 0 1 0 0 1 1 1 0 1 1 0 0 1 0 0 0 1 1 0 1 0 0 0 0 0 0 0 1 0 1 0 1 1 1
0 1 1 1 1 1 1 1 0 1 0 0 1 1 1 0 1 1 0 0 1 0 0 0 1 1 0 1 0 0 0 0 0 0 0 1 0 1 0 1 1 1 0 0 1 1 1 0 0 0 0 1 0 1 1 0 0 1 0 1 1 0 1 1 0 0 1 0 1 1 1 1 0 0 0 1 1 0 0 0 1 0 1 1
0 0 1 1 1 0 0 0 0 1 0 1 1 0 0 1 0 1 1 0 1 1 0 0 1 0 1 1 1 1 0 0 0 1 1 0 0 0 1 0 1 0 1 1 1 1 1 1 1 0 1 0 0 1 1 1 0 1 1 0 0 1 0 0 0 1 1 0 1 0 0 0 0 0 0 0 1 0 1 0 1 1 1 1
1 1 1 1 1 1 1 0 1 0 0 1 1 1 0 1 1 0 0 1 0 0 0 1 1 0 1 0 0 0 0 0 0 0 1 0 1 0 1 1 1 0 0 1 1 1 0 0 0 0 1 0 1 1 0 0 1 0 1 1 0 1 1 0 0 1 0 1 1 1 1 0 0 0 1 1 0 0 0 1 0 1 0 1
0 1 1 1 0 0 0 0 1 0 1 1 0 0 1 0 1 1 0 1 1 0 0 1 0 1 1 1 1 0 0 0 1 1 0 0 0 1 0 1 0 1 1 1 1 1 1 1 0 1 0 0 1 1 1 0 1 1 0 0 1 0 0 0 1 1 0 1 0 0 0 0 0 0 0 1 0 1 0 1 1 1 0 1
1 1 1 1 1 1 0 1 0 0 1 1 1 0 1 1 0 0 1 0 0 0 1 1 0 1 0 0 0 0 0 0 0 1 0 1 0 1 1 1 0 0 1 1 1 0 0 0 0 1 0 1 1 0 0 1 0 1 1 0 1 1 0 0 1 0 1 1 1 1 0 0 0 1 1 0 0 0 1 0 1 0 1 1
1 1 1 0 0 0 0 1 0 1 1 0 0 1 0 1 1 0 1 1 0 0 1 0 1 1 1 1 0 0 0 1 1 0 0 0 1 0 1 0 1 1 1 1 1 1 1 0 1 0 0 1 1 1 0 1 1 0 0 1 0 0 0 1 1 0 1 0 0 0 0 0 0 0 1 0 1 0 1 1 1 0 0 1
1 1 1 1 1 0 1 0 0 1 1 1 0 1 1 0 0 1 0 0 0 1 1 0 1 0 0 0 0 0 0 0 1 0 1 0 1 1 1 0 0 1 1 1 0 0 0 0 1 0 1 1 0 0 1 0 1 1 0 1 1 0 0 1 0 1 1 1 1 0 0 0 1 1 0 0 0 1 0 1 0 1 1 1
1 1 0 0 0 0 1 0 1 1 0 0 1 0 1 1 0 1 1 0 0 1 0 1 1 1 1 0 0 0 1 1 0 0 0 1 0 1 0 1 1 1 1 1 1 1 0 1 0 0 1 1 1 0 1 1 0 0 1 0 0 0 1 1 0 1 0 0 0 0 0 0 0 1 0 1 0 1 1 1 0 0 1 1
1 1 1 1 0 1 0 0 1 1 1 0 1 1 0 0 1 0 0 0 1 1 0 1 0 0 0 0 0 0 0 1 0 1 0 1 1 1 0 0 1 1 1 0 0 0 0 1 0 1 1 0 0 1 0 1 1 0 1 1 0 0 1 0 1 1 1 1 0 0 0 1 1 0 0 0 1 0 1 0 1 1 1 1
1 0 0 0 0 1 0 1 1 0 0 1 0 1 1 0 1 1 0 0 1 0 1 1 1 1 0 0 0 1 1 0 0 0 1 0 1 0 1 1 1 1 1 1 1 0 1 0 0 1 1 1 0 1 1 0 0 1 0 0 0 1 1 0 1 0 0 0 0 0 0 0 1 0 1 0 1 1 1 0 0 1 1 1
1 1 1 0 1 0 0 1 1 1 0 1 1 0 0 1 0 0 0 1 1 0 1 0 0 0 0 0 0 0 1 0 1 0 1 1 1 0 0 1 1 1 0 0 0 0 1 0 1 1 0 0 1 0 1 1 0 1 1 0 0 1 0 1 1 1 1 0 0 0 1 1 0 0 0 1 0 1 0 1 1 1 1 1
0 0 0 0 1 0 1 1 0 0 1 0 1 1 0 1 1 0 0 1 0 1 1 1 1 0 0 0 1 1 0 0 0 1 0 1 0 1 1 1 1 1 1 1 0 1 0 0 1 1 1 0 1 1 0 0 1 0 0 0 1 1 0 1 0 0 0 0 0 0 0 1 0 1 0 1 1 1 0 0 1 1 1 1
1 1 0 1 0 0 1 1 1 0 1 1 0 0 1 0 0 0 1 1 0 1 0 0 0 0 0 0 0 1 0 1 0 1 1 1 0 0 1 1 1 0 0 0 0 1 0 1 1 0 0 1 0 1 1 0 1 1 0 0 1 0 1 1 1 1 0 0 0 1 1 0 0 0 1 0 1 0 1 1 1 1 1 1
0 0 0 1 0 1 1 0 0 1 0 1 1 0 1 1 0 0 1 0 1 1 1 1 0 0 0 1 1 0 0 0 1 0 1 0 1 1 1 1 1 1 1 0 1 0 0 1 1 1 0 1 1 0 0 1 0 0 0 1 1 0 1 0 0 0 0 0 0 0 1 0 1 0 1 1 1 0 0 1 1 1 0 1
1 0 1 0 0 1 1 1 0 1 1 0 0 1 0 0 0 1 1 0 1 0 0 0 0 0 0 0 1 0 1 0 1 1 1 0 0 1 1 1 0 0 0 0 1 0 1 1 0 0 1 0 1 1 0 1 1 0 0 1 0 1 1 1 1 0 0 0 1 1 0 0 0 1 0 1 0 1 1 1 1 1 1 1
0 0 1 0 1 1 0 0 1 0 1 1 0 1 1 0 0 1 0 1 1 1 1 0 0 0 1 1 0 0 0 1 0 1 0 1 1 1 1 1 1 1 0 1 0 0 1 1 1 0 1 1 0 0 1 0 0 0 1 1 0 1 0 0 0 0 0 0 0 1 0 1 0 1 1 1 0 0 1 1 1 0 0 1
0 1 0 0 1 1 1 0 1 1 0 0 1 0 0 0 1 1 0 1 0 0 0 0 0 0 0 1 0 1 0 1 1 1 0 0 1 1 1 0 0 0 0 1 0 1 1 0 0 1 0 1 1 0 1 1 0 0 1 0 1 1 1 1 0 0 0 1 1 0 0 0 1 0 1 0 1 1 1 1 1 1 1 1
0 1 0 1 1 0 0 1 0 1 1 0 1 1 0 0 1 0 1 1 1 1 0 0 0 1 1 0 0 0 1 0 1 0 1 1 1 1 1 1 1 0 1 0 0 1 1 1 0 1 1 0 0 1 0 0 0 1 1 0 1 0 0 0 0 0 0 0 1 0 1 0 1 1 1 0 0 1 1 1 0 0 0 1
1 0 0 1 1 1 0 1 1 0 0 1 0 0 0 1 1 0 1 0 0 0 0 0 0 0 1 0 1 0 1 1 1 0 0 1 1 1 0 0 0 0 1 0 1 1 0 0 1 0 1 1 0 1 1 0 0 1 0 1 1 1 1 0 0 0 1 1 0 0 0 1 0 1 0 1 1 1 1 1 1 1 0 1
1 0 1 1 0 0 1 0 1 1 0 1 1 0 0 1 0 1 1 1 1 0 0 0 1 1 0 0 0 1 0 1 0 1 1 1 1 1 1 1 0 1 0 0 1 1 1 0 1 1 0 0 1 0 0 0 1 1 0 1 0 0 0 0 0 0 0 1 0 1 0 1 1 1 0 0 1 1 1 0 0 0 0 1
0 0 1 1 1 0 1 1 0 0 1 0 0 0 1 1 0 1 0 0 0 0 0 0 0 1 0 1 0 1 1 1 0 0 1 1 1 0 0 0 0 1 0 1 1 0 0 1 0 1 1 0 1 1 0 0 1 0 1 1 1 1 0 0 0 1 1 0 0 0 1 0 1 0 1 1 1 1 1 1 1 0 1 1
0 1 1 0 0 1 0 1 1 0 1 1 0 0 1 0 1 1 1 1 0 0 0 1 1 0 0 0 1 0 1 0 1 1 1 1 1 1 1 0 1 0 0 1 1 1 0 1 1 0 0 1 0 0 0 1 1 0 1 0 0 0 0 0 0 0 1 0 1 0 1 1 1 0 0 1 1 1 0 0 0 0 1 1
0 1 1 1 0 1 1 0 0 1 0 0 0 1 1 0 1 0 0 0 0 0 0 0 1 0 1 0 1 1 1 0 0 1 1 1 0 0 0 0 1 0 1 1 0 0 1 0 1 1 0 1 1 0 0 1 0 1 1 1 1 0 0 0 1 1 0 0 0 1 0 1 0 1 1 1 1 1 1 1 0 1 0 1
1 1 0 0 1 0 1 1 0 1 1 0 0 1 0 1 1 1 1 0 0 0 1 1 0 0 0 1 0 1 0 1 1 1 1 1 1 1 0 1 0 0 1 1 1 0 1 1 0 0 1 0 0 0 1 1 0 1 0 0 0 0 0 0 0 1 0 1 0 1 1 1 0 0 1 1 1 0 0 0 0 1 0 1
1 1 1 0 1 1 0 0 1 0 0 0 1 1 0 1 0 0 0 0 0 0 0 1 0 1 0 1 1 1 0 0 1 1 1 0 0 0 0 1 0 1 1 0 0 1 0 1 1 0 1 1 0 0 1 0 1 1 1 1 0 0 0 1 1 0 0 0 1 0 1 0 1 1 1 1 1 1 1 0 1 0 0 1
1 0 0 1 0 1 1 0 1 1 0 0 1 0 1 1 1 1 0 0 0 1 1 0 0 0 1 0 1 0 1 1 1 1 1 1 1 0 1 0 0 1 1 1 0 1 1 0 0 1 0 0 0 1 1 0 1 0 0 0 0 0 0 0 1 0 1 0 1 1 1 0 0 1 1 1 0 0 0 0 1 0 1 1
1 1 0 1 1 0 0 1 0 0 0 1 1 0 1 0 0 0 0 0 0 0 1 0 1 0 1 1 1 0 0 1 1 1 0 0 0 0 1 0 1 1 0 0 1 0 1 1 0 1 1 0 0 1 0 1 1 1 1 0 0 0 1 1 0 0 0 1 0 1 0 1 1 1 1 1 1 1 0 1 0 0 1 1
0 0 1 0 1 1 0 1 1 0 0 1 0 1 1 1 1 0 0 0 1 1 0 0 0 1 0 1 0 1 1 1 1 1 1 1 0 1 0 0 1 1 1 0 1 1 0 0 1 0 0 0 1 1 0 1 0 0 0 0 0 0 0 1 0 1 0 1 1 1 0 0 1 1 1 0 0 0 0 1 0 1 1 1
1 0 1 1 0 0 1 0 0 0 1 1 0 1 0 0 0 0 0 0 0 1 0 1 0 1 1 1 0 0 1 1 1 0 0 0 0 1 0 1 1 0 0 1 0 1 1 0 1 1 0 0 1 0 1 1 1 1 0 0 0 1 1 0 0 0 1 0 1 0 1 1 1 1 1 1 1 0 1 0 0 1 1 1
0 1 0 1 1 0 1 1 0 0 1 0 1 1 1 1 0 0 0 1 1 0 0 0 1 0 1 0 1 1 1 1 1 1 1 0 1 0 0 1 1 1 0 1 1 0 0 1 0 0 0 1 1 0 1 0 0 0 0 0 0 0 1 0 1 0 1 1 1 0 0 1 1 1 0 0 0 0 1 0 1 1 0 1
0 1 1 0 0 1 0 0 0 1 1 0 1 0 0 0 0 0 0 0 1 0 1 0 1 1 1 0 0 1 1 1 0 0 0 0 1 0 1 1 0 0 1 0 1 1 0 1 1 0 0 1 0 1 1 1 1 0 0 0 1 1 0 0 0 1 0 1 0 1 1 1 1 1 1 1 0 1 0 0 1 1 1 1
1 0 1 1 0 1 1 0 0 1 0 1 1 1 1 0 0 0 1 1 0 0 0 1 0 1 0 1 1 1 1 1 1 1 0 1 0 0 1 1 1 0 1 1 0 0 1 0 0 0 1 1 0 1 0 0 0 0 0 0 0 1 0 1 0 1 1 1 0 0 1 1 1 0 0 0 0 1 0 1 1 0 0 1
1 1 0 0 1 0 0 0 1 1 0 1 0 0 0 0 0 0 0 1 0 1 0 1 1 1 0 0 1 1 1 0 0 0 0 1 0 1 1 0 0 1 0 1 1 0 1 1 0 0 1 0 1 1 1 1 0 0 0 1 1 0 0 0 1 0 1 0 1 1 1 1 1 1 1 0 1 0 0 1 1 1 0 1
0 1 1 0 1 1 0 0 1 0 1 1 1 1 0 0 0 1 1 0 0 0 1 0 1 0 1 1 1 1 1 1 1 0 1 0 0 1 1 1 0 1 1 0 0 1 0 0 0 1 1 0 1 0 0 0 0 0 0 0 1 0 1 0 1 1 1 0 0 1 1 1 0 0 0 0 1 0 1 1 0 0 1 1
1 0 0 1 0 0 0 1 1 0 1 0 0 0 0 0 0 0 1 0 1 0 1 1 1 0 0 1 1 1 0 0 0 0 1 0 1 1 0 0 1 0 1 1 0 1 1 0 0 1 0 1 1 1 1 0 0 0 1 1 0 0 0 1 0 1 0 1 1 1 1 1 1 1 0 1 0 0 1 1 1 0 1 1
