117 24 2^24 5
1 0 1 0 1 0 1 0 1 0 1 0 1 0 1 1 1 0 1 0 1 1 1 0
0 0 0 0 0 0 0 1 1 1 1 0 0 1 0 1 0 1 0 0 0 0 0 1
1 0 1 0 1 1 1 0 1 1 1 1 0 0 1 1 1 1 0 1 0 1 0 1
1 0 1 1 0 0 0 0 0 1 0 0 1 0 0 1 1 1 0 1 1 1 0 1
0 1 0 1 1 0 0 1 0 1 0 0 0 1 0 0 0 1 0 1 0 0 0 1
0 1 0 1 0 1 1 0 1 1 1 1 1 1 1 1 0 1 1 1 1 1 1 1
0 1 1 0 0 0 1 1 0 1 1 0 0 1 1 1 1 0 0 1 0 0 0 1
0 0 0 1 0 1 1 1 0 1 0 1 1 1 1 1 1 1 0 1 1 1 1 0
1 1 1 0 1 1 0 1 1 1 0 1 1 1 0 0 0 1 1 1 0 1 0 0
1 1 1 0 1 1 1 1 1 0 1 1 0 1 1 1 1 1 0 0 0 1 0 1
1 1 1 0 0 0 1 1 1 1 1 0 1 1 1 0 0 0 1 1 1 0 1 0
1 0 0 1 0 1 1 1 1 1 0 0 0 0 0 0 1 1 0 0 1 0 1 1
1 1 1 0 1 1 0 1 1 1 0 1 0 1 0 0 0 1 0 1 1 1 1 1
1 1 0 0 1 1 1 1 1 0 1 0 0 0 0 0 0 0 1 0 0 0 1 1
1 1 0 1 1 1 1 0 0 1 0 1 0 0 1 1 0 0 1 1 1 0 0 0
1 1 1 1 1 0 0 1 0 0 0 1 0 1 1 1 0 1 0 0 1 0 1 1
0 1 0 0 0 1 0 0 0 1 0 0 0 0 1 0 1 1 1 1 0 1 1 1
1 0 0 0 1 0 0 0 1 0 0 0 0 0 1 0 0 0 0 1 1 0 0 1
1 1 0 0 0 0 0 1 0 1 1 0 0 0 1 0 0 1 0 0 1 1 1 0
1 0 0 0 0 0 0 1 1 1 1 1 0 0 0 1 1 0 1 0 1 1 0 0
1 1 1 1 1 0 1 0 0 0 0 0 1 1 1 0 0 1 1 1 0 0 1 1
1 0 1 1 0 1 1 1 0 0 1 0 0 1 0 0 0 1 1 1 1 0 0 0
0 0 1 1 1 0 1 1 1 1 0 0 0 0 1 1 0 1 1 0 0 1 1 1
0 1 1 0 1 0 1 1 0 0 0 0 0 0 0 0 1 0 0 0 1 1 0 0
0 1 1 1 1 1 1 0 0 0 0 0 1 1 1 0 1 1 0 0 0 0 1 1
1 1 0 0 0 0 0 0 0 1 1 1 0 0 1 1 0 1 0 0 0 1 1 0
0 0 0 0 1 1 0 0 0 1 1 1 0 1 0 1 1 0 0 0 1 0 1 1
1 0 1 0 0 1 1 0 0 0 1 0 0 1 1 0 0 1 0 1 1 1 0 0
1 1 1 0 0 0 1 1 0 0 0 1 1 0 1 1 0 1 0 0 1 0 1 1
0 1 1 1 1 0 0 0 0 1 1 1 1 1 1 1 1 1 1 1 1 1 0 0
0 0 0 1 1 1 1 0 1 1 1 0 0 0 0 0 1 0 1 1 0 1 0 0
0 0 1 0 0 0 0 1 1 0 1 0 1 0 0 0 0 1 0 0 0 0 0 1
0 0 1 1 0 0 0 0 1 1 0 1 0 1 1 0 1 1 0 0 1 0 0 0
1 1 1 1 0 1 0 0 1 0 0 0 0 0 0 1 0 0 0 0 0 0 0 0
1 1 0 1 1 1 1 1 0 1 1 0 1 0 0 1 1 1 1 1 1 1 1 1
0 0 1 1 1 1 1 0 1 0 0 0 1 1 0 1 1 0 1 1 1 0 0 1
0 1 1 1 0 0 1 0 1 0 1 1 0 0 0 0 0 0 0 1 1 1 1 1
1 0 0 1 1 1 0 1 0 1 1 1 1 1 1 1 1 1 1 1 0 0 1 0
0 1 0 0 1 0 1 0 1 0 0 1 1 0 0 1 1 1 0 1 0 0 0 0
0 1 1 0 1 1 0 0 0 1 1 0 1 1 0 1 0 0 0 0 1 0 1 1
1 1 0 1 0 0 1 1 1 1 1 0 0 1 1 1 1 0 0 1 0 0 0 1
1 0 0 0 0 1 0 0 1 1 0 0 1 1 1 1 0 1 1 0 0 0 0 1
0 1 0 1 1 0 1 1 0 0 1 1 0 1 0 1 1 1 1 1 1 1 1 0
0 0 1 1 1 1 0 1 0 1 1 0 0 1 1 0 0 0 1 0 1 1 0 1
0 0 1 0 0 0 0 0 0 0 0 1 1 1 1 1 0 0 0 1 0 1 0 0
0 1 1 0 0 1 0 1 1 0 0 1 0 0 0 1 1 0 1 1 1 0 1 1
0 1 0 0 1 1 1 1 0 1 0 0 1 1 1 1 1 1 1 0 1 1 0 0
0 1 0 1 0 0 0 1 0 0 0 0 1 0 0 0 0 0 1 1 1 0 1 0
1 1 0 1 0 1 0 1 0 0 1 1 1 0 1 0 1 0 1 0 0 1 0 1
0 1 0 1 1 0 0 1 1 1 0 1 1 0 0 1 1 0 0 0 0 1 1 1
1 1 1 0 1 0 0 0 0 0 1 0 1 0 0 1 0 0 1 1 0 1 0 1
0 0 0 0 1 0 0 1 1 0 1 0 1 1 1 0 1 1 0 1 1 1 1 1
0 0 0 1 1 1 1 0 0 0 1 1 0 0 0 0 0 1 0 0 0 1 0 1
1 1 0 0 0 1 0 0 0 0 1 1 1 1 0 0 1 1 0 1 1 0 0 1
1 0 0 1 0 0 0 0 1 0 1 1 0 1 0 1 0 1 1 1 0 0 1 1
0 0 0 1 0 0 1 0 0 0 1 0 0 0 1 1 1 0 1 0 1 0 0 1
1 0 1 0 1 1 0 1 0 1 0 0 1 0 1 0 1 0 0 0 0 0 0 0
0 1 1 0 0 1 0 0 0 0 1 0 0 0 1 0 1 1 1 1 0 0 1 0
0 1 0 1 1 1 1 1 1 1 1 1 0 1 1 0 1 1 1 0 1 0 1 0
0 0 1 0 1 0 1 0 1 1 1 0 0 0 0 1 0 1 0 1 1 0 1 0
0 0 1 0 0 0 1 1 0 1 1 1 1 1 0 0 1 1 1 0 0 1 1 1
0 1 1 1 0 1 0 1 1 0 1 0 1 1 0 1 1 1 0 0 0 1 1 0
0 1 0 1 1 1 0 1 1 0 1 0 1 0 1 1 0 1 0 1 1 0 0 0
0 1 0 0 0 0 1 0 1 0 0 0 0 1 0 1 0 1 1 0 1 1 0 1
0 0 0 0 0 1 0 1 1 1 1 1 0 0 0 1 0 0 0 1 1 1 0 0
0 0 1 1 1 1 1 1 1 0 0 1 1 1 0 0 1 0 1 1 0 0 0 1
1 1 0 1 1 1 0 0 1 0 0 0 0 1 1 1 1 0 0 1 1 1 1 0
0 1 1 0 0 1 1 0 1 1 0 0 1 0 1 0 0 0 0 0 1 1 0 1
1 1 0 1 0 0 1 1 1 0 0 1 0 0 1 0 0 1 1 1 0 1 0 0
0 1 1 1 1 1 1 1 0 1 1 1 1 0 1 0 1 0 0 1 1 1 1 0
0 0 1 0 0 1 0 1 0 0 0 1 0 0 1 1 1 1 1 1 1 0 0 1
1 1 0 1 0 0 0 1 1 0 0 1 1 1 1 0 1 0 1 0 1 1 0 1
1 1 0 1 1 0 1 0 0 1 1 0 1 1 0 0 0 0 0 0 0 1 0 0
0 1 0 0 1 1 1 1 0 0 1 1 1 1 1 1 0 0 1 1 0 1 1 0
1 1 0 0 0 0 1 0 1 1 0 1 1 0 0 0 1 1 0 1 0 0 1 0
0 0 0 0 1 0 1 1 0 1 1 1 1 0 1 0 0 1 1 1 1 0 0 1
1 0 1 0 0 0 1 0 0 1 0 1 0 0 0 0 0 0 1 0 0 0 0 1
1 0 0 1 1 0 1 0 1 1 1 0 1 1 1 0 0 1 0 0 0 1 1 0
1 0 0 0 1 0 0 1 0 0 0 0 0 1 0 1 1 1 1 0 0 0 0 0
0 0 1 1 1 0 0 1 1 1 0 0 0 0 1 1 0 0 1 1 0 1 1 0
1 0 1 1 1 1 0 0 0 0 0 1 1 0 0 0 0 1 1 0 1 1 1 0
0 1 1 0 1 0 0 0 1 0 1 1 0 1 1 0 0 0 1 0 0 0 0 0
1 0 1 1 0 1 0 0 1 1 1 1 1 0 1 0 0 0 0 1 0 0 1 1
1 0 0 0 0 1 1 1 0 0 0 0 1 0 0 1 0 0 0 1 0 1 1 1
1 0 1 1 0 0 1 1 1 0 0 0 1 0 1 0 1 1 1 1 0 1 0 0
0 0 0 0 0 1 1 1 1 0 0 1 0 1 1 0 0 0 0 0 0 0 1 0
1 1 1 1 1 0 0 0 1 1 1 0 0 0 0 0 1 1 1 0 1 0 0 1
1 0 1 1 1 0 0 1 0 0 1 1 0 0 0 0 1 0 0 1 0 0 1 0
1 1 1 1 0 1 1 0 0 1 0 1 0 1 0 1 1 0 1 0 0 1 1 0
1 0 1 1 1 0 1 1 1 1 0 1 1 1 0 1 0 0 0 0 1 1 0 0
0 1 0 0 1 0 0 0 1 1 0 1 1 0 1 1 1 0 1 0 0 0 1 1
0 0 0 0 0 1 0 0 1 1 1 0 1 1 0 0 1 0 1 1 0 1 0 0
0 1 1 1 0 1 1 1 0 1 1 1 1 0 0 1 0 1 1 0 0 0 0 0
1 1 0 0 0 1 1 0 0 0 1 1 1 1 0 0 1 0 0 0 1 0 0 0
1 0 1 0 0 0 0 0 1 0 0 0 0 1 0 0 1 0 0 0 0 1 1 1
1 0 0 1 1 0 1 1 1 0 1 1 1 1 0 1 0 0 0 0 1 0 0 1
1 0 1 1 0 1 0 1 0 0 1 0 0 1 1 1 0 0 1 0 1 1 1 1
0 0 0 1 1 1 0 0 0 0 0 1 0 0 1 1 1 1 0 0 0 1 0 1
1 1 1 0 0 0 0 1 1 1 0 0 1 1 0 1 1 0 1 1 1 0 1 0
0 0 0 1 0 0 0 0 0 1 0 0 1 1 0 0 0 0 1 0 1 0 1 0
0 0 1 0 1 1 1 0 0 1 0 0 0 1 0 1 0 1 0 1 0 0 1 0
1 0 0 0 1 0 1 0 0 1 0 1 0 1 1 0 1 0 1 1 1 1 1 1
0 1 0 1 0 1 0 1 0 1 0 1 0 1 0 0 0 0 0 1 0 1 0 1
0 0 0 1 0 0 1 0 0 0 1 0 1 0 1 1 1 0 0 0 0 0 1 0
1 0 1 0 0 1 1 0 1 0 1 1 1 0 1 1 1 1 1 0 1 0 1 0
1 1 1 1 0 1 0 0 1 0 0 0 1 0 1 0 1 0 1 0 0 1 1 0
0 0 0 0 1 1 0 0 1 0 0 1 1 0 0 0 0 1 1 0 1 1 1 0
1 1 1 0 1 0 0 1 0 1 0 1 0 0 0 0 1 0 1 0 0 0 1 1
1 0 0 0 1 1 1 1 1 0 0 1 1 0 1 1 1 1 0 1 1 0 0 0
0 0 1 1 1 1 0 0 1 0 1 1 0 1 1 1 0 0 0 1 1 1 0 1
0 0 1 0 0 1 1 1 1 0 1 1 0 1 0 1 0 0 1 0 1 1 1 0
1 0 0 1 0 0 1 0 0 1 0 1 0 1 1 0 0 1 0 1 1 0 0 0
1 0 1 0 0 1 1 0 0 1 1 0 0 0 0 0 1 1 1 0 1 1 1 1
1 1 0 1 1 1 0 0 0 0 1 0 0 0 0 0 1 0 0 0 0 0 0 1
0 0 0 1 0 0 1 0 1 0 0 0 0 0 1 0 1 0 0 0 1 1 0 1
0 1 1 0 0 0 1 1 0 1 1 1 0 0 0 1 0 1 1 1 0 1 1 1
0 0 0 0 0 0 0 1 0 1 1 1 0 0 1 0 1 0 0 0 1 0 1 0
C Elapsed Time 6091.810000 
