C CINVESTAV-TAMAULIPAS, MEXICO 
C email: jtj@cinvestav.mx 
C http://www.tamps.cinvestav.mx/~jtj/ 
C 
241 122 2^122 5
0 0 1 0 1 0 0 1 1 0 0 1 1 1 1 1 1 1 1 1 1 0 1 1 0 1 0 1 1 0 0 0 0 0 1 1 1 1 0 0 1 0 0 1 0 1 0 1 0 1 1 0 0 0 0 1 1 1 0 1 1 1 0 1 0 0 1 0 1 0 0 1 1 1 1 1 0 0 1 1 1 1 0 0 0 0 1 0 0 1 1 0 1 0 1 0 1 0 0 1 0 0 0 1 1 1 1 0 0 0 0 1 0 0 1 1 0 0 0 0 0 0
0 0 1 0 0 1 0 0 1 0 1 0 1 0 0 0 0 1 0 1 1 0 1 0 1 0 1 0 0 1 1 0 0 1 1 1 1 0 0 0 0 1 1 0 1 0 1 1 0 0 1 1 1 1 1 1 1 1 0 1 0 1 0 0 0 0 1 1 0 1 1 0 1 1 0 0 0 0 1 0 1 0 1 1 0 0 1 0 1 0 1 0 1 1 1 0 1 0 1 1 0 0 1 0 0 1 0 0 1 1 0 0 1 0 0 1 1 1 1 0 1 0
1 1 0 0 1 1 1 1 0 0 0 0 0 1 1 0 1 0 1 1 0 0 1 1 1 1 1 1 1 1 1 0 0 1 1 0 1 0 0 1 0 0 0 0 1 1 1 1 0 0 0 1 0 1 0 1 1 1 1 0 0 0 1 0 1 1 1 0 0 1 1 1 0 1 0 0 1 0 1 0 0 0 0 1 1 1 0 0 1 1 1 0 1 0 0 0 0 1 0 1 1 0 0 1 0 1 0 1 0 0 0 1 0 0 0 1 1 0 0 0 0 1
0 1 1 1 1 0 1 0 0 0 0 0 1 0 0 1 0 0 1 1 1 0 1 1 1 0 0 1 0 0 1 1 0 0 0 0 1 0 0 1 0 1 0 1 0 1 0 0 1 0 1 1 1 0 0 0 0 0 1 0 1 1 0 0 0 1 1 1 1 1 1 1 1 1 1 1 1 1 0 1 1 0 0 0 1 1 0 1 1 0 0 0 1 0 0 0 1 1 0 1 0 0 1 1 0 0 1 0 1 0 0 0 1 0 0 1 1 1 0 1 1 0
0 1 1 0 1 0 0 0 0 1 1 1 1 1 0 0 1 0 1 0 0 1 0 0 0 0 0 0 0 0 0 1 1 1 0 0 1 0 0 0 1 0 1 1 1 0 0 0 0 1 1 1 0 1 0 1 1 0 1 0 1 1 1 0 1 0 0 0 1 1 0 0 1 1 0 1 1 1 1 0 1 0 1 1 0 0 0 0 1 0 0 0 1 0 1 1 1 1 1 1 0 0 1 1 0 1 0 1 0 0 1 1 0 0 1 0 1 0 1 1 0 1
1 0 1 1 1 0 1 0 1 0 0 0 0 0 0 0 0 0 0 0 0 0 1 1 0 0 1 0 1 0 0 1 0 1 1 1 0 0 1 0 1 0 0 1 1 0 1 0 1 1 0 1 0 1 1 1 1 0 0 1 1 0 0 1 1 0 1 0 1 1 0 1 1 1 1 0 0 1 0 1 0 0 1 0 1 1 1 0 0 1 0 0 1 1 0 1 0 1 1 1 1 0 1 1 1 0 0 0 0 1 0 1 0 1 0 0 1 1 0 0 1 0
1 1 0 1 0 0 1 0 0 1 0 1 0 0 1 0 0 1 1 1 0 0 1 1 0 1 0 0 0 0 1 0 1 1 0 0 1 0 1 0 0 0 1 0 0 0 1 1 1 0 0 0 1 1 0 1 1 0 1 1 1 1 1 1 1 1 1 0 1 1 1 0 1 1 1 0 0 0 0 0 1 1 1 0 0 0 1 0 0 1 0 1 0 1 0 0 1 1 0 1 0 0 0 0 1 0 1 1 1 0 0 0 0 0 1 1 0 0 1 1 1 1
1 1 0 1 1 0 1 1 1 0 0 1 1 1 0 1 0 0 0 0 1 0 1 0 0 1 0 1 0 1 0 0 1 0 0 0 1 1 0 1 0 0 0 0 1 1 0 1 0 1 1 1 1 1 1 1 1 1 0 1 1 0 0 1 1 0 0 0 0 0 1 1 1 0 0 0 1 0 0 1 0 0 1 0 0 1 1 0 0 0 0 0 0 1 0 1 1 1 0 0 1 1 1 0 0 1 0 0 1 0 1 0 0 0 1 1 1 1 1 1 0 1
0 1 1 1 1 1 0 0 1 0 1 1 0 0 1 0 1 0 1 0 0 1 0 0 1 1 1 1 0 0 0 0 0 1 1 0 1 0 1 1 0 1 1 1 1 1 1 1 1 1 1 1 0 1 0 1 0 0 0 1 1 1 0 0 0 1 0 0 0 0 1 0 1 0 1 1 0 1 0 0 0 1 0 1 1 1 0 0 0 1 0 0 0 1 0 0 1 0 1 0 0 1 0 0 1 1 1 0 0 0 0 0 0 1 0 1 1 1 1 1 0 0
1 1 1 1 1 1 1 1 1 1 0 0 1 1 0 0 1 0 1 0 1 0 1 1 0 1 0 0 0 0 1 1 0 0 1 0 0 1 0 1 0 1 1 1 0 0 1 0 0 0 0 0 1 0 1 1 1 0 0 1 0 0 1 0 0 1 0 1 1 0 0 0 0 0 0 1 1 0 1 1 0 0 0 1 1 0 1 1 0 1 0 0 1 1 1 1 1 1 1 1 0 0 0 0 1 1 0 1 0 1 0 0 0 0 0 1 0 1 1 1 0 0
1 1 1 1 1 1 1 1 1 1 1 1 1 1 1 1 1 1 1 1 1 1 1 1 1 1 1 1 1 1 1 1 1 1 1 1 1 1 1 1 1 1 1 1 1 1 1 1 1 1 1 1 1 1 1 1 1 1 1 1 1 1 1 1 1 1 1 1 1 1 1 1 1 1 1 1 1 1 1 1 1 1 1 1 1 1 1 1 1 1 1 1 1 1 1 1 1 1 1 1 1 1 1 1 1 1 1 1 1 1 1 1 1 1 1 0 1 1 1 1 1 1
1 1 0 0 0 1 0 0 0 0 1 1 0 0 1 0 1 0 0 1 1 0 1 0 0 0 0 1 1 1 0 1 1 0 1 0 1 0 0 1 0 1 0 1 1 1 1 0 1 0 1 0 0 0 1 1 1 0 0 1 1 0 1 0 0 0 1 1 0 0 0 1 0 1 1 1 0 1 0 0 1 0 1 0 1 0 1 1 0 1 0 1 0 0 0 0 1 1 1 1 1 0 0 1 0 1 0 0 1 1 1 0 1 1 1 0 0 0 1 0 0 1
1 1 0 1 1 1 0 0 0 0 1 0 0 1 0 1 0 0 1 1 1 0 0 0 0 0 1 1 1 0 1 1 0 1 0 1 0 1 0 0 1 0 1 1 1 1 0 1 0 0 0 0 0 1 1 0 0 1 1 1 0 1 0 0 0 1 1 0 0 0 1 0 0 1 1 0 1 0 0 1 1 1 0 1 0 1 1 0 0 1 0 0 0 0 0 1 1 1 1 1 0 0 1 0 1 0 0 1 1 0 1 1 1 1 1 0 0 1 1 0 0 0
0 0 0 1 1 0 0 0 0 0 0 0 1 0 1 0 0 1 1 1 1 0 0 0 0 1 1 1 0 1 1 0 1 0 1 0 1 1 0 0 1 1 1 1 1 0 1 0 0 1 0 0 1 1 0 1 1 1 1 0 1 1 0 0 1 1 0 0 0 1 0 1 0 1 0 1 0 0 1 1 0 0 1 0 1 1 0 1 0 1 0 0 0 0 1 1 1 0 1 0 0 1 0 1 0 0 1 1 1 1 1 0 0 1 0 0 0 1 0 0 1 1
0 0 1 1 1 0 0 0 0 0 0 1 0 1 0 0 1 1 1 1 0 0 0 0 1 1 1 0 1 1 1 1 0 1 0 1 1 0 0 1 0 1 1 1 0 1 0 0 0 0 0 1 1 0 1 1 1 0 0 1 1 0 0 1 1 0 1 0 0 0 1 1 0 0 1 0 0 1 1 0 1 1 0 1 1 0 0 1 0 0 0 0 0 1 1 1 0 1 0 0 1 0 1 0 0 1 1 1 1 1 1 1 0 0 1 0 0 0 0 1 1 0
0 1 0 1 0 0 0 0 0 0 1 0 1 0 0 1 1 1 1 0 0 0 0 1 1 1 0 1 1 1 0 0 1 0 1 1 0 0 0 1 1 1 1 0 1 0 0 0 1 1 1 1 0 1 1 0 0 0 1 1 0 0 1 1 0 1 1 1 0 1 1 1 0 1 0 0 0 1 0 1 0 0 1 1 0 0 1 1 0 0 0 0 1 1 1 0 1 1 0 1 0 1 0 0 1 1 1 1 0 0 0 1 0 0 1 0 0 1 0 0 0 1
0 1 1 0 0 0 0 0 0 0 0 1 0 0 1 1 1 1 0 0 1 0 1 1 1 0 1 1 1 0 0 1 0 1 1 0 0 1 0 0 0 1 0 1 0 0 0 1 0 1 1 0 1 1 0 1 0 0 1 0 0 0 1 0 1 1 0 0 0 1 1 1 0 0 0 0 1 0 1 0 1 1 1 0 0 1 1 0 0 0 0 1 1 1 0 1 1 1 1 0 1 0 0 1 1 1 1 0 0 1 1 1 1 0 0 0 0 1 1 1 1 0
1 0 1 1 0 1 0 0 0 0 1 0 0 1 1 1 1 0 0 1 0 0 1 1 0 1 1 1 0 0 0 0 1 1 0 0 1 1 0 1 1 0 1 0 0 0 1 0 1 1 0 1 1 0 1 1 0 1 0 0 0 1 0 1 1 0 1 1 0 1 1 0 0 0 0 1 0 1 0 1 0 1 0 0 1 1 0 0 0 0 0 1 1 0 1 1 1 0 0 1 0 0 1 1 1 1 0 0 1 1 0 1 1 0 0 0 0 0 1 1 0 1
1 1 1 0 0 1 0 0 0 0 0 0 1 1 1 1 0 0 1 0 1 0 1 0 1 1 1 0 0 0 0 1 1 0 0 1 1 0 0 0 0 1 0 0 0 1 0 1 1 1 1 1 0 1 1 0 1 1 0 0 1 1 1 1 0 1 1 1 0 1 0 1 0 0 1 0 1 0 1 0 1 0 0 1 1 0 1 0 0 1 0 1 0 1 1 1 0 0 1 0 0 1 1 1 1 0 0 1 0 0 0 0 0 1 0 0 0 0 0 1 1 1
1 0 1 0 1 1 0 0 0 0 0 1 1 1 1 0 0 1 0 1 0 0 0 1 1 1 0 0 0 0 1 1 0 0 1 1 0 1 0 1 1 0 0 0 1 0 1 1 1 0 1 0 1 1 0 0 1 0 0 1 1 0 1 0 1 1 0 1 0 0 1 0 0 1 0 1 1 1 0 1 1 0 1 1 0 1 0 0 0 1 0 0 1 1 1 0 0 0 0 0 1 1 1 1 0 0 1 0 1 0 0 1 1 1 1 0 0 0 1 1 0 0
0 1 0 0 1 0 0 0 0 0 1 1 1 1 0 0 1 0 1 0 0 0 1 1 1 0 0 0 0 1 1 0 0 1 1 0 1 0 0 0 1 0 0 1 0 1 1 1 1 1 0 1 1 0 0 0 0 1 1 1 0 1 0 1 1 0 0 1 0 1 0 0 0 0 1 1 1 0 1 1 0 1 1 0 1 0 1 1 0 1 0 1 1 1 0 0 0 0 0 1 1 1 1 0 0 1 0 1 0 0 1 0 1 1 1 0 0 1 1 0 1 0
1 1 0 0 1 0 0 0 1 1 1 1 1 0 0 0 0 1 1 1 0 1 0 1 0 1 0 1 1 0 0 1 0 1 1 1 1 0 0 0 0 1 1 0 0 0 1 1 0 1 0 1 1 0 1 1 0 1 0 0 0 1 1 1 1 1 0 1 0 0 1 1 1 0 1 0 1 1 0 1 1 0 0 0 0 1 1 1 0 1 1 0 1 0 1 0 0 1 0 0 0 0 0 0 0 0 0 0 0 1 1 0 1 1 0 0 1 0 0 1 0 1
0 0 0 1 1 0 0 1 1 1 1 1 0 0 0 0 1 1 1 0 1 1 1 0 1 0 1 1 0 0 1 0 1 1 1 1 0 1 0 0 1 1 0 0 0 1 1 0 1 0 1 1 0 1 1 0 1 1 0 0 1 0 1 1 1 0 1 0 1 1 1 0 0 1 0 1 1 0 1 1 1 0 0 0 1 1 1 1 1 0 0 1 0 1 0 0 1 1 0 0 0 0 0 0 0 0 0 0 0 0 0 1 0 1 0 0 0 0 1 1 0 0
1 0 1 0 0 1 1 1 1 1 1 0 0 0 0 1 1 1 0 1 1 0 0 1 0 1 1 0 0 1 1 1 1 1 1 0 1 0 1 0 0 0 0 0 1 1 0 1 1 1 1 0 1 1 0 0 1 0 0 1 0 1 1 1 0 1 0 0 0 1 0 1 1 0 1 1 0 1 1 1 0 0 0 1 1 1 0 1 0 0 0 0 1 0 0 1 1 1 0 0 0 0 0 0 0 0 0 0 0 0 1 1 1 0 1 0 0 0 1 0 1 0
0 0 1 1 0 0 1 1 1 0 0 0 0 0 1 1 1 0 1 1 1 0 1 0 1 1 0 0 1 1 0 1 1 1 0 1 0 0 0 1 1 0 0 1 1 0 1 1 0 1 0 1 1 0 0 0 0 1 1 0 1 1 1 0 1 0 0 1 1 0 1 0 0 1 1 0 0 1 1 0 0 0 1 1 1 0 1 0 0 1 1 1 0 0 1 1 1 1 0 0 0 0 0 0 0 0 0 0 0 0 0 0 1 1 1 0 1 1 1 1 0 0
1 1 0 0 1 1 1 1 0 0 0 0 0 1 1 1 0 1 1 1 0 1 0 1 1 0 0 1 1 0 1 1 1 0 1 0 0 0 1 0 1 0 1 1 0 1 1 0 1 0 1 1 0 0 0 1 1 1 0 1 1 1 0 1 0 0 0 1 0 1 0 1 0 1 0 0 1 1 0 0 0 1 1 1 0 1 1 0 1 0 1 0 0 1 1 1 1 0 0 0 0 0 0 0 0 0 0 0 0 1 1 0 0 0 0 0 0 1 1 1 1 0
0 0 1 1 0 0 1 0 0 1 0 0 1 1 1 0 1 1 1 0 0 0 1 1 0 0 1 1 0 1 0 1 0 1 0 0 0 1 0 1 1 1 1 0 1 1 0 1 1 0 1 0 0 0 1 1 1 0 1 1 1 1 1 0 0 0 1 0 0 0 1 0 1 0 0 1 1 0 0 0 0 1 1 0 1 1 1 1 1 1 1 0 1 1 1 1 0 0 0 0 0 0 0 0 0 0 0 0 0 0 1 0 1 1 1 0 1 0 0 0 1 1
1 1 0 1 1 0 0 0 1 0 0 1 1 1 0 1 1 1 0 0 0 1 1 0 0 1 1 0 1 0 1 0 1 0 0 0 1 0 0 1 1 1 0 1 1 0 1 1 0 0 0 0 0 1 1 0 0 1 1 1 1 0 0 0 0 1 0 1 1 1 0 1 1 0 1 1 0 0 0 0 1 1 0 1 1 1 0 0 1 0 1 1 1 1 1 0 0 1 0 0 0 0 0 0 0 0 0 0 0 1 0 1 1 0 1 0 0 1 1 0 1 1
1 1 1 0 0 1 0 1 0 1 1 1 1 0 1 1 1 0 0 0 0 0 0 0 1 1 0 1 0 1 0 1 0 0 0 1 0 1 1 1 0 0 1 1 0 1 1 0 0 1 0 0 1 1 0 1 1 1 1 1 0 1 0 0 1 0 1 0 1 0 1 1 1 1 1 0 1 0 0 1 1 0 1 1 1 0 0 1 1 0 0 1 1 1 0 0 1 0 0 0 0 0 0 0 0 0 0 0 0 1 0 1 0 1 0 0 0 1 0 0 1 1
0 1 0 0 0 1 1 0 1 0 1 1 0 1 1 1 0 0 0 0 1 0 0 1 1 0 1 0 1 0 1 0 0 0 1 0 1 1 1 1 1 1 1 0 1 1 0 0 0 1 0 1 1 0 1 1 1 0 1 0 1 0 0 1 0 1 1 1 1 1 1 0 1 1 0 1 0 0 1 1 1 1 1 1 0 0 0 0 0 1 0 1 1 0 0 1 0 1 0 0 0 0 0 0 0 0 0 0 0 1 1 0 0 1 1 0 1 0 0 1 0 0
0 1 1 1 1 1 0 1 0 0 1 0 1 1 1 0 0 0 0 1 1 1 1 1 0 1 0 1 0 1 1 0 0 1 0 1 1 1 1 0 0 1 0 1 1 0 0 0 1 0 1 1 0 1 1 0 0 0 0 1 0 0 1 0 1 1 1 0 1 1 0 0 0 0 1 0 1 1 1 1 0 1 1 0 0 0 0 0 0 1 1 1 0 0 1 0 1 0 0 0 0 0 0 0 0 0 0 0 0 1 1 1 0 0 1 0 1 1 0 1 1 1
1 0 1 1 1 1 1 0 0 1 0 1 1 1 0 0 0 0 1 1 1 1 1 0 1 0 1 0 1 1 0 0 1 0 1 1 1 1 1 1 0 0 1 1 0 0 0 1 1 1 1 0 1 1 0 1 0 0 1 0 0 0 0 1 1 1 1 1 0 0 0 1 0 1 0 1 0 1 1 0 1 1 0 0 0 0 1 1 1 1 0 0 0 1 0 1 0 0 0 0 0 0 0 0 0 0 0 0 0 0 0 1 1 0 0 0 1 1 1 0 0 1
0 0 0 0 0 0 1 1 1 0 1 1 0 1 0 1 0 1 1 0 0 1 1 1 1 1 0 1 0 0 0 1 1 0 0 0 1 1 1 1 0 1 0 1 1 0 1 1 0 0 0 0 0 1 0 1 1 0 0 0 1 1 1 0 1 0 1 1 0 1 1 1 0 0 0 1 1 1 1 1 0 1 0 1 0 0 1 0 0 0 0 0 0 0 0 0 0 0 1 1 0 0 1 0 1 0 0 1 1 1 0 1 1 1 1 0 1 1 0 0 1 0
1 1 1 0 0 0 1 1 0 1 1 0 1 0 1 0 1 1 0 0 1 1 1 1 1 0 1 0 0 0 1 1 0 0 0 1 1 0 0 1 1 0 1 1 0 1 1 0 0 1 0 0 1 0 1 1 0 1 0 1 1 0 0 1 0 1 1 0 0 1 1 0 0 0 1 1 1 1 1 0 0 0 1 0 0 1 1 0 0 0 1 0 0 0 0 0 0 0 1 0 0 1 0 1 0 0 1 1 1 0 0 1 0 0 1 0 1 1 1 0 0 1
1 1 1 0 0 0 1 0 1 1 0 1 0 1 0 1 1 0 0 1 1 1 1 1 0 1 0 0 0 1 0 0 0 0 1 1 0 1 0 0 1 1 1 0 1 1 0 0 0 1 0 1 0 1 1 1 1 0 1 1 0 1 1 0 1 1 0 1 0 1 0 0 0 1 1 1 0 1 0 0 1 1 0 0 1 1 1 0 1 0 1 0 0 0 0 0 0 0 0 0 1 0 1 0 0 1 1 1 1 0 0 0 0 1 0 0 0 1 0 1 1 0
1 0 1 0 0 0 0 1 1 1 1 0 1 0 1 1 0 0 1 1 0 0 1 0 1 0 0 0 1 0 1 0 0 1 1 0 1 1 0 1 0 1 0 1 1 0 0 0 1 0 1 0 1 1 1 1 0 0 1 0 1 0 0 1 1 0 0 1 0 0 0 0 1 1 1 0 1 0 0 1 0 0 0 1 1 1 1 0 1 0 1 0 0 0 0 0 0 0 0 1 0 1 0 0 1 1 1 1 0 1 1 1 0 1 1 0 0 0 1 1 1 1
1 1 0 1 0 0 1 1 1 0 0 1 0 1 1 0 0 1 1 0 1 0 0 1 0 0 0 1 0 1 1 0 1 1 0 1 1 0 0 1 0 0 1 1 0 0 0 1 1 1 0 1 1 1 1 0 0 0 0 1 0 1 1 1 0 0 1 1 1 0 0 0 1 1 0 1 1 0 1 0 1 0 1 1 1 1 0 0 1 0 0 0 0 0 0 0 0 0 1 0 1 0 0 1 1 1 1 0 0 1 1 1 1 1 0 0 0 1 0 0 0 0
0 1 0 1 0 0 1 1 0 0 1 0 1 1 0 0 1 1 0 1 0 0 1 0 0 0 1 0 1 1 1 1 1 0 1 1 0 1 1 0 0 1 1 0 0 0 1 1 0 1 1 1 1 1 0 1 0 1 1 0 1 0 1 0 0 1 1 0 1 0 0 1 1 0 1 1 1 1 0 1 0 1 1 1 1 0 0 0 0 0 1 0 0 0 0 0 0 0 0 1 0 0 1 1 1 1 0 0 1 0 1 0 0 1 0 0 0 0 1 1 0 0
1 0 0 1 0 0 1 0 0 0 0 1 1 0 0 1 1 0 1 0 1 0 0 0 0 1 0 1 1 1 1 1 0 1 1 0 1 1 1 0 1 1 0 0 0 1 1 0 1 0 1 1 1 0 1 0 1 0 0 1 0 1 0 0 1 1 0 0 1 0 1 1 0 1 1 1 0 0 1 0 0 1 1 1 0 0 1 0 1 0 1 0 0 0 0 0 0 0 1 0 0 1 1 1 1 0 0 1 0 1 0 1 1 0 0 0 1 0 1 1 0 1
0 0 0 0 0 0 0 0 0 0 1 1 0 0 1 1 0 1 0 1 0 1 0 0 1 0 1 1 1 1 0 0 1 1 0 1 1 0 1 0 1 0 0 0 1 1 0 1 1 1 1 1 0 1 0 0 0 1 1 0 1 1 0 1 1 0 1 0 0 1 1 1 1 1 1 0 0 1 0 0 1 1 1 0 0 1 0 0 1 0 1 0 0 0 0 0 0 0 0 0 1 1 1 1 0 0 1 0 1 0 1 1 1 1 1 0 1 0 0 0 1 1
0 0 1 1 0 0 0 0 0 1 1 0 0 1 1 0 1 0 1 0 1 1 0 1 0 1 1 1 1 0 1 1 1 0 1 1 0 0 0 1 0 0 0 1 1 0 1 1 0 1 1 0 1 0 0 0 1 1 0 1 1 0 1 1 0 1 0 0 1 1 1 0 1 1 0 0 0 0 0 1 1 1 0 0 1 0 1 0 1 0 0 0 0 0 0 0 0 0 0 1 1 1 1 0 0 1 0 1 0 1 1 0 1 0 0 0 1 1 0 1 1 1
0 1 1 1 0 0 0 0 1 1 0 0 1 1 0 1 0 1 0 1 1 1 1 0 1 1 1 1 0 1 0 1 0 1 1 0 0 0 1 1 1 0 1 1 0 1 1 0 1 0 0 1 0 0 0 1 1 1 1 1 0 0 1 0 1 0 1 1 1 1 0 1 1 0 0 0 0 0 1 1 1 0 0 1 0 1 0 0 0 0 0 0 0 0 0 0 0 0 1 1 1 1 0 0 1 0 1 0 0 0 1 0 1 0 1 0 0 0 1 1 0 1
1 1 1 1 0 0 0 1 1 1 0 1 1 0 1 0 1 0 1 1 0 0 0 1 1 1 1 0 1 0 0 0 1 1 0 0 0 1 1 0 1 1 1 0 1 1 0 1 1 0 1 0 0 0 1 0 1 1 1 0 0 1 0 1 0 1 0 1 1 0 1 1 0 0 0 0 1 1 1 1 1 0 1 0 1 0 0 0 0 0 0 0 0 0 0 0 0 0 1 1 1 0 0 1 0 1 0 0 1 1 0 0 0 0 1 0 1 1 1 0 1 0
1 0 1 1 1 0 1 1 0 0 1 0 1 1 1 1 0 1 0 0 0 1 0 0 0 1 1 0 1 1 0 1 0 1 1 0 1 1 0 0 1 1 0 0 0 1 0 1 1 1 0 0 1 1 0 1 0 1 0 1 1 1 0 0 0 1 1 1 1 1 0 0 0 1 0 0 1 0 0 0 0 0 0 0 0 0 0 1 1 0 0 1 0 1 0 0 1 1 1 1 1 0 0 0 0 1 1 1 0 1 0 0 1 1 1 0 1 0 0 1 0 0
0 0 1 0 0 1 1 0 0 1 0 1 1 1 1 0 1 0 0 0 1 1 0 0 1 1 0 1 1 0 1 0 1 1 0 1 1 0 1 0 1 0 0 0 1 0 1 1 1 0 0 1 1 0 1 0 1 1 1 1 1 0 0 0 1 1 1 1 0 0 0 1 1 0 0 1 1 0 0 0 0 0 0 0 0 0 0 1 0 0 1 0 1 0 0 1 1 1 1 1 0 0 0 0 1 1 1 0 1 0 1 1 0 1 0 0 0 1 0 1 1 0
0 0 0 1 0 0 0 0 1 1 1 1 1 1 0 1 0 0 0 1 0 0 0 1 1 0 1 1 0 1 1 1 1 0 1 1 0 0 0 1 0 0 0 1 0 1 1 1 1 1 1 1 0 1 0 1 1 0 1 1 0 0 0 1 1 1 0 1 1 0 1 0 0 0 1 1 1 0 0 0 0 0 0 0 0 0 0 0 1 1 1 1 0 0 1 1 1 1 1 0 0 0 0 1 1 1 0 1 1 1 0 0 0 0 1 0 1 0 0 0 1 0
0 1 0 0 1 1 0 1 1 0 1 1 1 0 1 0 0 0 1 0 1 1 1 1 0 1 1 0 1 1 0 1 0 1 1 0 0 0 1 1 1 0 1 0 1 1 1 1 0 0 1 0 1 0 1 0 0 0 1 0 0 0 1 1 1 0 1 0 0 1 0 1 1 1 1 1 1 0 0 0 0 0 0 0 0 0 0 0 1 0 0 0 0 1 1 1 1 0 0 0 0 0 1 1 1 0 1 1 1 1 0 0 1 0 1 0 0 1 0 1 0 0
1 1 1 0 0 0 1 1 0 1 1 1 0 1 0 0 0 1 0 1 1 0 1 0 1 1 0 1 1 0 0 0 1 1 0 0 0 1 0 0 1 1 0 1 1 1 1 0 1 0 0 1 0 1 0 1 0 1 0 0 0 0 1 1 0 1 1 0 1 0 1 0 1 1 1 1 0 0 0 0 0 0 0 0 0 0 0 1 0 1 0 0 1 1 1 1 0 0 0 0 0 1 1 1 0 1 1 1 0 1 1 0 1 0 0 0 1 1 1 0 1 0
1 0 0 1 1 0 1 0 1 0 1 0 1 0 0 0 1 0 1 1 1 1 0 1 1 0 1 1 0 0 0 1 1 0 0 0 1 1 1 1 0 0 1 1 1 1 0 1 0 0 1 0 1 0 1 1 1 1 0 0 0 1 1 0 1 1 1 1 1 1 0 0 0 1 1 0 0 0 0 0 0 0 0 0 0 0 0 0 0 0 1 1 1 1 1 0 0 1 0 0 1 1 1 0 1 1 1 0 0 0 1 1 0 1 0 0 0 0 1 0 1 0
0 1 1 1 0 1 0 1 0 1 0 1 0 0 0 1 0 1 1 1 1 0 1 1 0 1 1 0 0 0 1 1 0 0 0 1 1 0 1 1 1 1 1 1 1 0 1 0 0 1 0 1 0 1 1 0 1 0 0 0 1 1 0 1 1 1 0 0 0 0 0 1 0 1 0 0 1 0 0 0 0 0 0 0 0 0 0 1 1 0 1 1 1 1 0 0 1 0 0 1 1 1 0 1 1 1 0 0 0 0 1 0 1 1 1 0 1 0 1 0 0 0
1 1 0 1 0 1 1 0 1 0 1 0 0 0 1 0 1 1 1 1 0 1 1 0 1 1 0 0 0 1 1 0 0 0 1 1 0 1 0 0 1 1 1 1 0 1 0 0 0 0 1 0 1 1 0 0 0 1 0 1 1 1 1 1 1 0 0 1 0 0 1 1 1 0 0 1 0 0 0 0 0 0 0 0 0 0 0 0 1 1 0 1 1 0 0 1 0 1 1 1 1 0 1 1 1 0 0 0 0 0 1 1 0 0 1 0 1 1 0 1 1 0
1 0 0 1 1 1 0 1 0 1 0 0 0 1 0 1 1 1 1 0 1 1 0 1 1 0 0 0 1 1 0 0 0 1 1 0 1 1 0 1 0 1 1 0 1 0 0 0 1 1 0 1 1 0 0 1 1 0 1 1 1 0 1 1 0 0 0 0 1 1 1 1 1 0 1 0 1 0 0 0 0 0 0 0 0 0 0 0 0 1 1 1 0 0 1 0 1 0 1 1 0 1 1 1 0 0 0 0 1 0 0 1 1 1 0 0 0 1 1 0 1 0
0 1 1 0 1 1 1 0 1 1 0 0 1 0 1 1 1 1 0 1 0 0 1 1 0 0 0 1 1 0 1 0 1 1 0 1 1 0 1 1 0 1 0 1 0 0 0 1 0 1 1 1 0 0 1 1 0 1 1 1 0 1 1 0 0 0 0 0 1 1 1 1 0 1 0 1 0 0 0 0 0 0 0 0 0 0 0 1 1 1 0 0 0 1 0 1 0 0 1 0 1 1 1 0 0 0 0 1 1 1 0 1 0 1 1 0 0 0 1 1 0 0
1 1 1 0 1 0 0 1 1 0 0 1 0 1 1 1 1 0 1 0 0 0 1 0 0 0 1 1 0 1 1 1 1 0 1 1 0 1 1 0 0 0 1 0 0 0 1 0 1 1 1 0 0 1 1 0 1 0 1 0 1 1 0 0 0 0 1 1 0 1 1 0 1 0 1 0 0 0 0 0 0 0 0 0 0 0 0 1 0 1 1 0 1 0 1 0 0 1 0 1 1 1 0 0 0 0 1 1 1 1 1 1 1 0 0 0 1 1 1 1 0 0
0 1 0 0 1 0 1 0 0 0 1 1 0 0 0 1 1 0 1 1 0 1 1 1 0 1 1 0 0 0 1 1 0 0 0 1 0 1 1 1 0 1 0 0 1 1 0 1 0 0 0 1 1 1 0 0 1 1 1 1 0 0 0 1 0 0 1 0 1 0 0 0 1 0 0 0 0 1 1 0 0 0 1 0 0 1 1 1 1 1 0 0 0 0 1 1 1 0 1 1 0 1 0 1 0 1 1 0 0 1 0 1 1 1 0 0 0 0 1 1 1 1
1 1 0 0 1 0 0 0 0 1 1 0 0 0 1 1 0 1 1 0 1 0 1 0 1 1 0 0 0 1 1 0 0 0 1 0 1 1 1 1 1 0 0 1 1 0 1 0 1 1 1 1 1 0 0 0 1 1 1 0 0 1 1 0 0 1 1 0 1 0 0 0 1 0 0 0 0 1 0 0 1 1 0 0 1 1 1 1 0 0 1 0 0 1 1 1 0 1 1 0 1 0 1 0 1 1 0 0 1 1 0 1 0 0 1 0 1 0 0 0 0 0
1 1 0 0 0 0 0 0 1 0 0 0 0 1 1 0 1 1 0 1 1 1 0 1 1 0 0 0 1 1 0 0 0 1 0 1 1 1 1 0 0 0 1 1 0 1 0 1 0 1 1 1 0 0 0 0 1 0 0 0 1 0 0 0 1 1 1 0 1 0 0 0 0 0 0 0 0 0 0 1 0 0 0 1 1 1 1 1 1 0 0 0 1 1 1 0 1 1 0 1 0 1 0 1 1 0 0 1 1 1 0 0 1 1 1 0 1 1 1 1 1 1
0 0 0 0 0 0 0 1 0 1 0 0 1 1 0 1 1 0 1 1 0 1 1 1 0 0 0 1 1 0 1 0 1 0 1 1 1 1 1 1 0 1 1 0 1 0 1 0 1 0 1 0 0 0 0 1 0 1 0 1 0 1 0 1 1 1 1 0 0 0 0 0 1 0 0 0 0 0 1 0 1 0 1 1 1 1 0 0 0 0 0 1 1 1 0 1 1 1 1 0 1 0 1 1 0 0 1 1 0 0 0 0 1 1 1 0 1 1 0 1 0 0
1 1 0 0 0 1 1 0 1 1 0 1 1 0 1 1 0 1 1 0 0 1 1 0 0 0 1 1 0 1 1 1 0 1 1 1 1 0 0 0 0 1 0 1 0 1 0 1 1 0 0 0 0 0 1 1 1 1 1 0 1 0 1 1 1 1 0 0 1 0 0 0 0 0 0 0 0 1 0 1 0 1 1 1 1 0 0 0 0 0 0 1 1 0 1 1 1 0 0 1 0 1 1 0 0 1 1 0 1 0 0 1 1 0 0 0 1 1 0 0 0 0
1 0 0 0 0 1 0 1 1 1 1 1 0 1 1 0 1 1 0 0 0 1 0 0 0 1 1 0 1 1 0 0 1 1 1 1 0 1 1 0 1 0 1 0 1 0 1 1 0 1 0 0 0 1 1 1 1 1 0 1 0 0 1 1 1 0 0 0 0 0 0 0 0 0 0 0 0 0 1 0 0 1 1 1 0 0 1 0 0 1 1 1 0 1 1 1 0 0 1 0 1 1 0 0 1 1 0 1 0 1 0 1 0 1 1 0 0 0 1 0 0 1
0 0 0 0 1 1 1 1 1 1 1 0 1 1 0 1 1 0 0 0 1 0 0 0 1 1 0 1 1 0 1 1 1 1 1 0 1 0 0 0 0 1 0 1 0 1 1 0 0 1 0 0 1 1 1 0 1 0 1 0 0 1 1 1 0 0 1 0 0 0 0 0 0 0 0 0 0 1 0 0 1 1 1 0 0 1 0 0 1 1 0 0 1 1 1 0 0 0 0 1 1 0 0 1 1 0 1 0 1 0 0 0 0 1 1 0 1 1 1 1 1 1
0 0 0 0 1 0 1 1 1 0 0 1 1 0 1 1 0 0 0 1 1 1 0 1 1 0 1 1 0 1 1 1 1 1 0 1 0 0 0 1 1 0 1 0 1 1 0 0 1 0 0 1 1 1 0 1 0 0 0 0 1 1 1 0 0 1 0 0 0 0 0 0 1 0 0 0 0 0 0 1 1 1 0 0 1 0 1 1 0 1 1 1 1 1 0 0 0 0 1 1 0 0 1 1 0 1 0 1 0 1 0 1 0 0 1 0 0 1 1 1 0 1
0 1 0 0 1 1 1 1 0 1 1 1 0 1 1 0 0 0 1 1 0 0 1 1 0 1 1 0 1 1 0 1 1 0 1 0 0 0 0 0 1 1 0 1 1 0 0 1 1 1 1 1 1 0 1 1 0 0 0 1 1 1 0 0 1 0 1 0 1 0 0 0 0 0 0 0 0 0 1 1 1 0 0 1 0 1 0 1 1 0 1 1 1 0 0 0 0 1 1 0 0 1 1 0 1 0 1 0 1 0 0 0 0 0 0 0 0 1 1 0 1 1
1 0 0 0 0 1 1 0 1 0 1 0 1 1 0 0 0 1 1 0 1 0 1 0 1 1 0 1 1 0 0 1 0 1 0 0 0 1 1 1 1 0 1 1 0 0 1 1 0 0 1 1 0 1 1 1 0 0 1 1 1 1 0 1 0 1 0 0 0 0 0 0 1 0 0 0 0 1 1 1 1 0 1 0 1 0 0 1 1 1 1 1 0 0 0 0 1 1 0 0 1 1 0 1 0 1 0 1 1 0 0 1 1 0 0 0 0 0 0 1 1 0
1 1 0 0 1 1 0 1 0 0 0 1 1 0 0 0 1 1 0 1 1 0 0 1 1 0 1 1 0 0 0 0 1 0 0 0 1 0 0 1 1 1 1 0 0 1 1 0 1 1 1 0 1 1 1 0 0 1 1 1 1 0 1 0 1 0 0 0 1 0 0 0 1 0 0 0 0 1 1 1 0 1 0 1 0 0 1 0 1 1 1 0 0 0 0 1 1 1 0 1 1 0 1 0 1 0 1 1 0 1 0 0 1 1 0 0 1 0 0 0 1 0
0 0 1 0 1 1 0 1 1 0 1 0 1 1 0 1 1 0 0 0 1 1 0 0 1 0 1 1 1 1 0 1 0 0 1 1 0 1 0 1 1 1 0 1 1 1 0 0 0 1 1 1 0 0 1 0 0 1 0 0 0 0 0 0 0 0 0 1 0 0 0 1 0 0 0 1 1 1 1 1 0 0 0 1 1 1 0 1 1 0 1 0 1 0 1 1 0 0 1 0 1 1 1 1 0 1 0 0 0 0 1 1 1 1 0 0 1 1 0 0 0 0
0 1 0 1 0 0 1 1 0 1 0 1 1 0 1 1 0 0 0 1 1 1 0 1 0 1 1 1 1 0 1 0 0 1 1 0 1 0 0 0 1 0 1 1 1 0 0 0 0 1 1 0 0 1 0 1 1 1 0 0 0 0 0 0 0 0 0 1 0 0 1 0 1 0 1 1 1 1 1 0 0 0 1 1 1 0 1 1 1 1 0 1 0 1 1 0 0 1 0 1 1 1 1 0 1 0 0 0 1 0 0 1 1 0 0 0 0 0 0 1 1 0
0 0 0 0 1 1 1 0 1 1 1 1 0 1 1 0 0 0 1 1 0 0 1 0 1 1 1 1 0 1 0 0 1 1 0 1 0 1 0 1 0 1 1 1 0 0 0 0 1 1 0 0 1 0 1 0 1 1 0 0 0 0 0 0 0 0 0 0 1 1 0 1 1 1 1 1 1 1 0 0 0 1 1 1 0 1 1 0 0 0 1 0 1 1 0 0 1 1 1 1 1 1 0 1 0 0 0 1 0 0 0 0 1 0 1 0 0 0 0 1 1 0
1 1 1 0 0 0 0 1 1 0 1 0 1 1 0 0 0 1 1 0 1 0 0 1 1 1 1 0 1 0 0 1 1 0 1 0 1 0 1 1 0 1 1 0 0 0 0 1 1 0 0 1 0 1 0 0 1 1 0 0 0 0 0 0 0 0 0 0 1 0 1 0 0 1 1 1 0 0 0 0 0 1 1 0 1 1 1 1 1 1 1 1 1 0 0 1 1 0 1 1 1 0 1 0 0 0 1 0 1 0 1 1 0 0 1 0 0 1 0 1 0 1
0 1 0 1 1 1 1 1 0 0 0 1 1 0 0 0 1 1 0 1 1 0 1 1 1 1 0 1 0 0 0 1 0 1 0 1 0 1 1 0 1 1 0 0 0 0 1 1 1 1 1 0 1 0 0 1 1 0 0 0 0 0 0 0 0 0 0 1 0 1 0 0 1 1 1 0 0 0 0 0 1 1 0 1 1 1 0 0 1 0 0 1 0 0 1 1 0 1 1 1 0 1 0 0 0 1 0 1 1 0 1 1 0 1 1 0 1 1 0 0 0 1
1 0 1 1 0 1 1 0 0 0 1 1 0 0 0 1 1 0 1 1 0 1 1 1 1 0 1 0 0 0 1 0 1 0 1 0 1 1 0 0 1 0 0 0 0 1 1 1 0 1 0 1 0 0 1 1 0 0 0 0 0 0 0 0 0 0 0 0 1 0 0 1 1 1 0 0 1 0 0 1 1 0 1 1 1 0 0 1 0 1 1 0 0 1 1 0 1 0 1 0 1 0 0 0 1 0 1 1 1 0 1 1 1 0 1 0 1 1 0 1 1 1
1 0 0 1 1 0 0 0 0 1 1 0 0 0 1 1 0 1 1 0 1 1 1 1 0 1 0 0 0 1 0 1 0 1 0 1 1 0 1 1 0 0 0 0 1 1 1 0 1 1 1 0 0 1 1 1 0 1 0 0 0 0 0 0 0 0 0 1 1 0 1 1 0 0 0 1 0 0 1 1 1 1 1 1 0 0 0 0 1 1 1 0 1 1 0 1 0 1 0 1 0 0 0 1 0 1 1 1 1 0 1 0 0 1 0 0 0 1 0 1 1 0
1 1 0 1 1 0 0 0 1 1 0 0 0 1 1 0 1 1 0 1 1 0 1 0 1 0 0 0 1 0 1 0 1 0 1 1 0 0 1 1 1 0 0 1 1 1 0 1 1 0 0 0 1 1 1 1 1 0 0 0 0 0 0 0 0 0 0 0 0 1 1 1 1 0 1 0 1 1 1 1 0 1 1 0 0 0 0 1 1 0 0 1 1 0 1 0 1 0 1 0 0 0 1 0 1 1 1 1 0 0 0 0 1 1 0 0 1 0 0 1 0 1
1 1 1 0 0 1 0 1 1 0 0 0 1 1 0 1 1 0 1 1 0 1 0 1 0 0 0 1 0 1 1 1 0 1 1 0 0 1 0 0 0 0 1 1 1 0 1 1 1 0 0 1 1 1 1 0 0 1 0 0 0 0 0 0 0 0 0 0 1 1 1 1 1 1 0 1 0 1 1 0 1 1 0 0 0 0 1 1 0 0 0 1 0 1 0 1 0 1 0 0 0 1 0 1 1 1 1 0 1 0 0 0 0 1 1 0 1 0 0 0 1 1
0 0 1 0 0 1 1 1 0 1 0 1 1 0 1 1 0 1 1 0 0 1 1 0 0 0 1 0 1 1 1 0 1 1 0 0 1 1 1 1 1 1 1 1 0 1 1 1 0 0 1 1 1 1 0 0 1 0 0 0 0 0 0 0 0 0 0 1 1 1 1 0 0 0 1 0 0 1 0 1 1 0 0 0 0 1 1 0 0 1 0 0 1 0 1 0 1 1 0 0 1 0 1 1 1 1 0 1 0 0 1 0 0 1 0 0 0 1 0 0 0 1
1 1 1 1 1 0 1 0 1 1 1 1 0 1 1 0 1 1 0 0 0 0 0 0 0 1 0 1 1 1 1 1 1 0 0 1 1 0 1 0 0 1 1 0 1 1 1 0 0 0 1 1 1 0 0 1 0 0 0 0 0 0 0 0 0 0 0 1 0 1 0 0 0 1 0 0 1 0 1 1 1 0 0 0 1 1 1 0 0 1 1 1 0 1 0 1 1 0 0 1 0 1 1 1 1 0 1 0 0 0 0 1 1 0 1 0 1 0 0 0 1 0
0 0 1 0 0 1 0 0 0 1 1 0 0 0 1 0 1 1 1 1 0 1 0 1 1 0 1 0 1 0 1 1 0 1 1 1 0 0 1 0 1 1 1 1 0 0 1 0 1 0 0 0 0 0 0 0 0 0 1 0 0 1 1 0 0 1 1 1 1 1 0 0 0 1 1 1 0 1 1 0 1 1 0 1 1 0 0 1 1 1 1 1 1 0 1 0 0 0 1 1 0 0 0 1 1 0 1 1 0 1 0 1 0 1 0 0 0 0 0 0 1 0
0 0 1 0 1 1 0 0 1 1 0 0 0 1 0 1 1 1 1 0 1 0 1 1 0 1 0 1 0 1 1 0 1 1 1 0 0 0 1 1 1 1 1 0 0 1 0 1 0 1 0 0 0 0 0 0 0 0 0 0 1 0 0 0 1 1 1 1 0 0 0 0 1 1 1 0 1 1 0 1 0 0 1 1 0 0 1 0 1 1 0 1 0 1 0 0 0 1 1 0 0 0 1 1 0 1 1 0 1 1 1 1 0 0 0 0 1 0 1 0 1 1
1 1 0 1 1 1 0 1 1 0 0 0 1 0 1 1 1 1 0 1 0 1 1 0 1 0 1 0 1 1 0 1 1 1 0 0 0 0 0 1 0 1 0 0 1 0 1 0 0 1 0 0 0 0 0 0 0 0 0 1 0 1 0 1 1 1 1 1 1 0 0 0 1 1 0 1 1 0 1 0 1 1 1 0 0 1 1 1 0 1 0 0 1 0 0 0 1 0 0 0 0 1 1 0 1 1 0 1 1 0 1 1 0 0 0 0 1 0 0 1 1 0
1 1 0 1 1 0 1 1 0 1 0 1 0 1 1 1 1 0 1 0 0 1 0 1 0 1 0 1 1 0 0 1 1 0 0 0 0 1 1 1 1 0 0 1 0 1 0 0 1 1 0 0 0 0 0 0 0 0 1 0 1 0 1 1 1 1 0 0 1 0 0 1 0 0 1 1 1 1 0 1 0 1 0 0 1 1 0 1 0 1 0 1 0 0 0 1 0 1 0 0 1 1 0 1 1 0 1 1 0 0 1 1 0 1 0 0 0 0 0 1 0 1
0 1 0 1 1 1 1 0 1 1 1 0 1 1 1 1 0 1 0 0 0 0 1 0 1 0 1 1 0 0 1 1 0 0 0 0 1 1 1 0 1 0 1 0 1 0 0 1 1 1 0 0 0 0 0 0 0 0 0 1 0 0 1 1 1 0 0 0 0 0 1 1 0 1 1 1 0 0 1 0 1 0 0 1 1 0 1 1 0 0 1 0 0 0 1 0 1 1 0 1 1 0 1 1 0 1 1 0 0 1 0 0 0 1 0 0 1 0 1 1 1 1
1 0 0 0 0 0 0 1 1 0 0 1 1 1 1 0 1 0 0 0 1 1 0 1 0 1 1 0 0 1 1 0 0 0 0 1 1 1 0 1 1 1 0 1 0 0 1 1 1 0 0 0 0 0 0 0 0 0 1 0 0 1 1 1 0 0 1 0 0 1 1 1 0 1 1 0 0 1 0 1 1 0 1 1 0 1 0 1 1 1 1 0 0 1 0 1 1 1 1 1 0 1 1 0 1 1 0 0 0 0 1 0 0 0 0 0 1 0 1 1 1 0
0 1 1 1 1 0 1 1 0 1 1 1 1 1 0 1 0 0 0 1 0 1 1 0 1 1 0 0 1 1 0 0 0 0 1 1 1 0 0 1 0 0 1 0 0 1 1 1 1 0 0 0 0 0 0 0 0 0 0 0 1 1 1 0 0 1 0 0 0 1 1 0 1 1 0 0 0 0 1 1 0 1 1 0 1 0 1 0 1 0 0 0 1 0 1 1 1 1 1 0 1 1 0 1 1 0 0 0 1 1 1 1 0 1 0 0 0 0 1 0 1 0
1 1 1 1 0 0 1 0 1 1 1 1 1 0 1 0 0 0 1 0 1 0 0 1 1 0 0 1 1 0 1 0 0 1 1 1 0 1 0 1 0 1 0 0 1 1 1 1 0 1 0 0 0 0 0 0 0 0 0 1 1 1 0 0 1 0 1 1 1 1 0 1 1 0 0 0 0 1 1 0 0 1 0 1 0 1 0 1 0 0 1 1 0 1 1 1 1 0 0 1 1 0 1 1 0 0 0 1 1 0 1 0 0 0 0 0 0 0 1 0 0 1
0 1 1 1 0 1 0 1 1 0 1 1 0 1 0 0 0 1 0 1 1 0 1 1 0 0 1 1 0 1 0 0 1 1 1 0 1 1 1 0 0 0 0 1 1 1 1 0 0 0 0 0 0 0 0 0 0 0 1 1 1 1 0 1 0 1 0 1 1 0 1 1 0 0 0 0 1 1 0 0 1 0 1 0 1 0 1 0 1 0 1 0 1 1 1 1 0 1 1 1 0 1 1 0 0 0 1 1 0 0 0 1 0 1 0 0 0 0 0 1 0 1
1 0 0 0 0 0 1 1 0 0 1 0 1 0 0 0 1 0 1 1 1 0 1 0 0 1 1 0 1 0 1 1 1 1 0 1 1 1 1 0 0 0 1 1 1 1 0 0 1 1 0 0 0 0 0 0 0 0 1 1 1 0 1 0 1 0 0 1 0 1 1 1 1 0 0 1 1 0 0 1 1 1 0 1 0 1 1 0 1 1 0 1 1 1 1 0 1 0 1 0 1 1 0 0 0 1 1 0 1 1 0 0 0 0 0 0 1 0 0 0 0 0
1 0 1 0 1 1 1 0 0 0 0 1 0 0 0 1 0 1 1 1 1 1 0 0 1 1 0 1 0 1 0 1 1 0 1 1 1 0 0 0 1 1 1 1 1 0 0 1 0 0 0 0 0 0 0 0 0 0 1 1 0 0 0 1 0 0 1 0 1 1 1 0 1 0 1 1 1 0 1 1 0 0 1 0 1 1 0 0 0 0 1 1 1 1 0 1 0 0 0 1 1 0 0 0 1 1 0 1 1 1 0 0 0 1 0 0 1 0 1 1 0 1
0 1 1 1 1 0 1 1 1 0 1 0 0 1 1 0 1 0 1 0 1 1 1 1 1 0 0 0 0 1 1 1 1 1 0 0 1 0 0 0 1 0 0 0 0 0 0 0 0 0 1 0 0 1 0 1 1 1 1 1 0 0 0 1 1 1 0 1 0 0 1 0 1 1 1 0 0 1 0 1 1 1 0 1 0 0 0 1 0 0 1 0 1 1 0 1 1 0 1 0 1 1 0 1 1 0 0 0 1 1 0 0 1 1 0 0 0 0 0 0 0 1
1 0 0 0 0 0 1 1 0 1 0 0 1 1 0 1 0 1 0 1 1 0 1 1 0 0 0 0 1 1 1 1 1 0 0 1 0 1 0 0 1 0 0 0 0 0 0 0 0 0 0 0 1 0 1 0 1 1 1 0 0 0 1 1 1 0 1 1 1 1 0 1 0 1 0 0 1 0 1 1 1 0 1 0 0 0 1 1 1 0 1 1 1 0 1 1 0 1 0 1 1 0 1 1 0 0 0 1 1 1 1 0 1 0 1 0 0 0 0 0 1 1
1 0 1 1 0 1 1 0 1 0 0 1 1 0 1 0 1 0 1 1 0 0 1 0 0 0 0 1 1 1 0 1 0 0 1 0 1 0 1 1 1 0 0 0 0 0 0 0 0 0 0 1 0 1 0 0 1 1 0 0 0 0 1 1 0 1 1 0 0 0 1 0 1 0 0 1 1 1 1 1 1 1 0 0 0 1 0 0 1 0 1 1 0 1 1 0 1 1 1 1 0 1 1 0 0 0 1 1 0 1 1 0 0 1 1 0 0 1 1 0 1 0
0 1 1 0 1 0 1 0 0 0 1 0 1 0 1 0 1 1 0 0 1 1 0 0 0 1 1 1 0 1 1 0 1 0 1 0 0 1 1 1 0 0 0 0 0 0 0 0 0 0 0 1 0 0 1 1 0 0 0 0 1 1 0 1 1 1 0 0 1 0 1 1 1 1 1 0 1 1 1 0 1 0 0 1 0 1 1 0 1 1 0 1 1 0 1 1 0 0 0 1 1 0 0 0 1 1 0 1 1 0 0 0 1 1 1 0 0 1 1 0 1 0
0 1 0 0 1 1 0 0 0 1 0 1 0 1 0 1 1 0 0 1 1 0 0 0 1 1 1 0 1 1 1 1 0 1 0 0 1 1 1 1 0 0 0 0 0 0 0 0 0 0 1 0 0 1 1 1 0 1 0 1 1 1 1 1 1 0 0 1 1 1 1 0 1 1 0 1 0 1 0 1 0 0 1 0 1 1 1 1 0 0 1 1 0 1 1 0 0 0 1 1 0 0 0 1 1 0 1 1 0 0 1 0 0 0 0 0 1 1 0 0 0 0
0 1 1 1 0 1 0 0 1 0 1 0 1 0 1 1 0 0 1 1 0 1 0 1 1 1 0 1 1 1 0 0 1 0 0 1 1 1 1 0 1 0 0 0 0 0 0 0 0 0 0 0 1 1 1 1 1 0 1 1 1 0 1 1 0 0 0 0 1 1 0 0 0 0 1 0 1 0 1 0 0 1 0 1 1 1 1 1 1 1 0 0 1 1 0 0 0 1 1 0 0 0 1 1 0 1 1 0 1 0 1 0 1 0 0 0 1 0 1 0 0 0
0 0 1 1 1 0 0 1 0 1 0 1 0 1 1 0 0 1 1 0 1 1 1 1 1 0 1 1 1 0 0 1 0 0 1 1 1 1 1 0 0 0 0 0 0 0 0 0 0 0 0 1 1 1 1 0 0 1 1 1 0 1 1 0 0 0 0 1 0 0 0 1 1 1 0 1 0 1 0 0 0 0 1 1 1 1 0 0 0 1 0 1 1 0 0 0 1 1 0 0 0 1 1 0 1 1 0 1 1 1 0 0 0 0 1 0 1 0 1 0 1 1
1 0 0 0 1 1 1 0 1 1 1 0 1 1 0 0 1 1 0 1 0 1 1 1 0 1 1 1 0 0 0 0 0 1 1 1 1 0 0 1 1 0 0 0 0 0 0 0 0 0 1 1 1 1 0 0 1 0 1 0 1 1 0 0 0 0 1 1 1 0 1 1 0 0 1 0 1 0 0 0 1 1 1 1 1 0 1 1 0 0 0 1 0 0 0 1 1 0 0 0 1 1 0 1 1 0 1 1 0 1 1 0 0 0 0 0 1 1 1 0 0 0
1 1 0 1 0 1 0 1 1 1 0 1 1 0 0 1 1 0 1 0 1 1 1 0 1 1 1 0 0 0 0 0 1 1 1 1 0 0 1 0 0 0 0 0 0 0 0 0 0 0 1 1 1 0 0 1 0 0 0 1 1 1 0 0 0 1 1 0 0 1 1 0 0 1 0 1 1 0 0 1 0 1 1 1 0 1 0 1 0 1 1 0 0 0 1 1 0 1 0 1 1 0 1 1 0 1 1 0 0 1 0 0 1 1 1 0 0 0 0 0 1 1
1 0 1 0 1 0 1 1 1 1 1 1 0 0 1 1 0 1 0 1 0 0 0 1 1 1 0 0 0 0 1 1 1 1 1 0 0 1 0 1 0 0 0 0 0 0 0 0 0 0 1 1 0 0 1 0 0 1 1 1 1 0 0 0 1 1 1 0 0 1 0 1 0 0 1 1 0 0 1 0 1 1 1 0 1 0 0 0 1 1 0 0 0 1 1 0 1 1 1 1 0 1 1 0 1 1 0 0 0 0 1 0 1 1 0 0 1 1 0 0 0 1
1 0 0 1 0 1 0 1 0 1 1 0 1 1 1 0 0 0 0 1 1 1 1 0 0 1 0 1 0 0 1 0 0 0 0 0 0 0 0 0 0 1 1 0 0 1 0 1 0 1 1 1 0 0 0 0 1 0 1 0 1 0 0 1 1 0 0 1 1 1 1 1 1 1 0 0 0 1 1 0 0 1 1 0 1 1 0 1 0 1 1 0 1 1 0 0 0 1 1 0 0 0 1 0 1 1 1 1 0 1 0 1 1 1 1 0 0 1 1 0 0 0
1 0 1 0 1 0 1 0 1 1 0 1 1 1 0 0 0 0 1 1 1 0 0 0 1 0 1 0 0 1 1 0 0 0 0 0 0 0 1 0 0 1 0 0 1 0 1 0 0 1 1 0 0 0 0 1 0 1 0 1 0 1 1 1 0 0 1 0 1 1 1 1 0 0 0 0 1 1 0 0 0 1 0 1 1 0 1 0 1 1 0 1 1 0 0 0 1 1 0 0 0 1 0 1 1 1 1 0 1 1 1 1 1 1 1 0 0 1 0 1 0 1
0 0 1 1 1 1 0 1 1 0 1 1 1 0 0 0 0 1 1 1 0 0 0 1 0 1 0 0 1 1 1 0 0 0 0 0 0 0 1 0 0 0 0 1 0 1 0 0 1 1 0 0 0 0 1 1 1 1 1 0 1 0 1 0 0 1 1 1 0 1 1 0 1 0 0 1 0 0 0 0 1 0 1 1 0 1 1 1 0 0 1 1 0 0 0 1 1 0 0 0 1 0 1 1 1 1 0 1 0 0 0 1 1 1 0 0 1 1 1 1 0 1
0 0 1 0 0 1 1 1 0 0 1 1 0 0 0 0 1 1 1 0 1 1 1 0 1 0 0 1 1 1 1 0 0 0 0 0 0 0 0 0 0 0 1 0 1 0 0 1 1 1 0 0 0 1 1 1 1 1 0 1 0 1 0 0 1 1 0 1 1 1 0 1 0 0 1 0 1 0 0 1 1 1 1 0 1 1 0 1 1 1 0 0 0 0 1 1 0 1 0 1 0 1 1 1 1 0 1 0 0 1 0 0 0 0 1 0 1 0 1 1 0 0
1 0 1 0 1 0 1 0 0 1 1 0 0 0 0 1 1 1 0 1 1 1 0 1 0 0 1 1 1 1 0 0 0 0 0 0 0 0 1 0 0 1 0 1 0 0 1 1 1 0 0 0 1 1 1 0 1 0 1 0 1 1 0 1 1 0 1 1 0 0 1 0 1 1 0 1 1 0 1 1 0 1 0 1 1 0 0 0 0 1 1 0 0 1 1 0 1 1 1 0 1 1 1 1 0 1 0 0 0 0 0 0 0 0 1 0 0 1 0 1 0 1
0 0 0 0 1 0 0 0 1 1 0 0 0 0 1 1 1 0 1 1 1 0 1 0 0 1 1 1 1 0 0 0 0 0 0 0 0 0 0 0 0 0 1 0 0 1 1 1 1 0 0 1 1 1 0 1 0 0 0 1 1 0 1 1 0 1 0 1 1 1 0 0 0 0 1 1 1 1 1 0 1 0 1 1 0 0 0 1 1 0 1 0 1 1 0 1 1 0 0 1 1 1 1 0 1 0 0 0 1 1 1 1 0 1 1 0 1 1 0 0 0 1
1 0 1 1 0 0 0 1 1 0 0 0 0 1 1 1 0 1 1 1 0 1 0 0 1 1 1 1 0 0 1 0 0 0 0 0 0 0 1 0 0 1 0 0 1 1 1 1 0 1 1 1 1 0 1 1 0 0 1 1 0 0 1 0 1 0 1 0 0 0 0 0 1 1 1 1 1 1 0 1 1 1 1 0 0 0 1 1 1 0 0 1 1 0 1 1 0 1 1 1 1 1 0 1 0 0 0 1 0 0 0 0 0 0 0 0 0 1 1 0 0 0
0 0 0 0 0 1 1 1 0 1 0 0 1 1 1 0 1 1 1 0 0 0 0 1 1 1 1 0 0 1 0 0 0 0 0 0 0 0 0 0 0 0 0 1 1 1 1 0 0 0 1 1 0 1 1 1 0 0 1 0 0 1 0 1 0 1 0 1 1 0 0 1 1 1 1 1 0 0 1 1 0 1 0 0 0 1 1 0 0 0 0 1 0 1 1 0 1 1 1 1 1 0 1 0 0 0 1 0 1 1 1 1 1 1 0 0 1 0 1 1 0 1
0 0 0 1 0 1 1 0 1 0 0 1 1 1 0 1 1 1 0 0 0 1 1 1 1 1 0 0 1 0 1 0 0 0 0 0 0 0 1 0 0 0 1 1 1 1 0 0 1 1 1 0 1 1 1 0 0 1 0 0 1 1 1 0 1 0 1 0 1 0 1 0 0 1 1 0 1 1 1 0 1 0 0 0 1 1 0 0 0 1 1 0 1 1 0 1 1 0 1 1 0 1 0 0 0 1 0 1 1 1 1 0 1 0 0 0 0 0 0 0 0 1
1 0 0 1 1 0 0 1 0 1 1 1 1 0 1 1 1 0 0 0 0 0 1 1 1 0 0 1 0 1 0 0 0 0 0 0 0 0 1 0 0 1 1 1 1 0 0 1 0 0 0 1 1 1 0 0 1 1 0 1 1 0 0 1 0 1 1 0 0 1 0 1 0 1 0 1 0 1 0 1 1 0 0 1 1 0 1 0 1 1 1 1 1 0 1 1 0 0 1 0 1 0 0 0 1 0 1 1 1 0 1 0 1 0 0 0 1 0 1 1 0 0
1 0 1 1 1 1 1 0 1 0 1 1 0 1 1 1 0 0 0 0 1 1 1 1 0 0 1 0 1 0 0 0 0 0 0 0 0 0 0 0 0 1 1 1 0 0 1 0 1 0 1 1 1 0 0 0 1 1 1 1 0 1 1 0 1 1 0 0 0 0 1 1 1 0 1 0 0 0 1 1 0 0 1 1 0 1 1 1 1 0 0 1 0 1 1 0 0 0 0 1 0 0 0 1 0 1 1 1 1 0 1 1 0 1 1 0 1 0 0 0 0 0
0 0 1 1 0 0 0 0 1 1 1 1 1 0 0 1 0 1 0 0 1 1 0 0 0 0 0 0 0 0 0 1 1 0 0 1 0 1 1 0 1 1 1 1 0 0 0 0 1 1 1 0 1 0 1 0 0 0 0 1 1 1 0 1 0 0 0 1 1 0 0 0 1 0 1 1 0 1 0 1 1 1 1 0 0 0 1 1 0 0 0 1 0 1 1 1 1 0 1 0 0 1 1 0 1 0 1 0 1 1 1 0 1 0 1 0 0 1 1 1 1 0
0 0 0 1 0 1 0 1 1 1 1 1 0 0 1 0 1 0 0 1 1 0 0 0 0 0 0 0 0 0 0 1 0 0 1 0 1 0 1 1 1 1 1 0 0 0 0 1 1 0 0 1 0 1 0 1 0 1 1 1 1 1 1 0 0 0 1 1 1 0 0 1 0 1 1 0 1 0 1 1 0 1 0 0 0 1 1 0 0 0 0 0 1 1 1 1 0 1 0 0 1 1 0 1 0 1 0 1 1 0 0 1 1 0 0 0 1 1 0 1 1 1
0 1 0 0 0 0 1 1 1 0 1 0 0 1 0 1 0 0 1 1 1 1 0 0 0 0 0 0 0 0 0 0 0 1 0 1 0 0 1 1 1 1 0 0 0 0 1 1 1 1 1 0 1 0 1 1 1 1 1 1 1 0 0 0 0 1 0 0 0 0 1 1 0 1 0 1 1 1 1 0 1 0 0 0 1 1 0 0 0 1 0 1 1 1 1 0 1 0 0 1 1 0 1 0 1 0 1 1 0 1 1 1 0 0 0 0 1 0 1 0 1 1
0 1 0 1 1 1 1 1 0 1 0 0 1 0 1 0 0 1 1 1 1 1 0 0 0 0 0 0 0 0 0 0 1 0 1 0 0 1 0 1 0 0 0 0 0 1 1 1 0 1 0 1 0 1 1 0 1 0 1 1 0 1 0 0 1 0 1 0 0 1 1 0 0 0 1 1 0 1 0 1 1 0 0 1 1 0 1 0 0 0 1 1 1 1 0 1 0 0 1 1 0 1 0 1 0 1 1 0 0 1 1 1 1 0 1 0 1 0 0 1 1 0
0 1 1 1 0 1 1 0 1 1 0 1 0 1 0 0 1 1 1 1 0 1 0 0 0 0 0 0 0 0 0 1 0 1 0 0 1 1 0 1 0 0 0 0 1 1 1 0 1 1 1 0 1 1 0 0 0 1 1 0 1 0 0 1 0 1 1 0 0 1 0 1 0 1 1 0 0 0 1 1 0 0 1 1 0 1 1 1 1 1 1 1 1 0 1 0 0 0 1 0 1 0 1 0 1 1 0 0 1 1 0 0 0 0 1 0 0 1 0 1 0 0
0 1 1 0 1 1 0 1 1 1 1 0 1 0 0 1 1 1 1 0 0 0 0 0 0 0 0 0 0 0 0 0 1 0 0 1 1 1 0 0 1 0 0 1 1 1 0 1 1 0 0 1 1 0 0 1 1 0 0 1 0 0 1 0 1 1 1 1 0 0 1 1 1 1 0 0 0 1 1 0 0 1 1 0 1 1 0 0 1 1 1 1 0 1 0 0 0 1 0 1 0 1 0 1 1 0 0 1 1 1 1 0 1 0 0 0 0 1 0 1 0 0
0 0 0 1 1 1 1 1 1 0 0 1 0 0 1 1 1 1 0 0 1 0 0 0 0 0 0 0 0 0 0 1 0 0 1 1 1 1 0 0 0 0 1 1 1 0 1 1 1 0 1 1 0 0 1 1 0 1 1 0 0 0 0 1 1 1 1 1 1 1 1 0 1 0 0 0 1 1 0 0 0 1 0 1 1 0 1 1 1 1 0 0 1 0 0 0 1 0 1 0 1 0 1 1 0 0 1 1 0 0 1 0 0 0 1 0 0 0 1 0 1 1
0 0 1 1 1 0 1 1 0 0 1 0 0 1 1 1 1 0 0 1 0 0 0 0 0 0 0 0 0 0 0 0 0 1 1 1 1 0 1 1 1 1 1 1 0 1 1 1 0 0 1 0 0 1 1 0 1 0 0 0 0 1 1 1 1 1 0 0 1 1 0 1 1 0 0 1 1 0 0 0 1 0 1 1 0 1 1 1 0 1 1 1 0 0 0 1 0 1 0 1 0 1 1 0 0 1 1 0 1 1 0 0 1 0 0 0 0 1 0 0 0 1
0 1 1 0 1 1 1 0 0 0 0 0 1 1 1 1 0 0 1 0 1 0 0 0 0 0 0 0 0 0 0 0 1 1 1 1 0 0 1 0 0 1 1 0 1 1 1 0 0 0 0 0 1 1 0 1 0 1 0 0 1 0 1 1 1 0 1 1 1 0 1 1 0 0 1 1 0 0 0 1 1 1 1 0 1 1 0 1 1 0 1 0 0 0 1 0 1 1 1 0 1 1 0 0 1 1 0 1 0 0 0 1 1 0 1 0 1 0 1 0 1 0
0 0 0 0 0 0 0 0 0 0 0 1 1 1 1 0 0 1 0 1 0 1 0 0 0 0 0 0 0 0 0 1 1 1 1 0 0 1 1 1 0 1 0 1 1 1 0 0 0 1 0 1 1 0 1 0 1 1 0 1 0 1 1 1 0 1 0 1 0 1 1 0 1 1 1 0 1 0 1 1 0 1 0 1 1 0 0 1 1 1 1 0 0 1 0 1 1 1 0 1 1 0 0 1 1 0 1 0 1 0 0 1 0 0 0 0 1 1 1 0 0 1
1 1 0 1 0 1 1 0 0 1 0 0 0 0 0 0 0 0 0 0 0 1 0 0 1 0 1 0 0 1 1 1 1 1 0 0 0 0 1 1 0 1 1 0 1 0 1 0 1 0 0 1 1 1 1 0 0 0 1 0 0 0 1 0 1 1 0 1 0 1 1 0 0 0 0 0 1 1 0 0 0 0 1 1 1 1 0 1 1 0 0 1 0 1 0 1 0 1 1 0 1 1 1 0 0 0 0 1 1 1 1 0 1 1 0 0 1 1 1 1 1 1
0 1 1 1 0 1 0 0 1 1 0 0 0 0 0 0 0 0 0 0 0 1 0 1 0 1 0 0 1 1 1 1 1 0 0 0 0 1 0 1 1 1 0 1 0 1 0 1 1 0 1 1 1 1 0 1 0 1 0 0 0 1 0 1 1 0 1 0 0 1 0 1 1 0 0 1 1 0 0 0 1 1 1 1 1 0 1 0 0 1 1 0 1 0 1 0 1 1 0 1 1 1 0 0 0 0 1 1 1 1 0 1 0 1 0 0 1 0 1 0 0 0
0 1 1 0 1 0 0 1 1 1 0 0 0 0 0 0 0 0 0 0 0 1 1 0 1 0 0 1 1 1 1 1 0 0 0 0 1 1 0 0 1 0 1 0 1 0 1 1 0 1 1 1 1 0 1 0 1 0 0 0 1 1 1 1 0 1 1 1 1 0 1 1 0 0 1 1 0 0 0 1 0 1 1 1 0 1 0 0 1 1 0 1 0 1 0 1 1 0 1 1 1 0 0 0 0 1 1 1 0 0 0 1 1 0 0 0 0 0 0 0 1 1
1 0 0 0 1 1 1 1 1 1 0 0 0 0 0 0 0 0 0 0 0 0 0 1 0 0 1 1 1 1 0 0 0 0 0 1 1 1 1 1 1 1 0 1 0 1 1 0 0 1 1 1 0 1 0 0 0 1 0 1 1 0 1 0 1 1 0 1 0 1 1 0 1 1 1 0 1 0 1 0 1 1 1 0 1 0 0 1 0 0 0 0 1 0 1 1 0 0 1 1 0 0 0 0 1 1 1 0 1 0 0 0 1 0 1 0 0 0 1 1 1 1
0 1 1 0 0 0 1 1 1 0 0 0 0 0 0 0 0 0 0 0 0 0 1 0 0 1 1 1 1 0 0 0 0 0 1 1 1 0 0 1 0 0 1 0 1 1 0 0 1 0 1 0 1 0 0 0 1 1 1 1 0 1 0 1 1 0 0 0 1 1 0 0 0 1 0 1 1 1 0 1 1 1 0 1 0 0 0 1 0 1 1 1 0 1 1 0 0 1 1 0 0 0 0 1 1 1 0 1 1 0 1 1 1 1 0 0 1 1 1 1 1 1
1 1 1 1 1 1 1 1 0 0 0 0 0 0 0 0 0 0 0 0 0 1 0 0 1 1 1 1 0 0 1 0 0 1 1 1 0 1 1 1 0 1 0 1 1 0 0 1 1 1 0 1 0 0 0 1 1 1 1 0 1 1 1 1 0 0 0 1 0 0 0 0 0 0 1 1 0 0 1 1 1 0 1 0 0 0 1 0 1 0 1 0 1 1 0 0 1 1 0 0 0 0 1 1 1 0 1 1 1 1 1 0 1 0 1 0 0 0 0 0 0 1
0 1 0 1 0 0 1 0 0 1 0 0 0 0 0 0 0 0 0 0 0 0 0 1 1 1 1 0 0 1 0 0 1 1 1 0 1 1 0 0 0 0 1 1 0 0 1 1 0 0 1 0 0 0 1 0 1 1 0 1 1 0 1 0 0 0 1 1 0 0 0 1 1 1 1 0 1 1 1 1 1 1 0 0 0 1 0 1 1 1 1 1 1 0 0 1 1 0 0 0 0 1 1 1 0 1 1 1 0 1 0 1 0 1 1 0 1 1 1 1 0 0
0 0 0 0 1 1 0 0 1 0 0 0 0 0 0 0 0 0 0 0 0 1 1 1 1 1 0 0 1 0 1 1 1 1 0 1 1 1 0 0 0 1 1 0 0 1 1 0 1 1 0 0 0 1 0 1 1 0 1 1 0 1 0 0 0 1 1 0 1 0 1 1 1 1 0 1 1 1 1 1 0 0 0 0 1 0 1 0 1 0 1 1 0 0 1 1 0 1 0 0 1 1 1 0 1 1 1 0 0 0 1 0 1 0 1 0 0 1 1 0 0 1
1 0 0 1 0 1 0 1 0 1 0 0 0 0 0 0 0 0 0 0 0 0 1 1 1 0 0 1 0 1 0 1 1 0 1 1 1 0 1 0 1 1 0 0 1 1 0 1 0 0 0 0 1 0 1 1 0 1 1 0 1 1 0 0 1 1 0 0 1 1 1 0 1 0 1 1 0 1 1 0 1 0 0 1 0 1 1 1 1 1 0 0 0 1 1 0 1 0 0 1 1 1 0 1 1 1 0 0 0 1 1 1 0 0 1 0 0 1 0 1 0 0
1 0 1 0 1 0 0 1 0 0 0 0 0 0 0 0 0 0 0 0 0 1 1 0 0 1 0 1 0 0 1 0 1 1 1 0 0 0 1 1 1 0 1 1 0 1 0 1 0 1 1 0 1 1 1 1 0 0 1 1 0 0 1 1 0 1 1 1 1 0 1 1 0 1 0 0 0 0 1 0 0 1 0 1 1 1 1 1 0 0 1 1 1 0 1 0 1 0 1 1 0 1 1 1 0 0 0 0 1 0 1 0 0 1 1 0 1 0 0 1 1 0
0 0 1 1 1 0 1 1 1 1 0 0 1 1 0 1 0 1 1 0 0 0 0 1 1 1 1 0 0 0 1 0 0 1 0 1 0 1 1 0 1 0 1 0 0 0 0 1 0 1 0 1 1 1 0 0 0 1 1 0 0 1 0 1 1 1 0 0 1 1 1 0 1 0 0 0 1 0 1 1 0 1 0 1 0 1 0 0 1 0 1 0 1 1 1 1 0 0 0 0 0 1 1 0 1 0 1 1 0 0 0 1 0 0 0 1 1 1 0 1 1 0
1 1 1 1 0 1 0 0 0 1 1 0 0 1 0 0 1 1 1 0 0 0 1 0 0 1 0 0 1 0 0 0 0 0 1 0 1 1 1 0 0 1 0 1 0 0 1 1 0 1 1 0 0 0 1 0 1 1 1 1 0 0 0 1 1 0 1 1 1 1 1 0 0 1 1 1 1 1 1 0 0 0 1 1 0 1 0 0 1 0 0 0 0 0 1 1 1 1 0 0 1 1 0 0 1 0 1 0 1 0 1 0 1 1 0 1 1 0 0 0 1 0
1 1 0 1 1 0 0 0 1 1 0 0 1 1 1 1 0 0 0 1 0 0 0 1 0 1 1 0 0 0 0 1 1 1 1 1 1 1 1 0 1 1 0 1 0 1 1 0 0 0 1 1 1 0 0 0 0 0 1 0 1 0 1 1 0 0 1 0 0 0 1 0 1 1 0 1 0 1 1 0 0 0 0 1 0 0 1 0 0 0 1 1 1 1 0 0 1 0 1 0 1 0 0 0 0 1 0 1 1 0 1 1 1 1 0 1 0 1 0 0 1 1
0 1 0 0 0 0 0 1 1 0 1 0 0 0 1 1 1 1 0 0 0 0 0 1 0 1 0 1 0 0 1 1 0 1 0 0 0 0 0 0 1 1 0 0 1 1 1 0 0 0 0 1 0 0 1 0 1 1 0 1 1 1 1 0 0 0 0 0 1 1 1 0 1 0 1 0 1 0 0 1 0 0 1 1 1 1 0 0 0 0 1 1 1 0 1 0 1 1 1 0 1 1 1 1 1 1 1 1 1 1 1 0 0 1 1 1 0 0 0 1 1 0
1 0 1 1 1 1 0 0 0 1 0 1 1 0 1 0 1 1 0 0 0 0 1 1 1 1 1 1 1 0 1 1 1 0 1 0 1 1 0 0 0 0 1 1 1 1 0 0 0 0 0 1 0 1 0 0 0 0 0 0 0 1 1 1 1 0 1 1 1 1 0 0 1 0 1 0 0 0 0 1 0 1 1 1 0 0 1 1 1 0 1 0 0 0 0 1 0 1 1 0 0 1 0 1 0 1 0 0 1 0 0 0 1 1 1 1 0 1 0 1 0 0
1 0 0 0 1 1 1 1 0 0 1 1 0 0 1 0 1 0 1 0 0 0 0 1 0 0 0 0 1 0 1 0 1 0 0 1 1 1 0 0 0 1 0 0 1 0 0 1 0 1 1 0 1 1 1 0 0 0 0 0 1 1 0 1 0 1 0 0 0 0 1 0 0 1 1 1 1 1 0 0 0 1 1 0 1 0 1 1 1 0 1 1 1 1 1 1 1 1 0 0 0 0 1 1 0 1 0 1 1 1 0 1 0 1 0 1 1 1 0 0 1 0
0 1 1 1 1 1 1 0 0 1 1 0 0 0 0 1 0 1 1 1 0 0 1 0 1 0 0 1 1 0 0 1 1 1 1 0 0 0 1 0 0 0 1 0 1 1 0 0 0 1 1 1 1 1 1 0 1 1 0 1 1 0 0 0 1 1 0 1 1 0 0 0 1 0 0 1 1 0 1 0 0 1 0 0 1 0 1 0 0 0 0 1 1 0 1 0 0 0 0 0 1 0 0 1 0 0 1 1 1 1 0 1 1 1 1 1 0 1 0 0 0 1
1 0 0 0 1 0 1 1 0 0 1 1 1 1 1 1 1 1 1 1 0 0 1 0 1 0 1 1 0 0 0 0 0 1 1 1 1 0 1 0 0 0 1 0 1 0 1 0 0 1 0 0 0 0 1 0 1 0 1 1 1 0 1 0 0 1 0 1 1 0 1 0 0 1 1 0 0 1 1 1 0 0 0 0 0 1 0 1 1 0 0 1 0 1 0 1 0 0 1 0 0 0 1 1 1 1 0 0 0 0 1 0 1 0 1 1 0 1 0 1 1 1
0 1 1 0 0 0 1 0 1 0 1 1 1 0 1 0 0 0 0 1 0 0 1 0 0 1 1 1 0 0 1 1 1 0 0 1 0 0 1 0 1 0 0 1 0 1 1 1 0 0 1 0 0 1 1 0 0 1 0 0 0 1 0 0 1 1 1 1 0 0 0 0 0 1 0 1 0 1 1 1 0 1 1 1 1 1 1 1 1 0 0 0 1 1 0 1 0 1 0 0 1 0 0 0 1 1 1 1 0 1 1 0 0 0 1 1 1 0 0 1 0 1
1 0 0 1 0 1 0 1 1 1 0 1 0 1 0 1 0 0 1 1 0 0 1 1 1 0 0 0 1 0 0 1 0 1 0 1 1 0 0 0 1 1 1 1 1 1 1 1 0 1 1 0 1 1 0 0 1 1 1 1 0 0 1 0 0 0 1 1 0 1 0 0 0 0 0 1 0 0 0 1 0 1 1 0 1 0 0 1 0 0 1 0 0 1 0 0 1 1 1 0 0 1 1 1 0 0 1 0 0 1 1 1 0 0 0 1 1 0 0 1 0 1
0 0 1 0 0 0 1 1 1 0 0 1 1 0 1 0 1 1 0 0 0 1 1 1 1 1 0 0 0 1 0 0 1 0 1 0 1 0 1 1 0 1 0 0 0 0 1 0 1 1 1 1 1 0 0 1 1 0 0 0 1 0 1 1 1 0 0 1 1 1 0 1 1 0 0 1 0 1 1 0 0 0 1 0 1 0 0 1 1 0 1 1 1 1 1 0 0 0 0 0 1 1 0 1 0 1 1 0 0 1 0 0 0 0 0 1 1 0 0 1 1 1
1 0 1 1 0 0 0 0 1 0 0 0 1 0 0 1 1 1 0 0 1 1 0 0 1 0 0 1 0 0 1 0 0 1 0 1 1 1 1 1 0 0 1 0 0 1 1 0 0 0 0 0 0 1 0 0 1 1 1 0 0 0 1 1 0 1 0 1 0 1 0 1 1 1 1 1 1 1 0 0 0 1 1 0 1 0 1 0 0 1 0 0 0 1 1 1 1 0 0 1 1 0 0 1 0 1 0 1 0 1 1 1 1 1 1 1 1 0 0 1 0 0
0 0 0 1 0 1 0 1 1 0 0 1 1 1 1 0 0 0 1 0 0 0 1 0 1 1 0 0 0 0 1 1 1 1 1 1 1 1 0 1 1 0 1 0 1 1 0 0 0 1 1 1 0 0 0 1 0 1 0 1 0 0 1 0 0 1 0 0 1 1 0 1 0 0 1 0 0 1 0 0 1 0 1 0 0 1 1 1 1 0 0 1 1 0 0 1 0 0 0 1 0 0 0 0 1 0 1 1 1 1 1 1 1 1 0 1 1 0 1 0 1 0
0 0 1 1 0 1 1 1 0 0 0 0 0 1 1 1 1 0 0 0 1 0 1 0 1 0 1 0 0 1 1 0 1 0 0 0 0 1 1 1 1 0 0 1 1 1 0 0 1 0 1 0 0 1 0 0 1 0 1 1 1 0 0 0 0 0 1 0 1 1 0 0 0 1 0 1 0 0 1 0 0 1 1 1 1 0 0 0 1 0 0 1 0 1 0 1 1 0 0 1 1 1 1 1 1 1 1 1 1 0 0 1 0 0 1 1 0 1 1 0 1 0
0 0 1 0 0 1 1 1 0 0 1 1 1 0 0 1 0 0 1 0 0 1 0 1 0 1 1 1 0 1 0 1 0 1 0 0 1 1 0 0 0 1 1 0 0 0 1 0 0 1 1 1 0 0 0 0 0 1 1 1 1 0 1 1 1 1 1 1 1 0 0 0 0 1 0 1 0 0 0 0 1 0 0 1 1 1 1 0 0 1 1 0 0 1 0 1 0 1 0 1 1 1 0 1 0 0 0 0 1 1 1 1 0 0 1 1 0 1 1 0 1 0
1 0 1 0 0 0 0 0 1 0 1 1 0 1 0 1 1 0 0 0 0 0 1 1 1 1 1 1 0 1 1 1 0 1 0 1 1 0 1 0 1 1 1 1 1 0 0 0 1 0 1 0 1 0 0 1 0 1 0 0 1 0 1 1 0 1 0 1 1 0 0 1 1 1 0 0 1 0 1 0 0 1 1 0 0 1 0 1 1 1 0 0 0 0 1 0 1 1 0 0 1 0 1 0 1 0 0 1 1 0 0 0 0 1 0 1 0 1 1 0 0 1
0 0 0 0 0 1 1 0 0 0 1 0 0 1 0 1 0 1 0 0 1 1 1 0 0 0 0 1 0 1 1 1 0 0 1 1 1 0 0 1 0 0 0 1 0 0 1 0 0 1 0 1 1 1 0 1 0 0 0 1 1 0 1 0 1 0 1 0 0 1 0 0 1 1 1 1 0 0 0 0 0 1 0 1 0 1 1 1 1 1 1 1 1 1 1 1 1 1 0 0 0 1 1 0 1 0 1 1 0 0 1 1 1 1 0 1 0 0 0 1 0 1
1 0 0 0 0 1 0 0 1 0 0 0 0 0 1 0 1 1 1 0 1 0 0 1 0 0 1 1 0 0 1 1 1 1 0 0 0 1 1 0 1 1 0 1 1 0 0 0 0 1 1 1 1 1 0 1 1 1 1 1 0 0 0 1 1 0 1 1 1 0 0 1 0 0 1 1 1 1 0 0 1 0 0 1 0 1 0 1 0 1 1 1 0 1 0 0 0 0 0 1 0 0 1 0 0 1 1 1 0 0 0 0 1 0 1 1 1 1 0 1 0 1
1 0 0 1 0 1 1 0 0 0 1 1 1 1 1 1 1 1 1 0 1 0 0 1 0 1 1 0 0 0 0 0 1 1 1 1 0 0 1 1 0 1 0 1 0 1 0 0 1 0 0 0 0 1 0 1 0 1 1 1 0 0 0 0 1 0 0 0 0 1 0 0 1 1 0 0 1 1 1 0 1 0 0 0 1 0 1 1 0 0 1 0 1 0 1 0 0 1 0 0 0 1 1 1 1 0 0 0 1 1 1 0 0 1 1 1 1 1 1 1 0 0
1 0 0 1 0 0 0 1 0 0 1 1 0 1 0 0 0 0 1 0 1 1 0 0 1 1 1 0 0 1 0 1 0 0 1 0 0 1 0 0 1 0 1 0 1 1 1 0 1 0 0 0 1 1 0 0 1 0 0 0 1 0 0 1 1 1 1 1 0 0 0 0 1 0 1 0 1 1 1 0 1 1 1 1 1 1 1 0 0 0 1 1 1 0 1 0 1 1 0 1 0 0 0 1 1 1 1 0 0 0 1 0 1 0 0 1 1 1 0 0 1 1
1 0 1 1 0 0 1 1 1 0 1 0 1 0 1 0 0 1 1 0 0 1 1 1 0 0 0 1 0 0 0 0 1 0 1 1 0 0 0 0 1 1 1 1 1 1 1 0 1 1 0 1 1 0 0 0 1 0 1 0 0 0 0 0 0 1 1 0 0 0 0 1 0 0 1 0 1 0 1 0 1 1 0 1 0 0 0 0 1 1 0 0 1 0 0 1 1 1 0 0 1 1 1 0 0 1 0 0 1 1 0 1 1 1 1 1 0 0 1 1 1 1
1 1 1 0 0 1 1 1 0 1 1 1 0 1 0 1 1 0 0 0 0 1 1 1 1 0 0 0 1 0 0 1 0 1 0 1 0 0 1 1 0 0 0 0 0 1 0 1 1 0 1 1 0 0 1 0 0 0 0 1 0 0 1 1 0 0 1 1 1 0 1 0 1 0 1 0 1 1 0 0 1 1 0 1 0 0 1 0 1 0 1 1 1 1 0 0 0 1 0 1 1 0 1 0 1 1 0 0 0 0 0 1 1 0 1 1 1 0 1 1 0 0
0 1 1 1 1 0 0 1 0 1 0 1 0 0 1 1 1 0 0 1 0 1 0 1 0 0 1 0 0 1 1 0 1 0 1 1 1 0 0 0 0 1 0 0 1 1 0 0 1 1 0 0 1 0 0 0 1 1 0 0 0 0 1 0 1 0 1 1 1 0 1 1 0 1 1 1 1 0 0 0 0 1 0 1 0 1 1 0 0 0 0 0 1 1 1 1 0 0 1 1 0 0 1 0 1 0 1 0 0 1 1 0 0 1 1 1 1 1 1 0 0 1
1 1 1 1 0 1 1 1 0 0 1 1 1 1 0 0 0 1 0 0 0 1 0 1 1 0 0 0 0 1 1 1 1 1 1 1 1 0 1 1 1 1 0 1 1 0 0 0 0 1 1 0 0 0 1 0 1 1 1 0 0 1 0 0 1 0 1 0 0 0 1 1 1 1 0 0 0 0 0 1 0 1 0 0 1 1 1 0 0 1 0 1 0 0 1 0 0 1 1 0 0 0 0 1 0 1 1 1 0 0 0 0 1 0 0 1 0 0 1 1 1 0
1 1 1 0 0 1 1 0 0 0 0 0 1 1 1 1 0 0 0 1 0 0 0 1 0 1 0 0 1 1 0 1 0 0 0 0 1 0 1 1 0 0 1 1 1 0 0 1 0 1 0 0 1 0 0 1 0 0 1 1 0 1 0 0 0 1 0 1 0 0 0 1 1 0 1 0 0 1 0 0 0 1 1 1 0 0 0 0 0 1 1 0 1 0 1 1 0 0 1 1 1 1 1 1 1 1 1 1 0 1 1 0 1 0 1 1 1 1 0 0 1 1
0 0 0 1 1 0 1 0 0 1 1 1 0 0 1 0 0 1 0 0 1 0 1 0 1 1 1 0 1 0 0 0 1 0 0 1 1 0 1 1 1 1 0 0 0 1 0 0 0 1 1 0 0 0 0 1 1 0 1 1 0 1 1 1 1 1 1 1 0 0 0 0 0 0 1 0 1 0 0 1 0 0 1 1 1 1 0 0 1 1 1 0 1 0 1 0 1 0 1 1 1 0 1 0 0 0 0 1 0 1 1 1 1 0 0 1 0 1 1 1 0 0
1 0 0 0 1 0 0 1 0 0 1 0 1 0 1 1 0 0 0 0 1 0 1 1 1 1 1 0 1 1 1 0 1 0 1 1 0 0 1 0 1 1 1 1 0 0 0 1 0 0 0 1 0 0 1 1 1 0 0 1 0 1 1 0 1 0 0 1 1 0 1 0 1 0 0 1 1 1 0 0 1 1 0 0 1 0 0 0 0 0 0 0 0 1 0 1 1 1 0 1 0 1 0 1 0 0 1 1 0 0 1 1 1 1 0 1 1 0 1 0 1 1
1 1 1 1 1 1 0 0 0 1 0 0 1 0 1 0 1 0 0 1 1 0 0 0 0 0 1 0 1 1 1 0 0 1 1 1 0 0 0 0 1 0 1 0 0 1 0 0 1 1 1 1 1 0 1 0 0 1 1 1 0 0 0 1 0 1 0 0 1 0 0 0 1 1 1 0 0 0 0 0 1 0 1 0 1 1 0 0 1 1 1 1 1 1 1 1 1 1 0 0 1 1 0 1 0 1 1 0 0 0 1 0 0 0 0 1 0 0 1 1 0 1
0 0 0 0 1 1 0 1 0 0 0 0 0 1 0 1 1 1 0 1 0 1 1 0 0 1 1 0 0 1 0 1 1 0 0 0 1 0 1 0 1 0 1 1 0 0 0 0 1 0 1 1 1 0 1 1 1 1 1 0 0 0 1 1 0 1 0 0 0 0 1 0 0 1 1 1 1 0 0 1 1 0 1 0 1 0 1 0 1 1 0 0 1 0 0 0 0 1 1 0 0 1 0 0 1 1 1 0 0 1 0 1 1 1 1 1 1 1 0 1 1 0
0 1 1 1 0 0 0 0 0 0 1 1 1 1 1 1 1 1 0 1 1 1 1 0 1 1 0 0 0 0 1 1 1 1 1 0 0 0 0 0 0 0 1 0 1 0 0 1 1 0 0 0 1 0 1 1 1 0 1 0 0 1 0 1 0 0 1 0 1 0 0 1 0 0 0 1 0 1 0 1 0 0 0 1 0 1 1 0 1 1 1 1 0 1 0 0 1 1 0 0 1 1 1 1 0 0 0 1 0 1 1 1 0 1 0 1 1 1 0 0 0 0
0 0 0 1 0 1 1 0 0 1 1 0 1 0 0 0 0 1 0 1 1 1 0 1 1 1 0 0 1 0 0 0 0 1 0 0 1 0 0 1 1 1 0 1 1 1 0 1 0 0 0 1 1 0 0 1 0 1 0 1 0 0 1 1 1 1 0 0 1 0 0 1 0 1 0 1 1 1 0 1 1 1 1 1 1 1 1 0 1 0 0 1 0 1 0 1 1 0 1 0 0 0 1 1 1 1 0 0 0 0 0 0 0 1 1 1 0 0 0 0 1 1
1 0 0 0 1 0 1 1 0 1 0 1 0 1 0 0 1 1 0 0 1 0 1 0 0 0 1 0 0 0 1 1 0 1 1 0 0 0 0 1 0 1 1 1 1 1 0 1 1 1 1 1 0 0 0 0 0 1 0 0 0 1 0 0 1 1 1 1 0 0 1 1 1 1 0 1 0 1 0 1 1 0 1 0 0 0 0 0 0 0 1 1 0 0 1 1 1 0 0 1 1 1 0 0 1 0 0 1 0 1 0 1 0 1 1 1 0 1 0 1 1 1
1 1 0 0 0 1 1 0 1 1 1 0 1 0 1 1 0 0 0 0 1 1 1 1 0 0 0 1 0 0 0 0 1 0 1 0 0 1 1 0 1 0 0 0 1 0 1 1 1 1 1 0 0 1 0 0 0 1 1 0 0 1 1 0 0 1 0 1 1 1 0 0 1 1 0 1 1 0 0 1 0 0 1 0 0 1 1 0 1 1 1 1 1 0 0 0 1 0 1 1 0 1 0 1 1 0 0 0 0 0 0 0 1 1 0 1 1 1 1 0 0 1
0 0 0 1 0 0 1 0 1 1 1 0 0 1 1 1 0 0 1 0 0 1 1 0 0 1 0 0 1 1 1 1 0 1 1 1 0 1 1 0 0 0 0 1 1 0 0 1 0 0 0 1 0 0 0 1 1 0 0 0 0 1 0 1 0 1 1 1 0 1 1 1 0 1 1 1 1 0 0 0 1 0 1 0 1 1 0 1 0 0 0 1 1 1 1 0 0 0 1 0 0 1 0 1 0 1 0 0 1 0 1 1 0 0 1 1 0 1 1 1 0 1
0 1 0 0 1 1 1 0 0 1 1 1 1 0 0 0 1 0 0 0 1 0 1 1 0 0 0 0 1 1 0 1 1 1 1 1 0 1 0 1 1 0 1 1 0 0 0 0 1 0 0 0 0 1 0 0 1 1 0 0 1 1 0 1 0 1 0 1 1 1 1 1 0 0 0 0 0 0 1 0 0 0 0 1 1 1 0 0 0 1 1 0 0 1 0 0 1 0 0 0 0 0 1 0 1 1 1 0 1 1 1 1 1 1 1 1 1 0 0 1 1 1
0 1 0 1 1 0 0 0 0 0 0 1 1 1 1 0 0 0 1 0 0 1 1 0 1 0 0 1 1 0 0 0 0 0 0 1 0 1 0 1 1 1 1 1 0 0 1 0 0 0 0 1 0 0 1 1 0 1 1 0 1 0 0 0 1 0 1 1 1 0 1 0 0 1 0 0 1 0 0 0 1 1 1 0 0 0 1 0 1 1 1 1 0 1 1 0 0 0 1 1 1 1 1 1 1 1 1 0 1 1 0 0 0 1 0 1 1 1 0 1 0 1
1 1 0 1 1 0 0 0 1 0 1 0 0 1 0 0 1 0 0 1 1 0 0 1 1 1 0 1 0 0 0 1 0 0 1 1 0 0 0 0 0 0 0 0 1 0 0 0 1 1 0 0 0 0 1 1 0 1 1 0 1 1 1 1 1 1 1 0 0 0 0 1 1 1 0 1 1 0 1 0 0 1 1 1 1 0 0 1 1 0 1 1 0 1 0 1 0 0 1 1 0 1 0 0 0 0 1 0 1 1 0 1 1 0 1 1 1 0 1 1 1 0
1 0 0 1 0 0 1 0 0 0 0 1 0 1 1 0 0 0 0 1 1 1 1 1 1 1 0 1 1 1 1 1 0 1 1 0 0 0 1 1 0 1 1 0 0 0 1 0 0 1 1 0 0 1 1 0 0 1 1 0 1 1 0 1 0 0 0 0 1 1 0 0 0 0 1 1 1 0 0 1 1 0 0 1 0 0 1 1 0 0 0 0 1 0 1 1 1 0 1 0 1 0 1 0 0 1 1 0 0 0 0 1 0 1 1 1 1 0 1 0 1 1
0 0 0 1 1 1 0 0 1 0 0 1 0 1 0 1 0 0 1 1 0 0 0 0 0 1 0 1 1 1 0 0 1 1 1 0 0 1 1 0 0 1 0 0 1 0 0 1 1 0 1 1 0 1 0 0 1 0 1 0 0 1 1 0 1 0 0 1 1 0 0 1 1 1 0 0 0 0 0 1 1 1 0 1 1 0 0 1 1 1 0 1 1 1 1 1 1 0 0 1 1 0 1 0 1 1 0 0 0 1 1 0 1 1 0 1 0 0 0 1 1 0
1 0 0 0 1 0 1 0 0 1 0 0 1 0 1 1 1 0 1 0 0 1 0 0 1 1 0 0 1 0 1 1 0 0 0 1 0 0 0 1 1 1 1 0 0 0 0 1 1 1 1 1 0 1 1 1 1 1 0 0 0 0 1 0 1 0 1 0 0 1 0 0 1 1 1 1 0 0 1 1 0 1 0 1 0 1 0 1 0 1 0 1 0 0 0 0 1 0 0 0 1 0 0 1 1 1 0 0 1 1 1 0 1 0 1 1 1 1 1 0 1 0
1 0 0 1 1 1 0 0 0 1 1 1 1 1 1 1 1 0 1 1 1 1 0 1 1 0 0 0 0 1 1 1 1 1 0 0 0 1 1 0 1 1 0 1 0 0 1 1 0 1 0 1 0 1 1 1 0 0 0 0 1 0 1 0 0 1 1 1 0 0 1 1 1 0 1 0 0 0 1 0 0 0 1 0 1 1 1 0 1 0 0 0 1 0 0 1 1 0 0 1 1 1 1 0 0 0 1 0 0 1 0 0 0 0 1 1 0 0 0 0 0 0
0 1 0 0 0 1 0 0 1 1 0 1 0 0 0 0 1 0 1 1 1 0 1 1 1 0 0 1 0 0 1 0 1 0 0 1 0 0 1 1 0 0 1 1 1 0 1 0 0 0 1 1 0 0 1 0 1 0 1 0 0 0 1 1 1 0 0 0 0 0 1 1 1 0 1 1 0 0 1 1 1 1 1 1 1 1 1 0 0 1 1 0 1 0 1 1 0 0 0 0 0 1 1 1 1 0 0 0 1 0 1 1 0 0 0 1 0 1 1 0 1 1
1 1 0 0 0 1 1 0 1 0 1 0 1 0 0 1 1 0 0 1 0 0 0 0 0 1 0 0 0 1 1 0 1 1 0 0 0 0 0 1 1 1 1 1 1 0 1 1 1 1 1 0 0 0 0 1 1 0 0 0 1 0 0 1 1 1 1 0 1 1 1 0 0 0 1 0 1 0 1 1 1 1 0 0 0 0 1 1 1 0 1 0 0 1 1 1 0 0 1 1 1 0 0 1 0 0 1 0 0 0 1 1 1 1 0 1 0 1 0 1 0 0
1 0 1 0 1 1 0 1 1 1 0 1 0 1 1 0 0 0 0 1 1 1 1 0 0 0 1 0 0 0 1 1 0 1 0 0 1 1 1 0 0 0 0 1 0 1 1 1 0 0 0 0 1 0 0 1 1 1 0 0 1 1 0 0 1 0 0 0 1 0 0 0 1 0 1 1 1 0 1 0 1 1 0 0 1 1 0 0 1 1 1 1 0 0 0 1 0 0 1 0 1 0 1 1 0 0 0 0 1 1 1 0 1 1 0 1 1 0 1 1 1 0
1 0 1 1 0 1 0 1 1 1 0 0 1 1 1 0 0 1 0 0 1 0 0 0 1 0 0 1 1 1 0 0 1 1 1 0 1 0 0 0 1 0 1 1 0 0 1 0 1 1 1 0 0 0 1 1 0 0 0 0 1 1 1 0 1 1 0 0 0 1 1 1 0 1 1 1 1 0 0 1 1 1 0 1 1 0 0 0 0 0 1 1 1 1 0 0 0 1 0 0 1 0 1 0 1 0 0 1 1 0 1 0 0 0 1 1 1 1 0 0 0 0
1 1 1 1 1 0 0 0 1 0 1 1 0 0 0 1 0 0 0 1 1 1 1 0 0 0 0 1 1 0 1 1 1 1 1 0 1 1 1 1 1 1 1 0 0 0 0 1 1 1 0 0 1 0 0 0 1 1 0 1 1 0 1 0 1 0 1 0 0 1 1 0 0 0 0 0 1 1 0 0 1 0 1 1 1 0 0 1 1 1 1 0 1 0 0 1 0 0 0 0 0 1 0 1 1 1 0 1 0 0 0 0 0 0 1 1 0 1 0 0 1 0
1 1 0 0 1 1 0 0 0 1 1 1 1 1 0 0 0 1 0 0 0 1 0 1 0 0 1 1 0 0 1 0 0 0 1 0 1 1 1 0 0 1 1 0 0 1 0 0 1 0 1 0 0 1 1 1 1 0 0 1 0 0 0 1 0 1 1 0 0 1 0 1 1 0 0 1 1 0 0 1 1 1 0 0 0 1 0 1 1 0 0 0 1 1 0 0 0 0 1 1 1 1 1 1 1 1 0 1 1 1 1 1 0 0 0 1 0 0 0 0 1 1
0 0 0 0 0 1 0 1 0 0 0 0 1 0 0 1 0 0 1 1 1 1 1 1 1 0 1 0 0 0 0 0 0 1 1 0 0 1 0 1 1 0 0 1 0 0 0 1 1 1 0 0 0 1 1 0 1 1 0 1 1 1 1 1 1 1 1 0 1 0 1 1 1 0 1 1 0 1 0 0 0 1 1 1 0 0 0 1 1 0 0 0 1 0 1 0 0 1 1 0 1 0 0 0 0 1 0 1 1 1 1 0 0 1 0 1 0 1 1 1 0 1
1 1 1 0 0 0 0 0 0 1 1 0 1 1 0 0 0 0 1 1 0 1 1 1 1 0 1 1 1 1 1 0 1 1 0 0 0 0 1 1 1 1 0 0 0 1 0 0 0 1 0 0 1 1 0 0 1 0 0 1 1 1 1 0 0 0 0 0 0 0 0 1 0 1 1 1 0 0 1 1 1 0 1 0 0 1 0 0 0 0 1 1 0 1 1 1 0 1 0 1 0 1 0 0 1 1 0 0 1 1 0 1 1 1 0 1 1 1 0 1 0 0
0 0 0 1 1 1 0 1 0 0 1 0 1 0 1 0 0 1 1 0 0 0 0 0 1 0 1 1 1 0 1 1 1 1 0 0 1 0 1 1 0 0 0 1 0 0 1 1 1 0 1 0 1 0 0 0 0 1 0 0 1 0 0 1 0 0 1 0 1 0 1 1 1 0 0 0 1 0 1 1 0 0 1 1 0 0 0 1 0 1 0 1 1 1 1 1 0 1 1 1 0 1 0 1 1 0 0 0 0 1 1 1 1 0 1 1 1 0 1 0 0 1
0 1 1 1 1 1 0 0 1 1 0 1 0 1 1 1 0 1 0 0 0 1 0 1 1 0 0 1 0 1 0 0 0 0 1 0 0 0 0 1 1 1 0 0 0 0 1 1 0 0 1 0 1 1 1 1 1 1 0 0 0 1 0 1 0 1 1 0 1 0 0 0 0 1 1 0 0 1 1 0 0 0 1 0 1 0 0 1 0 0 1 0 0 0 0 1 0 1 0 1 0 0 1 1 1 0 0 1 0 0 1 1 1 1 1 1 0 1 1 1 1 1
0 0 0 0 0 0 0 0 1 1 1 1 1 1 1 1 0 1 1 1 1 0 1 1 0 0 0 0 1 1 0 1 1 0 0 0 1 0 0 0 1 0 1 0 0 1 1 0 0 0 1 0 1 1 1 0 0 0 0 1 0 0 0 0 1 1 1 0 1 1 1 1 1 1 0 0 1 1 0 0 0 1 0 1 1 1 0 1 0 1 0 1 0 0 1 1 0 0 1 1 1 1 0 0 0 1 0 0 0 0 0 1 0 1 0 1 1 1 1 1 1 0
1 1 0 1 1 0 0 1 1 0 1 0 0 0 0 1 0 1 1 1 0 0 1 1 0 0 1 0 0 1 0 1 0 0 1 0 0 1 0 1 0 1 1 1 0 1 0 0 0 1 1 0 0 1 0 1 0 0 0 0 0 1 1 1 0 0 0 0 1 1 1 0 0 1 1 0 0 1 1 1 1 1 1 1 1 1 0 0 1 1 0 1 0 1 1 0 0 0 0 0 1 1 1 1 0 0 0 1 0 1 0 0 1 0 1 1 1 0 1 0 0 1
0 1 1 1 0 0 0 1 0 0 0 1 0 0 1 1 0 0 1 0 1 0 0 0 1 0 0 0 1 1 1 1 1 0 0 0 0 1 1 0 0 1 1 1 0 1 1 1 1 1 0 0 0 0 1 1 0 1 0 1 0 0 1 1 1 1 0 0 0 1 0 0 1 1 0 1 0 1 1 1 0 0 0 0 0 1 0 0 1 1 1 0 1 1 1 0 0 1 1 1 0 0 1 0 0 1 0 0 1 0 0 1 1 1 1 1 0 0 0 1 1 1
1 0 0 1 1 1 1 1 1 1 1 0 1 1 0 0 0 0 1 1 0 1 0 0 0 1 0 0 0 1 1 0 1 0 0 1 1 0 1 1 1 0 1 0 1 1 1 0 1 0 0 1 0 0 1 0 1 1 0 1 1 1 0 1 0 0 1 1 1 0 0 0 1 1 1 1 0 1 0 1 0 0 0 1 1 0 0 1 1 1 0 0 0 0 1 0 0 0 0 1 0 1 1 0 0 0 0 1 1 0 0 0 0 1 1 1 1 0 0 0 0 1
0 0 1 1 0 1 1 1 1 0 0 1 1 1 0 0 1 0 0 1 0 1 0 1 0 0 1 1 1 0 0 1 1 1 0 1 0 0 0 0 0 1 1 0 0 1 0 1 0 0 0 0 0 1 1 1 0 0 0 1 1 0 0 1 1 0 0 1 0 1 1 1 0 1 1 1 0 0 1 1 0 0 1 1 0 0 0 0 1 1 0 1 1 0 0 0 1 0 0 1 0 1 0 1 0 0 1 1 0 0 1 0 1 1 0 1 0 1 1 1 1 1
1 1 1 0 1 0 0 1 0 1 1 0 0 0 1 0 0 0 1 1 1 0 0 0 0 0 1 1 0 1 0 1 1 1 0 1 1 1 0 1 1 1 0 0 0 0 1 1 0 0 0 1 0 0 0 1 1 0 1 1 0 0 0 1 0 1 0 1 0 1 0 1 1 0 0 1 0 0 0 1 0 1 1 1 0 0 1 1 1 0 0 1 0 0 1 0 0 1 0 0 1 0 1 1 1 0 1 0 0 0 0 1 0 1 1 1 1 1 1 1 1 0
0 0 1 1 0 0 0 0 1 1 1 1 1 0 0 0 1 0 0 0 1 0 1 0 0 1 1 0 0 1 0 0 0 1 0 1 1 1 0 1 0 1 0 0 1 0 0 1 0 1 0 0 1 1 1 0 0 0 1 0 0 0 1 0 1 1 1 0 1 0 1 0 1 0 1 1 0 0 1 1 1 0 0 0 1 0 0 1 0 1 0 1 1 0 0 0 0 1 1 1 1 1 1 1 1 0 1 1 1 0 0 1 1 1 1 1 1 0 0 0 0 1
1 1 0 0 0 1 0 0 1 1 0 1 1 0 0 0 0 1 1 0 1 1 1 1 0 1 1 1 1 1 1 1 1 0 0 0 0 1 0 0 0 0 0 0 1 0 0 0 1 1 0 1 1 0 0 1 0 1 1 1 1 0 0 0 0 0 1 1 0 0 1 0 0 1 1 0 0 1 1 1 0 1 0 0 1 0 0 0 1 0 0 0 1 1 1 0 1 0 1 0 1 0 0 1 1 0 0 1 0 0 1 1 0 1 1 1 1 0 1 1 1 0
0 1 0 1 1 1 1 0 0 0 0 1 0 1 0 0 1 1 0 0 1 1 0 1 0 1 1 1 0 1 0 1 1 0 0 1 0 0 1 0 1 0 1 0 0 1 1 1 0 1 0 1 0 0 0 0 1 1 0 1 0 1 1 0 0 1 1 0 1 1 1 1 0 0 0 1 0 1 1 0 1 1 1 0 0 0 0 1 0 1 0 1 1 1 1 0 1 1 1 0 1 0 1 1 0 0 0 0 1 0 0 0 1 0 0 1 1 1 0 0 0 0
0 1 0 1 0 0 0 1 1 1 1 0 1 1 1 0 1 0 0 0 0 0 1 1 0 0 1 0 1 0 1 0 0 1 0 0 0 1 1 1 0 0 0 0 0 1 1 0 1 1 0 1 1 1 1 1 1 1 0 0 1 1 1 0 1 1 0 1 0 0 0 1 0 1 0 0 0 1 0 0 1 1 0 1 0 0 1 1 1 1 0 0 0 0 1 0 1 1 1 0 0 1 1 1 0 0 1 0 0 0 1 1 1 0 1 1 0 1 0 0 1 0
1 0 1 0 1 1 0 1 1 0 1 1 1 1 1 0 1 1 1 1 1 1 1 0 0 0 0 1 1 0 1 1 0 0 0 1 0 0 1 1 1 1 0 0 1 1 0 0 1 1 0 1 1 1 0 1 0 0 1 0 0 1 0 1 1 1 0 0 1 1 1 0 0 0 0 1 0 0 0 0 0 0 1 1 1 0 1 0 0 0 0 0 0 1 1 0 0 1 1 1 1 0 0 0 1 0 0 0 1 0 1 0 1 0 0 1 0 0 0 0 1 1
1 1 1 0 1 1 1 1 0 0 0 0 0 0 1 0 1 1 1 0 1 1 1 0 0 1 0 0 1 0 0 0 0 1 0 0 1 1 1 0 1 1 1 0 1 0 0 0 0 0 0 0 1 0 1 0 0 1 0 0 1 1 1 0 0 0 1 0 0 1 0 1 1 1 0 0 0 1 1 1 1 1 1 1 1 0 1 1 0 0 0 0 1 1 0 0 0 0 0 1 1 1 1 0 0 0 1 0 0 0 1 1 1 1 0 1 0 1 1 1 0 1
0 0 1 0 1 0 1 0 0 0 1 0 0 1 1 0 0 1 0 1 0 0 0 1 0 0 0 1 1 1 1 1 0 0 0 0 1 1 0 1 1 1 1 0 1 1 1 1 1 1 0 0 0 1 1 0 1 1 1 0 0 0 1 1 1 0 0 1 1 0 0 1 1 0 1 0 0 1 1 0 1 0 0 0 1 0 1 0 1 0 0 1 1 1 0 0 1 0 1 0 0 1 0 0 1 0 0 1 1 0 1 1 0 0 0 1 1 1 1 1 0 0
0 1 0 0 1 0 1 1 1 1 0 1 1 0 0 0 0 1 1 0 1 1 0 0 1 0 0 0 1 1 1 1 0 0 1 1 0 0 1 0 0 1 0 1 1 1 0 1 0 0 1 0 0 1 0 0 1 0 1 1 1 0 1 0 0 1 0 0 1 0 0 1 1 1 1 0 1 0 1 0 1 0 1 1 0 0 1 1 0 1 1 0 0 1 0 0 0 1 1 0 1 1 0 0 0 0 1 1 0 0 1 0 0 1 1 1 1 1 0 0 1 0
0 0 1 1 1 1 1 1 0 1 1 1 1 0 0 1 0 0 1 0 0 0 1 0 0 1 1 1 0 0 1 1 1 0 1 0 0 0 0 1 1 1 0 0 1 0 1 0 1 0 0 0 1 1 1 1 0 1 1 1 0 1 1 1 0 0 0 1 0 1 1 1 1 1 1 0 1 1 1 0 1 1 1 0 0 0 0 0 0 1 1 1 0 0 0 1 0 0 1 0 1 0 1 0 0 1 1 0 0 0 1 1 0 0 0 1 0 0 0 0 0 0
0 1 1 0 0 1 1 0 1 0 0 0 0 1 0 0 0 1 1 1 1 1 0 0 0 1 1 0 1 0 1 1 1 0 1 1 1 1 0 1 1 0 0 0 0 1 1 0 1 1 1 0 0 0 1 1 0 0 1 0 0 1 1 0 1 0 0 1 1 0 1 0 1 0 1 0 1 0 1 0 0 1 1 0 0 1 0 1 0 0 0 0 0 1 0 0 1 1 0 1 0 1 1 1 0 1 0 0 0 1 0 1 0 1 1 1 0 1 0 0 1 1
1 1 0 0 1 1 0 1 1 0 1 1 0 0 0 1 0 0 0 1 1 1 0 0 1 1 0 0 1 0 1 0 1 0 1 1 1 0 1 0 0 0 0 1 0 0 1 0 0 1 0 1 1 1 0 0 0 1 0 0 0 0 0 1 1 1 0 1 1 1 0 1 0 1 1 0 0 1 1 1 1 0 0 1 0 0 0 0 0 0 0 1 0 0 0 0 1 1 1 1 1 1 1 1 0 1 1 1 1 1 0 1 0 0 0 1 0 1 1 1 0 0
1 0 1 0 1 1 0 0 1 0 1 0 0 1 0 0 1 1 1 0 0 0 1 0 1 0 0 0 0 1 0 1 1 0 0 1 0 1 1 1 0 1 0 0 0 1 1 1 1 0 0 1 1 0 1 0 0 0 1 1 1 1 1 1 1 1 0 0 1 1 0 1 0 1 0 0 0 0 0 1 1 1 0 0 0 1 0 0 0 0 1 0 1 0 0 1 1 0 1 0 0 0 0 1 0 1 1 1 0 1 1 0 0 1 1 1 1 1 1 0 0 1
1 0 0 1 0 0 0 1 1 1 1 1 0 0 0 0 1 1 0 1 0 1 1 0 1 1 1 1 1 1 1 1 0 0 0 0 1 1 0 1 1 0 0 1 0 0 0 1 1 1 1 1 0 0 1 0 1 0 1 1 0 1 0 0 0 1 0 0 0 1 0 0 1 1 0 0 1 1 1 0 0 0 0 1 0 0 1 0 0 1 0 1 1 1 0 1 0 0 0 1 0 0 1 1 0 0 1 0 1 1 1 0 0 1 0 1 0 1 0 1 0 1
0 0 1 0 1 1 0 0 0 1 1 0 1 0 0 1 1 0 0 1 0 1 1 0 1 1 1 0 1 0 0 1 0 0 1 0 0 1 1 0 1 1 0 0 1 1 1 0 0 0 1 0 0 0 0 1 1 1 1 0 1 0 0 0 1 1 0 0 0 1 1 1 0 0 1 0 0 1 0 1 0 1 0 0 0 0 1 1 0 1 1 1 1 1 0 1 1 1 0 1 0 1 1 0 0 0 0 1 1 0 0 0 0 0 1 1 1 0 1 1 1 1
1 1 1 1 0 0 1 1 0 1 1 1 1 1 0 1 1 1 1 1 1 0 0 0 0 0 1 1 0 1 0 0 0 0 1 0 0 0 1 1 1 0 0 1 1 0 0 1 0 0 1 1 1 0 1 0 0 1 0 0 1 0 1 1 1 0 0 1 0 1 0 0 0 0 1 0 0 0 0 0 1 1 1 1 0 1 0 1 0 1 0 0 1 1 0 0 1 0 1 1 0 0 0 1 0 0 0 1 1 1 0 1 0 1 0 1 1 0 0 1 1 0
1 0 1 1 0 0 1 0 0 1 0 0 0 1 0 1 1 1 0 1 0 0 0 0 1 0 0 1 0 0 1 0 1 0 0 1 1 1 0 0 0 1 0 1 0 0 0 0 1 1 0 1 0 1 0 1 1 1 0 1 1 1 0 0 0 1 0 1 1 0 1 0 0 0 0 0 0 1 1 1 1 1 1 1 0 1 1 1 0 1 1 1 1 0 0 0 0 1 1 1 1 1 0 0 0 1 0 0 0 0 1 1 0 1 0 1 1 0 1 0 1 1
0 1 0 1 0 1 0 0 0 0 0 0 1 1 0 0 1 0 1 0 1 1 1 0 0 0 1 1 1 1 0 0 0 0 0 1 1 0 1 0 1 1 0 1 1 1 1 1 1 1 0 0 1 1 0 1 1 0 0 0 0 1 1 1 0 0 0 1 1 0 1 0 1 1 0 0 1 1 0 1 0 0 0 1 0 1 1 1 0 0 1 1 1 0 0 1 0 0 0 0 1 0 0 1 0 0 1 1 1 1 0 1 0 0 1 1 0 0 1 1 1 0
0 0 0 1 1 0 1 1 1 1 1 1 0 0 0 0 1 1 0 1 0 1 0 1 0 0 0 1 1 1 1 0 0 1 1 0 0 1 1 1 1 0 1 1 1 0 1 0 0 0 0 0 1 0 0 1 0 0 1 1 0 0 0 0 1 0 0 0 1 0 1 0 0 1 0 1 0 1 0 1 0 1 1 0 0 1 0 1 1 0 1 0 1 0 0 0 1 1 0 1 1 0 0 0 0 1 1 0 1 1 1 1 1 0 1 1 1 1 1 0 0 0
1 1 1 1 1 1 1 0 1 0 1 1 0 0 1 0 0 1 0 0 1 0 0 0 1 1 1 0 0 1 0 1 0 1 0 0 0 0 0 0 1 0 0 1 0 1 0 1 0 1 0 1 1 1 1 0 1 0 1 0 1 0 1 0 0 0 0 1 1 1 1 1 0 1 0 1 1 1 0 1 0 1 0 0 0 0 1 1 1 1 1 0 0 0 1 0 0 0 0 1 0 1 0 0 1 1 0 0 1 1 1 1 0 0 0 1 0 0 1 0 1 1
0 1 0 0 0 0 0 1 0 1 0 0 1 0 0 0 1 1 1 1 0 0 0 0 1 1 0 1 0 1 1 1 0 1 1 1 1 1 1 1 1 0 0 0 1 1 0 1 0 1 0 0 0 1 1 1 0 0 0 0 1 0 0 1 0 0 1 1 1 1 0 0 0 1 0 1 1 1 0 0 1 1 0 0 1 0 0 0 0 1 1 0 1 0 0 1 1 1 1 0 1 1 1 0 1 0 0 0 0 1 0 0 1 0 0 1 0 1 1 1 1 1
0 0 1 0 0 1 1 1 0 1 1 0 0 0 1 0 0 0 1 1 1 0 0 1 1 0 0 1 0 1 0 1 0 1 1 1 0 1 1 0 0 0 1 0 0 1 0 0 1 1 1 1 1 0 0 1 1 0 0 0 0 1 1 1 1 0 1 0 0 0 1 0 0 1 0 0 1 1 1 1 0 0 1 0 0 0 1 1 0 1 0 0 0 0 0 1 1 0 1 1 1 1 1 0 1 1 1 1 1 0 1 0 0 1 0 1 1 0 0 1 0 0
1 1 1 1 0 0 0 1 0 0 0 0 1 0 0 1 1 1 0 0 1 1 0 1 0 0 0 0 1 0 1 1 0 0 1 0 1 0 1 0 1 0 0 0 1 1 1 1 0 0 1 1 0 1 0 1 0 0 1 1 1 1 1 1 1 0 1 1 0 0 1 0 0 0 0 0 0 0 1 1 1 0 0 0 1 0 0 1 1 1 0 1 0 0 1 1 0 0 0 0 0 0 1 0 1 1 1 0 1 1 1 1 0 1 0 1 1 1 1 0 0 1
1 1 1 1 1 1 1 1 1 1 1 0 0 0 0 1 1 0 1 0 1 0 0 1 1 1 1 1 1 1 1 0 0 0 0 1 1 0 0 0 1 0 1 0 0 0 1 1 1 0 1 0 0 1 0 1 0 0 1 0 1 0 0 0 1 0 1 0 1 0 0 1 0 0 0 1 0 1 0 0 1 0 1 0 0 1 1 0 0 0 0 1 1 0 1 0 0 0 1 0 0 1 1 0 0 1 0 1 0 1 1 0 1 1 1 1 0 0 0 1 1 0
1 0 1 0 1 1 0 0 1 1 0 1 0 0 1 1 0 0 1 0 1 1 0 1 1 1 0 1 0 0 0 0 0 1 0 0 1 0 0 1 1 0 0 1 1 1 0 0 1 0 0 0 0 0 1 0 1 0 0 1 0 1 0 1 1 0 0 1 0 1 1 0 0 1 0 0 0 0 1 0 1 0 0 0 0 1 1 1 1 1 0 1 1 0 1 1 1 1 1 0 1 1 0 0 0 0 1 1 0 1 0 1 1 0 1 1 1 1 0 0 1 1
1 1 0 1 0 0 1 1 0 0 1 1 1 0 1 0 0 0 0 1 0 1 0 0 1 0 1 0 1 0 0 1 0 0 0 1 1 1 0 0 0 0 0 1 1 0 1 0 1 0 1 1 1 1 1 1 1 0 1 1 0 1 1 1 0 0 0 0 1 1 1 1 0 0 0 1 0 0 1 0 1 1 0 0 1 1 0 1 0 0 1 0 1 0 1 1 1 0 0 1 1 1 0 0 1 0 0 1 0 0 0 0 1 1 1 1 0 1 0 1 0 0
0 1 1 0 1 0 1 0 1 0 1 1 1 0 1 1 1 1 1 1 1 1 0 0 0 1 1 0 1 0 1 0 0 1 0 0 0 1 0 1 0 0 1 1 0 0 1 0 1 1 1 1 0 1 0 0 1 0 0 1 0 0 1 1 0 0 1 1 0 0 0 1 0 1 0 0 1 0 0 1 0 1 1 0 1 0 0 0 0 0 1 1 1 0 0 1 0 1 1 0 0 0 1 0 0 0 1 1 1 0 0 0 1 1 0 1 1 0 1 0 1 1
0 0 0 1 1 1 0 0 1 0 0 0 1 0 1 1 1 0 1 0 0 1 0 1 0 0 1 0 0 1 1 1 0 0 1 1 1 0 1 1 0 0 1 0 0 0 0 1 0 1 1 0 1 0 1 0 1 0 1 1 1 1 0 0 1 0 0 1 0 1 0 1 0 0 0 0 1 1 1 1 1 1 1 0 1 1 1 0 1 0 1 1 0 0 0 0 1 1 1 1 1 0 0 0 1 0 0 0 1 0 0 1 0 1 1 1 0 0 0 1 0 1
1 0 0 0 0 1 0 0 0 1 0 1 1 0 0 1 0 1 0 1 0 0 0 0 0 1 1 1 1 0 0 0 0 0 1 1 0 1 1 1 0 0 1 1 1 1 1 1 1 1 0 1 1 0 1 0 0 0 0 0 1 1 1 0 0 0 1 0 1 1 0 1 0 0 0 1 1 0 1 0 0 0 1 0 1 1 1 0 1 1 0 1 0 0 1 0 0 1 0 1 0 0 1 0 0 1 1 1 0 0 1 1 0 0 1 1 1 1 1 1 1 0
0 1 0 1 0 0 1 1 1 1 1 0 0 0 0 1 1 0 1 0 1 1 1 0 0 0 1 1 1 1 0 0 1 1 0 0 1 0 1 0 0 1 1 1 0 1 0 0 0 1 0 1 0 0 1 1 0 1 1 0 0 1 0 1 0 0 1 0 0 1 0 1 1 0 1 0 0 0 1 0 0 1 0 0 1 0 1 1 1 0 1 1 0 0 0 1 1 1 1 1 0 0 0 0 1 1 0 1 0 1 1 0 0 0 0 1 1 1 0 0 1 1
0 0 1 1 1 0 0 1 0 0 1 0 0 1 0 0 1 0 0 1 1 0 0 1 1 1 0 0 1 0 0 0 1 0 0 0 0 1 1 1 1 0 1 0 1 0 1 0 0 1 1 1 1 1 0 0 0 0 0 1 0 1 0 0 0 0 1 1 0 1 1 1 1 0 1 1 1 0 1 0 1 0 0 0 0 1 1 1 1 1 1 0 0 1 0 0 0 1 1 0 1 0 0 1 1 0 0 1 0 1 1 0 0 1 1 1 0 0 1 1 1 1
0 1 1 0 1 0 1 0 1 0 0 1 0 0 0 1 1 1 1 0 0 0 0 1 1 0 1 0 1 1 0 0 1 1 1 1 1 1 1 1 1 0 0 1 1 0 1 0 1 0 0 0 1 1 1 1 0 1 0 1 0 1 1 0 0 1 1 0 0 0 0 0 0 0 1 1 1 0 0 1 1 0 0 1 0 0 1 0 1 0 0 1 0 0 1 1 1 0 0 1 1 1 0 1 0 0 0 0 1 0 1 0 0 0 0 1 1 0 0 1 1 1
0 0 0 1 1 0 1 0 1 0 0 0 0 1 0 0 0 1 1 1 1 1 1 1 0 0 1 0 1 0 1 0 1 1 1 0 1 0 0 0 1 1 0 0 1 0 0 1 1 0 1 1 0 0 1 0 0 0 0 0 1 0 1 1 0 1 0 1 0 1 0 0 0 0 0 1 0 1 1 0 0 1 0 0 0 1 1 0 0 1 1 0 0 0 1 1 0 1 1 1 1 1 0 1 1 1 1 1 1 0 1 0 1 0 1 1 1 0 1 1 0 0
0 0 0 1 1 1 1 0 0 1 0 1 0 0 1 1 1 0 0 1 0 1 1 0 0 0 0 1 0 1 1 0 0 1 0 1 0 1 0 0 1 0 0 1 1 1 1 0 0 1 1 0 1 0 1 1 0 0 1 1 1 1 1 1 0 1 1 1 0 1 0 1 1 0 0 0 1 1 1 1 1 0 0 1 0 0 0 0 0 0 0 0 0 1 1 0 0 1 0 0 0 1 0 1 1 1 0 1 0 1 0 0 1 1 0 1 1 0 1 0 1 0
0 0 0 1 0 1 1 1 1 0 0 0 0 0 1 1 0 1 0 1 1 0 1 1 1 1 1 1 1 1 1 0 0 0 1 1 0 1 1 1 0 1 0 0 0 1 1 1 1 0 0 0 1 0 1 0 0 1 0 1 0 0 0 1 0 1 1 1 0 0 1 1 0 0 1 0 0 0 0 1 0 1 0 0 1 1 1 1 0 1 1 1 0 1 0 0 0 0 0 0 1 1 0 0 1 0 1 0 1 1 0 0 1 1 0 1 0 1 0 0 1 0
0 1 1 0 1 1 0 1 1 1 1 0 0 1 1 0 0 1 0 1 0 1 1 1 1 0 1 0 0 0 0 0 1 0 0 1 0 0 0 1 0 0 1 1 1 0 0 1 0 1 0 0 0 1 0 1 0 1 1 0 1 0 1 1 0 0 1 1 0 1 0 0 1 0 0 0 1 1 0 1 1 0 0 0 1 1 0 1 0 1 0 1 0 1 1 1 1 1 0 1 1 0 0 0 0 1 1 0 1 0 1 0 0 1 1 1 0 1 0 0 1 0
0 0 1 0 0 0 1 0 0 1 1 1 0 1 0 0 0 0 1 0 1 0 0 1 0 1 0 1 0 0 1 0 0 0 1 1 1 1 1 0 1 0 1 1 0 1 0 1 1 0 1 1 1 1 1 1 0 1 1 0 1 0 1 0 0 0 0 0 0 1 1 1 0 0 1 0 0 1 0 1 0 0 0 1 1 0 0 0 1 0 1 1 0 1 1 1 0 1 1 1 1 0 0 1 0 0 1 0 0 1 0 0 1 1 1 1 0 1 1 0 0 1
0 1 0 0 0 1 0 1 0 1 1 1 0 1 1 1 1 1 1 1 1 1 0 0 1 1 0 1 0 1 1 0 1 0 0 0 1 1 0 1 0 1 1 0 0 1 0 1 0 0 1 0 1 0 0 0 0 1 1 0 0 1 1 0 0 1 0 1 0 0 1 0 0 0 0 1 1 0 1 0 1 1 0 1 0 0 0 1 1 0 1 1 0 0 1 0 1 0 0 0 0 1 0 0 0 1 1 1 1 0 1 0 1 0 1 1 0 0 1 1 0 1
0 1 1 0 0 1 0 1 0 1 0 1 0 1 1 1 0 1 0 0 0 0 1 0 0 1 0 0 1 1 1 0 0 1 1 1 0 0 0 0 1 1 0 0 0 0 1 0 1 1 0 1 0 1 0 0 0 0 1 1 1 0 0 1 0 0 0 0 0 0 1 1 1 0 0 1 1 1 1 1 1 1 0 1 1 1 1 1 1 1 0 0 0 0 0 1 1 0 1 1 0 0 0 1 0 0 0 1 1 1 0 0 1 0 1 1 1 1 0 1 0 1
1 0 1 1 0 1 1 1 1 1 0 0 0 0 1 1 0 1 0 1 1 1 0 0 0 1 1 1 1 0 0 1 1 0 0 1 0 1 0 1 0 1 1 0 1 0 0 0 0 0 1 0 0 1 1 1 1 0 0 0 1 0 1 0 0 1 1 0 1 0 1 1 1 1 0 0 0 1 0 0 1 0 0 1 0 1 0 0 1 0 1 0 0 0 1 1 1 1 1 0 0 0 0 1 1 0 1 0 1 1 0 1 0 0 0 1 1 0 0 1 0 1
0 1 0 1 0 1 0 1 0 0 1 0 0 0 1 1 1 1 0 0 0 1 1 1 0 1 0 1 1 0 0 1 1 1 1 1 1 1 0 1 0 0 1 1 0 1 0 1 1 0 0 1 1 1 1 0 1 0 1 0 1 0 0 0 1 1 0 1 0 0 0 0 1 1 1 1 0 0 1 1 1 0 1 0 0 1 0 1 0 0 1 0 0 1 1 1 0 0 1 1 1 0 1 0 0 0 0 1 0 0 0 0 0 0 0 1 1 0 1 0 1 0
1 0 1 1 1 0 0 1 0 1 0 0 1 0 0 0 1 1 1 1 0 1 1 0 0 1 0 1 0 1 0 1 1 1 0 1 0 0 0 0 0 0 0 1 0 0 1 1 1 0 1 0 0 1 0 0 0 1 0 1 0 1 1 0 1 0 0 0 0 0 0 1 0 0 1 0 1 1 0 0 0 0 0 0 1 1 1 1 1 0 1 0 0 1 1 0 1 0 1 1 1 0 1 1 1 1 1 1 1 0 0 1 1 0 0 1 0 1 1 0 1 1
1 0 1 0 0 0 0 0 1 1 1 0 0 1 1 1 0 0 1 0 0 1 0 0 0 0 1 0 1 1 1 0 1 0 1 0 1 0 0 1 0 0 1 1 1 1 0 0 0 0 0 1 0 1 1 0 0 1 1 1 1 1 1 0 1 1 1 0 1 0 1 1 0 0 0 1 1 1 1 1 0 0 1 0 0 0 1 1 0 1 1 0 1 1 0 0 1 0 0 0 1 0 1 1 1 0 1 0 0 1 0 0 1 0 0 1 0 0 1 1 1 0
0 1 0 1 0 1 1 0 1 1 1 0 1 1 1 1 1 1 1 1 1 0 0 1 1 0 1 0 1 1 0 1 0 0 0 1 1 1 0 0 0 1 0 0 1 0 1 0 1 0 0 1 0 0 0 0 1 1 0 0 1 1 0 0 1 0 0 0 0 1 0 0 1 0 1 1 1 1 0 1 1 0 1 0 0 0 0 0 1 1 0 0 0 1 0 1 0 1 0 0 1 0 0 0 1 1 1 1 0 1 0 1 1 0 0 1 0 1 1 0 0 1
1 0 0 0 1 0 1 0 1 0 1 0 1 1 1 0 1 0 0 0 0 1 0 0 1 0 0 1 1 1 0 0 1 1 1 0 0 1 0 0 0 0 0 0 0 1 0 1 1 0 1 0 1 0 0 1 0 1 1 1 0 0 1 0 0 0 1 1 1 1 1 0 1 0 1 1 0 1 1 1 1 0 1 1 1 1 1 0 0 1 0 0 0 0 1 1 0 1 1 0 0 0 1 0 0 0 1 1 1 1 0 1 0 0 0 1 0 1 0 1 1 1
0 1 0 0 1 0 0 1 0 1 1 0 0 1 0 1 0 1 0 0 1 1 0 1 1 1 1 0 0 0 1 0 1 1 0 1 0 1 0 0 0 1 1 1 1 1 1 1 1 0 1 0 1 0 1 1 0 0 1 1 1 1 0 0 1 0 0 1 1 1 0 1 0 1 1 0 0 0 0 0 0 0 1 1 1 0 1 1 0 1 0 0 1 0 0 1 0 0 0 0 1 0 0 1 1 1 0 0 1 0 0 1 1 0 0 1 1 0 0 1 0 1
1 1 1 0 0 0 0 0 0 0 0 1 0 0 1 0 0 1 1 1 0 1 1 1 0 0 1 0 0 1 0 0 0 0 0 1 0 1 1 1 1 0 1 0 1 0 0 1 1 0 1 1 0 0 0 1 0 1 0 1 1 0 0 0 1 1 0 1 1 1 1 1 1 1 1 1 1 0 1 1 0 0 0 1 1 0 1 1 0 0 1 1 0 0 0 1 1 1 1 0 0 1 1 0 0 1 0 1 0 1 1 1 1 0 0 1 0 0 0 0 0 0
1 0 0 0 0 0 1 0 1 1 0 1 0 0 0 1 1 1 1 0 0 0 0 0 1 0 1 0 1 0 0 1 1 0 1 0 0 0 0 1 1 0 1 0 0 1 1 1 0 1 0 0 1 0 0 1 1 1 1 0 1 1 0 1 0 0 0 1 0 0 1 1 1 1 0 1 0 0 0 0 1 0 0 1 1 1 1 1 1 0 0 0 1 1 0 1 0 1 1 1 0 1 1 1 1 1 1 1 1 0 0 0 1 1 0 1 0 0 1 0 0 0
0 1 0 0 1 0 0 1 1 1 0 0 1 1 1 0 0 1 0 0 1 0 0 0 0 1 0 1 1 1 0 1 0 1 0 1 0 0 1 1 0 1 1 1 1 0 0 0 1 0 1 0 1 1 0 0 1 1 1 1 1 1 0 1 1 1 1 1 0 1 1 0 0 0 1 1 0 1 1 0 0 1 0 0 0 1 1 0 1 0 0 1 1 0 0 1 0 1 0 1 0 1 1 1 0 1 0 0 0 1 0 0 0 1 0 1 0 0 1 0 0 0
1 1 1 0 1 0 1 0 0 0 0 0 1 1 0 1 0 1 1 0 0 1 1 1 1 1 1 1 1 1 0 0 1 1 0 1 0 1 0 0 0 0 0 1 1 1 1 0 0 1 1 0 1 0 1 0 1 0 0 0 0 0 0 1 1 1 0 0 0 1 1 0 1 0 0 1 0 1 0 0 1 0 1 1 1 0 0 1 1 1 1 1 0 0 0 0 1 0 1 1 0 0 1 0 1 0 1 0 0 1 1 0 0 1 1 1 0 0 1 0 0 0
1 1 0 0 1 0 1 1 1 0 0 1 1 0 0 1 0 1 0 1 0 0 1 0 1 0 0 0 0 1 0 0 0 1 0 0 1 1 1 0 1 1 1 0 0 1 0 0 1 0 0 1 0 1 1 1 0 0 1 0 0 1 0 0 1 0 1 1 0 0 0 1 0 0 1 1 1 1 1 0 0 0 1 1 0 1 0 1 0 1 1 1 1 1 1 1 1 1 1 0 0 0 0 1 1 0 1 0 1 0 0 1 0 1 1 1 0 0 1 0 0 0
0 0 1 0 1 0 0 1 0 1 0 1 1 1 0 1 0 0 0 0 1 0 0 1 0 0 1 1 1 0 0 1 1 1 0 0 1 0 1 1 0 0 0 0 1 0 1 1 1 1 0 1 0 0 1 1 1 0 1 0 0 0 0 0 0 1 1 0 1 1 0 0 0 1 1 0 1 1 1 1 1 1 1 1 1 1 1 1 0 0 1 0 0 1 1 0 1 0 0 0 0 1 0 0 0 1 1 1 1 1 0 0 1 1 0 1 0 0 1 0 0 2
1 0 1 0 0 0 0 1 0 0 0 1 0 0 0 0 1 0 1 1 1 1 0 1 0 1 0 0 1 1 0 0 1 1 1 1 0 0 0 1 0 1 0 1 0 1 1 0 0 0 1 1 1 1 1 1 1 1 1 0 1 1 0 0 0 1 1 1 1 1 0 0 1 0 0 0 1 1 0 1 0 1 1 0 0 1 0 0 1 1 0 1 1 1 0 1 0 0 1 0 0 1 0 0 1 0 0 1 1 0 1 1 1 0 1 1 0 2 0 0 0 0
1 1 0 0 0 0 1 0 0 1 0 0 0 1 1 1 1 0 0 0 1 1 1 0 1 0 1 1 0 0 0 1 1 1 1 1 1 1 0 1 1 1 1 0 1 0 1 1 0 0 1 1 1 1 0 0 0 0 0 1 0 1 0 1 1 0 0 0 1 0 0 1 0 1 1 0 1 1 1 1 0 1 0 0 1 0 0 0 1 1 0 0 1 1 1 0 0 1 1 1 0 1 0 0 0 0 1 0 1 1 1 0 0 0 1 1 0 0 0 0 2 0
1 0 1 1 1 1 0 0 0 0 1 1 1 0 0 1 0 1 0 0 1 0 1 1 0 0 0 0 1 1 1 0 1 1 0 1 0 1 0 1 0 0 1 0 1 1 1 1 0 0 1 1 0 0 0 1 1 1 1 0 1 1 1 1 0 0 0 0 0 0 0 0 0 1 1 1 1 1 1 0 0 1 0 1 0 1 0 1 0 0 0 1 1 0 0 0 0 1 1 1 1 1 0 0 1 0 1 0 0 1 0 0 0 0 0 0 0 1 0 2 1 1
0 1 1 0 0 1 1 1 1 0 0 1 1 1 0 0 1 0 0 1 0 0 0 0 1 0 1 1 1 0 1 0 1 0 1 0 0 1 0 0 1 1 1 1 0 0 0 1 0 0 0 1 1 0 0 0 1 0 1 1 1 1 1 1 1 1 1 0 0 1 0 0 1 1 1 0 1 1 0 0 0 0 0 0 1 1 1 1 0 0 0 1 0 0 1 0 1 0 1 0 1 1 1 0 1 0 0 0 0 1 0 1 1 0 1 1 1 0 2 0 0 1
0 1 0 0 0 0 1 1 1 1 0 0 0 1 1 0 1 0 1 1 0 1 0 0 1 1 1 1 0 0 0 1 0 0 1 0 1 0 1 0 1 1 0 1 0 0 0 0 1 1 0 0 1 1 1 0 0 0 0 1 0 0 0 0 1 1 1 1 1 1 1 1 1 0 0 0 0 0 0 1 1 0 1 0 1 0 1 0 1 1 1 0 0 1 1 1 1 0 0 0 0 0 1 1 0 1 0 1 1 0 1 1 1 1 1 1 2 0 1 0 0 0
C Number of Wildcards= 6
