C Covering array with N=216 k=108 v=2^108 t=5
C 
214 108 2^108 5
1 0 1 0 0 1 1 1 1 0 0 0 0 0 0 1 0 1 1 0 1 1 1 0 1 0 1 0 1 0 0 1 1 0 0 0 0 0 1 0 0 0 0 1 0 1 1 0 0 0 1 1 0 0 1 1 0 0 1 1 1 0 0 1 0 1 1 1 1 0 1 1 1 1 1 0 0 1 1 0 1 0 1 0 1 0 0 0 1 0 0 1 0 1 1 1 1 1 1 0 0 0 0 1 1 0 1 0
0 1 0 0 1 1 1 1 0 0 0 0 0 0 1 0 1 1 0 1 1 1 0 1 0 1 0 1 0 0 1 1 0 0 0 0 0 1 0 0 0 0 1 0 1 1 0 0 0 1 1 0 0 1 1 0 0 1 1 1 0 0 1 0 1 1 1 1 0 1 1 1 1 1 0 0 1 1 0 1 0 1 0 1 0 0 0 1 0 0 1 0 1 1 1 1 1 1 0 0 0 0 1 1 0 1 1 0
1 0 0 1 1 1 1 0 0 0 0 0 0 1 0 1 1 0 1 1 1 0 1 0 1 0 1 0 0 1 1 0 0 0 0 0 1 0 0 0 0 1 0 1 1 0 0 0 1 1 0 0 1 1 0 0 1 1 1 0 0 1 0 1 1 1 1 0 1 1 1 1 1 0 0 1 1 0 1 0 1 0 1 0 0 0 1 0 0 1 0 1 1 1 1 1 1 0 0 0 0 1 1 0 1 1 0 0
0 0 1 1 1 1 0 0 0 0 0 0 1 0 1 1 0 1 1 1 0 1 0 1 0 1 0 0 1 1 0 0 0 0 0 1 0 0 0 0 1 0 1 1 0 0 0 1 1 0 0 1 1 0 0 1 1 1 0 0 1 0 1 1 1 1 0 1 1 1 1 1 0 0 1 1 0 1 0 1 0 1 0 0 0 1 0 0 1 0 1 1 1 1 1 1 0 0 0 0 1 1 0 1 1 0 1 0
0 1 1 1 1 0 0 0 0 0 0 1 0 1 1 0 1 1 1 0 1 0 1 0 1 0 0 1 1 0 0 0 0 0 1 0 0 0 0 1 0 1 1 0 0 0 1 1 0 0 1 1 0 0 1 1 1 0 0 1 0 1 1 1 1 0 1 1 1 1 1 0 0 1 1 0 1 0 1 0 1 0 0 0 1 0 0 1 0 1 1 1 1 1 1 0 0 0 0 1 1 0 1 1 0 1 0 0
1 1 1 1 0 0 0 0 0 0 1 0 1 1 0 1 1 1 0 1 0 1 0 1 0 0 1 1 0 0 0 0 0 1 0 0 0 0 1 0 1 1 0 0 0 1 1 0 0 1 1 0 0 1 1 1 0 0 1 0 1 1 1 1 0 1 1 1 1 1 0 0 1 1 0 1 0 1 0 1 0 0 0 1 0 0 1 0 1 1 1 1 1 1 0 0 0 0 1 1 0 1 1 0 1 0 0 0
1 1 1 0 0 0 0 0 0 1 0 1 1 0 1 1 1 0 1 0 1 0 1 0 0 1 1 0 0 0 0 0 1 0 0 0 0 1 0 1 1 0 0 0 1 1 0 0 1 1 0 0 1 1 1 0 0 1 0 1 1 1 1 0 1 1 1 1 1 0 0 1 1 0 1 0 1 0 1 0 0 0 1 0 0 1 0 1 1 1 1 1 1 0 0 0 0 1 1 0 1 1 0 1 0 0 1 0
1 1 0 0 0 0 0 0 1 0 1 1 0 1 1 1 0 1 0 1 0 1 0 0 1 1 0 0 0 0 0 1 0 0 0 0 1 0 1 1 0 0 0 1 1 0 0 1 1 0 0 1 1 1 0 0 1 0 1 1 1 1 0 1 1 1 1 1 0 0 1 1 0 1 0 1 0 1 0 0 0 1 0 0 1 0 1 1 1 1 1 1 0 0 0 0 1 1 0 1 1 0 1 0 0 1 1 0
1 0 0 0 0 0 0 1 0 1 1 0 1 1 1 0 1 0 1 0 1 0 0 1 1 0 0 0 0 0 1 0 0 0 0 1 0 1 1 0 0 0 1 1 0 0 1 1 0 0 1 1 1 0 0 1 0 1 1 1 1 0 1 1 1 1 1 0 0 1 1 0 1 0 1 0 1 0 0 0 1 0 0 1 0 1 1 1 1 1 1 0 0 0 0 1 1 0 1 1 0 1 0 0 1 1 1 0
0 0 0 0 0 0 1 0 1 1 0 1 1 1 0 1 0 1 0 1 0 0 1 1 0 0 0 0 0 1 0 0 0 0 1 0 1 1 0 0 0 1 1 0 0 1 1 0 0 1 1 1 0 0 1 0 1 1 1 1 0 1 1 1 1 1 0 0 1 1 0 1 0 1 0 1 0 0 0 1 0 0 1 0 1 1 1 1 1 1 0 0 0 0 1 1 0 1 1 0 1 0 0 1 1 1 1 0
0 0 0 0 0 1 0 1 1 0 1 1 1 0 1 0 1 0 1 0 0 1 1 0 0 0 0 0 1 0 0 0 0 1 0 1 1 0 0 0 1 1 0 0 1 1 0 0 1 1 1 0 0 1 0 1 1 1 1 0 1 1 1 1 1 0 0 1 1 0 1 0 1 0 1 0 0 0 1 0 0 1 0 1 1 1 1 1 1 0 0 0 0 1 1 0 1 1 0 1 0 0 1 1 1 1 0 0
0 0 0 0 1 0 1 1 0 1 1 1 0 1 0 1 0 1 0 0 1 1 0 0 0 0 0 1 0 0 0 0 1 0 1 1 0 0 0 1 1 0 0 1 1 0 0 1 1 1 0 0 1 0 1 1 1 1 0 1 1 1 1 1 0 0 1 1 0 1 0 1 0 1 0 0 0 1 0 0 1 0 1 1 1 1 1 1 0 0 0 0 1 1 0 1 1 0 1 0 0 1 1 1 1 0 0 0
0 0 0 1 0 1 1 0 1 1 1 0 1 0 1 0 1 0 0 1 1 0 0 0 0 0 1 0 0 0 0 1 0 1 1 0 0 0 1 1 0 0 1 1 0 0 1 1 1 0 0 1 0 1 1 1 1 0 1 1 1 1 1 0 0 1 1 0 1 0 1 0 1 0 0 0 1 0 0 1 0 1 1 1 1 1 1 0 0 0 0 1 1 0 1 1 0 1 0 0 1 1 1 1 0 0 0 0
0 0 1 0 1 1 0 1 1 1 0 1 0 1 0 1 0 0 1 1 0 0 0 0 0 1 0 0 0 0 1 0 1 1 0 0 0 1 1 0 0 1 1 0 0 1 1 1 0 0 1 0 1 1 1 1 0 1 1 1 1 1 0 0 1 1 0 1 0 1 0 1 0 0 0 1 0 0 1 0 1 1 1 1 1 1 0 0 0 0 1 1 0 1 1 0 1 0 0 1 1 1 1 0 0 0 0 0
0 1 0 1 1 0 1 1 1 0 1 0 1 0 1 0 0 1 1 0 0 0 0 0 1 0 0 0 0 1 0 1 1 0 0 0 1 1 0 0 1 1 0 0 1 1 1 0 0 1 0 1 1 1 1 0 1 1 1 1 1 0 0 1 1 0 1 0 1 0 1 0 0 0 1 0 0 1 0 1 1 1 1 1 1 0 0 0 0 1 1 0 1 1 0 1 0 0 1 1 1 1 0 0 0 0 0 0
1 0 1 1 0 1 1 1 0 1 0 1 0 1 0 0 1 1 0 0 0 0 0 1 0 0 0 0 1 0 1 1 0 0 0 1 1 0 0 1 1 0 0 1 1 1 0 0 1 0 1 1 1 1 0 1 1 1 1 1 0 0 1 1 0 1 0 1 0 1 0 0 0 1 0 0 1 0 1 1 1 1 1 1 0 0 0 0 1 1 0 1 1 0 1 0 0 1 1 1 1 0 0 0 0 0 0 0
0 1 1 0 1 1 1 0 1 0 1 0 1 0 0 1 1 0 0 0 0 0 1 0 0 0 0 1 0 1 1 0 0 0 1 1 0 0 1 1 0 0 1 1 1 0 0 1 0 1 1 1 1 0 1 1 1 1 1 0 0 1 1 0 1 0 1 0 1 0 0 0 1 0 0 1 0 1 1 1 1 1 1 0 0 0 0 1 1 0 1 1 0 1 0 0 1 1 1 1 0 0 0 0 0 0 1 0
1 1 0 1 1 1 0 1 0 1 0 1 0 0 1 1 0 0 0 0 0 1 0 0 0 0 1 0 1 1 0 0 0 1 1 0 0 1 1 0 0 1 1 1 0 0 1 0 1 1 1 1 0 1 1 1 1 1 0 0 1 1 0 1 0 1 0 1 0 0 0 1 0 0 1 0 1 1 1 1 1 1 0 0 0 0 1 1 0 1 1 0 1 0 0 1 1 1 1 0 0 0 0 0 0 1 0 0
1 0 1 1 1 0 1 0 1 0 1 0 0 1 1 0 0 0 0 0 1 0 0 0 0 1 0 1 1 0 0 0 1 1 0 0 1 1 0 0 1 1 1 0 0 1 0 1 1 1 1 0 1 1 1 1 1 0 0 1 1 0 1 0 1 0 1 0 0 0 1 0 0 1 0 1 1 1 1 1 1 0 0 0 0 1 1 0 1 1 0 1 0 0 1 1 1 1 0 0 0 0 0 0 1 0 1 0
0 1 1 1 0 1 0 1 0 1 0 0 1 1 0 0 0 0 0 1 0 0 0 0 1 0 1 1 0 0 0 1 1 0 0 1 1 0 0 1 1 1 0 0 1 0 1 1 1 1 0 1 1 1 1 1 0 0 1 1 0 1 0 1 0 1 0 0 0 1 0 0 1 0 1 1 1 1 1 1 0 0 0 0 1 1 0 1 1 0 1 0 0 1 1 1 1 0 0 0 0 0 0 1 0 1 1 0
1 1 1 0 1 0 1 0 1 0 0 1 1 0 0 0 0 0 1 0 0 0 0 1 0 1 1 0 0 0 1 1 0 0 1 1 0 0 1 1 1 0 0 1 0 1 1 1 1 0 1 1 1 1 1 0 0 1 1 0 1 0 1 0 1 0 0 0 1 0 0 1 0 1 1 1 1 1 1 0 0 0 0 1 1 0 1 1 0 1 0 0 1 1 1 1 0 0 0 0 0 0 1 0 1 1 0 0
1 1 0 1 0 1 0 1 0 0 1 1 0 0 0 0 0 1 0 0 0 0 1 0 1 1 0 0 0 1 1 0 0 1 1 0 0 1 1 1 0 0 1 0 1 1 1 1 0 1 1 1 1 1 0 0 1 1 0 1 0 1 0 1 0 0 0 1 0 0 1 0 1 1 1 1 1 1 0 0 0 0 1 1 0 1 1 0 1 0 0 1 1 1 1 0 0 0 0 0 0 1 0 1 1 0 1 0
1 0 1 0 1 0 1 0 0 1 1 0 0 0 0 0 1 0 0 0 0 1 0 1 1 0 0 0 1 1 0 0 1 1 0 0 1 1 1 0 0 1 0 1 1 1 1 0 1 1 1 1 1 0 0 1 1 0 1 0 1 0 1 0 0 0 1 0 0 1 0 1 1 1 1 1 1 0 0 0 0 1 1 0 1 1 0 1 0 0 1 1 1 1 0 0 0 0 0 0 1 0 1 1 0 1 1 0
0 1 0 1 0 1 0 0 1 1 0 0 0 0 0 1 0 0 0 0 1 0 1 1 0 0 0 1 1 0 0 1 1 0 0 1 1 1 0 0 1 0 1 1 1 1 0 1 1 1 1 1 0 0 1 1 0 1 0 1 0 1 0 0 0 1 0 0 1 0 1 1 1 1 1 1 0 0 0 0 1 1 0 1 1 0 1 0 0 1 1 1 1 0 0 0 0 0 0 1 0 1 1 0 1 1 1 0
1 0 1 0 1 0 0 1 1 0 0 0 0 0 1 0 0 0 0 1 0 1 1 0 0 0 1 1 0 0 1 1 0 0 1 1 1 0 0 1 0 1 1 1 1 0 1 1 1 1 1 0 0 1 1 0 1 0 1 0 1 0 0 0 1 0 0 1 0 1 1 1 1 1 1 0 0 0 0 1 1 0 1 1 0 1 0 0 1 1 1 1 0 0 0 0 0 0 1 0 1 1 0 1 1 1 0 0
0 1 0 1 0 0 1 1 0 0 0 0 0 1 0 0 0 0 1 0 1 1 0 0 0 1 1 0 0 1 1 0 0 1 1 1 0 0 1 0 1 1 1 1 0 1 1 1 1 1 0 0 1 1 0 1 0 1 0 1 0 0 0 1 0 0 1 0 1 1 1 1 1 1 0 0 0 0 1 1 0 1 1 0 1 0 0 1 1 1 1 0 0 0 0 0 0 1 0 1 1 0 1 1 1 0 1 0
1 0 1 0 0 1 1 0 0 0 0 0 1 0 0 0 0 1 0 1 1 0 0 0 1 1 0 0 1 1 0 0 1 1 1 0 0 1 0 1 1 1 1 0 1 1 1 1 1 0 0 1 1 0 1 0 1 0 1 0 0 0 1 0 0 1 0 1 1 1 1 1 1 0 0 0 0 1 1 0 1 1 0 1 0 0 1 1 1 1 0 0 0 0 0 0 1 0 1 1 0 1 1 1 0 1 0 0
0 1 0 0 1 1 0 0 0 0 0 1 0 0 0 0 1 0 1 1 0 0 0 1 1 0 0 1 1 0 0 1 1 1 0 0 1 0 1 1 1 1 0 1 1 1 1 1 0 0 1 1 0 1 0 1 0 1 0 0 0 1 0 0 1 0 1 1 1 1 1 1 0 0 0 0 1 1 0 1 1 0 1 0 0 1 1 1 1 0 0 0 0 0 0 1 0 1 1 0 1 1 1 0 1 0 1 0
1 0 0 1 1 0 0 0 0 0 1 0 0 0 0 1 0 1 1 0 0 0 1 1 0 0 1 1 0 0 1 1 1 0 0 1 0 1 1 1 1 0 1 1 1 1 1 0 0 1 1 0 1 0 1 0 1 0 0 0 1 0 0 1 0 1 1 1 1 1 1 0 0 0 0 1 1 0 1 1 0 1 0 0 1 1 1 1 0 0 0 0 0 0 1 0 1 1 0 1 1 1 0 1 0 1 0 0
0 0 1 1 0 0 0 0 0 1 0 0 0 0 1 0 1 1 0 0 0 1 1 0 0 1 1 0 0 1 1 1 0 0 1 0 1 1 1 1 0 1 1 1 1 1 0 0 1 1 0 1 0 1 0 1 0 0 0 1 0 0 1 0 1 1 1 1 1 1 0 0 0 0 1 1 0 1 1 0 1 0 0 1 1 1 1 0 0 0 0 0 0 1 0 1 1 0 1 1 1 0 1 0 1 0 1 0
0 1 1 0 0 0 0 0 1 0 0 0 0 1 0 1 1 0 0 0 1 1 0 0 1 1 0 0 1 1 1 0 0 1 0 1 1 1 1 0 1 1 1 1 1 0 0 1 1 0 1 0 1 0 1 0 0 0 1 0 0 1 0 1 1 1 1 1 1 0 0 0 0 1 1 0 1 1 0 1 0 0 1 1 1 1 0 0 0 0 0 0 1 0 1 1 0 1 1 1 0 1 0 1 0 1 0 0
1 1 0 0 0 0 0 1 0 0 0 0 1 0 1 1 0 0 0 1 1 0 0 1 1 0 0 1 1 1 0 0 1 0 1 1 1 1 0 1 1 1 1 1 0 0 1 1 0 1 0 1 0 1 0 0 0 1 0 0 1 0 1 1 1 1 1 1 0 0 0 0 1 1 0 1 1 0 1 0 0 1 1 1 1 0 0 0 0 0 0 1 0 1 1 0 1 1 1 0 1 0 1 0 1 0 0 0
1 0 0 0 0 0 1 0 0 0 0 1 0 1 1 0 0 0 1 1 0 0 1 1 0 0 1 1 1 0 0 1 0 1 1 1 1 0 1 1 1 1 1 0 0 1 1 0 1 0 1 0 1 0 0 0 1 0 0 1 0 1 1 1 1 1 1 0 0 0 0 1 1 0 1 1 0 1 0 0 1 1 1 1 0 0 0 0 0 0 1 0 1 1 0 1 1 1 0 1 0 1 0 1 0 0 1 0
0 0 0 0 0 1 0 0 0 0 1 0 1 1 0 0 0 1 1 0 0 1 1 0 0 1 1 1 0 0 1 0 1 1 1 1 0 1 1 1 1 1 0 0 1 1 0 1 0 1 0 1 0 0 0 1 0 0 1 0 1 1 1 1 1 1 0 0 0 0 1 1 0 1 1 0 1 0 0 1 1 1 1 0 0 0 0 0 0 1 0 1 1 0 1 1 1 0 1 0 1 0 1 0 0 1 1 0
0 0 0 0 1 0 0 0 0 1 0 1 1 0 0 0 1 1 0 0 1 1 0 0 1 1 1 0 0 1 0 1 1 1 1 0 1 1 1 1 1 0 0 1 1 0 1 0 1 0 1 0 0 0 1 0 0 1 0 1 1 1 1 1 1 0 0 0 0 1 1 0 1 1 0 1 0 0 1 1 1 1 0 0 0 0 0 0 1 0 1 1 0 1 1 1 0 1 0 1 0 1 0 0 1 1 0 0
0 0 0 1 0 0 0 0 1 0 1 1 0 0 0 1 1 0 0 1 1 0 0 1 1 1 0 0 1 0 1 1 1 1 0 1 1 1 1 1 0 0 1 1 0 1 0 1 0 1 0 0 0 1 0 0 1 0 1 1 1 1 1 1 0 0 0 0 1 1 0 1 1 0 1 0 0 1 1 1 1 0 0 0 0 0 0 1 0 1 1 0 1 1 1 0 1 0 1 0 1 0 0 1 1 0 0 0
0 0 1 0 0 0 0 1 0 1 1 0 0 0 1 1 0 0 1 1 0 0 1 1 1 0 0 1 0 1 1 1 1 0 1 1 1 1 1 0 0 1 1 0 1 0 1 0 1 0 0 0 1 0 0 1 0 1 1 1 1 1 1 0 0 0 0 1 1 0 1 1 0 1 0 0 1 1 1 1 0 0 0 0 0 0 1 0 1 1 0 1 1 1 0 1 0 1 0 1 0 0 1 1 0 0 0 0
0 1 0 0 0 0 1 0 1 1 0 0 0 1 1 0 0 1 1 0 0 1 1 1 0 0 1 0 1 1 1 1 0 1 1 1 1 1 0 0 1 1 0 1 0 1 0 1 0 0 0 1 0 0 1 0 1 1 1 1 1 1 0 0 0 0 1 1 0 1 1 0 1 0 0 1 1 1 1 0 0 0 0 0 0 1 0 1 1 0 1 1 1 0 1 0 1 0 1 0 0 1 1 0 0 0 0 0
1 0 0 0 0 1 0 1 1 0 0 0 1 1 0 0 1 1 0 0 1 1 1 0 0 1 0 1 1 1 1 0 1 1 1 1 1 0 0 1 1 0 1 0 1 0 1 0 0 0 1 0 0 1 0 1 1 1 1 1 1 0 0 0 0 1 1 0 1 1 0 1 0 0 1 1 1 1 0 0 0 0 0 0 1 0 1 1 0 1 1 1 0 1 0 1 0 1 0 0 1 1 0 0 0 0 0 0
0 0 0 0 1 0 1 1 0 0 0 1 1 0 0 1 1 0 0 1 1 1 0 0 1 0 1 1 1 1 0 1 1 1 1 1 0 0 1 1 0 1 0 1 0 1 0 0 0 1 0 0 1 0 1 1 1 1 1 1 0 0 0 0 1 1 0 1 1 0 1 0 0 1 1 1 1 0 0 0 0 0 0 1 0 1 1 0 1 1 1 0 1 0 1 0 1 0 0 1 1 0 0 0 0 0 1 0
0 0 0 1 0 1 1 0 0 0 1 1 0 0 1 1 0 0 1 1 1 0 0 1 0 1 1 1 1 0 1 1 1 1 1 0 0 1 1 0 1 0 1 0 1 0 0 0 1 0 0 1 0 1 1 1 1 1 1 0 0 0 0 1 1 0 1 1 0 1 0 0 1 1 1 1 0 0 0 0 0 0 1 0 1 1 0 1 1 1 0 1 0 1 0 1 0 0 1 1 0 0 0 0 0 1 0 0
0 0 1 0 1 1 0 0 0 1 1 0 0 1 1 0 0 1 1 1 0 0 1 0 1 1 1 1 0 1 1 1 1 1 0 0 1 1 0 1 0 1 0 1 0 0 0 1 0 0 1 0 1 1 1 1 1 1 0 0 0 0 1 1 0 1 1 0 1 0 0 1 1 1 1 0 0 0 0 0 0 1 0 1 1 0 1 1 1 0 1 0 1 0 1 0 0 1 1 0 0 0 0 0 1 0 0 0
0 1 0 1 1 0 0 0 1 1 0 0 1 1 0 0 1 1 1 0 0 1 0 1 1 1 1 0 1 1 1 1 1 0 0 1 1 0 1 0 1 0 1 0 0 0 1 0 0 1 0 1 1 1 1 1 1 0 0 0 0 1 1 0 1 1 0 1 0 0 1 1 1 1 0 0 0 0 0 0 1 0 1 1 0 1 1 1 0 1 0 1 0 1 0 0 1 1 0 0 0 0 0 1 0 0 0 0
1 0 1 1 0 0 0 1 1 0 0 1 1 0 0 1 1 1 0 0 1 0 1 1 1 1 0 1 1 1 1 1 0 0 1 1 0 1 0 1 0 1 0 0 0 1 0 0 1 0 1 1 1 1 1 1 0 0 0 0 1 1 0 1 1 0 1 0 0 1 1 1 1 0 0 0 0 0 0 1 0 1 1 0 1 1 1 0 1 0 1 0 1 0 0 1 1 0 0 0 0 0 1 0 0 0 0 0
0 1 1 0 0 0 1 1 0 0 1 1 0 0 1 1 1 0 0 1 0 1 1 1 1 0 1 1 1 1 1 0 0 1 1 0 1 0 1 0 1 0 0 0 1 0 0 1 0 1 1 1 1 1 1 0 0 0 0 1 1 0 1 1 0 1 0 0 1 1 1 1 0 0 0 0 0 0 1 0 1 1 0 1 1 1 0 1 0 1 0 1 0 0 1 1 0 0 0 0 0 1 0 0 0 0 1 0
1 1 0 0 0 1 1 0 0 1 1 0 0 1 1 1 0 0 1 0 1 1 1 1 0 1 1 1 1 1 0 0 1 1 0 1 0 1 0 1 0 0 0 1 0 0 1 0 1 1 1 1 1 1 0 0 0 0 1 1 0 1 1 0 1 0 0 1 1 1 1 0 0 0 0 0 0 1 0 1 1 0 1 1 1 0 1 0 1 0 1 0 0 1 1 0 0 0 0 0 1 0 0 0 0 1 0 0
1 0 0 0 1 1 0 0 1 1 0 0 1 1 1 0 0 1 0 1 1 1 1 0 1 1 1 1 1 0 0 1 1 0 1 0 1 0 1 0 0 0 1 0 0 1 0 1 1 1 1 1 1 0 0 0 0 1 1 0 1 1 0 1 0 0 1 1 1 1 0 0 0 0 0 0 1 0 1 1 0 1 1 1 0 1 0 1 0 1 0 0 1 1 0 0 0 0 0 1 0 0 0 0 1 0 1 0
0 0 0 1 1 0 0 1 1 0 0 1 1 1 0 0 1 0 1 1 1 1 0 1 1 1 1 1 0 0 1 1 0 1 0 1 0 1 0 0 0 1 0 0 1 0 1 1 1 1 1 1 0 0 0 0 1 1 0 1 1 0 1 0 0 1 1 1 1 0 0 0 0 0 0 1 0 1 1 0 1 1 1 0 1 0 1 0 1 0 0 1 1 0 0 0 0 0 1 0 0 0 0 1 0 1 1 0
0 0 1 1 0 0 1 1 0 0 1 1 1 0 0 1 0 1 1 1 1 0 1 1 1 1 1 0 0 1 1 0 1 0 1 0 1 0 0 0 1 0 0 1 0 1 1 1 1 1 1 0 0 0 0 1 1 0 1 1 0 1 0 0 1 1 1 1 0 0 0 0 0 0 1 0 1 1 0 1 1 1 0 1 0 1 0 1 0 0 1 1 0 0 0 0 0 1 0 0 0 0 1 0 1 1 0 0
0 1 1 0 0 1 1 0 0 1 1 1 0 0 1 0 1 1 1 1 0 1 1 1 1 1 0 0 1 1 0 1 0 1 0 1 0 0 0 1 0 0 1 0 1 1 1 1 1 1 0 0 0 0 1 1 0 1 1 0 1 0 0 1 1 1 1 0 0 0 0 0 0 1 0 1 1 0 1 1 1 0 1 0 1 0 1 0 0 1 1 0 0 0 0 0 1 0 0 0 0 1 0 1 1 0 0 0
1 1 0 0 1 1 0 0 1 1 1 0 0 1 0 1 1 1 1 0 1 1 1 1 1 0 0 1 1 0 1 0 1 0 1 0 0 0 1 0 0 1 0 1 1 1 1 1 1 0 0 0 0 1 1 0 1 1 0 1 0 0 1 1 1 1 0 0 0 0 0 0 1 0 1 1 0 1 1 1 0 1 0 1 0 1 0 0 1 1 0 0 0 0 0 1 0 0 0 0 1 0 1 1 0 0 0 0
1 0 0 1 1 0 0 1 1 1 0 0 1 0 1 1 1 1 0 1 1 1 1 1 0 0 1 1 0 1 0 1 0 1 0 0 0 1 0 0 1 0 1 1 1 1 1 1 0 0 0 0 1 1 0 1 1 0 1 0 0 1 1 1 1 0 0 0 0 0 0 1 0 1 1 0 1 1 1 0 1 0 1 0 1 0 0 1 1 0 0 0 0 0 1 0 0 0 0 1 0 1 1 0 0 0 1 0
0 0 1 1 0 0 1 1 1 0 0 1 0 1 1 1 1 0 1 1 1 1 1 0 0 1 1 0 1 0 1 0 1 0 0 0 1 0 0 1 0 1 1 1 1 1 1 0 0 0 0 1 1 0 1 1 0 1 0 0 1 1 1 1 0 0 0 0 0 0 1 0 1 1 0 1 1 1 0 1 0 1 0 1 0 0 1 1 0 0 0 0 0 1 0 0 0 0 1 0 1 1 0 0 0 1 1 0
0 1 1 0 0 1 1 1 0 0 1 0 1 1 1 1 0 1 1 1 1 1 0 0 1 1 0 1 0 1 0 1 0 0 0 1 0 0 1 0 1 1 1 1 1 1 0 0 0 0 1 1 0 1 1 0 1 0 0 1 1 1 1 0 0 0 0 0 0 1 0 1 1 0 1 1 1 0 1 0 1 0 1 0 0 1 1 0 0 0 0 0 1 0 0 0 0 1 0 1 1 0 0 0 1 1 0 0
1 1 0 0 1 1 1 0 0 1 0 1 1 1 1 0 1 1 1 1 1 0 0 1 1 0 1 0 1 0 1 0 0 0 1 0 0 1 0 1 1 1 1 1 1 0 0 0 0 1 1 0 1 1 0 1 0 0 1 1 1 1 0 0 0 0 0 0 1 0 1 1 0 1 1 1 0 1 0 1 0 1 0 0 1 1 0 0 0 0 0 1 0 0 0 0 1 0 1 1 0 0 0 1 1 0 0 0
1 0 0 1 1 1 0 0 1 0 1 1 1 1 0 1 1 1 1 1 0 0 1 1 0 1 0 1 0 1 0 0 0 1 0 0 1 0 1 1 1 1 1 1 0 0 0 0 1 1 0 1 1 0 1 0 0 1 1 1 1 0 0 0 0 0 0 1 0 1 1 0 1 1 1 0 1 0 1 0 1 0 0 1 1 0 0 0 0 0 1 0 0 0 0 1 0 1 1 0 0 0 1 1 0 0 1 0
0 0 1 1 1 0 0 1 0 1 1 1 1 0 1 1 1 1 1 0 0 1 1 0 1 0 1 0 1 0 0 0 1 0 0 1 0 1 1 1 1 1 1 0 0 0 0 1 1 0 1 1 0 1 0 0 1 1 1 1 0 0 0 0 0 0 1 0 1 1 0 1 1 1 0 1 0 1 0 1 0 0 1 1 0 0 0 0 0 1 0 0 0 0 1 0 1 1 0 0 0 1 1 0 0 1 1 0
0 1 1 1 0 0 1 0 1 1 1 1 0 1 1 1 1 1 0 0 1 1 0 1 0 1 0 1 0 0 0 1 0 0 1 0 1 1 1 1 1 1 0 0 0 0 1 1 0 1 1 0 1 0 0 1 1 1 1 0 0 0 0 0 0 1 0 1 1 0 1 1 1 0 1 0 1 0 1 0 0 1 1 0 0 0 0 0 1 0 0 0 0 1 0 1 1 0 0 0 1 1 0 0 1 1 0 0
1 1 1 0 0 1 0 1 1 1 1 0 1 1 1 1 1 0 0 1 1 0 1 0 1 0 1 0 0 0 1 0 0 1 0 1 1 1 1 1 1 0 0 0 0 1 1 0 1 1 0 1 0 0 1 1 1 1 0 0 0 0 0 0 1 0 1 1 0 1 1 1 0 1 0 1 0 1 0 0 1 1 0 0 0 0 0 1 0 0 0 0 1 0 1 1 0 0 0 1 1 0 0 1 1 0 0 0
1 1 0 0 1 0 1 1 1 1 0 1 1 1 1 1 0 0 1 1 0 1 0 1 0 1 0 0 0 1 0 0 1 0 1 1 1 1 1 1 0 0 0 0 1 1 0 1 1 0 1 0 0 1 1 1 1 0 0 0 0 0 0 1 0 1 1 0 1 1 1 0 1 0 1 0 1 0 0 1 1 0 0 0 0 0 1 0 0 0 0 1 0 1 1 0 0 0 1 1 0 0 1 1 0 0 1 0
1 0 0 1 0 1 1 1 1 0 1 1 1 1 1 0 0 1 1 0 1 0 1 0 1 0 0 0 1 0 0 1 0 1 1 1 1 1 1 0 0 0 0 1 1 0 1 1 0 1 0 0 1 1 1 1 0 0 0 0 0 0 1 0 1 1 0 1 1 1 0 1 0 1 0 1 0 0 1 1 0 0 0 0 0 1 0 0 0 0 1 0 1 1 0 0 0 1 1 0 0 1 1 0 0 1 1 0
0 0 1 0 1 1 1 1 0 1 1 1 1 1 0 0 1 1 0 1 0 1 0 1 0 0 0 1 0 0 1 0 1 1 1 1 1 1 0 0 0 0 1 1 0 1 1 0 1 0 0 1 1 1 1 0 0 0 0 0 0 1 0 1 1 0 1 1 1 0 1 0 1 0 1 0 0 1 1 0 0 0 0 0 1 0 0 0 0 1 0 1 1 0 0 0 1 1 0 0 1 1 0 0 1 1 1 0
0 1 0 1 1 1 1 0 1 1 1 1 1 0 0 1 1 0 1 0 1 0 1 0 0 0 1 0 0 1 0 1 1 1 1 1 1 0 0 0 0 1 1 0 1 1 0 1 0 0 1 1 1 1 0 0 0 0 0 0 1 0 1 1 0 1 1 1 0 1 0 1 0 1 0 0 1 1 0 0 0 0 0 1 0 0 0 0 1 0 1 1 0 0 0 1 1 0 0 1 1 0 0 1 1 1 0 0
1 0 1 1 1 1 0 1 1 1 1 1 0 0 1 1 0 1 0 1 0 1 0 0 0 1 0 0 1 0 1 1 1 1 1 1 0 0 0 0 1 1 0 1 1 0 1 0 0 1 1 1 1 0 0 0 0 0 0 1 0 1 1 0 1 1 1 0 1 0 1 0 1 0 0 1 1 0 0 0 0 0 1 0 0 0 0 1 0 1 1 0 0 0 1 1 0 0 1 1 0 0 1 1 1 0 0 0
0 1 1 1 1 0 1 1 1 1 1 0 0 1 1 0 1 0 1 0 1 0 0 0 1 0 0 1 0 1 1 1 1 1 1 0 0 0 0 1 1 0 1 1 0 1 0 0 1 1 1 1 0 0 0 0 0 0 1 0 1 1 0 1 1 1 0 1 0 1 0 1 0 0 1 1 0 0 0 0 0 1 0 0 0 0 1 0 1 1 0 0 0 1 1 0 0 1 1 0 0 1 1 1 0 0 1 0
1 1 1 1 0 1 1 1 1 1 0 0 1 1 0 1 0 1 0 1 0 0 0 1 0 0 1 0 1 1 1 1 1 1 0 0 0 0 1 1 0 1 1 0 1 0 0 1 1 1 1 0 0 0 0 0 0 1 0 1 1 0 1 1 1 0 1 0 1 0 1 0 0 1 1 0 0 0 0 0 1 0 0 0 0 1 0 1 1 0 0 0 1 1 0 0 1 1 0 0 1 1 1 0 0 1 0 0
1 1 1 0 1 1 1 1 1 0 0 1 1 0 1 0 1 0 1 0 0 0 1 0 0 1 0 1 1 1 1 1 1 0 0 0 0 1 1 0 1 1 0 1 0 0 1 1 1 1 0 0 0 0 0 0 1 0 1 1 0 1 1 1 0 1 0 1 0 1 0 0 1 1 0 0 0 0 0 1 0 0 0 0 1 0 1 1 0 0 0 1 1 0 0 1 1 0 0 1 1 1 0 0 1 0 1 0
1 1 0 1 1 1 1 1 0 0 1 1 0 1 0 1 0 1 0 0 0 1 0 0 1 0 1 1 1 1 1 1 0 0 0 0 1 1 0 1 1 0 1 0 0 1 1 1 1 0 0 0 0 0 0 1 0 1 1 0 1 1 1 0 1 0 1 0 1 0 0 1 1 0 0 0 0 0 1 0 0 0 0 1 0 1 1 0 0 0 1 1 0 0 1 1 0 0 1 1 1 0 0 1 0 1 1 0
1 0 1 1 1 1 1 0 0 1 1 0 1 0 1 0 1 0 0 0 1 0 0 1 0 1 1 1 1 1 1 0 0 0 0 1 1 0 1 1 0 1 0 0 1 1 1 1 0 0 0 0 0 0 1 0 1 1 0 1 1 1 0 1 0 1 0 1 0 0 1 1 0 0 0 0 0 1 0 0 0 0 1 0 1 1 0 0 0 1 1 0 0 1 1 0 0 1 1 1 0 0 1 0 1 1 1 0
0 1 1 1 1 1 0 0 1 1 0 1 0 1 0 1 0 0 0 1 0 0 1 0 1 1 1 1 1 1 0 0 0 0 1 1 0 1 1 0 1 0 0 1 1 1 1 0 0 0 0 0 0 1 0 1 1 0 1 1 1 0 1 0 1 0 1 0 0 1 1 0 0 0 0 0 1 0 0 0 0 1 0 1 1 0 0 0 1 1 0 0 1 1 0 0 1 1 1 0 0 1 0 1 1 1 1 0
1 1 1 1 1 0 0 1 1 0 1 0 1 0 1 0 0 0 1 0 0 1 0 1 1 1 1 1 1 0 0 0 0 1 1 0 1 1 0 1 0 0 1 1 1 1 0 0 0 0 0 0 1 0 1 1 0 1 1 1 0 1 0 1 0 1 0 0 1 1 0 0 0 0 0 1 0 0 0 0 1 0 1 1 0 0 0 1 1 0 0 1 1 0 0 1 1 1 0 0 1 0 1 1 1 1 0 0
1 1 1 1 0 0 1 1 0 1 0 1 0 1 0 0 0 1 0 0 1 0 1 1 1 1 1 1 0 0 0 0 1 1 0 1 1 0 1 0 0 1 1 1 1 0 0 0 0 0 0 1 0 1 1 0 1 1 1 0 1 0 1 0 1 0 0 1 1 0 0 0 0 0 1 0 0 0 0 1 0 1 1 0 0 0 1 1 0 0 1 1 0 0 1 1 1 0 0 1 0 1 1 1 1 0 1 0
1 1 1 0 0 1 1 0 1 0 1 0 1 0 0 0 1 0 0 1 0 1 1 1 1 1 1 0 0 0 0 1 1 0 1 1 0 1 0 0 1 1 1 1 0 0 0 0 0 0 1 0 1 1 0 1 1 1 0 1 0 1 0 1 0 0 1 1 0 0 0 0 0 1 0 0 0 0 1 0 1 1 0 0 0 1 1 0 0 1 1 0 0 1 1 1 0 0 1 0 1 1 1 1 0 1 1 0
1 1 0 0 1 1 0 1 0 1 0 1 0 0 0 1 0 0 1 0 1 1 1 1 1 1 0 0 0 0 1 1 0 1 1 0 1 0 0 1 1 1 1 0 0 0 0 0 0 1 0 1 1 0 1 1 1 0 1 0 1 0 1 0 0 1 1 0 0 0 0 0 1 0 0 0 0 1 0 1 1 0 0 0 1 1 0 0 1 1 0 0 1 1 1 0 0 1 0 1 1 1 1 0 1 1 1 0
1 0 0 1 1 0 1 0 1 0 1 0 0 0 1 0 0 1 0 1 1 1 1 1 1 0 0 0 0 1 1 0 1 1 0 1 0 0 1 1 1 1 0 0 0 0 0 0 1 0 1 1 0 1 1 1 0 1 0 1 0 1 0 0 1 1 0 0 0 0 0 1 0 0 0 0 1 0 1 1 0 0 0 1 1 0 0 1 1 0 0 1 1 1 0 0 1 0 1 1 1 1 0 1 1 1 1 0
0 0 1 1 0 1 0 1 0 1 0 0 0 1 0 0 1 0 1 1 1 1 1 1 0 0 0 0 1 1 0 1 1 0 1 0 0 1 1 1 1 0 0 0 0 0 0 1 0 1 1 0 1 1 1 0 1 0 1 0 1 0 0 1 1 0 0 0 0 0 1 0 0 0 0 1 0 1 1 0 0 0 1 1 0 0 1 1 0 0 1 1 1 0 0 1 0 1 1 1 1 0 1 1 1 1 1 0
0 1 1 0 1 0 1 0 1 0 0 0 1 0 0 1 0 1 1 1 1 1 1 0 0 0 0 1 1 0 1 1 0 1 0 0 1 1 1 1 0 0 0 0 0 0 1 0 1 1 0 1 1 1 0 1 0 1 0 1 0 0 1 1 0 0 0 0 0 1 0 0 0 0 1 0 1 1 0 0 0 1 1 0 0 1 1 0 0 1 1 1 0 0 1 0 1 1 1 1 0 1 1 1 1 1 0 0
1 1 0 1 0 1 0 1 0 0 0 1 0 0 1 0 1 1 1 1 1 1 0 0 0 0 1 1 0 1 1 0 1 0 0 1 1 1 1 0 0 0 0 0 0 1 0 1 1 0 1 1 1 0 1 0 1 0 1 0 0 1 1 0 0 0 0 0 1 0 0 0 0 1 0 1 1 0 0 0 1 1 0 0 1 1 0 0 1 1 1 0 0 1 0 1 1 1 1 0 1 1 1 1 1 0 0 0
1 0 1 0 1 0 1 0 0 0 1 0 0 1 0 1 1 1 1 1 1 0 0 0 0 1 1 0 1 1 0 1 0 0 1 1 1 1 0 0 0 0 0 0 1 0 1 1 0 1 1 1 0 1 0 1 0 1 0 0 1 1 0 0 0 0 0 1 0 0 0 0 1 0 1 1 0 0 0 1 1 0 0 1 1 0 0 1 1 1 0 0 1 0 1 1 1 1 0 1 1 1 1 1 0 0 1 0
0 1 0 1 0 1 0 0 0 1 0 0 1 0 1 1 1 1 1 1 0 0 0 0 1 1 0 1 1 0 1 0 0 1 1 1 1 0 0 0 0 0 0 1 0 1 1 0 1 1 1 0 1 0 1 0 1 0 0 1 1 0 0 0 0 0 1 0 0 0 0 1 0 1 1 0 0 0 1 1 0 0 1 1 0 0 1 1 1 0 0 1 0 1 1 1 1 0 1 1 1 1 1 0 0 1 1 0
1 0 1 0 1 0 0 0 1 0 0 1 0 1 1 1 1 1 1 0 0 0 0 1 1 0 1 1 0 1 0 0 1 1 1 1 0 0 0 0 0 0 1 0 1 1 0 1 1 1 0 1 0 1 0 1 0 0 1 1 0 0 0 0 0 1 0 0 0 0 1 0 1 1 0 0 0 1 1 0 0 1 1 0 0 1 1 1 0 0 1 0 1 1 1 1 0 1 1 1 1 1 0 0 1 1 0 0
0 1 0 1 0 0 0 1 0 0 1 0 1 1 1 1 1 1 0 0 0 0 1 1 0 1 1 0 1 0 0 1 1 1 1 0 0 0 0 0 0 1 0 1 1 0 1 1 1 0 1 0 1 0 1 0 0 1 1 0 0 0 0 0 1 0 0 0 0 1 0 1 1 0 0 0 1 1 0 0 1 1 0 0 1 1 1 0 0 1 0 1 1 1 1 0 1 1 1 1 1 0 0 1 1 0 1 0
1 0 1 0 0 0 1 0 0 1 0 1 1 1 1 1 1 0 0 0 0 1 1 0 1 1 0 1 0 0 1 1 1 1 0 0 0 0 0 0 1 0 1 1 0 1 1 1 0 1 0 1 0 1 0 0 1 1 0 0 0 0 0 1 0 0 0 0 1 0 1 1 0 0 0 1 1 0 0 1 1 0 0 1 1 1 0 0 1 0 1 1 1 1 0 1 1 1 1 1 0 0 1 1 0 1 0 0
0 1 0 0 0 1 0 0 1 0 1 1 1 1 1 1 0 0 0 0 1 1 0 1 1 0 1 0 0 1 1 1 1 0 0 0 0 0 0 1 0 1 1 0 1 1 1 0 1 0 1 0 1 0 0 1 1 0 0 0 0 0 1 0 0 0 0 1 0 1 1 0 0 0 1 1 0 0 1 1 0 0 1 1 1 0 0 1 0 1 1 1 1 0 1 1 1 1 1 0 0 1 1 0 1 0 1 0
1 0 0 0 1 0 0 1 0 1 1 1 1 1 1 0 0 0 0 1 1 0 1 1 0 1 0 0 1 1 1 1 0 0 0 0 0 0 1 0 1 1 0 1 1 1 0 1 0 1 0 1 0 0 1 1 0 0 0 0 0 1 0 0 0 0 1 0 1 1 0 0 0 1 1 0 0 1 1 0 0 1 1 1 0 0 1 0 1 1 1 1 0 1 1 1 1 1 0 0 1 1 0 1 0 1 0 0
0 0 0 1 0 0 1 0 1 1 1 1 1 1 0 0 0 0 1 1 0 1 1 0 1 0 0 1 1 1 1 0 0 0 0 0 0 1 0 1 1 0 1 1 1 0 1 0 1 0 1 0 0 1 1 0 0 0 0 0 1 0 0 0 0 1 0 1 1 0 0 0 1 1 0 0 1 1 0 0 1 1 1 0 0 1 0 1 1 1 1 0 1 1 1 1 1 0 0 1 1 0 1 0 1 0 1 0
0 0 1 0 0 1 0 1 1 1 1 1 1 0 0 0 0 1 1 0 1 1 0 1 0 0 1 1 1 1 0 0 0 0 0 0 1 0 1 1 0 1 1 1 0 1 0 1 0 1 0 0 1 1 0 0 0 0 0 1 0 0 0 0 1 0 1 1 0 0 0 1 1 0 0 1 1 0 0 1 1 1 0 0 1 0 1 1 1 1 0 1 1 1 1 1 0 0 1 1 0 1 0 1 0 1 0 0
0 1 0 0 1 0 1 1 1 1 1 1 0 0 0 0 1 1 0 1 1 0 1 0 0 1 1 1 1 0 0 0 0 0 0 1 0 1 1 0 1 1 1 0 1 0 1 0 1 0 0 1 1 0 0 0 0 0 1 0 0 0 0 1 0 1 1 0 0 0 1 1 0 0 1 1 0 0 1 1 1 0 0 1 0 1 1 1 1 0 1 1 1 1 1 0 0 1 1 0 1 0 1 0 1 0 0 0
1 0 0 1 0 1 1 1 1 1 1 0 0 0 0 1 1 0 1 1 0 1 0 0 1 1 1 1 0 0 0 0 0 0 1 0 1 1 0 1 1 1 0 1 0 1 0 1 0 0 1 1 0 0 0 0 0 1 0 0 0 0 1 0 1 1 0 0 0 1 1 0 0 1 1 0 0 1 1 1 0 0 1 0 1 1 1 1 0 1 1 1 1 1 0 0 1 1 0 1 0 1 0 1 0 0 0 0
0 0 1 0 1 1 1 1 1 1 0 0 0 0 1 1 0 1 1 0 1 0 0 1 1 1 1 0 0 0 0 0 0 1 0 1 1 0 1 1 1 0 1 0 1 0 1 0 0 1 1 0 0 0 0 0 1 0 0 0 0 1 0 1 1 0 0 0 1 1 0 0 1 1 0 0 1 1 1 0 0 1 0 1 1 1 1 0 1 1 1 1 1 0 0 1 1 0 1 0 1 0 1 0 0 0 1 0
0 1 0 1 1 1 1 1 1 0 0 0 0 1 1 0 1 1 0 1 0 0 1 1 1 1 0 0 0 0 0 0 1 0 1 1 0 1 1 1 0 1 0 1 0 1 0 0 1 1 0 0 0 0 0 1 0 0 0 0 1 0 1 1 0 0 0 1 1 0 0 1 1 0 0 1 1 1 0 0 1 0 1 1 1 1 0 1 1 1 1 1 0 0 1 1 0 1 0 1 0 1 0 0 0 1 0 0
1 0 1 1 1 1 1 1 0 0 0 0 1 1 0 1 1 0 1 0 0 1 1 1 1 0 0 0 0 0 0 1 0 1 1 0 1 1 1 0 1 0 1 0 1 0 0 1 1 0 0 0 0 0 1 0 0 0 0 1 0 1 1 0 0 0 1 1 0 0 1 1 0 0 1 1 1 0 0 1 0 1 1 1 1 0 1 1 1 1 1 0 0 1 1 0 1 0 1 0 1 0 0 0 1 0 0 0
0 1 1 1 1 1 1 0 0 0 0 1 1 0 1 1 0 1 0 0 1 1 1 1 0 0 0 0 0 0 1 0 1 1 0 1 1 1 0 1 0 1 0 1 0 0 1 1 0 0 0 0 0 1 0 0 0 0 1 0 1 1 0 0 0 1 1 0 0 1 1 0 0 1 1 1 0 0 1 0 1 1 1 1 0 1 1 1 1 1 0 0 1 1 0 1 0 1 0 1 0 0 0 1 0 0 1 0
1 1 1 1 1 1 0 0 0 0 1 1 0 1 1 0 1 0 0 1 1 1 1 0 0 0 0 0 0 1 0 1 1 0 1 1 1 0 1 0 1 0 1 0 0 1 1 0 0 0 0 0 1 0 0 0 0 1 0 1 1 0 0 0 1 1 0 0 1 1 0 0 1 1 1 0 0 1 0 1 1 1 1 0 1 1 1 1 1 0 0 1 1 0 1 0 1 0 1 0 0 0 1 0 0 1 0 0
1 1 1 1 1 0 0 0 0 1 1 0 1 1 0 1 0 0 1 1 1 1 0 0 0 0 0 0 1 0 1 1 0 1 1 1 0 1 0 1 0 1 0 0 1 1 0 0 0 0 0 1 0 0 0 0 1 0 1 1 0 0 0 1 1 0 0 1 1 0 0 1 1 1 0 0 1 0 1 1 1 1 0 1 1 1 1 1 0 0 1 1 0 1 0 1 0 1 0 0 0 1 0 0 1 0 1 0
1 1 1 1 0 0 0 0 1 1 0 1 1 0 1 0 0 1 1 1 1 0 0 0 0 0 0 1 0 1 1 0 1 1 1 0 1 0 1 0 1 0 0 1 1 0 0 0 0 0 1 0 0 0 0 1 0 1 1 0 0 0 1 1 0 0 1 1 0 0 1 1 1 0 0 1 0 1 1 1 1 0 1 1 1 1 1 0 0 1 1 0 1 0 1 0 1 0 0 0 1 0 0 1 0 1 1 0
1 1 1 0 0 0 0 1 1 0 1 1 0 1 0 0 1 1 1 1 0 0 0 0 0 0 1 0 1 1 0 1 1 1 0 1 0 1 0 1 0 0 1 1 0 0 0 0 0 1 0 0 0 0 1 0 1 1 0 0 0 1 1 0 0 1 1 0 0 1 1 1 0 0 1 0 1 1 1 1 0 1 1 1 1 1 0 0 1 1 0 1 0 1 0 1 0 0 0 1 0 0 1 0 1 1 1 0
1 1 0 0 0 0 1 1 0 1 1 0 1 0 0 1 1 1 1 0 0 0 0 0 0 1 0 1 1 0 1 1 1 0 1 0 1 0 1 0 0 1 1 0 0 0 0 0 1 0 0 0 0 1 0 1 1 0 0 0 1 1 0 0 1 1 0 0 1 1 1 0 0 1 0 1 1 1 1 0 1 1 1 1 1 0 0 1 1 0 1 0 1 0 1 0 0 0 1 0 0 1 0 1 1 1 1 0
1 0 0 0 0 1 1 0 1 1 0 1 0 0 1 1 1 1 0 0 0 0 0 0 1 0 1 1 0 1 1 1 0 1 0 1 0 1 0 0 1 1 0 0 0 0 0 1 0 0 0 0 1 0 1 1 0 0 0 1 1 0 0 1 1 0 0 1 1 1 0 0 1 0 1 1 1 1 0 1 1 1 1 1 0 0 1 1 0 1 0 1 0 1 0 0 0 1 0 0 1 0 1 1 1 1 1 0
0 0 0 0 1 1 0 1 1 0 1 0 0 1 1 1 1 0 0 0 0 0 0 1 0 1 1 0 1 1 1 0 1 0 1 0 1 0 0 1 1 0 0 0 0 0 1 0 0 0 0 1 0 1 1 0 0 0 1 1 0 0 1 1 0 0 1 1 1 0 0 1 0 1 1 1 1 0 1 1 1 1 1 0 0 1 1 0 1 0 1 0 1 0 0 0 1 0 0 1 0 1 1 1 1 1 1 0
0 0 0 1 1 0 1 1 0 1 0 0 1 1 1 1 0 0 0 0 0 0 1 0 1 1 0 1 1 1 0 1 0 1 0 1 0 0 1 1 0 0 0 0 0 1 0 0 0 0 1 0 1 1 0 0 0 1 1 0 0 1 1 0 0 1 1 1 0 0 1 0 1 1 1 1 0 1 1 1 1 1 0 0 1 1 0 1 0 1 0 1 0 0 0 1 0 0 1 0 1 1 1 1 1 1 0 0
0 0 1 1 0 1 1 0 1 0 0 1 1 1 1 0 0 0 0 0 0 1 0 1 1 0 1 1 1 0 1 0 1 0 1 0 0 1 1 0 0 0 0 0 1 0 0 0 0 1 0 1 1 0 0 0 1 1 0 0 1 1 0 0 1 1 1 0 0 1 0 1 1 1 1 0 1 1 1 1 1 0 0 1 1 0 1 0 1 0 1 0 0 0 1 0 0 1 0 1 1 1 1 1 1 0 0 0
0 1 1 0 1 1 0 1 0 0 1 1 1 1 0 0 0 0 0 0 1 0 1 1 0 1 1 1 0 1 0 1 0 1 0 0 1 1 0 0 0 0 0 1 0 0 0 0 1 0 1 1 0 0 0 1 1 0 0 1 1 0 0 1 1 1 0 0 1 0 1 1 1 1 0 1 1 1 1 1 0 0 1 1 0 1 0 1 0 1 0 0 0 1 0 0 1 0 1 1 1 1 1 1 0 0 0 0
1 1 0 1 1 0 1 0 0 1 1 1 1 0 0 0 0 0 0 1 0 1 1 0 1 1 1 0 1 0 1 0 1 0 0 1 1 0 0 0 0 0 1 0 0 0 0 1 0 1 1 0 0 0 1 1 0 0 1 1 0 0 1 1 1 0 0 1 0 1 1 1 1 0 1 1 1 1 1 0 0 1 1 0 1 0 1 0 1 0 0 0 1 0 0 1 0 1 1 1 1 1 1 0 0 0 0 0
1 0 1 1 0 1 0 0 1 1 1 1 0 0 0 0 0 0 1 0 1 1 0 1 1 1 0 1 0 1 0 1 0 0 1 1 0 0 0 0 0 1 0 0 0 0 1 0 1 1 0 0 0 1 1 0 0 1 1 0 0 1 1 1 0 0 1 0 1 1 1 1 0 1 1 1 1 1 0 0 1 1 0 1 0 1 0 1 0 0 0 1 0 0 1 0 1 1 1 1 1 1 0 0 0 0 1 0
0 1 1 0 1 0 0 1 1 1 1 0 0 0 0 0 0 1 0 1 1 0 1 1 1 0 1 0 1 0 1 0 0 1 1 0 0 0 0 0 1 0 0 0 0 1 0 1 1 0 0 0 1 1 0 0 1 1 0 0 1 1 1 0 0 1 0 1 1 1 1 0 1 1 1 1 1 0 0 1 1 0 1 0 1 0 1 0 0 0 1 0 0 1 0 1 1 1 1 1 1 0 0 0 0 1 1 0
1 1 0 1 0 0 1 1 1 1 0 0 0 0 0 0 1 0 1 1 0 1 1 1 0 1 0 1 0 1 0 0 1 1 0 0 0 0 0 1 0 0 0 0 1 0 1 1 0 0 0 1 1 0 0 1 1 0 0 1 1 1 0 0 1 0 1 1 1 1 0 1 1 1 1 1 0 0 1 1 0 1 0 1 0 1 0 0 0 1 0 0 1 0 1 1 1 1 1 1 0 0 0 0 1 1 0 0
1 1 0 1 1 0 0 0 0 1 1 1 1 1 1 0 1 0 0 1 0 0 0 1 0 1 0 1 0 1 1 0 0 1 1 1 1 1 0 1 1 1 1 0 1 0 0 1 1 1 0 0 1 1 0 0 1 1 0 0 0 1 1 0 1 0 0 0 0 1 0 0 0 0 0 1 1 0 0 1 0 1 0 1 0 1 1 1 0 1 1 0 1 0 0 0 0 0 0 1 1 1 1 0 0 1 0 1
0 0 1 1 0 0 0 1 1 0 1 0 0 0 0 1 0 0 0 0 0 1 1 0 0 1 0 1 0 1 0 1 1 1 0 1 1 0 1 0 0 0 0 0 0 1 1 1 1 0 0 1 0 1 1 0 1 1 0 0 0 0 1 1 1 1 1 1 0 1 0 0 1 0 0 0 1 0 1 0 1 0 1 1 0 0 1 1 1 1 1 0 1 1 1 1 0 1 0 0 1 1 1 0 0 1 1 1
1 0 1 1 0 0 0 0 1 1 1 1 1 1 0 1 0 0 1 0 0 0 1 0 1 0 1 0 1 1 0 0 1 1 1 1 1 0 1 1 1 1 0 1 0 0 1 1 1 0 0 1 1 0 0 1 1 0 0 0 1 1 0 1 0 0 0 0 1 0 0 0 0 0 1 1 0 0 1 0 1 0 1 0 1 1 1 0 1 1 0 1 0 0 0 0 0 0 1 1 1 1 0 0 1 0 1 1
0 1 1 0 0 0 1 1 0 1 0 0 0 0 1 0 0 0 0 0 1 1 0 0 1 0 1 0 1 0 1 1 1 0 1 1 0 1 0 0 0 0 0 0 1 1 1 1 0 0 1 0 1 1 0 1 1 0 0 0 0 1 1 1 1 1 1 0 1 0 0 1 0 0 0 1 0 1 0 1 0 1 1 0 0 1 1 1 1 1 0 1 1 1 1 0 1 0 0 1 1 1 0 0 1 1 0 1
0 1 1 0 0 0 0 1 1 1 1 1 1 0 1 0 0 1 0 0 0 1 0 1 0 1 0 1 1 0 0 1 1 1 1 1 0 1 1 1 1 0 1 0 0 1 1 1 0 0 1 1 0 0 1 1 0 0 0 1 1 0 1 0 0 0 0 1 0 0 0 0 0 1 1 0 0 1 0 1 0 1 0 1 1 1 0 1 1 0 1 0 0 0 0 0 0 1 1 1 1 0 0 1 0 1 1 1
1 1 0 0 0 1 1 0 1 0 0 0 0 1 0 0 0 0 0 1 1 0 0 1 0 1 0 1 0 1 1 1 0 1 1 0 1 0 0 0 0 0 0 1 1 1 1 0 0 1 0 1 1 0 1 1 0 0 0 0 1 1 1 1 1 1 0 1 0 0 1 0 0 0 1 0 1 0 1 0 1 1 0 0 1 1 1 1 1 0 1 1 1 1 0 1 0 0 1 1 1 0 0 1 1 0 0 1
1 1 0 0 0 0 1 1 1 1 1 1 0 1 0 0 1 0 0 0 1 0 1 0 1 0 1 1 0 0 1 1 1 1 1 0 1 1 1 1 0 1 0 0 1 1 1 0 0 1 1 0 0 1 1 0 0 0 1 1 0 1 0 0 0 0 1 0 0 0 0 0 1 1 0 0 1 0 1 0 1 0 1 1 1 0 1 1 0 1 0 0 0 0 0 0 1 1 1 1 0 0 1 0 1 1 0 1
1 0 0 0 1 1 0 1 0 0 0 0 1 0 0 0 0 0 1 1 0 0 1 0 1 0 1 0 1 1 1 0 1 1 0 1 0 0 0 0 0 0 1 1 1 1 0 0 1 0 1 1 0 1 1 0 0 0 0 1 1 1 1 1 1 0 1 0 0 1 0 0 0 1 0 1 0 1 0 1 1 0 0 1 1 1 1 1 0 1 1 1 1 0 1 0 0 1 1 1 0 0 1 1 0 0 1 1
1 0 0 0 0 1 1 1 1 1 1 0 1 0 0 1 0 0 0 1 0 1 0 1 0 1 1 0 0 1 1 1 1 1 0 1 1 1 1 0 1 0 0 1 1 1 0 0 1 1 0 0 1 1 0 0 0 1 1 0 1 0 0 0 0 1 0 0 0 0 0 1 1 0 0 1 0 1 0 1 0 1 1 1 0 1 1 0 1 0 0 0 0 0 0 1 1 1 1 0 0 1 0 1 1 0 1 1
0 0 0 1 1 0 1 0 0 0 0 1 0 0 0 0 0 1 1 0 0 1 0 1 0 1 0 1 1 1 0 1 1 0 1 0 0 0 0 0 0 1 1 1 1 0 0 1 0 1 1 0 1 1 0 0 0 0 1 1 1 1 1 1 0 1 0 0 1 0 0 0 1 0 1 0 1 0 1 1 0 0 1 1 1 1 1 0 1 1 1 1 0 1 0 0 1 1 1 0 0 1 1 0 0 1 1 1
0 0 0 0 1 1 1 1 1 1 0 1 0 0 1 0 0 0 1 0 1 0 1 0 1 1 0 0 1 1 1 1 1 0 1 1 1 1 0 1 0 0 1 1 1 0 0 1 1 0 0 1 1 0 0 0 1 1 0 1 0 0 0 0 1 0 0 0 0 0 1 1 0 0 1 0 1 0 1 0 1 1 1 0 1 1 0 1 0 0 0 0 0 0 1 1 1 1 0 0 1 0 1 1 0 1 1 1
0 0 1 1 0 1 0 0 0 0 1 0 0 0 0 0 1 1 0 0 1 0 1 0 1 0 1 1 1 0 1 1 0 1 0 0 0 0 0 0 1 1 1 1 0 0 1 0 1 1 0 1 1 0 0 0 0 1 1 1 1 1 1 0 1 0 0 1 0 0 0 1 0 1 0 1 0 1 1 0 0 1 1 1 1 1 0 1 1 1 1 0 1 0 0 1 1 1 0 0 1 1 0 0 1 1 0 1
0 0 0 1 1 1 1 1 1 0 1 0 0 1 0 0 0 1 0 1 0 1 0 1 1 0 0 1 1 1 1 1 0 1 1 1 1 0 1 0 0 1 1 1 0 0 1 1 0 0 1 1 0 0 0 1 1 0 1 0 0 0 0 1 0 0 0 0 0 1 1 0 0 1 0 1 0 1 0 1 1 1 0 1 1 0 1 0 0 0 0 0 0 1 1 1 1 0 0 1 0 1 1 0 1 1 0 1
0 1 1 0 1 0 0 0 0 1 0 0 0 0 0 1 1 0 0 1 0 1 0 1 0 1 1 1 0 1 1 0 1 0 0 0 0 0 0 1 1 1 1 0 0 1 0 1 1 0 1 1 0 0 0 0 1 1 1 1 1 1 0 1 0 0 1 0 0 0 1 0 1 0 1 0 1 1 0 0 1 1 1 1 1 0 1 1 1 1 0 1 0 0 1 1 1 0 0 1 1 0 0 1 1 0 0 1
0 0 1 1 1 1 1 1 0 1 0 0 1 0 0 0 1 0 1 0 1 0 1 1 0 0 1 1 1 1 1 0 1 1 1 1 0 1 0 0 1 1 1 0 0 1 1 0 0 1 1 0 0 0 1 1 0 1 0 0 0 0 1 0 0 0 0 0 1 1 0 0 1 0 1 0 1 0 1 1 1 0 1 1 0 1 0 0 0 0 0 0 1 1 1 1 0 0 1 0 1 1 0 1 1 0 0 1
1 1 0 1 0 0 0 0 1 0 0 0 0 0 1 1 0 0 1 0 1 0 1 0 1 1 1 0 1 1 0 1 0 0 0 0 0 0 1 1 1 1 0 0 1 0 1 1 0 1 1 0 0 0 0 1 1 1 1 1 1 0 1 0 0 1 0 0 0 1 0 1 0 1 0 1 1 0 0 1 1 1 1 1 0 1 1 1 1 0 1 0 0 1 1 1 0 0 1 1 0 0 1 1 0 0 0 1
0 1 1 1 1 1 1 0 1 0 0 1 0 0 0 1 0 1 0 1 0 1 1 0 0 1 1 1 1 1 0 1 1 1 1 0 1 0 0 1 1 1 0 0 1 1 0 0 1 1 0 0 0 1 1 0 1 0 0 0 0 1 0 0 0 0 0 1 1 0 0 1 0 1 0 1 0 1 1 1 0 1 1 0 1 0 0 0 0 0 0 1 1 1 1 0 0 1 0 1 1 0 1 1 0 0 0 1
1 0 1 0 0 0 0 1 0 0 0 0 0 1 1 0 0 1 0 1 0 1 0 1 1 1 0 1 1 0 1 0 0 0 0 0 0 1 1 1 1 0 0 1 0 1 1 0 1 1 0 0 0 0 1 1 1 1 1 1 0 1 0 0 1 0 0 0 1 0 1 0 1 0 1 1 0 0 1 1 1 1 1 0 1 1 1 1 0 1 0 0 1 1 1 0 0 1 1 0 0 1 1 0 0 0 1 1
1 1 1 1 1 1 0 1 0 0 1 0 0 0 1 0 1 0 1 0 1 1 0 0 1 1 1 1 1 0 1 1 1 1 0 1 0 0 1 1 1 0 0 1 1 0 0 1 1 0 0 0 1 1 0 1 0 0 0 0 1 0 0 0 0 0 1 1 0 0 1 0 1 0 1 0 1 1 1 0 1 1 0 1 0 0 0 0 0 0 1 1 1 1 0 0 1 0 1 1 0 1 1 0 0 0 0 1
0 1 0 0 0 0 1 0 0 0 0 0 1 1 0 0 1 0 1 0 1 0 1 1 1 0 1 1 0 1 0 0 0 0 0 0 1 1 1 1 0 0 1 0 1 1 0 1 1 0 0 0 0 1 1 1 1 1 1 0 1 0 0 1 0 0 0 1 0 1 0 1 0 1 1 0 0 1 1 1 1 1 0 1 1 1 1 0 1 0 0 1 1 1 0 0 1 1 0 0 1 1 0 0 0 1 1 1
1 1 1 1 1 0 1 0 0 1 0 0 0 1 0 1 0 1 0 1 1 0 0 1 1 1 1 1 0 1 1 1 1 0 1 0 0 1 1 1 0 0 1 1 0 0 1 1 0 0 0 1 1 0 1 0 0 0 0 1 0 0 0 0 0 1 1 0 0 1 0 1 0 1 0 1 1 1 0 1 1 0 1 0 0 0 0 0 0 1 1 1 1 0 0 1 0 1 1 0 1 1 0 0 0 0 1 1
1 0 0 0 0 1 0 0 0 0 0 1 1 0 0 1 0 1 0 1 0 1 1 1 0 1 1 0 1 0 0 0 0 0 0 1 1 1 1 0 0 1 0 1 1 0 1 1 0 0 0 0 1 1 1 1 1 1 0 1 0 0 1 0 0 0 1 0 1 0 1 0 1 1 0 0 1 1 1 1 1 0 1 1 1 1 0 1 0 0 1 1 1 0 0 1 1 0 0 1 1 0 0 0 1 1 0 1
1 1 1 1 0 1 0 0 1 0 0 0 1 0 1 0 1 0 1 1 0 0 1 1 1 1 1 0 1 1 1 1 0 1 0 0 1 1 1 0 0 1 1 0 0 1 1 0 0 0 1 1 0 1 0 0 0 0 1 0 0 0 0 0 1 1 0 0 1 0 1 0 1 0 1 1 1 0 1 1 0 1 0 0 0 0 0 0 1 1 1 1 0 0 1 0 1 1 0 1 1 0 0 0 0 1 1 1
0 0 0 0 1 0 0 0 0 0 1 1 0 0 1 0 1 0 1 0 1 1 1 0 1 1 0 1 0 0 0 0 0 0 1 1 1 1 0 0 1 0 1 1 0 1 1 0 0 0 0 1 1 1 1 1 1 0 1 0 0 1 0 0 0 1 0 1 0 1 0 1 1 0 0 1 1 1 1 1 0 1 1 1 1 0 1 0 0 1 1 1 0 0 1 1 0 0 1 1 0 0 0 1 1 0 1 1
1 1 1 0 1 0 0 1 0 0 0 1 0 1 0 1 0 1 1 0 0 1 1 1 1 1 0 1 1 1 1 0 1 0 0 1 1 1 0 0 1 1 0 0 1 1 0 0 0 1 1 0 1 0 0 0 0 1 0 0 0 0 0 1 1 0 0 1 0 1 0 1 0 1 1 1 0 1 1 0 1 0 0 0 0 0 0 1 1 1 1 0 0 1 0 1 1 0 1 1 0 0 0 0 1 1 1 1
0 0 0 1 0 0 0 0 0 1 1 0 0 1 0 1 0 1 0 1 1 1 0 1 1 0 1 0 0 0 0 0 0 1 1 1 1 0 0 1 0 1 1 0 1 1 0 0 0 0 1 1 1 1 1 1 0 1 0 0 1 0 0 0 1 0 1 0 1 0 1 1 0 0 1 1 1 1 1 0 1 1 1 1 0 1 0 0 1 1 1 0 0 1 1 0 0 1 1 0 0 0 1 1 0 1 0 1
1 1 0 1 0 0 1 0 0 0 1 0 1 0 1 0 1 1 0 0 1 1 1 1 1 0 1 1 1 1 0 1 0 0 1 1 1 0 0 1 1 0 0 1 1 0 0 0 1 1 0 1 0 0 0 0 1 0 0 0 0 0 1 1 0 0 1 0 1 0 1 0 1 1 1 0 1 1 0 1 0 0 0 0 0 0 1 1 1 1 0 0 1 0 1 1 0 1 1 0 0 0 0 1 1 1 1 1
0 0 1 0 0 0 0 0 1 1 0 0 1 0 1 0 1 0 1 1 1 0 1 1 0 1 0 0 0 0 0 0 1 1 1 1 0 0 1 0 1 1 0 1 1 0 0 0 0 1 1 1 1 1 1 0 1 0 0 1 0 0 0 1 0 1 0 1 0 1 1 0 0 1 1 1 1 1 0 1 1 1 1 0 1 0 0 1 1 1 0 0 1 1 0 0 1 1 0 0 0 1 1 0 1 0 0 1
1 0 1 0 0 1 0 0 0 1 0 1 0 1 0 1 1 0 0 1 1 1 1 1 0 1 1 1 1 0 1 0 0 1 1 1 0 0 1 1 0 0 1 1 0 0 0 1 1 0 1 0 0 0 0 1 0 0 0 0 0 1 1 0 0 1 0 1 0 1 0 1 1 1 0 1 1 0 1 0 0 0 0 0 0 1 1 1 1 0 0 1 0 1 1 0 1 1 0 0 0 0 1 1 1 1 1 1
0 1 0 0 0 0 0 1 1 0 0 1 0 1 0 1 0 1 1 1 0 1 1 0 1 0 0 0 0 0 0 1 1 1 1 0 0 1 0 1 1 0 1 1 0 0 0 0 1 1 1 1 1 1 0 1 0 0 1 0 0 0 1 0 1 0 1 0 1 1 0 0 1 1 1 1 1 0 1 1 1 1 0 1 0 0 1 1 1 0 0 1 1 0 0 1 1 0 0 0 1 1 0 1 0 0 0 1
0 1 0 0 1 0 0 0 1 0 1 0 1 0 1 1 0 0 1 1 1 1 1 0 1 1 1 1 0 1 0 0 1 1 1 0 0 1 1 0 0 1 1 0 0 0 1 1 0 1 0 0 0 0 1 0 0 0 0 0 1 1 0 0 1 0 1 0 1 0 1 1 1 0 1 1 0 1 0 0 0 0 0 0 1 1 1 1 0 0 1 0 1 1 0 1 1 0 0 0 0 1 1 1 1 1 1 1
1 0 0 0 0 0 1 1 0 0 1 0 1 0 1 0 1 1 1 0 1 1 0 1 0 0 0 0 0 0 1 1 1 1 0 0 1 0 1 1 0 1 1 0 0 0 0 1 1 1 1 1 1 0 1 0 0 1 0 0 0 1 0 1 0 1 0 1 1 0 0 1 1 1 1 1 0 1 1 1 1 0 1 0 0 1 1 1 0 0 1 1 0 0 1 1 0 0 0 1 1 0 1 0 0 0 0 1
1 0 0 1 0 0 0 1 0 1 0 1 0 1 1 0 0 1 1 1 1 1 0 1 1 1 1 0 1 0 0 1 1 1 0 0 1 1 0 0 1 1 0 0 0 1 1 0 1 0 0 0 0 1 0 0 0 0 0 1 1 0 0 1 0 1 0 1 0 1 1 1 0 1 1 0 1 0 0 0 0 0 0 1 1 1 1 0 0 1 0 1 1 0 1 1 0 0 0 0 1 1 1 1 1 1 0 1
0 0 0 0 0 1 1 0 0 1 0 1 0 1 0 1 1 1 0 1 1 0 1 0 0 0 0 0 0 1 1 1 1 0 0 1 0 1 1 0 1 1 0 0 0 0 1 1 1 1 1 1 0 1 0 0 1 0 0 0 1 0 1 0 1 0 1 1 0 0 1 1 1 1 1 0 1 1 1 1 0 1 0 0 1 1 1 0 0 1 1 0 0 1 1 0 0 0 1 1 0 1 0 0 0 0 1 1
0 0 1 0 0 0 1 0 1 0 1 0 1 1 0 0 1 1 1 1 1 0 1 1 1 1 0 1 0 0 1 1 1 0 0 1 1 0 0 1 1 0 0 0 1 1 0 1 0 0 0 0 1 0 0 0 0 0 1 1 0 0 1 0 1 0 1 0 1 1 1 0 1 1 0 1 0 0 0 0 0 0 1 1 1 1 0 0 1 0 1 1 0 1 1 0 0 0 0 1 1 1 1 1 1 0 1 1
0 0 0 0 1 1 0 0 1 0 1 0 1 0 1 1 1 0 1 1 0 1 0 0 0 0 0 0 1 1 1 1 0 0 1 0 1 1 0 1 1 0 0 0 0 1 1 1 1 1 1 0 1 0 0 1 0 0 0 1 0 1 0 1 0 1 1 0 0 1 1 1 1 1 0 1 1 1 1 0 1 0 0 1 1 1 0 0 1 1 0 0 1 1 0 0 0 1 1 0 1 0 0 0 0 1 0 1
0 1 0 0 0 1 0 1 0 1 0 1 1 0 0 1 1 1 1 1 0 1 1 1 1 0 1 0 0 1 1 1 0 0 1 1 0 0 1 1 0 0 0 1 1 0 1 0 0 0 0 1 0 0 0 0 0 1 1 0 0 1 0 1 0 1 0 1 1 1 0 1 1 0 1 0 0 0 0 0 0 1 1 1 1 0 0 1 0 1 1 0 1 1 0 0 0 0 1 1 1 1 1 1 0 1 0 1
0 0 0 1 1 0 0 1 0 1 0 1 0 1 1 1 0 1 1 0 1 0 0 0 0 0 0 1 1 1 1 0 0 1 0 1 1 0 1 1 0 0 0 0 1 1 1 1 1 1 0 1 0 0 1 0 0 0 1 0 1 0 1 0 1 1 0 0 1 1 1 1 1 0 1 1 1 1 0 1 0 0 1 1 1 0 0 1 1 0 0 1 1 0 0 0 1 1 0 1 0 0 0 0 1 0 0 1
1 0 0 0 1 0 1 0 1 0 1 1 0 0 1 1 1 1 1 0 1 1 1 1 0 1 0 0 1 1 1 0 0 1 1 0 0 1 1 0 0 0 1 1 0 1 0 0 0 0 1 0 0 0 0 0 1 1 0 0 1 0 1 0 1 0 1 1 1 0 1 1 0 1 0 0 0 0 0 0 1 1 1 1 0 0 1 0 1 1 0 1 1 0 0 0 0 1 1 1 1 1 1 0 1 0 0 1
0 0 1 1 0 0 1 0 1 0 1 0 1 1 1 0 1 1 0 1 0 0 0 0 0 0 1 1 1 1 0 0 1 0 1 1 0 1 1 0 0 0 0 1 1 1 1 1 1 0 1 0 0 1 0 0 0 1 0 1 0 1 0 1 1 0 0 1 1 1 1 1 0 1 1 1 1 0 1 0 0 1 1 1 0 0 1 1 0 0 1 1 0 0 0 1 1 0 1 0 0 0 0 1 0 0 0 1
0 0 0 1 0 1 0 1 0 1 1 0 0 1 1 1 1 1 0 1 1 1 1 0 1 0 0 1 1 1 0 0 1 1 0 0 1 1 0 0 0 1 1 0 1 0 0 0 0 1 0 0 0 0 0 1 1 0 0 1 0 1 0 1 0 1 1 1 0 1 1 0 1 0 0 0 0 0 0 1 1 1 1 0 0 1 0 1 1 0 1 1 0 0 0 0 1 1 1 1 1 1 0 1 0 0 1 1
0 1 1 0 0 1 0 1 0 1 0 1 1 1 0 1 1 0 1 0 0 0 0 0 0 1 1 1 1 0 0 1 0 1 1 0 1 1 0 0 0 0 1 1 1 1 1 1 0 1 0 0 1 0 0 0 1 0 1 0 1 0 1 1 0 0 1 1 1 1 1 0 1 1 1 1 0 1 0 0 1 1 1 0 0 1 1 0 0 1 1 0 0 0 1 1 0 1 0 0 0 0 1 0 0 0 0 1
0 0 1 0 1 0 1 0 1 1 0 0 1 1 1 1 1 0 1 1 1 1 0 1 0 0 1 1 1 0 0 1 1 0 0 1 1 0 0 0 1 1 0 1 0 0 0 0 1 0 0 0 0 0 1 1 0 0 1 0 1 0 1 0 1 1 1 0 1 1 0 1 0 0 0 0 0 0 1 1 1 1 0 0 1 0 1 1 0 1 1 0 0 0 0 1 1 1 1 1 1 0 1 0 0 1 0 1
1 1 0 0 1 0 1 0 1 0 1 1 1 0 1 1 0 1 0 0 0 0 0 0 1 1 1 1 0 0 1 0 1 1 0 1 1 0 0 0 0 1 1 1 1 1 1 0 1 0 0 1 0 0 0 1 0 1 0 1 0 1 1 0 0 1 1 1 1 1 0 1 1 1 1 0 1 0 0 1 1 1 0 0 1 1 0 0 1 1 0 0 0 1 1 0 1 0 0 0 0 1 0 0 0 0 0 1
0 1 0 1 0 1 0 1 1 0 0 1 1 1 1 1 0 1 1 1 1 0 1 0 0 1 1 1 0 0 1 1 0 0 1 1 0 0 0 1 1 0 1 0 0 0 0 1 0 0 0 0 0 1 1 0 0 1 0 1 0 1 0 1 1 1 0 1 1 0 1 0 0 0 0 0 0 1 1 1 1 0 0 1 0 1 1 0 1 1 0 0 0 0 1 1 1 1 1 1 0 1 0 0 1 0 0 1
1 0 0 1 0 1 0 1 0 1 1 1 0 1 1 0 1 0 0 0 0 0 0 1 1 1 1 0 0 1 0 1 1 0 1 1 0 0 0 0 1 1 1 1 1 1 0 1 0 0 1 0 0 0 1 0 1 0 1 0 1 1 0 0 1 1 1 1 1 0 1 1 1 1 0 1 0 0 1 1 1 0 0 1 1 0 0 1 1 0 0 0 1 1 0 1 0 0 0 0 1 0 0 0 0 0 1 1
1 0 1 0 1 0 1 1 0 0 1 1 1 1 1 0 1 1 1 1 0 1 0 0 1 1 1 0 0 1 1 0 0 1 1 0 0 0 1 1 0 1 0 0 0 0 1 0 0 0 0 0 1 1 0 0 1 0 1 0 1 0 1 1 1 0 1 1 0 1 0 0 0 0 0 0 1 1 1 1 0 0 1 0 1 1 0 1 1 0 0 0 0 1 1 1 1 1 1 0 1 0 0 1 0 0 0 1
0 0 1 0 1 0 1 0 1 1 1 0 1 1 0 1 0 0 0 0 0 0 1 1 1 1 0 0 1 0 1 1 0 1 1 0 0 0 0 1 1 1 1 1 1 0 1 0 0 1 0 0 0 1 0 1 0 1 0 1 1 0 0 1 1 1 1 1 0 1 1 1 1 0 1 0 0 1 1 1 0 0 1 1 0 0 1 1 0 0 0 1 1 0 1 0 0 0 0 1 0 0 0 0 0 1 1 1
0 1 0 1 0 1 1 0 0 1 1 1 1 1 0 1 1 1 1 0 1 0 0 1 1 1 0 0 1 1 0 0 1 1 0 0 0 1 1 0 1 0 0 0 0 1 0 0 0 0 0 1 1 0 0 1 0 1 0 1 0 1 1 1 0 1 1 0 1 0 0 0 0 0 0 1 1 1 1 0 0 1 0 1 1 0 1 1 0 0 0 0 1 1 1 1 1 1 0 1 0 0 1 0 0 0 1 1
0 1 0 1 0 1 0 1 1 1 0 1 1 0 1 0 0 0 0 0 0 1 1 1 1 0 0 1 0 1 1 0 1 1 0 0 0 0 1 1 1 1 1 1 0 1 0 0 1 0 0 0 1 0 1 0 1 0 1 1 0 0 1 1 1 1 1 0 1 1 1 1 0 1 0 0 1 1 1 0 0 1 1 0 0 1 1 0 0 0 1 1 0 1 0 0 0 0 1 0 0 0 0 0 1 1 0 1
1 0 1 0 1 1 0 0 1 1 1 1 1 0 1 1 1 1 0 1 0 0 1 1 1 0 0 1 1 0 0 1 1 0 0 0 1 1 0 1 0 0 0 0 1 0 0 0 0 0 1 1 0 0 1 0 1 0 1 0 1 1 1 0 1 1 0 1 0 0 0 0 0 0 1 1 1 1 0 0 1 0 1 1 0 1 1 0 0 0 0 1 1 1 1 1 1 0 1 0 0 1 0 0 0 1 0 1
1 0 1 0 1 0 1 1 1 0 1 1 0 1 0 0 0 0 0 0 1 1 1 1 0 0 1 0 1 1 0 1 1 0 0 0 0 1 1 1 1 1 1 0 1 0 0 1 0 0 0 1 0 1 0 1 0 1 1 0 0 1 1 1 1 1 0 1 1 1 1 0 1 0 0 1 1 1 0 0 1 1 0 0 1 1 0 0 0 1 1 0 1 0 0 0 0 1 0 0 0 0 0 1 1 0 0 1
0 1 0 1 1 0 0 1 1 1 1 1 0 1 1 1 1 0 1 0 0 1 1 1 0 0 1 1 0 0 1 1 0 0 0 1 1 0 1 0 0 0 0 1 0 0 0 0 0 1 1 0 0 1 0 1 0 1 0 1 1 1 0 1 1 0 1 0 0 0 0 0 0 1 1 1 1 0 0 1 0 1 1 0 1 1 0 0 0 0 1 1 1 1 1 1 0 1 0 0 1 0 0 0 1 0 1 1
0 1 0 1 0 1 1 1 0 1 1 0 1 0 0 0 0 0 0 1 1 1 1 0 0 1 0 1 1 0 1 1 0 0 0 0 1 1 1 1 1 1 0 1 0 0 1 0 0 0 1 0 1 0 1 0 1 1 0 0 1 1 1 1 1 0 1 1 1 1 0 1 0 0 1 1 1 0 0 1 1 0 0 1 1 0 0 0 1 1 0 1 0 0 0 0 1 0 0 0 0 0 1 1 0 0 1 1
1 0 1 1 0 0 1 1 1 1 1 0 1 1 1 1 0 1 0 0 1 1 1 0 0 1 1 0 0 1 1 0 0 0 1 1 0 1 0 0 0 0 1 0 0 0 0 0 1 1 0 0 1 0 1 0 1 0 1 1 1 0 1 1 0 1 0 0 0 0 0 0 1 1 1 1 0 0 1 0 1 1 0 1 1 0 0 0 0 1 1 1 1 1 1 0 1 0 0 1 0 0 0 1 0 1 0 1
1 0 1 0 1 1 1 0 1 1 0 1 0 0 0 0 0 0 1 1 1 1 0 0 1 0 1 1 0 1 1 0 0 0 0 1 1 1 1 1 1 0 1 0 0 1 0 0 0 1 0 1 0 1 0 1 1 0 0 1 1 1 1 1 0 1 1 1 1 0 1 0 0 1 1 1 0 0 1 1 0 0 1 1 0 0 0 1 1 0 1 0 0 0 0 1 0 0 0 0 0 1 1 0 0 1 0 1
0 1 1 0 0 1 1 1 1 1 0 1 1 1 1 0 1 0 0 1 1 1 0 0 1 1 0 0 1 1 0 0 0 1 1 0 1 0 0 0 0 1 0 0 0 0 0 1 1 0 0 1 0 1 0 1 0 1 1 1 0 1 1 0 1 0 0 0 0 0 0 1 1 1 1 0 0 1 0 1 1 0 1 1 0 0 0 0 1 1 1 1 1 1 0 1 0 0 1 0 0 0 1 0 1 0 1 1
0 1 0 1 1 1 0 1 1 0 1 0 0 0 0 0 0 1 1 1 1 0 0 1 0 1 1 0 1 1 0 0 0 0 1 1 1 1 1 1 0 1 0 0 1 0 0 0 1 0 1 0 1 0 1 1 0 0 1 1 1 1 1 0 1 1 1 1 0 1 0 0 1 1 1 0 0 1 1 0 0 1 1 0 0 0 1 1 0 1 0 0 0 0 1 0 0 0 0 0 1 1 0 0 1 0 1 1
1 1 0 0 1 1 1 1 1 0 1 1 1 1 0 1 0 0 1 1 1 0 0 1 1 0 0 1 1 0 0 0 1 1 0 1 0 0 0 0 1 0 0 0 0 0 1 1 0 0 1 0 1 0 1 0 1 1 1 0 1 1 0 1 0 0 0 0 0 0 1 1 1 1 0 0 1 0 1 1 0 1 1 0 0 0 0 1 1 1 1 1 1 0 1 0 0 1 0 0 0 1 0 1 0 1 0 1
1 0 1 1 1 0 1 1 0 1 0 0 0 0 0 0 1 1 1 1 0 0 1 0 1 1 0 1 1 0 0 0 0 1 1 1 1 1 1 0 1 0 0 1 0 0 0 1 0 1 0 1 0 1 1 0 0 1 1 1 1 1 0 1 1 1 1 0 1 0 0 1 1 1 0 0 1 1 0 0 1 1 0 0 0 1 1 0 1 0 0 0 0 1 0 0 0 0 0 1 1 0 0 1 0 1 0 1
1 0 0 1 1 1 1 1 0 1 1 1 1 0 1 0 0 1 1 1 0 0 1 1 0 0 1 1 0 0 0 1 1 0 1 0 0 0 0 1 0 0 0 0 0 1 1 0 0 1 0 1 0 1 0 1 1 1 0 1 1 0 1 0 0 0 0 0 0 1 1 1 1 0 0 1 0 1 1 0 1 1 0 0 0 0 1 1 1 1 1 1 0 1 0 0 1 0 0 0 1 0 1 0 1 0 1 1
0 1 1 1 0 1 1 0 1 0 0 0 0 0 0 1 1 1 1 0 0 1 0 1 1 0 1 1 0 0 0 0 1 1 1 1 1 1 0 1 0 0 1 0 0 0 1 0 1 0 1 0 1 1 0 0 1 1 1 1 1 0 1 1 1 1 0 1 0 0 1 1 1 0 0 1 1 0 0 1 1 0 0 0 1 1 0 1 0 0 0 0 1 0 0 0 0 0 1 1 0 0 1 0 1 0 1 1
0 0 1 1 1 1 1 0 1 1 1 1 0 1 0 0 1 1 1 0 0 1 1 0 0 1 1 0 0 0 1 1 0 1 0 0 0 0 1 0 0 0 0 0 1 1 0 0 1 0 1 0 1 0 1 1 1 0 1 1 0 1 0 0 0 0 0 0 1 1 1 1 0 0 1 0 1 1 0 1 1 0 0 0 0 1 1 1 1 1 1 0 1 0 0 1 0 0 0 1 0 1 0 1 0 1 1 1
1 1 1 0 1 1 0 1 0 0 0 0 0 0 1 1 1 1 0 0 1 0 1 1 0 1 1 0 0 0 0 1 1 1 1 1 1 0 1 0 0 1 0 0 0 1 0 1 0 1 0 1 1 0 0 1 1 1 1 1 0 1 1 1 1 0 1 0 0 1 1 1 0 0 1 1 0 0 1 1 0 0 0 1 1 0 1 0 0 0 0 1 0 0 0 0 0 1 1 0 0 1 0 1 0 1 0 1
0 1 1 1 1 1 0 1 1 1 1 0 1 0 0 1 1 1 0 0 1 1 0 0 1 1 0 0 0 1 1 0 1 0 0 0 0 1 0 0 0 0 0 1 1 0 0 1 0 1 0 1 0 1 1 1 0 1 1 0 1 0 0 0 0 0 0 1 1 1 1 0 0 1 0 1 1 0 1 1 0 0 0 0 1 1 1 1 1 1 0 1 0 0 1 0 0 0 1 0 1 0 1 0 1 1 0 1
1 1 0 1 1 0 1 0 0 0 0 0 0 1 1 1 1 0 0 1 0 1 1 0 1 1 0 0 0 0 1 1 1 1 1 1 0 1 0 0 1 0 0 0 1 0 1 0 1 0 1 1 0 0 1 1 1 1 1 0 1 1 1 1 0 1 0 0 1 1 1 0 0 1 1 0 0 1 1 0 0 0 1 1 0 1 0 0 0 0 1 0 0 0 0 0 1 1 0 0 1 0 1 0 1 0 1 1
1 1 1 1 1 0 1 1 1 1 0 1 0 0 1 1 1 0 0 1 1 0 0 1 1 0 0 0 1 1 0 1 0 0 0 0 1 0 0 0 0 0 1 1 0 0 1 0 1 0 1 0 1 1 1 0 1 1 0 1 0 0 0 0 0 0 1 1 1 1 0 0 1 0 1 1 0 1 1 0 0 0 0 1 1 1 1 1 1 0 1 0 0 1 0 0 0 1 0 1 0 1 0 1 1 0 0 1
1 0 1 1 0 1 0 0 0 0 0 0 1 1 1 1 0 0 1 0 1 1 0 1 1 0 0 0 0 1 1 1 1 1 1 0 1 0 0 1 0 0 0 1 0 1 0 1 0 1 1 0 0 1 1 1 1 1 0 1 1 1 1 0 1 0 0 1 1 1 0 0 1 1 0 0 1 1 0 0 0 1 1 0 1 0 0 0 0 1 0 0 0 0 0 1 1 0 0 1 0 1 0 1 0 1 1 1
1 1 1 1 0 1 1 1 1 0 1 0 0 1 1 1 0 0 1 1 0 0 1 1 0 0 0 1 1 0 1 0 0 0 0 1 0 0 0 0 0 1 1 0 0 1 0 1 0 1 0 1 1 1 0 1 1 0 1 0 0 0 0 0 0 1 1 1 1 0 0 1 0 1 1 0 1 1 0 0 0 0 1 1 1 1 1 1 0 1 0 0 1 0 0 0 1 0 1 0 1 0 1 1 0 0 1 1
0 1 1 0 1 0 0 0 0 0 0 1 1 1 1 0 0 1 0 1 1 0 1 1 0 0 0 0 1 1 1 1 1 1 0 1 0 0 1 0 0 0 1 0 1 0 1 0 1 1 0 0 1 1 1 1 1 0 1 1 1 1 0 1 0 0 1 1 1 0 0 1 1 0 0 1 1 0 0 0 1 1 0 1 0 0 0 0 1 0 0 0 0 0 1 1 0 0 1 0 1 0 1 0 1 1 1 1
1 1 1 0 1 1 1 1 0 1 0 0 1 1 1 0 0 1 1 0 0 1 1 0 0 0 1 1 0 1 0 0 0 0 1 0 0 0 0 0 1 1 0 0 1 0 1 0 1 0 1 1 1 0 1 1 0 1 0 0 0 0 0 0 1 1 1 1 0 0 1 0 1 1 0 1 1 0 0 0 0 1 1 1 1 1 1 0 1 0 0 1 0 0 0 1 0 1 0 1 0 1 1 0 0 1 1 1
1 1 0 1 0 0 0 0 0 0 1 1 1 1 0 0 1 0 1 1 0 1 1 0 0 0 0 1 1 1 1 1 1 0 1 0 0 1 0 0 0 1 0 1 0 1 0 1 1 0 0 1 1 1 1 1 0 1 1 1 1 0 1 0 0 1 1 1 0 0 1 1 0 0 1 1 0 0 0 1 1 0 1 0 0 0 0 1 0 0 0 0 0 1 1 0 0 1 0 1 0 1 0 1 1 1 0 1
1 1 0 1 1 1 1 0 1 0 0 1 1 1 0 0 1 1 0 0 1 1 0 0 0 1 1 0 1 0 0 0 0 1 0 0 0 0 0 1 1 0 0 1 0 1 0 1 0 1 1 1 0 1 1 0 1 0 0 0 0 0 0 1 1 1 1 0 0 1 0 1 1 0 1 1 0 0 0 0 1 1 1 1 1 1 0 1 0 0 1 0 0 0 1 0 1 0 1 0 1 1 0 0 1 1 1 1
1 0 1 0 0 0 0 0 0 1 1 1 1 0 0 1 0 1 1 0 1 1 0 0 0 0 1 1 1 1 1 1 0 1 0 0 1 0 0 0 1 0 1 0 1 0 1 1 0 0 1 1 1 1 1 0 1 1 1 1 0 1 0 0 1 1 1 0 0 1 1 0 0 1 1 0 0 0 1 1 0 1 0 0 0 0 1 0 0 0 0 0 1 1 0 0 1 0 1 0 1 0 1 1 1 0 1 1
1 0 1 1 1 1 0 1 0 0 1 1 1 0 0 1 1 0 0 1 1 0 0 0 1 1 0 1 0 0 0 0 1 0 0 0 0 0 1 1 0 0 1 0 1 0 1 0 1 1 1 0 1 1 0 1 0 0 0 0 0 0 1 1 1 1 0 0 1 0 1 1 0 1 1 0 0 0 0 1 1 1 1 1 1 0 1 0 0 1 0 0 0 1 0 1 0 1 0 1 1 0 0 1 1 1 1 1
0 1 0 0 0 0 0 0 1 1 1 1 0 0 1 0 1 1 0 1 1 0 0 0 0 1 1 1 1 1 1 0 1 0 0 1 0 0 0 1 0 1 0 1 0 1 1 0 0 1 1 1 1 1 0 1 1 1 1 0 1 0 0 1 1 1 0 0 1 1 0 0 1 1 0 0 0 1 1 0 1 0 0 0 0 1 0 0 0 0 0 1 1 0 0 1 0 1 0 1 0 1 1 1 0 1 1 1
0 1 1 1 1 0 1 0 0 1 1 1 0 0 1 1 0 0 1 1 0 0 0 1 1 0 1 0 0 0 0 1 0 0 0 0 0 1 1 0 0 1 0 1 0 1 0 1 1 1 0 1 1 0 1 0 0 0 0 0 0 1 1 1 1 0 0 1 0 1 1 0 1 1 0 0 0 0 1 1 1 1 1 1 0 1 0 0 1 0 0 0 1 0 1 0 1 0 1 1 0 0 1 1 1 1 1 1
1 0 0 0 0 0 0 1 1 1 1 0 0 1 0 1 1 0 1 1 0 0 0 0 1 1 1 1 1 1 0 1 0 0 1 0 0 0 1 0 1 0 1 0 1 1 0 0 1 1 1 1 1 0 1 1 1 1 0 1 0 0 1 1 1 0 0 1 1 0 0 1 1 0 0 0 1 1 0 1 0 0 0 0 1 0 0 0 0 0 1 1 0 0 1 0 1 0 1 0 1 1 1 0 1 1 0 1
1 1 1 1 0 1 0 0 1 1 1 0 0 1 1 0 0 1 1 0 0 0 1 1 0 1 0 0 0 0 1 0 0 0 0 0 1 1 0 0 1 0 1 0 1 0 1 1 1 0 1 1 0 1 0 0 0 0 0 0 1 1 1 1 0 0 1 0 1 1 0 1 1 0 0 0 0 1 1 1 1 1 1 0 1 0 0 1 0 0 0 1 0 1 0 1 0 1 1 0 0 1 1 1 1 1 0 1
0 0 0 0 0 0 1 1 1 1 0 0 1 0 1 1 0 1 1 0 0 0 0 1 1 1 1 1 1 0 1 0 0 1 0 0 0 1 0 1 0 1 0 1 1 0 0 1 1 1 1 1 0 1 1 1 1 0 1 0 0 1 1 1 0 0 1 1 0 0 1 1 0 0 0 1 1 0 1 0 0 0 0 1 0 0 0 0 0 1 1 0 0 1 0 1 0 1 0 1 1 1 0 1 1 0 1 1
1 1 1 0 1 0 0 1 1 1 0 0 1 1 0 0 1 1 0 0 0 1 1 0 1 0 0 0 0 1 0 0 0 0 0 1 1 0 0 1 0 1 0 1 0 1 1 1 0 1 1 0 1 0 0 0 0 0 0 1 1 1 1 0 0 1 0 1 1 0 1 1 0 0 0 0 1 1 1 1 1 1 0 1 0 0 1 0 0 0 1 0 1 0 1 0 1 1 0 0 1 1 1 1 1 0 1 1
0 0 0 0 0 1 1 1 1 0 0 1 0 1 1 0 1 1 0 0 0 0 1 1 1 1 1 1 0 1 0 0 1 0 0 0 1 0 1 0 1 0 1 1 0 0 1 1 1 1 1 0 1 1 1 1 0 1 0 0 1 1 1 0 0 1 1 0 0 1 1 0 0 0 1 1 0 1 0 0 0 0 1 0 0 0 0 0 1 1 0 0 1 0 1 0 1 0 1 1 1 0 1 1 0 1 0 1
1 1 0 1 0 0 1 1 1 0 0 1 1 0 0 1 1 0 0 0 1 1 0 1 0 0 0 0 1 0 0 0 0 0 1 1 0 0 1 0 1 0 1 0 1 1 1 0 1 1 0 1 0 0 0 0 0 0 1 1 1 1 0 0 1 0 1 1 0 1 1 0 0 0 0 1 1 1 1 1 1 0 1 0 0 1 0 0 0 1 0 1 0 1 0 1 1 0 0 1 1 1 1 1 0 1 1 1
0 0 0 0 1 1 1 1 0 0 1 0 1 1 0 1 1 0 0 0 0 1 1 1 1 1 1 0 1 0 0 1 0 0 0 1 0 1 0 1 0 1 1 0 0 1 1 1 1 1 0 1 1 1 1 0 1 0 0 1 1 1 0 0 1 1 0 0 1 1 0 0 0 1 1 0 1 0 0 0 0 1 0 0 0 0 0 1 1 0 0 1 0 1 0 1 0 1 1 1 0 1 1 0 1 0 0 1
1 0 1 0 0 1 1 1 0 0 1 1 0 0 1 1 0 0 0 1 1 0 1 0 0 0 0 1 0 0 0 0 0 1 1 0 0 1 0 1 0 1 0 1 1 1 0 1 1 0 1 0 0 0 0 0 0 1 1 1 1 0 0 1 0 1 1 0 1 1 0 0 0 0 1 1 1 1 1 1 0 1 0 0 1 0 0 0 1 0 1 0 1 0 1 1 0 0 1 1 1 1 1 0 1 1 1 1
0 0 0 1 1 1 1 0 0 1 0 1 1 0 1 1 0 0 0 0 1 1 1 1 1 1 0 1 0 0 1 0 0 0 1 0 1 0 1 0 1 1 0 0 1 1 1 1 1 0 1 1 1 1 0 1 0 0 1 1 1 0 0 1 1 0 0 1 1 0 0 0 1 1 0 1 0 0 0 0 1 0 0 0 0 0 1 1 0 0 1 0 1 0 1 0 1 1 1 0 1 1 0 1 0 0 0 1
0 1 0 0 1 1 1 0 0 1 1 0 0 1 1 0 0 0 1 1 0 1 0 0 0 0 1 0 0 0 0 0 1 1 0 0 1 0 1 0 1 0 1 1 1 0 1 1 0 1 0 0 0 0 0 0 1 1 1 1 0 0 1 0 1 1 0 1 1 0 0 0 0 1 1 1 1 1 1 0 1 0 0 1 0 0 0 1 0 1 0 1 0 1 1 0 0 1 1 1 1 1 0 1 1 1 1 1
0 0 1 1 1 1 0 0 1 0 1 1 0 1 1 0 0 0 0 1 1 1 1 1 1 0 1 0 0 1 0 0 0 1 0 1 0 1 0 1 1 0 0 1 1 1 1 1 0 1 1 1 1 0 1 0 0 1 1 1 0 0 1 1 0 0 1 1 0 0 0 1 1 0 1 0 0 0 0 1 0 0 0 0 0 1 1 0 0 1 0 1 0 1 0 1 1 1 0 1 1 0 1 0 0 0 0 1
1 0 0 1 1 1 0 0 1 1 0 0 1 1 0 0 0 1 1 0 1 0 0 0 0 1 0 0 0 0 0 1 1 0 0 1 0 1 0 1 0 1 1 1 0 1 1 0 1 0 0 0 0 0 0 1 1 1 1 0 0 1 0 1 1 0 1 1 0 0 0 0 1 1 1 1 1 1 0 1 0 0 1 0 0 0 1 0 1 0 1 0 1 1 0 0 1 1 1 1 1 0 1 1 1 1 0 1
0 1 1 1 1 0 0 1 0 1 1 0 1 1 0 0 0 0 1 1 1 1 1 1 0 1 0 0 1 0 0 0 1 0 1 0 1 0 1 1 0 0 1 1 1 1 1 0 1 1 1 1 0 1 0 0 1 1 1 0 0 1 1 0 0 1 1 0 0 0 1 1 0 1 0 0 0 0 1 0 0 0 0 0 1 1 0 0 1 0 1 0 1 0 1 1 1 0 1 1 0 1 0 0 0 0 0 1
0 0 1 1 1 0 0 1 1 0 0 1 1 0 0 0 1 1 0 1 0 0 0 0 1 0 0 0 0 0 1 1 0 0 1 0 1 0 1 0 1 1 1 0 1 1 0 1 0 0 0 0 0 0 1 1 1 1 0 0 1 0 1 1 0 1 1 0 0 0 0 1 1 1 1 1 1 0 1 0 0 1 0 0 0 1 0 1 0 1 0 1 1 0 0 1 1 1 1 1 0 1 1 1 1 0 1 1
1 1 1 1 0 0 1 0 1 1 0 1 1 0 0 0 0 1 1 1 1 1 1 0 1 0 0 1 0 0 0 1 0 1 0 1 0 1 1 0 0 1 1 1 1 1 0 1 1 1 1 0 1 0 0 1 1 1 0 0 1 1 0 0 1 1 0 0 0 1 1 0 1 0 0 0 0 1 0 0 0 0 0 1 1 0 0 1 0 1 0 1 0 1 1 1 0 1 1 0 1 0 0 0 0 0 0 1
0 1 1 1 0 0 1 1 0 0 1 1 0 0 0 1 1 0 1 0 0 0 0 1 0 0 0 0 0 1 1 0 0 1 0 1 0 1 0 1 1 1 0 1 1 0 1 0 0 0 0 0 0 1 1 1 1 0 0 1 0 1 1 0 1 1 0 0 0 0 1 1 1 1 1 1 0 1 0 0 1 0 0 0 1 0 1 0 1 0 1 1 0 0 1 1 1 1 1 0 1 1 1 1 0 1 0 1
1 1 1 0 0 1 0 1 1 0 1 1 0 0 0 0 1 1 1 1 1 1 0 1 0 0 1 0 0 0 1 0 1 0 1 0 1 1 0 0 1 1 1 1 1 0 1 1 1 1 0 1 0 0 1 1 1 0 0 1 1 0 0 1 1 0 0 0 1 1 0 1 0 0 0 0 1 0 0 0 0 0 1 1 0 0 1 0 1 0 1 0 1 1 1 0 1 1 0 1 0 0 0 0 0 0 1 1
1 1 1 0 0 1 1 0 0 1 1 0 0 0 1 1 0 1 0 0 0 0 1 0 0 0 0 0 1 1 0 0 1 0 1 0 1 0 1 1 1 0 1 1 0 1 0 0 0 0 0 0 1 1 1 1 0 0 1 0 1 1 0 1 1 0 0 0 0 1 1 1 1 1 1 0 1 0 0 1 0 0 0 1 0 1 0 1 0 1 1 0 0 1 1 1 1 1 0 1 1 1 1 0 1 0 0 1
1 1 0 0 1 0 1 1 0 1 1 0 0 0 0 1 1 1 1 1 1 0 1 0 0 1 0 0 0 1 0 1 0 1 0 1 1 0 0 1 1 1 1 1 0 1 1 1 1 0 1 0 0 1 1 1 0 0 1 1 0 0 1 1 0 0 0 1 1 0 1 0 0 0 0 1 0 0 0 0 0 1 1 0 0 1 0 1 0 1 0 1 1 1 0 1 1 0 1 0 0 0 0 0 0 1 1 1
1 1 0 0 1 1 0 0 1 1 0 0 0 1 1 0 1 0 0 0 0 1 0 0 0 0 0 1 1 0 0 1 0 1 0 1 0 1 1 1 0 1 1 0 1 0 0 0 0 0 0 1 1 1 1 0 0 1 0 1 1 0 1 1 0 0 0 0 1 1 1 1 1 1 0 1 0 0 1 0 0 0 1 0 1 0 1 0 1 1 0 0 1 1 1 1 1 0 1 1 1 1 0 1 0 0 1 1
1 0 0 1 0 1 1 0 1 1 0 0 0 0 1 1 1 1 1 1 0 1 0 0 1 0 0 0 1 0 1 0 1 0 1 1 0 0 1 1 1 1 1 0 1 1 1 1 0 1 0 0 1 1 1 0 0 1 1 0 0 1 1 0 0 0 1 1 0 1 0 0 0 0 1 0 0 0 0 0 1 1 0 0 1 0 1 0 1 0 1 1 1 0 1 1 0 1 0 0 0 0 0 0 1 1 1 1
1 0 0 1 1 0 0 1 1 0 0 0 1 1 0 1 0 0 0 0 1 0 0 0 0 0 1 1 0 0 1 0 1 0 1 0 1 1 1 0 1 1 0 1 0 0 0 0 0 0 1 1 1 1 0 0 1 0 1 1 0 1 1 0 0 0 0 1 1 1 1 1 1 0 1 0 0 1 0 0 0 1 0 1 0 1 0 1 1 0 0 1 1 1 1 1 0 1 1 1 1 0 1 0 0 1 1 1
0 0 1 0 1 1 0 1 1 0 0 0 0 1 1 1 1 1 1 0 1 0 0 1 0 0 0 1 0 1 0 1 0 1 1 0 0 1 1 1 1 1 0 1 1 1 1 0 1 0 0 1 1 1 0 0 1 1 0 0 1 1 0 0 0 1 1 0 1 0 0 0 0 1 0 0 0 0 0 1 1 0 0 1 0 1 0 1 0 1 1 1 0 1 1 0 1 0 0 0 0 0 0 1 1 1 1 1
0 0 1 1 0 0 1 1 0 0 0 1 1 0 1 0 0 0 0 1 0 0 0 0 0 1 1 0 0 1 0 1 0 1 0 1 1 1 0 1 1 0 1 0 0 0 0 0 0 1 1 1 1 0 0 1 0 1 1 0 1 1 0 0 0 0 1 1 1 1 1 1 0 1 0 0 1 0 0 0 1 0 1 0 1 0 1 1 0 0 1 1 1 1 1 0 1 1 1 1 0 1 0 0 1 1 1 1
0 1 0 1 1 0 1 1 0 0 0 0 1 1 1 1 1 1 0 1 0 0 1 0 0 0 1 0 1 0 1 0 1 1 0 0 1 1 1 1 1 0 1 1 1 1 0 1 0 0 1 1 1 0 0 1 1 0 0 1 1 0 0 0 1 1 0 1 0 0 0 0 1 0 0 0 0 0 1 1 0 0 1 0 1 0 1 0 1 1 1 0 1 1 0 1 0 0 0 0 0 0 1 1 1 1 0 1
0 1 1 0 0 1 1 0 0 0 1 1 0 1 0 0 0 0 1 0 0 0 0 0 1 1 0 0 1 0 1 0 1 0 1 1 1 0 1 1 0 1 0 0 0 0 0 0 1 1 1 1 0 0 1 0 1 1 0 1 1 0 0 0 0 1 1 1 1 1 1 0 1 0 0 1 0 0 0 1 0 1 0 1 0 1 1 0 0 1 1 1 1 1 0 1 1 1 1 0 1 0 0 1 1 1 0 1
1 0 1 1 0 1 1 0 0 0 0 1 1 1 1 1 1 0 1 0 0 1 0 0 0 1 0 1 0 1 0 1 1 0 0 1 1 1 1 1 0 1 1 1 1 0 1 0 0 1 1 1 0 0 1 1 0 0 1 1 0 0 0 1 1 0 1 0 0 0 0 1 0 0 0 0 0 1 1 0 0 1 0 1 0 1 0 1 1 1 0 1 1 0 1 0 0 0 0 0 0 1 1 1 1 0 0 1
1 1 0 0 1 1 0 0 0 1 1 0 1 0 0 0 0 1 0 0 0 0 0 1 1 0 0 1 0 1 0 1 0 1 1 1 0 1 1 0 1 0 0 0 0 0 0 1 1 1 1 0 0 1 0 1 1 0 1 1 0 0 0 0 1 1 1 1 1 1 0 1 0 0 1 0 0 0 1 0 1 0 1 0 1 1 0 0 1 1 1 1 1 0 1 1 1 1 0 1 0 0 1 1 1 0 0 1
0 1 1 0 1 1 0 0 0 0 1 1 1 1 1 1 0 1 0 0 1 0 0 0 1 0 1 0 1 0 1 1 0 0 1 1 1 1 1 0 1 1 1 1 0 1 0 0 1 1 1 0 0 1 1 0 0 1 1 0 0 0 1 1 0 1 0 0 0 0 1 0 0 0 0 0 1 1 0 0 1 0 1 0 1 0 1 1 1 0 1 1 0 1 0 0 0 0 0 0 1 1 1 1 0 0 1 1
1 0 0 1 1 0 0 0 1 1 0 1 0 0 0 0 1 0 0 0 0 0 1 1 0 0 1 0 1 0 1 0 1 1 1 0 1 1 0 1 0 0 0 0 0 0 1 1 1 1 0 0 1 0 1 1 0 1 1 0 0 0 0 1 1 1 1 1 1 0 1 0 0 1 0 0 0 1 0 1 0 1 0 1 1 0 0 1 1 1 1 1 0 1 1 1 1 0 1 0 0 1 1 1 0 0 1 1
