C Covering array with N=204 k=102 v=2^102 t=5
C 
202 102 2^102 5
1 0 1 1 0 0 0 1 1 0 1 1 1 0 0 1 0 0 1 0 0 0 0 0 0 0 1 1 1 1 0 0 1 0 1 1 0 0 1 1 1 1 1 0 1 0 1 0 1 0 1 1 0 1 0 1 0 1 0 1 1 1 1 1 0 0 1 1 0 1 0 0 1 1 1 1 0 0 0 0 0 0 0 1 0 0 1 0 0 1 1 1 0 1 1 0 0 0 1 1 0 0
0 1 1 0 0 0 1 1 0 1 1 1 0 0 1 0 0 1 0 0 0 0 0 0 0 1 1 1 1 0 0 1 0 1 1 0 0 1 1 1 1 1 0 1 0 1 0 1 0 1 1 0 1 0 1 0 1 0 1 1 1 1 1 0 0 1 1 0 1 0 0 1 1 1 1 0 0 0 0 0 0 0 1 0 0 1 0 0 1 1 1 0 1 1 0 0 0 1 1 0 1 0
1 1 0 0 0 1 1 0 1 1 1 0 0 1 0 0 1 0 0 0 0 0 0 0 1 1 1 1 0 0 1 0 1 1 0 0 1 1 1 1 1 0 1 0 1 0 1 0 1 1 0 1 0 1 0 1 0 1 1 1 1 1 0 0 1 1 0 1 0 0 1 1 1 1 0 0 0 0 0 0 0 1 0 0 1 0 0 1 1 1 0 1 1 0 0 0 1 1 0 1 0 0
1 0 0 0 1 1 0 1 1 1 0 0 1 0 0 1 0 0 0 0 0 0 0 1 1 1 1 0 0 1 0 1 1 0 0 1 1 1 1 1 0 1 0 1 0 1 0 1 1 0 1 0 1 0 1 0 1 1 1 1 1 0 0 1 1 0 1 0 0 1 1 1 1 0 0 0 0 0 0 0 1 0 0 1 0 0 1 1 1 0 1 1 0 0 0 1 1 0 1 0 1 0
0 0 0 1 1 0 1 1 1 0 0 1 0 0 1 0 0 0 0 0 0 0 1 1 1 1 0 0 1 0 1 1 0 0 1 1 1 1 1 0 1 0 1 0 1 0 1 1 0 1 0 1 0 1 0 1 1 1 1 1 0 0 1 1 0 1 0 0 1 1 1 1 0 0 0 0 0 0 0 1 0 0 1 0 0 1 1 1 0 1 1 0 0 0 1 1 0 1 0 1 1 0
0 0 1 1 0 1 1 1 0 0 1 0 0 1 0 0 0 0 0 0 0 1 1 1 1 0 0 1 0 1 1 0 0 1 1 1 1 1 0 1 0 1 0 1 0 1 1 0 1 0 1 0 1 0 1 1 1 1 1 0 0 1 1 0 1 0 0 1 1 1 1 0 0 0 0 0 0 0 1 0 0 1 0 0 1 1 1 0 1 1 0 0 0 1 1 0 1 0 1 1 0 0
0 1 1 0 1 1 1 0 0 1 0 0 1 0 0 0 0 0 0 0 1 1 1 1 0 0 1 0 1 1 0 0 1 1 1 1 1 0 1 0 1 0 1 0 1 1 0 1 0 1 0 1 0 1 1 1 1 1 0 0 1 1 0 1 0 0 1 1 1 1 0 0 0 0 0 0 0 1 0 0 1 0 0 1 1 1 0 1 1 0 0 0 1 1 0 1 0 1 1 0 0 0
1 1 0 1 1 1 0 0 1 0 0 1 0 0 0 0 0 0 0 1 1 1 1 0 0 1 0 1 1 0 0 1 1 1 1 1 0 1 0 1 0 1 0 1 1 0 1 0 1 0 1 0 1 1 1 1 1 0 0 1 1 0 1 0 0 1 1 1 1 0 0 0 0 0 0 0 1 0 0 1 0 0 1 1 1 0 1 1 0 0 0 1 1 0 1 0 1 1 0 0 0 0
1 0 1 1 1 0 0 1 0 0 1 0 0 0 0 0 0 0 1 1 1 1 0 0 1 0 1 1 0 0 1 1 1 1 1 0 1 0 1 0 1 0 1 1 0 1 0 1 0 1 0 1 1 1 1 1 0 0 1 1 0 1 0 0 1 1 1 1 0 0 0 0 0 0 0 1 0 0 1 0 0 1 1 1 0 1 1 0 0 0 1 1 0 1 0 1 1 0 0 0 1 0
0 1 1 1 0 0 1 0 0 1 0 0 0 0 0 0 0 1 1 1 1 0 0 1 0 1 1 0 0 1 1 1 1 1 0 1 0 1 0 1 0 1 1 0 1 0 1 0 1 0 1 1 1 1 1 0 0 1 1 0 1 0 0 1 1 1 1 0 0 0 0 0 0 0 1 0 0 1 0 0 1 1 1 0 1 1 0 0 0 1 1 0 1 0 1 1 0 0 0 1 1 0
1 1 1 0 0 1 0 0 1 0 0 0 0 0 0 0 1 1 1 1 0 0 1 0 1 1 0 0 1 1 1 1 1 0 1 0 1 0 1 0 1 1 0 1 0 1 0 1 0 1 1 1 1 1 0 0 1 1 0 1 0 0 1 1 1 1 0 0 0 0 0 0 0 1 0 0 1 0 0 1 1 1 0 1 1 0 0 0 1 1 0 1 0 1 1 0 0 0 1 1 0 0
1 1 0 0 1 0 0 1 0 0 0 0 0 0 0 1 1 1 1 0 0 1 0 1 1 0 0 1 1 1 1 1 0 1 0 1 0 1 0 1 1 0 1 0 1 0 1 0 1 1 1 1 1 0 0 1 1 0 1 0 0 1 1 1 1 0 0 0 0 0 0 0 1 0 0 1 0 0 1 1 1 0 1 1 0 0 0 1 1 0 1 0 1 1 0 0 0 1 1 0 1 0
1 0 0 1 0 0 1 0 0 0 0 0 0 0 1 1 1 1 0 0 1 0 1 1 0 0 1 1 1 1 1 0 1 0 1 0 1 0 1 1 0 1 0 1 0 1 0 1 1 1 1 1 0 0 1 1 0 1 0 0 1 1 1 1 0 0 0 0 0 0 0 1 0 0 1 0 0 1 1 1 0 1 1 0 0 0 1 1 0 1 0 1 1 0 0 0 1 1 0 1 1 0
0 0 1 0 0 1 0 0 0 0 0 0 0 1 1 1 1 0 0 1 0 1 1 0 0 1 1 1 1 1 0 1 0 1 0 1 0 1 1 0 1 0 1 0 1 0 1 1 1 1 1 0 0 1 1 0 1 0 0 1 1 1 1 0 0 0 0 0 0 0 1 0 0 1 0 0 1 1 1 0 1 1 0 0 0 1 1 0 1 0 1 1 0 0 0 1 1 0 1 1 1 0
0 1 0 0 1 0 0 0 0 0 0 0 1 1 1 1 0 0 1 0 1 1 0 0 1 1 1 1 1 0 1 0 1 0 1 0 1 1 0 1 0 1 0 1 0 1 1 1 1 1 0 0 1 1 0 1 0 0 1 1 1 1 0 0 0 0 0 0 0 1 0 0 1 0 0 1 1 1 0 1 1 0 0 0 1 1 0 1 0 1 1 0 0 0 1 1 0 1 1 1 0 0
1 0 0 1 0 0 0 0 0 0 0 1 1 1 1 0 0 1 0 1 1 0 0 1 1 1 1 1 0 1 0 1 0 1 0 1 1 0 1 0 1 0 1 0 1 1 1 1 1 0 0 1 1 0 1 0 0 1 1 1 1 0 0 0 0 0 0 0 1 0 0 1 0 0 1 1 1 0 1 1 0 0 0 1 1 0 1 0 1 1 0 0 0 1 1 0 1 1 1 0 0 0
0 0 1 0 0 0 0 0 0 0 1 1 1 1 0 0 1 0 1 1 0 0 1 1 1 1 1 0 1 0 1 0 1 0 1 1 0 1 0 1 0 1 0 1 1 1 1 1 0 0 1 1 0 1 0 0 1 1 1 1 0 0 0 0 0 0 0 1 0 0 1 0 0 1 1 1 0 1 1 0 0 0 1 1 0 1 0 1 1 0 0 0 1 1 0 1 1 1 0 0 1 0
0 1 0 0 0 0 0 0 0 1 1 1 1 0 0 1 0 1 1 0 0 1 1 1 1 1 0 1 0 1 0 1 0 1 1 0 1 0 1 0 1 0 1 1 1 1 1 0 0 1 1 0 1 0 0 1 1 1 1 0 0 0 0 0 0 0 1 0 0 1 0 0 1 1 1 0 1 1 0 0 0 1 1 0 1 0 1 1 0 0 0 1 1 0 1 1 1 0 0 1 0 0
1 0 0 0 0 0 0 0 1 1 1 1 0 0 1 0 1 1 0 0 1 1 1 1 1 0 1 0 1 0 1 0 1 1 0 1 0 1 0 1 0 1 1 1 1 1 0 0 1 1 0 1 0 0 1 1 1 1 0 0 0 0 0 0 0 1 0 0 1 0 0 1 1 1 0 1 1 0 0 0 1 1 0 1 0 1 1 0 0 0 1 1 0 1 1 1 0 0 1 0 0 0
0 0 0 0 0 0 0 1 1 1 1 0 0 1 0 1 1 0 0 1 1 1 1 1 0 1 0 1 0 1 0 1 1 0 1 0 1 0 1 0 1 1 1 1 1 0 0 1 1 0 1 0 0 1 1 1 1 0 0 0 0 0 0 0 1 0 0 1 0 0 1 1 1 0 1 1 0 0 0 1 1 0 1 0 1 1 0 0 0 1 1 0 1 1 1 0 0 1 0 0 1 0
0 0 0 0 0 0 1 1 1 1 0 0 1 0 1 1 0 0 1 1 1 1 1 0 1 0 1 0 1 0 1 1 0 1 0 1 0 1 0 1 1 1 1 1 0 0 1 1 0 1 0 0 1 1 1 1 0 0 0 0 0 0 0 1 0 0 1 0 0 1 1 1 0 1 1 0 0 0 1 1 0 1 0 1 1 0 0 0 1 1 0 1 1 1 0 0 1 0 0 1 0 0
0 0 0 0 0 1 1 1 1 0 0 1 0 1 1 0 0 1 1 1 1 1 0 1 0 1 0 1 0 1 1 0 1 0 1 0 1 0 1 1 1 1 1 0 0 1 1 0 1 0 0 1 1 1 1 0 0 0 0 0 0 0 1 0 0 1 0 0 1 1 1 0 1 1 0 0 0 1 1 0 1 0 1 1 0 0 0 1 1 0 1 1 1 0 0 1 0 0 1 0 0 0
0 0 0 0 1 1 1 1 0 0 1 0 1 1 0 0 1 1 1 1 1 0 1 0 1 0 1 0 1 1 0 1 0 1 0 1 0 1 1 1 1 1 0 0 1 1 0 1 0 0 1 1 1 1 0 0 0 0 0 0 0 1 0 0 1 0 0 1 1 1 0 1 1 0 0 0 1 1 0 1 0 1 1 0 0 0 1 1 0 1 1 1 0 0 1 0 0 1 0 0 0 0
0 0 0 1 1 1 1 0 0 1 0 1 1 0 0 1 1 1 1 1 0 1 0 1 0 1 0 1 1 0 1 0 1 0 1 0 1 1 1 1 1 0 0 1 1 0 1 0 0 1 1 1 1 0 0 0 0 0 0 0 1 0 0 1 0 0 1 1 1 0 1 1 0 0 0 1 1 0 1 0 1 1 0 0 0 1 1 0 1 1 1 0 0 1 0 0 1 0 0 0 0 0
0 0 1 1 1 1 0 0 1 0 1 1 0 0 1 1 1 1 1 0 1 0 1 0 1 0 1 1 0 1 0 1 0 1 0 1 1 1 1 1 0 0 1 1 0 1 0 0 1 1 1 1 0 0 0 0 0 0 0 1 0 0 1 0 0 1 1 1 0 1 1 0 0 0 1 1 0 1 0 1 1 0 0 0 1 1 0 1 1 1 0 0 1 0 0 1 0 0 0 0 0 0
0 1 1 1 1 0 0 1 0 1 1 0 0 1 1 1 1 1 0 1 0 1 0 1 0 1 1 0 1 0 1 0 1 0 1 1 1 1 1 0 0 1 1 0 1 0 0 1 1 1 1 0 0 0 0 0 0 0 1 0 0 1 0 0 1 1 1 0 1 1 0 0 0 1 1 0 1 0 1 1 0 0 0 1 1 0 1 1 1 0 0 1 0 0 1 0 0 0 0 0 0 0
1 1 1 1 0 0 1 0 1 1 0 0 1 1 1 1 1 0 1 0 1 0 1 0 1 1 0 1 0 1 0 1 0 1 1 1 1 1 0 0 1 1 0 1 0 0 1 1 1 1 0 0 0 0 0 0 0 1 0 0 1 0 0 1 1 1 0 1 1 0 0 0 1 1 0 1 0 1 1 0 0 0 1 1 0 1 1 1 0 0 1 0 0 1 0 0 0 0 0 0 0 0
1 1 1 0 0 1 0 1 1 0 0 1 1 1 1 1 0 1 0 1 0 1 0 1 1 0 1 0 1 0 1 0 1 1 1 1 1 0 0 1 1 0 1 0 0 1 1 1 1 0 0 0 0 0 0 0 1 0 0 1 0 0 1 1 1 0 1 1 0 0 0 1 1 0 1 0 1 1 0 0 0 1 1 0 1 1 1 0 0 1 0 0 1 0 0 0 0 0 0 0 1 0
1 1 0 0 1 0 1 1 0 0 1 1 1 1 1 0 1 0 1 0 1 0 1 1 0 1 0 1 0 1 0 1 1 1 1 1 0 0 1 1 0 1 0 0 1 1 1 1 0 0 0 0 0 0 0 1 0 0 1 0 0 1 1 1 0 1 1 0 0 0 1 1 0 1 0 1 1 0 0 0 1 1 0 1 1 1 0 0 1 0 0 1 0 0 0 0 0 0 0 1 1 0
1 0 0 1 0 1 1 0 0 1 1 1 1 1 0 1 0 1 0 1 0 1 1 0 1 0 1 0 1 0 1 1 1 1 1 0 0 1 1 0 1 0 0 1 1 1 1 0 0 0 0 0 0 0 1 0 0 1 0 0 1 1 1 0 1 1 0 0 0 1 1 0 1 0 1 1 0 0 0 1 1 0 1 1 1 0 0 1 0 0 1 0 0 0 0 0 0 0 1 1 1 0
0 0 1 0 1 1 0 0 1 1 1 1 1 0 1 0 1 0 1 0 1 1 0 1 0 1 0 1 0 1 1 1 1 1 0 0 1 1 0 1 0 0 1 1 1 1 0 0 0 0 0 0 0 1 0 0 1 0 0 1 1 1 0 1 1 0 0 0 1 1 0 1 0 1 1 0 0 0 1 1 0 1 1 1 0 0 1 0 0 1 0 0 0 0 0 0 0 1 1 1 1 0
0 1 0 1 1 0 0 1 1 1 1 1 0 1 0 1 0 1 0 1 1 0 1 0 1 0 1 0 1 1 1 1 1 0 0 1 1 0 1 0 0 1 1 1 1 0 0 0 0 0 0 0 1 0 0 1 0 0 1 1 1 0 1 1 0 0 0 1 1 0 1 0 1 1 0 0 0 1 1 0 1 1 1 0 0 1 0 0 1 0 0 0 0 0 0 0 1 1 1 1 0 0
1 0 1 1 0 0 1 1 1 1 1 0 1 0 1 0 1 0 1 1 0 1 0 1 0 1 0 1 1 1 1 1 0 0 1 1 0 1 0 0 1 1 1 1 0 0 0 0 0 0 0 1 0 0 1 0 0 1 1 1 0 1 1 0 0 0 1 1 0 1 0 1 1 0 0 0 1 1 0 1 1 1 0 0 1 0 0 1 0 0 0 0 0 0 0 1 1 1 1 0 0 0
0 1 1 0 0 1 1 1 1 1 0 1 0 1 0 1 0 1 1 0 1 0 1 0 1 0 1 1 1 1 1 0 0 1 1 0 1 0 0 1 1 1 1 0 0 0 0 0 0 0 1 0 0 1 0 0 1 1 1 0 1 1 0 0 0 1 1 0 1 0 1 1 0 0 0 1 1 0 1 1 1 0 0 1 0 0 1 0 0 0 0 0 0 0 1 1 1 1 0 0 1 0
1 1 0 0 1 1 1 1 1 0 1 0 1 0 1 0 1 1 0 1 0 1 0 1 0 1 1 1 1 1 0 0 1 1 0 1 0 0 1 1 1 1 0 0 0 0 0 0 0 1 0 0 1 0 0 1 1 1 0 1 1 0 0 0 1 1 0 1 0 1 1 0 0 0 1 1 0 1 1 1 0 0 1 0 0 1 0 0 0 0 0 0 0 1 1 1 1 0 0 1 0 0
1 0 0 1 1 1 1 1 0 1 0 1 0 1 0 1 1 0 1 0 1 0 1 0 1 1 1 1 1 0 0 1 1 0 1 0 0 1 1 1 1 0 0 0 0 0 0 0 1 0 0 1 0 0 1 1 1 0 1 1 0 0 0 1 1 0 1 0 1 1 0 0 0 1 1 0 1 1 1 0 0 1 0 0 1 0 0 0 0 0 0 0 1 1 1 1 0 0 1 0 1 0
0 0 1 1 1 1 1 0 1 0 1 0 1 0 1 1 0 1 0 1 0 1 0 1 1 1 1 1 0 0 1 1 0 1 0 0 1 1 1 1 0 0 0 0 0 0 0 1 0 0 1 0 0 1 1 1 0 1 1 0 0 0 1 1 0 1 0 1 1 0 0 0 1 1 0 1 1 1 0 0 1 0 0 1 0 0 0 0 0 0 0 1 1 1 1 0 0 1 0 1 1 0
0 1 1 1 1 1 0 1 0 1 0 1 0 1 1 0 1 0 1 0 1 0 1 1 1 1 1 0 0 1 1 0 1 0 0 1 1 1 1 0 0 0 0 0 0 0 1 0 0 1 0 0 1 1 1 0 1 1 0 0 0 1 1 0 1 0 1 1 0 0 0 1 1 0 1 1 1 0 0 1 0 0 1 0 0 0 0 0 0 0 1 1 1 1 0 0 1 0 1 1 0 0
1 1 1 1 1 0 1 0 1 0 1 0 1 1 0 1 0 1 0 1 0 1 1 1 1 1 0 0 1 1 0 1 0 0 1 1 1 1 0 0 0 0 0 0 0 1 0 0 1 0 0 1 1 1 0 1 1 0 0 0 1 1 0 1 0 1 1 0 0 0 1 1 0 1 1 1 0 0 1 0 0 1 0 0 0 0 0 0 0 1 1 1 1 0 0 1 0 1 1 0 0 0
1 1 1 1 0 1 0 1 0 1 0 1 1 0 1 0 1 0 1 0 1 1 1 1 1 0 0 1 1 0 1 0 0 1 1 1 1 0 0 0 0 0 0 0 1 0 0 1 0 0 1 1 1 0 1 1 0 0 0 1 1 0 1 0 1 1 0 0 0 1 1 0 1 1 1 0 0 1 0 0 1 0 0 0 0 0 0 0 1 1 1 1 0 0 1 0 1 1 0 0 1 0
1 1 1 0 1 0 1 0 1 0 1 1 0 1 0 1 0 1 0 1 1 1 1 1 0 0 1 1 0 1 0 0 1 1 1 1 0 0 0 0 0 0 0 1 0 0 1 0 0 1 1 1 0 1 1 0 0 0 1 1 0 1 0 1 1 0 0 0 1 1 0 1 1 1 0 0 1 0 0 1 0 0 0 0 0 0 0 1 1 1 1 0 0 1 0 1 1 0 0 1 1 0
1 1 0 1 0 1 0 1 0 1 1 0 1 0 1 0 1 0 1 1 1 1 1 0 0 1 1 0 1 0 0 1 1 1 1 0 0 0 0 0 0 0 1 0 0 1 0 0 1 1 1 0 1 1 0 0 0 1 1 0 1 0 1 1 0 0 0 1 1 0 1 1 1 0 0 1 0 0 1 0 0 0 0 0 0 0 1 1 1 1 0 0 1 0 1 1 0 0 1 1 1 0
1 0 1 0 1 0 1 0 1 1 0 1 0 1 0 1 0 1 1 1 1 1 0 0 1 1 0 1 0 0 1 1 1 1 0 0 0 0 0 0 0 1 0 0 1 0 0 1 1 1 0 1 1 0 0 0 1 1 0 1 0 1 1 0 0 0 1 1 0 1 1 1 0 0 1 0 0 1 0 0 0 0 0 0 0 1 1 1 1 0 0 1 0 1 1 0 0 1 1 1 1 0
0 1 0 1 0 1 0 1 1 0 1 0 1 0 1 0 1 1 1 1 1 0 0 1 1 0 1 0 0 1 1 1 1 0 0 0 0 0 0 0 1 0 0 1 0 0 1 1 1 0 1 1 0 0 0 1 1 0 1 0 1 1 0 0 0 1 1 0 1 1 1 0 0 1 0 0 1 0 0 0 0 0 0 0 1 1 1 1 0 0 1 0 1 1 0 0 1 1 1 1 1 0
1 0 1 0 1 0 1 1 0 1 0 1 0 1 0 1 1 1 1 1 0 0 1 1 0 1 0 0 1 1 1 1 0 0 0 0 0 0 0 1 0 0 1 0 0 1 1 1 0 1 1 0 0 0 1 1 0 1 0 1 1 0 0 0 1 1 0 1 1 1 0 0 1 0 0 1 0 0 0 0 0 0 0 1 1 1 1 0 0 1 0 1 1 0 0 1 1 1 1 1 0 0
0 1 0 1 0 1 1 0 1 0 1 0 1 0 1 1 1 1 1 0 0 1 1 0 1 0 0 1 1 1 1 0 0 0 0 0 0 0 1 0 0 1 0 0 1 1 1 0 1 1 0 0 0 1 1 0 1 0 1 1 0 0 0 1 1 0 1 1 1 0 0 1 0 0 1 0 0 0 0 0 0 0 1 1 1 1 0 0 1 0 1 1 0 0 1 1 1 1 1 0 1 0
1 0 1 0 1 1 0 1 0 1 0 1 0 1 1 1 1 1 0 0 1 1 0 1 0 0 1 1 1 1 0 0 0 0 0 0 0 1 0 0 1 0 0 1 1 1 0 1 1 0 0 0 1 1 0 1 0 1 1 0 0 0 1 1 0 1 1 1 0 0 1 0 0 1 0 0 0 0 0 0 0 1 1 1 1 0 0 1 0 1 1 0 0 1 1 1 1 1 0 1 0 0
0 1 0 1 1 0 1 0 1 0 1 0 1 1 1 1 1 0 0 1 1 0 1 0 0 1 1 1 1 0 0 0 0 0 0 0 1 0 0 1 0 0 1 1 1 0 1 1 0 0 0 1 1 0 1 0 1 1 0 0 0 1 1 0 1 1 1 0 0 1 0 0 1 0 0 0 0 0 0 0 1 1 1 1 0 0 1 0 1 1 0 0 1 1 1 1 1 0 1 0 1 0
1 0 1 1 0 1 0 1 0 1 0 1 1 1 1 1 0 0 1 1 0 1 0 0 1 1 1 1 0 0 0 0 0 0 0 1 0 0 1 0 0 1 1 1 0 1 1 0 0 0 1 1 0 1 0 1 1 0 0 0 1 1 0 1 1 1 0 0 1 0 0 1 0 0 0 0 0 0 0 1 1 1 1 0 0 1 0 1 1 0 0 1 1 1 1 1 0 1 0 1 0 0
0 1 1 0 1 0 1 0 1 0 1 1 1 1 1 0 0 1 1 0 1 0 0 1 1 1 1 0 0 0 0 0 0 0 1 0 0 1 0 0 1 1 1 0 1 1 0 0 0 1 1 0 1 0 1 1 0 0 0 1 1 0 1 1 1 0 0 1 0 0 1 0 0 0 0 0 0 0 1 1 1 1 0 0 1 0 1 1 0 0 1 1 1 1 1 0 1 0 1 0 1 0
1 1 0 1 0 1 0 1 0 1 1 1 1 1 0 0 1 1 0 1 0 0 1 1 1 1 0 0 0 0 0 0 0 1 0 0 1 0 0 1 1 1 0 1 1 0 0 0 1 1 0 1 0 1 1 0 0 0 1 1 0 1 1 1 0 0 1 0 0 1 0 0 0 0 0 0 0 1 1 1 1 0 0 1 0 1 1 0 0 1 1 1 1 1 0 1 0 1 0 1 0 0
1 0 1 0 1 0 1 0 1 1 1 1 1 0 0 1 1 0 1 0 0 1 1 1 1 0 0 0 0 0 0 0 1 0 0 1 0 0 1 1 1 0 1 1 0 0 0 1 1 0 1 0 1 1 0 0 0 1 1 0 1 1 1 0 0 1 0 0 1 0 0 0 0 0 0 0 1 1 1 1 0 0 1 0 1 1 0 0 1 1 1 1 1 0 1 0 1 0 1 0 1 0
0 1 0 1 0 1 0 1 1 1 1 1 0 0 1 1 0 1 0 0 1 1 1 1 0 0 0 0 0 0 0 1 0 0 1 0 0 1 1 1 0 1 1 0 0 0 1 1 0 1 0 1 1 0 0 0 1 1 0 1 1 1 0 0 1 0 0 1 0 0 0 0 0 0 0 1 1 1 1 0 0 1 0 1 1 0 0 1 1 1 1 1 0 1 0 1 0 1 0 1 1 0
1 0 1 0 1 0 1 1 1 1 1 0 0 1 1 0 1 0 0 1 1 1 1 0 0 0 0 0 0 0 1 0 0 1 0 0 1 1 1 0 1 1 0 0 0 1 1 0 1 0 1 1 0 0 0 1 1 0 1 1 1 0 0 1 0 0 1 0 0 0 0 0 0 0 1 1 1 1 0 0 1 0 1 1 0 0 1 1 1 1 1 0 1 0 1 0 1 0 1 1 0 0
0 1 0 1 0 1 1 1 1 1 0 0 1 1 0 1 0 0 1 1 1 1 0 0 0 0 0 0 0 1 0 0 1 0 0 1 1 1 0 1 1 0 0 0 1 1 0 1 0 1 1 0 0 0 1 1 0 1 1 1 0 0 1 0 0 1 0 0 0 0 0 0 0 1 1 1 1 0 0 1 0 1 1 0 0 1 1 1 1 1 0 1 0 1 0 1 0 1 1 0 1 0
1 0 1 0 1 1 1 1 1 0 0 1 1 0 1 0 0 1 1 1 1 0 0 0 0 0 0 0 1 0 0 1 0 0 1 1 1 0 1 1 0 0 0 1 1 0 1 0 1 1 0 0 0 1 1 0 1 1 1 0 0 1 0 0 1 0 0 0 0 0 0 0 1 1 1 1 0 0 1 0 1 1 0 0 1 1 1 1 1 0 1 0 1 0 1 0 1 1 0 1 0 0
0 1 0 1 1 1 1 1 0 0 1 1 0 1 0 0 1 1 1 1 0 0 0 0 0 0 0 1 0 0 1 0 0 1 1 1 0 1 1 0 0 0 1 1 0 1 0 1 1 0 0 0 1 1 0 1 1 1 0 0 1 0 0 1 0 0 0 0 0 0 0 1 1 1 1 0 0 1 0 1 1 0 0 1 1 1 1 1 0 1 0 1 0 1 0 1 1 0 1 0 1 0
1 0 1 1 1 1 1 0 0 1 1 0 1 0 0 1 1 1 1 0 0 0 0 0 0 0 1 0 0 1 0 0 1 1 1 0 1 1 0 0 0 1 1 0 1 0 1 1 0 0 0 1 1 0 1 1 1 0 0 1 0 0 1 0 0 0 0 0 0 0 1 1 1 1 0 0 1 0 1 1 0 0 1 1 1 1 1 0 1 0 1 0 1 0 1 1 0 1 0 1 0 0
0 1 1 1 1 1 0 0 1 1 0 1 0 0 1 1 1 1 0 0 0 0 0 0 0 1 0 0 1 0 0 1 1 1 0 1 1 0 0 0 1 1 0 1 0 1 1 0 0 0 1 1 0 1 1 1 0 0 1 0 0 1 0 0 0 0 0 0 0 1 1 1 1 0 0 1 0 1 1 0 0 1 1 1 1 1 0 1 0 1 0 1 0 1 1 0 1 0 1 0 1 0
1 1 1 1 1 0 0 1 1 0 1 0 0 1 1 1 1 0 0 0 0 0 0 0 1 0 0 1 0 0 1 1 1 0 1 1 0 0 0 1 1 0 1 0 1 1 0 0 0 1 1 0 1 1 1 0 0 1 0 0 1 0 0 0 0 0 0 0 1 1 1 1 0 0 1 0 1 1 0 0 1 1 1 1 1 0 1 0 1 0 1 0 1 1 0 1 0 1 0 1 0 0
1 1 1 1 0 0 1 1 0 1 0 0 1 1 1 1 0 0 0 0 0 0 0 1 0 0 1 0 0 1 1 1 0 1 1 0 0 0 1 1 0 1 0 1 1 0 0 0 1 1 0 1 1 1 0 0 1 0 0 1 0 0 0 0 0 0 0 1 1 1 1 0 0 1 0 1 1 0 0 1 1 1 1 1 0 1 0 1 0 1 0 1 1 0 1 0 1 0 1 0 1 0
1 1 1 0 0 1 1 0 1 0 0 1 1 1 1 0 0 0 0 0 0 0 1 0 0 1 0 0 1 1 1 0 1 1 0 0 0 1 1 0 1 0 1 1 0 0 0 1 1 0 1 1 1 0 0 1 0 0 1 0 0 0 0 0 0 0 1 1 1 1 0 0 1 0 1 1 0 0 1 1 1 1 1 0 1 0 1 0 1 0 1 1 0 1 0 1 0 1 0 1 1 0
1 1 0 0 1 1 0 1 0 0 1 1 1 1 0 0 0 0 0 0 0 1 0 0 1 0 0 1 1 1 0 1 1 0 0 0 1 1 0 1 0 1 1 0 0 0 1 1 0 1 1 1 0 0 1 0 0 1 0 0 0 0 0 0 0 1 1 1 1 0 0 1 0 1 1 0 0 1 1 1 1 1 0 1 0 1 0 1 0 1 1 0 1 0 1 0 1 0 1 1 1 0
1 0 0 1 1 0 1 0 0 1 1 1 1 0 0 0 0 0 0 0 1 0 0 1 0 0 1 1 1 0 1 1 0 0 0 1 1 0 1 0 1 1 0 0 0 1 1 0 1 1 1 0 0 1 0 0 1 0 0 0 0 0 0 0 1 1 1 1 0 0 1 0 1 1 0 0 1 1 1 1 1 0 1 0 1 0 1 0 1 1 0 1 0 1 0 1 0 1 1 1 1 0
0 0 1 1 0 1 0 0 1 1 1 1 0 0 0 0 0 0 0 1 0 0 1 0 0 1 1 1 0 1 1 0 0 0 1 1 0 1 0 1 1 0 0 0 1 1 0 1 1 1 0 0 1 0 0 1 0 0 0 0 0 0 0 1 1 1 1 0 0 1 0 1 1 0 0 1 1 1 1 1 0 1 0 1 0 1 0 1 1 0 1 0 1 0 1 0 1 1 1 1 1 0
0 1 1 0 1 0 0 1 1 1 1 0 0 0 0 0 0 0 1 0 0 1 0 0 1 1 1 0 1 1 0 0 0 1 1 0 1 0 1 1 0 0 0 1 1 0 1 1 1 0 0 1 0 0 1 0 0 0 0 0 0 0 1 1 1 1 0 0 1 0 1 1 0 0 1 1 1 1 1 0 1 0 1 0 1 0 1 1 0 1 0 1 0 1 0 1 1 1 1 1 0 0
1 1 0 1 0 0 1 1 1 1 0 0 0 0 0 0 0 1 0 0 1 0 0 1 1 1 0 1 1 0 0 0 1 1 0 1 0 1 1 0 0 0 1 1 0 1 1 1 0 0 1 0 0 1 0 0 0 0 0 0 0 1 1 1 1 0 0 1 0 1 1 0 0 1 1 1 1 1 0 1 0 1 0 1 0 1 1 0 1 0 1 0 1 0 1 1 1 1 1 0 0 0
1 0 1 0 0 1 1 1 1 0 0 0 0 0 0 0 1 0 0 1 0 0 1 1 1 0 1 1 0 0 0 1 1 0 1 0 1 1 0 0 0 1 1 0 1 1 1 0 0 1 0 0 1 0 0 0 0 0 0 0 1 1 1 1 0 0 1 0 1 1 0 0 1 1 1 1 1 0 1 0 1 0 1 0 1 1 0 1 0 1 0 1 0 1 1 1 1 1 0 0 1 0
0 1 0 0 1 1 1 1 0 0 0 0 0 0 0 1 0 0 1 0 0 1 1 1 0 1 1 0 0 0 1 1 0 1 0 1 1 0 0 0 1 1 0 1 1 1 0 0 1 0 0 1 0 0 0 0 0 0 0 1 1 1 1 0 0 1 0 1 1 0 0 1 1 1 1 1 0 1 0 1 0 1 0 1 1 0 1 0 1 0 1 0 1 1 1 1 1 0 0 1 1 0
1 0 0 1 1 1 1 0 0 0 0 0 0 0 1 0 0 1 0 0 1 1 1 0 1 1 0 0 0 1 1 0 1 0 1 1 0 0 0 1 1 0 1 1 1 0 0 1 0 0 1 0 0 0 0 0 0 0 1 1 1 1 0 0 1 0 1 1 0 0 1 1 1 1 1 0 1 0 1 0 1 0 1 1 0 1 0 1 0 1 0 1 1 1 1 1 0 0 1 1 0 0
0 0 1 1 1 1 0 0 0 0 0 0 0 1 0 0 1 0 0 1 1 1 0 1 1 0 0 0 1 1 0 1 0 1 1 0 0 0 1 1 0 1 1 1 0 0 1 0 0 1 0 0 0 0 0 0 0 1 1 1 1 0 0 1 0 1 1 0 0 1 1 1 1 1 0 1 0 1 0 1 0 1 1 0 1 0 1 0 1 0 1 1 1 1 1 0 0 1 1 0 1 0
0 1 1 1 1 0 0 0 0 0 0 0 1 0 0 1 0 0 1 1 1 0 1 1 0 0 0 1 1 0 1 0 1 1 0 0 0 1 1 0 1 1 1 0 0 1 0 0 1 0 0 0 0 0 0 0 1 1 1 1 0 0 1 0 1 1 0 0 1 1 1 1 1 0 1 0 1 0 1 0 1 1 0 1 0 1 0 1 0 1 1 1 1 1 0 0 1 1 0 1 0 0
1 1 1 1 0 0 0 0 0 0 0 1 0 0 1 0 0 1 1 1 0 1 1 0 0 0 1 1 0 1 0 1 1 0 0 0 1 1 0 1 1 1 0 0 1 0 0 1 0 0 0 0 0 0 0 1 1 1 1 0 0 1 0 1 1 0 0 1 1 1 1 1 0 1 0 1 0 1 0 1 1 0 1 0 1 0 1 0 1 1 1 1 1 0 0 1 1 0 1 0 0 0
1 1 1 0 0 0 0 0 0 0 1 0 0 1 0 0 1 1 1 0 1 1 0 0 0 1 1 0 1 0 1 1 0 0 0 1 1 0 1 1 1 0 0 1 0 0 1 0 0 0 0 0 0 0 1 1 1 1 0 0 1 0 1 1 0 0 1 1 1 1 1 0 1 0 1 0 1 0 1 1 0 1 0 1 0 1 0 1 1 1 1 1 0 0 1 1 0 1 0 0 1 0
1 1 0 0 0 0 0 0 0 1 0 0 1 0 0 1 1 1 0 1 1 0 0 0 1 1 0 1 0 1 1 0 0 0 1 1 0 1 1 1 0 0 1 0 0 1 0 0 0 0 0 0 0 1 1 1 1 0 0 1 0 1 1 0 0 1 1 1 1 1 0 1 0 1 0 1 0 1 1 0 1 0 1 0 1 0 1 1 1 1 1 0 0 1 1 0 1 0 0 1 1 0
1 0 0 0 0 0 0 0 1 0 0 1 0 0 1 1 1 0 1 1 0 0 0 1 1 0 1 0 1 1 0 0 0 1 1 0 1 1 1 0 0 1 0 0 1 0 0 0 0 0 0 0 1 1 1 1 0 0 1 0 1 1 0 0 1 1 1 1 1 0 1 0 1 0 1 0 1 1 0 1 0 1 0 1 0 1 1 1 1 1 0 0 1 1 0 1 0 0 1 1 1 0
0 0 0 0 0 0 0 1 0 0 1 0 0 1 1 1 0 1 1 0 0 0 1 1 0 1 0 1 1 0 0 0 1 1 0 1 1 1 0 0 1 0 0 1 0 0 0 0 0 0 0 1 1 1 1 0 0 1 0 1 1 0 0 1 1 1 1 1 0 1 0 1 0 1 0 1 1 0 1 0 1 0 1 0 1 1 1 1 1 0 0 1 1 0 1 0 0 1 1 1 1 0
0 0 0 0 0 0 1 0 0 1 0 0 1 1 1 0 1 1 0 0 0 1 1 0 1 0 1 1 0 0 0 1 1 0 1 1 1 0 0 1 0 0 1 0 0 0 0 0 0 0 1 1 1 1 0 0 1 0 1 1 0 0 1 1 1 1 1 0 1 0 1 0 1 0 1 1 0 1 0 1 0 1 0 1 1 1 1 1 0 0 1 1 0 1 0 0 1 1 1 1 0 0
0 0 0 0 0 1 0 0 1 0 0 1 1 1 0 1 1 0 0 0 1 1 0 1 0 1 1 0 0 0 1 1 0 1 1 1 0 0 1 0 0 1 0 0 0 0 0 0 0 1 1 1 1 0 0 1 0 1 1 0 0 1 1 1 1 1 0 1 0 1 0 1 0 1 1 0 1 0 1 0 1 0 1 1 1 1 1 0 0 1 1 0 1 0 0 1 1 1 1 0 0 0
0 0 0 0 1 0 0 1 0 0 1 1 1 0 1 1 0 0 0 1 1 0 1 0 1 1 0 0 0 1 1 0 1 1 1 0 0 1 0 0 1 0 0 0 0 0 0 0 1 1 1 1 0 0 1 0 1 1 0 0 1 1 1 1 1 0 1 0 1 0 1 0 1 1 0 1 0 1 0 1 0 1 1 1 1 1 0 0 1 1 0 1 0 0 1 1 1 1 0 0 0 0
0 0 0 1 0 0 1 0 0 1 1 1 0 1 1 0 0 0 1 1 0 1 0 1 1 0 0 0 1 1 0 1 1 1 0 0 1 0 0 1 0 0 0 0 0 0 0 1 1 1 1 0 0 1 0 1 1 0 0 1 1 1 1 1 0 1 0 1 0 1 0 1 1 0 1 0 1 0 1 0 1 1 1 1 1 0 0 1 1 0 1 0 0 1 1 1 1 0 0 0 0 0
0 0 1 0 0 1 0 0 1 1 1 0 1 1 0 0 0 1 1 0 1 0 1 1 0 0 0 1 1 0 1 1 1 0 0 1 0 0 1 0 0 0 0 0 0 0 1 1 1 1 0 0 1 0 1 1 0 0 1 1 1 1 1 0 1 0 1 0 1 0 1 1 0 1 0 1 0 1 0 1 1 1 1 1 0 0 1 1 0 1 0 0 1 1 1 1 0 0 0 0 0 0
0 1 0 0 1 0 0 1 1 1 0 1 1 0 0 0 1 1 0 1 0 1 1 0 0 0 1 1 0 1 1 1 0 0 1 0 0 1 0 0 0 0 0 0 0 1 1 1 1 0 0 1 0 1 1 0 0 1 1 1 1 1 0 1 0 1 0 1 0 1 1 0 1 0 1 0 1 0 1 1 1 1 1 0 0 1 1 0 1 0 0 1 1 1 1 0 0 0 0 0 0 0
1 0 0 1 0 0 1 1 1 0 1 1 0 0 0 1 1 0 1 0 1 1 0 0 0 1 1 0 1 1 1 0 0 1 0 0 1 0 0 0 0 0 0 0 1 1 1 1 0 0 1 0 1 1 0 0 1 1 1 1 1 0 1 0 1 0 1 0 1 1 0 1 0 1 0 1 0 1 1 1 1 1 0 0 1 1 0 1 0 0 1 1 1 1 0 0 0 0 0 0 0 0
0 0 1 0 0 1 1 1 0 1 1 0 0 0 1 1 0 1 0 1 1 0 0 0 1 1 0 1 1 1 0 0 1 0 0 1 0 0 0 0 0 0 0 1 1 1 1 0 0 1 0 1 1 0 0 1 1 1 1 1 0 1 0 1 0 1 0 1 1 0 1 0 1 0 1 0 1 1 1 1 1 0 0 1 1 0 1 0 0 1 1 1 1 0 0 0 0 0 0 0 1 0
0 1 0 0 1 1 1 0 1 1 0 0 0 1 1 0 1 0 1 1 0 0 0 1 1 0 1 1 1 0 0 1 0 0 1 0 0 0 0 0 0 0 1 1 1 1 0 0 1 0 1 1 0 0 1 1 1 1 1 0 1 0 1 0 1 0 1 1 0 1 0 1 0 1 0 1 1 1 1 1 0 0 1 1 0 1 0 0 1 1 1 1 0 0 0 0 0 0 0 1 0 0
1 0 0 1 1 1 0 1 1 0 0 0 1 1 0 1 0 1 1 0 0 0 1 1 0 1 1 1 0 0 1 0 0 1 0 0 0 0 0 0 0 1 1 1 1 0 0 1 0 1 1 0 0 1 1 1 1 1 0 1 0 1 0 1 0 1 1 0 1 0 1 0 1 0 1 1 1 1 1 0 0 1 1 0 1 0 0 1 1 1 1 0 0 0 0 0 0 0 1 0 0 0
0 0 1 1 1 0 1 1 0 0 0 1 1 0 1 0 1 1 0 0 0 1 1 0 1 1 1 0 0 1 0 0 1 0 0 0 0 0 0 0 1 1 1 1 0 0 1 0 1 1 0 0 1 1 1 1 1 0 1 0 1 0 1 0 1 1 0 1 0 1 0 1 0 1 1 1 1 1 0 0 1 1 0 1 0 0 1 1 1 1 0 0 0 0 0 0 0 1 0 0 1 0
0 1 1 1 0 1 1 0 0 0 1 1 0 1 0 1 1 0 0 0 1 1 0 1 1 1 0 0 1 0 0 1 0 0 0 0 0 0 0 1 1 1 1 0 0 1 0 1 1 0 0 1 1 1 1 1 0 1 0 1 0 1 0 1 1 0 1 0 1 0 1 0 1 1 1 1 1 0 0 1 1 0 1 0 0 1 1 1 1 0 0 0 0 0 0 0 1 0 0 1 0 0
1 1 1 0 1 1 0 0 0 1 1 0 1 0 1 1 0 0 0 1 1 0 1 1 1 0 0 1 0 0 1 0 0 0 0 0 0 0 1 1 1 1 0 0 1 0 1 1 0 0 1 1 1 1 1 0 1 0 1 0 1 0 1 1 0 1 0 1 0 1 0 1 1 1 1 1 0 0 1 1 0 1 0 0 1 1 1 1 0 0 0 0 0 0 0 1 0 0 1 0 0 0
1 1 0 1 1 0 0 0 1 1 0 1 0 1 1 0 0 0 1 1 0 1 1 1 0 0 1 0 0 1 0 0 0 0 0 0 0 1 1 1 1 0 0 1 0 1 1 0 0 1 1 1 1 1 0 1 0 1 0 1 0 1 1 0 1 0 1 0 1 0 1 1 1 1 1 0 0 1 1 0 1 0 0 1 1 1 1 0 0 0 0 0 0 0 1 0 0 1 0 0 1 0
1 0 1 1 0 0 0 1 1 0 1 0 1 1 0 0 0 1 1 0 1 1 1 0 0 1 0 0 1 0 0 0 0 0 0 0 1 1 1 1 0 0 1 0 1 1 0 0 1 1 1 1 1 0 1 0 1 0 1 0 1 1 0 1 0 1 0 1 0 1 1 1 1 1 0 0 1 1 0 1 0 0 1 1 1 1 0 0 0 0 0 0 0 1 0 0 1 0 0 1 1 0
0 1 1 0 0 0 1 1 0 1 0 1 1 0 0 0 1 1 0 1 1 1 0 0 1 0 0 1 0 0 0 0 0 0 0 1 1 1 1 0 0 1 0 1 1 0 0 1 1 1 1 1 0 1 0 1 0 1 0 1 1 0 1 0 1 0 1 0 1 1 1 1 1 0 0 1 1 0 1 0 0 1 1 1 1 0 0 0 0 0 0 0 1 0 0 1 0 0 1 1 1 0
1 1 0 0 0 1 1 0 1 0 1 1 0 0 0 1 1 0 1 1 1 0 0 1 0 0 1 0 0 0 0 0 0 0 1 1 1 1 0 0 1 0 1 1 0 0 1 1 1 1 1 0 1 0 1 0 1 0 1 1 0 1 0 1 0 1 0 1 1 1 1 1 0 0 1 1 0 1 0 0 1 1 1 1 0 0 0 0 0 0 0 1 0 0 1 0 0 1 1 1 0 0
1 0 0 0 1 1 0 1 0 1 1 0 0 0 1 1 0 1 1 1 0 0 1 0 0 1 0 0 0 0 0 0 0 1 1 1 1 0 0 1 0 1 1 0 0 1 1 1 1 1 0 1 0 1 0 1 0 1 1 0 1 0 1 0 1 0 1 1 1 1 1 0 0 1 1 0 1 0 0 1 1 1 1 0 0 0 0 0 0 0 1 0 0 1 0 0 1 1 1 0 1 0
0 0 0 1 1 0 1 0 1 1 0 0 0 1 1 0 1 1 1 0 0 1 0 0 1 0 0 0 0 0 0 0 1 1 1 1 0 0 1 0 1 1 0 0 1 1 1 1 1 0 1 0 1 0 1 0 1 1 0 1 0 1 0 1 0 1 1 1 1 1 0 0 1 1 0 1 0 0 1 1 1 1 0 0 0 0 0 0 0 1 0 0 1 0 0 1 1 1 0 1 1 0
0 0 1 1 0 1 0 1 1 0 0 0 1 1 0 1 1 1 0 0 1 0 0 1 0 0 0 0 0 0 0 1 1 1 1 0 0 1 0 1 1 0 0 1 1 1 1 1 0 1 0 1 0 1 0 1 1 0 1 0 1 0 1 0 1 1 1 1 1 0 0 1 1 0 1 0 0 1 1 1 1 0 0 0 0 0 0 0 1 0 0 1 0 0 1 1 1 0 1 1 0 0
0 1 1 0 1 0 1 1 0 0 0 1 1 0 1 1 1 0 0 1 0 0 1 0 0 0 0 0 0 0 1 1 1 1 0 0 1 0 1 1 0 0 1 1 1 1 1 0 1 0 1 0 1 0 1 1 0 1 0 1 0 1 0 1 1 1 1 1 0 0 1 1 0 1 0 0 1 1 1 1 0 0 0 0 0 0 0 1 0 0 1 0 0 1 1 1 0 1 1 0 0 0
1 1 0 1 0 1 1 0 0 0 1 1 0 1 1 1 0 0 1 0 0 1 0 0 0 0 0 0 0 1 1 1 1 0 0 1 0 1 1 0 0 1 1 1 1 1 0 1 0 1 0 1 0 1 1 0 1 0 1 0 1 0 1 1 1 1 1 0 0 1 1 0 1 0 0 1 1 1 1 0 0 0 0 0 0 0 1 0 0 1 0 0 1 1 1 0 1 1 0 0 0 0
1 0 1 0 1 1 0 0 0 1 1 0 1 1 1 0 0 1 0 0 1 0 0 0 0 0 0 0 1 1 1 1 0 0 1 0 1 1 0 0 1 1 1 1 1 0 1 0 1 0 1 0 1 1 0 1 0 1 0 1 0 1 1 1 1 1 0 0 1 1 0 1 0 0 1 1 1 1 0 0 0 0 0 0 0 1 0 0 1 0 0 1 1 1 0 1 1 0 0 0 1 0
0 1 0 1 1 0 0 0 1 1 0 1 1 1 0 0 1 0 0 1 0 0 0 0 0 0 0 1 1 1 1 0 0 1 0 1 1 0 0 1 1 1 1 1 0 1 0 1 0 1 0 1 1 0 1 0 1 0 1 0 1 1 1 1 1 0 0 1 1 0 1 0 0 1 1 1 1 0 0 0 0 0 0 0 1 0 0 1 0 0 1 1 1 0 1 1 0 0 0 1 1 0
1 1 0 0 1 1 1 0 0 1 0 0 0 1 1 0 1 1 0 1 1 1 1 1 1 1 0 0 0 0 1 1 0 1 0 0 1 1 0 0 0 0 0 1 0 1 0 1 0 1 0 0 1 0 1 0 1 0 1 0 0 0 0 0 1 1 0 0 1 0 1 1 0 0 0 0 1 1 1 1 1 1 1 0 1 1 0 1 1 0 0 0 1 0 0 1 1 1 0 0 1 1
0 1 0 1 0 1 0 1 0 0 0 0 0 1 1 0 0 1 0 1 1 0 0 0 0 1 1 1 1 1 1 1 0 1 1 0 1 1 0 0 0 1 0 0 1 1 1 0 0 1 1 1 0 0 1 1 1 0 0 1 0 0 0 1 1 0 1 1 0 1 1 1 1 1 1 1 0 0 0 0 1 1 0 1 0 0 1 1 0 0 0 0 0 1 0 1 0 1 0 1 0 1
1 0 0 1 1 1 0 0 1 0 0 0 1 1 0 1 1 0 1 1 1 1 1 1 1 0 0 0 0 1 1 0 1 0 0 1 1 0 0 0 0 0 1 0 1 0 1 0 1 0 0 1 0 1 0 1 0 1 0 0 0 0 0 1 1 0 0 1 0 1 1 0 0 0 0 1 1 1 1 1 1 1 0 1 1 0 1 1 0 0 0 1 0 0 1 1 1 0 0 1 1 1
1 0 1 0 1 0 1 0 0 0 0 0 1 1 0 0 1 0 1 1 0 0 0 0 1 1 1 1 1 1 1 0 1 1 0 1 1 0 0 0 1 0 0 1 1 1 0 0 1 1 1 0 0 1 1 1 0 0 1 0 0 0 1 1 0 1 1 0 1 1 1 1 1 1 1 0 0 0 0 1 1 0 1 0 0 1 1 0 0 0 0 0 1 0 1 0 1 0 1 0 0 1
0 0 1 1 1 0 0 1 0 0 0 1 1 0 1 1 0 1 1 1 1 1 1 1 0 0 0 0 1 1 0 1 0 0 1 1 0 0 0 0 0 1 0 1 0 1 0 1 0 0 1 0 1 0 1 0 1 0 0 0 0 0 1 1 0 0 1 0 1 1 0 0 0 0 1 1 1 1 1 1 1 0 1 1 0 1 1 0 0 0 1 0 0 1 1 1 0 0 1 1 1 1
0 1 0 1 0 1 0 0 0 0 0 1 1 0 0 1 0 1 1 0 0 0 0 1 1 1 1 1 1 1 0 1 1 0 1 1 0 0 0 1 0 0 1 1 1 0 0 1 1 1 0 0 1 1 1 0 0 1 0 0 0 1 1 0 1 1 0 1 1 1 1 1 1 1 0 0 0 0 1 1 0 1 0 0 1 1 0 0 0 0 0 1 0 1 0 1 0 1 0 0 1 1
0 1 1 1 0 0 1 0 0 0 1 1 0 1 1 0 1 1 1 1 1 1 1 0 0 0 0 1 1 0 1 0 0 1 1 0 0 0 0 0 1 0 1 0 1 0 1 0 0 1 0 1 0 1 0 1 0 0 0 0 0 1 1 0 0 1 0 1 1 0 0 0 0 1 1 1 1 1 1 1 0 1 1 0 1 1 0 0 0 1 0 0 1 1 1 0 0 1 1 1 0 1
1 0 1 0 1 0 0 0 0 0 1 1 0 0 1 0 1 1 0 0 0 0 1 1 1 1 1 1 1 0 1 1 0 1 1 0 0 0 1 0 0 1 1 1 0 0 1 1 1 0 0 1 1 1 0 0 1 0 0 0 1 1 0 1 1 0 1 1 1 1 1 1 1 0 0 0 0 1 1 0 1 0 0 1 1 0 0 0 0 0 1 0 1 0 1 0 1 0 0 1 0 1
1 1 1 0 0 1 0 0 0 1 1 0 1 1 0 1 1 1 1 1 1 1 0 0 0 0 1 1 0 1 0 0 1 1 0 0 0 0 0 1 0 1 0 1 0 1 0 0 1 0 1 0 1 0 1 0 0 0 0 0 1 1 0 0 1 0 1 1 0 0 0 0 1 1 1 1 1 1 1 0 1 1 0 1 1 0 0 0 1 0 0 1 1 1 0 0 1 1 1 0 0 1
0 1 0 1 0 0 0 0 0 1 1 0 0 1 0 1 1 0 0 0 0 1 1 1 1 1 1 1 0 1 1 0 1 1 0 0 0 1 0 0 1 1 1 0 0 1 1 1 0 0 1 1 1 0 0 1 0 0 0 1 1 0 1 1 0 1 1 1 1 1 1 1 0 0 0 0 1 1 0 1 0 0 1 1 0 0 0 0 0 1 0 1 0 1 0 1 0 0 1 0 1 1
1 1 0 0 1 0 0 0 1 1 0 1 1 0 1 1 1 1 1 1 1 0 0 0 0 1 1 0 1 0 0 1 1 0 0 0 0 0 1 0 1 0 1 0 1 0 0 1 0 1 0 1 0 1 0 0 0 0 0 1 1 0 0 1 0 1 1 0 0 0 0 1 1 1 1 1 1 1 0 1 1 0 1 1 0 0 0 1 0 0 1 1 1 0 0 1 1 1 0 0 1 1
1 0 1 0 0 0 0 0 1 1 0 0 1 0 1 1 0 0 0 0 1 1 1 1 1 1 1 0 1 1 0 1 1 0 0 0 1 0 0 1 1 1 0 0 1 1 1 0 0 1 1 1 0 0 1 0 0 0 1 1 0 1 1 0 1 1 1 1 1 1 1 0 0 0 0 1 1 0 1 0 0 1 1 0 0 0 0 0 1 0 1 0 1 0 1 0 0 1 0 1 0 1
1 0 0 1 0 0 0 1 1 0 1 1 0 1 1 1 1 1 1 1 0 0 0 0 1 1 0 1 0 0 1 1 0 0 0 0 0 1 0 1 0 1 0 1 0 0 1 0 1 0 1 0 1 0 0 0 0 0 1 1 0 0 1 0 1 1 0 0 0 0 1 1 1 1 1 1 1 0 1 1 0 1 1 0 0 0 1 0 0 1 1 1 0 0 1 1 1 0 0 1 1 1
0 1 0 0 0 0 0 1 1 0 0 1 0 1 1 0 0 0 0 1 1 1 1 1 1 1 0 1 1 0 1 1 0 0 0 1 0 0 1 1 1 0 0 1 1 1 0 0 1 1 1 0 0 1 0 0 0 1 1 0 1 1 0 1 1 1 1 1 1 1 0 0 0 0 1 1 0 1 0 0 1 1 0 0 0 0 0 1 0 1 0 1 0 1 0 0 1 0 1 0 1 1
0 0 1 0 0 0 1 1 0 1 1 0 1 1 1 1 1 1 1 0 0 0 0 1 1 0 1 0 0 1 1 0 0 0 0 0 1 0 1 0 1 0 1 0 0 1 0 1 0 1 0 1 0 0 0 0 0 1 1 0 0 1 0 1 1 0 0 0 0 1 1 1 1 1 1 1 0 1 1 0 1 1 0 0 0 1 0 0 1 1 1 0 0 1 1 1 0 0 1 1 1 1
1 0 0 0 0 0 1 1 0 0 1 0 1 1 0 0 0 0 1 1 1 1 1 1 1 0 1 1 0 1 1 0 0 0 1 0 0 1 1 1 0 0 1 1 1 0 0 1 1 1 0 0 1 0 0 0 1 1 0 1 1 0 1 1 1 1 1 1 1 0 0 0 0 1 1 0 1 0 0 1 1 0 0 0 0 0 1 0 1 0 1 0 1 0 0 1 0 1 0 1 0 1
0 1 0 0 0 1 1 0 1 1 0 1 1 1 1 1 1 1 0 0 0 0 1 1 0 1 0 0 1 1 0 0 0 0 0 1 0 1 0 1 0 1 0 0 1 0 1 0 1 0 1 0 0 0 0 0 1 1 0 0 1 0 1 1 0 0 0 0 1 1 1 1 1 1 1 0 1 1 0 1 1 0 0 0 1 0 0 1 1 1 0 0 1 1 1 0 0 1 1 1 0 1
0 0 0 0 0 1 1 0 0 1 0 1 1 0 0 0 0 1 1 1 1 1 1 1 0 1 1 0 1 1 0 0 0 1 0 0 1 1 1 0 0 1 1 1 0 0 1 1 1 0 0 1 0 0 0 1 1 0 1 1 0 1 1 1 1 1 1 1 0 0 0 0 1 1 0 1 0 0 1 1 0 0 0 0 0 1 0 1 0 1 0 1 0 0 1 0 1 0 1 0 1 1
1 0 0 0 1 1 0 1 1 0 1 1 1 1 1 1 1 0 0 0 0 1 1 0 1 0 0 1 1 0 0 0 0 0 1 0 1 0 1 0 1 0 0 1 0 1 0 1 0 1 0 0 0 0 0 1 1 0 0 1 0 1 1 0 0 0 0 1 1 1 1 1 1 1 0 1 1 0 1 1 0 0 0 1 0 0 1 1 1 0 0 1 1 1 0 0 1 1 1 0 0 1
0 0 0 0 1 1 0 0 1 0 1 1 0 0 0 0 1 1 1 1 1 1 1 0 1 1 0 1 1 0 0 0 1 0 0 1 1 1 0 0 1 1 1 0 0 1 1 1 0 0 1 0 0 0 1 1 0 1 1 0 1 1 1 1 1 1 1 0 0 0 0 1 1 0 1 0 0 1 1 0 0 0 0 0 1 0 1 0 1 0 1 0 0 1 0 1 0 1 0 1 0 1
0 0 0 1 1 0 1 1 0 1 1 1 1 1 1 1 0 0 0 0 1 1 0 1 0 0 1 1 0 0 0 0 0 1 0 1 0 1 0 1 0 0 1 0 1 0 1 0 1 0 0 0 0 0 1 1 0 0 1 0 1 1 0 0 0 0 1 1 1 1 1 1 1 0 1 1 0 1 1 0 0 0 1 0 0 1 1 1 0 0 1 1 1 0 0 1 1 1 0 0 1 1
0 0 0 1 1 0 0 1 0 1 1 0 0 0 0 1 1 1 1 1 1 1 0 1 1 0 1 1 0 0 0 1 0 0 1 1 1 0 0 1 1 1 0 0 1 1 1 0 0 1 0 0 0 1 1 0 1 1 0 1 1 1 1 1 1 1 0 0 0 0 1 1 0 1 0 0 1 1 0 0 0 0 0 1 0 1 0 1 0 1 0 0 1 0 1 0 1 0 1 0 0 1
0 0 1 1 0 1 1 0 1 1 1 1 1 1 1 0 0 0 0 1 1 0 1 0 0 1 1 0 0 0 0 0 1 0 1 0 1 0 1 0 0 1 0 1 0 1 0 1 0 0 0 0 0 1 1 0 0 1 0 1 1 0 0 0 0 1 1 1 1 1 1 1 0 1 1 0 1 1 0 0 0 1 0 0 1 1 1 0 0 1 1 1 0 0 1 1 1 0 0 1 0 1
0 0 1 1 0 0 1 0 1 1 0 0 0 0 1 1 1 1 1 1 1 0 1 1 0 1 1 0 0 0 1 0 0 1 1 1 0 0 1 1 1 0 0 1 1 1 0 0 1 0 0 0 1 1 0 1 1 0 1 1 1 1 1 1 1 0 0 0 0 1 1 0 1 0 0 1 1 0 0 0 0 0 1 0 1 0 1 0 1 0 0 1 0 1 0 1 0 1 0 0 0 1
0 1 1 0 1 1 0 1 1 1 1 1 1 1 0 0 0 0 1 1 0 1 0 0 1 1 0 0 0 0 0 1 0 1 0 1 0 1 0 0 1 0 1 0 1 0 1 0 0 0 0 0 1 1 0 0 1 0 1 1 0 0 0 0 1 1 1 1 1 1 1 0 1 1 0 1 1 0 0 0 1 0 0 1 1 1 0 0 1 1 1 0 0 1 1 1 0 0 1 0 0 1
0 1 1 0 0 1 0 1 1 0 0 0 0 1 1 1 1 1 1 1 0 1 1 0 1 1 0 0 0 1 0 0 1 1 1 0 0 1 1 1 0 0 1 1 1 0 0 1 0 0 0 1 1 0 1 1 0 1 1 1 1 1 1 1 0 0 0 0 1 1 0 1 0 0 1 1 0 0 0 0 0 1 0 1 0 1 0 1 0 0 1 0 1 0 1 0 1 0 0 0 0 1
1 1 0 1 1 0 1 1 1 1 1 1 1 0 0 0 0 1 1 0 1 0 0 1 1 0 0 0 0 0 1 0 1 0 1 0 1 0 0 1 0 1 0 1 0 1 0 0 0 0 0 1 1 0 0 1 0 1 1 0 0 0 0 1 1 1 1 1 1 1 0 1 1 0 1 1 0 0 0 1 0 0 1 1 1 0 0 1 1 1 0 0 1 1 1 0 0 1 0 0 0 1
1 1 0 0 1 0 1 1 0 0 0 0 1 1 1 1 1 1 1 0 1 1 0 1 1 0 0 0 1 0 0 1 1 1 0 0 1 1 1 0 0 1 1 1 0 0 1 0 0 0 1 1 0 1 1 0 1 1 1 1 1 1 1 0 0 0 0 1 1 0 1 0 0 1 1 0 0 0 0 0 1 0 1 0 1 0 1 0 0 1 0 1 0 1 0 1 0 0 0 0 0 1
1 0 1 1 0 1 1 1 1 1 1 1 0 0 0 0 1 1 0 1 0 0 1 1 0 0 0 0 0 1 0 1 0 1 0 1 0 0 1 0 1 0 1 0 1 0 0 0 0 0 1 1 0 0 1 0 1 1 0 0 0 0 1 1 1 1 1 1 1 0 1 1 0 1 1 0 0 0 1 0 0 1 1 1 0 0 1 1 1 0 0 1 1 1 0 0 1 0 0 0 1 1
1 0 0 1 0 1 1 0 0 0 0 1 1 1 1 1 1 1 0 1 1 0 1 1 0 0 0 1 0 0 1 1 1 0 0 1 1 1 0 0 1 1 1 0 0 1 0 0 0 1 1 0 1 1 0 1 1 1 1 1 1 1 0 0 0 0 1 1 0 1 0 0 1 1 0 0 0 0 0 1 0 1 0 1 0 1 0 0 1 0 1 0 1 0 1 0 0 0 0 0 1 1
0 1 1 0 1 1 1 1 1 1 1 0 0 0 0 1 1 0 1 0 0 1 1 0 0 0 0 0 1 0 1 0 1 0 1 0 0 1 0 1 0 1 0 1 0 0 0 0 0 1 1 0 0 1 0 1 1 0 0 0 0 1 1 1 1 1 1 1 0 1 1 0 1 1 0 0 0 1 0 0 1 1 1 0 0 1 1 1 0 0 1 1 1 0 0 1 0 0 0 1 1 1
0 0 1 0 1 1 0 0 0 0 1 1 1 1 1 1 1 0 1 1 0 1 1 0 0 0 1 0 0 1 1 1 0 0 1 1 1 0 0 1 1 1 0 0 1 0 0 0 1 1 0 1 1 0 1 1 1 1 1 1 1 0 0 0 0 1 1 0 1 0 0 1 1 0 0 0 0 0 1 0 1 0 1 0 1 0 0 1 0 1 0 1 0 1 0 0 0 0 0 1 1 1
1 1 0 1 1 1 1 1 1 1 0 0 0 0 1 1 0 1 0 0 1 1 0 0 0 0 0 1 0 1 0 1 0 1 0 0 1 0 1 0 1 0 1 0 0 0 0 0 1 1 0 0 1 0 1 1 0 0 0 0 1 1 1 1 1 1 1 0 1 1 0 1 1 0 0 0 1 0 0 1 1 1 0 0 1 1 1 0 0 1 1 1 0 0 1 0 0 0 1 1 0 1
0 1 0 1 1 0 0 0 0 1 1 1 1 1 1 1 0 1 1 0 1 1 0 0 0 1 0 0 1 1 1 0 0 1 1 1 0 0 1 1 1 0 0 1 0 0 0 1 1 0 1 1 0 1 1 1 1 1 1 1 0 0 0 0 1 1 0 1 0 0 1 1 0 0 0 0 0 1 0 1 0 1 0 1 0 0 1 0 1 0 1 0 1 0 0 0 0 0 1 1 0 1
1 0 1 1 1 1 1 1 1 0 0 0 0 1 1 0 1 0 0 1 1 0 0 0 0 0 1 0 1 0 1 0 1 0 0 1 0 1 0 1 0 1 0 0 0 0 0 1 1 0 0 1 0 1 1 0 0 0 0 1 1 1 1 1 1 1 0 1 1 0 1 1 0 0 0 1 0 0 1 1 1 0 0 1 1 1 0 0 1 1 1 0 0 1 0 0 0 1 1 0 1 1
1 0 1 1 0 0 0 0 1 1 1 1 1 1 1 0 1 1 0 1 1 0 0 0 1 0 0 1 1 1 0 0 1 1 1 0 0 1 1 1 0 0 1 0 0 0 1 1 0 1 1 0 1 1 1 1 1 1 1 0 0 0 0 1 1 0 1 0 0 1 1 0 0 0 0 0 1 0 1 0 1 0 1 0 0 1 0 1 0 1 0 1 0 0 0 0 0 1 1 0 0 1
0 1 1 1 1 1 1 1 0 0 0 0 1 1 0 1 0 0 1 1 0 0 0 0 0 1 0 1 0 1 0 1 0 0 1 0 1 0 1 0 1 0 0 0 0 0 1 1 0 0 1 0 1 1 0 0 0 0 1 1 1 1 1 1 1 0 1 1 0 1 1 0 0 0 1 0 0 1 1 1 0 0 1 1 1 0 0 1 1 1 0 0 1 0 0 0 1 1 0 1 1 1
0 1 1 0 0 0 0 1 1 1 1 1 1 1 0 1 1 0 1 1 0 0 0 1 0 0 1 1 1 0 0 1 1 1 0 0 1 1 1 0 0 1 0 0 0 1 1 0 1 1 0 1 1 1 1 1 1 1 0 0 0 0 1 1 0 1 0 0 1 1 0 0 0 0 0 1 0 1 0 1 0 1 0 0 1 0 1 0 1 0 1 0 0 0 0 0 1 1 0 0 1 1
1 1 1 1 1 1 1 0 0 0 0 1 1 0 1 0 0 1 1 0 0 0 0 0 1 0 1 0 1 0 1 0 0 1 0 1 0 1 0 1 0 0 0 0 0 1 1 0 0 1 0 1 1 0 0 0 0 1 1 1 1 1 1 1 0 1 1 0 1 1 0 0 0 1 0 0 1 1 1 0 0 1 1 1 0 0 1 1 1 0 0 1 0 0 0 1 1 0 1 1 0 1
1 1 0 0 0 0 1 1 1 1 1 1 1 0 1 1 0 1 1 0 0 0 1 0 0 1 1 1 0 0 1 1 1 0 0 1 1 1 0 0 1 0 0 0 1 1 0 1 1 0 1 1 1 1 1 1 1 0 0 0 0 1 1 0 1 0 0 1 1 0 0 0 0 0 1 0 1 0 1 0 1 0 0 1 0 1 0 1 0 1 0 0 0 0 0 1 1 0 0 1 0 1
1 1 1 1 1 1 0 0 0 0 1 1 0 1 0 0 1 1 0 0 0 0 0 1 0 1 0 1 0 1 0 0 1 0 1 0 1 0 1 0 0 0 0 0 1 1 0 0 1 0 1 1 0 0 0 0 1 1 1 1 1 1 1 0 1 1 0 1 1 0 0 0 1 0 0 1 1 1 0 0 1 1 1 0 0 1 1 1 0 0 1 0 0 0 1 1 0 1 1 0 1 1
1 0 0 0 0 1 1 1 1 1 1 1 0 1 1 0 1 1 0 0 0 1 0 0 1 1 1 0 0 1 1 1 0 0 1 1 1 0 0 1 0 0 0 1 1 0 1 1 0 1 1 1 1 1 1 1 0 0 0 0 1 1 0 1 0 0 1 1 0 0 0 0 0 1 0 1 0 1 0 1 0 0 1 0 1 0 1 0 1 0 0 0 0 0 1 1 0 0 1 0 1 1
1 1 1 1 1 0 0 0 0 1 1 0 1 0 0 1 1 0 0 0 0 0 1 0 1 0 1 0 1 0 0 1 0 1 0 1 0 1 0 0 0 0 0 1 1 0 0 1 0 1 1 0 0 0 0 1 1 1 1 1 1 1 0 1 1 0 1 1 0 0 0 1 0 0 1 1 1 0 0 1 1 1 0 0 1 1 1 0 0 1 0 0 0 1 1 0 1 1 0 1 1 1
0 0 0 0 1 1 1 1 1 1 1 0 1 1 0 1 1 0 0 0 1 0 0 1 1 1 0 0 1 1 1 0 0 1 1 1 0 0 1 0 0 0 1 1 0 1 1 0 1 1 1 1 1 1 1 0 0 0 0 1 1 0 1 0 0 1 1 0 0 0 0 0 1 0 1 0 1 0 1 0 0 1 0 1 0 1 0 1 0 0 0 0 0 1 1 0 0 1 0 1 1 1
1 1 1 1 0 0 0 0 1 1 0 1 0 0 1 1 0 0 0 0 0 1 0 1 0 1 0 1 0 0 1 0 1 0 1 0 1 0 0 0 0 0 1 1 0 0 1 0 1 1 0 0 0 0 1 1 1 1 1 1 1 0 1 1 0 1 1 0 0 0 1 0 0 1 1 1 0 0 1 1 1 0 0 1 1 1 0 0 1 0 0 0 1 1 0 1 1 0 1 1 1 1
0 0 0 1 1 1 1 1 1 1 0 1 1 0 1 1 0 0 0 1 0 0 1 1 1 0 0 1 1 1 0 0 1 1 1 0 0 1 0 0 0 1 1 0 1 1 0 1 1 1 1 1 1 1 0 0 0 0 1 1 0 1 0 0 1 1 0 0 0 0 0 1 0 1 0 1 0 1 0 0 1 0 1 0 1 0 1 0 0 0 0 0 1 1 0 0 1 0 1 1 0 1
1 1 1 0 0 0 0 1 1 0 1 0 0 1 1 0 0 0 0 0 1 0 1 0 1 0 1 0 0 1 0 1 0 1 0 1 0 0 0 0 0 1 1 0 0 1 0 1 1 0 0 0 0 1 1 1 1 1 1 1 0 1 1 0 1 1 0 0 0 1 0 0 1 1 1 0 0 1 1 1 0 0 1 1 1 0 0 1 0 0 0 1 1 0 1 1 0 1 1 1 1 1
0 0 1 1 1 1 1 1 1 0 1 1 0 1 1 0 0 0 1 0 0 1 1 1 0 0 1 1 1 0 0 1 1 1 0 0 1 0 0 0 1 1 0 1 1 0 1 1 1 1 1 1 1 0 0 0 0 1 1 0 1 0 0 1 1 0 0 0 0 0 1 0 1 0 1 0 1 0 0 1 0 1 0 1 0 1 0 0 0 0 0 1 1 0 0 1 0 1 1 0 0 1
1 1 0 0 0 0 1 1 0 1 0 0 1 1 0 0 0 0 0 1 0 1 0 1 0 1 0 0 1 0 1 0 1 0 1 0 0 0 0 0 1 1 0 0 1 0 1 1 0 0 0 0 1 1 1 1 1 1 1 0 1 1 0 1 1 0 0 0 1 0 0 1 1 1 0 0 1 1 1 0 0 1 1 1 0 0 1 0 0 0 1 1 0 1 1 0 1 1 1 1 1 1
0 1 1 1 1 1 1 1 0 1 1 0 1 1 0 0 0 1 0 0 1 1 1 0 0 1 1 1 0 0 1 1 1 0 0 1 0 0 0 1 1 0 1 1 0 1 1 1 1 1 1 1 0 0 0 0 1 1 0 1 0 0 1 1 0 0 0 0 0 1 0 1 0 1 0 1 0 0 1 0 1 0 1 0 1 0 0 0 0 0 1 1 0 0 1 0 1 1 0 0 0 1
1 0 0 0 0 1 1 0 1 0 0 1 1 0 0 0 0 0 1 0 1 0 1 0 1 0 0 1 0 1 0 1 0 1 0 0 0 0 0 1 1 0 0 1 0 1 1 0 0 0 0 1 1 1 1 1 1 1 0 1 1 0 1 1 0 0 0 1 0 0 1 1 1 0 0 1 1 1 0 0 1 1 1 0 0 1 0 0 0 1 1 0 1 1 0 1 1 1 1 1 1 1
1 1 1 1 1 1 1 0 1 1 0 1 1 0 0 0 1 0 0 1 1 1 0 0 1 1 1 0 0 1 1 1 0 0 1 0 0 0 1 1 0 1 1 0 1 1 1 1 1 1 1 0 0 0 0 1 1 0 1 0 0 1 1 0 0 0 0 0 1 0 1 0 1 0 1 0 0 1 0 1 0 1 0 1 0 0 0 0 0 1 1 0 0 1 0 1 1 0 0 0 0 1
0 0 0 0 1 1 0 1 0 0 1 1 0 0 0 0 0 1 0 1 0 1 0 1 0 0 1 0 1 0 1 0 1 0 0 0 0 0 1 1 0 0 1 0 1 1 0 0 0 0 1 1 1 1 1 1 1 0 1 1 0 1 1 0 0 0 1 0 0 1 1 1 0 0 1 1 1 0 0 1 1 1 0 0 1 0 0 0 1 1 0 1 1 0 1 1 1 1 1 1 1 1
1 1 1 1 1 1 0 1 1 0 1 1 0 0 0 1 0 0 1 1 1 0 0 1 1 1 0 0 1 1 1 0 0 1 0 0 0 1 1 0 1 1 0 1 1 1 1 1 1 1 0 0 0 0 1 1 0 1 0 0 1 1 0 0 0 0 0 1 0 1 0 1 0 1 0 0 1 0 1 0 1 0 1 0 0 0 0 0 1 1 0 0 1 0 1 1 0 0 0 0 1 1
0 0 0 1 1 0 1 0 0 1 1 0 0 0 0 0 1 0 1 0 1 0 1 0 0 1 0 1 0 1 0 1 0 0 0 0 0 1 1 0 0 1 0 1 1 0 0 0 0 1 1 1 1 1 1 1 0 1 1 0 1 1 0 0 0 1 0 0 1 1 1 0 0 1 1 1 0 0 1 1 1 0 0 1 0 0 0 1 1 0 1 1 0 1 1 1 1 1 1 1 0 1
1 1 1 1 1 0 1 1 0 1 1 0 0 0 1 0 0 1 1 1 0 0 1 1 1 0 0 1 1 1 0 0 1 0 0 0 1 1 0 1 1 0 1 1 1 1 1 1 1 0 0 0 0 1 1 0 1 0 0 1 1 0 0 0 0 0 1 0 1 0 1 0 1 0 0 1 0 1 0 1 0 1 0 0 0 0 0 1 1 0 0 1 0 1 1 0 0 0 0 1 1 1
0 0 1 1 0 1 0 0 1 1 0 0 0 0 0 1 0 1 0 1 0 1 0 0 1 0 1 0 1 0 1 0 0 0 0 0 1 1 0 0 1 0 1 1 0 0 0 0 1 1 1 1 1 1 1 0 1 1 0 1 1 0 0 0 1 0 0 1 1 1 0 0 1 1 1 0 0 1 1 1 0 0 1 0 0 0 1 1 0 1 1 0 1 1 1 1 1 1 1 0 0 1
1 1 1 1 0 1 1 0 1 1 0 0 0 1 0 0 1 1 1 0 0 1 1 1 0 0 1 1 1 0 0 1 0 0 0 1 1 0 1 1 0 1 1 1 1 1 1 1 0 0 0 0 1 1 0 1 0 0 1 1 0 0 0 0 0 1 0 1 0 1 0 1 0 0 1 0 1 0 1 0 1 0 0 0 0 0 1 1 0 0 1 0 1 1 0 0 0 0 1 1 1 1
0 1 1 0 1 0 0 1 1 0 0 0 0 0 1 0 1 0 1 0 1 0 0 1 0 1 0 1 0 1 0 0 0 0 0 1 1 0 0 1 0 1 1 0 0 0 0 1 1 1 1 1 1 1 0 1 1 0 1 1 0 0 0 1 0 0 1 1 1 0 0 1 1 1 0 0 1 1 1 0 0 1 0 0 0 1 1 0 1 1 0 1 1 1 1 1 1 1 0 0 0 1
1 1 1 0 1 1 0 1 1 0 0 0 1 0 0 1 1 1 0 0 1 1 1 0 0 1 1 1 0 0 1 0 0 0 1 1 0 1 1 0 1 1 1 1 1 1 1 0 0 0 0 1 1 0 1 0 0 1 1 0 0 0 0 0 1 0 1 0 1 0 1 0 0 1 0 1 0 1 0 1 0 0 0 0 0 1 1 0 0 1 0 1 1 0 0 0 0 1 1 1 1 1
1 1 0 1 0 0 1 1 0 0 0 0 0 1 0 1 0 1 0 1 0 0 1 0 1 0 1 0 1 0 0 0 0 0 1 1 0 0 1 0 1 1 0 0 0 0 1 1 1 1 1 1 1 0 1 1 0 1 1 0 0 0 1 0 0 1 1 1 0 0 1 1 1 0 0 1 1 1 0 0 1 0 0 0 1 1 0 1 1 0 1 1 1 1 1 1 1 0 0 0 0 1
1 1 0 1 1 0 1 1 0 0 0 1 0 0 1 1 1 0 0 1 1 1 0 0 1 1 1 0 0 1 0 0 0 1 1 0 1 1 0 1 1 1 1 1 1 1 0 0 0 0 1 1 0 1 0 0 1 1 0 0 0 0 0 1 0 1 0 1 0 1 0 0 1 0 1 0 1 0 1 0 0 0 0 0 1 1 0 0 1 0 1 1 0 0 0 0 1 1 1 1 1 1
1 0 1 0 0 1 1 0 0 0 0 0 1 0 1 0 1 0 1 0 0 1 0 1 0 1 0 1 0 0 0 0 0 1 1 0 0 1 0 1 1 0 0 0 0 1 1 1 1 1 1 1 0 1 1 0 1 1 0 0 0 1 0 0 1 1 1 0 0 1 1 1 0 0 1 1 1 0 0 1 0 0 0 1 1 0 1 1 0 1 1 1 1 1 1 1 0 0 0 0 1 1
1 0 1 1 0 1 1 0 0 0 1 0 0 1 1 1 0 0 1 1 1 0 0 1 1 1 0 0 1 0 0 0 1 1 0 1 1 0 1 1 1 1 1 1 1 0 0 0 0 1 1 0 1 0 0 1 1 0 0 0 0 0 1 0 1 0 1 0 1 0 0 1 0 1 0 1 0 1 0 0 0 0 0 1 1 0 0 1 0 1 1 0 0 0 0 1 1 1 1 1 1 1
0 1 0 0 1 1 0 0 0 0 0 1 0 1 0 1 0 1 0 0 1 0 1 0 1 0 1 0 0 0 0 0 1 1 0 0 1 0 1 1 0 0 0 0 1 1 1 1 1 1 1 0 1 1 0 1 1 0 0 0 1 0 0 1 1 1 0 0 1 1 1 0 0 1 1 1 0 0 1 0 0 0 1 1 0 1 1 0 1 1 1 1 1 1 1 0 0 0 0 1 1 1
0 1 1 0 1 1 0 0 0 1 0 0 1 1 1 0 0 1 1 1 0 0 1 1 1 0 0 1 0 0 0 1 1 0 1 1 0 1 1 1 1 1 1 1 0 0 0 0 1 1 0 1 0 0 1 1 0 0 0 0 0 1 0 1 0 1 0 1 0 0 1 0 1 0 1 0 1 0 0 0 0 0 1 1 0 0 1 0 1 1 0 0 0 0 1 1 1 1 1 1 1 1
1 0 0 1 1 0 0 0 0 0 1 0 1 0 1 0 1 0 0 1 0 1 0 1 0 1 0 0 0 0 0 1 1 0 0 1 0 1 1 0 0 0 0 1 1 1 1 1 1 1 0 1 1 0 1 1 0 0 0 1 0 0 1 1 1 0 0 1 1 1 0 0 1 1 1 0 0 1 0 0 0 1 1 0 1 1 0 1 1 1 1 1 1 1 0 0 0 0 1 1 0 1
1 1 0 1 1 0 0 0 1 0 0 1 1 1 0 0 1 1 1 0 0 1 1 1 0 0 1 0 0 0 1 1 0 1 1 0 1 1 1 1 1 1 1 0 0 0 0 1 1 0 1 0 0 1 1 0 0 0 0 0 1 0 1 0 1 0 1 0 0 1 0 1 0 1 0 1 0 0 0 0 0 1 1 0 0 1 0 1 1 0 0 0 0 1 1 1 1 1 1 1 0 1
0 0 1 1 0 0 0 0 0 1 0 1 0 1 0 1 0 0 1 0 1 0 1 0 1 0 0 0 0 0 1 1 0 0 1 0 1 1 0 0 0 0 1 1 1 1 1 1 1 0 1 1 0 1 1 0 0 0 1 0 0 1 1 1 0 0 1 1 1 0 0 1 1 1 0 0 1 0 0 0 1 1 0 1 1 0 1 1 1 1 1 1 1 0 0 0 0 1 1 0 1 1
1 0 1 1 0 0 0 1 0 0 1 1 1 0 0 1 1 1 0 0 1 1 1 0 0 1 0 0 0 1 1 0 1 1 0 1 1 1 1 1 1 1 0 0 0 0 1 1 0 1 0 0 1 1 0 0 0 0 0 1 0 1 0 1 0 1 0 0 1 0 1 0 1 0 1 0 0 0 0 0 1 1 0 0 1 0 1 1 0 0 0 0 1 1 1 1 1 1 1 0 1 1
0 1 1 0 0 0 0 0 1 0 1 0 1 0 1 0 0 1 0 1 0 1 0 1 0 0 0 0 0 1 1 0 0 1 0 1 1 0 0 0 0 1 1 1 1 1 1 1 0 1 1 0 1 1 0 0 0 1 0 0 1 1 1 0 0 1 1 1 0 0 1 1 1 0 0 1 0 0 0 1 1 0 1 1 0 1 1 1 1 1 1 1 0 0 0 0 1 1 0 1 0 1
0 1 1 0 0 0 1 0 0 1 1 1 0 0 1 1 1 0 0 1 1 1 0 0 1 0 0 0 1 1 0 1 1 0 1 1 1 1 1 1 1 0 0 0 0 1 1 0 1 0 0 1 1 0 0 0 0 0 1 0 1 0 1 0 1 0 0 1 0 1 0 1 0 1 0 0 0 0 0 1 1 0 0 1 0 1 1 0 0 0 0 1 1 1 1 1 1 1 0 1 1 1
1 1 0 0 0 0 0 1 0 1 0 1 0 1 0 0 1 0 1 0 1 0 1 0 0 0 0 0 1 1 0 0 1 0 1 1 0 0 0 0 1 1 1 1 1 1 1 0 1 1 0 1 1 0 0 0 1 0 0 1 1 1 0 0 1 1 1 0 0 1 1 1 0 0 1 0 0 0 1 1 0 1 1 0 1 1 1 1 1 1 1 0 0 0 0 1 1 0 1 0 0 1
1 1 0 0 0 1 0 0 1 1 1 0 0 1 1 1 0 0 1 1 1 0 0 1 0 0 0 1 1 0 1 1 0 1 1 1 1 1 1 1 0 0 0 0 1 1 0 1 0 0 1 1 0 0 0 0 0 1 0 1 0 1 0 1 0 0 1 0 1 0 1 0 1 0 0 0 0 0 1 1 0 0 1 0 1 1 0 0 0 0 1 1 1 1 1 1 1 0 1 1 0 1
1 0 0 0 0 0 1 0 1 0 1 0 1 0 0 1 0 1 0 1 0 1 0 0 0 0 0 1 1 0 0 1 0 1 1 0 0 0 0 1 1 1 1 1 1 1 0 1 1 0 1 1 0 0 0 1 0 0 1 1 1 0 0 1 1 1 0 0 1 1 1 0 0 1 0 0 0 1 1 0 1 1 0 1 1 1 1 1 1 1 0 0 0 0 1 1 0 1 0 0 1 1
1 0 0 0 1 0 0 1 1 1 0 0 1 1 1 0 0 1 1 1 0 0 1 0 0 0 1 1 0 1 1 0 1 1 1 1 1 1 1 0 0 0 0 1 1 0 1 0 0 1 1 0 0 0 0 0 1 0 1 0 1 0 1 0 0 1 0 1 0 1 0 1 0 0 0 0 0 1 1 0 0 1 0 1 1 0 0 0 0 1 1 1 1 1 1 1 0 1 1 0 1 1
0 0 0 0 0 1 0 1 0 1 0 1 0 0 1 0 1 0 1 0 1 0 0 0 0 0 1 1 0 0 1 0 1 1 0 0 0 0 1 1 1 1 1 1 1 0 1 1 0 1 1 0 0 0 1 0 0 1 1 1 0 0 1 1 1 0 0 1 1 1 0 0 1 0 0 0 1 1 0 1 1 0 1 1 1 1 1 1 1 0 0 0 0 1 1 0 1 0 0 1 1 1
0 0 0 1 0 0 1 1 1 0 0 1 1 1 0 0 1 1 1 0 0 1 0 0 0 1 1 0 1 1 0 1 1 1 1 1 1 1 0 0 0 0 1 1 0 1 0 0 1 1 0 0 0 0 0 1 0 1 0 1 0 1 0 0 1 0 1 0 1 0 1 0 0 0 0 0 1 1 0 0 1 0 1 1 0 0 0 0 1 1 1 1 1 1 1 0 1 1 0 1 1 1
0 0 0 0 1 0 1 0 1 0 1 0 0 1 0 1 0 1 0 1 0 0 0 0 0 1 1 0 0 1 0 1 1 0 0 0 0 1 1 1 1 1 1 1 0 1 1 0 1 1 0 0 0 1 0 0 1 1 1 0 0 1 1 1 0 0 1 1 1 0 0 1 0 0 0 1 1 0 1 1 0 1 1 1 1 1 1 1 0 0 0 0 1 1 0 1 0 0 1 1 0 1
0 0 1 0 0 1 1 1 0 0 1 1 1 0 0 1 1 1 0 0 1 0 0 0 1 1 0 1 1 0 1 1 1 1 1 1 1 0 0 0 0 1 1 0 1 0 0 1 1 0 0 0 0 0 1 0 1 0 1 0 1 0 0 1 0 1 0 1 0 1 0 0 0 0 0 1 1 0 0 1 0 1 1 0 0 0 0 1 1 1 1 1 1 1 0 1 1 0 1 1 0 1
0 0 0 1 0 1 0 1 0 1 0 0 1 0 1 0 1 0 1 0 0 0 0 0 1 1 0 0 1 0 1 1 0 0 0 0 1 1 1 1 1 1 1 0 1 1 0 1 1 0 0 0 1 0 0 1 1 1 0 0 1 1 1 0 0 1 1 1 0 0 1 0 0 0 1 1 0 1 1 0 1 1 1 1 1 1 1 0 0 0 0 1 1 0 1 0 0 1 1 0 0 1
0 1 0 0 1 1 1 0 0 1 1 1 0 0 1 1 1 0 0 1 0 0 0 1 1 0 1 1 0 1 1 1 1 1 1 1 0 0 0 0 1 1 0 1 0 0 1 1 0 0 0 0 0 1 0 1 0 1 0 1 0 0 1 0 1 0 1 0 1 0 0 0 0 0 1 1 0 0 1 0 1 1 0 0 0 0 1 1 1 1 1 1 1 0 1 1 0 1 1 0 0 1
0 0 1 0 1 0 1 0 1 0 0 1 0 1 0 1 0 1 0 0 0 0 0 1 1 0 0 1 0 1 1 0 0 0 0 1 1 1 1 1 1 1 0 1 1 0 1 1 0 0 0 1 0 0 1 1 1 0 0 1 1 1 0 0 1 1 1 0 0 1 0 0 0 1 1 0 1 1 0 1 1 1 1 1 1 1 0 0 0 0 1 1 0 1 0 0 1 1 0 0 0 1
1 0 0 1 1 1 0 0 1 1 1 0 0 1 1 1 0 0 1 0 0 0 1 1 0 1 1 0 1 1 1 1 1 1 1 0 0 0 0 1 1 0 1 0 0 1 1 0 0 0 0 0 1 0 1 0 1 0 1 0 0 1 0 1 0 1 0 1 0 0 0 0 0 1 1 0 0 1 0 1 1 0 0 0 0 1 1 1 1 1 1 1 0 1 1 0 1 1 0 0 0 1
0 1 0 1 0 1 0 1 0 0 1 0 1 0 1 0 1 0 0 0 0 0 1 1 0 0 1 0 1 1 0 0 0 0 1 1 1 1 1 1 1 0 1 1 0 1 1 0 0 0 1 0 0 1 1 1 0 0 1 1 1 0 0 1 1 1 0 0 1 0 0 0 1 1 0 1 1 0 1 1 1 1 1 1 1 0 0 0 0 1 1 0 1 0 0 1 1 0 0 0 0 1
0 0 1 1 1 0 0 1 1 1 0 0 1 1 1 0 0 1 0 0 0 1 1 0 1 1 0 1 1 1 1 1 1 1 0 0 0 0 1 1 0 1 0 0 1 1 0 0 0 0 0 1 0 1 0 1 0 1 0 0 1 0 1 0 1 0 1 0 0 0 0 0 1 1 0 0 1 0 1 1 0 0 0 0 1 1 1 1 1 1 1 0 1 1 0 1 1 0 0 0 1 1
1 0 1 0 1 0 1 0 0 1 0 1 0 1 0 1 0 0 0 0 0 1 1 0 0 1 0 1 1 0 0 0 0 1 1 1 1 1 1 1 0 1 1 0 1 1 0 0 0 1 0 0 1 1 1 0 0 1 1 1 0 0 1 1 1 0 0 1 0 0 0 1 1 0 1 1 0 1 1 1 1 1 1 1 0 0 0 0 1 1 0 1 0 0 1 1 0 0 0 0 0 1
0 1 1 1 0 0 1 1 1 0 0 1 1 1 0 0 1 0 0 0 1 1 0 1 1 0 1 1 1 1 1 1 1 0 0 0 0 1 1 0 1 0 0 1 1 0 0 0 0 0 1 0 1 0 1 0 1 0 0 1 0 1 0 1 0 1 0 0 0 0 0 1 1 0 0 1 0 1 1 0 0 0 0 1 1 1 1 1 1 1 0 1 1 0 1 1 0 0 0 1 0 1
0 1 0 1 0 1 0 0 1 0 1 0 1 0 1 0 0 0 0 0 1 1 0 0 1 0 1 1 0 0 0 0 1 1 1 1 1 1 1 0 1 1 0 1 1 0 0 0 1 0 0 1 1 1 0 0 1 1 1 0 0 1 1 1 0 0 1 0 0 0 1 1 0 1 1 0 1 1 1 1 1 1 1 0 0 0 0 1 1 0 1 0 0 1 1 0 0 0 0 0 1 1
1 1 1 0 0 1 1 1 0 0 1 1 1 0 0 1 0 0 0 1 1 0 1 1 0 1 1 1 1 1 1 1 0 0 0 0 1 1 0 1 0 0 1 1 0 0 0 0 0 1 0 1 0 1 0 1 0 0 1 0 1 0 1 0 1 0 0 0 0 0 1 1 0 0 1 0 1 1 0 0 0 0 1 1 1 1 1 1 1 0 1 1 0 1 1 0 0 0 1 0 0 1
1 0 1 0 1 0 0 1 0 1 0 1 0 1 0 0 0 0 0 1 1 0 0 1 0 1 1 0 0 0 0 1 1 1 1 1 1 1 0 1 1 0 1 1 0 0 0 1 0 0 1 1 1 0 0 1 1 1 0 0 1 1 1 0 0 1 0 0 0 1 1 0 1 1 0 1 1 1 1 1 1 1 0 0 0 0 1 1 0 1 0 0 1 1 0 0 0 0 0 1 0 1
1 1 0 0 1 1 1 0 0 1 1 1 0 0 1 0 0 0 1 1 0 1 1 0 1 1 1 1 1 1 1 0 0 0 0 1 1 0 1 0 0 1 1 0 0 0 0 0 1 0 1 0 1 0 1 0 0 1 0 1 0 1 0 1 0 0 0 0 0 1 1 0 0 1 0 1 1 0 0 0 0 1 1 1 1 1 1 1 0 1 1 0 1 1 0 0 0 1 0 0 1 1
0 1 0 1 0 0 1 0 1 0 1 0 1 0 0 0 0 0 1 1 0 0 1 0 1 1 0 0 0 0 1 1 1 1 1 1 1 0 1 1 0 1 1 0 0 0 1 0 0 1 1 1 0 0 1 1 1 0 0 1 1 1 0 0 1 0 0 0 1 1 0 1 1 0 1 1 1 1 1 1 1 0 0 0 0 1 1 0 1 0 0 1 1 0 0 0 0 0 1 0 1 1
1 0 0 1 1 1 0 0 1 1 1 0 0 1 0 0 0 1 1 0 1 1 0 1 1 1 1 1 1 1 0 0 0 0 1 1 0 1 0 0 1 1 0 0 0 0 0 1 0 1 0 1 0 1 0 0 1 0 1 0 1 0 1 0 0 0 0 0 1 1 0 0 1 0 1 1 0 0 0 0 1 1 1 1 1 1 1 0 1 1 0 1 1 0 0 0 1 0 0 1 1 1
1 0 1 0 0 1 0 1 0 1 0 1 0 0 0 0 0 1 1 0 0 1 0 1 1 0 0 0 0 1 1 1 1 1 1 1 0 1 1 0 1 1 0 0 0 1 0 0 1 1 1 0 0 1 1 1 0 0 1 1 1 0 0 1 0 0 0 1 1 0 1 1 0 1 1 1 1 1 1 1 0 0 0 0 1 1 0 1 0 0 1 1 0 0 0 0 0 1 0 1 0 1
0 0 1 1 1 0 0 1 1 1 0 0 1 0 0 0 1 1 0 1 1 0 1 1 1 1 1 1 1 0 0 0 0 1 1 0 1 0 0 1 1 0 0 0 0 0 1 0 1 0 1 0 1 0 0 1 0 1 0 1 0 1 0 0 0 0 0 1 1 0 0 1 0 1 1 0 0 0 0 1 1 1 1 1 1 1 0 1 1 0 1 1 0 0 0 1 0 0 1 1 1 1
0 1 0 0 1 0 1 0 1 0 1 0 0 0 0 0 1 1 0 0 1 0 1 1 0 0 0 0 1 1 1 1 1 1 1 0 1 1 0 1 1 0 0 0 1 0 0 1 1 1 0 0 1 1 1 0 0 1 1 1 0 0 1 0 0 0 1 1 0 1 1 0 1 1 1 1 1 1 1 0 0 0 0 1 1 0 1 0 0 1 1 0 0 0 0 0 1 0 1 0 1 1
0 1 1 1 0 0 1 1 1 0 0 1 0 0 0 1 1 0 1 1 0 1 1 1 1 1 1 1 0 0 0 0 1 1 0 1 0 0 1 1 0 0 0 0 0 1 0 1 0 1 0 1 0 0 1 0 1 0 1 0 1 0 0 0 0 0 1 1 0 0 1 0 1 1 0 0 0 0 1 1 1 1 1 1 1 0 1 1 0 1 1 0 0 0 1 0 0 1 1 1 0 1
1 0 0 1 0 1 0 1 0 1 0 0 0 0 0 1 1 0 0 1 0 1 1 0 0 0 0 1 1 1 1 1 1 1 0 1 1 0 1 1 0 0 0 1 0 0 1 1 1 0 0 1 1 1 0 0 1 1 1 0 0 1 0 0 0 1 1 0 1 1 0 1 1 1 1 1 1 1 0 0 0 0 1 1 0 1 0 0 1 1 0 0 0 0 0 1 0 1 0 1 0 1
1 1 1 0 0 1 1 1 0 0 1 0 0 0 1 1 0 1 1 0 1 1 1 1 1 1 1 0 0 0 0 1 1 0 1 0 0 1 1 0 0 0 0 0 1 0 1 0 1 0 1 0 0 1 0 1 0 1 0 1 0 0 0 0 0 1 1 0 0 1 0 1 1 0 0 0 0 1 1 1 1 1 1 1 0 1 1 0 1 1 0 0 0 1 0 0 1 1 1 0 0 1
0 0 1 0 1 0 1 0 1 0 0 0 0 0 1 1 0 0 1 0 1 1 0 0 0 0 1 1 1 1 1 1 1 0 1 1 0 1 1 0 0 0 1 0 0 1 1 1 0 0 1 1 1 0 0 1 1 1 0 0 1 0 0 0 1 1 0 1 1 0 1 1 1 1 1 1 1 0 0 0 0 1 1 0 1 0 0 1 1 0 0 0 0 0 1 0 1 0 1 0 1 1
