C Criteria = 0
C Removed Row = 259
C Missings = 0
C Uncovering Columns = 0
C
259 132 2^132 5
0 1 1 1 1 1 1 1 1 1 1 0 0 1 1 0 0 1 0 1 0 0 0 0 1 0 0 0 0 1 1 0 1 1 1 1 1 1 0 0 0 0 0 0 0 0 0 0 0 0 0 0 0 0 0 1 0 1 0 0 0 1 1 1 1 1 0 0 1 0 1 0 0 0 1 0 1 0 0 0 1 1 0 0 1 0 0 0 1 1 0 0 0 0 1 1 1 1 0 0 0 0 1 0 1 0 1 1 1 1 1 0 0 1 0 0 1 1 0 0 1 1 0 1 1 1 0 1 1 0 0 0
0 0 0 0 0 0 1 0 0 1 1 1 1 1 1 0 1 0 0 1 1 0 1 0 1 0 0 0 1 1 1 0 1 0 1 0 1 0 1 1 1 0 0 0 0 1 0 1 1 0 0 1 0 1 0 0 1 1 0 0 1 1 1 0 0 1 1 0 0 1 1 0 1 0 1 1 1 0 1 1 0 0 1 1 0 1 1 0 1 1 0 0 1 0 1 1 0 1 1 1 0 1 0 0 1 0 1 1 1 0 1 0 0 0 0 0 0 0 1 1 0 0 1 0 1 0 0 0 1 1 1 1
0 1 1 1 0 1 1 0 1 0 0 0 1 0 0 1 1 1 0 0 0 1 1 1 0 1 0 0 1 1 1 1 0 1 1 1 0 0 1 1 1 0 0 0 0 0 1 1 0 1 0 0 1 0 1 0 1 0 0 0 1 1 1 0 1 0 1 1 0 1 1 0 0 0 1 1 1 0 0 1 1 1 0 1 1 1 1 1 0 1 0 0 0 1 0 1 1 0 1 0 1 0 1 0 1 1 0 0 1 1 0 0 0 0 0 0 1 0 0 1 1 1 0 1 0 0 0 0 1 0 1 0
1 0 0 1 0 0 0 1 1 1 1 1 0 1 0 0 0 1 1 0 1 1 0 1 0 1 0 1 1 1 0 1 1 1 0 1 1 1 1 1 1 0 0 0 0 1 1 0 0 0 0 0 0 1 0 1 1 1 1 0 0 1 1 0 0 1 1 1 1 0 1 1 0 1 1 0 1 0 0 0 0 1 1 1 0 1 1 0 1 1 1 0 0 0 1 0 0 0 0 0 1 1 1 1 0 0 1 0 0 1 0 1 1 0 0 0 0 0 1 1 0 1 0 1 0 1 0 1 0 0 0 0
0 0 1 0 0 1 0 0 1 0 0 1 1 0 0 1 1 1 1 1 0 0 0 0 1 0 1 1 0 1 0 0 0 1 0 0 1 0 0 1 0 1 0 0 0 1 0 0 1 0 1 0 0 0 1 0 1 1 1 0 0 0 1 1 0 0 0 1 1 0 0 1 1 0 1 1 0 0 0 1 1 0 1 0 0 1 1 0 0 0 1 1 1 0 1 1 1 0 0 1 0 1 1 0 1 0 1 0 1 1 1 0 1 0 0 1 1 1 0 1 1 0 1 1 0 1 1 1 1 0 1 0
1 0 0 1 1 1 1 0 0 1 1 1 0 0 1 0 0 1 0 1 0 1 1 0 0 1 0 1 0 1 0 1 0 0 1 0 0 1 1 1 1 1 1 0 0 0 1 0 1 1 0 0 0 0 0 1 0 1 0 1 0 0 0 1 1 0 1 0 1 1 1 1 1 0 0 1 0 1 1 0 1 1 0 0 1 0 1 0 1 1 1 1 1 0 1 0 1 0 0 1 0 1 0 1 1 1 0 0 1 1 0 0 0 0 0 1 0 0 1 1 1 0 0 1 0 0 0 0 0 1 1 1
0 1 1 0 1 0 0 1 1 1 0 0 0 0 0 0 1 0 1 0 0 1 0 1 1 0 0 1 1 1 1 1 0 1 1 1 0 1 0 1 1 0 1 1 0 0 1 0 0 1 0 1 0 0 0 0 0 1 1 0 0 0 0 0 1 1 0 1 0 1 0 0 1 1 1 0 0 0 1 1 0 1 1 1 0 0 0 1 1 1 1 1 1 1 0 0 1 0 0 1 0 1 0 1 1 1 1 1 1 0 1 1 0 0 0 0 1 1 0 1 0 0 1 0 1 1 0 0 0 0 1 1
1 0 1 0 0 1 1 0 1 1 0 1 0 1 1 0 1 1 1 1 1 1 1 0 0 0 1 0 1 1 1 1 1 0 0 1 1 0 1 0 1 1 1 1 0 0 1 1 0 0 1 0 1 0 0 0 0 0 1 0 1 0 0 1 1 1 0 0 1 1 1 0 0 1 0 1 0 0 0 0 0 1 1 0 1 1 0 1 0 0 1 1 1 0 1 1 0 0 0 0 0 0 1 0 1 1 0 1 1 0 1 1 0 1 0 0 0 0 1 1 0 1 1 0 0 0 1 1 0 0 0 0
0 1 1 0 1 1 1 1 0 0 0 0 1 0 0 1 0 0 1 1 0 1 1 1 0 0 0 0 1 1 0 1 1 1 1 0 1 0 0 0 1 0 1 1 0 0 0 1 1 0 1 0 0 1 0 0 0 0 1 1 0 1 0 1 1 1 1 0 0 0 1 1 0 1 1 0 1 1 1 1 1 1 1 1 0 0 1 0 1 1 1 1 0 0 1 1 1 0 0 1 0 1 1 0 0 0 0 0 0 0 0 0 1 1 1 0 0 1 1 0 0 1 0 0 0 0 1 0 1 1 1 0
0 0 0 1 0 1 0 0 1 1 1 1 1 0 1 0 1 1 1 1 1 0 0 0 0 1 1 0 0 1 1 0 0 0 1 1 0 1 1 1 0 0 1 1 1 0 1 0 0 1 0 1 0 0 1 0 1 0 0 0 0 0 1 1 0 1 1 1 0 1 0 1 1 0 1 0 1 1 1 1 1 0 1 1 0 1 0 0 1 0 1 1 0 1 0 1 1 0 0 0 0 0 1 0 1 0 0 1 0 0 0 0 1 1 1 1 0 0 1 0 0 0 0 0 1 0 1 1 0 1 0 0
1 1 1 0 0 0 1 0 0 0 0 1 0 1 0 1 1 0 1 0 1 0 0 0 1 1 0 1 0 1 1 0 0 1 1 1 1 1 1 1 0 1 1 1 1 0 1 0 0 1 1 0 1 1 0 0 0 1 0 0 0 1 0 1 0 0 1 1 1 0 1 0 1 1 1 1 1 0 0 0 1 0 0 0 0 0 1 1 1 0 0 1 0 1 0 0 1 1 1 1 0 1 1 0 1 1 0 0 0 0 1 0 1 1 1 0 0 0 1 0 0 1 0 1 1 1 0 0 0 0 0 1
0 0 0 0 1 0 1 0 0 1 1 1 0 1 0 1 1 1 0 1 0 1 0 0 0 0 0 0 0 1 0 1 1 1 0 1 1 1 0 1 0 1 1 1 1 0 0 0 0 1 0 0 0 1 1 0 1 1 1 0 1 0 1 0 0 0 0 1 1 1 1 1 0 1 1 0 0 1 1 1 1 0 0 1 1 0 0 1 0 1 0 0 1 0 0 0 0 1 1 1 1 0 0 0 1 1 1 0 1 0 0 1 1 1 1 1 0 1 1 1 0 1 0 0 0 0 1 0 1 0 1 0
0 0 1 0 1 0 0 1 1 0 1 1 1 0 1 1 0 1 1 0 0 0 0 0 0 1 0 0 1 1 1 1 1 0 1 0 1 1 1 0 1 0 0 1 1 1 1 0 0 0 1 1 0 0 1 1 0 0 0 0 0 1 0 1 1 0 0 0 1 1 1 0 1 1 1 1 0 0 0 1 1 1 0 1 0 1 0 0 0 0 1 0 0 0 0 0 0 1 1 1 1 1 0 0 0 0 0 1 1 1 1 1 1 1 1 1 1 0 0 1 0 0 0 1 0 0 1 0 0 1 1 1
1 1 0 1 0 0 1 0 0 0 1 0 1 0 0 0 0 1 1 1 0 1 0 0 1 0 1 1 1 1 0 0 0 1 0 1 0 1 1 0 1 0 0 0 1 1 1 1 0 0 1 0 1 0 0 1 0 1 1 0 0 0 1 0 0 1 0 0 0 1 0 0 0 0 1 0 0 1 1 0 1 1 1 0 0 1 1 1 0 1 0 1 0 1 1 0 0 1 1 1 1 1 1 0 1 1 1 1 0 0 1 0 0 1 1 1 1 0 1 0 1 1 0 0 0 0 1 0 0 1 1 1
1 0 0 1 0 1 1 0 1 0 0 1 0 1 0 0 0 1 0 1 1 1 0 0 1 0 0 0 1 1 1 1 1 1 1 0 1 1 0 1 0 0 1 0 1 1 1 1 0 0 0 1 0 1 0 0 0 0 1 1 0 0 0 1 0 0 0 0 0 1 0 1 0 1 0 1 1 1 0 1 0 0 1 1 1 0 1 1 0 0 1 0 1 1 0 1 1 1 1 0 1 1 1 1 1 0 0 0 1 1 1 0 1 0 1 0 1 1 0 0 1 0 0 0 0 1 0 0 0 1 0 1
1 0 0 0 0 1 1 1 0 1 0 1 1 1 1 1 0 0 1 0 0 0 0 0 0 0 0 1 1 1 0 1 1 0 1 1 0 0 1 1 0 1 0 1 1 1 0 0 0 0 0 1 1 0 1 0 1 0 1 0 0 0 0 1 1 0 1 0 0 0 0 1 1 0 0 0 1 0 1 0 1 1 0 1 1 1 0 1 1 1 1 1 0 1 1 0 0 1 1 0 1 1 1 1 1 0 0 0 0 0 1 0 0 0 0 1 0 1 0 1 1 1 1 0 1 1 1 0 1 0 1 0
0 1 1 1 1 0 1 1 1 0 1 0 1 1 1 1 1 0 1 1 0 0 1 0 0 1 1 0 0 1 1 1 1 1 0 1 1 1 0 0 1 1 1 0 0 1 1 0 0 0 0 0 1 1 0 1 1 0 0 0 1 0 0 1 0 1 0 1 0 0 0 1 1 0 0 0 0 0 1 0 0 0 1 1 0 1 1 0 1 0 0 1 1 0 0 0 1 1 1 0 1 0 1 1 1 1 0 0 0 0 0 0 1 1 0 0 0 1 0 1 1 0 1 1 0 0 0 0 0 1 1 1
0 1 0 1 1 1 0 0 0 1 1 1 1 0 1 1 1 0 1 1 1 1 1 1 1 0 1 0 0 1 1 1 0 0 1 0 1 0 0 1 1 0 1 1 0 1 1 0 0 0 0 0 0 1 1 0 0 1 1 1 0 1 0 0 1 0 0 0 1 0 1 1 1 1 0 0 0 0 1 0 1 0 0 1 0 1 1 1 0 0 0 0 0 1 1 1 0 0 1 0 1 0 0 1 0 1 1 1 0 0 1 0 0 0 1 1 1 0 1 0 1 1 1 1 0 1 0 0 0 0 0 0
1 1 1 1 0 0 1 0 0 0 1 0 0 1 0 0 0 0 1 1 1 1 1 1 0 0 0 0 0 1 1 0 1 0 1 1 0 1 0 1 0 1 0 1 1 1 0 1 0 0 0 0 0 0 1 1 0 1 1 1 0 0 1 1 0 1 1 0 0 0 1 0 1 1 1 1 0 0 0 1 1 0 0 0 1 1 1 0 1 0 1 0 0 0 0 0 1 0 0 1 1 0 0 1 0 1 0 1 1 0 0 0 1 1 0 0 1 0 0 1 1 1 1 0 1 1 1 1 1 0 1 1
1 0 0 0 1 0 0 1 0 1 0 0 1 0 0 1 1 1 0 1 1 0 1 1 1 1 0 0 0 1 0 0 0 0 1 1 1 1 1 1 1 1 0 0 0 1 1 1 1 0 0 0 0 0 0 1 0 0 0 0 1 0 0 1 0 0 0 1 0 1 0 0 0 1 1 0 1 0 1 0 0 1 0 1 0 0 1 1 0 1 1 1 0 0 0 1 0 1 0 0 0 0 0 1 0 1 0 0 1 1 1 0 1 1 1 1 1 1 1 1 1 1 1 0 1 1 1 1 1 1 0 0
1 0 1 1 1 0 1 0 1 0 1 0 0 0 1 0 0 1 0 0 0 1 1 1 1 1 1 1 1 1 1 0 1 1 1 1 1 0 0 1 1 1 1 0 1 0 0 0 1 1 0 0 0 0 0 0 1 0 1 0 1 1 0 0 0 0 1 0 1 0 1 0 0 1 0 0 1 0 1 1 1 1 1 0 1 1 0 0 0 0 0 1 0 1 0 0 0 0 1 0 0 1 0 1 0 0 1 1 0 0 1 0 1 0 1 1 0 1 0 1 1 0 1 0 0 0 1 1 1 1 0 1
0 1 0 0 1 1 1 1 0 0 0 1 1 1 1 0 0 0 0 0 0 1 1 1 0 1 0 0 0 1 1 0 0 0 0 1 1 1 1 0 0 0 1 1 1 0 0 1 1 1 0 0 0 0 0 0 1 0 0 1 0 1 1 1 0 0 0 1 0 0 0 0 0 0 1 1 0 0 0 0 1 0 1 1 1 0 1 1 0 0 1 0 1 1 1 0 0 1 0 1 1 1 1 1 1 0 1 1 0 0 0 1 0 0 0 1 1 1 1 1 0 1 1 1 0 1 1 1 0 1 0 1
1 1 0 1 0 1 0 1 0 0 0 0 0 1 1 1 0 1 0 0 1 1 1 1 0 0 1 0 0 1 0 1 1 1 0 0 1 1 0 1 1 1 0 1 0 1 0 1 1 1 1 0 0 0 0 0 0 1 0 0 0 0 1 0 1 0 0 0 1 1 0 1 0 0 0 1 1 0 1 1 1 0 0 1 0 1 0 1 1 1 1 1 0 1 0 0 1 1 1 0 0 0 0 0 1 0 1 1 0 1 1 1 1 1 0 0 0 0 0 0 0 1 1 1 1 0 0 1 0 1 1 1
0 1 0 0 1 0 1 0 1 1 1 1 1 1 0 1 1 0 1 0 1 1 1 1 0 0 1 1 1 1 1 1 1 0 0 0 0 1 1 0 0 0 1 0 0 0 1 1 1 1 1 0 0 0 0 0 1 1 0 1 1 0 0 0 0 1 0 0 0 0 0 0 1 0 0 1 1 1 0 0 1 0 0 0 0 1 1 1 1 1 1 1 0 1 0 0 0 0 1 1 1 1 0 0 0 0 0 0 1 1 1 1 1 1 1 1 0 1 0 1 1 0 0 0 0 1 0 1 1 0 0 0
0 0 1 1 0 0 1 0 1 0 1 0 1 1 1 1 1 0 1 1 1 0 0 1 0 1 0 1 0 1 0 0 1 1 0 0 0 1 0 1 1 1 1 1 1 1 0 0 1 1 1 1 0 0 0 0 1 0 1 1 0 1 0 0 0 0 0 0 0 1 1 0 0 0 0 0 1 1 0 0 0 1 0 1 0 0 1 0 0 1 1 1 1 0 1 1 0 0 0 0 1 0 1 1 1 1 0 1 1 0 1 1 0 0 1 1 1 0 0 0 0 1 0 1 1 0 0 1 1 0 1 1
1 1 0 1 1 0 1 0 1 0 1 1 1 0 0 1 0 0 0 1 0 1 0 0 0 1 0 0 1 1 0 1 0 0 1 0 0 0 0 1 0 0 1 1 1 1 1 1 1 1 1 1 1 0 0 0 1 1 0 0 1 0 1 1 1 0 1 0 0 0 1 1 0 1 1 0 0 1 0 0 0 1 1 1 0 1 0 1 0 0 0 1 1 0 1 0 1 1 0 0 0 0 0 0 0 0 1 0 0 0 1 1 1 1 0 0 1 0 1 1 1 0 1 1 1 1 0 1 1 0 0 1
1 0 0 1 0 1 1 0 0 1 1 0 0 0 0 0 0 1 1 0 1 0 1 0 0 1 0 0 0 1 0 0 1 0 1 1 0 0 0 0 1 1 1 1 0 0 0 0 1 1 1 1 1 1 0 0 0 1 1 0 1 1 0 0 1 1 0 1 0 0 0 0 1 0 1 1 1 1 1 1 0 0 1 1 0 1 1 1 0 0 1 0 0 0 1 0 1 1 1 0 0 0 1 1 0 0 1 1 1 1 0 1 0 1 1 1 1 1 0 1 1 0 0 1 0 1 1 0 0 0 1 0
1 0 1 0 1 1 0 0 0 1 0 0 1 0 1 0 0 1 0 1 0 1 0 1 0 0 0 1 0 1 1 0 1 0 0 1 1 0 1 1 1 1 0 1 1 0 1 1 0 1 1 1 1 1 1 0 1 1 0 0 0 1 1 1 0 1 0 0 1 0 0 1 0 0 0 1 0 1 0 0 0 1 0 1 0 1 1 0 1 1 0 1 0 0 0 1 1 0 1 0 1 1 0 1 0 1 1 0 1 0 0 1 0 1 1 0 1 1 0 0 0 0 1 0 0 1 0 0 1 1 0 1
1 1 1 1 1 0 0 0 1 1 0 0 1 0 1 0 1 0 0 0 0 1 1 0 0 1 0 0 0 1 0 0 0 1 1 0 1 0 0 1 0 1 1 0 1 1 0 0 0 0 1 1 1 1 1 1 0 0 1 0 0 0 1 0 0 0 1 0 0 0 0 0 1 1 0 1 1 1 1 0 1 1 1 0 0 1 1 1 1 1 1 0 1 1 0 1 0 1 0 1 1 1 0 0 1 0 0 1 1 1 0 1 0 1 1 0 0 1 1 1 0 1 1 1 0 0 0 1 0 0 0 0
0 1 1 1 1 1 0 0 1 0 0 1 0 1 1 0 1 0 0 0 1 0 1 1 1 0 0 1 0 1 1 1 1 0 0 1 0 1 0 1 1 0 0 1 1 1 0 1 1 0 1 1 1 1 1 1 1 1 0 0 0 0 0 1 1 0 1 1 0 1 1 0 0 0 0 0 0 1 0 1 1 1 1 0 0 0 1 0 0 1 1 1 0 0 1 0 0 1 1 0 0 0 0 0 1 1 1 1 0 1 0 0 1 0 1 0 0 1 1 1 1 0 0 0 0 1 1 0 0 0 0 0
0 1 0 0 0 1 0 0 1 0 0 0 1 0 1 1 0 0 1 0 1 1 0 1 1 0 0 1 1 1 0 1 0 0 0 0 1 1 1 1 1 1 1 0 1 0 0 1 0 1 0 1 1 1 1 1 0 0 0 0 0 0 0 0 0 1 0 1 1 0 1 0 0 1 1 1 1 1 1 1 0 0 1 0 1 0 0 0 1 0 0 1 1 0 1 0 1 1 1 0 1 0 0 1 0 0 0 1 1 0 1 0 0 1 0 1 0 0 1 1 1 1 0 1 0 1 0 1 1 1 1 0
0 1 0 1 1 1 1 1 0 1 1 0 0 0 0 0 1 1 1 1 1 1 0 0 1 1 0 0 0 1 1 0 0 1 0 0 0 0 1 0 1 1 1 1 0 1 1 1 1 0 0 1 1 1 1 1 1 1 0 0 0 0 0 0 1 0 0 0 1 0 0 0 0 0 1 0 1 0 0 1 1 1 0 0 1 0 0 0 1 1 1 0 1 1 1 1 1 1 1 1 1 0 1 1 0 0 0 0 0 0 1 1 1 0 1 0 0 0 0 1 0 0 1 0 0 0 1 1 1 0 0 1
0 0 1 0 1 0 1 1 1 1 0 1 0 1 0 0 1 1 0 1 1 1 1 0 1 1 1 0 0 1 0 0 0 1 1 0 0 1 1 0 1 0 0 1 1 1 0 0 1 1 1 0 1 1 1 1 1 0 1 0 0 0 0 0 1 1 1 0 0 1 1 1 0 0 0 0 1 0 0 0 0 0 1 1 1 0 0 1 1 0 1 1 0 0 0 0 1 0 1 1 1 1 0 0 0 0 1 1 1 0 0 0 0 1 0 1 1 0 0 0 1 1 1 1 0 1 0 0 1 1 0 0
1 0 1 0 0 1 0 1 0 1 0 1 0 0 0 1 1 0 0 0 0 1 1 1 1 1 1 0 1 1 0 0 1 1 1 1 0 0 0 0 0 1 1 0 0 1 0 1 0 1 0 0 0 1 1 1 1 1 0 1 0 0 0 1 0 1 0 1 0 1 1 0 1 0 1 1 0 1 0 0 0 1 0 1 1 1 0 0 0 0 1 1 0 1 1 1 0 1 0 0 1 1 0 1 1 0 1 1 0 0 1 1 1 1 1 0 0 0 1 0 1 0 0 1 0 0 0 0 1 0 1 1
0 0 1 0 1 0 1 1 0 0 1 1 1 1 0 0 0 1 0 0 0 0 0 1 1 1 1 0 1 1 0 1 0 0 0 1 1 0 0 0 0 0 1 1 1 1 1 1 0 0 1 1 0 0 1 1 0 1 0 1 0 0 0 0 0 0 1 0 1 0 1 0 0 0 1 1 1 0 1 1 0 0 1 0 1 1 1 1 1 1 1 1 0 0 0 1 1 0 1 0 0 0 1 1 1 1 1 0 1 0 0 1 0 0 1 1 0 1 1 0 1 0 1 1 1 0 0 1 0 0 1 0
0 0 0 1 0 1 0 1 1 1 0 0 0 0 1 1 1 1 1 0 0 0 1 0 1 0 1 0 0 1 1 1 1 0 0 0 1 0 1 1 0 0 1 1 1 0 1 0 1 0 1 0 1 0 0 1 1 1 1 1 1 0 0 0 0 0 1 1 0 0 0 1 0 1 1 1 1 1 0 1 1 1 0 1 1 0 1 0 0 1 0 1 0 0 0 0 0 1 0 1 1 1 1 1 0 0 1 1 1 0 0 0 0 1 0 0 1 0 1 0 1 0 1 0 1 0 0 1 0 0 1 1
1 1 1 0 0 0 0 1 1 0 1 0 1 0 0 0 0 1 1 1 0 0 1 1 1 0 1 0 0 1 0 0 0 1 0 0 0 1 1 1 0 0 1 1 0 1 1 1 1 1 0 1 0 1 0 0 1 0 1 1 1 1 0 1 0 0 0 1 1 1 1 1 1 0 0 1 0 1 0 1 1 1 1 0 1 1 0 1 1 1 0 0 0 0 1 0 0 1 1 0 0 1 0 1 1 0 0 0 1 0 0 0 0 1 1 0 0 0 0 1 0 1 1 1 1 1 1 0 0 0 0 0
0 0 0 1 0 1 0 1 1 0 0 1 0 0 0 0 1 0 0 1 1 0 1 1 0 0 1 0 1 1 0 1 1 1 1 0 0 1 1 0 1 1 0 1 1 0 0 0 0 1 0 1 1 0 1 0 0 1 1 1 1 1 1 1 0 0 0 0 1 0 0 0 1 0 1 0 1 0 1 0 0 1 1 0 1 0 1 0 0 1 0 0 0 0 1 0 1 0 1 1 1 1 0 0 1 1 0 0 0 0 1 1 1 1 1 0 1 1 1 1 1 0 1 1 1 0 0 1 0 1 0 0
1 0 0 0 1 1 1 1 1 1 0 1 1 0 1 0 0 1 1 0 0 1 1 1 0 0 1 0 0 1 1 1 0 1 1 1 0 0 0 1 1 0 0 0 1 1 0 0 1 0 1 0 1 1 0 1 1 1 0 1 1 1 1 1 0 0 0 0 0 1 1 0 0 1 0 0 0 0 1 1 0 0 1 0 0 0 0 0 1 0 0 0 0 1 1 0 1 1 0 1 1 0 1 1 1 1 0 0 1 1 1 1 0 1 1 1 0 0 0 0 0 0 0 0 1 1 0 1 1 0 1 0
0 1 1 1 0 1 1 0 0 1 0 1 0 1 0 0 1 0 1 1 0 1 0 1 1 1 1 1 1 1 1 1 0 0 0 1 1 0 1 0 0 1 0 0 1 1 1 0 1 1 1 0 0 1 1 0 0 0 0 1 1 1 1 0 0 0 0 0 0 1 0 1 0 1 1 0 0 1 1 0 0 1 0 1 0 0 0 0 1 0 1 0 0 0 1 0 1 1 1 0 0 1 0 0 0 0 0 1 1 1 0 0 0 0 1 0 0 1 0 1 1 1 1 1 1 0 1 1 0 0 1 1
0 0 1 0 1 0 0 0 0 1 0 0 0 0 1 1 1 1 1 1 1 0 1 0 0 0 0 1 1 1 1 0 0 1 1 0 1 0 0 0 1 0 0 0 1 0 1 1 1 1 0 1 0 0 1 1 0 1 1 1 1 1 1 0 0 0 0 0 0 0 1 0 1 0 0 0 0 1 0 0 1 1 1 1 1 1 0 1 1 0 1 1 1 0 0 0 1 1 1 0 1 0 1 1 1 0 1 0 0 1 0 1 1 0 0 0 0 0 1 0 1 1 0 0 1 1 1 1 0 1 1 0
0 1 1 0 0 1 0 1 0 1 1 1 0 0 0 0 1 0 0 1 0 1 0 1 1 0 0 1 0 1 0 1 1 0 1 1 0 1 0 0 0 1 1 0 0 1 1 0 1 1 1 1 1 0 0 1 0 0 1 0 1 1 1 1 1 0 0 0 0 0 1 1 0 0 1 1 1 0 0 1 1 0 1 0 0 1 1 0 0 0 0 1 1 1 0 0 0 1 1 0 1 1 1 1 0 1 0 1 1 1 0 1 1 0 0 1 0 0 1 0 0 1 1 0 1 0 0 0 1 1 0 0
0 0 1 0 1 1 0 0 0 0 0 0 1 1 0 0 0 1 1 0 1 0 1 0 1 1 1 1 0 1 0 0 0 0 1 1 1 1 1 1 0 0 1 1 0 1 0 1 0 1 1 0 1 1 0 0 1 0 1 0 1 1 1 1 1 1 0 0 0 0 1 1 1 1 1 0 0 1 1 1 0 1 0 0 1 0 1 0 1 1 1 0 1 1 0 0 0 0 1 0 1 0 0 0 1 0 0 0 0 1 1 1 1 0 0 1 1 0 1 0 1 0 1 0 0 0 0 1 0 0 1 1
1 0 0 1 0 0 1 1 1 0 0 0 0 1 0 1 1 1 0 1 0 0 1 1 0 0 0 1 0 1 1 1 0 1 0 1 1 0 1 1 0 0 0 1 0 1 1 0 1 0 1 1 0 1 1 0 0 0 0 1 0 1 1 1 1 1 0 0 0 0 0 0 1 0 1 0 1 1 1 1 1 0 1 0 1 0 0 1 1 0 0 1 1 0 0 1 0 0 0 0 1 1 0 1 0 1 1 1 0 1 1 1 0 1 0 1 0 0 1 1 1 0 0 1 0 0 1 0 1 0 0 1
0 0 0 0 0 0 0 0 0 0 1 1 1 0 1 0 0 0 0 1 0 1 1 0 1 0 1 1 0 1 1 1 1 1 0 1 0 1 1 0 1 1 0 1 1 0 0 0 1 0 0 1 1 1 0 1 0 0 0 1 1 0 0 1 1 1 1 1 0 0 1 0 0 1 1 0 1 1 0 0 1 0 0 1 0 1 0 1 1 1 0 0 1 1 0 1 1 0 0 0 0 1 0 1 1 0 1 0 1 1 1 1 1 0 1 0 1 0 0 0 1 1 1 1 0 0 1 1 0 0 1 0
1 1 0 1 1 0 1 0 1 1 0 1 1 1 0 0 1 1 1 0 0 1 1 1 1 0 0 1 0 1 0 1 1 1 1 0 1 1 0 0 0 0 0 0 1 0 1 0 1 1 1 1 1 1 1 0 1 1 0 1 0 1 0 0 1 1 1 1 1 0 0 0 0 0 1 1 0 0 1 0 0 1 0 0 1 1 1 0 0 0 1 0 1 0 0 1 0 1 0 0 0 0 0 1 1 0 0 0 0 0 1 0 1 1 0 1 1 0 0 0 0 1 1 0 1 0 1 0 0 1 1 0
1 0 1 1 0 0 1 1 0 0 0 1 1 0 0 1 0 1 1 1 1 0 1 1 0 0 0 0 0 1 1 1 0 0 0 1 0 0 0 1 0 0 0 0 0 0 1 0 0 1 0 0 1 1 1 1 0 0 1 0 1 0 1 0 1 1 1 1 1 0 1 0 0 0 0 0 0 1 0 0 1 0 1 1 1 0 1 0 0 1 1 1 1 1 1 1 0 1 1 1 0 1 0 0 0 0 0 1 1 0 1 1 1 0 1 1 0 1 0 0 0 0 1 1 1 1 0 1 0 1 1 1
0 0 0 1 0 1 1 1 1 0 1 0 0 1 1 0 0 0 1 1 0 0 1 1 1 0 1 0 0 1 0 0 0 0 1 0 1 1 0 1 0 1 1 0 1 0 1 1 1 0 1 1 0 1 1 1 0 1 1 0 1 1 0 1 1 1 1 1 1 1 0 0 0 0 1 0 0 0 0 0 0 1 0 1 0 1 0 1 0 0 0 1 0 1 0 1 1 0 1 1 1 1 0 0 1 0 0 0 0 1 0 1 0 0 0 1 0 1 1 1 0 1 0 0 0 1 0 1 1 0 1 1
0 1 0 0 1 0 0 0 0 1 0 0 0 1 1 1 0 1 0 1 0 0 0 1 1 1 1 1 1 1 0 1 1 0 1 1 0 0 0 0 1 1 1 1 0 1 1 0 1 1 1 0 1 0 1 1 0 0 1 1 0 1 1 1 0 1 1 1 1 1 0 0 0 0 0 0 1 1 1 1 1 0 1 1 1 1 1 1 1 0 0 0 0 0 1 1 0 1 0 1 1 0 0 0 1 0 0 0 1 0 1 0 1 0 0 0 1 0 0 1 0 0 0 0 0 1 0 1 0 0 0 1
1 1 1 0 1 1 1 1 0 0 1 0 1 0 0 1 1 0 1 0 1 1 0 0 1 0 0 0 1 1 1 1 1 0 1 1 1 1 1 1 1 1 0 1 0 1 0 0 1 1 0 1 0 1 0 1 1 0 1 1 0 0 1 1 0 0 1 1 1 1 0 0 0 0 0 0 0 1 1 0 0 1 0 0 1 1 1 1 0 0 0 0 1 0 0 1 1 0 1 1 0 1 1 0 0 0 1 1 0 1 0 1 0 1 0 1 0 0 0 0 1 0 0 0 1 0 0 1 0 0 0 0
0 0 0 1 1 0 0 1 0 1 1 0 1 0 0 0 0 0 1 1 1 1 0 0 1 0 1 1 1 1 1 0 1 1 0 1 1 0 0 1 0 0 0 0 0 0 0 1 1 1 1 1 1 0 1 0 0 0 0 0 1 0 0 1 1 0 1 1 1 1 1 1 0 0 0 1 0 0 1 0 1 0 1 1 1 0 1 0 1 0 1 0 0 0 0 0 0 0 0 1 1 0 1 1 1 0 0 1 0 1 1 1 0 1 1 0 1 1 1 1 1 1 0 1 1 0 0 0 1 0 0 1
1 0 1 1 0 1 1 1 0 0 0 1 1 0 1 0 1 0 0 1 0 0 0 0 0 1 1 1 1 1 1 1 0 0 1 0 1 1 0 1 1 0 0 0 1 1 0 1 0 1 1 0 1 1 0 1 0 1 0 1 1 1 0 0 0 1 0 1 1 1 0 1 1 0 1 0 1 1 1 1 1 0 0 0 1 1 0 1 0 1 1 1 1 0 0 0 0 0 0 1 0 0 1 1 0 0 0 1 0 0 0 1 1 0 1 0 1 0 0 1 0 1 1 0 0 1 0 0 1 0 0 0
1 1 0 1 0 0 0 1 1 0 0 0 0 0 0 0 0 1 1 0 0 1 1 0 1 1 1 0 1 1 1 0 1 0 1 1 0 1 1 0 1 1 1 0 1 0 0 1 0 0 1 1 0 1 1 0 1 0 0 1 0 1 1 0 1 0 0 0 1 1 1 1 1 0 0 0 1 1 0 0 1 0 0 1 0 0 1 0 1 0 0 1 1 0 0 1 0 1 0 1 0 0 1 0 0 1 1 0 1 0 1 1 1 0 0 1 0 1 1 1 1 1 1 0 1 1 0 0 0 0 1 0
0 0 0 0 1 0 1 0 0 0 0 0 1 0 1 0 1 0 0 1 1 1 1 1 0 0 1 0 1 1 0 0 0 1 0 1 1 1 0 1 1 1 1 1 0 0 1 0 0 0 1 1 1 0 1 1 1 0 0 1 1 0 1 0 1 1 1 0 0 1 0 1 1 1 1 1 1 1 0 1 0 1 0 0 1 1 0 0 0 0 1 0 0 0 1 0 0 1 1 1 0 1 1 1 0 1 1 0 0 1 1 0 1 0 0 1 0 1 0 0 0 1 0 1 1 1 0 0 0 0 0 1
0 1 0 1 1 0 1 1 0 0 0 1 0 0 1 0 0 1 0 0 0 1 0 1 1 0 0 1 1 1 0 0 0 0 1 0 1 0 1 0 0 1 0 1 0 0 0 0 0 0 0 1 1 1 0 1 1 1 1 1 1 1 0 0 0 1 0 1 0 1 1 1 1 1 0 1 0 1 0 0 1 0 1 1 0 0 1 1 0 1 1 1 0 0 0 1 1 0 1 0 1 0 1 0 1 1 0 1 0 1 1 0 1 1 0 1 0 0 0 1 0 0 1 1 1 0 1 1 1 0 0 1
0 1 0 0 1 1 1 0 1 1 0 0 0 0 0 0 0 0 0 0 1 0 1 0 1 1 1 1 1 1 0 1 1 1 0 1 0 1 0 1 1 0 1 0 0 1 0 1 1 0 0 1 1 1 1 0 0 1 0 0 1 1 1 1 0 0 1 0 1 0 0 1 1 1 1 0 0 0 0 0 1 0 0 1 1 1 0 1 0 1 1 1 1 0 0 1 0 0 0 0 1 1 1 0 0 1 0 1 1 0 0 0 0 1 1 1 0 0 0 0 0 0 0 1 1 1 1 1 0 1 1 1
0 0 1 0 0 0 0 1 1 0 0 1 1 0 0 0 0 1 1 0 1 1 0 1 0 0 0 0 0 1 0 0 1 0 0 0 1 1 0 0 0 1 1 1 1 1 1 1 1 1 0 0 1 1 1 1 0 1 0 1 1 1 1 0 1 0 1 1 0 0 0 1 1 1 0 0 1 0 1 0 0 1 0 1 1 1 1 1 1 0 0 1 1 1 1 0 0 0 0 1 0 0 1 0 1 1 1 1 1 1 1 0 0 0 1 0 0 0 0 1 1 0 0 0 0 0 1 0 1 1 0 1
0 0 0 1 1 0 1 1 0 0 0 0 1 1 0 0 1 0 0 1 0 0 0 0 1 1 1 1 0 1 1 1 1 0 0 0 0 0 0 1 1 0 1 1 1 0 0 1 0 1 0 0 0 1 1 1 1 0 1 0 0 1 1 0 1 1 0 1 1 1 0 1 1 1 0 1 1 0 0 0 1 1 1 0 0 1 1 1 0 0 1 0 0 1 1 0 1 1 0 0 0 1 0 1 0 1 0 0 1 1 1 1 0 1 0 0 0 0 1 0 1 0 0 0 1 0 1 1 1 1 1 0
0 0 0 1 0 1 1 0 0 1 0 0 1 1 0 1 0 0 1 0 0 1 0 0 1 1 1 1 1 1 0 0 1 0 1 0 0 1 0 1 0 0 0 1 0 0 1 0 1 0 1 0 0 0 1 1 1 0 0 1 1 0 1 1 0 1 0 0 1 0 1 0 1 1 0 0 1 0 0 1 0 1 1 1 1 0 1 0 0 1 0 1 1 1 0 1 1 1 1 1 0 0 0 1 1 1 1 1 0 1 0 1 0 1 1 0 0 0 0 1 0 1 1 1 0 1 1 0 0 1 0 0
0 0 1 1 0 1 0 1 1 1 1 0 1 1 0 1 0 0 0 1 0 0 1 0 1 0 0 1 0 1 0 1 0 0 0 1 0 0 1 1 1 1 1 0 1 0 0 1 0 1 1 0 0 0 0 1 1 1 1 1 0 1 0 0 1 0 1 0 0 1 0 0 0 1 1 1 0 1 1 0 0 0 1 1 1 1 0 0 1 0 1 0 1 1 0 1 0 0 1 1 1 0 1 0 0 1 1 0 0 1 1 0 1 1 1 0 0 0 0 1 0 0 1 1 1 1 1 0 0 1 0 0
0 0 1 1 1 1 1 1 0 0 1 0 0 1 0 1 1 1 1 0 0 1 1 1 1 0 1 1 1 1 1 0 0 1 1 0 1 0 0 0 1 1 0 1 1 1 0 0 0 0 0 1 0 0 0 0 0 1 0 0 1 0 1 1 1 1 1 1 0 1 0 1 0 1 0 1 1 1 0 0 0 0 0 0 1 1 1 0 1 1 0 1 1 1 1 0 0 1 0 0 1 0 0 0 0 0 0 0 1 0 0 1 0 0 1 1 1 0 1 1 0 0 0 1 1 1 1 0 0 1 0 0
1 0 0 0 1 0 0 1 1 0 1 1 0 1 0 1 1 0 0 1 0 1 0 1 0 0 1 0 1 1 0 0 0 0 0 1 0 0 0 1 1 1 1 0 1 1 0 0 0 0 1 1 1 0 0 0 1 1 0 1 1 1 0 0 1 1 0 1 1 0 1 0 1 0 0 0 0 0 1 1 1 1 0 1 1 0 1 0 1 1 1 0 1 1 0 1 1 1 1 0 0 1 1 0 0 0 0 1 1 1 0 0 0 1 0 0 1 0 1 0 1 1 0 0 0 1 1 1 0 1 0 1
1 0 0 0 1 0 0 1 1 1 1 0 0 1 0 1 1 0 0 0 0 1 0 0 0 0 1 1 0 1 1 0 0 0 1 0 1 1 1 1 0 1 0 1 0 0 0 1 1 0 0 0 1 1 0 0 0 0 0 1 0 1 1 0 1 1 1 0 1 0 1 1 0 0 1 0 0 1 0 1 0 1 1 0 0 1 0 1 0 0 1 1 0 1 1 1 0 1 1 1 1 0 1 1 1 1 0 1 1 0 0 0 1 0 1 0 1 1 0 1 1 0 0 1 1 0 0 1 0 1 1 0
1 0 1 0 1 1 0 0 0 0 1 0 0 1 1 1 0 1 0 0 0 0 0 0 0 0 1 0 0 1 0 1 1 1 0 1 0 0 1 0 1 0 1 0 1 1 1 1 1 1 0 1 0 1 1 0 0 1 0 1 1 0 1 0 0 1 1 1 0 1 1 1 1 1 1 0 1 0 0 0 1 1 1 0 0 0 1 0 0 0 1 1 1 1 1 1 1 0 1 1 1 0 0 1 0 0 0 1 0 1 1 0 0 1 0 1 1 1 0 1 0 1 1 0 1 0 0 0 0 0 0 0
1 1 0 0 0 1 1 0 0 1 1 1 1 1 1 1 0 1 1 0 0 1 1 0 0 0 0 1 1 1 0 0 0 1 0 0 1 1 0 1 1 0 1 1 0 1 0 1 0 1 0 0 1 0 1 1 1 0 1 1 1 1 0 0 1 0 1 1 1 1 0 0 1 0 1 0 1 0 0 0 0 0 1 0 0 0 0 0 1 0 0 1 0 0 0 1 1 1 0 0 1 1 0 0 0 1 0 1 1 1 0 1 1 0 1 0 1 1 1 0 1 0 1 0 1 0 1 0 0 0 0 1
1 1 1 1 0 1 0 0 0 1 1 1 0 0 1 1 1 1 0 1 1 1 1 1 1 0 0 1 1 1 0 0 0 0 0 0 0 0 0 0 0 0 1 1 1 1 0 1 0 0 1 0 0 1 0 1 1 0 0 0 1 1 1 1 0 1 1 1 1 0 0 0 0 1 0 0 1 0 0 1 1 1 0 1 0 0 0 1 1 0 1 0 1 0 0 0 0 0 1 1 0 1 1 1 1 1 0 0 0 0 1 1 0 1 0 1 1 1 0 1 1 0 0 1 1 0 0 0 0 1 1 0
1 1 1 0 0 0 1 0 0 0 1 0 0 0 1 0 1 0 0 0 1 0 0 1 1 0 0 0 0 1 0 1 1 0 1 0 0 1 1 0 1 0 0 1 0 0 1 0 0 0 1 0 0 0 1 0 1 1 0 0 1 1 1 0 1 0 0 1 1 1 1 1 0 1 0 0 1 1 1 0 0 0 1 0 1 1 0 0 1 0 1 1 1 1 0 1 0 1 0 1 1 1 1 1 1 0 0 0 0 1 0 0 0 1 1 0 1 1 1 0 1 0 1 1 0 1 1 1 1 0 1 1
1 1 0 0 0 1 0 1 0 0 0 0 1 1 1 0 1 0 1 0 1 1 1 0 0 1 0 1 1 1 1 1 0 1 0 1 0 0 0 0 0 1 1 0 1 1 1 0 1 0 0 1 0 0 0 1 1 1 1 0 0 1 1 0 1 1 1 0 1 1 1 1 1 0 1 0 0 1 0 1 0 0 0 1 1 0 1 1 0 0 0 1 0 0 0 0 0 0 1 1 0 0 0 1 1 0 0 0 1 1 1 0 0 1 1 0 1 1 1 0 0 0 1 1 0 0 1 1 1 1 0 0
1 1 0 1 1 0 1 1 0 0 0 1 0 0 1 1 0 1 1 1 1 0 1 1 1 1 1 1 1 1 0 1 1 0 0 0 1 0 1 1 0 0 1 1 1 0 0 0 1 1 0 1 1 0 0 0 0 1 1 0 0 0 1 1 0 1 0 1 0 1 1 0 1 0 1 0 0 0 0 1 0 1 0 0 0 1 0 0 1 0 1 0 1 1 0 1 0 1 0 1 1 0 1 0 0 1 1 0 1 1 0 0 0 0 1 0 0 1 0 0 1 1 1 1 0 0 0 0 1 1 0 0
0 1 0 0 0 0 0 0 0 0 1 0 1 1 1 0 1 1 1 1 1 0 1 1 0 1 1 1 1 1 0 0 0 1 1 0 0 0 1 0 0 0 0 1 1 1 0 0 0 1 0 0 1 1 0 0 0 1 0 1 0 0 0 1 1 0 1 0 1 1 0 1 0 1 1 1 0 0 1 0 1 1 1 1 1 0 1 0 0 0 0 1 1 1 0 1 0 1 1 0 0 1 1 1 0 1 1 1 1 1 0 1 1 1 0 0 0 1 0 1 0 0 0 0 0 1 0 1 1 0 1 0
0 1 0 1 0 1 0 1 0 0 0 1 0 1 1 1 0 1 0 1 1 0 0 1 0 1 0 1 1 1 1 0 0 1 1 1 0 1 0 1 1 1 1 0 0 0 1 1 1 0 1 0 0 1 1 0 0 0 0 1 0 0 0 0 1 1 1 1 0 0 1 1 1 1 0 1 0 0 1 0 0 1 1 0 0 1 0 0 0 1 0 0 1 0 0 0 0 1 1 1 1 1 1 0 1 0 1 0 1 0 0 1 0 1 1 1 1 0 0 0 1 0 1 0 1 0 1 1 1 0 0 0
1 1 0 0 1 1 0 0 1 0 1 1 0 0 0 1 0 0 0 0 1 1 1 0 0 1 1 0 0 1 1 1 0 0 1 1 1 0 0 0 0 0 0 1 1 1 0 0 1 1 1 0 0 0 1 1 0 0 1 0 1 0 0 0 1 1 0 1 1 1 0 1 1 0 1 1 1 1 0 0 0 1 1 0 0 0 1 0 1 1 0 0 1 0 0 1 0 0 1 0 1 1 1 1 1 1 1 0 0 0 1 0 0 0 1 0 0 0 0 1 0 1 0 0 1 1 1 1 1 1 1 1
0 0 0 0 0 1 1 0 1 0 1 0 0 0 0 0 1 1 1 0 1 0 0 1 1 1 0 0 1 1 0 1 0 0 0 1 1 0 0 1 1 1 0 0 1 1 1 0 1 1 0 1 0 0 0 1 1 0 0 1 1 1 0 1 1 1 1 0 1 0 0 1 1 1 0 1 0 1 0 0 1 0 1 0 0 0 0 1 1 1 1 0 0 1 1 1 0 1 0 1 1 0 0 0 1 1 1 1 0 0 0 1 1 1 0 0 1 1 0 0 1 1 1 0 0 0 0 0 1 1 1 0
1 0 0 0 1 1 0 0 1 0 0 0 0 1 1 0 1 0 1 1 0 1 1 0 1 1 0 0 0 1 0 1 1 0 0 0 1 1 0 0 0 0 0 0 0 1 1 1 0 1 1 1 1 0 0 0 0 0 1 0 0 1 1 0 0 1 1 1 0 1 1 0 1 1 0 1 0 0 1 0 1 0 0 1 1 0 0 0 1 1 0 1 0 1 1 1 1 1 1 1 0 1 1 1 0 1 1 0 0 0 0 1 1 0 1 1 1 0 0 1 1 0 0 1 1 0 1 1 1 0 0 0
1 1 0 0 0 0 0 1 1 1 0 0 1 1 0 1 1 0 1 1 0 0 0 1 0 1 0 0 1 1 1 0 0 0 1 0 0 1 0 0 1 0 1 0 1 0 0 0 1 0 1 0 1 1 0 0 0 1 1 0 1 0 1 1 0 0 1 1 1 1 1 1 0 1 1 1 1 1 0 0 1 0 0 0 1 1 0 0 1 1 1 0 0 0 1 1 1 0 1 0 1 0 0 1 1 1 1 1 0 1 1 1 0 0 0 1 0 1 0 0 1 0 1 0 0 0 1 0 0 1 0 1
0 0 1 1 0 0 1 1 1 1 1 0 0 0 1 1 1 1 0 1 1 1 1 0 0 0 1 1 1 1 0 1 0 0 1 1 0 1 0 0 0 0 0 1 0 1 0 1 0 1 1 1 0 1 1 0 1 0 0 0 0 1 0 1 0 0 1 1 1 0 1 0 1 1 1 1 0 1 1 0 0 0 0 0 0 0 1 1 0 1 0 1 0 1 1 0 1 1 0 1 1 0 1 1 0 0 1 0 1 1 1 0 0 0 0 0 0 1 0 0 0 1 1 0 0 0 1 1 0 1 0 1
0 1 1 0 0 0 1 0 1 1 1 0 0 1 1 0 0 1 1 0 0 0 1 1 0 0 1 1 0 1 1 0 1 0 1 1 1 0 0 1 0 0 1 0 0 1 0 0 1 0 0 1 1 0 1 1 0 0 0 1 0 0 1 0 0 0 0 1 1 1 1 1 0 0 1 1 1 1 1 0 0 1 0 1 0 0 0 1 0 1 1 0 1 1 1 0 1 0 1 1 0 1 1 0 0 1 0 0 0 0 1 1 1 1 0 0 1 0 1 0 1 0 1 1 0 1 1 0 1 1 0 0
1 0 1 1 1 1 0 0 1 1 1 0 1 1 0 1 0 1 0 0 1 0 0 1 1 0 0 1 1 1 0 1 0 0 1 0 1 1 1 0 1 0 1 0 1 1 0 0 1 0 0 0 1 1 1 0 0 0 0 0 1 0 0 0 1 1 0 0 0 1 0 0 1 0 0 0 0 1 0 1 1 0 0 1 1 1 1 0 0 0 0 0 0 1 1 0 1 0 0 1 0 1 1 1 1 1 1 0 1 0 0 1 1 1 0 0 0 1 1 0 0 1 1 1 1 0 1 1 1 0 0 1
0 0 1 1 0 0 0 1 0 1 1 0 0 1 1 1 0 0 1 0 0 1 1 0 0 1 0 0 1 1 0 1 0 1 0 1 0 1 1 1 0 0 0 1 0 0 0 0 1 1 1 1 0 1 1 1 0 1 0 0 1 1 0 0 0 1 0 0 0 1 0 1 0 1 0 1 0 0 0 1 1 1 0 0 1 1 1 1 1 0 0 0 1 0 1 1 1 1 0 0 0 1 1 0 1 1 0 1 0 0 1 0 1 0 1 1 1 1 1 0 1 0 1 0 0 1 0 1 1 1 0 0
1 1 1 0 0 0 1 1 0 1 1 1 0 0 1 1 1 0 1 1 0 0 1 1 1 1 1 0 1 1 0 1 1 1 0 0 1 1 1 1 0 1 0 0 1 0 0 1 1 1 0 0 1 0 1 1 0 0 0 0 0 1 1 0 1 0 1 0 0 0 0 1 1 1 0 0 0 1 0 1 0 0 1 0 0 0 1 0 0 1 1 0 0 1 0 1 1 0 1 0 0 0 1 1 1 0 1 0 1 0 1 1 0 1 0 1 1 0 1 1 0 0 0 0 0 1 1 0 0 0 0 1
1 1 1 0 1 1 1 0 1 1 1 1 1 1 0 0 0 0 1 1 1 0 0 1 1 0 1 0 0 1 0 1 0 1 1 0 0 0 1 1 1 1 0 0 0 0 0 0 0 1 1 1 0 1 0 1 0 0 0 1 0 0 1 0 0 1 1 1 0 0 1 1 1 0 0 1 1 0 0 1 1 1 0 1 1 0 0 1 0 0 0 1 0 0 0 0 0 1 0 0 1 0 1 0 0 1 1 0 0 1 1 1 0 0 1 0 1 1 1 1 0 0 1 0 0 0 1 1 0 1 1 1
1 0 1 1 1 0 1 1 0 0 0 1 0 0 1 1 0 0 1 1 1 1 1 0 1 0 0 1 0 1 0 0 1 1 1 1 0 1 1 0 1 0 1 0 1 1 1 0 1 0 1 0 1 0 1 0 1 0 0 1 0 0 0 0 0 0 0 1 1 0 0 1 1 1 1 1 0 1 0 1 0 0 1 1 1 1 0 1 1 1 0 0 0 1 1 1 0 0 1 0 0 0 0 0 0 1 0 1 0 1 0 1 0 0 0 0 1 1 1 1 0 0 0 0 1 0 0 1 1 1 1 0
1 1 0 0 0 1 0 1 1 0 1 1 1 1 1 0 1 1 0 1 0 1 0 1 0 1 1 1 0 1 0 0 1 1 1 1 1 0 1 0 1 0 0 1 0 0 1 1 1 1 1 1 0 1 0 1 0 0 1 0 1 0 0 0 0 0 1 0 1 0 0 0 1 1 0 0 0 1 0 1 0 0 0 1 1 1 1 0 0 1 1 0 1 1 0 0 1 1 0 1 1 0 0 0 0 1 0 1 0 0 1 0 0 0 0 0 0 1 1 0 1 0 0 1 1 1 1 0 1 0 1 0
0 1 0 1 0 0 1 1 1 1 0 1 1 1 1 1 0 0 0 0 1 1 0 0 1 1 1 0 0 1 0 0 0 1 1 1 1 0 1 1 0 1 0 0 0 1 1 1 0 1 0 1 1 0 1 0 0 1 1 1 1 1 0 1 1 0 0 1 0 1 1 0 0 1 0 0 1 1 0 1 1 0 0 0 0 1 1 0 1 0 1 1 1 0 1 0 0 0 1 1 0 1 0 1 0 1 1 0 0 0 0 1 0 1 0 0 1 1 0 0 0 0 0 0 0 0 1 1 0 1 1 0
1 1 1 1 1 0 0 0 0 0 1 1 0 0 1 1 1 0 0 0 1 0 0 0 0 0 1 0 1 1 0 0 0 1 0 1 1 1 1 1 0 0 1 0 0 0 1 0 1 0 1 1 1 1 0 1 1 0 1 1 0 1 1 1 1 1 0 0 1 1 0 0 0 1 1 1 1 0 1 0 1 0 0 1 1 0 1 0 0 0 1 1 0 1 1 0 1 0 0 0 1 0 0 0 1 0 1 0 1 0 0 1 0 0 1 0 0 0 0 1 1 0 1 0 1 1 1 0 1 1 1 0
0 1 0 0 0 0 0 1 0 1 1 1 0 1 0 0 0 1 0 0 1 0 1 0 1 1 0 0 1 1 1 1 0 1 0 0 1 1 0 1 1 1 1 1 1 1 1 0 0 1 1 0 1 1 1 0 1 0 1 1 1 0 1 1 0 1 0 0 0 0 1 0 0 0 0 1 0 1 1 0 1 1 0 0 0 1 0 0 0 1 0 1 0 1 0 1 1 0 0 1 0 0 1 1 0 0 0 1 0 1 1 0 0 0 0 0 1 1 1 1 0 0 0 1 1 1 1 0 1 1 1 0
1 0 1 0 1 0 1 0 1 1 0 1 0 1 1 1 0 0 1 0 1 1 0 1 0 1 1 1 0 1 1 0 0 0 0 0 0 1 0 0 1 1 1 1 0 0 1 1 0 0 0 1 0 1 1 1 0 1 1 0 1 1 0 1 0 0 1 0 0 1 0 1 0 0 1 0 0 1 1 1 1 0 1 0 1 0 1 0 0 1 0 0 0 1 0 1 0 1 0 0 0 1 1 0 0 0 1 0 0 1 1 1 0 1 0 0 1 0 0 1 1 1 1 1 1 0 0 0 1 1 1 0
1 1 1 0 1 1 1 1 1 0 1 0 0 1 0 1 0 1 0 1 0 1 1 0 1 1 0 1 1 1 1 0 0 0 0 0 0 1 1 1 1 0 0 1 0 0 1 0 0 0 1 1 1 0 1 1 0 1 1 1 1 1 1 1 0 0 1 1 0 0 0 1 1 0 0 1 1 0 1 0 0 0 0 1 0 0 0 0 0 0 1 0 1 1 1 0 0 0 1 0 0 0 0 1 1 0 1 1 1 0 1 0 1 1 1 0 0 1 1 0 0 1 0 0 0 0 0 1 1 0 1 0
0 0 0 0 0 0 1 0 0 0 1 0 0 1 1 1 0 0 0 0 1 1 0 1 1 1 1 0 0 1 1 1 0 1 1 0 0 0 0 0 0 0 0 0 1 0 1 1 1 0 0 0 1 1 0 1 1 0 1 0 0 1 1 1 1 0 0 1 1 0 0 0 1 0 0 1 0 1 1 1 0 1 0 1 1 1 0 0 1 1 1 1 1 0 1 0 1 0 0 0 1 1 1 0 0 1 1 1 1 1 1 0 1 1 1 1 1 1 1 1 0 1 1 0 1 0 0 0 0 0 0 0
1 1 0 0 0 0 1 1 1 1 1 1 0 0 1 1 1 0 1 0 0 0 1 0 1 0 0 1 0 1 1 0 0 0 0 1 0 0 1 0 1 0 1 0 1 1 0 1 0 1 0 1 0 1 1 0 0 0 1 1 1 0 1 1 1 1 0 0 1 0 0 1 0 1 0 1 1 0 1 1 0 1 1 1 1 1 1 0 0 1 1 1 0 0 0 0 1 1 0 1 0 0 0 0 1 1 1 0 0 1 0 0 1 0 1 1 1 0 0 0 0 1 0 1 0 0 0 1 1 0 0 1
1 1 1 0 0 1 0 1 1 1 1 0 0 0 0 0 0 0 0 1 1 1 0 1 0 1 1 1 0 1 1 1 0 1 0 0 1 0 1 1 0 0 1 1 1 0 0 0 1 0 0 0 1 0 1 1 1 1 0 0 0 1 0 1 0 1 0 0 0 1 1 0 1 1 0 1 1 0 1 0 0 0 1 1 1 1 1 1 0 1 0 1 1 0 1 1 0 1 1 1 0 0 0 0 0 0 0 0 0 1 0 1 1 0 0 1 1 1 0 0 1 1 0 0 1 0 1 0 0 0 1 1
1 0 1 0 0 1 0 1 1 0 0 1 0 0 1 0 0 0 1 0 1 0 0 0 1 0 1 1 1 1 1 0 1 1 1 0 0 0 0 1 0 0 1 1 0 0 1 0 0 1 1 0 0 1 0 1 1 0 0 1 1 0 1 0 1 0 1 0 0 1 0 0 0 0 1 0 0 0 1 0 1 0 0 0 0 1 1 1 1 1 1 0 1 0 1 1 1 1 1 0 1 0 0 1 0 1 1 0 1 0 0 0 1 1 0 1 1 1 1 1 0 1 0 1 0 0 1 1 1 1 0 1
1 1 0 0 0 0 0 0 1 1 0 1 1 0 1 0 1 1 0 1 0 0 0 0 1 1 1 0 1 1 1 0 1 0 0 1 0 1 0 1 1 0 0 1 0 1 0 0 1 0 0 0 0 0 1 0 0 1 1 1 0 1 0 0 1 1 1 1 0 0 0 0 0 1 0 1 0 1 0 1 0 1 0 0 1 0 1 1 1 0 0 1 1 1 1 0 1 0 1 0 1 0 1 0 0 0 0 0 0 1 0 1 1 1 1 1 0 1 1 1 0 1 1 1 1 0 0 0 1 1 1 1
0 1 1 1 0 0 0 1 0 1 0 0 1 1 1 0 1 0 0 0 1 1 1 0 0 1 0 1 0 1 0 0 1 0 1 0 1 0 1 1 1 0 1 0 1 1 1 0 0 1 1 1 0 0 0 1 0 1 0 1 1 0 1 1 1 1 0 1 1 0 1 1 0 0 0 0 0 0 0 1 0 0 1 0 1 0 0 1 0 1 0 0 0 1 1 1 1 0 0 0 1 1 1 0 0 0 1 0 1 0 1 0 1 1 1 1 0 1 0 1 1 1 0 0 1 0 1 0 0 0 1 1
0 1 1 1 0 1 1 1 1 1 0 0 1 1 1 1 0 0 0 0 1 1 0 1 1 0 1 0 0 1 0 0 1 1 0 1 0 0 1 0 1 0 0 1 1 1 1 0 0 0 0 0 1 0 0 0 0 0 1 0 1 1 0 0 0 1 1 0 1 0 1 1 1 0 1 1 0 1 1 0 1 1 0 0 0 0 0 1 0 0 1 0 1 0 0 1 1 1 0 1 0 0 0 1 1 0 1 0 1 1 0 1 1 0 1 1 0 0 1 1 1 0 0 0 1 1 0 0 1 1 0 1
0 1 1 1 0 0 0 0 0 1 1 1 1 0 0 1 0 1 0 0 1 1 0 0 0 1 1 1 0 1 1 1 1 1 0 0 1 1 0 0 1 1 0 0 1 0 0 0 0 0 1 1 0 1 0 0 0 0 1 1 1 1 1 1 1 0 1 1 0 1 0 0 1 0 1 1 0 0 0 1 0 1 1 1 1 0 0 1 1 1 1 1 0 1 1 1 0 1 1 1 0 0 0 1 0 1 0 0 0 0 0 0 0 1 0 1 0 0 1 0 1 0 1 0 0 1 0 1 1 0 0 1
0 0 1 1 1 1 0 1 1 0 1 1 1 1 0 0 1 1 1 0 1 1 1 0 0 1 0 0 1 1 0 0 1 0 0 0 0 0 1 0 0 1 1 0 0 0 0 0 1 0 0 0 1 0 1 0 0 0 0 1 0 1 1 1 0 1 1 1 1 1 0 0 0 1 0 0 0 1 1 1 1 0 1 0 0 1 0 1 0 1 1 1 1 0 0 0 1 1 1 0 1 1 0 1 0 1 1 0 0 1 1 0 0 0 1 0 1 0 1 0 0 1 1 0 1 1 0 0 1 0 1 1
1 0 0 1 1 1 1 0 1 1 0 0 1 0 0 1 0 0 0 1 0 0 1 1 0 1 1 1 1 1 1 0 1 1 0 0 0 1 1 0 0 1 1 1 1 1 1 0 0 1 0 1 0 1 0 1 0 0 0 0 1 0 1 0 1 0 0 1 1 0 1 0 0 1 0 1 0 0 1 1 0 0 0 0 0 0 1 1 1 0 1 1 0 0 1 1 0 0 1 1 1 1 1 0 1 0 1 1 0 1 0 0 1 0 0 0 1 0 1 0 0 0 1 0 1 1 1 0 1 0 1 0
1 0 1 1 1 0 0 0 0 0 1 1 1 0 0 0 1 0 0 0 0 0 1 1 1 1 0 1 0 1 1 1 1 1 1 0 0 0 1 1 0 1 1 1 0 1 1 1 0 0 0 0 1 0 1 0 0 0 1 1 1 1 0 0 0 1 1 0 1 1 0 1 0 0 1 1 0 0 0 1 0 0 0 1 0 0 0 0 1 1 0 1 1 0 1 0 1 1 0 1 1 0 1 0 1 0 1 1 0 1 1 1 0 1 0 1 0 1 0 0 1 1 0 0 0 1 1 1 0 1 0 0
0 0 0 1 1 0 1 0 1 1 0 1 1 0 1 0 1 1 1 0 0 0 0 1 0 0 0 1 1 1 0 1 0 1 0 1 0 0 1 0 0 1 1 1 0 1 0 1 1 0 1 0 0 1 0 1 0 0 1 0 0 1 1 1 1 0 0 1 0 1 1 1 1 0 0 1 1 0 0 0 0 0 0 0 1 1 0 0 0 1 0 0 1 1 0 1 1 0 1 1 0 0 0 1 0 0 1 1 0 0 0 0 1 1 1 0 1 1 1 1 1 1 0 0 1 1 0 1 0 1 1 1
1 1 1 1 1 0 0 1 1 1 0 1 0 1 1 0 0 0 1 1 0 0 0 0 1 0 0 0 1 1 0 0 0 1 0 0 1 0 0 0 1 1 0 1 1 0 1 1 1 1 0 0 0 0 1 0 1 0 0 0 1 0 1 1 1 1 1 0 1 1 1 0 1 0 1 1 1 1 1 1 0 0 0 1 0 0 1 1 0 1 0 0 1 1 1 0 0 0 0 0 1 1 1 1 0 1 0 1 0 1 0 0 1 1 1 1 0 0 0 0 1 0 1 0 0 1 0 1 0 0 1 0
0 1 1 0 1 0 0 0 1 0 0 1 0 1 0 1 0 1 0 1 1 1 1 0 0 0 1 1 1 1 1 0 1 0 1 0 0 0 1 1 0 1 0 0 1 1 1 1 1 1 0 1 0 0 0 1 1 0 1 0 0 1 0 0 1 1 0 1 0 0 0 1 0 1 1 0 1 0 1 0 1 0 0 0 1 1 0 0 0 1 0 0 0 0 1 1 1 1 0 1 0 0 1 1 1 1 0 1 0 1 0 1 0 1 1 1 0 1 1 0 0 0 1 1 0 1 0 0 0 0 1 1
0 0 0 0 1 0 0 1 1 1 1 0 1 0 1 1 0 1 0 0 1 0 1 1 1 0 0 1 0 1 1 1 0 1 1 1 0 1 0 0 0 1 0 0 1 0 1 1 0 1 1 0 1 0 0 0 1 1 1 1 0 0 1 1 0 1 1 0 1 1 0 1 1 1 0 0 1 0 0 1 0 0 0 0 0 0 1 1 0 0 1 0 1 0 1 1 1 1 1 0 0 1 1 0 0 0 0 1 0 0 0 1 0 0 1 0 0 0 1 1 1 1 1 1 0 0 1 0 1 0 1 1
0 1 1 1 1 0 0 0 0 1 1 1 0 0 0 0 0 0 1 0 0 0 1 1 0 1 1 0 1 1 0 0 1 0 0 1 1 0 1 1 1 0 0 0 1 0 1 1 0 0 1 0 0 1 0 0 1 1 1 0 0 0 0 1 1 0 1 1 0 0 0 1 1 0 0 0 1 1 1 1 0 0 0 0 1 0 0 1 0 0 0 1 1 0 1 1 1 1 1 1 1 1 0 1 1 1 0 1 1 1 1 1 1 0 0 0 1 0 0 0 0 1 0 1 1 0 1 1 1 1 0 0
1 0 1 0 0 0 1 1 0 1 0 0 1 0 0 0 0 0 0 1 1 1 0 1 0 1 0 1 0 1 1 1 1 1 0 0 1 0 1 0 0 0 1 0 0 1 0 1 1 0 1 1 0 0 1 0 1 1 1 1 1 0 0 1 1 1 1 1 1 1 0 0 1 1 0 0 1 1 1 0 1 1 0 0 0 0 0 0 0 0 0 0 0 1 0 0 1 1 1 0 1 0 1 0 1 1 1 1 1 0 0 0 1 0 0 1 1 0 1 1 0 0 1 1 0 1 0 1 0 1 1 0
1 0 1 1 0 0 0 0 0 1 0 1 1 1 0 0 0 0 1 0 0 0 1 0 0 0 1 0 1 1 1 1 0 1 1 0 0 1 0 0 1 1 0 1 0 1 1 1 1 1 0 1 1 0 0 1 1 1 0 0 0 1 0 1 0 1 0 1 1 0 0 1 0 1 0 1 1 1 1 1 1 1 1 1 0 0 0 0 0 0 1 0 1 1 0 1 0 0 1 1 1 0 0 0 0 1 1 0 1 0 0 0 0 0 0 1 0 1 1 0 1 1 0 1 1 0 1 1 1 0 0 1
0 0 1 1 1 1 0 0 0 0 0 1 0 1 1 1 0 0 1 1 0 1 0 1 1 1 0 0 0 1 1 0 0 0 0 1 0 1 1 0 0 0 0 0 0 1 0 0 1 1 0 1 1 1 0 0 1 1 1 1 1 0 1 0 1 0 1 0 1 1 0 0 1 1 0 1 1 0 1 1 0 1 1 0 0 1 0 1 0 1 0 1 0 0 0 1 0 0 0 1 1 0 1 1 0 0 0 0 1 0 1 1 1 1 0 0 0 1 1 0 1 1 0 1 0 1 1 0 0 1 1 1
0 1 0 0 0 1 1 0 1 0 1 0 0 0 1 1 0 0 0 1 0 0 0 0 0 0 0 0 1 1 1 0 1 1 1 0 1 0 1 0 0 1 1 0 0 1 1 0 0 1 1 0 1 1 1 0 1 1 0 0 0 1 0 1 0 1 1 1 0 1 0 1 0 0 0 0 0 0 0 1 0 1 1 0 1 0 1 1 1 1 1 0 0 1 0 0 0 0 0 1 0 0 0 1 0 1 1 1 1 1 1 1 1 0 1 1 0 0 1 0 1 1 1 1 1 1 1 1 0 1 1 0
0 1 0 0 1 1 1 1 1 0 1 1 1 1 0 0 1 0 0 0 1 0 1 0 0 0 0 1 1 1 0 0 1 1 1 1 0 0 1 1 0 1 0 1 1 0 1 1 1 0 1 0 0 1 1 1 0 1 1 0 1 0 1 0 0 0 0 1 1 1 0 0 1 1 0 1 0 1 1 1 1 1 1 1 0 0 0 0 1 0 0 1 0 1 1 1 0 0 0 0 0 0 1 1 0 0 0 0 1 0 0 1 1 0 0 1 1 0 0 0 1 1 1 1 0 0 0 0 0 1 0 1
1 0 0 1 1 1 0 0 0 0 0 1 1 1 0 1 1 0 0 0 1 0 1 1 1 0 1 0 1 1 1 0 0 1 0 1 1 1 1 0 0 0 1 0 0 0 0 0 0 1 1 1 0 0 1 1 0 1 1 0 0 1 0 1 0 0 1 0 1 0 1 1 0 0 0 0 1 1 0 0 0 1 1 1 0 1 0 1 1 1 0 0 1 1 1 0 1 1 0 1 0 0 1 1 0 1 0 1 1 1 0 0 1 1 0 1 1 0 0 1 0 0 1 0 0 0 1 0 1 0 1 1
1 0 0 1 0 1 0 0 1 1 1 1 0 1 0 1 1 0 0 0 0 0 1 1 1 1 0 1 0 1 0 0 1 1 0 0 1 0 0 0 1 0 0 1 0 0 1 1 0 0 0 1 1 0 0 1 1 0 0 1 0 0 1 1 1 0 0 1 0 1 1 1 1 1 1 0 0 1 1 0 1 1 1 0 1 1 1 1 1 0 0 0 0 0 0 0 1 0 1 1 0 0 1 0 0 0 0 1 1 0 1 1 0 0 1 1 0 1 0 0 0 1 1 0 0 1 0 1 1 1 1 1
0 0 1 0 0 1 1 1 0 1 1 1 1 0 1 1 1 1 0 0 0 1 1 1 1 1 0 0 1 1 1 0 1 0 0 0 0 1 0 1 0 1 0 0 1 0 1 1 1 0 1 1 1 1 0 0 0 0 1 0 0 0 0 0 0 1 0 0 1 1 1 1 1 0 1 0 1 0 1 0 1 1 1 0 1 0 1 1 1 0 0 0 1 1 1 0 0 0 0 0 1 0 0 0 0 1 1 0 0 1 0 0 1 1 0 0 1 1 0 0 0 0 0 1 1 1 1 1 0 0 1 1
1 1 1 1 1 1 0 1 0 0 1 0 1 1 1 0 1 1 0 0 0 0 0 1 0 0 1 1 1 1 1 0 1 0 0 0 0 1 0 1 0 1 0 0 0 1 1 0 1 1 0 0 1 1 1 0 1 1 1 0 1 0 0 1 1 0 0 0 0 0 1 0 1 1 1 1 1 1 0 0 0 0 1 1 1 0 0 1 1 0 1 0 0 0 0 1 1 1 0 1 0 1 1 0 0 1 1 0 0 0 1 0 0 0 1 1 1 0 1 1 0 1 0 0 0 0 0 1 0 1 1 0
1 1 0 1 1 1 1 1 0 1 0 0 1 0 0 1 1 1 0 0 1 0 0 0 0 0 1 0 0 1 0 0 1 0 0 0 0 0 0 0 1 0 0 0 1 0 1 0 1 1 0 1 0 1 1 1 1 0 1 1 0 1 0 1 0 1 1 0 0 1 1 1 0 1 1 1 0 0 1 1 0 0 0 0 0 1 0 0 1 1 0 1 1 1 0 0 0 0 1 0 0 1 1 0 1 1 0 1 1 0 1 1 1 0 0 0 1 1 1 1 1 1 0 1 0 1 1 1 0 0 0 1
1 0 1 1 0 0 1 0 1 0 1 0 1 1 1 0 1 1 0 0 1 1 0 0 1 0 1 0 1 1 1 1 0 0 0 0 0 0 1 0 1 1 1 0 0 0 0 1 1 1 1 0 1 0 1 1 0 1 1 1 0 0 1 1 1 0 0 1 0 0 1 1 1 1 1 0 0 0 1 1 0 1 0 1 0 0 1 1 1 1 0 0 0 0 0 1 0 1 0 0 1 1 0 1 1 0 0 1 0 0 0 1 1 0 0 1 0 1 0 0 0 0 0 1 1 1 1 0 1 1 0 0
0 1 0 1 1 0 0 0 1 0 0 0 0 0 1 1 1 1 1 0 0 1 0 0 1 1 0 0 0 1 1 1 1 1 0 0 0 0 1 1 0 1 0 1 0 1 0 1 0 1 1 0 0 1 0 1 0 1 0 1 1 0 0 1 0 1 1 0 1 0 1 0 1 0 1 0 1 1 1 0 0 0 1 1 1 1 0 0 0 0 1 0 0 1 1 0 0 0 1 0 0 1 1 0 1 1 0 0 1 1 0 1 0 0 0 1 1 1 1 0 0 1 1 0 1 1 1 0 1 1 0 1
1 1 0 0 1 1 0 1 0 0 1 1 1 1 1 0 0 1 1 1 1 0 1 0 1 1 0 1 0 1 1 1 0 1 0 0 0 0 0 0 0 1 0 0 0 0 0 0 0 0 1 1 0 0 1 0 1 0 0 0 1 1 0 0 0 0 0 1 0 0 1 1 0 1 1 0 1 1 1 1 0 1 0 0 1 1 1 1 0 0 1 1 0 1 1 1 1 0 0 1 1 1 0 0 1 1 1 1 1 0 0 1 1 1 0 0 0 0 0 1 1 1 0 0 1 1 0 0 0 1 0 1
0 1 0 1 1 0 0 1 0 1 0 1 0 1 0 1 0 1 1 1 1 0 0 1 0 0 1 0 0 1 1 1 1 0 1 0 0 0 1 1 1 1 1 0 0 1 0 1 0 0 1 1 1 0 0 1 1 0 0 0 1 1 1 0 0 0 1 0 1 1 0 0 1 1 1 1 0 1 0 0 0 1 1 0 1 0 1 1 1 0 0 1 1 1 0 0 1 0 0 0 0 1 0 1 1 0 1 1 0 0 0 0 1 0 1 1 1 1 0 0 0 1 0 1 0 0 1 0 1 0 1 0
1 0 1 0 1 1 0 1 0 1 1 0 1 1 1 1 1 1 1 1 1 1 0 0 1 1 1 0 1 1 0 1 1 1 1 1 0 0 0 1 0 0 1 1 1 0 1 1 0 0 0 1 1 1 0 0 0 1 0 1 0 1 1 0 1 0 0 1 0 0 0 0 0 0 0 1 1 1 0 0 0 0 1 0 0 0 0 0 0 1 0 0 0 0 0 0 0 0 0 1 0 1 0 0 1 1 0 1 0 1 0 0 1 0 0 1 0 0 0 1 1 1 1 1 0 1 1 1 1 1 1 1
0 1 1 1 0 1 0 0 1 0 1 1 1 0 0 1 0 0 1 1 0 0 1 0 0 1 1 1 0 1 0 1 0 0 1 1 1 0 0 0 1 1 0 1 0 0 1 1 1 0 0 1 1 1 1 0 1 1 1 1 0 0 1 0 0 1 0 0 1 1 1 0 0 1 0 0 1 0 0 0 0 0 0 0 1 0 0 1 1 1 1 0 0 1 0 0 0 1 0 0 0 1 1 1 1 0 1 1 1 1 0 0 1 1 0 1 1 1 1 1 0 0 0 0 1 0 0 0 1 1 0 1
1 0 0 1 1 0 0 1 1 0 1 0 0 1 1 0 1 0 1 1 1 1 0 1 0 1 0 1 1 1 0 1 1 0 1 1 1 0 0 0 1 0 0 0 0 0 0 1 0 1 0 0 1 1 1 1 1 0 1 1 1 0 0 1 0 0 0 0 0 0 0 1 0 0 1 1 1 0 0 1 1 1 0 0 0 0 0 1 1 0 0 1 1 1 1 1 0 0 1 1 0 0 0 0 1 0 1 0 1 1 0 0 0 1 1 1 1 0 1 0 0 0 1 1 1 1 1 0 0 0 1 1
0 0 1 1 1 1 1 1 1 1 1 1 0 0 1 0 0 0 0 0 1 0 0 1 0 1 0 0 1 0 1 0 0 1 0 0 0 0 0 1 1 0 0 1 0 1 0 1 1 1 1 1 1 0 0 0 0 0 1 1 0 0 1 0 0 1 0 1 1 0 0 1 0 1 1 0 0 1 0 0 0 0 0 1 1 1 1 0 1 0 0 1 0 1 0 1 0 1 1 1 0 1 0 1 1 1 0 0 1 1 1 0 1 1 0 1 0 0 1 1 1 1 1 0 0 0 1 0 0 0 1 0
0 1 1 0 0 0 1 1 0 0 0 1 0 1 0 0 1 1 0 0 0 1 1 0 0 0 1 1 0 0 0 1 0 0 0 0 0 0 0 1 1 0 1 0 0 0 1 0 0 1 0 1 1 1 0 0 0 0 0 0 0 0 0 1 0 0 1 0 1 1 0 0 1 1 0 0 1 1 0 1 0 1 0 1 0 1 1 0 1 0 0 0 0 0 1 1 0 0 1 1 1 0 1 1 1 0 1 1 0 1 0 1 1 1 1 1 1 0 1 1 1 1 1 0 1 1 1 1 1 1 1 1
1 0 0 0 0 0 0 0 0 0 0 0 0 0 0 1 1 0 1 0 1 1 1 1 0 1 1 1 1 0 0 1 0 0 0 0 0 0 1 1 1 1 0 1 1 1 1 1 1 0 1 1 1 1 1 0 1 0 1 1 1 0 0 0 0 0 1 1 0 1 1 1 0 0 0 1 0 0 1 1 0 0 1 1 0 1 1 1 0 0 1 0 1 1 0 0 1 0 0 1 1 1 0 1 0 1 0 0 0 0 0 1 1 0 1 1 0 0 1 1 0 0 1 0 0 0 1 0 0 1 1 1
0 0 0 0 1 1 0 0 0 1 1 0 0 1 0 0 0 0 1 1 0 1 1 1 0 0 0 0 1 0 1 0 1 1 0 0 0 0 1 1 1 0 0 0 1 1 1 0 0 1 1 0 1 1 1 1 0 0 1 1 0 1 0 1 1 0 0 1 1 1 1 0 1 1 1 0 1 1 0 1 0 0 0 0 0 1 1 1 0 1 1 1 1 1 0 0 0 1 0 0 0 0 1 0 1 0 1 0 0 0 0 0 0 1 0 1 0 1 0 1 1 0 1 1 1 0 0 1 1 1 0 1
0 0 1 0 0 0 0 0 1 0 0 1 1 1 1 1 0 1 0 1 0 1 1 1 1 1 0 0 1 0 0 1 1 1 1 0 0 0 1 1 1 0 1 0 0 0 0 0 1 0 0 1 0 1 1 1 1 1 1 0 1 0 1 1 1 1 0 0 1 0 0 1 0 0 1 1 0 1 1 0 0 0 0 0 0 0 1 1 1 0 1 1 0 1 0 0 0 1 1 1 0 0 1 1 0 1 0 1 0 0 0 1 0 0 1 0 1 0 0 1 1 1 0 0 1 0 1 1 0 0 0 1
1 1 0 1 0 0 0 0 0 0 1 1 1 1 0 1 1 1 1 0 0 1 0 1 1 0 0 0 0 0 1 0 1 1 1 1 0 0 0 1 1 0 1 1 1 0 0 1 1 1 1 1 1 0 1 1 0 0 0 0 1 1 0 1 0 1 0 0 0 1 0 1 1 1 0 0 0 0 1 0 0 0 0 0 1 0 0 1 0 1 1 1 0 0 1 1 0 0 1 1 1 1 1 1 0 0 1 0 1 1 0 0 1 0 0 0 0 0 1 1 0 0 1 1 0 0 0 1 0 1 1 0
0 0 0 1 0 0 0 1 1 0 1 1 1 0 0 1 0 0 0 1 1 1 1 0 1 0 0 1 1 0 1 0 1 0 0 1 1 0 0 0 1 0 1 1 0 1 1 0 1 1 0 0 1 1 0 1 0 1 0 0 0 1 1 0 0 0 1 0 0 1 1 1 1 0 0 1 1 1 1 1 0 1 0 0 1 0 0 0 0 0 1 1 0 1 0 1 1 1 0 0 1 1 0 0 1 1 0 0 0 0 0 1 0 1 0 1 1 1 0 1 0 1 1 0 0 1 1 1 0 0 1 0
1 0 0 1 0 0 0 1 0 1 1 0 1 1 1 0 0 0 0 0 0 1 1 1 1 0 1 0 1 0 1 1 0 0 1 0 1 0 1 0 1 1 1 1 0 1 1 0 1 1 1 1 0 1 1 0 1 0 1 0 0 0 1 0 0 0 1 1 0 0 0 0 1 1 1 0 0 0 0 0 1 0 1 0 1 0 0 0 0 1 1 1 1 0 1 0 0 0 1 0 0 0 1 0 1 1 0 0 1 1 0 1 1 1 1 0 1 0 0 0 1 1 0 0 0 1 0 0 1 1 1 1
1 1 1 1 1 1 0 1 1 0 0 0 0 0 0 1 0 1 1 0 0 1 0 1 0 1 1 1 0 0 0 1 0 1 0 1 0 1 0 0 0 1 1 1 1 0 1 0 0 1 1 0 1 0 1 1 0 0 1 1 0 0 0 1 1 0 0 1 1 0 0 1 0 1 0 0 0 1 0 0 1 1 0 0 1 0 0 1 0 0 1 1 0 1 0 0 1 0 0 0 1 0 1 1 0 1 0 0 0 1 0 1 1 1 1 1 1 1 0 0 1 1 0 1 0 1 1 1 0 0 0 0
1 0 0 0 1 0 0 1 0 1 1 1 0 1 1 0 0 0 1 1 1 0 0 0 1 0 1 1 0 0 0 0 1 0 0 0 1 1 0 0 0 1 1 1 1 1 0 0 1 0 1 1 0 1 0 1 0 1 1 1 0 0 0 1 0 1 0 0 1 0 0 1 1 1 0 0 0 1 1 0 0 0 1 0 0 0 0 0 1 0 1 1 1 0 1 0 0 1 0 1 0 1 0 1 0 0 1 1 0 0 1 1 1 1 1 1 0 1 1 0 0 0 1 0 1 1 1 1 0 1 0 1
0 1 1 0 1 1 1 0 0 0 0 0 1 0 1 1 1 0 0 1 0 0 1 0 1 0 1 0 0 0 1 0 0 0 1 0 0 0 0 0 0 1 1 1 1 0 0 1 1 1 1 1 1 0 1 0 0 0 0 1 1 0 0 1 1 0 0 0 0 1 0 0 1 0 0 1 0 1 1 1 1 0 0 0 1 0 0 1 0 0 0 1 1 1 0 1 1 1 1 1 0 0 0 0 1 1 0 1 1 0 1 0 0 1 1 1 1 1 0 0 1 0 1 0 1 0 1 0 1 1 1 1
1 1 0 1 1 0 1 1 0 1 1 0 0 1 1 0 0 0 0 0 1 0 1 1 0 1 0 0 1 0 1 1 1 0 1 1 0 1 1 0 0 0 1 1 1 0 1 1 0 1 0 1 1 1 0 1 0 0 0 1 1 1 0 0 1 1 1 0 0 1 1 0 0 1 0 0 1 1 1 0 0 1 0 1 1 0 0 1 1 1 0 0 0 1 0 0 0 1 1 0 1 0 0 1 0 1 0 1 0 0 0 1 0 1 1 0 0 0 1 0 0 1 0 0 1 0 0 0 0 1 0 1
0 1 1 0 0 0 0 1 1 0 0 0 1 1 0 1 1 0 1 0 1 0 0 1 1 0 1 0 1 0 1 0 1 1 0 1 1 0 0 0 0 0 0 1 1 1 0 1 0 0 1 1 1 1 1 0 1 0 1 0 1 1 1 0 0 1 0 1 0 0 0 0 0 1 1 0 1 0 0 1 0 0 1 1 0 1 0 1 0 0 0 0 0 1 0 1 0 1 1 0 1 0 1 0 0 0 1 1 0 0 1 1 1 1 1 0 1 1 0 0 0 1 1 0 1 1 1 1 1 0 0 0
1 0 0 1 0 1 1 0 0 0 1 1 1 1 1 1 0 1 0 1 1 0 1 0 0 1 1 0 0 0 0 0 1 0 0 0 1 0 1 0 0 1 0 0 1 1 0 1 1 0 1 0 1 1 1 1 1 0 0 1 1 1 1 1 0 0 1 0 1 0 1 1 0 0 0 1 1 1 0 0 1 0 0 0 1 1 1 0 0 0 0 0 0 0 1 1 0 1 1 0 1 0 1 0 0 0 0 0 0 1 0 0 1 1 1 1 0 0 1 0 1 1 0 1 0 0 1 1 1 1 0 0
1 0 0 1 0 0 0 0 1 1 1 1 0 1 1 0 1 1 0 0 1 0 0 0 1 1 1 1 0 0 1 0 0 0 0 1 0 1 1 1 0 1 0 0 1 1 1 0 0 1 0 1 1 0 1 1 1 1 0 0 1 0 1 0 0 0 0 1 1 1 0 0 1 0 0 1 0 0 0 0 0 0 0 0 1 1 0 1 0 0 0 0 1 1 0 0 0 1 1 0 1 0 0 1 1 1 1 1 1 1 1 1 0 0 0 1 1 0 0 1 1 0 1 1 1 1 0 1 0 0 0 1
1 1 1 0 1 0 1 1 0 0 0 0 0 1 0 1 0 0 0 0 0 0 1 0 1 0 0 1 1 0 0 1 1 1 0 0 1 0 0 0 1 1 0 0 0 1 0 1 1 0 1 0 1 1 0 1 0 1 1 1 1 1 0 0 1 0 0 0 1 0 1 0 0 1 0 1 0 0 0 0 0 1 0 0 1 0 1 1 0 1 0 0 1 0 1 0 0 1 1 1 1 1 0 1 0 1 1 0 1 1 1 1 0 0 0 0 1 1 0 1 1 1 1 1 0 1 0 0 1 0 1 1
1 0 0 0 1 0 1 1 1 0 1 1 1 0 1 1 0 0 1 0 1 1 1 1 1 1 1 1 0 0 0 0 1 0 0 0 0 0 0 1 1 1 0 0 0 1 1 0 0 1 1 0 0 1 1 0 0 1 0 0 0 1 1 1 1 1 0 0 0 1 0 0 0 1 1 1 1 1 0 0 1 1 1 1 1 0 0 1 0 1 0 0 1 0 0 0 1 0 1 1 1 0 1 1 1 0 0 1 1 0 0 0 1 0 0 0 0 1 1 0 1 0 1 0 1 0 1 0 0 0 0 0
0 1 0 1 1 1 0 1 1 1 1 0 1 0 1 0 0 1 0 1 0 1 1 1 0 0 1 0 1 0 0 1 1 0 0 0 0 1 0 0 0 0 0 0 0 1 0 1 0 0 0 1 0 0 1 1 1 0 1 1 1 0 1 0 1 1 0 0 0 1 0 1 0 0 0 0 0 1 1 1 0 1 1 1 1 1 0 0 0 1 1 0 1 0 1 1 0 0 0 0 1 0 0 1 0 0 1 1 1 1 0 1 0 0 0 1 1 1 0 1 1 0 1 0 0 0 1 1 1 1 1 0
1 1 1 1 0 1 0 1 1 0 0 0 1 0 1 0 0 0 1 0 1 0 1 1 1 1 1 1 1 0 1 0 0 0 1 0 0 0 1 0 1 0 0 0 0 1 1 1 1 0 1 1 1 0 0 1 0 0 0 1 0 1 0 1 1 1 1 0 0 0 0 0 1 0 0 1 1 0 0 0 0 1 1 0 0 1 1 0 1 0 1 1 0 1 1 1 1 0 0 0 0 1 1 1 0 0 0 1 0 1 1 0 0 0 0 0 1 0 0 0 1 0 1 1 1 1 0 1 0 1 0 1
1 1 0 1 0 1 1 0 0 1 0 0 0 1 0 0 1 0 0 1 1 1 1 1 1 0 1 1 0 0 0 0 0 1 0 1 0 0 0 1 0 1 1 0 0 0 0 1 1 1 0 0 1 1 0 0 1 1 1 1 1 0 1 0 0 1 1 1 0 0 0 1 0 0 0 0 1 1 1 0 0 0 1 0 1 0 1 1 1 1 0 1 1 1 1 1 1 0 0 0 0 0 1 1 1 1 1 0 0 0 0 0 0 0 0 0 0 1 1 0 1 1 1 0 1 1 0 1 1 0 0 0
0 0 1 0 1 1 0 1 1 1 0 1 0 1 1 1 1 0 0 0 1 0 1 1 0 1 0 0 0 0 1 1 1 0 1 0 1 0 0 1 0 1 1 1 0 0 0 0 1 1 0 1 0 1 1 0 1 0 0 1 1 1 0 1 1 0 1 1 1 0 1 1 1 1 0 1 1 0 0 1 0 0 0 1 1 0 0 0 1 0 1 0 1 0 0 1 1 0 0 0 0 0 0 1 0 0 0 0 1 1 0 1 1 0 0 0 0 1 0 1 0 0 1 1 1 1 0 1 1 0 0 0
0 1 1 0 1 0 0 1 0 1 1 0 1 0 1 1 1 0 1 0 0 0 1 1 0 1 1 1 0 0 0 0 0 0 0 1 0 0 1 0 1 1 0 1 0 0 0 0 1 1 1 0 1 0 1 1 1 1 0 0 1 1 1 0 1 1 1 1 1 0 1 0 1 0 1 0 0 0 1 0 1 1 0 0 0 1 0 0 1 1 0 1 0 0 1 0 0 0 0 1 0 0 0 0 0 1 1 1 0 0 0 1 0 1 0 1 0 0 1 1 0 1 1 1 1 0 1 1 1 0 1 0
0 1 1 1 1 0 0 0 1 0 1 0 0 0 0 0 1 1 0 1 1 1 1 1 1 1 1 0 0 0 1 0 0 1 0 0 1 1 0 0 1 0 1 0 0 0 1 1 1 1 1 0 0 1 0 1 0 1 0 1 1 1 1 0 0 1 0 1 1 1 1 0 0 1 1 1 0 1 0 1 0 0 1 0 0 0 1 0 0 0 0 0 1 0 0 1 1 0 0 1 0 0 0 0 0 1 1 1 1 1 0 1 1 1 1 0 1 0 1 0 0 0 0 1 0 0 0 1 0 1 0 1
1 0 0 0 0 1 0 0 0 1 0 1 0 0 0 0 0 1 0 0 1 1 0 1 1 0 0 1 1 0 0 0 0 0 1 0 0 0 1 1 0 0 0 1 1 0 0 1 1 1 1 1 0 0 1 0 0 1 1 1 0 1 1 0 1 0 1 0 1 1 1 0 0 1 1 1 1 1 0 1 1 1 0 0 1 0 0 1 0 1 1 0 0 1 1 1 0 0 0 1 0 1 0 0 0 0 1 1 1 1 1 1 0 0 1 1 1 0 1 0 0 1 0 0 1 1 1 1 1 0 0 0
1 0 1 0 0 0 1 1 1 0 0 0 0 1 0 0 0 1 0 0 0 0 0 0 0 1 0 1 1 0 0 0 1 1 0 1 0 1 1 0 0 1 0 0 1 0 0 1 1 1 1 1 1 0 0 1 1 0 0 0 1 0 1 1 0 1 1 1 0 1 0 0 0 0 1 1 1 1 0 1 0 1 1 0 1 0 0 0 1 1 1 1 1 0 0 0 1 1 0 1 0 1 1 0 1 0 0 0 1 1 0 1 1 1 0 0 0 1 0 1 0 0 0 0 1 0 1 1 1 1 1 1
0 0 0 0 1 1 0 1 1 1 0 1 1 0 1 1 1 1 0 0 0 0 0 0 1 1 1 1 1 0 0 1 0 1 0 0 1 0 1 0 1 0 1 0 0 0 1 0 1 1 1 1 1 1 0 0 1 0 0 0 1 1 0 0 1 0 0 1 1 1 0 1 0 0 0 0 1 1 1 0 0 1 1 1 0 0 0 1 0 1 0 1 1 1 1 1 0 1 1 0 0 1 1 0 1 0 1 0 0 1 1 1 0 0 1 1 0 1 1 0 0 0 0 1 0 0 0 0 0 1 0 0
0 1 1 1 0 1 1 0 1 0 1 1 0 1 1 0 0 0 1 0 0 1 0 0 0 0 1 1 1 0 1 1 1 1 0 0 0 0 0 0 0 0 1 1 1 0 0 0 0 1 1 1 1 1 1 0 1 1 1 1 0 1 1 0 1 1 1 0 1 0 1 1 1 0 0 1 0 1 0 1 1 0 1 0 1 1 0 0 1 0 0 0 1 1 1 0 1 0 1 1 1 1 1 0 1 0 1 1 0 0 0 1 0 0 0 0 0 0 0 0 0 0 0 1 0 0 0 0 0 0 1 1
1 0 1 1 0 0 0 0 1 1 1 0 0 0 0 1 1 1 1 1 1 0 0 0 1 0 1 1 1 0 0 1 1 1 1 0 0 0 0 1 0 1 0 0 0 1 1 0 0 0 1 1 1 1 1 1 0 1 1 0 1 0 0 0 1 1 1 0 1 1 1 1 1 1 0 0 1 1 1 1 0 1 0 0 0 1 0 0 1 1 0 1 0 0 0 1 1 0 1 0 0 0 0 0 0 1 0 0 1 1 1 0 1 1 1 0 0 0 0 0 1 0 0 0 1 0 0 0 1 0 1 0
0 0 1 0 1 0 1 0 1 1 1 1 1 0 0 0 1 0 1 1 0 0 0 0 1 1 0 1 1 0 1 0 0 0 1 1 0 0 1 0 0 0 1 0 1 0 1 0 0 0 0 1 1 1 1 1 1 0 1 1 1 1 0 1 0 1 1 1 0 0 1 0 1 1 1 0 0 1 0 0 0 1 1 0 1 0 1 0 0 0 0 0 1 0 1 1 0 0 0 1 1 1 1 1 0 1 0 0 1 0 0 0 0 0 1 1 1 1 1 1 1 0 0 0 0 1 1 0 1 0 0 0
1 0 1 1 0 1 0 1 0 0 0 0 0 0 1 0 0 1 0 1 0 0 0 0 1 1 0 0 0 0 0 0 0 1 1 1 1 0 0 1 1 1 0 1 1 1 0 0 0 0 0 1 1 1 1 1 0 0 1 0 0 1 1 1 1 0 1 1 1 1 1 1 0 1 1 0 0 0 1 1 0 1 1 1 1 0 0 0 0 0 0 0 1 0 1 1 1 1 0 0 0 0 1 1 1 1 1 1 0 0 0 0 0 0 0 0 1 0 1 0 0 1 1 1 1 0 1 0 0 1 1 1
1 1 0 0 1 1 0 1 0 1 0 1 0 0 0 0 0 1 0 0 0 1 1 0 1 0 1 0 1 0 1 1 0 0 1 1 1 0 1 0 0 0 0 0 0 0 1 1 0 0 0 0 1 1 1 1 0 1 0 0 1 0 1 1 1 1 1 1 1 0 0 1 1 1 1 1 0 0 1 1 1 0 1 0 1 1 0 1 1 0 0 0 0 1 0 0 1 1 1 1 0 1 0 0 0 0 1 0 0 1 0 0 1 1 0 0 0 1 1 1 1 0 1 0 0 1 1 0 0 1 0 0
0 0 1 0 0 1 0 1 0 1 0 0 0 1 1 0 1 1 1 0 1 0 1 1 1 0 1 1 0 0 1 0 1 1 0 1 1 1 1 0 1 1 0 0 0 0 0 0 0 0 0 0 0 1 1 1 0 0 1 1 0 1 0 0 0 1 0 1 1 1 0 0 1 0 0 1 1 0 1 1 1 0 0 0 1 0 1 0 1 1 1 0 0 1 0 1 0 0 1 1 1 1 1 1 1 1 0 1 1 1 0 0 0 0 1 1 0 1 0 0 0 1 0 0 0 0 1 0 0 1 1 0
0 1 1 0 1 0 0 1 1 0 0 1 1 1 1 1 1 0 0 1 0 1 0 1 1 0 1 1 1 0 1 1 0 1 0 0 1 1 1 1 0 0 0 0 1 1 1 1 0 0 0 0 0 0 1 1 1 0 0 1 0 0 1 1 0 0 1 0 1 1 1 1 0 1 0 0 0 0 0 0 1 1 0 0 1 0 0 0 1 1 0 1 1 1 0 1 0 0 0 1 1 1 0 0 1 1 0 0 0 0 1 0 1 0 0 0 0 0 1 0 0 1 1 0 1 0 0 1 1 1 0 1
0 1 0 1 0 0 1 1 1 0 1 1 0 1 0 1 1 0 1 0 1 0 1 0 1 1 1 0 1 0 0 1 0 1 1 0 0 1 0 0 0 0 1 0 0 1 0 0 1 0 0 0 0 0 0 1 0 0 1 1 1 0 0 0 1 0 1 1 0 1 1 0 1 1 1 0 1 0 1 1 1 0 1 0 1 0 0 1 0 0 1 0 1 1 1 0 0 1 0 1 0 0 1 0 1 0 0 1 0 1 1 0 1 0 0 1 0 0 1 1 1 1 0 1 1 0 1 1 0 0 1 0
0 0 0 0 0 1 1 1 0 0 1 1 0 1 0 1 0 1 1 1 1 0 0 1 1 0 1 1 1 0 1 1 1 0 0 1 0 1 1 0 1 0 0 1 0 0 1 1 1 1 0 0 0 0 0 0 1 1 0 1 1 1 0 1 1 1 0 1 1 1 1 1 0 0 1 0 0 0 0 1 0 0 0 1 1 0 0 0 0 0 0 1 0 0 1 0 1 0 1 0 0 0 1 1 0 1 1 0 0 0 1 0 1 0 0 1 1 0 0 0 1 0 0 0 1 1 1 0 1 1 1 1
1 0 0 0 0 0 1 1 0 1 1 0 1 0 0 1 0 1 1 1 0 1 0 0 0 1 1 0 1 0 0 0 0 1 1 0 1 0 1 0 0 1 1 0 0 0 1 0 0 1 0 0 0 0 0 0 0 0 1 1 1 1 1 0 0 1 0 0 1 0 0 1 1 1 1 1 1 0 1 0 0 0 0 1 1 1 0 1 1 0 0 0 1 1 0 1 1 0 0 1 1 1 1 1 0 0 0 0 1 0 1 1 0 1 0 1 1 0 0 0 0 1 1 1 1 0 0 1 1 1 1 1
1 0 1 1 1 0 1 1 0 1 1 1 0 1 0 0 1 1 0 1 0 0 1 0 0 1 1 0 0 0 1 0 1 1 1 1 0 0 0 0 0 0 0 1 0 1 1 0 1 0 1 0 0 0 0 0 1 1 1 1 1 1 1 1 1 0 1 0 0 1 0 1 1 0 0 0 0 0 0 0 1 1 0 1 0 1 1 1 0 1 1 0 0 1 0 1 0 0 0 1 0 1 1 0 1 1 1 0 0 1 0 1 1 0 1 0 1 1 0 0 0 0 1 0 1 0 1 0 0 0 0 1
1 0 1 0 0 0 0 0 1 0 0 1 1 1 1 1 0 0 0 0 0 0 1 1 0 0 1 1 1 0 0 1 1 0 1 1 1 1 0 1 0 0 0 0 1 0 0 0 0 1 1 0 0 0 0 0 0 0 1 1 1 1 1 1 0 1 1 1 0 1 1 1 1 1 0 1 0 1 1 0 0 0 1 1 0 1 1 1 0 0 0 1 0 0 0 0 0 0 0 0 0 1 0 0 1 1 1 1 1 1 0 0 0 1 0 1 1 1 1 0 1 1 0 1 1 1 0 0 0 1 1 0
1 1 0 1 0 1 0 0 0 0 1 0 1 0 1 1 0 0 1 0 0 0 0 1 0 0 0 1 1 0 1 1 1 0 0 1 1 0 0 1 0 1 1 0 0 0 1 1 0 0 0 1 0 0 0 0 0 1 0 1 1 1 1 1 0 0 0 1 1 0 0 0 1 1 1 1 0 1 1 1 1 1 0 0 0 1 1 0 0 1 0 0 1 1 1 1 0 1 0 0 0 0 1 1 1 1 0 0 0 1 1 1 1 0 1 0 0 1 1 1 0 0 0 0 1 0 1 1 0 0 1 1
0 1 0 1 1 0 1 0 1 0 1 0 1 1 1 0 0 1 1 1 1 0 0 0 0 0 0 1 0 0 1 1 0 0 0 0 1 1 1 1 1 0 0 1 1 0 1 0 1 0 1 1 1 0 0 0 0 0 1 0 1 1 1 0 1 0 1 0 1 0 0 1 0 1 0 0 1 0 1 1 1 0 1 0 0 0 1 1 1 1 0 0 1 0 0 0 1 0 1 1 0 0 1 0 0 1 0 0 1 1 0 0 0 0 0 1 1 1 0 1 0 1 1 0 1 1 1 1 0 1 0 0
1 1 0 1 0 1 0 0 1 1 0 0 0 0 1 1 1 0 1 1 1 1 1 0 0 0 0 1 0 0 1 0 1 1 1 0 0 1 1 1 1 1 0 0 0 0 0 0 1 1 0 0 1 1 0 0 1 0 1 0 1 1 1 1 1 1 0 1 0 1 0 1 1 1 0 0 0 1 0 0 1 1 0 1 0 0 0 0 0 0 0 0 1 1 1 0 0 1 0 1 1 1 0 0 0 0 0 1 0 1 1 0 1 1 0 0 1 0 0 1 0 1 0 0 0 1 1 0 1 1 0 1
1 1 1 0 1 0 1 0 0 0 1 1 1 1 0 0 0 0 0 1 1 1 0 1 0 1 0 1 1 0 0 0 0 1 1 1 0 1 0 0 1 1 0 0 0 1 0 1 0 1 0 1 0 1 1 0 0 0 0 0 0 1 1 1 1 1 0 0 1 1 1 0 1 0 0 0 0 0 1 0 0 0 1 0 0 1 0 1 1 0 1 0 1 1 1 1 1 0 1 0 0 0 0 0 1 1 0 0 0 1 1 1 1 0 1 1 0 1 0 1 0 1 0 1 0 1 1 0 1 1 0 0
0 0 0 1 1 1 1 0 0 1 0 1 0 1 1 1 1 0 0 0 1 1 0 0 0 1 0 1 1 0 1 1 1 0 1 1 1 0 0 0 1 1 0 0 1 0 0 0 0 0 1 0 1 0 1 1 0 1 0 0 0 0 1 0 1 1 1 0 0 0 0 0 0 1 1 0 1 0 1 0 0 0 0 1 0 0 1 0 0 0 1 1 1 1 0 1 1 0 0 1 1 0 1 0 0 1 1 1 0 1 1 1 1 0 0 1 1 1 1 0 1 0 0 0 0 0 0 1 1 1 1 1
1 1 1 0 1 0 1 0 0 1 1 0 1 1 1 1 0 1 1 0 0 1 0 0 1 1 0 1 0 0 1 0 0 0 0 1 1 0 0 1 0 0 1 0 0 1 1 1 1 0 1 0 0 1 0 1 1 0 0 0 0 0 0 0 1 1 1 1 0 1 1 1 0 1 0 1 0 1 0 1 1 0 0 1 0 1 0 1 1 0 1 1 1 1 0 1 0 1 0 0 0 0 1 1 0 0 1 1 1 1 0 0 0 0 0 1 0 0 0 0 0 1 0 0 0 1 1 0 1 0 1 1
0 1 1 1 0 0 0 0 0 0 1 0 0 1 0 1 1 0 0 1 1 0 0 0 1 1 0 1 1 0 0 0 1 0 0 0 1 1 1 0 0 1 1 1 0 0 1 1 0 1 0 1 0 0 1 0 0 0 1 0 0 0 0 0 1 1 1 1 1 0 0 1 1 0 1 1 1 1 0 0 1 1 0 1 1 1 1 1 0 1 1 1 1 0 0 1 0 0 1 0 0 1 0 0 0 0 1 1 0 0 0 0 1 0 0 0 1 1 1 1 1 1 1 1 0 0 1 0 0 1 0 1
1 0 0 0 1 0 0 1 1 0 1 0 1 0 1 1 0 1 0 0 1 0 1 0 0 0 0 0 0 0 0 0 1 1 1 0 0 1 0 1 1 0 1 1 0 0 0 1 0 0 0 1 1 0 0 1 1 1 1 0 0 0 0 1 1 1 1 1 1 0 1 0 1 0 0 1 1 0 0 1 1 0 1 0 1 1 1 1 0 1 0 1 1 1 0 1 0 0 0 1 1 0 1 1 1 1 1 0 0 0 1 1 1 1 0 1 1 0 1 0 0 0 0 0 0 1 0 0 1 1 0 0
1 1 0 1 0 1 1 1 1 0 1 1 1 1 0 0 0 0 0 0 0 1 0 1 1 1 1 0 0 0 0 1 1 0 0 1 0 1 1 1 0 1 1 1 0 1 0 0 0 0 1 0 1 1 0 0 1 0 0 0 0 0 0 1 1 1 1 1 1 1 0 1 0 1 1 1 1 0 1 1 0 0 0 0 0 0 1 0 0 1 0 0 0 1 1 1 0 0 0 1 0 1 0 0 0 1 0 1 1 0 1 0 0 1 1 1 1 1 0 1 0 0 1 1 0 0 0 0 1 0 0 1
1 0 0 1 1 0 1 0 1 0 0 0 1 1 1 1 0 1 1 0 1 0 1 0 0 1 1 0 1 0 1 0 0 1 0 0 1 0 1 1 1 0 0 1 1 0 0 1 0 0 0 0 0 1 1 0 1 1 0 1 0 0 0 0 0 1 1 1 1 1 0 0 1 1 0 0 0 1 1 0 0 1 0 1 1 0 0 1 1 1 1 0 0 0 1 1 1 0 0 1 0 0 0 0 1 0 1 0 0 0 1 0 0 1 1 0 1 1 0 1 1 0 0 1 0 1 1 1 0 0 1 1
1 1 0 1 0 0 1 1 1 1 1 1 0 0 1 1 1 0 0 1 0 1 0 1 0 0 0 0 1 0 1 1 1 1 0 0 0 0 0 0 1 1 0 0 1 0 1 0 1 0 0 1 0 0 1 1 0 1 0 1 0 0 0 0 0 0 1 1 1 1 0 0 0 0 0 1 1 0 0 0 1 0 1 1 0 1 0 1 0 0 0 1 0 0 1 1 1 1 0 1 0 1 1 1 0 1 1 1 1 0 0 0 0 1 1 0 0 1 0 1 0 1 0 1 1 1 1 0 1 1 0 0
0 1 1 0 1 1 0 0 0 1 1 1 1 0 1 0 0 0 1 0 1 1 0 0 1 1 1 0 1 0 0 0 1 0 1 0 0 1 0 0 1 1 1 0 1 0 0 1 0 1 0 0 1 0 0 1 1 1 1 0 1 0 0 0 0 0 1 1 1 1 1 1 0 1 0 1 0 0 0 0 0 1 0 1 0 1 1 0 0 1 1 0 0 1 1 0 1 1 1 1 0 0 1 0 1 0 0 0 1 0 0 0 1 0 1 0 1 1 0 0 0 1 1 0 1 1 0 1 0 1 1 0
1 1 1 1 1 0 0 0 1 1 0 0 1 1 1 0 0 0 0 1 1 1 1 0 1 0 0 0 1 0 0 1 0 0 0 1 0 0 0 1 0 1 0 1 1 0 1 0 1 0 0 0 0 1 0 0 0 0 0 1 1 1 0 1 0 0 0 1 1 1 0 1 1 0 1 0 1 0 0 0 0 1 1 0 1 1 1 0 1 1 1 1 0 1 0 0 1 1 1 1 1 0 1 0 0 0 1 1 1 0 1 1 1 0 0 1 1 0 1 0 0 0 0 1 0 0 1 0 1 0 1 0
1 1 1 1 1 1 1 1 1 1 0 0 0 1 0 1 1 1 1 0 1 0 0 1 0 1 0 0 1 0 0 0 0 0 1 0 1 0 0 1 0 0 1 0 0 1 1 1 0 1 1 0 0 0 1 0 1 1 1 0 0 1 1 0 0 0 0 0 1 1 0 1 1 0 0 1 0 0 1 1 0 1 1 0 1 0 1 0 0 0 1 1 0 0 1 0 0 1 1 1 1 0 1 0 0 1 0 1 0 0 0 0 0 1 0 1 0 1 1 1 0 0 0 0 1 1 0 0 1 1 0 1
0 0 1 0 0 1 0 1 0 0 1 0 0 0 1 1 0 0 0 1 1 0 0 0 0 1 1 0 1 0 1 0 0 0 0 1 0 0 1 1 1 1 1 1 0 1 0 1 0 0 0 0 0 0 0 1 0 0 1 0 1 0 1 1 0 0 0 0 0 1 1 1 1 1 0 0 1 1 0 1 1 0 1 1 0 0 0 1 1 1 0 1 0 1 1 0 1 0 1 1 1 1 1 0 0 1 1 1 1 1 0 1 0 0 1 0 0 1 1 1 1 0 0 1 0 1 0 1 1 0 0 1
0 1 0 0 1 1 0 0 1 1 1 0 0 1 1 0 1 0 0 0 0 1 0 0 1 1 1 1 1 0 0 0 1 1 1 0 1 1 1 0 1 1 1 1 1 1 0 1 1 0 1 1 0 0 0 0 1 1 0 1 0 1 0 1 0 0 0 0 0 1 0 1 1 1 1 1 1 0 1 1 0 1 0 0 0 1 0 1 1 0 0 0 0 0 0 0 1 0 0 0 1 0 1 1 1 1 1 0 0 1 0 0 0 1 0 0 1 0 1 1 1 1 0 0 0 0 1 0 1 0 0 0
1 1 1 0 1 0 0 0 0 1 0 1 1 0 0 1 1 1 0 0 1 1 0 0 0 1 0 1 1 0 1 1 1 1 0 1 0 0 1 0 1 0 0 1 0 1 0 0 0 1 0 0 1 0 0 0 1 0 0 1 0 0 1 0 0 0 0 0 0 0 1 1 1 1 0 1 1 1 1 1 1 0 1 0 1 0 1 0 1 1 1 0 1 0 1 0 0 1 0 0 0 0 1 1 0 1 1 1 1 0 1 0 1 1 1 0 1 0 0 0 1 0 1 1 1 0 1 0 0 1 0 0
1 0 1 1 0 1 1 1 1 0 1 1 1 0 0 0 1 0 1 0 1 1 1 0 0 0 0 0 0 0 1 0 0 1 0 0 1 1 1 1 0 0 0 0 1 0 0 1 0 0 0 1 0 1 0 0 1 1 0 0 1 0 0 0 1 0 0 0 0 0 1 1 1 1 1 1 0 0 0 0 0 1 0 0 0 0 0 0 0 1 1 1 1 1 0 0 1 0 1 0 0 1 1 1 0 1 1 1 0 1 0 1 0 1 1 1 0 1 1 0 1 1 1 1 1 0 1 0 1 1 1 0
0 0 0 1 0 0 0 0 1 1 0 1 0 1 1 0 0 1 0 1 0 0 1 1 0 1 1 1 0 0 0 0 0 1 0 0 0 0 0 0 0 0 1 0 1 0 1 1 0 0 1 0 1 0 1 0 0 1 0 0 1 1 0 0 1 1 0 0 0 0 1 1 1 1 1 1 1 0 0 1 1 0 1 1 0 0 0 0 1 1 1 1 0 1 1 0 0 1 0 0 1 0 0 1 1 1 0 0 1 0 1 0 1 0 1 0 1 1 1 1 0 1 1 1 0 1 1 0 1 1 1 1
0 1 0 0 1 0 0 0 1 1 1 0 0 1 0 1 0 1 1 0 1 1 1 1 1 0 0 0 0 0 0 0 1 1 0 1 0 0 1 0 0 1 1 1 0 0 1 0 1 0 0 1 0 0 1 0 1 0 1 0 0 0 1 1 1 0 1 0 0 0 1 0 0 1 0 1 0 0 0 0 0 1 1 1 0 0 1 0 1 0 0 0 0 1 1 1 1 1 1 0 1 1 0 0 1 1 1 0 1 1 1 0 0 1 0 1 0 1 1 0 1 0 0 1 1 0 1 1 0 1 1 1
0 0 1 0 1 1 1 0 0 1 1 1 1 1 1 1 1 0 0 1 1 0 0 1 0 0 0 1 0 0 0 1 0 1 0 0 1 0 0 1 0 0 0 1 0 1 1 0 1 1 0 0 1 0 0 1 0 1 1 0 1 0 0 1 0 1 1 1 0 0 0 0 0 1 1 1 0 0 1 1 0 1 1 0 1 1 0 1 0 1 1 0 0 1 1 0 1 0 1 0 1 1 0 1 1 0 0 1 0 1 0 0 0 1 1 0 1 0 0 0 0 0 0 1 0 0 1 1 1 1 0 1
1 1 1 1 0 1 0 1 1 1 1 1 0 1 0 1 0 1 1 0 0 0 0 0 1 1 0 1 0 0 1 1 1 0 1 0 0 0 1 0 0 0 0 0 1 1 0 1 1 1 0 0 0 1 0 0 0 1 1 0 0 1 0 1 0 0 0 1 1 0 1 0 0 0 0 0 0 0 1 0 1 0 1 1 0 0 1 1 1 1 0 1 1 1 0 1 1 0 0 0 1 0 0 0 1 0 0 1 1 0 0 1 0 1 1 0 1 0 1 1 1 0 1 0 0 0 1 1 1 1 1 0
1 0 1 0 0 1 0 0 1 1 1 0 1 1 0 1 1 0 1 1 1 0 1 0 0 1 1 0 0 0 1 1 1 1 0 1 0 1 0 1 1 0 1 0 1 1 1 1 1 1 1 0 0 0 1 0 0 0 0 0 0 0 1 1 1 0 1 0 1 0 0 0 0 0 1 0 1 0 1 1 0 1 0 0 1 1 0 0 1 0 0 0 1 1 1 0 0 1 0 1 0 1 0 1 0 0 1 0 1 0 0 1 0 0 1 0 1 1 1 0 1 1 0 0 0 1 0 0 0 1 1 0
1 0 1 1 0 0 0 1 0 0 1 1 1 1 1 1 1 1 1 1 0 1 0 1 0 0 0 0 0 0 1 0 0 0 1 0 1 0 1 0 0 1 0 1 1 0 1 0 0 1 1 0 0 0 0 1 1 0 1 1 0 0 0 0 1 1 0 1 0 1 1 0 0 0 0 1 1 1 1 1 0 1 1 0 0 0 1 0 1 0 0 0 0 1 1 0 1 1 1 1 0 0 0 1 1 0 1 0 0 1 1 1 1 0 0 0 1 1 1 1 1 1 1 0 0 0 0 0 1 0 0 0
1 1 0 1 1 1 1 0 0 1 1 0 0 1 1 1 1 0 0 1 0 0 1 0 1 1 1 1 1 0 1 1 0 1 1 1 0 0 1 1 1 0 0 0 0 0 0 0 0 0 1 1 0 0 0 0 1 0 1 0 0 0 0 1 0 1 0 0 1 1 1 0 0 0 1 1 0 1 0 1 1 0 1 0 0 0 0 0 0 1 1 0 0 0 0 1 1 1 1 0 1 1 0 1 0 0 0 0 0 0 0 1 1 1 0 1 1 1 1 0 0 1 1 1 1 1 0 1 0 0 1 0
1 1 1 0 0 1 0 0 1 1 1 1 0 0 1 1 0 1 1 0 1 1 1 1 0 0 0 0 1 0 0 0 0 1 1 1 1 1 1 0 0 1 0 0 0 1 1 0 1 0 1 1 1 0 0 0 0 1 0 1 1 0 0 1 0 0 1 0 0 0 1 0 0 0 1 0 0 1 1 1 0 0 0 1 1 0 0 0 1 1 0 1 1 0 0 1 0 0 1 1 1 0 1 0 1 0 1 1 0 0 0 0 1 0 1 1 1 1 0 1 0 1 1 1 0 1 0 0 0 0 0 1
1 1 1 0 1 0 0 1 1 0 1 1 0 0 1 0 1 1 0 1 1 0 1 1 0 0 0 0 0 0 1 1 0 1 0 1 1 0 1 0 1 1 1 0 1 1 0 1 0 1 0 1 1 1 0 0 0 1 1 0 0 1 0 0 1 0 1 1 0 1 0 1 0 0 1 1 0 1 1 0 1 0 0 0 0 1 0 1 1 0 1 0 0 0 1 0 0 0 0 0 1 1 1 0 0 0 0 0 1 0 1 0 1 0 0 1 1 1 1 0 1 0 0 0 1 0 0 1 1 0 1 1
1 1 0 0 1 0 1 0 0 0 0 1 0 0 1 0 1 1 1 0 1 1 0 1 0 1 1 0 1 0 1 0 1 1 1 0 1 1 0 0 0 0 0 1 0 1 1 0 1 0 0 1 1 1 1 0 0 0 0 0 1 0 1 1 0 1 0 1 1 0 1 1 1 0 0 0 1 0 0 1 1 1 0 0 0 0 1 1 0 1 0 1 0 0 1 0 1 1 0 0 0 1 0 1 1 0 0 1 1 0 0 1 0 0 0 1 1 1 1 0 1 1 0 0 0 0 0 1 1 0 1 1
1 1 0 0 0 0 0 0 1 1 0 1 1 0 1 0 0 0 0 1 1 0 0 0 0 1 0 0 0 0 0 1 1 0 0 1 0 1 1 1 0 0 1 0 0 0 1 1 1 1 1 0 1 1 1 1 1 0 1 1 0 1 0 0 0 0 0 0 1 0 1 0 1 0 1 0 0 0 1 1 1 1 1 1 0 0 0 1 0 0 1 0 0 0 0 1 1 0 1 1 0 1 1 1 1 1 1 1 0 1 1 0 1 1 0 0 0 1 0 0 1 1 1 0 0 0 0 1 1 0 1 1
0 1 1 1 0 1 1 0 0 1 0 0 1 0 1 0 0 1 1 0 1 0 1 0 1 1 0 1 0 0 1 1 1 1 1 0 1 1 1 0 0 0 0 1 0 0 1 1 1 1 0 0 0 1 1 1 0 0 1 0 0 0 1 1 0 0 1 0 0 1 0 1 0 1 1 1 1 1 0 0 0 0 1 0 0 1 0 1 0 0 0 1 0 0 1 0 0 0 0 1 1 0 0 1 1 1 1 0 0 0 1 1 1 0 1 1 0 1 0 1 0 0 1 1 1 0 0 0 1 0 1 0
0 1 1 1 0 1 1 0 0 0 0 1 1 0 1 0 0 1 1 1 1 0 1 1 1 1 0 0 1 0 0 1 1 1 0 1 0 0 0 0 1 0 1 0 1 1 1 0 0 1 1 1 0 0 1 1 1 1 1 0 1 0 0 1 0 0 0 1 0 1 0 0 1 1 0 1 1 0 1 0 1 0 0 1 1 0 1 0 1 1 0 0 1 0 0 0 1 0 0 0 0 1 0 0 0 0 1 0 0 1 1 1 0 1 0 1 0 0 1 0 0 1 1 0 0 1 1 0 1 0 0 1
0 1 0 1 0 0 1 1 1 1 0 1 1 0 0 0 1 0 1 1 1 1 1 1 1 1 0 1 1 0 1 0 0 0 1 0 1 1 0 1 0 1 0 1 0 0 0 0 0 0 1 0 1 0 0 1 1 0 1 0 0 1 0 1 1 0 0 0 1 0 0 0 0 0 0 1 0 1 1 1 0 0 0 1 1 1 0 1 1 1 0 0 0 0 0 0 0 1 0 0 0 1 1 0 1 1 1 0 1 0 0 1 1 0 1 0 0 0 1 0 1 0 0 1 0 1 1 1 1 1 1 1
0 0 1 1 1 0 0 1 1 0 0 0 0 0 0 0 1 0 0 1 1 0 0 1 1 1 1 0 0 0 1 1 1 0 1 1 0 0 1 0 0 1 0 0 1 0 1 0 1 0 1 1 0 1 0 0 0 1 0 0 0 0 1 1 0 1 0 0 0 0 1 1 0 1 0 1 0 1 1 1 1 1 0 1 1 1 1 1 0 1 1 0 1 1 1 0 0 0 1 1 0 0 1 1 1 0 1 0 0 0 1 0 0 1 0 1 0 0 0 1 0 1 0 1 0 1 0 1 1 1 1 0
0 0 0 0 1 0 1 1 1 0 0 0 1 1 0 0 0 0 1 0 0 0 0 0 0 1 1 0 0 0 1 1 1 1 1 1 1 1 1 1 1 1 0 0 0 0 1 0 1 1 0 1 1 0 1 0 0 1 1 1 0 0 0 0 1 0 0 0 0 1 1 1 1 0 1 1 0 1 1 0 0 0 1 0 1 1 1 0 0 1 0 1 0 1 1 1 1 1 0 0 1 0 0 0 0 0 1 1 1 1 0 0 1 0 1 0 0 0 1 0 0 1 1 0 0 1 1 1 1 0 0 1
0 0 0 1 1 1 0 1 1 1 0 1 1 1 0 1 0 1 1 1 0 1 1 0 0 1 1 1 1 0 1 0 0 1 0 1 1 0 0 1 0 1 1 0 1 1 0 1 1 1 0 1 1 1 0 1 0 0 1 1 0 0 0 1 0 1 1 0 0 0 0 0 1 0 1 1 0 0 0 1 1 1 0 1 0 0 1 1 0 1 0 0 0 0 1 0 1 0 1 0 0 0 0 0 0 1 1 1 1 0 1 1 1 0 0 1 0 0 0 1 0 1 0 0 1 0 0 0 0 1 0 0
0 0 1 1 1 0 1 0 1 1 1 1 0 0 0 1 0 1 0 1 0 0 0 1 1 0 1 0 0 0 0 0 1 0 1 0 1 1 1 1 1 0 0 1 0 0 0 1 0 1 1 0 1 1 1 0 0 0 0 1 1 0 0 1 0 0 0 1 0 0 0 0 0 1 0 1 1 0 1 0 1 1 1 0 0 1 0 0 1 1 1 0 1 1 1 1 1 1 0 0 1 1 1 0 0 1 1 1 0 0 0 1 1 0 0 1 0 0 0 1 1 1 0 0 1 1 0 0 0 0 1 1
0 0 1 0 0 1 0 0 1 1 1 0 1 1 0 0 1 0 0 0 0 1 0 0 0 0 0 0 0 0 1 0 0 1 1 1 0 1 0 0 1 1 0 0 0 1 1 1 0 0 1 0 0 1 1 1 1 0 0 1 1 1 0 0 1 0 1 0 1 0 0 1 0 1 0 1 1 1 1 0 1 0 1 1 1 0 1 1 0 1 0 1 0 0 1 0 1 0 1 0 0 1 0 1 1 0 0 1 0 0 1 1 1 1 0 1 1 0 1 1 0 0 0 0 1 1 1 1 0 0 1 1
1 0 1 1 1 1 1 1 1 1 0 1 0 0 0 1 0 0 0 0 0 1 0 0 1 0 0 0 0 0 1 1 1 0 0 1 1 1 0 1 1 1 1 0 0 0 1 1 1 0 1 1 0 0 1 1 1 0 1 0 1 1 1 0 0 1 0 1 0 0 1 0 1 0 0 0 1 1 0 1 0 0 0 0 0 1 0 1 1 1 1 0 0 0 1 0 1 0 0 1 1 0 0 0 1 0 0 0 0 0 1 0 0 0 1 1 1 0 1 0 1 1 1 1 1 0 1 0 0 1 0 1
1 0 1 0 1 0 1 0 1 1 1 0 1 0 0 0 1 0 1 0 0 1 1 0 1 0 1 0 0 0 0 1 1 0 0 0 1 0 1 0 0 0 0 1 1 1 0 0 0 1 0 1 1 0 0 1 1 1 1 0 1 1 1 1 0 0 0 0 1 1 0 0 0 0 1 0 1 1 0 1 1 0 0 1 1 0 1 1 1 0 1 1 0 1 1 1 1 0 0 0 0 0 0 1 0 1 0 1 0 1 1 0 1 0 0 0 0 1 1 1 0 1 0 1 0 1 0 0 0 1 1 1
0 0 1 1 0 0 1 1 0 1 0 0 1 1 1 0 1 1 1 1 0 0 0 1 1 0 0 1 1 0 0 0 1 1 0 0 0 1 1 1 1 1 1 0 0 0 1 1 0 0 0 1 1 1 0 0 1 1 0 1 0 1 1 1 0 0 1 0 0 0 1 0 0 1 0 0 0 0 1 1 1 0 0 1 1 1 0 1 0 0 1 1 0 1 1 0 1 1 0 1 0 0 0 0 0 0 0 1 1 1 0 1 1 1 0 1 1 1 1 0 1 0 1 1 0 0 0 0 0 0 0 0
1 1 1 1 1 0 0 1 0 1 0 1 1 1 1 1 0 0 0 1 0 1 1 0 0 0 1 1 0 0 1 0 1 1 1 0 0 1 1 0 0 0 1 1 0 0 0 1 0 0 1 0 1 1 1 0 0 1 1 0 0 0 1 0 0 0 0 1 0 1 1 0 0 0 1 0 1 0 1 1 0 1 0 1 1 1 1 0 0 0 0 1 1 0 0 0 1 0 1 0 0 1 1 1 0 0 0 0 1 1 1 0 0 0 1 1 0 0 1 1 0 0 0 1 1 1 1 1 0 0 0 1
0 1 1 1 0 0 1 1 0 1 1 1 1 0 0 1 0 1 0 0 1 0 0 1 0 0 1 1 1 0 1 0 0 1 1 1 0 0 1 1 1 1 1 1 1 0 0 0 1 0 0 0 0 1 1 1 1 1 0 1 1 0 0 1 1 0 0 0 1 0 0 1 0 0 1 0 1 1 0 1 0 1 1 0 0 1 1 1 0 0 1 0 1 0 0 0 0 0 0 0 1 0 0 0 1 0 0 1 1 1 1 0 0 1 0 0 0 1 1 0 0 1 1 0 0 1 0 0 0 1 1 1
1 1 0 0 1 1 0 0 0 0 0 1 1 1 0 0 0 0 1 0 0 0 0 1 1 1 0 0 0 0 1 0 1 1 0 0 1 0 1 1 1 1 1 0 1 0 1 0 1 0 0 0 1 0 0 1 0 1 1 1 1 0 1 0 1 1 0 0 0 1 0 1 0 0 0 0 1 0 0 1 1 1 1 1 1 1 0 0 1 0 1 0 1 0 0 1 0 0 1 0 0 1 0 0 1 1 0 1 0 0 0 1 1 1 1 1 1 0 1 1 1 0 0 1 1 1 0 0 1 0 1 0
1 0 0 1 1 1 0 1 0 0 0 1 1 0 0 1 1 0 0 1 1 1 0 0 1 1 0 0 1 0 0 1 0 1 0 0 0 1 1 0 1 1 0 1 1 0 1 1 0 1 1 0 0 1 0 0 1 1 1 0 1 1 0 1 1 1 1 0 0 0 0 0 1 1 0 0 0 0 0 1 1 0 1 0 1 1 1 0 1 0 0 1 0 0 0 1 0 1 0 0 1 0 0 1 1 0 1 1 1 1 0 0 0 0 1 1 0 1 0 1 0 1 0 0 1 0 0 1 0 0 1 1
0 0 0 1 1 1 0 1 0 0 1 1 0 0 1 0 1 0 1 0 0 1 0 0 0 0 1 1 0 0 0 1 0 1 1 0 0 1 1 1 1 0 1 0 1 1 1 1 1 0 0 0 0 0 1 0 0 0 1 0 1 1 1 1 0 1 1 1 0 0 1 0 0 0 0 1 1 1 1 0 0 1 0 0 1 0 1 1 1 0 1 0 0 0 0 1 0 1 1 0 0 0 1 0 0 1 1 1 1 0 1 1 1 1 0 0 0 1 0 0 0 0 1 1 0 1 1 0 1 0 1 1
0 1 0 0 0 0 1 1 0 0 0 1 0 0 1 0 1 0 1 1 0 1 1 0 0 1 1 0 0 0 1 0 1 1 0 1 0 0 0 1 0 1 0 1 0 0 1 1 0 1 1 1 0 0 0 1 1 1 1 1 0 1 1 1 0 0 1 1 1 0 1 1 0 1 1 1 1 0 1 0 0 1 1 0 0 0 0 1 1 1 1 1 1 0 0 1 0 1 1 0 1 0 0 0 0 0 0 1 0 1 1 0 0 0 1 1 1 0 0 1 1 0 0 0 0 1 0 0 0 1 1 0
1 1 0 0 1 1 1 0 1 0 0 1 1 0 0 0 1 1 0 1 1 0 0 1 1 0 1 1 0 0 1 0 1 0 1 0 1 0 0 0 1 1 1 0 1 1 1 1 0 0 0 0 1 0 0 0 1 0 1 1 0 0 1 1 1 0 1 1 1 0 1 0 1 0 1 0 1 1 1 0 0 0 1 1 0 0 0 0 0 1 1 1 0 1 0 0 0 0 1 1 1 0 0 1 0 0 1 0 1 1 0 1 0 1 0 0 0 0 0 1 0 1 0 1 1 0 1 0 0 0 1 1
0 0 0 1 1 1 0 0 1 0 0 0 1 1 0 0 0 1 0 0 1 1 0 0 0 0 0 1 0 0 1 0 0 0 1 1 0 0 0 0 1 0 1 1 0 1 1 0 0 0 1 1 0 1 0 0 1 1 1 1 1 0 0 1 0 1 0 1 1 1 1 0 0 0 1 1 1 0 1 0 1 1 0 1 1 1 0 1 1 0 0 1 1 0 1 0 0 1 0 1 1 1 0 0 0 1 0 1 0 1 0 0 1 0 1 0 0 1 0 0 1 1 1 1 1 0 0 1 1 1 1 0
0 0 0 1 0 0 0 1 0 0 0 0 0 0 1 1 1 1 0 0 0 1 1 0 0 1 0 1 1 0 1 0 1 0 0 1 1 1 0 0 0 0 1 1 1 1 1 1 1 0 0 0 1 0 1 0 1 1 1 0 1 1 0 1 1 0 0 0 1 1 0 0 0 1 1 0 0 1 1 0 0 0 1 0 0 1 1 0 1 1 1 0 1 1 1 1 1 0 1 1 0 1 0 1 1 0 0 1 1 0 0 0 1 1 0 1 0 0 0 0 1 1 0 1 1 1 0 0 1 0 0 0
0 1 0 0 0 1 0 0 1 1 1 0 1 1 0 0 1 1 0 0 0 0 0 1 0 1 1 0 1 0 1 1 0 0 0 0 1 0 0 1 0 1 0 1 0 0 0 1 0 1 0 1 0 1 0 1 0 1 1 0 1 1 1 1 1 1 1 0 0 1 1 0 0 0 0 0 1 0 1 0 1 1 0 0 0 0 1 0 0 0 1 1 1 0 0 0 1 1 0 1 1 1 1 1 1 0 1 0 1 0 1 0 1 1 1 1 0 0 0 0 1 1 1 1 0 1 1 0 0 0 0 1
0 0 1 1 1 0 1 0 0 1 0 0 0 0 0 1 0 0 1 0 1 0 1 0 1 0 0 0 1 0 1 1 0 0 0 0 0 1 0 1 0 1 1 0 1 1 0 0 0 0 0 0 1 0 1 0 1 1 0 1 0 1 1 1 1 1 0 1 0 1 1 1 0 0 1 1 1 0 1 0 1 1 1 0 0 0 0 1 1 0 0 1 0 0 1 1 0 0 1 0 0 1 1 1 1 0 1 0 1 1 0 1 1 1 1 1 1 0 0 1 0 1 1 0 0 0 0 1 0 1 0 1
1 0 1 0 1 1 0 0 0 0 1 0 0 0 0 0 1 1 1 1 0 0 1 1 0 0 0 1 1 0 1 1 1 0 0 0 0 1 0 0 1 0 1 1 1 0 0 0 1 0 1 0 0 1 0 1 1 0 0 0 0 0 1 0 0 1 1 0 1 0 0 1 1 0 1 1 0 0 1 0 0 1 1 1 1 0 0 1 0 1 0 0 0 1 0 1 1 1 0 0 1 0 1 0 1 0 0 1 1 1 1 0 1 0 1 1 0 0 1 1 1 1 1 1 1 1 0 0 1 0 0 1
0 0 0 0 0 1 1 1 1 1 0 0 1 1 0 0 0 1 1 1 0 1 1 1 1 1 0 1 0 0 1 1 1 0 1 0 0 0 0 0 1 1 0 1 1 1 0 1 0 1 0 0 0 0 1 0 0 1 0 0 1 0 0 0 0 0 1 1 0 0 1 1 1 0 0 0 0 1 0 1 0 1 1 0 0 1 0 1 1 1 0 0 1 0 0 1 0 1 1 1 0 1 1 1 0 1 0 1 0 1 1 0 1 1 0 1 1 1 1 0 0 1 0 1 0 0 0 1 0 0 0 1
1 0 1 1 1 1 1 0 1 0 0 0 1 0 1 1 1 0 1 1 0 1 0 1 0 0 1 1 0 0 0 0 1 0 1 1 0 0 1 0 0 0 0 0 0 0 0 1 1 0 0 1 0 0 0 1 0 1 0 0 0 1 0 0 1 0 1 1 1 1 0 1 1 1 1 0 1 0 0 1 0 0 1 1 1 0 1 1 1 0 1 0 1 0 1 0 0 1 1 0 1 1 0 0 1 1 1 0 1 0 0 1 1 1 1 1 0 0 0 0 1 1 1 0 0 0 0 1 0 0 0 1
0 1 0 1 0 1 0 1 0 0 1 0 1 0 0 0 1 1 0 1 0 0 1 0 1 0 0 0 1 0 0 1 1 1 1 1 1 0 1 1 0 0 0 0 1 1 0 0 1 1 1 0 1 0 0 0 1 0 0 1 0 0 1 0 1 1 0 1 1 0 1 0 1 1 0 1 1 0 0 0 0 1 0 1 0 1 0 1 1 0 1 1 1 0 1 0 1 0 1 1 1 0 0 1 1 1 0 1 1 0 0 0 1 0 1 1 0 1 1 0 0 0 0 0 0 1 1 1 0 0 0 1
0 0 0 1 0 0 0 0 0 1 0 1 1 0 1 0 1 0 1 0 1 0 0 1 0 0 1 0 0 0 0 1 1 1 1 1 1 0 0 0 0 1 1 0 1 1 0 1 1 1 0 0 0 1 0 0 1 0 0 0 0 0 0 0 1 1 0 0 1 1 1 0 0 1 1 0 0 1 0 1 1 1 1 0 1 1 1 1 1 1 0 1 0 0 0 1 1 1 0 1 1 1 1 0 0 1 0 0 0 1 0 1 0 0 0 1 1 0 0 1 1 0 1 1 1 1 1 0 0 1 0 1
1 1 1 1 1 1 0 1 1 1 0 1 1 0 0 0 1 1 1 1 0 0 1 0 0 0 0 1 1 0 0 0 1 0 0 1 1 1 1 1 1 1 1 1 0 1 0 0 0 1 1 1 0 0 1 0 0 1 0 1 1 0 0 0 0 1 1 0 0 1 1 1 0 1 1 0 1 0 0 0 1 0 1 0 0 0 1 1 0 0 0 0 0 1 0 1 0 1 1 1 0 0 0 1 1 0 0 0 0 0 0 1 0 0 0 0 0 0 0 0 1 0 0 1 0 1 1 1 1 1 1 1
0 0 0 1 1 0 1 0 0 0 0 1 1 1 1 1 1 1 1 0 0 0 1 0 1 0 0 0 1 0 0 0 1 0 1 1 0 1 0 0 1 1 0 0 0 1 1 1 0 1 1 1 0 1 0 0 0 0 1 1 1 0 1 0 1 0 1 1 1 0 0 1 0 0 1 0 0 1 0 1 1 1 0 0 0 0 0 0 1 0 1 0 0 1 0 0 1 0 0 0 1 1 1 1 1 1 1 1 1 0 1 0 0 1 1 0 0 0 1 1 0 0 1 1 0 1 0 1 1 1 0 0
0 1 0 1 1 0 1 0 0 1 1 0 1 1 0 1 1 1 0 1 0 1 1 1 0 1 0 0 0 0 0 1 0 0 0 1 1 1 1 0 1 1 0 0 1 1 0 1 1 0 0 1 1 0 1 0 0 1 1 0 0 1 0 1 0 1 0 1 1 0 1 1 1 1 0 1 1 1 0 1 0 1 1 1 1 0 0 0 0 0 0 1 0 1 0 0 0 0 0 1 0 1 1 0 1 0 0 1 0 1 1 1 0 0 1 0 0 0 0 0 1 0 1 0 1 1 0 0 0 0 1 0
1 0 0 0 1 1 1 1 1 0 0 0 0 1 1 0 1 0 1 1 0 0 1 1 1 0 0 0 1 0 0 0 0 0 1 1 0 0 1 1 0 0 1 1 0 1 1 1 1 1 0 0 1 0 1 1 1 1 0 0 0 0 0 0 0 1 0 0 1 0 1 1 0 1 0 0 1 1 1 0 1 0 0 0 0 1 1 0 0 0 0 0 1 0 0 0 1 0 0 0 1 1 1 0 1 0 1 1 1 1 1 1 1 0 1 0 1 1 0 1 0 1 0 1 1 0 1 0 0 1 1 0
1 1 0 0 0 0 1 0 0 1 0 0 0 0 1 1 0 0 0 1 0 0 0 1 1 0 1 1 0 0 1 1 0 1 1 1 1 1 0 1 1 0 0 1 1 1 1 1 0 1 1 1 0 1 0 1 1 1 1 0 1 0 0 0 1 0 0 0 0 0 1 1 1 0 1 1 1 0 0 0 0 1 0 1 1 0 1 0 1 0 0 0 0 1 1 1 0 0 0 1 0 0 1 0 1 0 0 1 1 0 0 1 1 1 0 1 0 1 0 1 1 0 0 1 0 0 1 1 0 1 0 0
0 1 1 0 0 0 0 1 0 0 1 1 0 1 1 0 1 1 1 0 1 1 0 0 1 0 0 0 0 0 0 1 0 0 1 1 1 0 0 1 1 0 0 0 0 0 0 1 1 0 1 0 1 0 1 0 1 1 1 1 0 1 0 1 0 1 1 0 0 1 0 1 1 0 1 0 1 1 0 0 1 1 1 1 1 1 0 0 0 1 0 0 1 1 0 0 1 1 0 0 0 0 0 1 0 1 0 0 1 0 1 1 0 1 1 1 0 1 0 1 1 1 0 1 0 0 0 1 0 1 0 1
0 1 0 0 0 1 1 1 1 1 0 0 0 1 1 1 0 1 1 1 1 1 0 0 0 0 1 0 1 0 0 0 0 0 0 1 1 1 0 0 1 0 0 0 1 0 0 0 1 1 1 1 0 1 0 1 1 1 0 0 0 0 1 1 1 0 0 1 0 0 1 0 1 1 0 0 1 1 1 0 1 1 1 0 1 1 1 1 0 0 1 0 0 1 0 1 0 0 1 0 0 1 0 1 0 1 0 0 1 0 0 0 1 0 1 0 1 0 1 1 0 0 1 1 1 0 0 0 1 0 1 1
1 1 1 0 0 1 0 1 0 0 1 0 0 1 0 1 0 0 0 1 1 1 1 0 1 1 1 0 0 0 1 0 1 0 1 0 1 1 0 1 1 0 0 0 1 0 1 0 0 1 0 1 1 0 1 0 1 1 0 1 1 0 0 0 0 1 1 0 1 0 0 0 0 1 1 0 0 1 1 1 1 1 1 1 0 0 1 1 1 0 1 1 0 0 1 0 0 1 0 0 1 1 1 0 1 1 0 0 1 1 1 1 0 0 0 1 0 0 0 0 0 0 1 1 0 0 1 0 1 0 0 0
0 0 0 0 0 1 1 0 0 0 1 0 1 0 0 1 1 1 0 0 1 1 1 1 0 1 1 1 0 0 1 1 1 0 1 1 0 1 1 1 0 0 1 0 0 1 0 0 0 0 1 1 1 1 0 1 0 1 1 1 0 1 0 0 0 0 0 1 0 0 0 1 0 1 0 0 0 0 0 0 1 1 1 0 1 1 0 0 1 0 1 1 0 0 0 1 1 1 1 1 0 0 0 0 1 0 1 0 1 0 1 1 0 0 0 0 1 1 1 1 0 1 0 1 1 0 1 0 1 1 0 1
1 0 0 1 0 1 1 1 0 1 1 0 1 0 1 0 1 0 1 0 0 0 0 1 1 1 0 0 0 0 0 1 0 1 0 1 1 1 0 0 1 0 1 1 0 0 0 0 0 0 1 0 1 1 1 0 0 1 0 1 1 0 1 1 0 0 1 0 1 1 1 0 1 0 0 1 0 1 0 1 0 1 1 1 0 0 1 1 1 0 1 1 1 1 0 0 0 0 1 0 1 1 0 0 0 0 1 0 1 0 1 0 1 0 0 0 1 0 0 1 1 1 0 0 1 0 1 1 1 1 0 0
1 1 1 1 0 1 1 0 0 0 0 1 0 1 0 0 1 0 1 1 0 1 0 0 0 1 1 0 1 0 0 0 1 0 0 0 1 0 1 1 1 0 1 1 0 1 0 0 1 0 0 1 0 1 1 1 0 0 0 0 1 1 0 0 1 0 0 1 0 0 1 0 0 0 1 1 0 1 1 0 1 1 1 1 1 1 0 0 1 1 0 1 0 1 0 0 0 0 0 1 1 0 0 1 1 1 1 0 1 1 1 0 1 1 0 1 1 1 0 0 0 0 0 0 1 1 0 1 0 1 0 0
1 0 0 0 0 1 1 1 1 0 0 0 1 1 1 1 1 1 0 1 1 1 0 0 1 0 0 1 0 0 1 1 0 1 1 0 0 1 0 0 0 1 1 1 0 1 0 0 1 1 0 1 1 0 1 1 0 0 0 1 1 1 1 0 0 1 0 0 1 1 1 0 0 1 1 1 0 0 0 0 1 1 1 1 0 1 1 0 1 1 1 0 0 1 0 0 0 0 0 0 0 0 1 0 0 0 1 0 0 0 0 0 0 1 1 1 0 1 1 1 1 0 1 0 0 1 0 0 0 0 1 1
1 1 0 0 0 0 1 1 1 1 1 0 1 0 0 0 1 1 0 0 1 0 1 0 0 0 1 1 1 0 0 1 1 1 1 0 1 0 0 1 1 1 1 1 1 0 1 1 0 0 1 0 0 0 1 1 0 0 0 0 0 1 0 1 0 1 0 1 0 0 1 1 0 0 1 0 0 1 0 0 1 0 0 1 1 0 1 0 1 0 1 0 1 1 1 0 1 1 1 0 0 1 0 0 1 1 1 1 0 1 0 0 0 0 1 1 1 0 0 1 0 0 1 0 1 0 0 1 1 0 0 0
1 0 1 1 1 0 0 1 0 1 0 1 1 1 0 0 1 1 1 0 1 1 1 1 1 1 1 1 0 0 0 1 0 0 0 1 0 1 0 1 1 0 0 1 1 0 0 1 1 0 0 1 0 0 0 1 0 0 1 1 1 0 1 0 1 0 0 0 1 0 1 0 1 1 1 1 1 1 1 0 1 0 0 1 0 1 0 0 0 0 0 1 1 0 1 1 1 1 1 0 1 1 1 0 1 0 0 0 0 0 0 0 0 1 0 0 1 1 0 1 0 0 0 0 0 0 0 0 1 0 0 1
1 0 1 1 0 0 0 0 0 1 0 0 0 0 1 1 0 1 1 1 0 1 0 1 1 1 1 0 0 0 1 1 0 0 0 0 1 1 0 0 1 0 1 0 0 1 0 0 0 1 0 1 1 0 0 0 1 0 0 1 0 1 0 1 1 1 1 0 0 0 1 1 0 0 1 0 1 0 0 0 0 0 0 0 1 1 1 1 0 1 1 0 1 0 0 0 1 1 1 1 1 1 0 0 1 1 1 1 0 1 1 0 0 1 1 0 0 1 1 1 0 0 0 0 1 1 1 1 1 0 1 0
0 1 1 0 0 0 1 1 1 1 1 0 0 0 1 0 0 1 1 1 0 1 0 0 0 1 0 1 0 0 0 1 1 0 1 0 0 0 0 1 1 1 0 1 1 1 1 1 1 0 0 0 1 1 0 0 1 0 0 1 1 0 1 0 1 1 0 1 0 1 0 0 1 1 1 1 0 0 1 1 1 0 0 0 1 0 1 0 0 0 1 1 0 0 0 1 0 0 1 0 1 1 0 0 1 0 1 0 0 0 1 1 0 0 1 0 0 1 1 0 1 1 0 1 1 1 0 1 0 1 0 0
0 1 1 0 1 0 1 1 0 0 0 0 1 0 1 0 0 1 1 1 1 1 0 0 0 0 1 0 1 0 1 1 0 0 1 1 0 1 1 1 0 1 1 0 1 1 0 0 1 1 1 0 0 1 1 0 0 1 1 0 1 1 0 0 0 1 1 0 1 0 0 0 0 0 0 1 1 0 0 1 0 0 0 1 0 0 0 0 0 1 1 1 1 1 1 1 0 1 0 0 1 1 0 1 1 1 1 0 0 1 0 0 1 1 0 0 1 0 1 1 1 0 0 1 1 0 1 0 0 0 0 0
1 1 0 1 1 0 0 0 1 0 0 0 0 1 0 0 0 0 1 1 1 0 0 0 0 0 1 1 0 0 0 1 0 1 1 1 1 0 1 0 1 0 1 1 0 1 0 0 0 1 0 0 0 0 1 1 1 1 0 1 1 1 1 1 1 0 1 1 0 0 0 0 0 1 0 1 0 1 0 1 0 0 0 1 0 1 0 0 0 1 1 1 0 0 0 1 1 1 1 1 0 1 1 1 1 0 0 1 1 0 1 1 0 0 1 1 0 0 1 1 1 1 1 0 0 0 0 0 1 1 0 0
0 0 0 0 0 0 1 0 1 1 0 1 0 0 0 1 0 0 1 1 1 1 1 0 1 1 0 0 0 0 0 1 0 1 1 1 1 0 1 0 1 0 1 1 1 0 0 1 0 0 1 1 0 0 0 1 0 0 0 1 0 1 1 0 0 1 1 1 1 1 0 1 0 0 0 0 0 0 1 1 1 1 0 0 0 1 1 0 0 1 0 1 1 1 1 0 0 0 1 0 1 0 0 1 1 0 0 1 1 1 0 1 1 1 0 0 0 1 0 0 1 0 1 1 1 1 1 0 1 0 0 1
0 0 1 0 0 0 0 0 1 0 1 1 0 1 1 0 0 0 1 1 0 1 1 1 1 1 0 1 1 0 1 1 0 1 1 1 1 1 1 1 0 1 1 1 0 1 0 1 0 0 1 0 1 0 0 0 0 1 0 0 1 0 1 0 1 0 0 1 1 0 0 0 1 0 0 0 1 1 0 0 1 1 1 1 1 0 1 1 0 0 1 0 0 0 1 1 1 1 0 1 1 0 0 1 0 0 1 0 0 1 0 0 0 1 1 1 0 0 0 0 0 0 1 0 1 0 0 0 1 1 1 0
0 1 0 0 1 1 0 1 0 1 0 1 0 0 0 1 0 0 1 1 0 0 1 1 0 1 0 1 0 0 0 0 1 1 1 1 1 1 0 1 0 0 0 1 1 1 1 0 0 0 0 1 0 1 0 0 1 0 0 0 1 1 0 0 0 1 1 0 1 1 0 0 0 0 0 1 1 1 0 0 1 0 1 0 1 1 0 0 0 0 1 1 1 1 1 0 1 0 1 1 0 0 1 0 0 1 1 0 1 1 1 0 0 1 1 0 1 0 1 1 1 1 1 0 0 0 0 1 0 0 1 1
1 0 1 0 0 1 1 1 0 1 1 1 1 1 0 0 0 0 0 1 1 0 1 1 0 0 1 1 1 0 0 0 0 0 1 1 1 1 0 0 1 0 1 0 1 0 1 0 1 0 0 1 1 0 1 0 1 0 1 0 0 1 1 0 1 0 0 1 0 1 0 1 0 1 0 1 0 0 0 1 1 1 0 0 0 0 1 1 1 1 0 1 1 0 0 1 1 1 0 1 1 0 0 1 0 0 1 1 0 0 1 0 1 1 1 0 0 0 0 1 1 0 0 1 0 0 0 1 0 0 1 0
0 0 1 1 0 0 1 0 1 1 0 0 0 0 0 1 1 0 0 0 0 1 0 1 0 0 1 0 1 0 0 0 1 0 1 1 1 1 1 1 1 0 1 1 1 1 1 1 1 1 0 0 1 1 0 1 0 1 1 1 0 0 1 1 1 1 1 0 1 1 0 0 1 0 0 1 0 0 0 0 1 0 1 1 0 0 0 0 1 1 0 0 1 0 0 0 0 1 1 0 0 0 1 1 0 0 0 0 0 1 1 0 0 0 1 1 1 1 1 0 0 0 1 1 0 0 1 1 1 0 1 0
1 0 1 0 0 1 1 0 1 0 1 0 1 0 1 0 1 0 0 0 0 1 1 0 1 1 0 1 1 0 0 0 0 1 0 1 1 1 0 0 0 0 0 1 1 0 1 0 1 1 0 0 0 1 1 0 0 1 1 1 0 0 0 1 1 1 0 1 0 0 1 1 0 0 0 0 1 0 1 1 1 0 0 1 0 1 0 0 0 1 1 0 0 0 1 1 0 1 1 1 1 0 1 0 0 1 0 0 1 1 1 1 0 1 0 0 0 0 1 1 1 0 1 0 1 1 0 1 0 1 0 1
0 1 0 1 0 0 1 0 1 0 0 1 0 0 0 0 0 0 0 0 0 0 1 1 0 0 0 1 0 0 1 0 0 0 0 0 1 1 1 0 1 1 0 0 0 1 0 0 1 1 1 0 0 0 1 1 1 0 1 0 1 0 0 1 0 1 1 0 1 1 1 1 1 1 1 0 0 0 1 1 1 1 0 1 1 1 1 1 1 0 1 1 1 1 1 1 1 1 1 0 1 0 1 1 0 0 1 0 1 0 1 1 0 1 1 0 1 1 1 0 0 0 0 0 1 0 0 0 0 0 0 0
1 0 0 0 1 0 1 1 0 1 0 0 0 1 1 0 1 1 0 0 1 1 0 1 1 0 0 0 1 0 1 0 1 1 0 0 0 1 1 1 0 0 1 0 1 1 0 0 0 1 1 0 0 0 0 1 0 0 0 0 1 1 0 1 1 0 1 1 0 0 0 1 1 0 1 1 0 1 1 1 1 1 1 1 0 1 1 0 0 0 0 1 1 0 1 1 1 0 1 1 1 0 0 0 0 1 0 0 0 0 1 1 0 0 1 0 0 0 0 0 1 1 1 1 0 1 1 1 0 0 1 0
0 1 1 0 0 1 1 0 0 1 0 1 1 0 0 1 0 1 0 0 0 0 1 0 1 0 1 0 0 0 1 0 0 1 0 0 0 1 1 1 0 1 1 1 1 1 1 0 1 0 1 1 0 0 0 0 0 1 0 0 0 1 1 0 1 1 1 1 1 1 1 0 1 1 0 0 0 1 1 0 0 0 1 1 1 1 1 0 0 1 1 0 0 0 0 0 1 1 0 0 1 1 1 1 0 1 0 1 0 0 1 1 1 0 0 0 0 1 0 1 1 1 0 0 0 0 0 1 1 1 0 0
0 0 0 0 0 1 1 1 0 0 1 1 0 0 0 1 1 1 1 0 0 0 0 1 0 1 1 1 0 1 1 0 1 1 1 0 1 1 1 0 1 0 1 0 0 1 0 1 0 1 1 1 1 0 1 1 1 1 1 0 0 0 1 0 1 1 1 0 0 0 1 0 2 1 0 1 0 1 1 1 1 0 0 1 0 0 0 1 0 0 0 0 1 0 1 1 0 0 0 0 0 1 0 1 1 1 0 0 0 1 0 0 0 1 1 0 0 1 0 1 1 1 1 0 1 1 0 1 0 1 0 1
1 1 1 0 0 0 1 0 1 1 0 0 1 1 0 1 0 1 0 1 1 0 1 1 1 1 0 0 1 1 1 0 1 0 0 1 1 0 0 0 0 1 0 1 0 0 0 0 0 1 1 1 1 1 0 1 1 1 0 1 0 0 0 0 1 0 0 0 1 1 0 1 1 1 1 0 0 0 0 1 1 0 1 1 0 1 0 0 0 1 0 1 1 1 1 0 1 0 0 1 1 1 0 1 1 0 0 0 0 1 0 0 0 0 1 1 1 0 1 2 1 1 0 0 1 0 0 1 0 1 0 0
1 0 0 0 1 1 1 0 1 0 1 1 0 0 0 1 0 1 1 1 0 0 0 1 1 0 1 0 1 0 1 1 0 1 0 1 0 1 0 0 0 1 0 1 0 0 0 1 1 0 0 0 1 1 1 0 1 0 1 0 0 1 0 0 0 0 1 0 0 1 0 0 1 1 1 1 1 1 1 0 1 1 0 1 0 1 1 0 1 0 1 1 1 0 0 0 0 1 1 1 0 2 0 1 1 1 0 1 0 1 0 1 0 0 0 0 1 0 1 0 0 0 1 1 0 1 0 1 1 1 0 0
1 0 0 0 1 0 0 0 0 0 1 1 0 0 0 0 1 1 1 1 0 0 1 0 0 1 0 1 1 0 1 1 0 0 1 0 1 1 0 1 0 1 1 0 0 0 0 1 1 1 1 1 0 1 1 1 1 1 0 1 0 0 1 1 1 0 0 1 0 1 0 0 0 1 0 0 1 0 0 1 0 0 1 1 1 1 1 0 1 1 0 1 0 1 1 0 0 2 1 0 1 1 1 0 0 1 0 1 0 0 1 0 0 1 0 0 1 1 0 0 0 1 1 1 0 0 1 1 0 0 1 0
0 0 1 1 1 1 1 0 0 0 1 1 0 0 1 0 0 1 0 0 1 1 1 0 1 0 1 1 0 0 0 1 1 1 0 1 1 2 1 1 0 1 0 1 0 1 1 1 0 1 0 1 0 0 2 1 1 0 0 1 0 1 0 0 1 1 0 0 0 0 0 0 1 0 0 0 0 0 1 1 0 1 1 1 0 0 1 1 0 0 0 1 1 1 0 0 0 1 0 1 0 1 1 0 0 0 0 0 1 0 0 2 1 1 1 0 1 0 1 1 0 1 0 1 1 1 0 1 1 0 1 0
0 1 0 0 1 1 1 1 1 0 1 0 0 0 1 1 1 1 0 1 1 1 0 1 1 1 0 1 0 0 0 0 1 0 0 1 1 0 1 1 0 0 1 0 1 0 0 0 0 0 1 0 0 1 1 0 0 0 1 1 1 0 1 0 1 0 1 0 0 1 1 0 1 0 1 0 0 0 0 0 0 0 0 0 2 1 1 1 1 1 0 1 0 0 1 0 1 1 0 0 0 1 2 1 1 0 0 1 0 1 1 1 1 2 1 0 1 0 0 1 0 0 1 0 0 1 0 0 0 1 1 0
0 1 0 0 0 1 0 1 0 1 0 1 1 1 0 1 1 0 1 1 1 0 0 0 0 0 0 0 0 0 0 1 0 0 0 0 0 1 1 0 0 0 0 1 0 1 1 1 0 0 1 1 1 1 1 1 0 1 0 1 0 0 1 1 1 1 0 1 0 1 0 1 1 0 1 1 0 1 0 0 0 0 0 1 0 0 1 1 1 1 1 0 1 0 1 1 1 1 0 1 1 0 2 0 2 1 0 0 1 1 0 1 0 2 0 0 1 0 2 0 0 1 0 1 1 1 0 0 0 0 1 0
0 1 0 1 1 1 0 0 1 0 1 1 0 1 1 1 1 1 1 0 0 0 1 0 1 0 1 0 1 0 0 0 0 0 1 1 0 1 0 1 1 1 0 1 1 0 1 2 0 1 0 0 1 1 0 1 2 0 0 0 0 1 1 0 0 0 0 0 0 0 1 1 0 0 1 1 0 0 0 1 0 0 1 1 1 1 1 1 1 1 1 1 1 0 1 1 0 0 0 1 0 1 0 1 0 0 0 0 0 1 1 1 0 1 1 0 0 1 0 0 1 2 0 0 1 2 1 0 1 0 0 1
0 0 1 1 1 1 0 0 0 0 0 0 1 1 0 0 0 1 0 1 1 1 0 1 0 1 1 0 1 0 0 1 1 1 1 0 1 1 0 1 0 1 0 1 0 0 1 0 1 0 1 0 1 0 0 1 1 1 0 2 0 1 0 0 0 0 1 1 0 1 1 0 1 0 1 0 2 1 0 0 1 0 2 0 0 0 0 2 1 1 0 0 1 1 1 1 0 0 1 0 1 1 1 1 0 0 0 1 1 0 1 1 0 1 0 0 0 1 1 2 1 0 2 0 1 1 1 0 0 1 2 0
0 1 0 1 1 0 0 1 0 0 1 0 1 0 0 1 0 0 0 0 0 0 0 1 1 1 0 1 0 0 0 0 0 1 1 0 0 1 0 2 0 1 0 0 1 1 0 0 1 2 0 1 0 1 1 1 1 1 0 1 0 1 1 0 0 0 1 1 0 0 0 1 1 0 1 0 1 1 1 1 1 0 0 1 0 0 1 0 1 1 0 0 0 1 0 0 1 1 1 1 2 1 0 1 0 0 1 0 0 2 0 0 1 0 1 2 1 1 0 0 2 0 0 1 1 1 0 2 2 1 1 2
1 1 1 0 1 1 1 0 0 1 0 0 0 1 1 0 1 1 1 0 0 0 0 1 0 1 1 0 0 1 0 1 0 1 1 0 0 1 1 0 0 1 0 0 1 0 0 1 0 0 0 1 0 0 0 0 1 0 2 1 1 2 0 1 1 1 0 1 1 0 1 0 0 2 1 0 0 0 0 0 1 1 1 1 0 1 1 1 1 1 0 0 1 0 2 2 0 0 2 1 0 0 0 1 0 0 1 1 2 1 1 0 1 0 2 0 0 0 1 0 2 0 0 1 2 0 0 0 2 1 0 2
1 1 1 0 0 1 1 0 1 0 0 1 0 1 1 1 1 1 0 0 0 0 2 1 0 1 0 0 0 2 0 1 0 0 1 0 1 1 1 0 1 1 1 1 1 1 1 0 0 0 0 0 0 1 0 1 1 1 1 1 2 1 1 0 0 1 0 0 0 0 2 0 1 1 1 0 1 2 2 1 2 1 2 0 0 2 0 1 0 1 2 1 1 1 1 1 1 1 1 0 2 1 0 0 0 1 1 0 1 0 2 0 2 0 0 1 2 2 0 0 0 0 2 1 0 1 1 1 0 1 1 0
1 1 1 1 0 0 1 0 0 0 0 2 1 0 0 1 1 1 0 2 1 0 0 0 1 1 1 1 0 1 0 1 0 0 1 1 1 1 0 0 0 1 1 1 2 0 0 1 2 0 0 1 0 0 0 0 1 1 0 0 1 0 1 0 2 2 1 0 0 1 2 2 0 0 0 2 2 0 1 2 1 1 1 2 1 2 0 0 1 0 0 0 1 0 1 0 1 0 2 0 1 1 0 0 0 1 2 0 1 1 1 1 2 0 2 0 1 2 0 0 0 2 0 1 0 1 2 2 0 2 2 0
0 1 1 0 1 1 1 0 1 1 0 0 0 0 0 1 1 1 1 1 1 0 0 0 0 1 0 1 2 1 0 2 1 1 0 1 1 1 2 2 0 1 0 0 1 2 1 1 0 0 0 0 2 0 0 1 2 1 0 1 1 2 0 2 1 0 1 2 2 1 1 1 2 0 0 1 1 2 1 1 2 1 1 1 0 1 0 0 2 1 0 0 1 2 0 1 1 1 0 2 1 1 0 2 0 2 1 2 0 0 1 0 0 0 0 1 2 1 2 2 0 0 0 1 1 2 2 1 2 2 0 2
1 0 1 1 1 1 1 1 0 0 1 0 0 1 0 1 1 0 1 0 1 1 1 1 0 0 0 1 0 0 2 1 0 1 1 2 1 2 1 0 2 1 1 2 1 0 1 1 0 1 1 1 1 1 0 2 1 2 2 0 1 0 1 1 0 0 1 2 1 1 1 1 1 2 1 2 1 0 1 2 1 1 1 1 0 1 2 0 0 1 2 2 0 0 2 1 2 1 0 2 0 1 0 2 1 1 1 1 2 2 2 2 2 2 2 2 1 2 0 0 1 2 2 1 2 1 2 1 2 2 2 2
0 1 1 1 1 1 0 0 2 1 2 0 2 1 0 2 1 1 2 1 2 0 0 0 0 0 1 1 1 1 1 1 2 2 2 1 1 1 1 0 0 1 2 1 1 2 1 1 1 0 2 2 1 2 2 1 1 2 1 1 2 0 2 0 2 2 1 1 0 1 1 0 1 0 2 2 0 0 2 1 2 1 2 2 2 1 2 2 2 1 1 2 1 2 1 2 2 2 0 0 2 2 0 0 2 2 2 2 2 2 2 2 0 1 1 2 2 2 2 2 2 1 2 1 2 2 0 2 1 2 2 2
1 0 0 1 1 1 1 1 1 1 1 0 1 2 2 1 1 2 1 1 1 2 1 0 2 2 1 1 1 1 2 2 2 2 2 2 1 1 2 0 2 1 2 2 2 1 1 2 2 2 2 2 2 2 1 2 1 1 1 2 1 1 2 2 1 0 1 1 2 1 1 2 0 0 2 1 2 2 2 2 1 1 1 2 2 2 2 2 2 1 2 2 1 2 2 2 2 2 2 2 0 2 2 2 2 2 2 2 2 2 2 2 2 2 2 2 2 1 2 0 2 2 0 1 2 2 2 2 2 2 2 2
