620 51 2^51 6
0 1 0 1 0 0 0 1 1 1 1 0 1 1 0 1 1 0 1 0 1 1 1 0 0 1 0 1 1 1 0 1 0 0 1 1 1 1 1 0 1 0 0 1 0 0 0 0 1 1 0
0 0 0 1 0 1 1 0 0 1 0 1 0 1 1 0 1 1 0 0 1 0 1 0 1 1 1 1 0 0 1 0 0 1 0 1 0 0 1 1 1 1 0 0 0 1 0 0 1 1 1
0 1 0 1 0 1 1 0 0 0 1 0 1 1 0 1 0 0 0 0 1 0 1 1 0 1 1 1 0 0 0 1 0 0 0 0 1 0 0 1 1 1 1 0 0 0 0 0 0 1 1
0 0 1 0 1 0 0 1 1 1 0 0 1 0 0 1 1 0 1 0 0 1 0 1 1 0 1 0 0 1 1 1 1 1 1 1 0 1 1 0 0 1 1 1 0 1 0 0 0 1 0
1 0 0 0 1 0 1 1 0 1 1 0 1 1 0 0 0 0 1 0 1 0 0 0 0 0 0 0 1 1 0 1 0 0 1 0 0 1 0 0 0 0 0 0 0 1 1 0 0 0 0
0 1 1 1 1 0 1 1 0 1 1 1 0 0 1 1 1 1 1 0 0 1 1 0 1 0 0 0 1 0 1 1 0 1 0 0 0 1 0 1 1 0 1 1 0 0 1 0 1 0 1
0 1 1 0 0 1 0 0 0 0 0 1 0 0 0 1 0 0 0 0 1 1 0 1 0 1 0 1 1 0 0 0 1 1 1 1 1 1 1 0 1 1 0 1 0 0 1 0 1 0 1
1 0 1 1 1 1 1 0 0 0 0 1 1 0 0 1 1 0 1 0 0 1 1 1 1 1 0 1 0 1 1 1 1 0 0 1 0 0 1 1 0 0 0 1 0 1 1 0 0 0 0
1 0 0 0 1 0 0 0 1 1 0 0 0 1 0 0 0 0 0 0 0 1 1 0 1 1 1 0 0 0 0 0 1 0 1 0 1 0 0 0 0 0 1 0 0 0 0 1 0 0 0
0 1 0 0 1 0 1 0 0 0 0 0 1 0 0 0 1 0 0 0 0 0 0 0 0 0 1 1 1 0 1 0 0 0 1 1 0 0 1 0 0 0 0 0 0 1 0 1 1 0 1
1 0 0 0 1 1 0 1 0 1 1 0 0 0 1 1 1 1 0 0 1 1 1 1 0 0 1 0 1 0 0 1 1 1 0 1 1 0 1 0 0 1 1 0 0 0 0 1 1 1 1
1 1 0 1 0 1 1 0 1 0 1 1 1 0 1 0 1 0 1 0 0 1 0 1 1 0 1 0 0 0 1 1 1 1 0 0 0 0 0 0 1 0 1 0 0 1 0 1 1 1 0
1 0 0 1 0 1 1 1 1 0 0 0 1 0 1 0 0 0 0 0 0 1 0 0 1 0 1 1 0 0 0 0 1 0 0 0 0 0 1 0 1 1 1 1 0 0 1 1 1 0 1
1 1 1 0 1 0 1 0 1 1 1 1 1 0 1 1 0 0 0 0 1 1 0 0 0 0 1 0 1 0 1 1 1 0 0 1 0 0 1 1 1 1 0 1 0 1 1 1 0 1 1
1 0 0 0 1 1 0 0 0 1 0 1 1 0 0 0 0 0 0 0 0 0 1 1 0 1 1 0 0 1 0 0 0 1 0 0 0 1 1 0 1 1 1 1 0 1 1 1 0 0 0
1 0 1 0 1 1 0 1 1 1 1 1 1 1 1 1 0 0 1 0 0 1 1 1 1 0 0 1 0 1 1 1 0 1 1 0 1 0 0 0 1 1 0 0 0 0 1 1 1 0 0
1 0 0 1 0 0 0 1 0 1 1 1 1 1 0 1 0 0 0 1 0 1 0 0 0 1 0 1 1 0 1 1 1 1 1 1 1 0 0 1 0 1 0 0 0 1 0 0 1 0 1
1 1 0 0 1 1 1 1 0 0 1 0 1 1 0 0 1 0 0 1 1 1 0 1 1 0 1 0 0 1 1 0 0 1 0 0 0 1 1 1 0 0 0 1 0 0 0 0 1 1 0
0 1 1 1 1 0 1 0 0 0 1 1 1 1 0 0 1 1 0 1 0 1 1 0 1 0 1 0 0 0 0 1 1 0 0 1 1 1 0 1 0 0 0 0 0 0 1 0 1 0 1
0 1 1 1 0 1 0 1 1 0 0 1 1 1 0 0 1 1 0 1 1 0 0 0 1 0 0 0 0 1 1 0 0 0 0 0 1 0 0 1 0 1 1 0 0 0 1 0 0 0 0
0 1 0 1 1 1 1 1 0 1 0 1 0 0 1 1 1 0 0 1 0 1 1 1 0 0 1 0 0 1 0 0 1 1 1 0 1 0 1 0 1 1 1 0 0 0 1 0 0 0 0
1 1 1 1 1 0 1 1 0 1 1 0 1 1 0 1 1 0 0 1 0 1 0 1 0 1 0 0 1 1 1 1 1 0 0 0 1 0 1 0 0 0 1 0 0 0 1 0 0 0 0
0 1 1 1 0 1 0 0 1 1 1 0 0 1 0 1 1 0 1 1 1 1 0 0 1 0 0 1 0 0 0 0 0 1 0 1 1 1 1 1 0 1 1 0 0 0 0 1 1 1 0
1 1 0 1 1 0 0 1 0 1 0 1 1 0 0 0 0 0 1 1 1 1 1 0 1 0 1 1 1 1 1 1 0 1 0 0 1 1 1 0 0 0 1 0 0 0 0 1 0 0 0
0 0 1 0 1 0 1 0 1 1 1 0 0 0 1 0 1 1 1 1 0 1 1 1 1 1 1 1 1 1 0 1 1 0 1 0 0 0 0 1 1 1 1 0 0 1 0 1 0 0 1
0 1 0 0 1 0 0 0 1 0 1 0 1 1 0 1 0 0 1 1 1 1 0 0 1 1 0 1 0 1 0 1 1 0 1 1 1 1 1 1 0 0 0 1 0 1 1 1 0 0 1
1 0 0 0 1 1 1 0 0 1 0 1 1 0 1 0 0 1 0 1 1 1 1 0 0 1 0 1 0 0 1 1 1 1 1 0 1 0 0 1 1 0 0 0 0 0 1 1 0 0 1
1 0 1 0 1 0 1 0 1 0 1 0 1 0 0 1 1 0 0 1 1 1 0 1 1 0 1 1 1 1 0 0 0 1 0 1 0 0 1 1 1 0 1 0 0 0 1 1 0 0 0
0 1 0 0 0 1 0 1 0 1 0 1 0 0 0 1 0 0 0 1 1 0 1 1 1 0 1 0 1 0 1 1 0 0 0 1 0 0 0 1 1 0 0 0 0 1 1 1 1 0 1
1 1 0 1 1 0 1 1 0 1 0 1 0 1 1 1 1 0 1 0 1 1 1 0 1 1 0 0 0 1 0 0 1 0 0 1 1 1 0 0 0 1 1 1 1 1 0 0 0 0 1
0 0 0 0 0 1 0 1 1 0 0 1 0 1 0 0 0 0 0 0 1 1 0 0 1 0 0 0 1 0 1 0 1 0 1 1 0 1 0 1 1 0 0 1 1 1 0 0 1 1 0
1 0 0 1 1 1 0 0 1 1 0 0 0 0 1 1 1 0 1 0 0 1 1 1 0 0 0 1 1 0 1 0 1 1 0 1 1 0 1 0 1 0 0 1 1 1 0 0 0 0 1
1 1 0 0 1 0 0 1 0 0 0 0 1 1 0 1 0 1 0 0 1 0 0 0 1 0 1 0 0 0 0 0 0 1 1 0 0 0 1 1 1 1 0 0 1 0 1 0 1 0 1
1 1 0 1 1 1 0 0 0 0 0 0 1 1 1 0 0 1 1 0 1 1 0 0 0 1 0 1 0 0 1 1 0 1 1 0 0 1 1 1 0 1 1 1 1 1 1 0 0 0 1
1 1 1 0 0 1 0 0 0 0 1 1 0 1 1 1 0 0 0 0 0 0 1 1 0 0 0 0 1 0 0 0 0 0 0 1 1 1 1 0 1 0 0 0 1 0 1 0 0 1 0
1 1 0 1 0 1 1 1 1 0 1 1 0 0 1 1 1 0 0 0 1 0 0 1 1 1 0 0 0 1 1 1 0 1 0 1 1 0 1 0 1 1 1 1 1 1 1 0 1 0 0
1 0 1 0 1 0 0 0 0 0 1 1 1 1 1 0 0 0 1 0 1 1 1 0 1 1 0 1 1 0 0 1 1 0 0 0 0 0 0 1 1 1 0 0 1 1 0 1 1 1 1
1 1 0 0 0 0 1 1 1 1 1 1 0 1 0 1 0 1 0 0 0 0 1 0 1 0 1 1 0 1 1 0 0 0 0 0 0 0 0 0 1 0 1 1 1 0 0 1 0 0 0
1 1 0 1 1 0 0 1 1 1 0 0 0 0 1 0 1 0 1 0 1 0 1 1 1 0 0 0 0 0 0 1 0 0 1 1 0 1 0 1 0 0 0 0 1 1 0 1 0 1 0
0 1 0 1 1 0 1 0 0 0 1 0 0 1 0 1 0 0 0 0 1 0 1 1 1 0 1 1 1 0 1 1 1 1 1 1 0 1 1 1 1 0 0 1 1 0 0 1 0 0 1
1 1 0 0 1 1 0 1 0 0 0 1 0 1 0 0 1 0 0 0 0 1 0 0 0 1 0 1 0 0 0 1 0 0 0 1 1 0 1 1 1 1 0 1 1 0 1 1 0 1 1
1 1 0 0 1 0 1 0 1 1 1 1 0 0 1 0 0 0 0 0 0 0 1 1 0 1 0 1 1 0 0 1 1 0 0 1 1 0 0 0 0 0 1 0 1 0 1 1 1 0 0
1 0 0 0 1 0 1 1 0 0 1 0 1 0 1 0 0 1 1 0 0 0 1 1 0 1 0 0 1 0 1 1 0 0 1 1 1 0 1 1 1 1 1 0 1 0 1 1 0 0 1
1 0 0 0 1 0 0 1 1 1 1 0 1 0 1 0 0 0 0 1 0 0 0 0 0 0 0 0 0 0 0 1 0 0 1 0 1 1 1 1 1 0 0 1 1 0 0 0 1 0 1
0 0 0 0 0 1 1 1 0 1 0 1 1 0 0 1 1 1 1 1 1 0 0 0 0 1 1 0 0 0 1 1 1 0 1 1 0 1 0 0 0 0 0 0 1 0 0 0 0 1 1
1 0 0 0 1 0 0 1 0 1 1 1 1 1 1 1 1 1 1 1 1 0 1 1 1 0 1 1 1 1 0 0 0 0 1 1 1 0 0 1 1 1 0 0 1 0 0 0 0 0 0
0 0 0 0 1 0 0 1 1 0 0 1 0 1 0 1 1 0 0 1 1 1 1 1 0 0 0 1 0 0 1 1 1 1 0 0 0 1 1 1 0 1 0 0 1 0 0 0 0 0 0
0 0 1 0 1 0 1 0 0 1 1 1 0 1 1 1 1 1 1 1 1 0 0 0 0 0 1 1 1 0 0 1 0 1 0 0 1 1 1 1 1 1 1 0 1 0 1 0 0 1 1
1 1 0 0 0 1 0 1 0 1 0 0 0 0 0 0 1 1 0 1 1 1 1 0 0 0 0 0 1 0 1 0 0 1 1 1 1 0 1 0 0 0 0 1 1 0 1 0 1 0 0
1 0 1 0 1 0 1 0 1 0 1 1 0 1 0 0 0 0 0 1 0 0 0 1 1 0 1 1 0 1 0 1 0 0 0 1 1 0 0 1 0 1 1 0 1 1 1 0 1 1 0
1 1 0 0 1 1 0 1 0 1 1 1 1 0 1 1 1 1 1 1 1 0 0 1 1 1 1 0 1 1 1 0 1 1 0 0 1 1 1 1 0 1 0 1 1 1 1 0 1 1 1
1 1 0 1 0 1 0 1 1 0 1 1 0 0 1 0 1 1 0 1 0 1 1 0 1 1 1 1 1 0 0 0 0 0 1 1 1 0 0 0 1 0 1 0 1 1 0 0 0 1 1
0 0 1 1 1 0 1 0 0 0 0 0 1 0 0 0 1 0 1 1 1 1 0 0 0 1 0 0 0 0 1 0 0 1 1 1 1 1 0 1 1 1 0 1 1 1 0 1 1 1 1
1 1 1 1 1 0 1 1 1 1 1 1 1 0 0 1 1 1 0 1 0 0 1 1 0 1 0 0 0 0 0 0 0 1 0 0 1 0 0 1 1 1 0 0 1 0 0 1 1 0 1
1 0 1 0 1 1 0 0 1 0 1 1 1 0 1 1 0 1 0 1 0 0 0 1 1 1 1 1 1 0 1 1 0 1 1 0 0 1 1 1 0 0 1 1 1 1 0 1 1 0 0
0 0 0 1 0 1 0 1 1 1 0 1 0 1 1 1 1 1 0 1 0 1 1 0 1 1 0 1 0 1 0 1 1 0 1 1 0 1 0 0 1 1 0 1 1 0 1 1 1 0 0
0 1 1 1 1 1 0 1 0 0 0 1 1 1 0 0 1 0 1 1 1 1 1 1 1 1 1 1 1 1 0 0 0 1 1 1 0 1 0 0 1 1 0 1 1 0 1 1 0 1 1
1 0 0 1 0 1 1 1 1 0 0 1 0 0 1 0 0 0 0 1 1 1 0 1 0 0 0 0 0 0 1 1 0 0 0 0 1 1 1 1 0 0 1 0 1 1 1 1 0 1 1
1 0 1 0 0 1 1 1 0 0 0 1 0 0 0 1 0 0 0 0 0 0 1 0 1 1 1 1 1 1 1 1 1 0 1 0 0 1 0 1 1 1 1 0 0 0 0 0 0 1 0
0 1 0 0 0 1 0 1 0 1 0 0 0 1 1 0 1 0 1 0 0 1 0 1 1 1 0 0 1 0 1 0 0 0 0 0 1 1 1 0 0 1 0 1 0 0 0 1 0 0 1
0 1 1 0 1 0 1 0 0 0 0 1 0 1 1 1 1 0 0 1 0 0 0 1 1 0 1 0 1 1 1 0 1 0 0 0 0 1 0 1 0 1 1 0 1 1 0 1 0 1 1
1 1 1 0 1 0 0 1 1 1 1 1 0 0 0 0 0 1 1 1 1 1 0 1 0 0 0 1 1 1 1 1 0 0 1 0 1 0 0 1 1 0 0 1 0 1 0 0 0 0 1
0 0 1 1 1 0 1 1 1 0 1 0 1 1 0 1 1 1 0 0 1 0 0 1 0 0 0 1 1 0 1 0 1 1 0 0 1 1 0 0 1 1 1 1 0 1 0 0 1 0 1
1 1 1 0 0 1 1 1 0 1 1 1 0 1 0 0 0 0 1 1 0 1 1 1 0 0 0 1 0 0 1 1 1 0 1 1 0 1 1 0 0 1 1 1 1 1 0 0 1 0 0
0 1 1 0 1 0 0 1 0 0 0 1 0 1 0 0 1 1 1 1 0 0 1 1 0 0 0 0 1 1 1 1 1 1 1 1 0 1 1 0 1 0 0 1 0 1 0 1 1 1 1
0 1 1 0 1 1 0 0 0 1 0 0 0 0 1 1 1 0 0 0 0 1 0 1 1 0 1 1 0 0 1 1 0 0 0 1 1 0 0 1 0 1 1 1 1 0 0 1 1 0 1
1 1 1 1 0 1 1 1 0 0 1 0 0 0 1 1 1 0 0 1 0 0 0 1 0 0 0 1 0 0 1 1 1 0 1 0 0 0 1 1 1 0 0 0 1 1 1 1 1 0 1
1 0 0 0 0 1 0 1 0 0 1 0 0 1 1 0 1 1 1 1 0 0 0 1 1 0 1 0 0 0 1 0 0 0 1 0 0 0 0 1 0 1 1 0 0 1 1 0 1 0 1
0 1 0 0 0 1 1 1 1 0 1 1 1 1 1 0 1 0 1 1 0 0 0 0 0 0 0 1 1 0 0 0 0 1 1 0 1 0 1 0 0 0 1 1 0 0 1 1 1 1 1
0 0 0 0 1 1 1 1 1 1 1 0 1 1 0 0 1 1 1 1 1 1 1 0 1 1 0 1 0 1 1 0 1 1 0 1 0 0 0 0 0 0 1 0 0 1 1 1 1 0 0
0 1 1 0 0 0 0 0 0 1 1 0 0 0 1 0 0 1 0 1 1 1 0 1 1 1 1 0 0 0 0 1 0 1 1 1 1 1 1 1 1 0 1 0 0 0 1 1 1 0 0
0 0 0 0 0 1 1 0 1 1 0 0 1 0 0 0 1 0 0 0 0 1 0 1 0 1 1 0 1 1 1 1 1 1 1 0 1 1 0 1 0 0 1 1 0 1 1 1 0 0 1
1 0 1 1 1 0 1 0 1 1 0 1 1 1 1 1 0 0 1 1 0 0 0 0 0 0 0 1 0 1 0 0 0 0 1 0 0 0 1 0 1 1 1 0 0 1 0 0 0 0 1
0 0 0 0 1 0 1 0 0 0 0 0 0 0 1 0 0 0 0 0 1 0 1 0 1 0 1 0 0 0 0 1 1 1 1 0 0 0 0 0 0 1 0 1 0 1 1 0 1 0 0
1 0 0 1 1 0 0 1 1 1 1 1 1 1 0 0 1 1 0 0 0 1 1 1 1 0 0 0 0 0 1 0 1 1 1 1 1 1 1 0 0 1 1 0 1 1 1 1 1 1 1
0 0 0 0 0 1 1 0 0 1 0 0 1 0 0 1 1 0 0 0 0 1 1 1 0 0 0 0 0 1 1 1 0 0 1 0 1 1 0 0 1 0 1 0 1 1 0 0 1 0 0
1 0 1 0 1 1 1 0 0 0 0 0 1 1 1 0 1 0 1 0 0 1 0 0 0 1 1 1 1 1 1 0 1 1 0 1 1 1 0 0 0 1 0 0 1 0 1 0 1 0 1
0 0 0 1 1 0 1 1 0 0 0 1 0 0 1 1 1 1 1 1 1 1 0 0 0 1 1 1 1 1 0 0 1 0 0 0 1 0 0 1 1 0 0 0 0 1 1 0 1 0 1
1 1 1 1 0 0 1 0 1 1 1 0 0 1 1 0 1 0 1 1 0 0 0 0 1 1 1 1 1 0 1 1 0 0 0 1 0 0 0 1 0 0 0 1 1 1 0 0 1 0 0
0 0 1 1 1 1 0 1 0 0 1 0 0 1 0 0 0 1 0 0 0 1 0 0 1 0 0 0 1 0 0 1 1 0 1 1 1 0 1 1 0 0 1 1 0 1 1 1 1 0 0
1 0 0 0 0 0 1 0 1 0 0 0 1 0 0 0 0 0 0 0 1 0 1 1 0 1 0 1 0 1 0 0 1 1 1 1 1 0 0 0 1 0 0 0 1 1 1 0 0 1 1
1 1 1 0 0 0 1 0 1 0 1 0 1 1 0 1 1 0 0 0 1 1 0 0 0 1 0 0 0 0 1 0 0 0 1 0 0 1 1 1 0 0 1 1 0 0 1 1 0 1 1
1 1 0 1 0 1 1 0 1 1 1 0 0 0 1 1 1 1 0 0 1 1 1 0 0 0 1 0 1 1 0 1 1 0 0 0 1 0 0 1 0 0 0 1 1 0 1 0 0 0 1
1 1 1 1 0 1 0 1 1 0 1 0 0 0 0 1 1 0 0 1 0 0 1 1 0 0 0 1 0 1 0 0 1 0 0 1 0 1 0 0 0 0 1 1 0 0 0 1 0 0 0
0 0 0 0 0 1 1 0 1 0 1 0 1 1 1 1 0 0 1 1 0 0 0 0 0 1 1 0 0 0 1 1 1 1 0 1 0 0 1 0 0 1 0 1 0 0 0 1 0 0 0
1 1 1 1 0 1 1 0 0 0 0 0 0 1 0 1 1 0 0 1 0 1 1 0 1 0 1 1 1 1 1 0 0 0 1 1 1 0 0 0 1 1 0 1 0 1 1 0 0 0 0
0 1 0 0 1 0 1 0 1 1 0 0 1 1 0 0 0 1 0 1 0 1 1 0 0 0 1 1 0 0 0 1 1 1 0 1 1 1 1 0 1 0 0 1 1 1 0 1 0 1 1
0 1 0 1 0 0 1 0 1 0 0 0 1 1 1 1 1 1 1 0 1 1 1 1 1 0 0 0 0 0 0 0 0 0 1 0 1 0 0 0 1 0 1 1 1 1 1 1 1 0 0
1 1 1 0 1 0 1 1 0 0 0 0 0 0 1 0 1 1 1 1 0 0 1 1 0 1 1 1 0 0 0 1 0 0 0 0 0 0 1 0 0 0 0 1 1 0 0 0 0 0 1
1 0 0 1 0 0 0 0 1 1 0 0 1 0 0 1 1 0 1 0 1 0 0 0 1 1 1 0 0 1 1 0 0 0 0 1 0 1 0 1 1 0 1 0 1 1 1 1 1 1 0
0 1 0 0 1 1 1 1 0 0 0 1 1 0 1 1 1 1 0 1 0 1 1 0 1 0 0 1 1 1 1 0 1 1 0 0 0 0 1 0 1 1 0 0 1 0 0 1 1 1 0
0 1 1 1 0 1 1 0 1 1 1 0 1 0 1 0 1 0 0 1 0 1 1 1 1 1 0 0 1 0 0 0 1 1 0 1 0 1 1 0 0 0 0 1 1 1 0 1 1 0 0
0 1 0 1 1 0 0 0 1 1 1 0 0 0 1 0 1 0 1 1 0 0 1 0 1 0 0 0 1 1 0 0 0 1 0 0 1 0 0 1 0 1 0 1 1 1 1 1 1 1 0
0 1 0 1 1 0 1 1 1 0 0 0 1 1 1 1 0 0 0 0 0 0 0 0 0 0 0 1 1 1 0 1 0 1 0 0 1 1 0 0 0 1 1 0 0 1 0 1 0 1 0
0 0 1 1 1 1 0 0 0 0 1 0 0 1 0 1 1 1 1 0 0 0 0 0 1 0 1 1 1 1 0 1 1 0 1 1 0 0 0 0 1 0 1 0 1 0 0 0 0 1 1
0 0 0 0 1 0 0 0 0 0 0 0 1 1 1 0 0 0 0 0 0 1 1 1 1 1 1 0 1 0 1 1 0 1 1 0 0 0 1 1 1 0 0 0 0 1 1 0 0 1 0
1 0 1 0 0 0 1 1 1 1 1 1 0 1 0 1 0 1 0 1 0 1 1 1 1 0 0 0 1 1 0 1 1 1 1 1 0 1 0 1 1 0 0 0 1 0 1 0 1 1 1
0 1 0 1 0 0 0 1 1 1 1 0 1 1 1 0 1 1 1 0 0 0 1 0 0 1 1 1 0 0 0 0 1 1 0 0 0 1 0 0 1 1 0 1 0 0 1 0 0 0 1
1 1 1 0 0 1 0 0 1 1 1 0 0 1 1 1 0 0 0 0 0 0 0 1 1 0 0 1 0 1 0 0 1 0 1 1 1 1 0 1 1 1 0 0 0 1 0 0 1 0 1
1 1 0 1 0 1 1 0 1 1 0 1 1 0 0 1 0 1 0 0 1 0 0 0 1 0 0 1 0 1 0 1 1 1 1 1 1 0 0 1 1 0 1 1 1 0 0 1 1 1 1
0 0 0 1 1 1 1 0 1 1 1 1 0 1 1 0 0 1 1 1 0 1 0 0 1 1 0 0 1 0 1 0 1 1 1 0 0 0 0 0 0 1 0 0 1 1 1 0 0 0 1
0 0 0 1 0 1 0 0 0 0 0 0 1 1 0 1 1 1 0 1 1 1 1 1 1 0 1 0 0 1 0 1 1 0 0 1 0 0 1 0 0 0 0 0 1 1 1 1 0 1 1
1 0 1 1 0 1 1 0 0 0 0 0 0 0 1 1 0 1 1 0 1 0 0 1 0 0 0 1 0 1 1 0 1 0 0 0 1 1 1 0 0 1 1 1 1 0 1 1 0 1 0
0 1 1 1 0 0 0 1 0 0 0 1 1 0 0 1 1 1 1 0 0 1 1 1 0 1 0 1 1 1 1 1 0 1 0 0 1 0 0 1 0 0 0 0 1 0 1 1 1 1 0
0 1 0 0 0 0 0 0 0 1 1 1 0 0 0 1 1 0 1 0 0 0 1 0 1 1 0 0 1 1 1 1 0 0 0 1 0 0 1 0 1 1 0 1 1 1 0 0 0 1 0
1 1 0 0 0 1 1 0 1 1 1 1 1 1 1 0 0 1 1 0 0 0 1 1 0 1 1 0 1 1 0 1 1 1 0 1 1 1 1 1 1 0 1 0 0 1 0 0 0 0 1
0 1 0 1 0 1 1 0 0 1 1 0 1 0 1 1 1 1 0 1 1 1 0 0 1 0 0 0 0 1 0 0 1 0 1 0 1 1 0 1 0 1 0 0 0 1 0 1 1 0 0
0 1 0 1 0 1 0 1 1 0 0 1 0 1 0 0 1 0 0 0 1 0 0 1 0 0 1 0 0 0 0 1 1 0 0 0 0 1 1 0 0 0 1 1 1 0 0 0 1 1 0
0 0 1 1 0 1 0 0 0 0 1 1 1 0 0 1 0 0 1 1 1 0 0 0 1 0 1 1 0 1 0 1 0 1 1 0 0 1 0 1 1 0 0 0 0 1 1 0 1 1 0
1 0 1 0 0 0 0 0 0 1 1 0 0 1 1 0 1 0 0 0 0 1 0 1 0 1 0 1 1 0 0 0 0 1 1 0 0 0 0 0 1 1 1 1 1 1 0 1 1 1 0
1 1 0 1 0 0 0 1 1 1 0 0 0 1 1 1 1 1 0 0 0 1 0 0 1 0 0 1 0 1 1 0 1 1 1 1 0 0 1 1 0 0 0 1 0 1 1 0 1 1 0
0 0 1 0 1 0 0 1 0 0 1 1 0 0 0 0 1 1 0 1 0 1 0 0 0 0 1 0 1 1 1 0 1 0 1 1 1 0 1 0 1 1 1 1 1 0 0 1 0 0 0
0 1 0 1 0 0 0 0 0 1 1 0 1 0 1 0 0 1 0 1 0 0 1 0 0 0 1 0 0 0 1 0 1 0 0 1 1 0 1 1 0 0 1 1 0 1 0 0 0 1 1
1 0 0 0 0 1 0 1 1 0 1 0 1 0 0 0 0 1 1 0 0 0 1 0 0 1 0 1 0 0 0 0 0 1 0 0 1 1 1 0 0 0 1 0 1 1 0 0 1 1 1
1 1 0 1 0 0 0 0 1 1 0 0 1 0 0 0 1 0 0 1 0 0 1 1 0 0 1 1 1 0 0 1 1 0 1 0 0 0 0 1 1 0 0 0 0 0 0 0 1 0 0
1 0 1 0 0 0 1 0 1 1 0 1 1 1 1 0 1 1 1 0 1 1 1 1 1 1 1 1 1 0 1 1 0 0 1 1 0 0 1 0 0 0 0 1 1 0 1 0 1 1 1
1 0 0 1 0 0 1 1 1 0 0 0 0 0 1 1 1 0 1 1 1 0 1 1 0 1 1 1 0 0 0 1 1 1 0 1 1 1 1 1 0 1 1 1 0 1 1 1 1 1 1
0 1 0 0 1 0 0 1 1 0 0 0 0 0 1 0 0 0 0 1 1 1 1 1 1 1 0 0 1 1 1 0 1 0 1 0 1 1 0 0 1 1 0 1 0 0 1 1 1 0 0
1 0 1 1 0 1 0 1 0 0 1 1 1 0 1 0 1 0 1 0 1 0 1 0 0 0 1 0 0 0 1 0 0 0 1 0 1 0 1 1 1 1 0 1 0 0 0 0 1 1 1
0 1 1 0 0 1 0 1 1 0 0 0 0 1 1 0 0 1 1 0 1 0 0 1 1 0 1 1 0 0 0 1 0 1 0 0 1 0 0 1 1 0 0 1 0 1 0 1 1 1 1
1 0 1 1 0 1 1 1 1 0 1 0 0 1 1 1 0 0 1 0 1 1 0 0 1 1 1 1 0 0 1 0 1 0 1 1 1 0 1 0 0 1 0 0 1 1 0 1 0 1 1
1 0 1 1 0 0 1 0 1 0 0 1 1 0 1 0 1 0 1 1 1 0 1 0 1 0 1 1 1 1 0 1 1 1 1 0 1 1 1 1 1 0 0 1 1 1 1 0 1 0 0
0 0 0 1 0 0 1 1 1 0 1 1 1 0 0 0 0 0 0 0 1 1 0 1 0 1 1 0 1 1 0 0 1 1 0 1 1 1 0 1 1 1 0 0 1 0 0 1 0 0 0
1 1 0 1 1 1 0 1 1 1 1 1 1 0 0 0 1 1 1 0 1 1 0 1 0 1 0 1 0 0 0 0 1 0 1 0 1 0 0 0 0 1 0 1 1 1 1 1 0 1 0
1 0 1 0 0 0 0 0 0 0 0 0 0 0 1 1 1 0 1 1 1 0 1 0 0 1 1 0 1 1 1 0 0 1 1 0 0 0 0 0 1 1 1 0 0 1 1 1 0 0 1
0 0 0 0 1 0 0 1 0 0 0 0 1 1 1 1 1 0 0 1 1 0 0 1 0 1 1 1 0 1 1 0 1 0 1 1 1 0 0 1 1 0 1 1 0 0 0 1 1 1 0
0 1 0 0 1 1 0 0 0 0 0 0 0 0 1 0 1 0 0 1 0 0 0 0 1 1 1 1 0 0 0 0 1 1 1 1 0 1 0 1 1 1 1 0 1 1 0 0 0 1 0
0 1 1 1 0 0 1 0 1 1 0 0 0 1 1 1 1 1 0 1 1 0 1 1 0 1 0 0 1 1 1 0 0 1 1 1 1 1 1 0 0 1 0 0 1 0 0 0 0 1 1
0 1 1 0 0 0 1 1 0 0 1 1 1 1 1 0 0 0 0 1 0 1 1 0 0 1 1 1 0 0 1 0 0 0 0 0 1 1 0 1 1 1 1 0 0 1 1 1 1 1 0
0 0 0 1 0 0 0 1 0 1 0 1 0 0 0 0 0 1 0 0 1 0 1 0 0 0 1 0 1 1 0 0 0 0 1 0 1 1 0 1 1 1 1 0 0 0 1 1 1 1 1
1 0 0 1 0 0 1 1 1 1 1 0 0 0 0 0 1 1 0 0 0 0 1 0 1 0 0 1 0 0 0 1 0 0 0 0 0 1 1 1 1 0 0 1 0 1 1 0 0 1 0
1 1 0 1 0 1 0 1 0 0 1 1 1 1 0 1 0 1 0 1 0 0 0 0 1 0 0 0 1 0 0 0 1 0 0 1 0 1 0 1 1 1 1 1 0 0 1 1 0 0 1
0 1 0 0 0 1 0 0 1 0 1 0 0 0 0 0 0 0 0 0 0 1 0 0 1 0 0 0 0 1 1 1 1 1 0 0 1 1 1 0 1 0 0 0 1 0 1 0 0 1 1
1 1 1 1 1 1 0 0 0 0 0 1 1 0 1 0 1 1 0 1 0 0 0 1 1 1 0 0 1 1 0 1 0 0 1 1 0 0 1 0 1 1 0 0 0 1 1 0 1 1 1
0 0 1 0 1 0 1 0 1 0 0 0 0 0 1 1 0 1 0 0 0 1 0 0 1 1 0 0 1 0 0 0 0 0 1 1 0 0 0 1 0 1 0 1 1 0 0 0 0 0 0
0 1 1 1 1 1 1 1 0 0 1 0 0 1 1 0 0 0 1 1 0 1 1 0 1 0 1 0 0 1 0 1 0 0 1 0 0 1 1 1 1 1 1 1 1 0 1 1 0 1 0
1 1 0 0 0 0 0 0 1 0 1 0 0 1 1 0 1 0 1 1 1 0 0 1 1 0 0 1 1 0 0 0 1 0 0 1 0 0 1 1 0 1 1 1 1 1 1 0 0 0 1
0 0 0 1 0 0 1 0 1 0 0 0 1 1 1 1 0 1 1 0 1 0 1 1 0 0 0 0 0 1 1 1 1 1 1 0 0 1 1 1 0 0 1 0 0 0 1 0 1 0 0
0 1 0 0 1 0 0 0 0 1 1 1 1 0 0 1 0 1 0 0 0 0 0 1 0 0 0 1 0 0 1 0 0 1 1 1 0 0 1 0 0 0 1 0 0 0 0 0 0 1 0
0 0 1 0 1 1 1 1 1 0 0 0 0 1 1 1 1 1 0 1 0 1 1 1 1 1 0 1 0 0 0 1 0 1 1 1 1 0 1 0 0 0 1 0 0 1 0 0 1 0 1
0 0 0 0 1 1 1 1 1 0 1 1 1 0 1 0 1 1 0 0 1 0 1 1 0 0 1 1 1 1 1 0 0 1 0 1 0 0 0 0 0 1 1 1 0 0 1 0 0 1 1
0 1 1 1 1 1 0 0 1 1 1 1 0 0 1 1 0 0 1 1 1 1 1 1 0 1 0 1 1 1 1 0 1 0 1 1 1 1 0 1 0 0 1 0 1 1 1 0 0 1 0
1 0 0 1 0 0 1 0 1 1 1 1 0 1 0 1 1 0 0 1 1 1 1 0 1 0 1 0 1 1 1 1 1 0 1 1 0 0 1 1 0 0 1 0 1 0 0 1 1 0 0
0 0 1 1 0 0 1 1 1 0 1 1 0 1 1 1 1 0 1 0 0 0 0 1 1 1 1 1 1 1 0 0 1 0 1 1 0 1 0 0 0 0 1 1 0 1 1 1 1 1 1
0 0 1 1 1 1 1 0 1 0 1 1 0 0 0 1 0 0 0 1 1 0 1 1 0 0 1 1 1 1 0 1 0 0 0 1 1 1 0 0 1 1 0 1 1 1 0 1 0 1 0
0 0 1 1 1 1 0 1 1 0 1 0 1 0 1 0 1 0 0 0 1 1 0 1 0 0 1 0 0 0 0 0 0 1 1 1 1 0 0 0 0 0 0 0 0 1 1 0 1 0 1
0 0 0 0 0 1 1 0 1 1 1 0 0 1 0 1 0 0 1 1 1 1 1 1 0 0 0 0 0 0 1 0 1 0 0 0 0 0 0 1 1 1 0 1 1 0 1 1 1 1 1
0 0 0 0 0 0 0 0 1 0 0 1 1 0 1 1 1 0 0 0 0 1 1 0 0 0 0 1 0 0 0 1 0 1 1 1 0 1 0 0 1 0 1 0 1 0 1 1 0 0 1
0 0 0 0 0 1 0 1 0 0 1 0 1 1 0 1 0 1 0 0 0 1 1 1 0 1 0 0 1 1 1 0 1 0 1 0 0 0 0 0 0 1 1 1 1 0 1 0 0 0 1
1 1 1 1 0 1 1 0 0 1 1 0 1 1 1 1 1 1 1 1 1 1 1 1 0 1 1 1 1 1 1 1 0 0 0 0 0 1 1 0 1 1 1 0 0 0 0 1 1 0 0
0 0 1 1 1 0 1 1 0 1 0 1 0 0 0 1 1 0 0 1 1 1 0 1 1 0 0 0 1 0 0 0 0 1 1 1 0 0 1 1 0 0 1 1 1 1 1 0 0 1 1
0 1 1 1 1 0 0 1 1 1 0 1 0 1 0 0 1 1 0 1 0 1 0 1 0 1 1 1 1 0 1 0 1 1 0 1 0 0 1 1 1 1 1 1 0 1 1 1 0 0 0
0 1 1 0 0 0 1 0 1 0 0 1 0 1 0 0 1 1 1 0 1 1 1 1 0 0 1 1 0 0 0 0 1 1 1 1 1 0 0 1 0 1 1 0 0 0 0 1 0 0 1
1 0 1 1 0 0 0 1 1 1 0 0 0 0 1 0 1 1 1 0 0 0 0 0 1 1 0 1 1 1 0 1 0 1 1 0 1 0 1 0 0 1 1 0 0 0 1 0 0 0 0
1 1 0 1 0 0 0 0 0 1 1 1 0 1 1 0 0 1 1 1 0 1 1 1 1 0 1 1 0 0 1 0 1 1 0 0 0 0 1 1 1 0 1 1 1 0 1 0 1 1 0
0 1 0 0 0 0 0 0 0 1 0 1 1 1 1 0 1 0 1 0 1 0 1 0 0 0 0 1 1 1 1 0 1 0 0 0 0 1 0 1 1 0 1 1 0 0 1 1 0 0 0
1 0 1 1 0 0 0 1 1 1 1 0 0 1 0 0 0 0 1 1 0 1 1 0 0 0 1 0 1 0 1 0 0 0 1 1 0 1 0 0 1 0 1 0 0 0 0 0 0 0 1
0 0 1 1 0 0 1 1 1 1 0 1 0 0 0 1 0 1 1 0 0 1 1 0 0 1 0 0 0 1 0 0 1 0 0 1 1 0 1 0 1 0 0 0 0 0 1 1 0 1 0
0 0 0 1 0 0 1 1 0 1 1 1 0 1 1 0 1 0 1 0 1 1 0 1 0 0 1 1 1 0 1 0 0 1 0 0 0 1 1 1 1 0 0 0 1 1 1 1 0 0 0
1 1 1 0 1 0 0 0 1 1 0 0 1 0 1 1 0 1 1 1 0 1 1 1 1 0 0 0 1 1 0 0 1 0 1 0 0 1 1 0 0 0 1 0 1 0 1 1 0 0 1
1 0 1 1 0 1 0 1 1 0 0 0 1 1 1 0 1 1 1 1 1 1 1 0 1 0 1 0 1 1 1 1 1 1 0 1 1 1 1 1 1 1 1 0 0 1 1 0 1 1 1
0 1 0 1 0 0 0 0 0 0 0 1 1 0 1 1 1 0 1 0 0 0 1 1 1 1 1 0 0 0 1 0 1 0 0 1 0 1 0 0 0 1 0 0 0 0 1 0 1 0 0
0 0 1 1 0 1 0 1 0 1 0 1 0 1 0 0 0 1 1 1 0 1 1 1 1 1 1 0 0 0 0 1 0 1 0 0 1 0 0 0 0 1 1 0 1 1 0 0 0 1 0
0 0 0 1 0 1 0 0 1 1 1 0 0 0 0 0 1 0 0 1 0 0 0 1 0 0 0 1 1 1 1 0 0 0 0 1 0 1 1 1 0 1 1 0 1 0 1 0 1 1 1
0 1 0 1 1 1 1 1 1 1 1 0 1 0 0 1 0 1 1 0 0 1 0 1 1 0 1 0 1 0 0 1 1 0 1 1 0 1 1 0 1 1 0 0 1 1 1 0 1 1 0
1 1 0 0 1 1 1 0 0 0 0 0 0 1 1 0 0 0 1 1 1 0 0 0 0 0 1 0 0 1 0 0 0 0 0 1 1 0 0 1 1 0 1 1 0 1 0 1 0 0 1
0 1 1 1 1 0 0 0 1 0 0 1 0 0 1 0 0 1 0 1 1 0 0 0 1 1 1 1 1 0 1 0 1 1 0 0 1 0 1 1 0 0 0 0 1 0 1 1 1 1 1
0 0 1 1 0 1 0 1 0 1 0 0 1 0 1 0 0 1 0 1 1 1 1 1 1 0 1 1 0 0 1 0 1 1 1 0 0 1 0 0 1 0 1 0 0 1 1 0 0 1 1
0 0 0 1 1 0 0 0 0 0 1 0 0 1 0 1 0 0 0 1 0 0 1 1 1 1 0 1 0 1 0 0 0 0 0 0 1 0 0 0 0 0 0 1 0 0 1 0 1 0 1
0 1 0 1 1 0 0 0 0 1 0 1 1 1 0 1 1 1 1 1 1 1 0 1 0 0 1 0 1 0 0 1 0 0 1 0 0 0 1 1 0 1 1 1 0 1 0 1 0 0 1
1 1 0 0 0 1 0 1 0 1 1 0 1 0 0 0 1 1 1 0 0 0 1 0 0 0 1 0 0 0 1 1 1 1 0 1 0 1 0 1 1 1 1 1 1 0 0 1 1 1 0
1 0 0 1 1 1 0 1 0 1 1 0 1 0 1 1 0 1 0 0 1 0 0 0 0 1 0 0 1 1 0 1 1 1 1 0 0 1 1 0 1 0 0 1 1 1 0 1 0 1 0
0 0 0 0 0 0 0 0 1 0 1 0 1 1 1 0 1 1 0 1 0 1 1 0 0 0 1 1 1 0 1 1 1 0 1 0 1 1 0 1 0 1 0 0 1 0 1 1 0 1 0
1 0 0 1 1 1 0 0 1 0 0 1 0 1 1 1 0 0 1 1 1 1 1 1 1 1 1 0 0 1 0 0 1 1 1 0 0 0 1 0 1 0 0 0 0 1 0 0 1 1 1
0 1 1 1 1 1 0 0 1 0 1 0 1 0 0 1 0 0 0 0 0 1 1 0 1 0 0 1 1 0 1 0 1 1 1 0 0 1 0 1 0 1 1 0 0 1 1 1 1 0 0
1 0 1 0 0 1 0 1 1 1 0 1 1 1 0 0 0 0 1 1 1 0 0 0 0 1 1 1 0 1 1 0 0 0 1 1 1 1 1 1 1 0 0 0 1 0 0 1 1 0 1
0 1 1 1 1 0 1 1 0 0 1 0 0 1 1 0 0 1 0 0 1 1 1 1 1 0 0 0 1 1 1 0 0 0 1 1 1 0 1 0 0 1 1 0 0 1 0 1 1 0 0
0 1 1 1 0 1 0 1 0 0 0 1 0 0 1 0 0 1 0 0 0 1 1 1 1 0 0 1 1 1 0 1 1 0 0 1 1 1 1 1 0 1 0 0 1 1 0 0 0 0 1
1 1 0 1 1 0 1 0 1 0 1 1 0 1 0 0 0 1 0 1 1 0 1 0 0 1 0 1 1 1 0 0 1 0 0 1 0 0 1 1 0 1 0 0 0 0 0 0 0 1 0
0 0 1 0 0 0 1 0 1 1 0 0 0 1 0 0 0 0 1 0 0 0 1 1 0 0 0 0 1 0 0 1 0 1 0 1 1 0 1 1 0 1 0 1 0 0 1 0 1 0 0
1 0 0 1 1 1 0 1 0 0 1 0 0 0 0 0 1 0 1 0 0 0 0 0 0 0 1 1 0 1 1 1 1 0 0 0 1 1 1 0 1 1 0 0 0 1 0 1 0 0 1
0 0 0 0 0 1 1 0 0 0 1 1 1 0 1 0 0 0 1 0 0 1 0 0 0 0 0 0 0 1 0 0 0 1 0 0 0 0 1 1 0 0 1 0 1 0 0 0 0 0 0
0 1 0 0 0 0 1 1 0 1 1 0 0 0 0 1 1 1 1 0 1 1 0 0 1 1 0 0 1 0 1 0 1 1 1 0 1 0 1 1 1 0 1 0 0 1 0 0 0 1 1
1 1 1 0 0 1 0 0 0 1 1 1 1 1 1 0 0 0 0 1 1 1 1 1 0 1 0 0 1 0 1 0 0 1 0 1 0 0 0 1 0 0 1 0 1 0 0 1 0 0 1
0 1 1 0 1 1 1 0 1 0 1 1 1 0 0 0 1 1 1 0 1 0 1 1 1 0 1 0 0 0 1 0 0 0 1 1 1 1 1 1 1 0 0 0 0 0 1 0 0 0 1
1 1 0 0 0 0 1 0 1 1 0 1 1 0 1 0 1 0 1 1 0 0 0 1 0 1 1 1 0 1 1 1 0 1 0 0 1 0 0 1 0 1 0 0 0 1 1 0 0 0 0
0 0 1 1 1 1 1 1 0 1 0 0 0 0 1 0 0 1 1 0 1 0 1 1 0 1 1 0 1 0 1 0 1 0 0 1 0 0 0 0 1 0 1 1 1 0 0 0 1 0 0
1 1 0 0 1 1 1 0 1 1 1 0 1 0 0 1 1 0 0 1 0 0 1 0 1 1 0 0 0 0 1 1 0 1 0 0 0 1 0 0 0 1 1 1 1 0 1 1 0 1 1
1 0 1 0 0 0 1 0 0 0 1 0 0 1 1 1 0 1 0 1 0 1 0 0 0 0 1 0 0 1 0 0 1 1 0 0 0 1 0 0 1 0 1 1 1 1 1 0 1 0 0
0 0 1 1 1 1 1 0 0 0 1 1 0 1 0 0 1 0 0 0 1 1 1 0 0 1 0 1 0 0 0 1 1 1 1 1 0 1 1 0 1 0 1 0 0 1 0 1 0 1 0
0 0 0 0 1 1 1 0 0 0 0 0 0 0 0 1 1 1 1 0 1 1 0 0 1 0 1 1 0 1 1 1 0 1 0 1 1 1 1 0 1 0 0 1 0 0 1 1 1 1 0
1 1 1 1 1 0 0 1 0 1 0 0 0 1 0 1 0 1 0 0 1 0 1 1 1 1 0 1 1 1 0 1 1 1 0 0 0 1 0 1 0 0 1 0 1 1 1 0 1 0 0
0 0 1 0 0 0 0 1 1 1 0 1 1 0 1 0 0 1 0 0 0 1 0 1 1 0 0 0 0 1 1 0 0 0 1 0 0 0 0 1 1 0 0 1 1 0 1 1 0 1 0
1 0 0 1 0 0 0 1 0 0 0 0 1 0 0 0 0 0 1 1 1 0 1 1 1 0 0 1 0 0 1 0 0 0 1 1 0 0 1 1 1 1 0 0 1 1 0 1 1 0 0
1 0 0 1 1 1 1 0 0 1 1 1 1 1 0 0 0 0 1 0 1 1 0 0 0 0 1 1 0 0 1 1 1 0 1 1 1 0 0 1 1 1 1 1 0 0 1 0 1 0 0
1 1 1 0 1 1 0 0 1 0 1 0 1 0 0 1 0 1 1 1 0 1 1 1 0 1 1 1 0 1 1 0 1 1 1 1 0 0 0 0 1 1 0 0 0 0 0 0 1 1 1
1 0 0 1 0 1 0 0 0 0 1 1 1 1 0 1 0 1 1 1 1 0 1 1 0 1 0 0 0 0 1 0 0 1 0 1 1 1 0 1 1 0 0 1 0 1 1 0 0 1 0
0 1 1 1 1 1 1 1 1 1 1 0 1 0 1 0 0 0 0 1 1 0 0 0 0 0 0 1 1 0 1 0 0 1 0 1 1 1 1 1 1 1 0 1 0 1 0 0 0 0 0
1 0 0 1 0 0 0 0 0 0 0 1 1 0 1 1 1 1 0 0 1 0 0 0 0 1 0 0 1 0 0 1 0 0 0 1 1 1 1 1 0 0 1 0 0 1 0 0 1 0 0
0 1 0 1 0 1 0 1 1 0 0 1 0 0 0 1 0 0 1 1 0 0 1 0 1 1 1 1 0 0 1 0 0 0 1 1 1 1 1 1 0 1 1 1 1 0 1 0 1 0 1
1 1 0 0 1 1 1 1 1 0 0 1 1 1 0 1 0 1 0 0 0 1 1 0 1 0 1 0 0 0 1 0 1 1 0 1 1 0 0 1 0 0 1 0 1 1 1 0 0 1 0
0 1 1 1 0 0 1 0 0 0 0 1 1 0 1 1 1 0 1 0 1 1 1 0 0 0 0 1 1 0 1 1 0 1 1 0 1 0 0 0 0 1 1 1 1 1 0 0 1 1 0
1 1 0 0 0 0 0 1 1 0 1 0 1 0 0 0 0 0 0 0 0 1 1 0 1 1 1 1 1 1 0 1 1 1 0 1 1 0 1 1 0 0 0 1 0 0 0 1 1 1 0
1 0 1 0 1 1 0 0 0 1 1 1 1 0 1 1 1 0 1 0 0 0 0 0 1 1 0 0 0 0 0 1 0 0 1 1 1 0 0 0 0 0 1 1 0 1 1 0 0 1 1
1 0 1 0 0 0 0 0 0 1 0 0 0 0 1 1 1 0 0 1 1 1 0 1 0 1 1 0 0 1 0 1 0 0 0 1 0 1 0 1 1 1 0 1 0 0 0 0 0 1 1
0 0 0 1 1 0 0 1 0 0 1 1 1 1 1 1 0 0 1 0 1 1 0 0 0 1 1 0 1 1 1 0 0 1 0 1 1 0 1 0 0 0 1 1 1 0 1 1 1 0 1
1 0 0 0 1 0 1 0 1 1 0 0 0 0 0 1 0 1 0 1 1 0 0 0 0 0 1 0 1 0 1 0 1 1 1 1 1 1 0 0 0 1 1 0 0 0 1 0 1 1 0
0 1 1 1 1 0 0 1 1 1 1 1 0 0 1 1 1 1 1 1 1 0 0 0 0 0 1 1 0 0 0 1 0 0 0 0 0 0 1 0 0 1 0 1 0 0 1 1 1 1 0
0 0 1 0 1 0 1 1 0 1 0 1 1 1 1 1 0 0 0 0 0 1 0 1 0 1 0 0 0 1 0 1 1 1 1 0 1 0 1 1 0 1 0 1 1 1 0 0 1 1 1
1 0 0 1 1 0 0 0 1 0 1 0 0 0 0 1 1 0 0 1 1 1 1 0 1 1 1 1 1 0 1 1 1 0 0 0 0 1 0 0 0 0 1 1 1 1 0 0 1 1 1
0 1 0 0 1 0 0 1 0 1 1 1 1 0 0 0 1 0 1 0 1 1 1 1 1 1 1 0 0 1 0 1 1 0 1 0 0 0 1 0 1 0 1 0 1 0 1 0 1 0 1
0 1 1 1 1 1 1 0 0 0 0 0 1 1 1 1 0 1 1 1 0 1 0 1 0 0 1 1 1 0 0 0 1 1 1 0 1 1 0 1 0 0 0 1 0 0 0 0 0 0 0
0 0 0 1 1 1 0 1 0 0 0 0 0 1 1 1 0 1 0 0 0 1 1 0 0 1 1 0 0 1 1 1 0 0 0 0 0 1 0 1 0 1 0 1 0 1 0 1 1 1 1
0 0 0 1 0 0 0 0 1 0 1 1 0 0 0 1 1 1 1 1 1 1 0 1 1 0 0 1 1 0 1 1 1 0 1 1 1 0 0 0 1 1 1 0 0 0 1 1 0 1 1
0 1 1 0 0 0 1 1 1 0 0 0 1 0 1 0 0 0 0 1 1 1 0 0 0 1 1 0 1 1 0 1 1 1 0 0 0 0 1 0 0 1 1 0 1 1 0 0 1 1 1
1 1 0 0 1 1 1 1 1 1 1 1 1 1 1 1 0 0 0 1 1 1 1 0 0 1 0 0 1 0 0 0 0 1 1 1 0 1 1 1 0 0 0 0 0 1 1 1 1 0 0
1 0 0 1 0 0 1 1 1 1 1 1 0 1 1 0 0 1 0 1 1 0 0 1 1 0 0 0 0 0 0 0 1 0 1 1 0 0 1 0 1 0 0 1 0 0 0 1 0 0 1
0 0 1 1 0 0 0 1 0 0 0 1 1 1 1 0 0 0 0 0 0 1 0 1 1 1 0 1 0 1 1 1 0 0 0 1 0 1 0 0 1 0 1 0 0 1 0 1 0 0 1
0 0 0 0 1 1 1 1 0 1 1 0 0 0 0 0 0 0 0 1 0 1 1 0 1 1 1 0 1 1 0 0 0 0 0 1 1 1 1 1 1 1 0 0 1 1 1 0 0 0 1
0 1 1 0 0 1 1 1 1 0 0 0 1 0 0 0 1 1 1 1 1 1 0 0 1 1 0 1 1 0 0 1 1 0 0 0 0 1 1 1 1 0 1 1 1 0 0 1 0 1 0
1 1 1 0 0 0 1 1 0 0 0 0 0 1 0 1 1 0 1 0 0 1 1 1 0 0 0 0 1 0 0 0 1 0 0 0 0 0 0 0 0 0 0 0 0 1 0 1 1 1 0
1 1 1 0 0 1 1 1 1 0 1 1 0 1 0 0 0 1 1 1 1 1 0 1 0 1 1 0 0 1 0 1 1 0 1 0 1 1 1 0 1 1 0 1 0 1 1 0 0 1 0
1 1 0 1 0 1 0 0 1 1 0 1 0 1 1 0 0 1 1 0 1 1 0 0 0 0 1 0 1 1 0 1 1 1 0 1 1 1 0 0 0 1 0 0 0 1 1 1 1 1 0
1 0 0 1 1 1 1 0 1 1 0 0 0 0 0 0 0 1 0 1 0 1 0 1 1 0 1 1 0 1 1 1 0 1 1 1 0 0 1 1 0 1 0 0 1 0 0 1 0 1 1
1 1 1 0 1 0 0 0 1 0 1 1 0 1 1 0 1 0 0 0 0 0 1 0 1 1 0 0 1 1 1 0 1 1 1 0 1 0 1 1 1 0 1 1 0 0 0 0 1 0 1
0 0 1 0 1 1 0 1 1 1 1 0 0 1 1 1 1 1 1 0 0 0 0 1 0 1 0 0 0 1 0 1 1 1 0 1 0 0 1 1 0 0 0 0 1 0 1 1 0 0 1
0 1 1 1 0 1 1 0 1 1 0 1 0 1 1 0 0 0 0 0 0 0 1 0 0 1 0 1 0 1 0 0 0 0 1 0 0 1 0 1 0 0 0 1 1 1 1 0 0 0 1
1 1 1 1 1 0 1 0 0 1 0 0 0 0 0 0 0 1 1 0 1 0 0 1 1 1 1 1 1 1 0 0 0 0 1 0 1 1 1 1 1 0 1 1 0 1 0 0 0 1 1
1 0 1 0 0 1 0 1 1 1 0 1 0 1 1 0 0 0 0 1 1 0 0 0 0 0 1 1 1 1 0 1 1 1 1 1 0 0 0 0 0 0 1 0 1 0 1 0 0 1 0
1 0 1 1 0 1 1 1 0 1 0 1 1 0 1 1 0 0 1 0 0 1 1 0 0 0 1 1 1 0 0 1 0 1 1 1 0 0 0 1 1 0 0 1 0 1 0 1 0 1 0
1 1 1 1 1 0 0 0 0 0 1 1 1 0 1 1 0 1 0 1 0 1 1 0 1 1 1 1 0 1 0 1 1 1 0 0 1 0 0 1 1 1 1 1 1 1 1 1 0 1 1
1 0 0 0 0 0 1 0 1 0 1 0 1 0 1 1 0 1 1 1 1 1 1 0 1 0 0 0 0 1 1 1 0 0 0 1 1 0 0 0 0 1 0 0 0 1 0 0 1 1 1
1 0 1 1 0 0 1 1 0 1 0 0 0 1 1 0 0 1 0 0 0 0 1 0 0 0 1 0 0 1 1 1 0 1 0 1 0 0 0 1 0 0 1 0 1 0 1 1 1 0 1
0 0 1 1 1 1 0 0 0 0 0 0 0 1 1 0 1 1 0 0 1 1 0 1 0 0 1 1 1 1 1 1 0 1 0 0 0 0 0 1 1 1 0 1 1 0 0 0 1 0 0
1 1 0 0 1 1 1 0 1 1 0 1 1 1 1 1 1 0 1 1 0 0 0 1 1 0 0 1 0 0 0 1 0 0 0 1 0 1 1 1 1 0 0 0 0 0 0 1 1 1 0
1 1 0 0 0 1 0 0 1 0 1 0 0 1 1 1 1 1 1 0 1 0 1 0 0 0 1 1 0 1 1 1 1 1 1 0 1 0 0 0 0 0 0 0 1 0 0 0 1 0 0
0 1 1 1 0 0 0 0 1 1 0 1 1 0 1 0 0 1 1 0 0 0 0 1 0 1 0 1 1 0 1 1 1 1 1 1 0 1 1 1 1 1 1 0 1 0 0 0 1 1 1
0 0 1 0 1 0 1 1 1 0 0 1 1 1 0 1 1 1 0 0 1 0 0 1 1 0 1 0 0 1 0 1 1 0 0 0 0 1 1 1 1 1 0 1 0 1 1 1 1 0 0
1 1 1 0 0 1 0 0 1 0 0 1 0 0 1 0 0 1 1 1 1 1 0 1 1 1 0 1 0 1 0 0 1 1 0 0 0 0 0 0 0 1 1 1 0 0 0 0 1 0 0
1 1 0 0 0 0 1 1 1 0 1 1 0 0 0 0 1 1 1 0 1 1 0 0 1 0 1 1 0 1 0 1 1 1 1 0 0 1 0 1 0 1 1 0 1 1 1 1 1 1 1
0 0 1 0 1 1 0 0 1 1 0 1 1 1 0 1 1 1 0 0 1 0 0 0 1 1 1 1 1 1 0 0 0 1 0 1 1 0 0 1 0 0 0 0 0 1 0 0 0 1 1
1 0 1 1 0 0 0 0 1 0 1 0 1 1 1 1 0 0 1 1 1 0 0 1 1 0 0 1 1 0 0 0 0 1 1 1 1 1 0 0 0 0 0 0 1 1 0 1 0 0 1
1 1 0 1 1 0 1 0 1 0 0 1 1 1 0 1 0 1 1 1 0 0 0 0 1 1 1 0 1 1 1 0 0 1 1 0 1 1 0 1 1 1 1 1 0 0 0 1 1 1 0
1 1 1 0 1 0 0 1 0 0 0 1 0 0 1 1 0 0 1 1 1 0 0 1 0 0 0 1 0 1 0 0 1 1 0 1 1 0 1 1 1 0 1 0 1 1 0 1 1 1 0
0 0 0 0 1 0 1 1 1 1 1 0 0 1 0 0 0 1 1 1 1 0 0 1 0 0 0 0 1 0 1 1 0 1 1 0 1 0 1 1 1 0 1 0 1 1 0 1 1 1 0
0 0 1 1 1 1 0 0 1 1 0 1 1 0 1 0 0 1 1 1 0 1 1 0 0 1 0 0 1 0 0 0 1 0 0 1 1 0 0 0 0 1 1 1 0 0 0 1 1 1 1
0 1 0 1 0 0 1 0 1 0 0 1 0 0 1 0 1 1 1 0 0 1 1 0 0 1 1 0 1 0 1 1 0 0 1 1 0 1 1 1 0 1 1 1 1 1 0 1 0 0 0
1 0 1 1 0 1 1 0 1 1 1 1 0 1 0 1 0 1 0 0 0 1 1 1 1 1 1 1 1 0 0 1 0 1 0 0 0 1 1 0 0 1 1 0 0 0 1 0 0 0 1
1 0 1 0 1 1 0 0 1 0 1 1 1 0 0 1 1 0 0 1 1 0 1 0 0 1 1 0 0 1 0 1 0 0 1 0 1 0 1 1 0 1 1 0 1 1 0 1 1 1 0
1 1 1 0 1 1 0 1 0 0 0 0 0 0 0 1 0 1 0 1 0 1 0 1 0 0 0 0 1 0 0 1 0 1 0 0 1 1 0 1 0 1 0 1 1 1 1 1 1 1 1
1 0 0 0 1 0 1 0 0 1 0 0 0 1 0 0 1 1 0 0 1 0 0 1 0 1 0 0 0 1 1 0 1 0 0 1 0 0 1 1 1 1 0 0 1 1 0 0 0 0 0
0 0 1 0 0 0 0 1 0 0 1 0 1 1 0 0 0 1 1 1 1 1 0 1 0 0 1 1 1 0 1 1 1 0 0 1 0 1 1 1 0 0 0 0 0 0 1 0 1 1 1
1 0 1 0 0 0 0 1 1 0 0 0 0 0 1 0 1 0 1 0 1 0 1 1 1 0 1 0 0 1 1 0 0 1 0 1 1 0 1 1 1 1 1 1 1 0 0 1 0 1 1
1 1 1 0 0 0 0 0 0 0 1 0 1 1 1 0 1 1 0 1 1 0 1 1 0 0 0 1 0 1 0 1 0 1 1 1 1 0 1 0 0 1 0 1 0 1 1 1 0 0 0
0 1 0 1 1 1 0 1 1 0 1 1 1 0 0 1 1 1 0 1 0 1 0 0 0 0 1 0 0 1 1 1 0 1 0 1 0 0 1 1 1 0 1 1 0 0 0 0 1 0 1
1 0 1 0 0 1 0 1 0 1 1 1 1 0 0 1 1 0 0 0 1 0 0 0 1 0 1 1 0 0 0 0 1 1 0 0 1 1 0 0 0 0 0 1 1 0 1 1 0 0 0
0 0 1 0 0 1 0 1 0 1 1 1 1 1 1 1 1 1 0 0 1 1 1 1 0 0 1 1 0 0 0 1 1 0 1 0 0 0 1 1 1 0 1 1 1 1 0 0 0 0 1
0 1 0 1 1 0 1 1 0 1 0 0 1 1 1 0 0 0 1 0 0 0 1 0 1 1 0 1 0 0 1 0 1 1 1 0 1 1 0 1 0 0 0 0 1 0 0 1 1 1 1
0 1 0 1 1 1 0 1 0 0 1 1 0 1 1 1 0 1 0 1 1 1 0 0 0 0 0 1 0 0 0 0 0 0 0 1 0 1 0 0 0 1 0 1 1 1 0 0 1 1 1
0 0 1 1 0 1 0 0 0 0 1 0 0 0 1 1 0 1 1 0 0 0 0 0 1 0 0 1 1 0 1 0 0 0 0 1 1 0 0 1 1 0 1 0 0 0 0 1 0 0 0
0 1 0 0 1 1 0 1 1 1 1 1 0 1 0 0 0 0 1 0 0 1 0 1 1 0 1 0 1 0 0 0 0 1 1 0 1 1 0 1 0 1 1 1 1 0 1 0 1 0 0
0 1 1 0 0 1 0 1 0 1 0 1 1 0 1 1 0 1 1 0 1 1 1 0 0 1 1 0 0 0 1 1 1 1 1 1 1 1 1 0 1 1 0 0 1 1 1 1 0 0 0
1 1 0 1 1 1 0 0 0 0 0 1 0 1 0 0 0 1 1 1 0 0 1 0 0 0 1 1 0 0 0 0 1 1 1 1 1 0 1 0 0 1 0 1 1 0 1 1 1 0 1
1 0 0 0 1 0 1 0 0 0 1 1 0 1 0 1 1 1 1 0 1 1 1 0 1 1 1 0 0 0 0 1 0 1 0 0 1 0 1 1 0 0 0 1 1 0 0 1 0 0 0
0 0 0 1 0 0 1 1 1 1 0 0 1 0 0 0 0 1 1 0 1 1 1 1 1 1 0 1 1 0 1 1 0 0 0 0 0 1 0 1 0 1 0 1 0 1 1 1 1 0 1
1 0 1 1 1 1 0 0 1 1 0 0 1 1 1 0 0 0 0 1 1 0 1 1 1 1 1 0 0 1 1 1 1 0 1 1 0 1 0 1 0 1 0 1 1 0 1 0 0 0 1
0 1 1 0 1 0 0 0 0 1 0 0 0 0 0 0 1 0 1 0 0 1 1 0 0 1 1 1 0 1 1 0 1 0 1 0 1 0 1 1 0 1 0 0 0 1 1 0 1 1 1
1 0 1 1 1 0 0 1 0 1 0 0 1 0 0 1 1 1 1 0 1 0 0 0 1 0 0 0 1 1 1 1 1 0 1 1 0 0 0 0 0 0 0 1 0 0 0 1 1 0 1
0 1 1 0 1 1 1 0 1 1 0 1 1 1 0 1 0 1 1 0 1 0 1 0 1 0 0 1 1 1 1 1 1 1 0 0 1 0 1 0 0 1 0 1 1 0 1 0 0 0 1
1 1 0 1 0 1 1 0 0 0 0 0 1 0 1 0 1 0 1 0 1 1 1 1 0 1 0 0 0 1 0 1 1 0 1 1 1 1 1 0 1 0 0 1 0 0 0 1 1 0 1
0 0 1 1 1 1 1 1 1 0 1 0 1 0 1 1 1 0 1 0 1 0 0 1 1 1 0 1 0 1 0 1 1 1 0 0 0 0 0 1 1 1 0 0 0 0 0 0 0 1 1
0 0 1 1 0 0 1 0 0 1 1 0 1 0 0 1 0 0 1 1 0 0 1 0 1 1 1 0 1 1 0 0 1 1 1 0 0 0 1 1 0 0 1 1 0 0 1 1 1 1 1
1 1 0 0 0 0 1 0 0 1 0 1 1 0 1 0 1 0 0 0 1 1 0 0 1 0 1 1 1 0 1 1 1 0 1 0 1 0 1 1 0 1 1 0 1 1 0 0 0 1 0
1 1 1 0 1 1 1 1 1 0 0 1 0 0 1 1 0 0 1 0 1 0 0 1 0 1 0 0 1 1 1 0 0 0 1 1 0 0 0 0 0 1 0 0 1 1 0 1 1 0 1
1 0 1 0 0 1 1 0 0 0 1 1 1 1 0 1 0 0 1 1 0 0 0 1 1 1 0 0 1 0 1 0 1 0 0 0 1 0 1 0 1 0 1 0 1 1 0 0 1 0 1
0 1 1 1 1 0 1 1 1 0 0 0 0 1 1 1 1 0 1 0 0 1 0 1 0 1 1 1 0 0 0 0 1 0 0 1 1 1 1 1 1 0 1 0 1 0 1 0 1 1 1
1 0 0 1 1 0 1 1 1 1 0 1 1 1 1 0 1 1 0 1 1 1 1 0 0 1 0 0 0 1 1 1 0 1 1 0 0 0 0 0 1 0 1 1 0 1 0 0 0 1 0
1 0 0 1 1 1 1 1 1 1 1 1 0 1 0 0 1 0 1 1 0 1 1 1 0 0 1 0 0 1 1 0 0 0 1 1 1 0 1 0 0 0 0 1 0 1 1 1 0 1 0
1 0 0 0 1 1 0 1 0 1 0 0 1 0 0 1 0 0 1 1 0 1 0 0 0 0 0 1 1 1 0 1 1 0 0 1 0 0 0 1 0 1 1 0 1 1 0 1 0 0 0
0 0 0 0 0 0 0 1 1 0 0 1 0 1 1 0 0 0 1 1 1 0 1 1 0 1 0 0 0 1 0 1 0 1 1 0 0 1 0 1 0 0 1 1 0 0 0 1 1 0 1
0 1 1 1 1 1 1 0 0 1 0 0 1 1 0 0 0 0 1 0 1 0 0 1 1 0 0 0 1 0 0 0 1 1 0 1 0 0 1 0 1 1 1 0 0 0 1 0 0 1 0
1 1 1 1 0 1 1 0 0 1 1 1 1 0 0 0 1 1 0 1 0 1 0 1 1 1 1 1 1 1 1 1 1 0 0 1 1 0 0 0 0 1 0 1 0 1 0 1 1 1 1
0 1 1 0 1 1 0 1 1 1 1 1 0 1 0 0 0 0 1 0 0 0 1 1 1 1 0 0 0 1 1 1 0 0 0 0 0 1 1 1 0 1 1 0 0 0 0 1 0 1 1
0 0 0 1 0 0 1 1 0 0 1 0 1 1 0 1 1 0 0 0 0 0 1 0 1 0 0 0 1 0 0 1 0 1 0 1 0 0 1 1 0 1 1 1 1 1 0 1 1 0 1
0 1 1 0 1 1 0 1 1 0 0 0 1 0 0 1 0 1 1 1 1 1 1 0 1 0 0 0 0 0 0 1 1 0 1 1 0 0 1 1 1 1 0 0 0 0 0 0 0 0 0
0 1 1 1 1 0 1 0 0 1 1 0 0 1 0 1 0 1 1 0 0 1 0 1 1 1 0 0 0 1 0 0 0 1 0 1 0 0 0 0 1 1 0 1 0 1 1 1 0 1 1
0 0 0 0 0 0 1 1 0 1 1 1 0 1 1 0 0 1 0 0 0 0 0 0 1 1 0 1 0 1 1 1 1 1 0 1 1 1 1 1 0 1 1 1 0 0 1 0 0 1 0
1 1 0 1 1 1 0 1 0 0 1 0 1 0 1 1 1 0 1 1 0 1 0 1 1 1 0 0 1 0 0 0 0 0 1 0 0 0 0 1 0 0 1 0 1 0 0 0 1 1 1
0 0 1 0 0 1 0 0 1 0 0 1 1 0 1 1 1 0 0 1 0 1 0 0 0 1 0 1 1 1 1 0 0 1 0 0 1 1 0 0 1 0 0 1 0 0 0 1 0 1 1
1 1 1 1 1 1 1 0 0 1 0 0 1 1 0 0 1 0 1 1 0 1 1 1 1 0 1 1 1 0 1 0 0 0 0 0 1 0 0 1 0 0 1 1 1 1 1 1 0 1 1
1 0 1 1 0 0 1 1 0 0 0 1 1 1 0 1 0 1 1 0 1 1 1 1 0 1 1 0 1 0 0 1 1 0 1 0 1 1 0 0 1 0 0 0 0 0 0 1 1 1 1
0 0 1 0 1 0 1 1 1 1 1 0 0 1 0 0 0 1 1 0 1 1 1 0 0 0 0 1 1 1 0 0 1 1 1 0 0 1 1 0 0 1 0 1 1 0 0 1 0 1 1
0 0 0 0 1 1 1 1 1 1 0 1 1 1 1 1 1 0 1 0 0 0 1 0 0 0 0 0 1 0 0 0 1 1 1 1 0 0 0 1 1 1 1 0 1 1 0 0 1 0 1
1 1 1 1 0 1 0 0 0 1 1 1 1 1 0 0 1 1 1 1 0 0 0 0 0 1 0 0 1 0 0 1 0 0 1 0 1 1 0 0 0 0 0 0 1 1 1 1 1 0 1
1 0 1 1 1 0 0 1 1 1 1 0 0 0 1 1 0 1 0 1 0 1 1 1 1 1 1 0 0 0 1 0 0 0 0 0 1 0 0 0 1 1 0 1 0 1 0 0 1 0 0
0 0 0 1 0 0 0 0 0 0 0 1 1 1 0 0 1 0 0 1 1 0 0 1 1 1 0 1 0 1 1 0 1 1 1 0 1 0 1 0 0 0 1 1 1 1 0 0 0 0 0
0 1 1 0 1 0 1 1 0 1 1 0 1 0 1 1 1 1 0 0 1 0 1 0 1 0 1 1 1 0 0 0 1 0 1 1 1 1 0 0 1 0 0 1 1 1 1 1 1 1 1
1 1 0 1 1 1 1 1 0 0 1 0 0 0 0 0 1 0 1 0 0 1 1 1 0 1 1 0 1 0 0 0 0 1 1 1 0 1 0 1 0 1 1 0 0 1 1 0 0 1 1
0 0 1 0 0 0 0 0 1 1 0 0 1 1 0 0 0 0 0 1 1 0 1 0 1 0 0 1 0 0 1 1 0 0 1 0 0 0 1 0 1 1 1 1 0 0 0 1 1 1 1
1 0 1 1 1 0 0 1 1 1 1 1 1 1 1 0 0 1 1 1 0 1 0 0 1 1 1 1 0 1 0 0 1 0 0 0 0 1 1 1 0 0 0 0 1 1 0 0 0 0 0
1 0 1 0 1 0 1 1 0 0 0 1 1 0 0 0 0 0 1 1 0 0 0 0 1 0 0 1 0 0 0 0 1 1 1 0 0 0 0 1 0 1 0 1 0 0 1 0 0 1 1
0 1 1 0 0 0 1 0 1 0 1 1 1 0 0 1 1 1 1 0 0 0 0 0 0 0 0 1 0 1 1 0 1 0 0 1 1 1 0 1 0 0 0 1 1 1 0 1 1 0 1
1 0 0 1 0 0 0 0 0 1 0 0 1 1 1 0 0 1 1 1 1 0 0 0 0 1 1 0 1 1 0 0 0 0 1 1 1 0 1 1 0 0 0 1 1 0 1 1 0 1 0
0 0 1 1 1 0 0 0 1 0 0 0 1 0 0 1 0 1 1 0 0 0 1 1 0 0 1 0 0 0 0 1 1 0 0 0 1 1 0 1 1 1 1 0 1 1 1 0 0 0 1
0 0 1 1 1 0 1 1 0 1 1 0 0 0 1 1 1 0 0 1 0 0 1 0 0 1 1 1 0 1 1 1 0 1 1 1 1 1 1 0 0 0 1 0 0 1 0 1 0 0 0
1 0 1 0 0 0 0 0 0 1 1 0 1 1 0 0 1 1 0 1 1 0 1 1 1 0 0 0 1 1 1 1 1 1 0 0 1 1 0 0 1 1 0 0 0 1 0 1 0 1 0
0 1 1 0 0 0 1 0 0 1 0 1 0 1 1 1 0 0 0 1 1 1 0 0 1 1 0 1 1 0 0 1 1 0 0 0 1 0 1 0 1 0 0 1 0 1 1 1 0 0 0
1 0 1 1 1 0 0 0 0 1 1 0 1 0 1 0 0 0 0 0 1 1 1 0 0 1 0 1 0 1 0 1 0 0 0 1 0 1 1 0 0 1 0 0 1 0 1 1 1 1 0
1 1 1 1 1 1 0 0 0 0 1 1 0 0 0 0 0 0 1 0 1 0 1 0 1 0 1 0 0 1 1 0 1 1 0 0 0 0 0 0 0 0 0 1 1 1 0 0 0 1 1
0 1 0 1 1 1 1 1 0 1 0 1 1 0 0 1 0 0 0 0 0 0 1 1 0 0 0 0 0 1 1 0 1 0 0 1 1 1 1 1 1 0 0 1 1 0 0 1 1 0 0
1 0 1 0 1 1 1 1 1 1 0 0 0 0 0 0 0 0 0 1 0 0 0 1 1 0 0 0 0 1 1 0 1 0 0 1 1 0 1 0 1 0 1 1 0 1 1 0 1 0 1
1 0 1 0 0 1 0 0 1 0 1 1 0 0 0 0 0 1 1 0 1 1 1 0 0 0 1 0 1 0 0 1 0 1 0 1 0 0 0 0 1 0 1 1 1 1 1 1 1 0 1
0 0 0 1 1 1 0 1 1 1 1 0 0 0 1 0 1 0 0 0 1 1 1 0 1 1 1 1 0 1 1 0 0 1 1 1 0 0 0 1 1 0 0 1 0 0 0 1 0 0 0
1 1 0 1 0 0 1 1 1 1 0 0 1 1 1 1 1 1 0 1 1 1 0 1 1 1 1 1 0 0 0 1 0 1 0 1 1 0 0 1 0 1 0 0 1 0 1 0 0 1 0
0 0 1 0 0 0 0 0 1 1 0 0 1 0 0 1 0 1 0 1 0 0 0 1 0 1 1 1 1 0 0 0 0 0 0 0 0 0 1 0 0 1 0 0 0 1 1 1 0 1 0
0 0 0 1 0 1 1 1 1 1 0 0 1 1 1 0 0 1 1 0 0 0 0 1 1 1 1 1 0 0 1 1 0 0 1 1 1 1 1 0 1 1 0 1 1 0 0 0 0 0 0
1 0 1 1 0 0 1 0 1 0 1 1 0 0 0 0 0 1 0 0 0 1 0 0 0 1 1 1 0 0 1 1 0 1 1 0 1 1 1 0 0 0 0 1 0 1 1 0 1 1 1
0 0 1 1 0 0 1 1 0 0 1 1 1 0 1 0 1 0 0 1 1 1 1 0 0 1 0 0 1 0 0 1 1 0 1 0 0 1 1 0 0 1 1 1 0 0 1 0 0 0 1
0 1 0 0 0 0 1 1 0 0 1 0 0 1 1 1 1 0 0 1 0 0 0 0 1 1 0 1 1 1 1 1 0 1 1 0 0 1 1 1 1 1 0 0 0 0 0 0 1 0 1
1 1 0 1 0 1 0 0 0 0 0 1 0 1 1 0 0 1 1 1 0 1 0 1 1 1 0 0 0 1 1 1 1 0 1 0 1 0 1 1 1 1 0 0 0 1 0 1 1 0 0
1 0 0 1 0 0 1 1 0 1 0 1 0 0 1 1 0 1 0 1 0 0 1 1 0 0 1 1 1 1 1 0 1 1 1 0 0 0 0 0 0 1 0 1 1 1 0 1 1 0 1
0 1 1 1 0 0 0 1 1 0 0 0 0 0 1 1 0 1 0 1 1 0 1 1 0 0 1 0 1 1 1 1 0 0 1 0 0 0 1 1 0 0 1 1 0 1 1 0 0 1 0
0 1 0 0 1 0 0 1 1 0 1 1 0 0 0 1 1 1 0 1 0 0 0 1 1 1 0 0 1 1 0 0 1 1 1 0 1 1 1 0 0 0 0 0 0 1 0 0 0 0 0
1 1 1 0 1 0 0 0 1 0 1 0 1 1 0 0 0 1 1 0 1 0 0 1 0 1 1 0 1 1 1 1 0 0 0 1 1 1 0 0 0 1 1 1 1 0 0 0 0 1 0
1 1 1 1 0 0 1 0 0 1 1 1 1 1 0 1 1 0 1 0 0 0 1 0 0 0 1 0 0 1 1 1 0 1 1 1 1 1 1 1 1 1 0 0 1 1 1 0 0 1 1
0 1 1 1 1 0 0 1 0 0 1 0 1 1 0 1 1 1 1 1 1 0 1 0 1 1 0 1 0 0 1 0 0 0 1 0 0 1 1 0 1 0 0 0 1 1 1 0 0 1 0
1 1 1 1 0 1 1 0 0 1 1 1 1 1 0 0 1 1 1 0 0 1 0 0 1 0 0 1 1 1 0 0 0 1 1 1 0 0 1 0 1 0 0 0 1 0 1 0 1 0 0
1 0 0 1 1 0 0 0 0 0 0 0 1 1 0 0 1 1 1 0 0 1 0 1 0 0 0 1 0 1 0 1 1 1 0 0 0 0 0 0 0 0 1 1 0 0 1 1 0 1 1
0 1 1 0 0 1 1 0 0 0 1 0 0 1 1 0 0 1 0 1 1 0 0 0 0 1 0 1 1 1 1 1 1 1 1 1 0 0 0 1 1 1 1 1 1 1 1 1 1 1 1
0 0 1 0 0 1 0 0 0 1 1 1 1 1 1 1 0 0 0 1 1 0 0 0 1 0 1 1 1 1 1 0 0 0 0 1 0 1 1 0 0 0 1 1 0 1 0 0 1 1 0
0 0 1 1 0 1 0 0 0 0 1 0 0 0 0 0 1 1 1 1 1 1 1 0 0 1 0 0 1 1 1 0 1 1 0 0 0 1 1 1 0 1 0 1 0 1 0 0 0 0 0
1 0 1 0 1 1 0 0 0 1 1 1 0 1 0 1 0 1 1 0 1 1 1 0 1 0 0 0 0 1 1 0 0 1 1 1 1 1 1 1 1 0 1 1 0 1 0 1 1 0 1
0 1 0 1 1 0 0 1 1 1 0 1 0 1 0 1 0 0 0 0 0 0 0 1 1 0 1 1 1 0 1 0 1 0 0 0 1 0 0 0 0 0 0 0 1 0 1 0 0 1 1
0 1 0 0 0 0 0 1 1 1 1 0 1 0 1 0 0 1 0 0 1 1 1 1 1 0 0 1 0 0 0 1 1 1 0 1 0 1 0 1 1 1 1 1 0 1 0 0 0 0 0
0 1 1 1 0 0 0 0 1 0 1 1 1 1 0 0 0 0 0 1 1 0 1 1 0 0 1 1 0 1 1 0 0 1 0 0 0 1 1 0 1 1 0 0 1 0 1 1 1 1 0
1 0 0 0 0 0 0 1 0 0 0 0 0 1 1 1 1 1 0 1 1 0 1 0 1 1 1 1 0 0 1 0 1 0 0 0 1 1 1 0 1 0 1 0 1 0 1 0 0 0 1
1 1 1 1 0 0 1 1 0 0 0 0 0 1 0 1 0 1 1 1 1 0 0 0 1 1 1 0 0 0 0 1 1 1 0 0 0 1 0 0 0 1 1 0 0 1 0 1 0 0 1
1 0 0 1 1 1 1 0 1 0 1 0 1 1 1 1 1 1 0 1 0 0 1 1 0 1 0 0 1 1 1 0 0 0 0 1 0 1 1 1 1 0 0 0 0 1 0 1 1 1 1
0 1 0 1 0 1 1 1 0 0 0 1 1 0 0 0 0 1 0 0 1 0 1 1 1 1 0 0 1 0 1 1 0 1 1 0 0 0 1 0 0 0 1 1 0 0 1 1 0 1 0
1 1 1 0 1 0 0 0 0 0 0 1 0 1 1 1 1 0 0 0 1 0 1 0 0 1 0 1 0 0 1 0 1 1 0 1 0 0 1 0 0 1 1 1 0 0 1 0 1 1 0
1 1 1 0 1 1 0 1 1 0 0 1 0 0 1 0 1 1 0 0 1 0 1 0 1 0 0 1 0 1 0 0 0 1 0 0 0 1 1 0 0 0 0 0 0 1 1 1 0 0 1
1 1 0 1 1 0 1 0 1 1 1 0 1 0 0 0 1 1 0 1 1 0 0 0 0 1 1 1 0 1 1 0 1 0 1 1 0 1 1 0 1 1 1 0 1 1 1 1 0 0 1
1 1 1 1 0 1 0 1 1 0 0 0 1 1 0 0 1 0 1 1 0 0 0 1 0 1 0 0 0 1 0 0 0 1 1 1 0 0 1 1 1 0 1 1 1 1 0 0 0 0 1
0 0 0 0 1 0 0 0 0 0 1 1 1 1 1 0 1 1 1 0 1 1 0 0 1 0 0 1 0 1 0 0 1 0 1 0 1 1 1 0 1 1 1 0 0 0 0 0 1 1 0
0 0 0 1 1 1 1 0 1 1 1 1 0 0 1 0 0 1 1 0 0 0 1 0 0 1 0 0 1 1 1 1 0 0 1 1 0 1 0 0 0 0 0 0 0 0 0 0 1 0 0
0 1 1 0 1 1 0 0 0 1 1 1 0 1 1 1 1 0 1 0 0 0 0 0 0 1 1 0 0 0 0 0 1 0 1 0 0 1 1 1 1 0 0 1 0 1 0 1 1 0 0
0 1 0 1 1 0 1 1 1 0 0 0 0 1 1 0 0 0 1 1 0 1 1 1 1 0 1 1 1 1 0 1 0 1 0 1 0 0 0 0 1 1 1 1 0 0 0 0 1 1 1
0 1 0 1 0 0 0 0 0 0 1 1 0 0 1 1 1 0 0 0 1 1 0 1 0 1 1 1 0 1 1 1 0 1 1 0 1 0 1 0 0 0 0 0 0 0 0 1 0 1 1
1 1 0 0 0 1 0 1 0 1 0 0 1 1 0 1 1 1 0 1 0 1 0 1 0 0 1 1 1 1 0 0 0 1 1 0 1 1 1 1 1 0 1 0 1 0 0 1 0 1 1
1 0 0 0 0 1 1 1 0 1 1 0 0 1 1 0 1 0 1 1 1 0 1 1 1 0 0 1 1 1 0 1 1 0 1 0 1 1 0 0 0 0 0 0 0 0 0 0 0 1 1
0 0 0 1 1 0 1 0 1 0 0 1 0 0 0 1 1 0 1 1 0 1 0 1 1 0 0 0 0 0 0 1 1 0 0 0 1 1 0 1 1 1 1 1 0 1 0 0 0 1 0
0 0 0 0 1 0 0 0 0 1 0 0 1 1 0 1 0 0 1 1 0 0 1 0 1 1 1 1 1 0 0 1 0 1 1 1 1 1 0 0 1 1 1 1 1 1 1 0 1 0 0
1 1 0 0 0 1 0 1 1 1 1 0 1 1 0 0 0 0 0 0 1 0 0 1 1 1 1 1 1 1 1 0 1 1 1 0 0 0 1 0 1 1 0 0 0 1 1 1 1 0 1
0 0 0 0 1 0 1 0 1 1 1 1 1 0 1 1 0 0 1 0 1 1 1 1 0 0 1 1 0 0 0 0 1 0 0 0 0 1 0 0 0 0 1 0 0 1 0 1 1 1 1
1 0 1 0 0 1 1 1 1 1 1 0 1 0 1 1 0 1 0 0 1 0 1 1 1 1 0 0 0 0 0 0 1 0 0 0 1 0 1 1 0 0 0 0 0 0 1 0 1 1 0
1 1 1 0 0 0 0 1 0 0 1 0 0 1 0 0 1 0 0 0 1 1 1 1 1 1 1 0 0 0 1 1 0 0 1 1 1 1 0 1 1 0 0 1 1 1 1 1 1 0 1
0 1 0 0 0 1 1 0 0 0 0 1 0 1 0 1 0 0 1 0 1 1 0 0 1 0 0 0 1 1 0 0 0 0 1 1 1 0 0 0 0 1 0 0 0 0 1 1 0 1 1
1 1 1 1 1 1 1 0 1 1 0 1 0 0 0 0 0 0 0 0 0 1 1 0 1 1 0 0 0 1 0 1 0 1 0 1 0 1 0 1 1 0 1 0 1 0 0 0 1 1 0
0 1 0 1 0 1 1 1 0 1 1 0 1 0 1 0 0 1 1 1 1 0 0 1 0 0 0 1 1 0 0 1 0 1 0 1 1 1 0 0 1 0 1 0 1 1 1 0 1 0 1
0 0 0 1 1 0 1 0 0 0 1 1 0 0 0 0 0 1 1 1 0 0 0 1 0 1 0 0 0 1 0 1 1 0 0 0 0 0 1 1 0 0 1 1 1 1 0 1 1 1 1
1 0 1 0 1 1 0 1 1 1 0 0 0 0 1 0 0 0 1 1 0 0 1 0 1 1 1 0 1 0 0 1 1 0 1 0 0 1 1 0 1 1 0 0 1 1 1 1 1 1 1
1 1 0 1 1 0 0 1 0 0 0 0 0 0 1 1 0 1 0 0 0 1 0 0 0 1 0 0 0 0 1 1 1 1 0 0 1 0 0 0 1 0 0 0 1 0 0 0 0 0 0
1 0 0 1 0 0 1 0 0 1 0 0 0 1 0 1 0 0 0 1 1 1 0 1 0 1 0 1 1 1 1 0 0 1 0 0 0 0 1 0 0 1 1 0 1 1 0 1 1 1 1
1 1 0 0 1 1 0 1 1 1 0 0 0 0 1 1 0 0 1 0 1 0 0 0 0 1 0 1 1 0 1 0 0 1 0 0 0 0 0 1 1 0 1 1 0 0 1 0 1 1 0
1 1 1 1 0 0 0 0 0 1 1 0 0 0 0 0 0 0 0 1 0 1 1 0 1 1 0 1 0 0 0 0 0 1 1 0 1 0 1 1 1 1 1 1 1 0 0 0 0 0 0
1 0 1 1 1 1 1 1 1 0 1 1 1 1 1 0 0 0 1 1 1 1 1 0 0 0 0 1 0 0 1 1 1 0 0 0 1 1 0 0 0 0 1 1 1 0 0 1 0 0 1
1 0 1 0 1 0 1 1 1 0 0 1 0 1 0 1 1 0 1 1 0 0 0 1 1 1 1 1 0 0 1 0 1 1 1 1 0 0 0 0 1 0 0 1 1 0 1 1 0 0 0
1 0 1 0 0 0 0 1 0 0 0 0 1 0 1 1 1 1 1 1 0 1 0 0 1 0 0 0 1 0 0 0 1 1 1 1 1 1 1 0 1 1 0 1 0 1 1 1 0 0 0
1 1 1 1 1 0 0 0 1 1 0 0 0 1 1 1 1 1 0 0 1 1 1 0 0 0 0 1 1 0 1 1 0 1 1 1 0 0 0 1 1 1 0 0 0 0 1 1 0 1 1
1 1 1 0 0 1 1 1 1 1 1 0 1 1 1 1 0 0 1 0 0 0 1 1 0 1 0 1 1 1 1 1 1 1 0 0 0 1 0 0 0 0 0 1 0 1 1 0 0 1 1
1 0 1 1 1 0 1 1 1 0 1 1 1 1 1 0 1 1 0 0 0 0 1 0 1 0 1 0 1 0 0 0 1 1 0 0 0 0 1 0 0 1 1 0 1 0 0 1 0 1 0
1 1 1 0 0 0 0 0 1 1 0 1 1 1 1 1 1 1 0 1 0 1 0 1 0 0 1 0 0 0 1 0 0 0 1 1 1 1 0 0 0 0 1 1 0 1 1 0 1 0 1
1 0 1 1 1 1 0 0 0 1 0 0 0 1 1 1 1 0 0 1 0 0 0 0 1 0 1 0 1 0 1 1 1 1 0 0 1 1 1 0 0 0 0 1 0 0 0 0 1 1 0
0 1 1 1 0 0 0 0 1 0 0 0 0 0 0 1 0 1 0 0 0 0 0 0 0 1 0 0 0 0 0 1 1 0 1 1 0 0 0 0 1 0 1 0 0 1 0 0 1 1 1
0 1 1 1 1 0 0 1 1 0 1 1 0 1 1 0 1 1 1 0 0 1 0 0 0 1 1 0 0 1 0 1 0 1 1 0 1 1 0 1 1 0 1 0 1 1 1 1 0 0 0
1 1 1 1 0 1 1 0 0 1 0 1 0 0 1 0 1 1 1 1 1 0 1 1 0 0 1 0 0 0 0 0 1 0 1 0 0 0 0 1 0 1 0 0 1 0 1 1 0 1 0
0 0 0 1 1 0 1 1 0 1 1 1 0 1 1 1 1 0 0 1 0 1 0 0 0 0 0 0 1 0 1 1 0 0 0 1 1 0 0 0 1 0 1 0 1 0 0 1 1 1 0
0 0 1 0 1 1 1 0 0 1 1 1 1 0 0 0 1 0 0 1 0 0 1 1 0 1 0 1 1 0 1 1 1 1 0 0 1 1 1 1 1 0 1 1 1 0 1 0 0 1 0
0 1 1 1 0 1 0 1 1 1 0 1 1 1 0 0 1 0 0 0 1 1 1 0 0 1 0 1 0 1 1 1 1 1 0 0 0 0 1 0 0 1 0 0 1 1 0 1 1 0 1
1 0 1 1 0 1 1 1 0 0 1 0 0 0 0 1 0 1 1 0 1 1 0 1 1 1 1 0 0 1 1 0 1 1 1 1 1 1 0 1 0 0 1 1 1 0 0 0 1 0 1
0 0 0 0 0 1 1 1 0 1 1 1 0 0 0 0 1 0 0 1 1 0 1 0 0 1 0 1 0 0 0 0 1 0 1 0 1 0 0 1 0 1 1 1 0 1 0 1 0 0 1
1 0 0 1 0 0 1 0 0 0 0 0 0 0 0 0 1 1 0 0 0 0 1 0 1 1 0 0 1 0 1 0 1 1 0 1 1 0 0 0 1 1 1 1 0 0 0 1 0 1 1
1 1 0 0 1 0 1 1 1 0 0 0 0 0 0 0 1 1 1 1 0 1 1 0 0 0 0 0 1 1 1 1 0 0 1 0 0 0 0 0 1 1 0 0 1 0 1 0 0 1 1
1 0 0 0 1 1 1 1 1 0 0 0 1 1 0 1 1 0 1 1 1 1 0 0 0 1 1 1 1 0 0 0 0 0 0 0 1 0 0 0 1 1 0 1 0 1 0 0 0 0 0
0 1 1 0 0 1 1 1 1 1 0 0 1 0 0 1 0 1 1 0 0 1 1 0 1 0 1 0 0 1 1 0 0 1 0 0 1 0 1 0 0 1 1 1 0 1 0 1 0 0 1
1 0 1 1 1 1 0 0 1 0 1 0 1 1 0 0 0 1 0 0 0 1 1 1 1 0 0 0 1 1 0 1 0 0 1 0 1 0 1 0 1 0 0 1 1 0 0 1 1 1 1
1 0 1 1 1 0 1 1 0 1 1 0 0 0 0 1 1 0 1 0 1 1 0 1 1 1 0 1 0 0 0 1 1 1 1 0 0 1 1 0 1 1 0 0 1 0 0 1 1 0 1
0 0 1 0 0 0 1 1 1 0 1 1 0 0 1 0 0 0 0 0 1 1 1 0 0 1 1 0 1 0 1 0 0 0 0 0 1 1 0 1 0 0 0 0 1 1 0 0 1 0 0
0 1 1 0 0 1 1 1 0 1 0 1 0 1 0 0 0 1 0 1 1 1 1 0 0 1 1 0 0 1 0 0 0 1 0 0 1 0 0 0 1 0 0 1 0 0 0 0 1 1 1
0 1 0 1 1 0 0 0 0 1 1 0 1 0 1 1 1 0 1 1 0 1 0 1 1 0 1 1 1 1 1 1 1 1 1 1 0 1 0 1 1 0 0 1 1 1 1 1 0 1 0
1 0 0 0 1 0 0 1 0 0 0 1 1 0 0 1 0 1 0 1 0 1 1 1 1 0 0 1 0 0 1 1 1 0 1 0 1 1 0 0 0 0 1 1 0 1 1 1 1 1 0
0 0 0 0 1 1 1 0 0 0 0 1 0 0 1 1 0 1 1 1 0 1 1 0 0 0 0 1 1 1 1 1 0 0 1 1 1 1 1 1 0 0 1 1 0 0 0 0 1 1 1
0 1 1 1 0 1 0 1 0 1 1 1 0 1 1 0 0 0 1 0 1 0 0 0 0 1 1 1 1 1 0 1 1 0 1 1 0 0 1 1 0 1 1 0 0 0 1 0 0 0 1
0 1 1 0 0 0 1 1 0 0 1 1 0 0 0 0 1 0 0 1 1 1 0 0 1 0 0 1 0 0 1 1 0 1 0 1 0 0 0 0 0 1 0 0 1 0 1 0 0 0 1
1 1 0 0 1 0 1 1 1 1 0 1 0 0 0 1 1 1 1 0 0 0 0 0 1 1 1 1 0 0 0 1 0 0 0 1 1 0 1 0 1 1 1 0 0 1 0 1 1 0 1
0 1 1 1 1 1 1 0 1 0 0 1 0 0 0 1 0 0 1 0 1 1 0 0 0 1 1 1 1 0 0 1 0 0 1 0 1 0 1 1 0 0 0 0 1 0 0 0 1 0 0
1 1 1 1 1 1 1 1 1 0 1 1 0 1 1 0 1 1 1 1 1 1 0 0 1 1 0 0 1 1 1 0 0 0 0 0 0 1 1 0 1 1 0 1 0 0 1 1 1 0 1
1 1 1 0 1 1 1 1 1 0 0 0 0 1 1 0 1 1 0 0 0 1 0 1 0 0 0 1 1 0 1 1 1 0 1 1 1 1 0 0 1 0 1 0 0 0 0 0 0 1 0
1 0 0 0 0 1 1 0 0 1 0 1 0 0 1 1 1 1 0 1 0 0 1 1 1 1 0 0 1 1 0 0 1 0 0 1 0 0 1 1 0 1 1 1 0 0 0 1 1 0 0
0 0 1 1 1 1 1 1 0 1 0 0 1 0 0 0 0 0 0 1 0 0 0 0 0 0 1 0 1 1 1 1 0 0 1 0 1 0 0 0 0 1 0 0 0 0 0 0 0 1 1
0 1 0 1 1 1 1 1 1 0 1 1 1 1 1 1 0 0 0 1 0 1 1 1 1 1 0 1 1 1 0 1 0 0 0 0 0 0 1 1 1 0 0 1 1 1 1 0 1 0 0
0 0 0 1 0 1 1 1 1 1 1 1 1 0 0 1 0 1 1 1 1 1 0 0 1 1 1 0 0 1 0 0 1 0 1 1 0 0 1 1 0 1 1 1 0 1 1 0 1 1 1
0 0 1 1 0 1 1 1 0 0 0 0 0 1 1 1 1 0 1 1 1 0 1 0 1 1 0 0 0 1 0 1 0 1 0 0 1 0 0 0 1 0 0 0 1 0 1 1 1 1 1
0 1 1 1 1 0 0 1 1 0 0 1 1 1 0 0 0 0 0 1 1 1 1 1 0 1 1 1 0 0 0 0 0 0 1 1 0 0 0 1 0 1 1 1 1 1 1 1 1 1 0
1 0 0 0 1 0 0 0 1 0 1 0 0 1 0 0 0 1 1 0 0 1 1 1 1 0 0 1 1 1 0 0 0 1 0 0 0 1 0 1 1 1 1 0 0 1 1 0 0 0 1
1 0 1 0 1 0 1 0 0 0 0 1 1 0 0 0 0 0 0 0 1 0 0 1 1 0 0 0 1 0 1 1 0 1 1 1 1 1 1 0 0 1 1 0 1 1 0 1 1 0 1
0 0 1 0 0 0 0 1 1 0 1 0 1 0 0 0 0 1 0 1 0 0 0 0 1 1 1 1 1 0 1 1 0 1 0 0 0 0 0 0 1 0 0 1 1 0 0 0 1 0 0
0 0 0 0 0 1 0 0 0 0 0 1 0 1 0 0 1 0 1 0 1 1 1 1 1 0 0 0 1 1 0 1 1 1 0 1 1 1 0 0 0 0 1 1 0 1 1 0 1 0 1
0 1 1 1 0 1 1 1 1 1 1 0 1 1 1 1 0 0 0 1 1 1 1 1 0 0 1 0 1 1 1 0 1 1 1 0 1 0 0 0 1 0 1 0 0 1 0 1 1 1 1
0 0 0 1 0 1 0 1 0 1 1 1 0 0 0 0 1 0 1 0 0 1 0 1 0 0 0 1 0 1 0 0 1 0 0 1 0 0 0 1 1 1 0 0 0 0 0 0 1 1 0
1 1 0 1 1 1 0 0 1 0 1 0 1 1 1 0 1 0 0 0 1 0 1 1 1 0 1 0 1 0 1 0 1 0 1 0 1 1 1 0 1 1 1 1 1 1 0 1 0 0 0
0 1 0 0 0 1 0 0 1 0 1 1 1 1 0 1 1 1 0 0 0 0 1 1 1 1 0 0 0 0 1 0 0 1 1 1 0 0 0 1 1 1 0 1 0 1 1 1 1 1 0
0 0 0 1 1 1 0 0 0 1 0 0 1 0 1 0 0 1 1 1 0 1 0 1 0 1 1 1 0 0 0 0 0 1 0 0 1 0 1 0 1 0 0 0 0 0 1 1 1 0 0
1 1 1 0 0 1 0 1 1 1 0 1 0 0 0 1 1 1 1 0 1 1 0 1 0 0 0 1 1 0 1 1 0 0 0 0 0 1 1 0 1 1 1 0 1 1 0 0 0 0 0
0 0 1 0 1 0 0 1 0 0 0 1 0 1 0 1 0 1 0 0 1 0 1 1 0 1 0 1 0 0 1 0 0 0 0 1 1 0 1 1 0 1 0 0 0 1 1 1 0 0 1
0 1 0 0 0 0 1 0 1 1 0 0 0 1 1 0 1 1 0 1 1 1 0 1 0 1 0 0 1 0 0 0 1 1 0 0 0 1 0 0 0 1 1 0 0 0 1 0 1 1 1
0 1 1 1 1 1 0 1 0 0 0 1 1 0 1 0 0 1 0 0 1 0 1 0 0 1 1 1 0 1 0 1 1 0 1 1 1 0 0 0 1 0 0 1 0 1 0 0 1 0 0
1 0 1 1 0 1 0 0 0 0 0 0 1 0 1 1 0 0 0 1 1 1 0 1 1 0 0 1 1 1 1 1 1 1 0 0 1 0 1 1 1 0 1 1 1 0 0 0 1 1 1
0 0 1 0 0 0 1 0 1 0 0 1 1 1 1 0 0 1 1 1 0 0 1 0 1 0 0 0 1 0 1 0 0 1 0 1 0 1 0 0 0 0 1 1 1 1 1 1 0 1 0
0 1 1 0 1 1 1 0 0 0 1 1 1 0 1 0 0 1 0 0 0 0 0 1 0 1 1 1 0 1 0 1 0 0 1 0 0 1 0 1 1 0 0 1 0 0 1 0 1 1 1
1 1 1 1 0 0 0 1 0 1 1 0 1 1 1 0 1 0 0 0 1 1 0 0 0 0 0 0 0 1 0 0 1 0 0 0 1 0 0 1 1 0 0 1 1 1 1 0 1 1 1
1 0 0 1 0 1 0 1 0 0 1 1 0 0 0 0 0 0 1 0 0 0 1 1 1 1 0 1 1 0 1 1 1 1 1 1 0 0 0 0 0 1 0 1 1 0 1 1 1 1 0
0 1 0 0 0 1 0 0 0 1 1 0 0 0 0 1 1 0 1 0 0 0 1 1 1 1 1 1 1 1 1 0 1 1 1 1 1 0 1 0 1 0 1 0 1 1 0 1 1 0 1
1 0 1 0 0 0 1 1 0 1 0 0 0 0 0 1 1 1 1 1 0 1 1 0 0 0 1 1 0 1 1 0 0 0 0 0 0 1 0 1 0 0 0 0 1 1 1 0 0 1 0
1 1 0 0 1 0 0 1 0 1 0 1 1 1 0 0 0 1 1 0 1 0 0 0 1 0 0 0 0 1 1 1 0 0 0 0 1 0 1 0 1 0 1 0 1 0 1 0 1 1 1
1 0 1 0 1 1 0 0 0 0 0 1 0 0 0 1 0 1 0 0 1 1 0 1 0 0 1 0 1 0 1 0 1 0 1 0 0 0 0 1 0 0 1 1 1 1 0 1 0 1 1
1 1 0 0 1 1 0 0 1 0 1 1 1 0 0 0 1 0 1 1 0 1 0 0 0 1 1 0 1 0 1 1 1 1 0 1 1 0 1 0 0 0 1 0 1 0 1 0 0 1 1
1 1 0 1 0 1 1 1 1 1 0 1 1 1 0 1 0 0 0 1 1 0 1 1 1 0 0 0 0 0 0 1 0 1 1 0 1 1 1 1 0 1 0 1 0 1 0 1 1 1 0
1 0 1 0 1 0 0 0 0 0 0 1 0 1 1 0 1 1 1 1 0 0 1 0 1 1 0 1 0 0 1 1 0 1 0 1 1 1 0 1 0 1 0 1 0 0 0 1 1 0 0
0 0 0 0 1 0 1 1 0 1 1 0 0 0 1 0 1 1 1 1 1 1 0 0 0 0 1 1 0 1 1 1 1 1 0 0 1 0 1 1 1 1 1 1 1 1 0 1 1 0 1
0 0 1 1 0 0 1 1 1 1 1 0 1 0 0 0 0 1 1 1 0 1 0 1 0 0 1 0 0 1 1 1 1 0 0 0 0 1 0 1 0 1 1 1 0 0 0 1 0 0 0
0 1 1 0 1 0 0 0 0 0 1 0 1 1 1 1 1 0 1 1 0 1 1 1 0 0 0 0 1 0 0 1 0 0 1 1 0 0 1 1 0 1 0 0 0 0 0 0 1 1 0
1 1 1 0 0 1 1 0 0 0 0 0 1 1 1 0 0 1 1 0 0 0 1 0 1 0 0 1 1 0 0 0 1 0 0 0 0 1 1 1 0 1 0 1 0 1 0 0 1 1 1
0 0 0 1 1 1 0 1 1 0 0 1 1 0 1 0 0 0 1 0 1 0 0 0 1 0 0 1 1 1 1 1 1 0 1 1 1 0 1 1 1 1 0 0 0 1 1 1 0 0 1
1 0 1 1 1 1 1 1 0 0 1 1 1 0 1 1 1 0 0 0 1 0 1 1 0 0 1 1 1 1 1 0 1 0 0 1 0 1 0 1 0 1 0 0 1 0 1 1 1 0 0
0 1 0 1 0 0 1 1 0 1 1 0 0 1 0 0 1 0 0 1 0 0 1 1 1 1 1 1 0 1 0 1 1 1 1 0 1 1 0 0 0 0 1 0 0 1 1 0 1 1 0
1 1 0 0 0 0 1 1 1 1 0 1 0 0 1 1 0 0 1 1 0 1 1 0 0 0 1 0 0 0 0 0 0 1 0 1 0 1 0 1 1 0 1 0 0 0 1 0 0 0 1
0 0 1 1 0 0 1 0 1 1 0 1 0 1 0 0 1 0 1 1 1 0 0 1 1 0 0 1 1 1 1 1 0 0 0 0 1 1 0 0 0 0 0 0 0 0 0 1 0 0 1
0 1 0 0 0 0 0 0 0 1 1 1 0 1 0 0 0 1 1 1 0 1 0 0 0 0 1 1 0 1 0 1 0 0 1 1 0 0 0 0 0 0 0 0 0 0 0 1 0 0 1
0 0 0 0 1 1 1 1 0 0 1 1 0 0 1 1 0 1 1 1 1 0 0 1 1 0 1 0 1 0 1 1 1 0 0 0 0 0 0 1 1 0 0 0 0 0 1 0 0 1 0
0 1 1 1 1 0 1 0 1 1 1 0 1 0 0 1 1 1 0 0 0 1 1 0 0 1 0 0 1 1 1 1 0 1 0 1 0 1 1 0 0 0 1 1 1 1 1 0 1 0 0
1 1 0 0 0 0 1 0 0 1 1 1 0 0 0 0 0 0 1 1 1 0 0 0 1 1 1 0 1 0 0 1 0 1 1 1 1 0 0 0 0 1 0 0 0 0 0 1 1 1 0
0 0 0 1 1 1 0 0 1 0 0 1 0 1 1 1 1 1 0 0 0 1 0 1 1 1 1 1 1 1 1 0 0 0 1 0 1 1 1 1 1 1 1 1 1 1 1 0 0 1 1
0 0 0 1 0 0 0 1 1 0 1 0 0 1 1 1 0 1 0 0 1 0 1 0 0 1 0 0 1 1 0 0 0 1 0 1 0 0 1 0 1 0 0 0 1 1 1 0 1 1 1
0 1 0 0 0 0 0 0 0 1 0 1 1 1 0 0 0 0 0 1 0 0 0 0 0 0 0 0 1 1 0 0 1 0 1 1 1 1 0 1 1 1 1 1 1 0 0 1 0 0 0
1 1 1 0 1 0 0 1 0 1 0 0 0 1 0 1 0 0 0 0 0 1 0 0 0 0 0 1 1 0 0 1 0 1 1 0 0 1 0 0 0 0 1 1 0 1 0 1 1 1 1
1 1 0 0 1 0 0 0 0 1 1 1 1 1 1 0 0 1 0 0 0 1 1 0 0 1 1 0 1 0 0 0 0 0 1 0 1 0 0 0 1 1 1 1 0 0 1 0 0 1 0
0 0 0 0 1 0 1 0 0 0 1 1 1 0 1 1 0 0 1 1 0 1 1 1 1 0 1 1 0 0 1 0 0 1 1 0 1 1 1 0 1 1 0 1 0 1 0 1 0 0 1
1 0 0 1 1 0 0 0 0 0 1 1 0 0 1 1 0 0 0 1 0 1 0 1 0 0 0 0 1 1 1 1 1 1 1 1 0 1 0 1 0 1 0 1 0 0 1 1 0 0 0
1 0 1 1 0 0 0 0 1 0 1 1 0 1 0 1 1 0 0 0 1 1 1 1 1 0 1 0 0 1 0 0 1 0 0 1 1 1 0 1 1 0 1 0 0 0 0 1 0 1 1
1 1 0 0 0 0 0 0 1 1 1 1 1 0 1 1 0 1 1 0 1 1 1 0 1 1 0 1 1 1 1 0 0 1 0 1 1 1 1 1 0 1 1 1 1 0 1 1 0 0 1
1 0 0 0 1 0 1 1 1 1 0 0 1 1 0 1 0 1 1 1 0 1 0 1 1 1 0 1 1 0 0 0 0 1 0 1 0 0 1 0 1 1 1 1 1 0 0 0 1 1 0
0 0 1 1 0 0 0 1 1 1 0 0 1 1 0 1 1 0 1 1 0 1 0 0 1 1 1 0 1 1 0 0 1 0 1 0 1 0 1 0 1 1 0 1 1 0 0 0 1 1 1
1 0 0 0 1 1 0 0 0 1 0 0 1 1 1 1 1 1 1 0 0 1 1 1 1 1 0 1 1 0 1 0 1 0 0 0 1 1 0 1 1 0 0 0 1 1 0 1 1 0 0
0 0 0 0 1 0 0 1 1 0 1 0 1 1 1 1 0 1 1 0 0 0 1 1 1 0 1 1 0 1 0 0 1 0 1 1 1 0 1 0 0 0 0 1 0 1 1 0 0 0 0
0 0 0 1 1 1 0 0 1 0 0 1 1 0 1 1 0 1 0 1 1 0 0 0 0 0 0 0 1 0 1 1 0 0 0 0 0 1 0 0 1 1 1 0 1 1 1 1 1 0 0
1 1 0 1 1 1 1 0 1 0 1 0 0 0 1 1 0 0 1 0 1 0 1 0 1 0 1 1 1 0 1 0 0 0 0 0 0 1 0 0 1 1 0 0 1 0 1 0 0 1 0
0 1 0 0 0 0 1 0 0 1 0 1 1 0 0 1 0 1 1 0 0 1 0 1 1 1 0 1 0 0 0 0 0 0 0 0 0 1 0 0 1 0 0 1 1 0 1 0 1 1 0
0 1 0 1 1 1 0 0 1 1 1 1 0 1 1 1 1 1 0 0 0 0 1 1 0 0 0 1 0 1 1 1 1 0 0 0 1 0 1 1 0 0 1 0 0 1 1 1 1 1 1
0 1 0 0 1 1 0 0 1 1 0 0 0 0 1 1 0 1 1 1 0 0 1 0 1 1 1 1 1 1 1 1 0 1 1 1 0 1 0 1 0 1 0 1 1 0 0 0 1 1 1
1 0 0 1 0 0 0 1 0 1 1 1 0 0 1 0 0 0 0 1 1 1 1 1 1 1 1 0 1 1 1 1 0 0 0 0 1 0 1 0 1 1 0 1 1 0 0 0 0 1 0
1 0 0 1 1 0 1 1 0 0 0 1 1 0 1 0 1 1 0 0 1 1 0 1 1 0 0 1 1 0 0 0 0 1 0 1 1 0 0 1 0 0 0 1 0 0 0 0 1 1 0
1 0 1 1 1 1 0 1 1 1 0 0 1 1 0 0 0 0 0 0 1 0 1 1 0 0 1 1 1 0 0 0 0 1 0 1 1 1 1 1 0 1 0 1 0 0 0 0 0 0 1
0 0 1 1 1 1 1 0 1 1 1 1 1 0 0 0 1 0 0 1 1 0 0 1 1 0 1 1 0 0 0 0 1 0 1 1 1 0 0 0 0 1 1 1 1 0 0 0 1 0 0
1 0 1 0 0 1 1 1 1 0 0 1 1 1 1 1 1 1 0 1 1 1 0 1 0 1 0 0 1 0 0 1 0 0 1 1 0 1 0 1 1 1 1 0 1 0 1 0 1 1 0
1 0 0 1 0 1 1 0 0 0 1 0 1 1 1 0 0 1 0 1 1 0 1 0 1 0 1 1 1 1 0 0 0 1 1 0 1 1 0 1 0 1 1 0 1 0 0 0 1 0 1
0 0 0 1 0 0 0 0 0 0 1 1 0 1 1 0 0 0 1 1 0 0 0 1 0 0 1 0 0 1 0 0 1 1 1 1 1 1 0 0 1 1 0 0 1 0 0 1 0 1 1
1 1 0 0 1 0 1 0 0 1 1 0 0 0 1 1 0 0 1 0 1 1 0 1 1 0 1 1 1 1 1 0 0 0 0 1 0 1 1 1 0 0 0 0 1 0 0 0 1 0 1
0 1 1 1 0 0 0 0 1 0 0 1 0 0 0 0 1 1 1 1 1 1 0 1 0 0 1 1 0 1 0 0 0 0 0 1 1 1 1 0 1 1 0 0 1 1 0 0 1 0 1
1 0 0 0 1 0 1 0 0 0 0 1 1 1 0 0 1 0 0 1 1 1 1 1 0 0 0 0 1 0 1 1 0 0 0 0 0 1 1 0 1 1 0 1 0 1 1 0 1 0 1
0 1 1 0 0 1 1 0 0 1 0 0 1 1 0 1 1 1 0 1 0 0 0 1 1 0 1 0 1 0 1 1 0 0 1 0 0 0 1 1 1 0 0 0 1 1 1 1 0 0 0
0 0 0 0 0 1 1 1 1 0 0 0 0 0 1 1 1 1 1 0 0 0 0 1 0 0 1 0 0 0 0 0 0 1 1 0 0 1 1 0 1 1 0 0 0 0 0 0 1 1 0
0 1 1 0 0 0 1 1 1 0 1 0 0 1 1 0 1 0 1 0 1 0 1 1 1 0 0 0 0 0 1 1 1 0 1 0 1 0 0 0 1 1 0 1 1 1 0 0 0 1 0
0 1 1 1 0 0 1 1 1 0 0 0 0 1 0 1 0 0 1 1 0 0 1 0 1 1 0 0 1 0 1 1 1 1 0 1 1 1 0 1 1 0 1 0 1 1 1 1 0 0 0
0 0 1 0 0 0 0 1 0 0 1 1 1 0 0 1 1 0 1 0 0 1 1 1 0 0 1 1 1 1 0 0 0 0 0 0 1 0 1 0 1 1 1 1 0 1 1 0 1 1 0
1 0 0 1 1 1 0 0 1 0 0 1 1 1 0 1 1 0 1 0 0 0 1 0 1 1 0 1 1 0 0 0 1 0 1 0 0 1 1 1 0 0 0 0 0 0 1 1 0 1 1
1 0 0 0 1 1 1 0 0 1 0 0 0 1 0 1 1 1 1 1 1 0 1 0 0 1 0 1 0 1 0 1 1 1 1 0 0 0 1 0 1 1 1 1 1 1 1 0 1 1 1
1 0 1 1 1 0 0 0 0 0 1 1 0 0 1 0 1 1 1 1 1 1 1 1 0 0 0 0 1 1 0 0 1 1 1 0 0 1 1 0 1 0 1 0 1 0 1 0 0 1 0
1 1 1 1 0 1 0 1 0 1 0 1 1 0 1 1 1 0 0 0 0 0 1 1 1 0 1 0 1 1 0 1 0 1 1 0 0 1 0 0 0 1 0 1 1 0 0 0 1 0 1
0 0 1 0 0 1 1 0 1 0 0 1 1 1 1 1 0 1 0 0 0 1 1 1 0 1 1 0 0 1 0 0 1 1 1 1 1 0 1 0 1 1 1 0 1 0 1 1 1 1 0
1 1 0 1 0 1 0 1 0 0 0 0 0 1 1 0 0 0 0 1 0 0 0 1 0 1 1 1 1 1 1 1 0 0 0 0 1 1 1 0 0 0 1 1 1 1 1 1 1 0 0
0 0 1 0 0 1 0 0 0 1 0 1 0 0 1 0 1 0 1 1 0 1 0 0 1 0 0 0 0 0 0 0 1 1 0 1 0 1 1 1 0 0 0 0 0 1 1 1 0 1 1
1 1 0 0 0 0 0 1 0 0 1 0 0 0 1 0 0 1 0 0 0 0 0 1 1 1 1 1 1 1 1 0 0 0 0 1 0 1 0 0 1 0 0 0 0 0 1 1 1 1 1
1 0 1 0 1 1 1 0 1 1 0 1 0 0 0 0 1 1 1 0 1 1 0 0 1 0 0 1 0 0 0 0 1 0 0 1 1 1 0 1 0 1 0 0 1 0 1 0 1 0 0
1 0 1 1 1 0 1 0 0 1 0 1 0 1 1 0 1 0 0 0 0 0 0 0 1 1 1 0 1 0 1 0 0 0 1 1 1 0 1 0 1 0 1 0 1 1 1 1 1 1 1
1 1 0 1 0 0 1 0 1 0 0 1 1 1 0 1 1 0 0 1 1 0 0 0 1 1 1 0 0 0 0 0 1 1 0 0 0 0 0 1 1 1 0 1 0 1 1 0 0 1 1
1 0 1 0 1 1 1 0 0 0 0 1 1 1 0 0 1 1 0 0 0 0 0 0 1 1 1 0 1 1 0 0 1 1 1 1 0 1 0 1 1 1 0 1 0 1 1 1 0 0 0
0 1 1 0 1 1 0 1 1 0 0 0 1 0 0 1 1 0 1 0 1 0 1 0 0 0 1 1 1 1 0 1 0 0 0 1 0 0 1 1 0 1 1 1 0 1 1 0 1 0 1
1 1 0 1 1 0 1 0 0 0 1 1 1 0 0 1 1 1 0 1 1 0 0 1 0 0 0 1 1 0 0 1 1 1 1 1 1 1 0 0 0 1 0 1 1 0 1 1 0 0 0
0 0 0 0 0 1 1 1 0 0 0 1 0 1 1 0 1 1 1 0 0 0 0 1 1 0 1 0 1 1 0 1 1 0 0 1 1 0 0 0 1 0 0 1 1 1 1 1 0 1 0
0 0 1 0 1 1 0 0 1 0 0 1 0 1 0 0 1 0 1 1 1 1 1 1 0 1 1 0 1 0 1 1 0 0 0 0 0 0 0 0 1 0 1 0 0 0 1 1 1 0 0
0 0 1 1 0 0 0 1 0 1 0 1 1 0 1 1 0 0 1 1 1 0 1 0 1 0 1 1 0 0 1 1 0 1 0 1 1 0 0 0 0 0 1 0 1 0 1 0 0 0 1
0 1 1 0 0 0 1 1 0 1 1 0 0 0 0 1 0 0 1 0 1 0 0 1 0 0 1 0 0 0 1 0 0 1 1 0 1 0 0 1 0 1 1 1 1 1 1 0 0 0 0
0 0 0 0 0 1 0 0 0 1 1 0 0 0 1 1 0 0 1 0 1 0 1 0 1 1 0 0 0 0 0 0 0 0 1 0 0 0 1 0 0 0 1 0 1 1 0 1 0 0 0
0 0 0 1 1 1 0 0 0 1 0 1 1 1 0 0 0 0 1 0 1 0 0 0 1 1 1 1 0 1 0 1 1 1 0 0 0 1 0 1 0 1 0 0 1 0 0 0 1 1 0
1 0 1 0 0 1 1 0 0 0 0 1 0 1 0 0 1 1 0 0 0 0 0 0 0 0 0 0 0 0 1 1 0 1 1 0 0 1 0 0 1 1 0 0 0 0 0 1 0 0 0
1 0 1 0 1 0 0 1 1 1 0 0 1 1 0 0 1 1 0 1 1 1 1 1 0 1 0 1 1 1 0 0 0 0 0 1 1 1 1 1 1 0 1 1 1 1 1 1 1 0 0
0 1 1 0 1 1 0 0 1 1 0 0 1 0 0 1 1 0 1 1 1 0 0 1 0 0 0 0 0 0 0 1 1 1 1 0 1 0 0 0 1 0 1 1 1 0 1 1 0 1 0
1 0 0 0 0 0 0 1 0 0 1 1 1 0 0 1 1 0 1 1 0 1 0 0 1 0 0 0 0 0 0 1 0 0 0 0 1 0 1 0 0 1 0 0 1 1 1 1 1 0 0
1 0 1 1 0 1 0 0 1 0 1 0 0 1 0 1 1 1 1 0 0 0 0 0 0 1 0 0 1 1 0 1 0 0 1 0 1 0 0 1 1 1 0 1 0 0 1 0 0 0 0
1 1 1 1 1 1 1 0 0 1 1 0 0 1 0 0 0 0 1 1 1 0 1 1 1 1 1 0 1 0 1 1 1 0 0 0 1 1 0 1 0 1 0 1 0 1 1 0 1 1 1
0 0 0 0 1 1 0 0 1 1 0 1 0 0 1 0 0 0 0 0 1 0 1 1 0 0 1 1 0 1 1 0 1 0 1 1 1 1 1 0 0 0 0 1 0 1 0 1 1 1 0
0 0 0 0 1 1 0 1 1 0 1 0 0 0 0 0 0 1 0 1 1 0 0 1 1 1 0 1 0 1 0 1 0 0 0 0 1 1 0 0 1 1 1 0 1 0 0 1 1 0 0
1 1 0 0 0 0 1 1 0 0 0 0 1 0 1 1 0 1 0 0 0 1 1 1 0 1 0 1 0 1 1 0 0 0 1 1 0 0 0 1 0 1 1 1 1 0 0 0 0 1 1
1 0 0 1 1 0 0 0 0 1 1 1 0 1 1 1 0 0 0 0 1 1 0 1 0 1 1 0 0 0 0 1 0 0 0 1 0 0 1 1 0 1 1 0 1 1 1 0 0 0 0
0 0 0 0 0 1 0 1 1 0 1 1 0 1 0 0 1 1 0 1 0 0 1 0 1 0 1 0 1 0 0 1 0 1 1 1 1 1 0 1 0 1 0 1 0 1 0 0 0 1 1
0 1 1 0 0 1 1 1 1 1 1 0 0 1 1 1 1 0 1 0 1 1 0 0 0 1 1 0 1 1 1 1 1 1 0 1 1 1 0 1 1 0 0 1 0 1 0 0 0 0 0
1 0 1 1 1 0 0 1 1 1 1 1 0 0 1 0 0 1 1 0 0 0 0 1 0 0 1 1 1 1 0 0 0 0 0 1 1 1 1 1 1 1 1 1 0 0 0 1 0 1 0
1 1 0 0 1 1 0 1 0 0 1 1 1 1 1 1 1 0 0 0 1 1 0 1 1 1 1 1 0 0 1 1 0 0 1 1 0 1 0 0 0 1 1 0 0 1 1 1 0 0 0
0 0 1 0 1 0 0 1 1 1 1 1 1 0 1 0 1 1 0 1 0 0 1 0 0 0 0 0 0 1 1 1 1 0 0 1 0 0 0 0 1 1 0 0 1 1 1 0 1 0 0
1 0 0 1 1 0 0 0 1 0 1 1 0 1 0 1 0 0 1 0 0 0 0 0 0 0 1 0 1 0 1 0 0 1 0 0 0 0 1 0 0 1 0 0 0 1 0 0 1 0 0
1 1 1 0 1 0 1 0 1 1 1 1 1 1 1 0 1 1 1 0 1 0 0 1 0 1 1 0 0 1 1 0 1 1 1 1 0 0 0 0 0 0 0 0 0 1 0 1 1 1 0
0 1 0 0 1 1 1 1 0 0 0 1 0 0 0 0 1 1 0 1 1 0 1 1 0 1 1 1 1 1 0 1 0 1 0 1 0 1 0 1 0 0 1 0 1 1 1 0 0 0 0
0 1 1 0 1 0 0 1 0 1 0 0 1 1 0 0 0 1 1 0 0 0 1 0 1 0 1 1 1 1 1 0 0 1 0 1 0 1 0 0 0 1 0 0 1 1 0 0 1 1 0
0 1 0 0 1 1 1 0 1 1 0 0 0 1 1 0 1 1 0 0 1 0 0 0 1 0 1 0 1 1 0 1 0 0 0 0 0 1 0 0 1 0 1 0 1 0 0 1 1 0 1
1 0 0 1 1 1 0 1 1 1 1 0 0 1 0 0 1 0 0 1 1 0 0 0 0 1 1 0 1 0 0 1 1 1 0 0 0 0 0 1 1 0 0 1 0 0 1 1 1 1 1
1 1 0 1 0 1 0 0 1 1 1 1 1 0 0 0 1 0 0 0 0 1 0 0 0 1 0 1 1 0 0 0 1 0 0 1 0 1 1 0 0 1 0 1 1 1 0 0 0 1 0
0 1 1 0 0 1 1 1 0 0 0 0 1 0 0 0 1 1 1 0 0 0 0 1 0 1 0 1 0 1 0 0 0 0 1 1 0 1 0 1 0 1 1 0 0 0 0 1 1 0 0
1 0 1 1 0 0 0 1 1 1 1 1 1 1 1 1 0 0 1 0 1 0 1 1 1 1 0 0 1 0 1 0 1 1 1 0 1 0 0 1 1 1 1 1 0 1 0 1 0 0 0
0 1 0 0 0 1 0 0 1 0 0 0 0 1 1 1 0 1 1 1 0 1 1 0 0 1 1 1 0 1 1 1 0 0 0 1 0 0 1 0 1 0 1 0 0 1 1 0 0 1 0
0 1 1 0 0 0 1 1 1 1 1 1 0 0 1 0 0 0 0 1 0 0 1 1 1 1 0 1 0 1 1 0 1 0 1 0 1 1 1 0 1 1 1 1 1 1 1 1 0 1 1
1 1 0 0 1 0 1 1 0 1 0 0 1 1 1 0 0 0 1 1 1 1 0 1 1 0 0 0 0 1 1 1 1 1 0 1 0 1 0 0 1 1 0 1 1 0 1 1 1 0 1
1 1 0 1 0 1 1 1 1 1 0 0 1 0 1 0 0 0 1 0 0 1 0 0 0 1 1 0 0 0 1 1 0 1 1 1 1 0 1 0 1 1 1 0 1 1 1 1 1 1 0
0 1 0 1 1 1 0 0 1 1 1 1 0 0 1 0 0 0 0 1 1 0 1 1 1 0 0 0 0 0 0 1 0 1 1 1 0 1 1 0 1 1 1 1 1 1 0 1 0 0 1
1 0 1 1 1 1 1 1 1 0 0 0 0 1 0 0 0 1 1 1 0 0 1 0 1 0 0 1 0 0 1 0 1 0 1 1 1 1 0 0 1 1 1 1 1 1 0 1 1 1 0
1 0 1 1 0 0 0 0 1 1 0 1 0 0 0 1 0 0 0 0 0 1 1 0 1 0 0 0 0 1 1 1 1 1 0 0 0 0 1 1 1 1 1 0 1 1 1 1 0 0 0
0 1 1 0 0 0 1 1 0 1 1 1 1 1 0 0 1 0 1 0 1 1 0 1 1 1 1 1 1 1 0 1 0 1 0 1 1 0 0 0 0 0 1 1 1 1 0 1 1 1 1
1 0 1 1 1 0 1 0 0 0 1 0 0 0 0 1 0 1 1 1 1 0 1 0 0 0 0 1 0 0 0 0 0 0 1 1 0 0 0 1 0 0 1 0 1 0 1 0 1 0 0
1 1 0 1 1 1 1 1 0 0 0 0 1 1 1 0 1 1 1 1 1 0 1 0 1 1 1 0 1 0 0 1 1 1 1 1 0 0 1 1 0 0 1 0 0 1 0 1 1 0 0
1 0 0 1 0 0 0 1 1 0 0 1 0 0 0 1 0 1 1 1 0 0 0 1 0 1 1 0 1 1 0 1 0 1 0 1 0 1 1 0 1 0 0 1 1 0 1 0 0 0 1
0 0 0 0 1 1 1 0 1 0 1 0 1 0 1 1 0 0 0 1 1 0 0 0 0 1 0 1 1 1 0 0 1 1 0 1 0 0 1 1 0 0 0 1 1 0 1 0 1 1 1
0 1 1 0 1 1 1 1 0 1 0 1 1 1 0 1 0 1 1 1 0 0 1 0 0 1 1 1 1 0 0 0 1 0 1 1 1 1 1 0 1 0 1 1 0 1 1 1 0 1 1
1 1 0 0 1 0 0 0 0 0 1 0 0 0 1 0 1 1 0 0 1 1 1 1 0 1 1 1 0 1 0 0 0 1 0 0 0 1 0 0 0 0 1 1 0 1 0 0 1 0 0
1 1 1 0 1 1 1 1 1 1 1 1 1 0 0 0 1 0 1 1 1 0 1 1 1 0 0 0 1 1 0 0 0 0 0 0 0 1 0 0 1 1 1 0 0 1 0 0 1 1 0
0 1 0 0 0 0 0 0 1 1 1 1 1 1 1 1 1 0 1 1 0 0 0 0 0 1 1 0 0 1 0 1 1 0 0 0 1 0 0 0 0 1 1 0 1 0 1 1 1 0 1
0 1 0 1 1 0 1 1 1 0 0 0 0 1 0 0 0 1 0 1 0 1 0 0 0 1 0 1 0 0 1 1 0 0 1 1 0 1 1 0 0 0 0 1 1 0 1 1 1 0 0
1 0 0 0 0 1 1 1 1 1 1 0 0 1 1 1 1 1 1 0 1 1 0 1 0 1 0 1 1 1 0 1 0 0 1 1 0 0 0 1 0 0 1 1 1 1 0 0 1 1 0
1 0 1 0 1 1 1 1 0 1 0 1 0 0 1 1 0 1 1 1 0 1 0 0 1 1 0 0 0 1 1 0 0 1 1 1 0 1 1 0 0 0 0 0 0 0 1 1 1 0 0
0 0 0 0 1 0 0 1 0 0 0 0 0 1 0 1 0 0 1 1 1 1 0 0 1 0 0 0 0 0 1 0 1 0 1 0 1 1 0 0 0 0 0 0 0 1 1 1 0 0 1
0 0 1 1 0 1 0 0 1 1 0 0 1 0 0 1 0 1 0 0 1 1 1 0 0 0 1 0 1 0 1 0 1 1 0 1 0 0 1 1 1 0 0 0 0 0 0 1 1 0 0
0 0 1 1 0 1 1 1 0 0 1 0 1 1 0 0 1 1 0 0 0 0 0 1 1 1 1 1 1 0 1 0 1 1 1 0 1 0 1 1 0 1 0 0 1 0 1 1 1 1 0
1 1 0 1 0 0 1 1 0 0 0 0 1 0 1 0 0 0 1 1 0 1 0 0 0 1 0 0 1 1 1 0 1 0 1 1 0 1 0 0 1 0 1 1 0 1 1 0 1 1 0
1 1 1 0 0 0 0 0 0 1 0 0 0 1 0 1 0 1 1 0 1 0 1 1 1 1 1 1 0 0 0 1 1 0 1 1 0 1 1 0 0 1 1 1 1 0 0 1 0 1 0
0 0 0 0 1 1 0 0 0 1 0 0 1 1 1 0 1 1 0 1 0 1 1 0 0 0 0 0 0 0 0 0 0 0 1 1 0 1 1 1 0 0 1 0 1 0 0 0 0 0 1
0 1 1 1 1 1 0 0 1 1 0 0 1 1 1 1 0 0 0 0 1 1 0 0 1 1 1 0 0 1 1 0 0 1 0 0 1 1 1 0 1 0 0 0 0 1 1 0 1 0 0
1 1 1 1 1 0 0 1 1 1 1 0 0 0 0 0 1 1 0 1 1 0 1 0 0 1 0 0 0 0 1 1 1 1 1 1 1 1 0 1 1 1 1 1 0 0 1 0 1 1 0
1 1 0 1 0 1 1 0 0 1 0 1 0 0 1 1 1 1 1 1 0 0 0 1 1 0 0 1 0 0 1 1 0 1 1 0 1 0 1 1 1 1 0 1 0 1 1 0 0 1 1
1 0 0 1 1 1 1 0 1 0 0 0 0 1 0 0 1 0 0 0 0 0 0 0 0 0 0 1 1 1 0 0 0 0 0 0 1 0 1 1 1 0 1 1 1 0 0 1 1 0 0
0 0 1 0 0 1 1 1 0 1 0 0 1 0 1 0 1 0 0 0 1 0 0 0 1 1 0 0 0 0 1 1 1 0 0 1 1 0 0 0 0 1 1 0 0 1 1 1 0 1 0
1 0 1 0 0 1 0 0 1 0 0 0 1 0 0 0 1 0 0 0 0 1 1 0 1 0 1 0 1 1 0 0 0 1 1 1 0 1 0 1 0 0 0 1 0 0 1 0 1 1 0
1 1 1 1 0 0 1 1 1 1 0 1 1 1 1 1 0 1 0 0 0 0 0 0 0 0 1 1 1 1 1 1 0 0 1 0 1 1 0 0 0 1 0 1 1 0 1 1 1 0 0
0 0 1 1 0 1 1 0 1 1 1 0 0 0 1 0 0 1 1 0 0 1 1 1 1 0 1 1 0 1 0 1 0 1 1 1 1 0 1 0 1 0 1 1 1 1 1 1 0 1 0
0 0 1 1 0 0 0 0 0 1 1 1 1 0 0 0 1 1 0 0 1 0 0 1 0 1 1 0 0 0 1 0 0 1 1 0 0 0 0 1 0 0 0 0 0 0 0 1 1 0 1
1 0 0 0 0 0 0 0 1 1 1 0 0 0 1 1 1 0 1 0 0 1 0 0 0 0 0 1 0 0 0 0 1 0 0 1 0 1 1 1 1 0 0 1 0 1 0 1 1 0 1
1 1 0 1 1 1 0 0 0 1 0 0 1 0 0 0 1 1 1 0 0 1 1 1 1 0 0 0 1 1 0 1 1 1 1 1 1 0 0 1 1 1 1 0 0 0 0 0 0 0 1
1 1 0 0 0 0 1 1 0 0 1 1 1 1 1 1 0 1 0 0 1 0 1 0 1 1 1 1 0 0 0 1 0 0 1 1 1 1 1 1 0 0 1 0 1 1 0 1 0 1 1
0 0 0 0 1 1 1 1 1 1 1 0 1 1 1 1 1 0 0 1 0 0 0 1 1 1 0 0 0 1 0 0 0 1 0 1 1 1 0 1 0 0 1 1 0 0 1 1 0 1 0
1 0 0 1 0 0 0 1 1 0 0 0 1 0 1 1 1 0 1 1 0 0 1 0 0 0 0 0 0 1 0 0 1 0 1 0 1 1 1 1 0 1 1 1 1 1 0 0 0 1 0
0 0 0 0 1 0 0 1 1 0 1 1 0 0 1 1 0 1 1 1 1 0 1 0 1 1 1 0 1 0 0 0 1 1 0 1 0 1 1 0 1 0 1 1 0 0 0 0 0 1 0
1 1 0 1 0 1 1 0 1 0 0 0 0 0 0 1 0 1 0 1 1 1 0 1 0 1 0 1 1 0 1 1 0 1 1 1 0 1 0 0 0 0 0 1 0 0 0 1 0 0 0
1 1 1 0 0 0 1 0 0 1 0 1 1 0 0 1 1 0 0 1 1 0 1 0 0 1 1 1 1 1 1 0 1 1 0 0 0 1 1 1 0 0 1 1 0 0 0 0 1 0 1
0 0 0 1 0 1 1 1 1 0 0 0 0 1 0 1 0 0 0 0 1 1 1 0 0 0 0 1 1 0 0 0 1 1 1 0 1 0 1 1 1 1 1 0 1 1 1 1 0 0 0
0 0 1 1 1 1 1 0 0 1 1 1 0 0 1 0 1 1 0 0 1 1 0 0 1 1 1 0 0 1 1 0 0 0 1 0 1 1 0 0 0 0 1 1 1 0 1 1 1 1 0
0 0 0 1 1 1 0 0 1 1 0 1 1 0 1 0 1 1 0 0 1 1 0 0 1 1 0 0 0 0 1 0 1 1 0 0 0 1 1 1 1 1 1 0 1 0 0 1 0 0 1
0 1 1 0 1 1 1 0 0 0 1 0 0 0 1 0 0 1 0 1 0 1 1 0 0 1 0 1 0 0 0 0 1 0 0 1 1 1 1 0 1 1 1 1 1 0 1 0 0 0 0
1 1 1 1 0 0 1 1 1 0 1 1 0 0 1 1 0 0 0 0 0 1 0 1 1 0 1 0 1 0 0 0 0 0 1 0 1 1 1 1 0 0 0 1 0 0 0 1 0 0 1
0 1 0 0 0 0 1 0 0 0 0 0 0 1 0 0 1 0 1 1 0 1 0 1 1 1 0 0 1 1 0 1 0 0 1 1 1 1 1 1 0 0 1 0 1 0 1 0 1 1 0
0 0 1 1 1 0 0 0 1 1 1 0 1 0 1 0 1 0 1 1 1 1 0 1 1 1 0 1 1 0 1 1 1 0 1 0 1 0 0 1 0 0 1 1 0 0 1 0 1 0 1
0 1 0 0 1 0 1 0 1 0 0 1 0 0 0 1 0 1 0 0 1 1 1 1 1 0 1 1 0 1 0 0 1 0 1 1 0 0 1 0 0 1 1 1 1 1 1 0 1 1 0
1 0 1 0 0 0 1 1 0 1 1 0 1 1 0 1 1 1 0 1 1 1 0 0 0 1 1 0 1 0 0 0 0 0 0 1 0 1 1 1 0 1 1 1 1 0 0 1 1 1 0
0 0 0 1 1 1 1 1 1 1 0 0 0 1 0 1 1 1 1 1 0 0 0 1 1 0 1 1 0 1 1 0 0 1 1 0 0 1 0 1 1 0 1 1 1 0 1 0 0 0 1
0 1 1 1 0 1 1 1 0 0 1 1 1 0 1 0 1 1 0 0 0 1 0 0 1 1 1 1 0 0 0 0 0 0 0 0 0 0 0 0 0 0 0 0 1 1 0 1 0 0 1
0 1 0 0 1 1 1 0 1 1 1 1 0 1 0 1 0 1 0 0 0 1 0 0 0 1 0 1 0 1 1 0 1 0 1 0 1 1 0 1 0 1 0 0 0 1 0 1 1 1 0
1 1 0 0 1 1 0 1 0 0 1 0 1 1 0 1 0 1 1 1 0 0 0 0 0 1 1 0 0 1 0 0 1 1 0 0 1 1 0 0 1 0 1 0 0 0 1 1 1 0 0
0 1 0 1 0 1 0 1 1 0 1 1 1 0 0 1 1 1 1 1 0 0 0 1 0 1 1 1 1 0 0 0 1 1 1 1 1 0 1 1 0 1 0 0 0 0 0 1 0 0 0
0 1 1 0 0 1 1 0 1 1 1 0 1 1 1 0 1 1 1 1 1 0 0 1 1 1 1 0 0 1 0 0 0 0 0 1 0 0 1 0 1 1 0 1 1 0 0 1 0 0 1
0 0 0 1 0 0 0 0 0 1 1 1 1 0 0 1 1 1 0 0 1 0 0 1 0 1 1 1 1 1 0 0 0 1 1 1 0 0 0 0 1 1 1 1 1 1 0 0 0 0 0
0 0 0 0 0 1 0 0 1 1 1 0 1 1 1 1 0 0 0 0 1 1 0 0 1 0 1 0 1 1 1 1 0 0 1 0 0 1 0 0 1 1 1 1 1 1 1 0 0 1 1
0 0 1 1 1 1 0 0 0 1 1 0 0 0 0 1 0 1 1 1 1 0 0 1 0 0 0 0 0 1 1 1 1 1 0 1 1 0 1 0 0 1 1 0 0 1 1 0 0 0 0
0 0 1 0 0 1 0 1 0 0 1 1 0 1 0 1 1 0 0 1 0 0 1 0 0 0 1 1 0 0 1 1 1 0 1 1 1 0 1 0 0 1 0 1 0 0 0 0 1 0 0
1 1 1 0 0 0 1 0 0 0 1 0 1 0 1 0 1 1 1 1 0 1 1 1 1 0 0 0 0 0 1 1 1 1 1 1 1 0 0 1 1 0 0 0 1 0 0 0 0 1 0
1 0 0 0 1 0 1 0 1 0 1 0 0 0 1 1 1 0 1 0 0 1 1 1 0 1 1 1 0 1 0 0 0 1 1 0 0 1 1 1 1 1 0 1 1 0 1 0 1 1 0
1 1 0 0 0 0 1 0 1 0 0 1 0 1 0 0 0 1 0 1 0 1 1 1 0 1 1 1 1 0 1 0 1 1 0 0 1 1 0 1 1 1 0 1 1 1 0 1 1 0 1
1 0 0 0 1 0 0 1 0 1 1 1 1 1 1 0 1 0 0 1 0 0 0 1 1 0 1 1 1 0 0 1 1 1 0 1 1 1 0 0 1 0 1 1 0 1 0 0 1 0 1
1 1 1 1 1 1 0 1 1 0 0 0 1 0 1 0 1 1 0 1 0 0 0 1 1 1 1 0 0 1 1 1 1 0 0 1 1 1 1 0 0 0 0 0 0 0 1 1 0 1 0
0 1 0 0 1 0 0 0 0 0 0 0 0 1 0 0 1 1 0 1 1 1 1 0 1 1 1 0 1 0 0 0 0 0 0 0 1 1 1 0 1 0 1 0 1 1 0 0 0 1 0
1 1 0 0 1 1 0 1 0 1 0 1 0 0 1 1 1 0 0 0 0 0 1 1 0 1 0 1 1 0 1 0 0 1 1 0 1 1 0 1 1 1 0 0 0 1 1 0 0 1 1
0 0 0 1 1 1 1 0 1 1 1 0 0 1 0 1 1 0 0 0 1 0 0 1 0 1 1 0 0 0 0 1 0 0 1 1 1 1 1 0 0 0 0 1 1 1 1 0 1 0 1
0 1 0 0 1 0 1 1 1 1 0 1 1 0 0 1 1 0 0 1 0 1 1 1 1 1 1 0 1 1 0 0 1 0 1 0 0 0 0 1 0 0 0 0 1 1 0 1 0 0 1
1 1 1 1 0 0 0 0 1 1 1 0 0 0 0 0 0 0 1 0 1 1 0 1 0 1 1 1 0 0 0 1 1 0 0 1 1 0 0 0 1 0 0 0 0 1 1 0 0 0 0
1 0 1 0 1 1 1 0 0 1 1 1 1 0 0 0 1 1 0 1 1 1 0 0 0 0 1 1 0 1 1 0 0 1 1 0 0 1 1 1 0 1 0 0 0 1 0 0 1 1 1
1 1 1 1 0 0 1 1 0 0 0 1 1 0 0 1 0 0 1 0 0 0 1 0 0 0 0 1 1 1 0 0 0 1 0 1 1 0 1 0 1 0 1 0 0 0 1 1 0 0 1
0 1 0 1 0 0 0 1 1 1 1 0 0 0 1 1 1 0 0 1 1 0 0 1 0 1 0 0 0 0 1 1 1 0 1 1 0 0 0 0 1 0 0 0 0 0 0 0 0 1 1
0 1 1 1 0 1 0 0 1 0 1 1 0 0 0 1 0 0 0 1 0 1 0 0 0 0 1 0 1 1 0 1 1 1 0 0 0 0 0 0 1 1 1 0 1 1 0 1 1 1 0
1 0 1 1 0 1 0 1 0 1 0 1 1 1 0 0 0 0 1 0 1 1 0 1 1 1 0 0 0 0 1 0 0 1 1 0 0 1 0 1 1 1 0 0 0 0 1 0 0 1 0
0 1 0 1 0 0 0 0 0 1 1 0 0 1 0 1 0 1 1 1 0 0 0 0 0 0 0 0 1 0 1 0 0 1 1 0 0 1 1 1 1 0 0 1 0 1 1 0 0 1 0
0 1 0 1 1 0 0 0 1 1 0 1 1 1 0 1 1 1 0 1 1 1 1 1 1 0 0 1 0 1 0 1 0 0 1 1 0 0 1 1 0 0 0 0 0 1 0 0 0 1 1
0 1 1 1 0 1 1 0 1 1 0 1 1 1 1 0 1 0 0 1 0 0 1 0 1 0 1 0 0 0 1 1 0 0 0 1 0 0 0 0 1 0 1 1 0 0 0 1 0 1 1
1 1 1 0 1 1 1 1 1 0 1 0 1 1 1 0 0 1 1 1 1 0 1 1 1 1 1 1 1 1 1 0 1 0 0 1 1 0 0 1 0 0 0 0 0 0 0 1 0 1 0
0 1 1 1 1 0 0 0 0 0 1 0 1 0 1 0 1 1 0 0 1 0 0 1 1 0 0 0 0 0 1 1 1 0 0 0 1 1 0 1 0 0 1 0 1 0 0 1 0 0 1
1 1 0 0 1 1 1 0 0 0 1 0 0 0 1 0 0 0 0 0 0 0 1 0 0 0 0 0 0 1 1 1 1 1 1 0 0 1 1 0 1 0 0 0 0 1 1 1 0 0 0
0 0 1 1 1 0 0 1 0 0 1 0 0 0 1 1 0 1 0 0 1 0 1 1 0 0 1 0 0 0 0 0 0 1 1 0 0 0 0 1 0 0 1 1 1 0 1 0 0 0 1
1 1 1 0 0 0 1 1 1 0 1 1 0 0 0 1 0 0 1 0 1 0 0 0 1 0 1 1 1 1 1 1 1 1 1 1 1 1 1 0 0 1 0 1 0 1 0 0 0 0 0
0 1 0 1 0 0 1 1 0 0 0 0 1 0 1 1 0 1 1 0 1 0 1 1 0 0 0 0 1 1 0 0 1 0 0 0 0 0 1 1 1 1 0 0 1 1 0 0 0 1 1
1 0 0 1 0 0 1 0 0 1 1 0 0 0 1 0 0 0 0 1 0 0 1 0 0 1 1 1 1 0 0 0 1 0 0 0 1 1 1 1 1 0 1 0 0 1 0 0 0 1 1
1 1 1 0 1 1 0 1 0 0 1 0 1 1 1 1 0 0 0 1 0 0 0 0 1 0 0 0 0 1 1 0 0 0 0 1 0 0 0 1 1 0 0 0 1 1 0 0 0 0 0
1 1 0 1 0 1 0 1 0 1 0 0 0 0 0 0 0 0 0 1 0 1 0 0 1 0 0 1 0 0 0 0 1 1 0 1 1 0 0 1 0 0 1 0 0 1 0 1 0 0 0
0 1 1 0 1 1 0 0 0 0 0 0 1 0 1 1 0 0 1 1 1 0 1 1 0 1 0 0 0 1 0 1 1 1 0 0 1 1 1 1 0 1 1 0 1 0 1 0 0 0 0
0 0 0 1 0 1 0 0 1 0 0 1 0 1 1 1 1 1 1 1 1 1 1 1 1 0 1 1 1 1 1 0 0 1 0 0 0 1 0 0 0 0 0 1 1 0 0 1 1 1 0
1 0 1 1 1 1 1 1 0 1 1 0 0 1 0 1 1 0 0 0 1 1 1 0 0 1 0 0 0 0 1 1 0 0 0 0 0 0 1 1 1 1 1 0 1 0 0 1 1 1 0
1 1 1 1 0 0 0 1 0 0 1 1 0 0 0 0 0 0 1 1 0 0 1 0 0 1 1 1 0 0 0 1 1 1 1 0 0 1 1 0 1 0 1 0 0 1 1 1 0 0 0
1 1 1 0 0 1 0 0 1 0 0 0 0 0 0 0 1 1 0 0 0 0 1 1 1 0 1 0 1 1 1 1 1 0 0 0 0 0 1 0 0 0 0 0 0 0 0 1 1 1 1
0 1 1 1 0 0 1 0 0 0 0 0 0 0 0 0 1 1 1 0 0 0 0 0 1 0 1 0 0 0 0 0 1 1 1 0 0 0 1 0 0 0 1 1 0 1 0 0 0 0 0
1 0 1 0 0 0 1 1 0 0 1 0 1 0 1 0 0 1 1 0 0 1 0 0 0 1 0 1 1 1 1 1 0 0 0 0 0 0 1 0 0 0 1 0 0 0 0 0 0 0 1
0 1 0 0 0 0 1 1 1 1 0 1 0 1 0 1 0 1 1 0 1 0 0 0 0 0 0 0 0 0 1 0 1 0 0 0 0 1 0 1 0 0 0 0 0 0 1 0 1 1 1
0 1 1 0 0 1 0 0 0 0 1 0 1 1 1 0 0 1 1 1 0 1 0 1 1 0 1 0 0 0 1 1 1 1 0 0 0 0 1 0 0 1 0 1 1 0 0 0 1 0 0
1 0 0 0 1 0 0 1 1 0 0 1 1 1 0 1 1 0 0 0 1 0 1 1 0 0 1 1 0 1 1 1 0 1 1 0 0 1 1 0 0 0 1 0 1 0 0 0 0 1 0
1 1 0 1 1 1 1 1 0 0 0 0 0 1 0 1 0 0 1 0 0 0 1 0 0 0 0 1 0 1 0 0 1 1 0 1 1 0 0 0 0 0 0 1 0 0 1 1 1 1 0
0 1 0 0 0 0 0 0 1 0 0 1 1 1 1 0 0 0 1 1 0 1 1 1 1 1 1 0 1 1 1 0 0 1 1 0 0 0 0 0 1 0 1 0 0 1 0 0 0 0 0
0 1 1 1 1 0 1 0 1 0 0 0 0 1 0 0 0 0 0 0 1 0 0 1 0 1 0 0 1 1 0 0 1 0 0 1 0 1 1 1 0 1 0 0 0 0 1 0 0 0 0
C Elapsed Time 57956.640000 
