665 59 2^59 6
0 0 0 0 0 0 0 0 1 1 1 1 1 1 1 1 1 1 1 0 0 1 0 0 0 0 1 1 0 0 1 1 0 1 1 1 0 1 0 1 1 1 0 0 1 1 1 1 0 0 1 1 1 0 0 1 0 0 0
1 0 1 1 1 1 0 0 0 1 0 0 1 1 1 1 0 0 0 1 0 0 0 0 0 1 1 1 1 1 0 0 1 1 0 1 0 1 1 0 1 0 1 0 1 1 1 0 0 0 0 0 1 0 1 0 0 1 1
1 0 1 0 0 0 1 0 0 1 1 0 1 0 1 0 1 1 1 1 1 0 0 0 0 0 1 1 0 0 0 0 1 1 0 1 1 0 1 0 1 1 0 0 0 1 0 1 0 0 0 0 1 0 0 1 1 1 1
1 0 0 1 0 1 1 1 1 1 0 1 0 1 0 1 0 0 1 0 1 1 1 0 0 0 0 0 1 1 1 1 0 1 0 0 1 0 0 1 0 0 0 0 1 0 1 1 0 0 1 1 0 1 1 1 1 0 1
0 1 1 0 0 1 0 1 1 0 1 1 1 0 0 0 0 0 0 0 0 1 0 0 1 0 1 0 1 0 0 0 1 0 1 0 0 0 0 1 1 1 0 0 1 0 0 1 0 1 1 0 0 0 0 1 0 0 0
0 0 0 1 1 1 1 1 1 1 0 0 0 0 0 0 1 0 1 0 1 1 1 0 1 1 0 1 0 1 1 1 1 0 1 0 0 1 1 1 0 1 1 0 1 1 1 1 0 0 0 0 1 0 1 0 1 1 0
0 1 1 0 1 1 1 0 0 1 0 1 1 1 1 1 1 1 1 1 1 0 1 0 1 0 1 1 0 0 1 1 0 0 1 1 1 1 0 1 0 0 0 0 0 0 0 0 0 0 0 0 0 1 1 0 0 1 1
0 0 0 1 1 1 1 1 0 0 1 0 0 1 1 1 0 0 1 1 0 1 1 0 1 0 1 0 1 1 1 1 1 0 0 1 1 0 1 0 0 0 0 0 0 1 1 1 0 1 1 0 1 1 0 1 0 0 0
1 0 1 0 0 1 1 0 0 0 0 1 0 0 1 0 0 1 0 0 1 0 0 1 0 0 1 0 0 1 1 0 0 0 0 0 0 0 0 0 1 0 0 0 1 0 0 0 0 1 0 1 1 1 0 0 1 0 0
1 1 1 0 0 1 1 1 1 0 1 0 1 1 0 1 0 1 1 1 1 0 0 1 0 1 1 0 0 0 1 0 0 1 1 0 1 1 0 0 0 1 1 0 1 0 1 1 0 1 0 0 1 1 1 0 1 1 1
1 1 1 1 1 1 1 0 0 0 1 0 0 0 0 0 1 0 0 1 1 1 0 1 0 0 0 1 1 1 1 0 1 1 0 0 1 1 0 0 0 1 1 0 0 1 1 1 0 1 0 1 0 1 1 1 1 0 0
1 0 0 0 0 1 0 0 1 0 0 0 0 0 0 1 0 0 0 1 1 0 0 1 1 0 0 1 0 1 1 1 1 0 0 1 0 1 0 0 0 0 1 0 0 1 0 0 0 1 0 1 0 1 0 1 1 1 1
1 0 0 1 1 0 0 1 0 1 1 0 1 1 0 1 1 0 1 0 1 0 1 1 1 0 1 1 1 0 1 1 1 1 1 0 0 0 1 0 0 1 1 0 1 0 0 1 0 1 0 1 0 1 0 1 0 1 1
1 1 1 0 1 0 1 1 0 1 0 0 0 0 1 1 0 0 0 1 0 0 0 1 1 0 0 1 1 0 0 1 0 0 0 0 1 0 0 1 0 0 0 0 1 0 0 0 0 1 1 0 1 0 1 1 1 0 1
0 0 1 1 1 1 1 1 1 1 1 1 0 0 0 0 0 1 1 1 0 1 1 1 1 0 0 1 0 1 1 0 0 0 0 1 1 1 0 0 1 1 1 0 1 0 0 1 0 1 1 1 1 0 1 1 0 0 1
1 1 1 0 1 0 0 1 1 0 0 0 1 1 1 1 0 0 1 0 0 1 0 0 0 1 1 1 0 1 0 1 0 1 1 0 0 0 0 1 0 1 1 0 0 0 0 0 1 0 0 1 1 1 1 0 1 0 0
0 0 0 1 1 1 0 0 1 1 1 1 0 1 1 0 0 1 1 0 1 0 0 0 0 0 1 0 1 0 1 0 0 0 1 1 0 1 1 0 1 1 0 0 1 1 0 1 1 1 0 0 0 1 1 1 0 1 1
0 0 0 0 1 1 0 1 1 0 0 0 1 0 0 0 1 0 0 1 1 1 1 0 0 0 0 1 1 1 0 0 1 1 1 0 1 1 0 1 0 1 0 0 1 0 1 0 1 1 0 1 1 0 0 1 1 0 1
1 1 0 1 0 1 1 1 1 0 0 0 1 0 0 1 1 0 0 1 1 0 0 0 0 0 1 0 0 1 1 1 1 1 0 0 1 1 1 1 1 1 0 0 0 0 1 0 1 1 1 0 0 0 1 1 0 0 0
1 0 1 0 1 0 0 1 0 0 1 0 0 1 0 0 1 1 0 0 1 0 1 0 1 1 1 0 0 1 1 0 1 0 0 0 0 1 1 1 1 1 0 0 0 1 1 1 1 0 0 0 1 1 0 1 0 1 0
0 0 1 1 1 1 1 0 1 1 0 0 1 0 0 0 1 1 0 1 1 0 1 0 1 1 1 0 0 1 0 0 0 0 0 0 0 0 1 0 1 0 0 0 0 1 1 0 1 0 1 1 0 0 0 1 1 0 1
1 0 1 0 1 0 0 1 1 1 1 1 0 0 0 1 1 1 1 1 0 0 0 0 1 0 1 1 0 0 1 0 1 0 0 0 1 0 0 0 0 0 1 0 1 1 1 0 1 0 1 0 1 1 1 0 1 0 1
0 1 1 1 0 0 0 1 1 0 1 0 0 0 1 1 1 1 1 0 1 0 1 0 1 0 0 0 0 0 1 0 1 0 1 0 1 0 0 0 1 1 0 0 1 1 1 1 1 1 1 0 0 1 0 1 1 0 0
0 1 0 0 0 0 0 0 0 1 1 0 1 1 0 1 1 1 1 1 1 1 1 1 0 0 1 0 0 1 1 0 0 1 0 1 0 1 1 1 1 1 0 0 1 1 1 0 1 0 0 1 0 0 1 0 1 0 1
1 1 1 1 1 1 1 1 1 1 1 0 1 0 0 1 1 1 0 0 0 1 0 1 0 0 0 0 0 1 1 0 0 0 1 1 0 0 0 1 0 0 0 0 1 1 0 1 1 1 1 0 1 0 1 1 1 0 0
1 0 1 0 0 1 1 1 0 1 0 1 0 0 1 0 0 0 0 0 1 1 1 1 0 1 0 1 1 1 1 0 1 0 1 1 1 0 1 0 0 1 1 0 1 0 1 1 1 0 1 1 1 1 0 0 1 1 1
1 0 0 1 1 0 1 1 0 1 1 1 0 0 0 1 0 1 1 0 1 1 0 1 0 0 0 1 1 1 1 1 1 0 0 1 1 0 0 1 0 1 1 0 0 0 0 0 1 0 0 0 1 0 1 1 0 1 1
0 1 0 0 0 1 0 1 0 1 1 1 1 1 1 1 1 1 1 0 0 1 0 1 1 0 1 0 1 1 1 1 0 0 0 1 0 0 1 1 1 1 0 0 0 0 0 1 1 0 1 1 0 1 0 1 0 1 0
0 0 0 1 1 0 0 1 0 1 1 1 1 0 1 0 0 1 0 1 0 0 0 1 1 1 1 1 0 0 1 0 1 0 0 1 0 0 1 0 0 0 1 0 1 0 0 1 1 1 0 0 1 1 1 1 0 1 0
1 1 1 0 0 1 0 1 0 0 1 0 1 1 0 1 0 0 1 0 1 0 1 1 1 0 1 1 0 1 1 0 1 0 1 1 1 0 1 0 0 1 0 0 0 0 1 0 1 1 1 1 0 0 1 1 1 0 0
1 0 0 1 1 0 0 0 1 0 1 0 1 1 0 0 1 0 1 1 0 0 0 1 1 0 1 1 1 1 0 0 0 0 1 0 1 1 1 0 0 0 0 0 1 0 0 1 1 0 0 0 1 0 0 0 0 1 0
0 0 0 1 1 1 1 0 1 0 1 1 1 1 0 0 0 0 0 1 0 0 0 0 0 0 0 1 1 1 1 1 0 1 1 0 0 1 1 1 1 0 0 1 0 0 0 0 0 0 0 1 0 1 0 0 0 0 0
1 0 0 0 1 0 1 0 1 0 0 1 0 0 0 0 1 0 1 1 1 0 1 0 0 0 1 0 0 1 0 1 0 0 1 0 1 1 0 1 0 0 1 1 1 1 1 1 0 1 1 0 1 0 1 1 0 1 1
0 1 0 1 0 0 0 1 0 1 0 0 0 1 0 1 0 1 1 1 1 1 0 0 0 0 0 1 1 0 1 1 0 0 1 1 1 0 0 0 0 0 1 1 1 1 1 0 0 1 0 1 1 1 1 0 0 1 0
1 1 1 0 0 0 0 1 1 0 1 1 1 0 0 1 1 0 1 0 0 0 0 0 1 1 0 1 0 1 0 0 0 0 0 0 0 1 1 0 1 0 0 1 0 0 0 0 0 1 0 0 0 0 1 1 0 1 1
0 0 0 0 1 1 1 0 0 0 0 0 0 1 0 1 1 1 1 1 0 0 1 0 1 0 1 1 0 0 0 0 0 1 1 0 1 0 0 1 1 1 1 1 0 0 0 0 0 1 0 0 1 0 0 0 0 0 0
0 1 0 1 1 1 1 0 1 1 0 0 1 1 1 1 1 1 1 1 0 0 0 0 1 0 0 1 1 1 0 1 1 0 0 0 1 1 0 0 0 1 1 1 0 1 1 1 0 1 1 1 0 0 1 0 1 0 1
0 1 0 0 1 0 1 1 0 1 1 0 1 0 1 0 0 0 0 0 0 1 1 1 0 0 0 1 1 1 1 0 0 1 1 1 0 1 1 0 1 1 1 1 0 0 0 1 0 1 0 0 1 1 0 1 0 1 1
0 0 0 0 0 0 1 1 1 0 0 1 1 1 0 0 1 0 0 0 1 1 0 1 0 0 1 0 1 1 0 0 0 1 0 0 1 0 1 1 0 0 1 1 1 1 1 1 0 1 0 1 1 0 0 0 0 0 0
1 0 0 1 0 1 1 1 0 0 0 1 1 1 0 1 1 0 1 0 1 0 0 1 0 0 0 1 0 1 0 1 1 0 1 1 1 0 1 1 1 1 0 1 0 1 0 1 0 0 0 0 1 1 1 0 0 1 0
0 1 0 0 1 1 0 1 1 0 0 0 0 1 1 1 1 1 0 1 0 0 0 1 1 0 1 1 0 0 1 1 0 1 0 1 0 0 1 0 1 0 0 1 0 0 1 1 0 1 0 0 0 0 0 0 0 1 1
1 1 1 1 1 1 0 0 1 1 0 1 0 0 0 1 1 1 1 0 1 0 1 1 1 1 0 0 0 0 0 1 1 0 1 1 0 1 0 1 1 0 1 1 1 1 0 1 0 1 1 1 0 0 0 1 0 0 1
0 1 1 0 1 0 0 1 0 0 1 0 0 1 1 0 1 1 0 0 0 0 0 1 1 0 0 0 0 0 0 0 1 0 1 1 1 1 0 0 0 1 1 1 1 0 0 1 0 1 0 1 1 1 0 0 1 0 0
0 0 0 1 0 1 0 1 1 0 0 1 0 1 1 1 0 1 0 0 0 1 0 1 1 1 0 1 0 0 0 0 1 0 1 0 1 0 1 0 0 1 1 1 0 0 0 1 0 1 0 0 1 0 0 1 1 1 1
0 0 1 0 0 0 1 1 1 0 1 1 0 0 0 1 0 1 0 0 1 0 0 0 0 0 0 1 0 0 0 1 0 0 0 0 0 1 1 1 0 1 1 1 1 0 0 1 1 1 0 1 0 0 0 1 0 1 0
1 1 0 1 1 1 1 0 1 1 0 1 1 1 1 0 0 0 1 1 0 1 0 0 0 1 1 0 0 0 0 0 1 1 0 0 0 0 0 1 0 0 0 1 1 0 1 1 1 0 0 0 0 1 0 1 0 1 0
1 1 0 0 1 0 0 1 1 1 1 1 1 1 0 0 0 1 1 0 1 1 0 0 0 1 1 1 0 1 0 0 0 0 1 1 1 0 1 0 1 1 1 1 1 0 1 0 1 1 1 0 1 0 0 1 0 0 1
0 1 1 1 1 0 1 1 1 1 1 0 1 0 0 1 0 0 1 0 0 0 0 0 0 0 1 0 0 0 1 0 0 0 0 1 1 0 1 1 1 0 0 1 0 0 1 1 1 0 0 1 1 1 1 0 0 0 1
1 1 1 0 1 0 1 1 0 1 1 0 1 0 0 1 0 1 1 0 1 1 1 0 1 1 0 1 0 0 0 0 1 1 1 1 0 0 1 1 1 1 1 1 1 0 1 1 1 0 0 0 0 0 1 0 1 1 1
0 1 0 1 0 0 0 0 1 1 0 1 1 1 0 1 1 1 0 1 1 0 0 0 1 1 0 0 0 0 1 1 0 0 1 0 0 1 0 0 0 0 0 1 1 0 1 0 1 1 0 0 1 0 1 0 0 0 0
1 0 0 1 1 1 0 1 1 0 0 0 1 0 1 1 1 1 1 1 0 1 0 0 1 1 0 0 1 1 0 1 0 1 1 0 1 1 1 1 0 1 1 1 1 0 1 0 1 1 1 0 0 1 1 1 0 1 1
1 0 0 0 1 0 0 0 1 0 0 1 0 1 1 0 1 1 0 1 0 0 0 1 0 1 0 1 1 1 1 0 0 1 1 1 0 0 0 0 0 1 1 1 0 1 1 0 1 1 0 1 1 0 0 0 1 1 0
0 0 0 1 0 1 0 1 0 0 1 1 1 1 1 0 0 1 0 0 1 1 1 1 0 0 0 1 1 0 1 1 1 1 0 0 0 1 1 1 0 0 0 1 0 1 1 0 1 0 0 0 0 0 1 1 0 1 1
0 1 1 0 1 0 0 1 1 1 0 0 0 0 1 0 1 1 1 0 0 0 1 1 0 1 1 1 0 0 0 0 1 0 0 0 1 1 1 0 0 1 0 1 1 1 1 0 1 1 0 1 1 0 1 1 0 1 1
1 1 1 1 1 1 0 1 0 0 1 1 0 0 1 1 0 0 1 1 0 0 1 1 0 1 1 0 1 1 0 1 0 0 1 1 1 1 1 1 0 1 1 1 0 0 0 1 1 1 0 1 0 0 1 1 1 0 0
0 0 1 0 1 1 0 0 1 0 0 1 0 1 1 0 0 0 1 1 0 0 0 1 1 1 1 1 0 1 1 1 0 0 0 1 0 1 0 1 1 0 1 1 1 1 1 1 1 0 1 1 1 1 0 0 0 0 1
0 0 1 1 0 0 0 0 1 1 1 0 0 1 1 0 1 1 1 0 0 1 1 1 1 0 1 1 1 1 0 0 1 0 1 0 0 0 1 1 1 0 0 1 0 1 0 1 1 0 0 1 1 1 1 0 0 0 0
1 1 1 1 1 1 1 0 1 1 0 1 0 0 1 0 0 0 1 1 0 0 1 0 0 0 1 1 0 1 0 0 1 1 1 1 0 0 1 1 0 0 0 0 0 0 0 1 0 1 1 0 1 1 0 0 1 0 1
0 0 0 1 0 1 0 1 1 1 0 1 0 0 0 0 0 0 1 1 0 1 0 0 1 1 1 1 0 1 0 1 1 0 0 1 1 0 1 1 1 0 0 1 1 1 1 0 1 0 1 1 0 0 1 0 1 1 0
0 1 1 1 0 1 1 0 1 1 1 0 0 0 1 1 1 1 0 1 0 1 0 1 0 0 0 0 0 1 1 1 0 0 1 0 1 0 0 1 1 0 1 0 1 0 1 0 0 0 0 0 0 0 0 0 0 1 1
1 1 1 1 1 1 0 1 0 0 0 0 0 0 0 0 1 0 1 0 1 0 1 1 0 0 0 0 1 1 0 0 1 1 1 0 1 0 1 1 1 0 1 1 0 0 1 0 1 0 1 0 0 1 0 0 1 1 1
0 0 1 1 1 1 1 1 1 0 0 1 1 0 0 0 1 1 0 0 0 1 1 0 0 1 0 1 1 0 1 1 0 0 1 1 1 0 1 0 0 1 0 0 1 0 0 1 1 1 1 1 0 0 0 0 0 1 0
0 0 1 1 0 1 0 1 1 1 1 0 1 0 0 0 0 1 1 0 0 0 1 0 0 1 0 1 1 0 0 1 1 0 1 1 1 1 0 1 1 1 0 0 0 1 1 0 0 0 0 1 0 1 1 1 1 1 1
0 0 1 1 1 0 0 0 1 1 0 1 0 1 0 1 1 0 0 1 1 1 1 0 0 0 0 0 1 0 1 1 1 0 0 1 1 1 0 1 1 1 0 1 1 0 0 1 1 1 0 0 1 1 0 0 1 0 1
0 1 0 1 1 0 1 1 1 0 1 1 0 1 0 1 1 0 0 0 0 1 1 1 0 1 0 1 1 0 0 1 0 1 1 0 1 1 0 1 1 0 0 0 0 0 1 1 1 0 1 0 1 1 1 0 0 1 0
1 0 0 1 0 1 0 1 0 0 1 0 0 1 0 0 1 1 1 1 1 0 1 1 0 0 0 0 0 1 1 1 0 0 0 1 1 1 1 0 0 0 1 1 1 0 1 1 0 0 0 0 0 0 0 0 1 1 1
0 1 0 1 1 1 0 0 1 1 1 1 0 0 0 1 1 0 1 1 1 0 1 1 1 0 0 1 1 0 0 0 1 0 0 1 1 1 1 0 0 1 1 1 0 1 1 1 1 1 0 0 0 1 0 0 0 1 0
1 1 0 1 0 0 1 0 1 1 0 1 0 0 0 0 0 0 0 1 0 1 0 0 1 1 0 0 1 1 0 0 0 0 0 0 1 1 1 0 1 1 1 0 0 0 1 0 1 1 0 0 0 0 0 0 1 1 1
0 0 1 0 1 1 1 0 1 1 1 1 0 0 0 1 1 1 0 1 1 1 0 1 1 0 0 0 0 0 0 1 1 1 1 1 0 1 0 0 1 1 1 0 0 0 1 0 1 0 0 1 0 0 1 1 1 1 0
0 1 0 1 0 0 1 1 1 1 1 0 1 1 1 0 0 0 0 1 0 1 0 1 1 1 1 0 1 1 1 0 1 0 0 1 0 1 0 0 1 1 0 0 1 0 1 0 1 0 1 1 1 1 1 1 1 0 0
1 0 0 0 0 1 1 0 0 1 0 1 1 1 1 1 1 1 0 0 0 0 1 1 1 1 1 1 0 1 1 0 0 0 0 0 1 1 1 1 0 1 1 0 1 0 0 1 1 0 0 0 0 0 1 0 1 0 0
1 1 1 1 0 1 1 0 0 1 0 0 0 1 1 1 1 0 1 1 0 1 0 0 1 1 1 1 1 0 1 0 0 1 0 1 0 0 0 0 1 0 1 1 0 0 0 1 1 0 1 1 1 0 0 0 1 0 0
0 1 0 1 0 0 1 0 0 1 1 1 0 0 0 0 0 1 1 1 1 0 0 0 0 0 1 1 1 0 1 0 1 0 0 0 1 1 0 1 0 0 0 1 1 0 1 1 0 0 1 0 1 0 0 1 1 0 0
1 1 1 1 0 0 1 1 0 0 0 0 0 1 1 0 0 1 0 1 0 1 1 0 1 0 1 0 0 0 1 0 1 0 1 1 0 1 0 1 1 0 1 1 0 0 1 0 0 1 1 0 0 1 1 1 0 1 1
1 0 0 0 1 1 1 1 1 0 1 0 1 0 1 0 0 1 1 0 0 1 0 0 1 1 1 1 1 0 1 0 1 0 1 1 0 1 1 0 0 0 1 0 0 1 1 0 1 0 1 0 0 1 0 0 0 1 0
1 1 0 1 0 1 1 0 0 0 0 0 0 1 1 0 1 0 0 1 0 1 1 0 0 0 1 0 1 1 0 1 1 0 1 1 0 1 1 0 1 1 1 1 1 1 1 1 1 1 0 1 0 0 0 0 0 0 0
0 1 1 0 0 0 1 0 0 1 1 1 1 1 1 0 0 1 0 0 1 0 0 0 1 0 0 1 1 0 0 0 1 1 0 1 1 0 0 0 0 0 0 1 0 0 0 0 0 1 1 1 1 1 1 1 0 1 0
0 1 1 1 0 0 1 0 0 1 0 1 1 0 1 1 1 0 1 0 0 0 1 1 1 0 0 0 0 0 1 1 1 1 0 0 0 0 1 1 1 1 0 0 0 0 1 0 0 1 0 1 0 0 0 1 1 1 0
1 0 1 0 0 1 0 0 0 1 0 0 1 0 0 0 1 1 1 1 1 0 0 0 1 1 1 0 0 0 1 1 1 0 1 0 0 0 1 0 0 1 1 1 1 1 1 1 0 1 1 1 1 1 0 0 0 1 0
0 0 1 0 0 1 1 0 1 1 1 0 0 1 0 0 1 0 1 1 1 0 1 1 0 0 0 0 0 0 0 1 0 0 0 1 1 0 0 1 0 1 0 0 0 1 1 0 1 1 1 1 1 1 0 0 1 0 0
1 1 1 1 0 1 1 0 0 0 1 0 0 1 1 1 0 0 1 1 1 1 0 1 0 0 0 0 0 0 0 1 1 0 0 0 0 0 0 0 1 1 1 0 0 0 0 1 1 0 0 1 0 1 1 1 0 0 1
1 1 0 1 0 0 1 0 0 1 1 1 0 1 0 0 1 1 1 1 1 0 1 0 1 0 0 1 1 1 1 1 1 0 1 1 0 0 0 0 1 0 0 0 0 1 1 0 1 1 1 0 1 0 0 0 0 0 1
0 0 1 0 0 1 0 0 0 1 1 1 1 0 0 0 1 1 1 0 1 1 0 1 1 1 0 1 1 1 1 1 1 0 0 0 1 1 0 0 1 0 1 1 0 1 1 0 0 0 0 1 1 0 0 1 1 0 0
1 1 1 0 0 1 1 1 1 0 0 0 0 0 1 1 1 0 0 0 1 1 1 0 0 1 1 0 0 0 0 1 1 0 0 1 1 0 0 0 0 0 1 1 0 0 1 1 1 1 0 0 1 0 0 0 0 1 0
0 1 1 1 1 0 0 1 1 1 0 0 0 0 0 1 1 0 1 1 1 0 0 1 0 1 0 1 0 1 1 0 1 1 1 1 0 1 0 0 0 0 1 1 0 0 1 0 1 0 1 0 1 1 1 1 0 0 1
0 0 1 0 0 1 1 0 0 1 1 0 0 1 1 1 1 0 0 1 0 0 1 1 0 0 0 0 1 1 1 1 1 0 1 0 1 1 0 1 0 1 1 1 1 1 1 0 1 0 0 1 1 1 1 1 0 0 0
0 1 1 0 0 1 0 1 0 1 0 0 0 0 0 0 1 1 0 0 0 1 0 1 1 0 0 0 1 1 0 1 0 1 1 0 0 1 1 0 0 1 1 1 1 1 1 0 1 0 1 1 1 0 1 0 0 0 1
0 1 0 0 0 0 1 1 1 0 1 0 0 0 0 0 1 1 1 0 1 0 0 1 0 0 1 0 1 0 0 0 1 1 1 1 0 0 0 1 1 0 1 0 0 1 0 1 0 0 1 1 0 0 1 1 1 0 1
1 1 0 0 0 1 1 1 0 1 1 1 0 1 0 0 0 0 1 1 0 1 1 0 0 1 1 1 0 1 0 0 0 1 1 1 0 0 0 0 1 1 0 1 0 1 1 1 0 0 1 0 0 1 0 0 1 1 0
1 1 0 1 0 1 0 1 0 0 0 1 0 0 1 1 0 0 0 0 1 0 0 0 1 0 1 1 1 1 1 0 0 1 1 0 1 0 1 0 1 0 1 0 0 0 0 1 0 0 0 0 1 0 1 1 0 0 0
0 1 0 0 1 0 0 0 1 0 1 1 0 1 0 0 0 0 1 0 0 0 1 0 1 1 0 1 0 1 1 0 1 1 1 0 1 1 1 1 1 1 0 1 1 0 0 1 1 1 1 1 1 1 1 0 0 1 0
0 1 1 0 0 0 1 0 0 1 0 1 0 1 0 0 1 1 1 1 1 0 1 0 0 0 1 1 1 1 0 0 0 0 0 1 1 1 1 1 1 1 1 0 1 0 0 0 0 1 1 1 0 1 0 0 0 1 1
0 1 0 0 0 0 1 0 1 0 1 1 1 0 0 1 0 1 1 1 0 0 0 1 1 1 1 1 1 0 1 0 1 0 1 1 0 0 1 0 1 0 0 1 0 1 0 0 0 1 0 1 1 1 1 0 1 0 1
0 0 0 1 1 1 0 1 0 0 0 1 0 0 1 0 0 0 0 1 1 1 0 0 1 1 0 0 1 1 1 0 1 0 1 0 0 0 0 0 1 1 1 1 1 1 0 0 1 0 0 1 0 1 1 0 0 1 1
1 1 0 0 0 1 0 0 0 0 1 0 1 1 0 1 0 0 1 1 1 0 0 1 1 1 1 0 1 1 1 0 0 1 0 0 1 0 0 0 1 0 0 1 0 1 1 1 1 0 1 0 1 1 0 1 0 1 0
0 1 0 1 0 0 0 0 0 0 1 0 1 0 0 1 0 1 1 1 1 1 1 1 1 1 1 0 0 0 0 1 1 1 0 1 1 0 0 1 0 0 1 1 0 1 0 0 0 1 1 0 0 1 0 0 1 0 1
0 1 1 1 1 1 1 0 1 1 1 0 0 0 1 0 1 1 1 0 0 1 1 1 1 1 1 0 0 0 1 0 0 1 1 1 1 1 1 0 0 0 0 1 0 1 1 1 0 0 1 0 1 0 1 1 0 0 0
0 0 1 1 1 1 0 0 0 0 1 0 0 1 1 1 1 0 1 0 1 1 0 0 0 0 1 1 1 1 0 1 0 1 1 0 0 0 0 0 0 1 0 1 1 0 1 1 0 0 1 0 1 0 0 0 0 0 1
0 1 0 1 1 1 1 1 1 0 0 0 0 1 0 0 0 0 0 0 1 0 1 0 1 1 1 1 1 0 0 0 0 0 0 0 0 1 0 0 0 1 1 1 1 0 1 1 1 0 1 1 1 1 0 1 0 0 1
1 0 1 0 0 0 1 0 1 1 1 0 0 0 1 1 0 1 1 0 1 1 1 0 0 0 1 1 0 1 1 1 0 1 1 0 0 1 1 0 1 0 0 1 1 1 1 0 1 0 1 1 0 1 0 1 0 1 1
0 1 1 0 0 0 0 0 0 1 1 1 1 0 0 0 1 1 1 1 0 0 0 1 0 1 0 0 1 1 1 0 1 0 0 0 0 1 1 1 0 1 1 0 1 1 1 0 1 0 1 0 0 1 0 1 0 0 1
1 1 1 0 1 0 0 0 1 1 1 0 1 0 0 1 1 0 0 1 0 0 0 0 0 0 0 0 0 0 0 1 0 1 0 0 1 1 0 1 1 0 0 1 0 1 1 1 0 0 0 1 0 1 0 0 1 0 0
1 1 1 0 1 0 0 0 1 0 0 0 0 0 0 1 0 1 1 0 1 1 1 0 1 0 0 1 1 0 1 1 0 1 1 1 1 1 0 0 0 1 0 0 0 0 1 0 0 0 1 0 1 0 0 1 1 0 1
0 1 0 0 0 1 1 0 0 0 0 1 0 0 1 0 0 0 0 0 1 0 1 1 0 0 1 1 1 0 1 1 0 1 1 1 1 1 0 0 1 1 1 1 1 0 1 0 0 1 0 0 0 0 1 0 1 0 1
0 1 1 1 0 1 1 0 1 1 0 1 0 1 0 1 1 0 1 0 1 0 0 0 1 1 1 0 1 1 1 1 0 1 0 1 0 1 1 0 1 0 1 0 1 1 1 0 0 1 1 1 0 1 1 0 0 0 0
1 0 1 1 1 1 0 1 1 1 1 1 0 1 0 1 0 1 0 0 0 0 1 1 0 1 1 1 0 0 1 1 0 0 1 0 0 0 0 0 0 1 0 1 0 0 1 0 1 0 1 0 0 1 0 0 1 0 1
1 0 0 1 0 0 1 0 0 1 0 0 0 1 0 1 1 1 0 0 0 0 0 0 0 1 1 0 1 0 0 1 0 1 0 0 0 0 1 0 0 1 1 0 1 1 0 0 1 0 0 0 1 1 0 1 1 1 0
0 1 1 0 0 1 1 0 1 1 0 0 0 0 1 1 0 1 0 1 0 1 0 0 0 1 1 0 1 0 0 0 0 1 0 1 0 1 0 1 0 1 0 1 0 0 0 0 0 1 0 1 1 0 1 1 1 1 0
1 1 0 0 0 1 1 0 0 1 1 1 0 0 0 0 1 0 0 0 1 0 0 0 0 0 0 1 0 0 0 0 0 0 1 1 1 1 1 0 0 0 0 0 1 1 1 1 1 1 0 1 1 1 0 1 0 0 0
1 0 0 1 1 0 0 0 0 1 1 1 1 1 1 1 0 0 0 0 1 1 1 0 1 1 0 0 0 1 1 1 1 1 1 1 1 1 0 0 1 0 1 1 1 0 1 1 0 1 0 1 1 0 0 1 0 1 0
1 0 0 0 0 1 1 0 1 1 0 0 1 1 1 1 0 1 1 0 0 1 0 1 1 0 1 0 1 0 0 1 1 1 0 1 1 1 1 1 0 0 1 0 0 1 1 1 1 1 0 1 1 1 1 0 1 1 1
0 0 0 1 0 0 1 1 1 0 0 1 1 0 1 0 1 1 0 0 1 0 0 1 1 0 1 1 0 1 1 1 1 0 1 0 1 1 0 1 0 0 1 0 0 0 1 0 1 0 1 1 1 1 0 0 0 0 1
1 0 1 1 0 1 0 0 1 1 1 1 1 1 1 1 0 1 1 1 0 1 1 1 0 0 0 0 1 1 1 0 1 1 0 1 0 0 0 0 1 1 1 1 0 1 0 0 0 1 0 1 0 1 0 0 0 1 1
1 0 1 0 0 1 0 0 0 0 0 1 0 1 0 0 0 1 0 0 0 1 0 1 0 0 1 1 0 0 0 0 0 1 0 0 1 0 0 1 1 1 1 1 0 1 0 0 1 0 1 0 0 1 1 0 0 1 1
1 1 0 0 1 1 0 0 0 1 0 1 1 0 0 1 0 1 0 0 1 1 1 0 1 0 1 1 1 1 0 1 1 0 1 1 0 1 1 1 0 0 1 1 0 1 1 1 1 1 1 1 1 1 1 1 0 0 0
1 0 0 0 1 1 1 0 1 1 1 0 1 1 1 0 0 1 0 0 0 0 0 1 0 0 0 1 0 0 1 0 1 0 1 0 1 0 1 1 0 1 0 1 0 1 0 0 0 0 1 1 0 1 1 1 0 0 1
0 0 1 0 1 0 1 1 1 1 1 1 1 0 1 0 1 1 0 1 1 1 0 1 1 1 1 0 1 0 1 1 0 1 0 1 1 0 0 0 0 1 0 1 1 1 1 0 0 1 0 1 0 1 0 1 0 0 1
1 0 0 1 0 0 0 0 0 1 1 1 1 0 1 0 0 0 1 0 1 1 1 1 1 0 1 1 1 0 0 0 0 0 1 0 0 0 0 0 0 0 1 0 0 0 1 0 1 1 1 0 1 0 1 0 1 1 1
1 1 1 1 0 0 1 1 1 1 1 1 1 1 1 0 0 1 1 0 0 0 0 1 0 0 0 1 0 0 0 1 0 1 0 1 1 1 1 0 1 0 1 0 0 0 1 0 1 0 1 0 0 1 0 1 1 0 0
0 0 0 1 0 1 0 0 0 0 0 1 1 1 1 1 1 1 1 0 1 0 1 0 0 1 1 0 0 0 0 0 1 1 1 0 1 0 0 1 1 0 1 1 1 1 1 0 1 0 1 1 1 0 1 0 0 1 1
0 1 1 0 1 0 0 0 1 1 1 1 1 0 0 0 0 1 0 0 1 0 0 1 1 1 1 1 0 0 0 0 0 1 1 0 0 1 1 1 0 0 0 0 1 1 0 0 0 0 1 0 1 0 0 0 1 1 1
0 0 0 0 0 1 1 0 1 1 1 0 0 0 0 1 0 0 0 0 1 0 0 0 1 1 0 1 1 1 0 1 1 1 0 1 0 0 1 1 0 1 0 0 1 1 1 1 0 1 0 1 1 0 0 0 1 0 0
0 1 1 0 1 1 1 0 1 0 1 0 0 1 0 0 1 0 1 1 0 0 0 1 1 1 1 1 0 1 0 1 0 0 1 0 0 0 1 1 1 1 0 0 0 1 0 0 1 1 0 0 0 1 0 1 1 1 1
0 0 1 0 1 0 0 1 0 1 0 1 0 1 1 1 1 0 0 1 1 0 1 0 1 1 0 1 1 1 0 0 0 1 1 0 1 1 0 0 0 0 1 0 0 1 1 1 1 1 1 0 0 0 0 1 0 1 1
0 1 1 0 0 0 0 1 0 0 1 1 0 1 1 0 0 0 1 0 1 0 1 0 0 1 1 0 0 1 1 1 1 0 1 0 0 0 1 0 0 0 1 1 0 0 0 0 0 0 0 1 0 0 0 0 0 0 1
1 0 0 0 0 1 1 1 1 0 1 1 0 0 0 1 1 0 0 1 0 1 1 1 1 0 1 1 0 1 1 1 1 1 0 0 0 0 1 1 1 1 1 1 0 1 0 1 1 0 1 0 1 0 0 0 1 0 1
0 0 0 0 0 0 1 0 0 0 1 0 1 1 0 1 1 0 0 0 1 1 0 0 1 0 1 0 1 1 0 1 0 0 1 1 1 0 1 0 1 1 1 1 0 0 1 0 1 1 0 1 0 1 0 0 1 1 1
0 0 1 1 0 0 0 0 0 1 0 1 1 0 0 1 0 0 1 0 1 1 0 0 1 1 1 0 0 0 0 0 1 0 0 0 1 1 1 1 1 0 1 0 0 1 0 1 0 0 1 1 1 1 1 1 1 0 0
1 1 0 1 1 1 1 1 1 1 0 0 1 1 0 0 0 0 0 1 0 0 0 0 1 1 1 0 0 0 0 1 1 1 1 1 1 0 0 0 0 1 1 0 0 0 1 0 0 0 1 1 1 0 1 1 1 1 1
0 0 0 1 1 1 0 1 0 0 1 1 1 1 1 0 1 1 1 1 1 1 1 0 1 0 1 0 1 0 1 0 0 1 1 1 1 0 1 1 0 1 1 1 1 1 0 0 1 0 1 1 1 1 0 0 1 0 0
1 1 1 1 1 1 1 0 0 0 0 1 1 1 0 1 0 0 1 0 0 0 0 1 0 0 1 0 0 1 1 0 1 0 1 0 0 1 1 0 1 1 0 1 1 1 1 1 1 1 1 1 1 1 0 0 1 0 0
0 1 1 1 1 0 0 0 0 0 1 1 0 0 0 0 0 0 0 1 1 0 1 1 0 1 0 1 0 0 0 0 1 0 0 0 0 0 0 1 1 0 0 0 0 0 1 1 0 1 0 0 0 0 1 0 0 0 1
1 1 0 0 1 0 0 1 0 0 0 0 1 1 0 0 0 1 1 1 0 0 1 1 0 0 1 1 1 0 0 1 1 1 1 1 1 0 0 1 0 1 0 1 0 1 0 1 1 0 1 1 1 0 0 0 0 0 1
1 0 0 0 0 0 0 1 1 1 1 1 1 1 0 0 0 1 0 1 1 0 1 0 1 0 0 0 1 0 1 0 0 0 0 0 1 1 0 0 0 1 1 0 0 1 1 0 0 0 0 1 0 0 1 1 0 1 0
0 0 0 1 0 1 1 0 0 1 0 0 1 0 0 0 0 0 1 1 1 1 0 1 1 0 0 1 0 0 1 1 1 1 0 0 1 1 1 0 1 1 0 1 1 0 0 0 1 0 0 1 1 1 0 0 0 1 1
1 0 0 0 0 1 1 1 0 0 1 0 1 0 0 0 1 0 0 1 0 0 0 1 0 1 0 1 0 1 0 0 1 0 1 0 0 1 0 1 1 0 1 1 1 0 1 1 0 0 1 1 0 0 0 0 1 1 0
0 0 1 1 0 0 1 0 1 0 1 1 0 0 1 0 0 0 1 1 0 0 0 0 1 1 0 0 0 0 1 1 0 0 1 0 1 0 0 0 1 1 0 1 0 0 0 0 0 0 1 0 1 1 0 1 1 1 1
1 0 0 1 0 1 1 0 0 1 0 0 1 0 1 1 1 0 1 1 0 1 1 1 0 1 0 1 0 0 1 0 1 0 1 1 1 1 0 1 1 1 1 0 1 1 1 1 1 1 1 0 1 0 0 1 1 0 1
0 0 1 0 1 0 1 1 1 0 0 1 1 1 0 1 0 0 1 0 0 0 1 0 1 0 1 0 1 1 1 1 1 1 1 0 1 0 1 0 0 0 0 1 1 1 1 0 1 0 0 0 0 0 1 0 1 1 0
1 1 0 1 1 1 0 1 1 1 1 0 0 1 1 1 1 0 0 0 1 0 1 1 1 1 0 1 1 0 1 1 0 0 1 1 1 0 1 0 1 0 0 0 1 1 1 0 1 0 0 1 0 1 1 0 1 0 1
1 1 1 0 1 1 0 0 0 0 1 1 1 0 0 0 1 1 0 0 0 1 1 1 0 1 1 0 0 0 1 0 1 0 0 1 1 0 1 0 1 0 0 0 0 0 1 0 0 0 0 1 1 1 1 0 1 1 1
0 1 1 0 0 1 0 0 1 0 1 1 0 0 1 1 0 1 0 0 0 1 1 0 1 1 1 0 0 1 0 0 0 0 1 1 0 0 0 0 0 0 1 0 1 1 1 1 0 1 1 1 0 0 1 0 1 0 1
1 1 1 1 1 0 0 0 0 0 1 0 0 0 0 1 1 0 0 0 0 1 0 0 1 1 1 1 0 1 1 1 0 1 0 1 1 1 1 0 1 1 1 1 1 1 0 0 1 1 0 0 1 1 1 0 1 0 0
0 0 1 1 1 0 1 0 0 0 0 0 1 0 0 0 1 0 0 0 0 1 0 1 1 0 1 1 0 0 0 1 0 0 1 1 0 0 1 1 1 0 1 0 1 0 1 0 0 0 1 0 1 1 0 1 1 0 0
0 0 1 0 1 1 0 1 1 0 0 0 0 1 0 0 0 1 0 0 0 0 0 0 0 1 0 0 0 1 1 1 1 1 1 1 1 1 1 1 0 0 1 0 0 1 1 0 0 1 0 0 0 0 1 1 0 0 0
1 1 0 1 0 0 1 0 1 1 1 1 0 1 0 0 0 0 0 0 0 1 1 0 0 0 0 1 0 0 1 0 0 0 1 0 0 0 0 1 1 1 0 0 1 1 0 0 1 1 0 1 1 0 0 0 1 1 0
0 0 1 0 0 0 1 1 0 1 1 1 0 0 0 1 1 0 1 0 1 1 1 1 1 1 1 0 0 1 1 0 0 0 1 0 1 0 0 1 0 0 1 1 1 0 0 0 1 1 1 1 1 1 0 1 1 1 0
1 0 1 1 0 0 1 0 1 0 1 0 1 1 0 1 0 1 0 1 1 1 1 0 1 1 0 1 1 1 1 0 0 1 1 0 0 1 1 1 1 0 1 0 0 1 1 1 1 1 1 1 1 1 1 1 1 1 1
1 1 0 1 1 1 0 0 0 1 1 0 0 1 1 0 1 0 1 0 0 1 0 0 1 0 0 0 0 1 0 0 0 0 0 0 1 1 0 1 0 0 1 0 0 1 1 0 0 0 0 0 1 1 0 1 0 0 1
1 1 0 0 1 1 0 0 1 1 1 0 0 0 1 0 0 1 0 1 1 1 1 0 0 1 1 0 1 1 1 0 0 1 0 0 1 0 0 0 1 0 0 1 1 1 0 1 1 0 0 0 1 0 1 0 1 0 1
1 0 0 0 0 1 0 1 1 0 1 1 0 1 0 1 1 0 1 1 0 1 0 0 1 1 1 1 1 1 1 0 1 1 1 0 1 1 0 1 0 1 0 1 1 1 0 1 0 0 0 1 0 1 0 1 0 0 1
1 1 1 0 0 0 1 1 0 1 0 0 1 1 0 0 1 1 0 1 0 1 0 1 0 0 0 1 1 0 0 1 1 0 0 0 0 0 1 0 1 0 1 0 0 0 0 0 1 1 1 0 0 0 0 0 1 1 0
1 1 0 1 0 1 1 0 1 0 1 1 1 0 0 0 0 0 0 1 1 0 1 0 1 1 1 1 1 1 1 0 0 1 0 1 1 0 0 1 0 0 1 0 1 1 0 0 1 0 0 0 1 1 1 1 1 1 1
0 1 0 0 0 1 0 1 0 0 0 0 0 0 1 0 0 1 1 0 0 0 0 0 1 0 1 0 0 1 0 1 0 0 0 1 1 1 0 0 1 1 0 0 0 1 0 0 1 0 1 0 1 0 0 0 0 1 0
1 1 0 0 1 0 0 1 0 0 0 1 1 0 0 1 1 0 1 0 1 1 0 1 0 1 1 0 1 0 1 1 0 0 1 0 1 0 1 0 1 0 0 0 1 1 1 1 1 0 0 0 0 0 0 1 1 1 1
1 0 1 0 0 1 0 1 0 1 1 1 0 0 1 1 0 0 1 0 0 1 0 0 1 0 1 1 0 0 1 1 1 1 0 1 1 1 1 1 0 1 1 1 0 0 1 0 0 1 1 1 1 0 1 0 0 0 1
1 0 1 1 0 1 0 0 1 1 1 0 0 1 0 0 1 0 0 1 1 1 0 1 0 1 1 1 0 0 0 1 0 1 0 0 0 1 1 1 0 1 0 1 1 0 1 1 0 1 0 0 1 1 1 1 1 0 1
0 1 0 0 0 0 1 1 1 1 1 1 1 0 1 1 0 0 1 1 1 0 0 1 0 1 0 1 1 0 0 1 0 1 1 0 0 0 0 1 0 1 1 1 1 1 0 1 0 1 1 0 0 1 1 1 0 0 0
1 1 0 1 0 0 0 0 0 0 1 1 0 0 0 0 0 1 0 0 1 0 0 1 1 1 0 0 0 0 1 0 0 1 1 1 0 0 1 1 1 1 1 1 0 0 1 1 1 0 0 1 1 1 0 1 0 0 1
0 0 1 1 0 0 0 1 0 0 0 1 0 0 0 0 1 0 1 1 0 0 1 1 1 0 0 0 1 1 1 0 0 0 1 1 0 1 1 1 0 1 0 0 0 1 0 0 0 0 0 1 1 1 1 1 1 0 1
0 0 0 1 0 1 1 1 1 0 1 1 1 1 0 1 1 1 0 0 1 0 1 1 0 1 0 0 1 1 1 0 1 0 1 0 1 1 0 0 1 1 1 0 0 1 0 0 0 0 1 0 1 0 0 0 1 0 1
0 1 0 0 1 1 0 1 0 1 0 0 1 1 1 1 1 0 0 0 0 0 0 0 0 1 0 0 0 0 0 0 1 1 1 1 0 0 1 0 1 1 0 0 0 1 0 0 1 1 1 1 1 1 0 0 0 0 1
1 1 1 0 1 1 0 0 0 1 0 1 1 1 1 0 1 1 0 0 1 1 0 1 0 0 1 0 0 1 0 0 1 1 1 0 0 1 0 0 0 1 1 0 1 0 0 1 1 1 0 0 0 0 1 0 0 0 1
1 0 0 1 0 1 1 1 1 1 1 0 0 0 0 1 0 1 0 1 1 1 0 1 0 0 1 1 1 0 0 0 0 0 0 1 0 0 0 1 0 1 0 0 0 1 1 1 0 1 1 0 0 1 0 0 0 1 1
0 0 0 0 1 1 1 0 0 1 1 0 0 0 0 1 0 0 0 1 0 1 0 0 0 0 1 0 0 0 1 0 1 0 0 0 0 0 1 0 0 1 1 1 0 0 0 0 0 0 1 0 0 0 1 1 1 0 0
0 1 1 1 0 0 0 0 1 1 0 1 1 0 1 1 1 1 1 0 1 1 0 0 0 1 1 1 1 1 1 0 1 1 1 0 0 0 1 0 0 1 0 0 1 0 1 0 0 0 0 0 0 1 1 0 1 1 0
0 1 1 1 1 0 0 0 0 1 0 0 1 1 1 0 1 0 0 1 1 0 1 1 0 0 1 0 0 0 1 0 0 0 1 0 1 0 1 0 1 1 1 1 1 0 0 0 1 1 0 0 1 0 1 1 1 1 0
1 1 1 1 1 1 0 1 0 1 0 1 1 1 0 1 1 1 0 1 1 1 1 0 1 1 0 1 0 1 0 0 1 0 0 0 1 0 1 1 0 1 0 0 0 0 1 0 0 0 0 1 1 0 0 1 0 1 0
1 0 1 1 1 0 0 0 0 0 0 0 0 0 1 0 1 1 0 0 1 1 0 0 1 0 1 0 1 0 0 0 1 0 0 1 1 0 1 0 0 0 1 0 1 0 1 1 1 1 1 1 0 0 1 1 0 0 1
1 0 1 0 1 1 1 0 1 1 1 1 0 1 0 0 0 1 0 1 0 0 0 0 0 1 1 0 1 1 0 1 0 1 1 0 0 0 1 1 1 1 0 0 0 0 1 1 1 0 0 1 1 0 1 0 0 1 1
1 0 1 1 0 0 0 1 1 0 0 0 1 1 1 0 0 0 0 1 1 1 1 0 0 1 1 1 0 0 0 1 1 0 1 0 1 1 0 0 0 0 1 1 1 1 0 0 0 0 0 0 1 1 0 0 1 0 0
0 1 0 1 0 0 1 1 0 0 1 0 0 0 1 0 1 0 1 1 0 0 0 1 1 0 1 0 0 1 0 1 1 1 0 0 0 0 0 1 0 1 0 1 1 0 1 1 1 1 0 1 1 0 1 1 1 1 1
0 0 1 0 1 1 1 1 0 1 1 1 1 1 1 1 0 0 0 1 1 0 1 1 0 0 1 1 1 0 1 0 1 1 0 1 0 0 0 1 1 1 0 0 0 1 1 1 0 0 0 0 1 1 1 0 1 0 0
0 1 0 1 1 0 0 0 1 1 0 1 0 0 0 0 0 0 0 0 1 0 1 1 1 1 0 1 0 1 1 1 0 1 0 0 1 0 1 0 0 0 1 1 1 0 0 0 0 0 1 1 0 0 0 1 0 0 0
1 1 1 1 1 1 1 1 0 1 0 1 1 1 0 0 0 1 0 1 0 1 0 0 1 0 0 1 0 0 1 1 1 0 0 1 0 1 1 0 1 1 0 0 1 1 0 1 0 1 0 0 0 1 0 1 1 0 1
1 0 0 1 0 1 0 1 0 0 0 1 0 1 1 0 1 0 1 1 1 1 1 0 0 1 1 1 0 0 1 0 0 1 0 1 1 1 0 0 0 1 0 0 0 0 0 0 1 1 1 1 1 1 1 1 0 1 1
0 1 1 1 1 1 0 0 0 1 1 0 1 1 1 0 0 1 1 1 1 1 0 0 1 1 0 1 1 0 0 1 0 1 0 0 1 0 1 1 1 1 0 0 0 1 0 0 1 1 0 0 1 0 1 1 0 0 0
0 1 1 1 0 1 1 1 1 0 0 0 1 1 0 1 1 1 0 1 1 0 1 0 0 0 1 1 1 0 0 1 1 0 1 1 0 0 1 1 0 1 1 0 1 1 0 0 1 0 0 1 0 0 1 1 0 0 1
0 1 0 0 1 0 0 0 0 0 0 0 1 1 1 1 0 1 1 0 1 0 0 0 0 1 1 0 1 0 0 0 0 0 1 0 0 1 1 1 0 0 1 0 0 1 1 1 0 1 0 0 0 0 0 1 1 0 0
1 0 0 1 1 1 1 1 1 1 1 0 0 1 0 0 1 1 1 1 1 0 0 0 1 1 0 0 1 1 1 0 1 1 0 0 0 0 1 0 1 0 0 1 0 0 0 0 0 1 0 1 1 1 1 1 1 0 0
0 1 1 1 0 1 1 0 0 0 1 1 1 0 0 0 1 1 1 0 0 1 1 0 0 0 0 0 1 0 1 1 1 1 1 1 0 1 0 0 0 0 1 1 0 1 1 1 0 0 0 0 1 0 1 1 1 0 1
1 1 0 0 0 0 0 0 1 0 0 0 0 1 1 1 1 1 0 0 1 0 0 1 0 0 1 0 0 1 1 1 0 1 1 1 0 1 1 0 0 1 0 0 0 0 0 1 0 1 1 1 1 1 1 1 0 0 0
1 0 0 1 1 0 0 1 1 0 0 1 1 1 1 0 1 0 1 1 1 0 0 1 1 0 1 0 1 1 1 0 1 0 0 1 1 0 0 1 1 1 1 0 0 0 1 1 0 1 0 0 0 0 0 1 1 0 1
0 1 1 0 1 0 0 1 0 1 0 1 0 1 1 0 0 1 1 1 0 1 1 0 1 0 1 0 1 1 0 1 0 1 0 0 0 0 0 0 0 1 1 0 1 0 1 1 0 1 0 0 0 0 0 1 1 1 0
1 1 0 0 0 0 1 0 0 0 0 0 1 1 1 0 0 0 1 0 0 0 1 0 0 0 0 1 0 0 1 1 0 1 0 0 1 0 1 1 0 0 1 0 1 0 1 1 1 1 1 0 0 0 0 0 0 1 1
1 1 1 1 1 0 0 1 1 1 1 0 1 1 1 1 0 1 1 0 1 1 0 1 1 0 1 0 0 0 1 1 0 0 1 0 0 1 0 0 1 1 1 1 0 1 0 0 0 0 1 0 0 0 1 1 1 1 0
1 0 1 1 0 1 0 1 0 1 0 1 1 1 0 0 0 1 1 0 0 0 0 0 1 1 0 0 0 0 0 0 1 1 1 0 0 1 0 1 0 0 0 0 1 0 0 0 1 1 0 1 0 1 1 0 1 0 1
1 0 0 1 1 1 0 1 1 0 1 0 1 0 0 1 1 0 1 0 0 1 1 1 1 1 0 0 0 0 0 1 0 1 0 1 0 1 0 0 0 1 1 0 1 1 1 1 1 0 0 1 0 0 0 0 0 0 1
0 0 0 0 0 0 1 1 0 1 0 1 1 1 0 0 0 0 1 0 0 1 1 0 1 1 1 0 0 0 0 0 1 0 0 1 0 1 0 0 0 1 0 1 0 1 0 0 1 1 0 0 1 0 0 0 1 0 0
1 0 1 1 1 0 0 1 0 0 1 1 1 0 0 1 0 1 0 1 1 0 0 1 0 0 1 0 1 0 0 1 0 1 0 1 1 1 0 1 0 0 1 0 1 0 0 0 0 0 1 1 1 1 0 0 0 0 0
0 0 0 0 1 0 0 1 1 1 0 1 0 0 1 1 0 1 1 0 0 0 1 0 0 0 1 0 1 0 1 1 1 1 0 0 1 1 1 0 1 0 1 1 1 0 0 1 0 0 1 0 0 1 1 1 0 1 1
1 1 0 1 0 1 0 1 0 1 1 0 1 0 1 0 0 0 1 0 1 0 0 0 0 0 0 0 1 1 1 1 0 1 1 1 0 1 0 1 0 1 0 1 0 1 1 1 1 1 0 1 1 1 0 0 1 1 0
1 0 0 0 1 0 1 1 1 1 1 1 1 0 1 1 1 0 0 0 0 1 0 0 1 0 0 1 0 1 1 0 0 0 0 0 1 1 0 0 0 1 0 1 1 0 1 1 0 0 1 0 1 1 0 1 1 1 0
1 0 0 1 0 1 0 1 1 1 0 0 0 0 1 0 0 0 1 1 0 0 0 1 0 1 0 0 1 0 1 1 0 1 0 0 0 1 1 1 1 0 1 0 0 1 0 1 0 0 1 0 1 0 0 0 0 1 1
0 1 0 0 1 1 1 0 0 0 1 0 0 1 0 1 0 0 0 1 1 1 1 1 1 0 1 0 1 1 1 0 0 1 0 0 0 0 1 1 0 0 1 0 1 0 1 0 1 0 0 0 0 1 1 0 0 1 0
1 0 1 0 0 1 0 0 1 0 1 0 1 0 1 1 1 0 0 0 0 0 1 0 0 0 1 0 1 0 1 0 1 1 1 0 0 1 0 0 0 0 1 1 0 0 0 1 1 0 1 1 0 1 1 1 1 1 1
0 1 0 0 1 0 1 0 1 1 0 1 1 1 1 1 0 0 0 0 1 0 0 1 0 1 1 1 0 1 0 1 1 0 0 0 1 0 0 0 1 1 1 0 1 1 0 0 1 1 0 1 0 1 0 0 0 1 0
0 0 1 1 1 0 0 0 1 0 1 0 0 1 1 0 0 0 0 0 0 0 1 0 0 0 1 1 1 1 1 0 0 0 0 1 1 0 0 1 1 0 1 0 0 1 0 1 0 0 1 0 0 0 0 1 1 1 0
1 1 0 0 0 0 1 1 1 1 0 0 0 1 1 1 0 1 0 1 1 0 0 0 1 0 1 1 1 1 1 0 1 0 1 0 0 0 1 1 0 1 0 1 1 0 0 0 1 0 1 0 1 0 0 0 0 1 1
0 0 0 0 0 1 0 0 1 0 1 1 0 1 1 0 1 0 0 1 0 1 1 1 0 1 1 0 0 0 0 0 1 0 0 1 1 1 1 1 0 0 0 0 0 0 1 0 0 0 1 0 0 0 0 1 1 0 1
0 0 1 0 0 0 1 0 1 0 0 0 1 0 1 1 1 0 0 1 1 1 1 1 0 1 0 1 0 1 1 1 1 1 1 1 0 0 1 1 0 0 0 1 0 0 1 1 1 0 0 1 0 1 0 1 1 0 0
0 0 0 0 0 0 0 0 1 1 1 0 0 0 0 0 1 0 1 0 0 1 1 1 0 0 1 0 1 0 1 0 1 1 1 0 1 1 0 0 1 0 0 0 0 0 1 0 0 1 0 0 1 1 0 0 0 0 0
1 0 0 0 1 1 1 0 0 1 0 0 1 1 0 0 1 1 0 1 0 1 0 1 1 1 0 0 1 0 1 0 0 1 1 0 0 1 0 1 1 0 1 0 1 1 0 1 0 1 1 1 0 1 1 0 0 0 1
1 0 1 1 0 0 1 1 0 1 1 1 0 1 0 1 0 0 0 1 0 0 0 1 0 1 0 0 0 1 1 0 1 1 0 1 1 0 1 0 0 0 0 1 1 1 0 1 1 1 1 1 0 0 1 0 0 1 1
0 0 1 1 1 1 0 1 0 1 1 1 0 0 1 1 1 1 0 0 1 0 1 0 0 0 0 1 0 1 0 1 0 0 1 0 0 1 1 0 1 1 1 0 0 0 1 0 0 1 1 1 1 1 1 0 1 1 0
0 0 0 1 0 0 1 0 0 0 0 1 0 1 0 0 1 1 0 0 0 1 1 0 0 1 0 1 0 1 1 1 1 1 0 0 1 0 1 0 1 1 1 1 0 0 1 1 1 1 1 0 1 1 1 1 1 0 0
0 0 0 0 0 0 0 1 1 1 1 0 0 1 1 1 0 0 1 1 0 1 1 1 1 1 1 0 0 0 0 0 0 0 0 0 1 0 1 0 1 1 1 1 1 0 1 1 0 0 1 1 0 1 1 0 0 1 0
0 1 1 0 1 1 1 0 1 1 1 1 1 1 1 0 0 0 1 1 1 0 1 0 1 1 1 1 0 0 1 0 1 1 1 0 1 1 1 1 1 0 1 1 0 1 1 1 1 1 0 1 0 0 0 1 1 0 1
0 0 0 0 1 0 0 0 0 1 1 1 0 0 1 0 1 0 0 1 0 0 1 0 1 0 1 0 1 0 0 1 1 0 0 1 0 0 1 1 1 0 0 1 1 1 0 0 0 0 1 1 0 0 0 0 0 1 0
1 1 1 0 1 0 1 0 1 1 0 0 0 1 0 0 0 1 0 1 1 1 0 1 1 1 1 1 1 1 0 1 1 1 1 0 1 0 0 0 1 0 1 1 0 0 1 1 0 0 1 0 0 1 0 1 0 0 0
1 0 0 0 1 0 0 0 1 0 0 1 1 1 0 0 0 0 0 1 1 0 1 0 1 0 1 0 0 0 0 0 0 1 1 1 0 0 0 0 1 0 1 1 1 0 0 1 1 1 1 1 0 1 1 0 1 0 0
0 0 0 1 1 1 1 0 1 1 1 1 1 0 1 0 0 1 1 0 0 1 1 1 0 0 1 0 1 1 0 1 0 0 1 0 1 0 1 0 1 1 1 0 1 1 0 0 0 1 0 1 1 1 1 1 1 0 1
1 1 1 0 0 0 0 0 0 1 1 1 1 1 1 1 1 0 1 0 0 1 1 1 0 1 0 0 0 1 0 1 0 1 0 1 1 0 1 1 1 0 0 1 1 0 0 1 0 1 0 0 1 1 0 0 1 0 1
1 1 1 1 0 1 1 0 0 0 0 1 1 0 0 0 0 1 1 1 1 0 0 0 1 0 1 1 1 1 1 1 0 1 1 0 0 0 0 1 1 1 1 1 1 0 0 1 1 0 1 1 0 0 0 1 1 1 1
1 0 0 0 1 1 0 0 1 1 1 0 0 1 1 1 0 0 1 0 1 1 0 0 1 1 0 1 0 0 0 1 0 0 1 0 1 0 0 1 0 0 0 1 0 1 0 1 1 1 1 1 0 0 1 0 0 1 0
1 0 1 1 1 1 1 1 0 0 0 0 0 0 0 1 0 0 1 0 1 1 0 0 0 0 1 0 1 0 1 0 0 0 1 0 0 1 0 0 1 1 0 0 0 1 0 0 0 1 0 1 0 0 1 0 0 0 1
1 1 0 0 1 0 1 0 1 1 0 1 0 1 0 0 0 0 1 1 0 1 1 1 0 0 1 1 1 0 1 1 1 1 1 1 0 0 1 0 0 0 1 0 1 1 0 1 0 1 0 0 1 0 1 1 0 0 0
1 0 1 0 1 1 1 1 0 0 0 0 0 0 1 0 1 1 1 0 1 0 1 1 1 1 0 1 1 1 1 1 0 1 0 1 0 0 1 0 0 1 1 1 0 1 0 1 1 1 1 0 1 1 1 1 1 1 1
0 1 1 1 0 1 0 0 0 1 1 0 1 1 0 0 0 1 1 0 1 1 0 0 0 1 1 0 1 1 1 0 1 1 0 0 0 1 0 0 0 1 1 0 0 0 0 1 1 1 1 1 1 0 0 1 0 1 1
1 1 1 1 0 1 1 0 1 1 1 0 0 1 0 0 0 0 0 0 0 0 1 1 1 1 0 0 0 0 0 0 1 0 0 0 0 1 1 0 1 0 1 1 1 1 0 1 0 1 1 0 1 0 1 0 1 1 0
1 0 1 1 0 0 1 1 0 0 1 0 1 0 0 0 0 0 0 1 1 0 1 0 0 1 1 1 0 0 1 1 0 0 1 1 1 1 1 0 1 0 1 1 0 1 1 1 0 0 1 0 0 0 1 0 0 0 1
0 1 1 0 1 1 0 1 0 1 1 0 0 1 0 1 1 0 1 1 0 1 0 1 0 0 1 1 0 1 0 0 1 1 0 1 1 1 1 1 1 0 1 0 1 0 1 1 1 1 0 1 0 0 0 1 0 0 0
1 1 0 1 0 1 0 0 0 0 0 1 1 0 0 0 1 1 1 1 0 1 0 0 0 1 0 0 0 0 0 0 0 0 0 1 0 1 0 0 1 1 1 1 0 0 1 1 0 1 1 1 1 1 1 0 0 0 0
0 0 1 1 1 1 1 0 0 1 1 1 0 1 1 1 1 0 0 0 0 1 1 0 0 1 0 1 0 0 0 0 0 1 1 1 1 1 1 1 0 0 1 1 1 1 0 1 0 0 0 1 0 1 1 1 1 1 1
1 1 1 0 1 1 1 1 1 1 0 0 1 0 0 1 0 0 1 0 0 0 1 1 1 1 0 1 1 1 0 1 1 0 0 0 1 1 1 1 1 0 0 0 0 0 1 1 0 0 1 1 0 1 0 1 0 0 1
0 0 1 0 1 0 1 0 0 1 1 0 1 0 1 0 1 0 0 1 0 1 1 0 0 1 0 0 0 1 1 1 0 0 0 1 1 1 0 0 0 0 1 0 0 0 0 0 1 1 1 1 0 1 1 0 1 0 1
0 1 1 0 0 0 1 0 0 0 0 1 1 1 0 0 0 1 1 0 1 1 1 1 0 0 0 0 1 1 0 0 0 0 1 1 1 0 0 1 1 1 0 1 0 1 0 0 1 1 0 1 0 0 1 1 0 1 0
1 0 0 1 1 0 1 1 0 1 0 1 0 0 1 0 1 1 1 0 0 1 0 1 0 1 1 1 0 1 0 1 1 1 1 0 0 1 1 1 1 0 0 0 0 1 0 0 1 1 1 1 0 0 1 1 1 0 1
0 0 1 0 1 1 0 1 1 0 1 0 1 1 0 1 1 1 1 0 1 1 1 1 0 0 1 1 1 0 0 0 0 1 0 1 1 1 1 0 0 0 1 1 0 0 0 0 1 1 1 0 0 1 1 0 1 0 0
0 1 1 1 0 1 1 1 1 1 1 1 1 0 0 1 0 1 0 0 1 1 0 1 0 1 1 1 1 0 0 0 1 1 1 0 1 1 1 0 1 1 0 1 1 0 0 1 1 0 0 1 0 0 1 0 1 0 0
0 1 0 1 1 0 1 1 0 0 1 0 0 0 0 1 1 1 1 1 0 0 0 1 1 1 0 1 1 0 0 0 0 1 0 1 1 1 1 0 1 1 1 0 1 1 1 1 0 0 1 1 1 1 0 0 1 1 0
1 1 0 1 1 0 1 0 0 1 1 1 0 1 1 1 1 0 0 0 1 1 0 1 0 1 1 0 1 0 1 1 1 0 1 0 0 0 1 1 0 0 1 1 0 1 1 0 0 0 0 1 1 0 0 0 1 0 1
1 0 1 1 0 1 0 1 0 1 1 0 1 1 0 1 1 0 1 0 0 1 0 0 0 0 0 0 1 1 1 0 1 0 1 1 1 1 1 1 0 1 1 1 1 0 0 0 0 1 1 0 0 0 0 0 0 1 0
1 0 0 0 1 1 1 1 0 0 1 1 1 0 1 1 0 1 1 1 1 0 1 1 0 0 0 0 1 0 0 0 0 1 0 0 0 1 1 0 0 1 0 1 0 0 1 1 1 1 1 1 1 0 0 1 1 0 1
0 0 1 0 0 0 0 1 1 0 1 0 0 0 0 0 1 1 1 1 1 0 1 1 1 1 1 0 1 0 1 1 0 1 1 0 1 1 1 1 0 0 0 1 0 0 0 1 1 1 0 0 0 0 1 0 0 1 1
0 0 0 1 0 1 1 1 0 0 1 0 1 1 1 1 0 0 0 0 1 0 0 0 0 1 0 1 1 0 0 0 1 0 0 0 1 0 1 0 1 0 0 1 1 0 1 0 0 1 1 0 0 1 0 0 0 0 1
1 0 1 1 0 1 0 0 1 0 0 0 1 1 0 1 0 0 0 0 0 1 1 0 1 1 1 0 0 0 1 0 0 1 1 1 1 1 1 1 1 1 0 0 0 0 0 1 1 0 0 0 0 1 0 1 0 1 0
1 1 0 1 0 1 0 0 1 1 0 0 1 1 0 1 0 1 0 0 1 1 1 1 0 0 0 1 0 1 0 1 0 1 0 0 1 0 1 0 0 0 1 1 0 0 1 0 0 1 1 1 1 0 1 0 1 1 1
0 1 1 0 0 0 1 0 0 1 0 1 1 1 0 1 1 1 0 0 0 0 1 1 1 1 1 0 1 0 0 1 0 0 0 1 1 0 0 0 1 1 1 0 0 0 1 1 1 1 1 0 1 0 1 1 0 0 1
0 0 1 0 1 0 1 1 1 0 1 0 1 1 0 0 1 0 1 1 1 0 0 0 0 1 1 0 1 0 1 1 0 1 0 1 0 1 0 1 1 1 1 1 0 1 0 0 1 0 0 0 0 0 0 0 0 1 1
0 1 0 1 0 1 0 0 0 0 1 0 0 1 0 0 0 1 1 1 0 1 1 1 0 1 0 1 0 1 0 0 0 0 1 1 0 0 1 0 0 1 1 0 0 1 0 0 0 0 0 0 0 0 0 0 1 0 0
1 1 0 0 1 0 0 1 1 0 0 1 0 0 0 0 1 1 0 1 0 1 0 0 1 0 1 0 0 1 1 1 0 0 1 0 1 1 1 1 1 1 0 1 1 0 0 0 0 0 0 1 0 0 1 0 1 0 1
1 1 1 1 1 0 1 0 1 0 1 1 1 1 1 1 1 1 1 1 1 1 1 1 1 1 0 1 1 0 1 0 0 0 0 0 0 0 0 1 0 0 1 1 1 0 0 1 0 0 0 0 1 1 1 1 0 0 1
1 1 0 0 1 1 1 1 0 1 1 1 0 1 0 1 1 1 0 1 1 1 0 1 1 1 1 0 0 0 0 1 0 0 0 1 0 1 0 0 1 0 0 1 0 1 0 0 1 1 0 0 1 1 1 0 0 1 1
0 1 1 1 0 0 1 0 1 0 1 0 1 0 1 0 0 0 0 0 1 1 0 1 1 1 0 0 1 1 1 1 1 0 1 1 1 1 1 1 0 0 0 0 1 1 0 1 0 0 0 1 1 0 0 1 0 1 1
1 0 0 1 0 0 1 1 0 1 0 1 0 0 1 1 1 1 0 0 0 1 1 0 1 0 0 0 1 0 1 0 0 1 0 1 0 1 1 0 0 0 0 0 1 0 1 0 0 0 1 0 1 1 0 0 0 1 1
0 0 1 1 0 1 0 1 1 1 0 1 1 1 0 0 0 0 1 0 1 1 1 1 0 1 0 0 0 1 0 1 0 0 1 0 0 1 0 0 0 0 0 0 1 1 1 1 0 1 1 0 0 1 0 1 0 1 0
0 1 0 0 0 0 0 1 1 0 1 0 1 0 1 0 0 0 1 1 1 1 1 0 0 0 0 1 0 1 0 0 1 1 0 1 1 0 1 0 0 1 1 0 0 1 1 1 0 0 1 1 0 1 1 1 0 1 1
1 1 0 0 0 1 1 0 0 0 1 1 0 0 1 1 0 0 1 0 1 1 1 1 1 0 0 0 0 1 0 1 1 1 1 0 0 1 1 0 0 1 0 0 1 1 0 0 1 0 1 0 1 1 1 1 1 1 0
0 1 0 1 1 1 1 1 1 1 1 1 1 1 1 0 1 0 1 1 0 1 1 1 0 0 1 0 1 0 0 0 1 0 1 0 1 1 0 0 0 0 1 1 0 0 0 0 0 1 1 1 0 0 0 0 0 1 1
0 0 1 1 1 0 0 0 0 0 1 0 0 0 1 1 0 1 1 1 0 1 1 0 0 0 1 1 1 1 0 0 1 0 1 0 1 1 0 0 1 1 0 1 0 0 0 0 1 1 0 0 0 1 0 1 1 1 0
1 0 1 1 0 0 1 0 1 1 1 0 0 1 0 0 1 0 0 0 1 0 0 1 1 1 0 1 0 1 0 0 0 1 1 1 1 1 0 1 0 1 1 0 0 0 0 0 0 1 1 0 0 0 1 0 0 1 0
1 1 0 0 0 0 1 1 1 0 0 0 0 1 1 1 1 1 1 0 1 1 1 0 1 0 0 1 0 0 1 0 1 1 0 1 1 1 1 1 1 0 1 1 0 1 1 0 0 0 0 1 0 1 0 0 1 1 0
0 1 1 1 1 1 0 1 1 0 1 1 1 0 1 0 0 0 0 0 0 0 0 0 0 1 1 1 1 0 1 1 1 1 0 0 0 0 0 0 1 0 1 0 1 1 1 1 1 1 1 1 1 0 1 1 1 0 0
1 1 0 1 1 1 0 1 1 0 0 1 0 1 0 1 0 1 0 1 1 1 0 1 1 0 1 0 1 0 1 1 1 1 0 0 1 0 0 0 1 1 0 0 1 1 1 0 1 1 1 1 1 0 0 0 0 0 0
0 1 1 0 0 1 1 1 1 0 0 0 0 1 0 0 0 0 1 1 1 1 0 1 0 0 0 0 1 0 1 0 0 0 1 1 0 0 1 0 0 0 0 1 1 0 0 1 1 1 1 0 0 1 0 1 1 0 1
0 1 0 1 1 0 1 1 0 1 1 1 0 1 0 0 0 0 1 0 0 0 0 1 1 0 0 0 0 0 1 1 0 0 1 0 1 0 1 1 0 1 1 0 0 1 0 1 1 1 1 0 0 1 1 0 0 0 1
0 1 0 0 1 1 0 0 1 0 0 1 1 0 1 0 0 0 0 0 1 1 0 1 0 0 0 0 0 0 0 1 0 0 0 0 1 1 1 1 1 0 1 0 0 0 0 1 1 0 1 1 1 0 1 0 1 1 0
0 1 0 0 0 0 1 1 0 1 0 0 1 1 0 1 1 0 0 1 0 1 1 0 1 0 0 1 0 1 0 0 1 1 1 0 1 0 0 0 1 0 0 0 1 1 0 0 0 0 0 0 0 1 1 1 1 0 1
0 1 1 1 1 0 1 1 1 0 0 0 0 0 1 1 1 0 0 1 0 1 1 1 0 0 1 0 0 1 0 0 0 1 0 0 1 0 1 1 1 1 0 0 1 0 0 1 0 0 1 1 1 0 0 0 1 1 1
0 1 0 0 0 0 0 0 1 1 0 0 0 1 0 1 0 0 1 0 0 0 0 1 0 0 0 0 1 1 0 1 1 0 1 0 0 1 1 0 1 1 0 1 0 1 1 1 0 0 0 0 1 0 1 1 1 1 1
0 1 1 0 0 1 1 1 0 1 1 0 0 1 1 0 1 0 1 0 0 1 1 1 1 1 1 1 1 1 1 1 1 1 0 0 1 0 0 0 1 1 0 0 1 1 0 0 0 0 1 0 0 0 1 0 0 1 1
1 0 1 0 1 1 0 0 1 0 0 1 1 0 1 0 0 1 1 0 1 1 1 1 0 1 0 1 0 0 1 0 1 1 1 0 1 1 0 1 1 0 0 0 0 1 0 1 0 1 0 0 1 1 0 1 0 1 0
0 1 1 0 0 1 1 1 1 1 0 1 1 0 0 1 0 0 0 0 1 1 1 1 0 1 0 0 0 0 1 1 1 1 1 1 0 0 0 1 1 1 0 1 1 0 0 0 0 0 1 1 1 1 1 0 0 1 1
1 1 0 0 1 0 1 1 0 0 0 1 1 1 0 1 1 0 1 0 1 0 0 0 1 1 0 0 0 1 1 1 1 1 0 1 1 1 0 0 0 0 0 1 0 0 0 0 0 0 1 1 1 1 0 0 1 0 1
0 0 0 0 1 1 0 0 0 1 0 1 0 0 1 0 1 1 0 1 0 1 1 1 1 1 0 0 1 0 0 0 0 0 1 0 0 1 0 1 1 1 0 1 1 1 1 1 1 1 0 0 0 0 0 1 0 1 0
1 1 1 1 0 0 0 1 1 1 1 0 0 0 1 0 0 1 1 0 1 0 1 0 0 1 1 1 1 1 1 1 0 0 0 0 1 1 0 0 0 1 1 0 1 1 0 0 1 1 0 1 1 0 0 0 0 0 1
1 1 0 0 0 0 1 1 1 0 0 1 1 1 0 0 1 1 1 0 0 0 1 1 1 1 0 1 1 1 0 1 1 1 1 1 0 1 0 1 0 1 1 1 1 0 1 0 0 0 0 0 1 1 0 1 0 1 0
0 0 1 1 0 0 0 0 0 0 0 1 1 0 0 1 0 0 0 0 1 0 1 1 0 0 1 1 0 1 0 1 0 1 0 1 0 1 0 0 1 0 0 0 1 0 0 1 1 0 0 1 1 0 0 1 1 1 1
1 0 1 0 1 0 0 1 1 1 0 0 0 0 1 1 0 0 0 0 1 1 1 0 0 1 0 0 1 1 1 0 0 0 0 1 0 0 1 1 1 1 1 1 1 1 0 0 1 1 1 1 0 1 0 1 0 0 0
0 0 0 1 1 0 1 0 0 1 0 0 0 1 0 0 1 1 1 0 0 1 1 1 0 1 0 0 1 0 0 1 1 0 0 1 0 1 1 1 0 1 0 1 0 0 1 0 0 0 1 1 0 1 0 1 0 1 0
1 0 1 0 0 0 1 0 0 0 1 1 1 1 1 1 0 1 0 0 0 1 0 1 1 1 1 0 0 0 0 1 0 1 1 0 0 0 1 0 1 0 1 1 1 1 0 0 1 1 1 0 0 0 0 1 0 0 0
1 0 0 0 0 0 1 1 0 0 0 0 0 0 0 0 0 1 1 0 0 1 1 0 1 1 1 1 1 0 0 0 0 0 0 0 1 0 1 1 0 0 0 1 0 1 0 1 0 0 0 1 1 1 0 1 1 1 1
0 1 1 0 1 0 1 1 0 0 0 1 0 0 1 1 0 0 1 1 1 1 0 1 1 0 1 0 0 1 0 0 0 1 1 1 0 0 1 1 1 0 0 0 0 1 1 0 0 1 0 0 1 1 0 1 0 1 0
0 0 1 1 0 1 0 0 0 0 1 0 1 0 0 0 0 1 0 0 0 0 1 1 0 1 1 1 1 1 0 0 0 1 1 0 1 0 0 1 1 1 0 0 1 0 1 1 1 1 1 0 1 1 1 1 0 0 1
0 1 0 0 1 1 1 0 0 0 1 0 1 0 1 1 1 1 1 0 1 0 1 1 1 0 0 1 1 1 1 1 1 0 1 1 0 0 0 0 1 0 1 0 1 0 0 1 1 0 0 0 0 1 0 0 0 0 0
0 1 0 0 0 1 0 1 0 1 0 0 1 1 1 1 0 0 0 0 1 0 1 1 1 0 1 0 0 0 1 0 0 1 0 1 0 1 0 1 0 1 1 1 1 1 0 1 0 1 1 0 1 0 0 1 0 0 1
1 1 0 1 1 0 0 1 0 1 0 0 1 0 0 0 1 0 0 1 1 1 1 0 0 0 1 0 1 1 0 1 0 1 0 0 0 0 0 0 0 1 0 1 0 1 0 0 0 1 1 0 1 1 1 0 0 1 0
1 1 1 0 1 0 1 0 0 0 0 0 1 1 0 1 1 1 0 0 0 1 1 0 0 1 1 1 1 1 1 0 0 0 0 0 1 1 0 1 0 0 0 1 0 1 1 0 1 0 1 1 0 0 0 0 0 1 1
0 1 0 1 0 1 0 1 1 0 1 0 0 1 0 1 0 1 0 1 0 0 1 0 1 0 1 1 1 1 0 1 1 1 0 0 1 1 0 0 0 0 0 0 1 0 0 0 1 1 1 1 0 1 0 0 1 1 0
1 0 1 0 1 0 0 0 0 0 1 0 1 1 0 0 0 0 0 1 0 1 1 1 1 1 0 1 1 0 1 1 0 0 1 0 0 1 0 0 0 1 0 1 0 0 0 1 0 1 0 1 1 0 1 0 1 1 0
1 1 1 1 0 1 1 1 1 0 1 1 1 1 1 0 0 0 0 1 1 0 0 1 0 0 0 1 0 1 1 1 0 0 0 1 0 0 1 0 0 1 1 0 1 1 1 0 0 0 1 1 1 0 1 0 0 0 0
1 0 0 0 0 1 1 0 0 1 0 0 0 0 1 1 0 0 1 0 0 0 1 1 1 1 1 0 1 0 0 0 0 1 1 1 1 0 0 0 0 0 0 0 1 0 0 0 1 0 0 1 0 0 0 1 0 0 1
1 1 0 1 1 0 1 0 0 0 1 1 0 0 1 1 0 1 0 0 0 0 1 0 1 1 1 0 1 0 1 1 1 1 0 1 0 1 0 1 0 1 0 0 0 1 0 1 0 1 0 1 0 0 1 0 0 1 0
0 0 0 1 0 0 1 0 1 0 1 1 0 0 1 1 1 0 1 0 0 0 0 0 0 0 1 1 0 1 0 0 1 0 1 1 0 1 1 1 1 1 1 0 0 0 1 1 1 0 1 0 0 0 1 0 0 1 1
1 0 0 1 1 0 0 0 1 0 1 1 0 0 0 0 0 0 0 0 0 0 0 1 0 1 0 0 1 0 0 1 1 0 1 1 1 1 0 0 0 0 1 1 1 1 0 0 1 1 1 0 1 1 1 0 0 1 1
1 1 1 1 0 0 1 0 1 1 1 1 1 0 0 1 1 0 1 0 0 0 1 0 1 1 0 0 1 0 0 1 0 1 1 0 1 0 1 0 0 1 1 0 0 1 0 1 1 0 1 1 1 0 0 0 1 0 0
0 1 0 0 1 1 1 1 1 0 0 1 0 0 1 1 1 1 1 0 1 0 0 0 0 1 1 0 1 1 0 0 0 0 1 0 1 0 0 1 0 1 0 0 0 0 1 0 1 0 1 1 0 1 1 0 0 0 0
1 1 1 1 0 1 0 1 0 1 0 0 1 1 1 0 1 1 0 0 1 1 1 0 0 1 0 0 0 0 0 1 0 1 1 0 1 0 0 1 1 1 0 1 0 0 0 1 0 1 1 1 0 0 0 1 1 0 1
1 1 1 1 1 1 0 0 1 0 0 0 1 0 1 1 0 1 0 0 1 0 0 0 0 0 0 1 0 1 1 1 0 1 1 0 1 0 0 0 0 1 1 1 1 1 0 1 1 1 0 0 1 1 0 0 0 0 1
1 1 0 1 1 1 0 0 0 1 1 1 0 1 0 1 1 1 1 0 0 1 1 0 1 0 0 1 1 0 0 0 1 1 0 0 0 0 1 1 1 1 0 1 1 1 1 1 0 1 1 0 1 0 1 1 0 1 1
0 1 1 1 0 1 1 1 1 0 1 1 1 0 1 1 1 0 1 0 1 1 1 0 1 1 0 1 1 1 0 0 0 1 0 1 0 0 0 1 1 1 0 1 0 1 1 0 1 0 0 0 1 0 0 1 0 0 0
0 0 1 0 1 0 1 0 0 0 1 1 0 1 0 1 1 0 0 1 1 1 1 0 1 1 1 1 0 1 1 0 1 0 1 1 0 1 0 0 1 1 0 1 1 1 1 0 0 1 1 0 0 0 1 1 0 0 0
0 0 0 0 0 0 0 1 0 1 1 0 0 0 0 0 0 0 0 0 1 1 0 1 1 1 0 0 0 0 1 1 0 1 0 1 1 0 0 0 1 0 0 0 0 1 1 1 0 1 1 0 0 1 1 1 1 1 0
0 1 0 1 0 1 0 0 0 1 0 1 1 1 1 0 1 0 0 1 0 0 1 1 1 1 0 1 1 0 0 1 1 1 1 1 0 1 1 0 1 1 1 1 0 0 0 1 1 0 1 0 0 1 1 0 1 1 1
0 1 0 1 0 0 0 0 0 0 0 0 1 0 1 1 0 0 0 1 0 1 1 0 0 1 0 0 1 0 1 1 0 0 1 0 0 0 1 1 0 1 0 0 0 1 1 0 1 0 1 0 1 1 1 0 0 0 1
0 0 0 1 1 0 1 1 0 0 0 1 1 1 0 1 0 1 1 1 0 1 1 1 0 1 1 1 1 1 1 1 0 0 0 0 0 1 1 1 1 1 0 0 1 0 0 0 0 1 1 0 1 0 1 0 1 1 0
1 1 1 1 1 1 1 1 1 1 0 0 0 0 0 0 1 1 1 0 0 0 0 0 1 0 1 0 0 1 0 0 0 1 1 1 1 0 0 0 1 0 0 1 1 1 0 0 0 0 0 1 0 1 0 0 0 1 0
0 1 1 0 0 0 0 0 1 0 0 0 1 1 0 0 1 0 0 0 0 0 0 0 0 1 0 1 1 1 1 1 0 0 0 0 1 0 1 1 0 1 1 0 1 0 0 1 0 0 0 1 1 1 1 1 1 0 1
1 0 0 1 1 0 1 0 0 1 1 0 1 0 0 1 1 0 0 0 1 0 1 1 1 0 0 1 0 0 0 0 0 1 0 0 1 1 0 1 1 1 0 1 0 1 0 0 1 0 1 1 1 0 1 1 0 0 1
1 0 0 1 0 1 1 0 1 1 1 0 1 0 1 1 0 1 1 0 1 0 0 0 1 1 1 1 0 1 0 0 0 0 0 1 0 0 0 1 1 0 1 1 0 0 1 0 1 1 0 0 1 1 0 0 1 1 0
1 1 1 0 0 1 0 1 0 0 0 1 1 0 0 0 1 1 1 1 0 1 1 1 1 0 0 1 0 0 0 1 0 1 0 0 1 0 0 0 0 0 0 1 1 0 1 1 1 0 0 1 0 1 1 1 1 0 0
0 0 1 0 1 0 1 0 1 0 0 0 0 0 0 1 0 1 1 0 0 1 0 1 1 0 1 0 1 1 1 0 1 0 0 0 0 1 0 0 0 1 0 1 0 0 1 1 1 1 0 0 0 0 0 1 0 0 1
0 1 0 0 1 0 0 1 1 1 0 0 1 0 0 1 1 0 1 1 0 0 1 1 1 1 0 0 1 1 0 0 0 0 0 1 0 0 0 1 0 0 1 0 0 0 1 0 0 1 1 1 1 0 1 0 0 1 0
1 0 1 1 0 0 0 1 0 0 0 1 1 1 1 1 1 0 0 0 1 0 0 1 1 1 1 1 1 0 0 0 1 0 0 1 0 0 0 1 0 1 0 1 1 1 1 0 1 1 1 1 0 1 0 1 1 1 1
0 0 1 0 0 0 0 0 1 0 1 1 0 1 1 1 1 0 0 1 1 1 1 0 0 0 1 1 1 0 0 1 0 0 0 0 1 0 1 0 1 0 0 1 0 1 1 0 1 1 1 1 0 0 1 1 1 1 0
0 1 0 0 1 1 1 1 0 0 0 1 1 0 0 1 0 1 0 0 1 1 0 0 0 1 0 1 0 1 1 0 0 1 0 1 0 1 0 1 1 1 1 0 0 0 1 0 0 0 1 0 0 1 0 1 1 0 1
0 0 1 1 1 0 1 1 0 1 1 1 0 0 1 0 1 0 0 1 0 1 0 0 0 1 0 0 0 0 0 0 1 0 1 0 0 1 0 1 0 1 1 0 1 1 0 1 0 0 1 1 1 0 0 0 0 0 0
1 0 1 0 1 1 0 1 0 1 1 1 0 0 1 1 1 0 1 1 1 1 1 1 0 0 1 1 1 0 0 1 0 0 0 0 0 1 1 1 1 1 0 0 1 0 1 0 0 0 0 0 0 1 0 0 0 0 0
1 1 1 0 0 0 0 1 1 1 0 0 0 1 0 0 1 0 0 0 0 1 0 0 0 0 0 1 0 1 1 1 1 1 1 1 1 1 0 0 1 0 1 0 0 1 0 1 1 0 1 1 1 0 1 0 1 1 1
1 0 1 1 1 0 0 0 0 1 0 1 1 0 1 1 1 1 1 0 1 0 0 1 0 0 1 0 0 0 1 0 0 1 0 1 1 0 0 0 0 1 1 0 0 1 1 1 0 0 1 0 0 0 1 0 0 1 0
1 0 0 0 0 1 1 0 1 1 0 1 0 0 0 1 1 1 1 1 1 0 0 1 0 1 0 1 0 0 1 0 0 1 1 1 1 0 1 1 1 0 0 1 1 0 1 0 1 1 1 0 0 0 1 1 1 1 0
0 0 0 0 0 1 0 0 1 1 1 1 1 0 0 0 0 1 0 1 1 1 0 0 0 0 0 0 0 1 0 0 1 1 1 1 1 0 0 1 1 1 1 0 1 0 1 1 1 1 1 0 1 1 0 0 0 1 0
0 0 1 0 1 0 1 1 0 1 1 0 0 0 0 0 0 1 1 0 0 1 0 0 0 0 0 1 1 1 1 1 1 1 0 0 1 0 1 1 0 0 0 0 0 1 1 1 1 0 0 1 0 1 0 0 1 0 1
1 0 0 0 0 1 0 1 0 0 1 1 0 1 1 0 0 1 1 0 0 1 0 0 1 0 0 1 1 1 0 1 0 0 1 1 0 1 0 1 1 0 0 1 1 0 0 1 1 0 0 0 1 0 1 1 1 0 1
1 1 1 1 0 1 0 0 1 1 0 1 1 0 1 1 1 0 0 1 0 0 0 1 1 0 0 1 1 1 0 0 0 0 1 1 1 1 0 0 1 1 0 0 1 0 0 0 0 1 1 1 0 1 1 1 0 1 1
1 0 1 0 1 0 0 0 0 1 0 1 1 1 1 0 0 0 1 0 0 0 0 0 0 1 0 1 1 0 0 1 0 0 1 1 1 0 0 0 0 1 0 1 1 1 1 0 0 0 1 0 0 0 1 1 1 0 1
0 1 1 0 0 1 1 0 1 0 0 0 1 0 1 1 0 1 1 1 0 0 1 0 1 1 1 0 0 1 0 0 1 1 0 0 1 1 1 0 0 1 1 0 1 0 0 0 0 1 0 1 1 1 0 1 0 0 0
0 0 0 0 1 0 0 0 0 0 0 1 1 1 0 0 1 1 1 1 0 1 0 1 1 0 0 0 0 1 1 0 1 1 1 0 0 0 0 0 1 0 0 0 0 0 0 0 0 0 1 0 0 0 0 0 0 1 1
0 1 1 0 1 0 1 1 0 0 0 0 0 1 1 0 1 0 0 1 1 0 1 0 0 0 1 1 0 1 1 0 1 1 0 0 0 1 1 1 0 0 0 1 1 1 0 1 0 1 1 1 1 0 1 0 1 0 0
0 1 1 0 0 0 0 0 1 1 1 0 1 1 0 0 1 1 0 1 0 1 0 0 1 1 1 1 1 0 0 0 1 0 1 1 1 1 0 1 0 1 1 1 1 1 0 1 1 0 0 0 0 0 1 1 1 1 0
0 0 1 0 1 1 1 1 0 0 0 0 0 0 1 1 0 0 0 0 0 1 0 1 0 1 1 0 1 0 0 1 1 1 0 0 1 1 1 0 0 1 0 1 0 1 0 1 1 0 1 0 0 1 0 0 1 1 0
1 1 0 0 0 0 0 1 1 1 0 1 0 0 1 1 0 0 0 1 0 1 1 1 1 0 0 1 1 1 0 0 0 1 1 0 0 1 0 1 0 0 1 1 1 0 0 1 1 1 0 1 1 1 0 0 0 1 1
0 1 1 1 0 0 1 1 1 1 0 0 0 0 1 0 1 1 1 0 0 0 0 0 0 1 0 1 0 0 1 0 0 0 0 0 0 0 0 0 0 0 1 1 0 1 0 1 0 1 0 0 0 1 1 0 0 0 0
0 1 1 1 0 1 0 0 0 0 1 0 1 0 1 1 0 0 1 0 0 0 0 1 0 0 0 0 1 0 1 0 1 1 1 1 1 1 0 0 1 0 0 1 1 1 0 0 1 1 1 0 0 0 1 0 1 1 1
0 0 1 0 0 0 1 1 0 1 0 1 1 0 1 1 0 0 1 1 1 1 0 0 1 1 1 1 1 0 0 1 1 1 0 1 0 1 0 0 1 0 0 0 1 0 1 1 1 1 1 0 1 1 1 0 1 1 1
0 1 0 1 0 1 0 1 1 1 1 0 1 0 1 0 1 0 1 1 1 1 0 0 1 0 0 1 0 0 0 1 0 1 1 1 0 1 1 0 0 0 1 0 1 0 0 0 0 1 0 1 0 0 1 0 1 0 0
0 0 1 0 0 1 0 0 0 0 0 1 0 0 1 1 1 1 0 0 0 0 1 0 0 0 0 1 0 1 1 1 0 0 0 1 0 0 1 0 0 1 0 1 1 1 0 0 1 1 0 0 1 0 1 0 1 0 1
1 0 0 1 1 1 1 1 1 0 0 1 0 1 1 0 0 0 1 0 0 1 1 1 1 0 0 1 0 1 0 1 1 0 0 1 1 0 0 0 1 0 0 1 0 0 1 0 1 1 0 1 0 1 1 0 0 0 0
0 0 1 1 0 0 0 1 0 0 0 1 1 1 0 0 1 0 1 0 0 0 1 1 1 1 0 1 0 0 1 0 0 1 1 1 0 0 1 0 1 0 1 0 1 1 1 1 0 1 0 1 1 0 1 0 0 1 1
1 1 1 0 0 0 1 1 1 1 1 0 1 1 0 1 1 0 1 1 1 1 1 0 1 0 1 0 1 0 0 1 0 0 1 1 0 1 1 1 0 0 0 0 0 0 1 1 0 0 1 1 1 0 0 1 1 1 1
1 0 1 0 1 0 1 1 1 0 1 0 0 0 0 1 0 0 0 0 0 0 1 1 0 1 0 0 0 1 0 0 1 1 1 0 0 0 0 0 1 1 1 1 0 1 1 0 0 1 0 1 1 1 1 1 1 0 1
1 0 1 1 1 1 1 0 0 0 1 1 0 1 0 0 1 1 1 0 1 0 1 0 1 1 1 0 1 0 1 1 0 0 0 0 1 1 0 1 1 0 1 0 1 0 1 0 1 1 0 1 0 0 0 1 1 1 0
1 1 1 1 0 1 1 0 1 0 1 1 1 0 0 0 1 1 1 0 1 1 1 0 1 0 1 0 1 0 0 1 1 0 0 0 1 0 1 0 0 1 0 1 1 0 0 0 0 0 0 0 0 0 1 0 1 0 1
1 1 0 1 0 0 0 1 0 0 1 0 0 0 0 1 0 1 1 1 1 0 1 0 0 0 1 0 0 1 0 1 0 1 1 0 0 1 0 1 1 0 1 0 1 1 1 1 1 1 0 0 0 1 1 0 0 0 0
0 1 1 0 0 1 0 0 0 0 0 1 0 1 1 0 1 0 1 0 1 0 1 0 0 1 0 1 1 0 0 0 0 1 0 0 0 1 0 0 0 0 0 0 0 1 0 1 0 0 0 1 0 1 0 0 1 1 0
1 0 0 0 1 0 0 0 0 1 0 0 1 1 0 0 0 1 1 0 0 0 1 1 0 0 0 1 0 1 1 0 0 1 0 0 1 0 1 1 1 1 1 0 0 1 1 0 0 1 1 1 1 1 0 0 1 1 0
1 0 0 0 1 0 0 1 1 0 1 1 0 0 1 0 1 1 0 0 1 1 1 1 1 1 0 1 1 0 1 0 0 0 0 0 0 0 1 1 1 1 1 1 0 1 1 1 0 0 1 1 0 0 1 0 1 0 0
0 0 0 1 1 1 0 1 1 1 0 0 0 1 0 0 0 1 1 0 1 0 0 1 0 0 0 1 0 0 1 0 1 1 1 0 0 1 0 0 1 1 1 1 1 1 1 1 1 0 0 0 0 0 0 0 1 0 0
0 0 0 1 1 0 1 1 0 1 0 0 0 0 1 1 0 1 0 1 1 0 1 0 1 0 0 1 0 0 0 1 1 1 1 1 1 0 1 1 0 1 0 1 1 0 1 1 1 0 0 0 1 1 1 1 1 0 0
0 0 0 1 1 0 1 0 1 0 0 0 1 0 1 1 1 0 0 1 1 0 1 1 0 0 0 0 1 0 1 0 0 0 0 1 0 1 0 0 1 0 0 1 1 1 1 1 0 0 1 1 1 1 1 1 0 1 1
1 1 0 1 0 0 1 0 1 1 1 1 1 1 1 0 0 1 1 1 1 1 1 0 0 1 0 0 0 1 1 1 1 0 0 0 1 1 1 1 0 1 0 1 0 1 0 0 0 1 1 0 0 1 1 0 1 1 0
0 0 1 1 0 1 0 0 0 0 0 0 1 1 1 0 1 0 1 1 0 0 0 1 0 1 1 0 0 0 1 1 1 0 1 1 1 0 0 1 0 0 0 0 0 1 0 1 1 1 0 1 0 0 1 0 0 0 0
1 0 0 0 0 1 0 1 1 1 0 0 1 0 1 0 0 1 1 1 0 1 0 0 0 0 1 1 1 0 1 1 1 0 1 1 0 0 0 0 1 0 0 0 0 0 1 0 1 1 0 1 0 0 0 1 0 0 1
0 0 1 0 0 1 0 1 1 1 1 0 1 0 1 0 0 1 0 1 1 0 0 1 1 1 0 1 0 1 0 0 0 0 0 1 1 1 0 1 0 1 0 1 0 0 0 1 1 0 1 1 0 0 0 0 1 0 1
0 1 1 0 0 1 1 1 0 1 0 1 0 0 0 0 0 1 0 1 0 0 1 1 0 1 1 1 0 1 1 1 0 1 1 0 1 1 0 0 1 1 0 1 0 1 0 1 0 1 1 1 1 0 0 1 0 1 0
0 1 0 0 0 1 0 1 1 0 0 1 1 0 1 1 0 0 1 0 0 1 1 1 0 0 1 1 0 1 1 0 1 0 0 1 1 1 0 1 0 1 0 1 1 1 1 1 0 1 0 0 0 1 1 0 0 1 1
1 0 1 1 0 1 1 0 1 1 0 0 1 0 1 0 0 1 0 0 1 0 1 0 0 0 0 0 1 0 0 0 1 0 1 0 0 1 1 1 0 0 1 1 0 0 0 0 0 0 0 1 1 0 0 0 0 0 0
1 1 1 0 1 1 1 0 1 1 1 0 1 0 1 0 1 1 0 1 1 0 1 0 0 1 0 1 0 0 1 1 1 1 0 0 0 1 0 0 1 0 0 0 1 0 0 0 1 0 1 0 1 0 1 0 0 1 0
0 1 1 1 1 1 0 1 0 0 0 1 0 1 0 1 0 1 1 1 1 1 0 0 0 1 1 0 0 0 1 1 1 1 1 1 0 1 1 1 0 0 1 0 0 0 0 1 1 0 1 0 1 0 0 0 1 1 0
1 1 0 0 1 1 1 0 1 0 1 1 1 1 1 1 1 0 0 1 1 0 1 0 1 0 0 0 0 0 0 0 0 0 1 1 0 0 1 0 1 1 1 0 1 1 0 1 0 0 1 0 0 1 0 0 1 1 1
1 1 1 0 1 0 1 1 1 1 1 0 0 1 1 1 1 1 1 0 1 1 0 1 0 1 0 1 1 1 0 0 1 0 0 1 0 1 0 0 0 0 0 0 1 0 1 1 0 1 0 1 0 0 0 0 1 1 1
1 0 1 0 1 0 0 1 0 1 0 1 1 0 1 1 1 1 1 1 0 1 1 0 0 0 0 0 0 0 1 0 1 0 1 1 0 1 1 0 0 0 0 1 0 1 0 1 0 0 0 1 0 0 0 0 0 0 0
0 0 1 1 0 1 0 1 1 1 0 1 0 1 0 0 1 1 0 1 0 0 1 0 0 1 1 1 0 0 1 0 1 1 1 1 1 0 0 1 1 0 1 0 0 0 1 1 0 1 0 1 0 1 0 0 1 0 0
0 0 0 1 0 1 1 1 1 0 0 1 1 1 1 0 1 1 0 0 1 0 1 0 1 1 1 1 0 0 0 1 0 1 0 0 0 1 1 1 0 1 0 0 1 1 1 1 0 1 0 1 1 1 1 0 1 0 1
0 0 0 0 1 1 0 0 0 1 0 0 0 1 1 1 0 0 1 1 1 0 0 1 0 1 1 0 0 1 0 1 1 0 1 0 1 1 1 0 0 0 1 0 1 0 1 0 1 1 1 0 1 1 0 0 1 0 1
0 0 0 0 1 1 0 1 0 1 1 0 1 0 0 1 0 0 0 0 0 1 1 0 1 1 1 1 0 0 1 0 0 1 1 0 1 0 0 1 0 1 1 1 0 1 1 0 1 1 1 0 1 1 1 0 1 0 0
1 0 0 1 0 0 0 1 1 0 0 1 0 0 0 0 0 1 0 1 1 0 1 0 0 0 0 0 0 0 0 0 1 1 1 0 0 0 0 0 0 0 0 0 1 1 0 1 1 0 1 0 0 0 0 1 0 1 1
0 0 1 0 1 0 0 1 1 1 0 0 0 0 1 1 1 0 1 1 1 0 0 0 1 0 0 1 1 1 1 1 1 0 1 1 1 0 1 0 1 1 1 1 0 1 0 1 1 0 1 1 1 0 0 1 0 0 0
0 1 1 0 0 0 1 0 1 0 1 0 1 0 1 0 0 1 1 1 0 1 1 1 1 0 0 1 0 1 0 0 1 1 0 0 0 1 0 0 1 0 1 1 0 1 1 1 1 0 1 0 1 0 1 0 0 1 0
1 1 1 0 1 0 1 1 1 0 0 1 1 1 1 0 1 0 0 0 0 0 1 1 1 0 1 0 1 0 1 1 0 1 0 1 1 1 1 0 1 0 0 1 0 1 0 0 1 0 0 1 1 0 0 1 1 0 1
0 1 0 1 1 0 1 1 0 1 1 1 1 1 0 1 0 1 0 0 1 0 1 1 0 0 1 0 1 1 0 0 1 0 1 0 1 1 0 1 0 0 0 1 0 0 0 1 0 1 0 0 0 0 1 1 1 1 1
1 1 0 1 0 0 1 0 1 1 0 0 0 0 1 0 0 0 0 0 0 0 1 0 0 1 0 1 0 1 0 1 0 0 1 1 0 1 0 0 0 1 0 1 0 0 0 1 1 0 0 1 0 0 1 1 0 0 0
0 0 0 0 1 1 1 0 0 1 0 0 1 1 0 0 0 1 0 1 1 1 0 0 1 0 1 0 1 1 1 1 0 0 1 0 1 1 0 1 1 0 0 0 0 0 1 1 0 0 1 0 1 1 1 0 1 1 0
1 1 1 0 1 1 0 0 1 0 0 0 0 0 1 0 1 0 0 1 0 0 1 1 0 1 1 0 1 1 1 0 1 0 0 0 0 0 0 0 0 1 1 1 0 1 1 0 0 0 0 0 0 0 0 1 0 1 0
1 1 0 1 0 0 0 0 1 0 0 1 1 0 0 0 1 1 1 1 0 0 1 1 0 0 1 1 1 0 1 0 1 1 1 0 1 1 0 0 1 1 1 0 1 1 0 0 1 0 1 1 1 1 1 1 1 1 0
1 1 0 1 0 0 1 1 1 0 0 0 0 1 1 1 1 1 0 1 0 0 1 1 1 1 0 0 0 1 0 0 0 1 0 0 1 0 1 1 0 0 1 0 0 1 1 1 1 1 1 1 0 1 0 1 0 0 0
0 1 0 1 1 1 1 0 0 0 0 0 1 1 1 1 1 1 1 0 1 1 0 1 1 1 0 0 0 1 1 0 0 0 0 1 0 0 1 1 0 1 1 1 1 0 0 0 0 1 1 1 1 0 1 1 1 1 1
1 1 0 1 0 0 0 1 0 1 0 1 1 0 0 1 1 1 0 1 0 0 0 1 0 0 1 1 1 1 0 1 0 0 1 0 1 0 0 1 1 1 1 1 0 1 1 0 0 1 0 1 1 1 0 1 1 0 1
0 0 0 1 1 0 1 0 0 0 0 1 0 1 1 0 1 0 1 1 1 0 0 1 1 1 1 1 1 1 0 1 0 1 0 0 1 1 1 0 1 1 0 0 0 0 1 0 0 0 0 1 1 0 1 1 0 0 1
1 1 0 0 0 0 0 1 0 0 0 0 0 0 1 1 0 1 0 1 1 1 0 1 1 1 0 1 0 0 1 0 0 0 0 1 1 1 0 0 0 0 1 0 1 1 0 0 1 0 1 0 0 0 1 1 0 0 0
0 0 0 1 1 0 0 0 1 1 1 0 1 0 0 1 1 0 1 1 0 1 1 0 0 1 1 1 1 0 1 0 0 0 1 1 1 0 0 1 0 0 0 1 1 0 1 1 0 1 0 1 0 0 0 0 1 0 1
0 0 1 1 1 0 0 1 1 1 0 0 1 1 1 1 0 1 1 0 1 0 1 1 1 1 0 0 1 0 0 0 0 0 0 1 1 0 1 0 1 0 0 0 0 0 0 0 0 0 0 0 1 0 0 0 0 1 1
0 1 0 1 1 1 0 0 0 0 0 0 0 1 0 0 0 0 0 0 0 1 1 1 1 1 0 0 1 1 0 1 1 1 1 0 0 0 0 1 1 0 1 1 0 0 0 0 1 0 0 1 1 0 1 1 1 0 0
1 1 1 0 0 1 0 1 1 1 1 1 1 1 1 1 1 0 0 1 1 1 0 1 0 1 0 0 1 1 0 0 1 0 1 0 0 1 1 0 1 0 1 0 0 0 1 1 1 1 0 0 1 1 1 1 1 0 0
1 0 1 0 0 0 0 1 1 0 1 1 0 1 0 1 0 1 1 0 0 1 0 0 1 1 0 0 1 1 0 1 0 0 0 1 1 0 0 0 1 1 1 0 0 0 0 0 0 0 1 1 1 1 0 1 0 0 0
0 0 0 0 0 1 1 0 1 0 1 0 1 0 0 0 1 1 0 0 0 0 1 0 1 0 0 1 1 0 1 1 0 1 0 0 0 1 1 0 1 1 1 1 1 1 1 0 0 1 1 0 0 1 0 1 0 1 0
1 1 0 0 0 1 1 1 0 0 1 1 1 1 1 1 0 1 1 1 1 0 0 0 1 0 0 0 1 0 0 1 1 0 0 0 1 1 0 1 1 1 0 1 1 1 1 1 0 0 0 1 0 0 0 0 0 1 0
1 0 1 1 0 0 1 0 0 1 0 1 0 1 1 1 1 1 1 1 0 1 0 1 0 0 1 1 0 1 0 0 0 0 1 1 1 1 0 0 0 1 0 1 1 0 1 0 0 0 1 0 1 1 1 0 1 1 0
1 1 1 1 0 0 0 0 1 0 1 0 0 0 0 0 0 0 1 1 0 1 1 0 1 1 1 0 1 0 1 0 1 1 0 1 0 0 1 1 0 0 0 1 1 0 1 0 1 1 1 0 1 0 0 0 0 0 0
0 0 0 1 1 0 0 1 1 1 0 0 1 0 0 1 1 1 0 0 0 1 0 0 1 1 1 1 0 1 0 0 0 1 0 0 0 1 0 0 1 0 0 1 1 0 0 1 0 1 1 0 0 0 0 1 1 1 0
1 0 1 1 0 0 1 0 1 0 0 0 1 1 1 0 1 1 1 1 1 1 1 0 0 0 0 1 1 0 1 1 1 0 1 0 0 0 1 1 1 1 1 0 1 0 1 1 0 0 1 1 0 1 1 0 0 0 1
0 1 1 0 1 1 0 1 0 1 1 1 1 1 0 0 1 0 0 1 1 0 0 1 1 0 0 1 1 1 0 1 0 0 0 0 1 0 0 0 0 1 1 1 1 1 0 1 1 0 0 1 1 0 1 0 1 1 1
1 0 1 1 1 0 1 1 0 0 1 0 0 1 1 1 1 1 0 1 0 1 0 0 1 0 1 0 0 0 1 0 0 1 1 0 0 0 0 0 0 1 0 1 0 0 1 1 1 1 0 1 0 1 1 1 1 1 0
0 0 1 1 1 0 1 0 1 1 1 1 0 0 1 1 1 1 0 0 0 0 1 1 1 0 1 1 1 1 0 1 1 1 0 1 1 0 0 1 0 1 1 1 1 0 0 0 1 0 1 1 1 1 0 0 1 1 1
0 0 1 1 1 0 1 1 0 1 0 0 0 1 1 0 0 1 0 0 1 1 1 1 0 1 0 0 0 1 0 1 0 0 0 1 0 1 1 1 1 0 1 0 0 0 1 1 1 1 0 0 1 0 1 0 0 0 1
1 0 1 0 0 0 1 0 0 1 1 1 1 0 0 1 0 0 0 1 0 1 0 0 0 1 1 1 1 1 0 1 1 1 1 1 1 0 0 0 0 1 1 0 1 0 1 0 1 0 0 1 0 1 1 0 0 0 0
0 0 1 1 1 0 1 1 1 0 0 1 1 1 0 1 0 1 0 1 0 1 0 1 1 0 1 1 1 1 0 0 0 0 1 1 0 0 1 0 0 0 1 0 0 1 0 1 0 0 1 1 0 1 0 1 0 1 1
1 1 0 1 1 1 1 1 0 1 0 0 1 0 1 0 0 0 0 1 1 1 1 1 1 0 1 1 0 0 1 0 0 0 1 0 1 1 0 0 1 0 0 0 0 0 1 1 1 0 0 1 1 0 0 0 1 0 0
0 1 0 1 0 1 1 1 0 0 1 0 1 0 1 0 1 1 0 0 0 0 1 1 0 1 1 0 0 1 0 1 0 0 0 0 1 0 1 1 0 1 1 1 0 1 1 1 0 0 0 0 0 1 0 1 1 1 0
0 0 1 1 0 0 1 1 1 0 1 1 0 1 1 1 1 0 0 0 1 0 0 1 1 1 1 0 0 0 1 1 0 0 0 1 0 1 0 1 1 0 0 1 1 1 0 1 1 0 0 1 0 1 0 0 1 0 0
1 1 1 0 1 0 0 0 1 0 0 0 0 1 0 0 1 0 1 0 0 1 0 0 1 0 1 1 0 0 1 0 1 0 0 0 0 0 1 1 0 0 1 0 1 0 0 0 1 1 0 1 1 0 1 0 1 1 1
0 1 0 1 1 0 1 0 0 1 0 0 1 0 0 0 0 1 0 0 1 1 1 1 0 0 1 0 0 1 0 0 1 0 1 1 1 0 0 1 1 0 0 0 1 1 1 1 1 0 1 1 0 0 0 0 0 1 0
0 1 1 1 1 1 1 0 0 0 0 1 0 0 0 1 1 1 1 1 1 1 0 0 1 1 0 1 1 1 0 1 1 1 0 1 1 0 1 1 0 0 1 0 1 1 0 1 1 1 0 0 0 0 1 0 0 1 1
1 0 0 0 1 1 1 0 0 0 0 1 0 1 0 0 1 0 0 0 1 1 0 1 0 1 0 0 0 0 1 1 0 0 0 1 0 0 0 0 1 1 0 0 1 0 0 1 1 0 1 0 0 0 0 0 0 1 0
1 0 1 0 0 0 0 1 0 0 0 0 1 0 1 0 1 1 0 1 1 1 1 0 1 0 0 0 1 1 0 1 1 0 1 0 1 1 1 1 1 1 0 0 1 1 0 1 0 1 0 0 1 1 0 0 0 1 1
0 0 0 0 1 1 0 0 1 0 1 0 1 1 1 1 1 0 1 0 0 0 0 0 0 1 0 0 0 0 1 1 0 1 0 1 1 0 0 0 0 0 1 0 0 0 0 0 0 1 1 0 1 0 0 1 1 1 1
1 0 0 0 1 0 1 0 1 0 0 1 0 0 0 1 0 0 1 1 0 1 0 0 0 1 0 1 0 0 0 0 1 1 0 0 1 1 0 1 0 0 1 0 0 0 1 0 0 0 0 1 0 0 1 0 0 0 1
1 0 1 0 1 1 0 1 0 0 0 0 1 0 1 0 1 1 0 1 1 1 0 1 0 0 1 0 0 1 0 0 0 1 1 1 0 1 1 1 1 0 0 1 1 1 0 1 0 0 1 0 1 1 1 1 0 0 1
0 1 0 1 1 1 0 0 1 0 0 0 0 1 0 1 1 1 1 0 1 1 1 1 1 0 1 1 0 0 0 0 1 0 1 1 0 0 0 0 0 0 0 0 0 1 0 0 0 1 0 0 1 0 1 1 1 1 0
1 0 1 0 1 1 1 1 1 1 0 0 0 1 0 1 0 1 1 0 1 1 1 1 0 1 1 1 0 0 0 1 0 1 1 1 1 0 1 1 0 1 1 0 1 1 0 0 0 1 1 0 0 0 0 0 1 0 0
1 0 1 0 1 1 1 0 1 0 0 0 1 1 0 0 0 1 1 0 1 0 1 0 1 0 0 0 0 1 0 0 0 0 0 1 1 0 0 0 0 0 1 1 1 1 0 1 1 0 0 0 1 0 1 1 1 1 0
1 0 1 1 1 0 1 0 1 1 0 0 0 1 0 1 0 1 1 1 0 0 1 0 0 0 0 0 0 0 0 1 0 0 0 1 0 1 0 0 1 1 0 0 1 0 1 1 1 0 0 0 1 1 0 0 0 1 1
0 1 0 0 0 0 1 0 1 0 0 1 0 0 0 0 1 0 1 1 0 1 0 0 1 0 0 0 1 1 1 1 0 1 0 1 1 0 1 0 1 1 0 1 1 1 0 1 0 1 1 0 1 1 0 1 0 1 1
0 0 0 1 0 0 0 1 0 1 0 0 0 0 1 1 1 0 1 0 1 0 1 0 1 1 1 0 1 0 1 1 1 0 1 0 0 1 0 1 0 1 0 1 1 1 1 1 0 0 1 1 1 0 1 1 1 0 0
1 1 1 1 0 0 0 1 0 0 1 1 0 1 0 0 1 0 1 0 1 1 0 1 1 0 1 1 1 1 1 1 0 1 1 1 1 0 1 1 0 1 1 1 1 1 1 1 0 0 1 0 0 1 1 1 0 0 0
0 0 0 0 0 0 0 0 0 0 0 1 1 0 1 1 0 0 1 1 1 1 0 1 0 0 1 0 1 1 0 0 0 0 0 0 0 0 0 0 0 1 1 1 1 0 0 0 0 0 0 0 1 0 0 0 1 0 0
0 1 0 0 0 0 0 0 0 1 1 0 1 0 1 0 1 0 0 0 0 0 0 0 1 1 1 0 0 0 1 0 1 1 1 0 1 1 0 1 1 0 1 0 1 0 1 0 1 0 0 1 0 1 1 0 1 1 1
0 1 0 0 1 0 1 1 0 0 1 0 0 1 1 0 0 1 0 1 0 1 1 1 0 1 0 0 0 0 1 1 0 1 1 0 1 1 0 0 0 0 1 0 1 1 0 0 1 0 0 1 1 1 0 1 1 1 1
1 0 0 0 0 0 1 1 0 0 1 1 1 0 1 0 0 0 0 0 0 0 0 0 1 0 1 0 1 1 0 1 1 0 0 0 0 1 0 0 0 0 1 0 0 0 0 1 0 0 0 0 1 1 1 0 0 0 1
0 1 1 1 1 1 1 1 1 0 1 0 0 1 0 1 1 1 1 1 0 0 0 1 0 0 0 1 0 0 0 1 1 0 0 0 1 1 1 1 0 0 0 1 1 1 0 0 0 0 1 0 1 1 0 1 0 0 0
1 0 0 1 1 0 0 0 0 1 0 0 1 1 0 1 0 0 1 1 1 0 1 0 0 0 0 0 1 1 0 1 0 1 1 1 0 1 0 1 1 1 1 0 1 0 0 0 1 0 1 0 0 0 0 1 1 0 0
0 1 1 1 1 1 1 0 0 1 0 0 1 0 0 1 0 0 0 0 0 0 0 0 1 1 0 1 1 0 1 1 1 0 1 0 1 1 0 1 1 0 0 0 0 0 1 1 1 1 0 0 1 0 0 1 0 1 1
0 1 0 1 0 1 1 1 1 0 1 1 0 0 0 0 1 0 0 0 1 1 0 0 1 0 0 1 0 0 1 0 1 1 1 0 0 0 0 0 0 0 0 1 0 0 1 1 1 1 1 1 1 0 0 0 0 1 1
1 0 1 1 1 0 0 1 0 0 0 1 0 0 1 0 1 0 0 1 0 0 1 0 1 1 0 1 0 0 0 1 1 1 0 1 1 1 1 1 0 1 1 0 0 0 0 1 0 0 1 0 0 0 0 1 0 1 0
0 0 1 0 0 0 1 1 0 1 0 1 0 1 0 1 1 0 1 0 1 1 1 0 0 0 0 0 0 0 1 0 0 1 1 0 1 1 1 0 1 1 1 0 0 0 1 1 1 0 0 0 1 0 0 1 0 0 1
1 1 1 1 0 0 1 1 1 1 0 1 0 0 0 0 1 0 0 0 1 1 1 1 0 0 1 1 1 0 1 0 1 0 0 0 0 1 1 0 0 0 1 1 0 1 1 1 1 0 1 1 0 1 0 1 1 1 0
0 1 1 1 0 1 0 0 0 0 1 0 0 1 0 1 0 0 0 1 1 0 0 1 1 0 0 0 0 0 0 0 0 1 1 1 1 1 1 1 0 1 0 1 1 1 1 0 1 0 0 1 0 0 0 0 1 1 1
0 0 0 0 0 1 1 1 1 1 0 1 0 0 1 0 1 0 1 1 0 1 0 0 0 0 1 0 0 1 1 0 0 1 1 0 1 1 1 0 0 1 1 1 0 1 1 0 0 1 0 0 0 0 0 1 1 1 0
0 0 0 1 1 1 0 0 1 0 1 1 1 0 1 1 1 0 0 1 0 0 0 1 1 1 1 0 0 1 0 1 1 1 1 0 1 0 0 0 0 0 0 0 0 1 0 1 0 0 0 0 1 0 1 1 1 0 0
1 1 1 1 0 1 0 1 0 1 1 1 1 1 1 0 0 0 0 1 0 0 1 0 1 0 1 0 0 1 0 1 0 0 0 0 1 0 1 1 1 0 0 1 1 1 0 1 1 1 1 1 1 1 0 1 0 1 1
0 0 1 0 1 0 1 1 1 1 1 1 0 0 1 0 1 0 1 0 0 0 1 1 0 0 0 0 1 0 1 1 0 1 1 1 0 1 0 1 1 0 0 0 1 0 0 1 0 1 0 0 0 0 1 0 1 1 0
0 1 1 1 0 0 0 1 0 1 0 0 0 1 1 0 0 0 1 1 0 1 1 0 0 0 1 0 0 0 0 1 0 0 0 0 0 1 1 0 0 0 1 1 0 0 0 1 1 0 0 1 0 1 0 0 0 1 1
0 0 0 0 0 1 0 1 1 1 0 0 1 1 1 1 0 1 0 0 0 0 1 1 1 1 1 1 1 0 1 1 0 0 1 1 1 1 1 1 1 0 0 1 1 0 1 0 1 1 1 1 1 0 0 1 1 1 0
0 0 1 1 0 0 1 0 0 0 0 0 1 0 0 1 0 1 1 1 1 0 0 1 1 1 0 0 1 0 1 0 1 1 0 1 1 1 0 0 1 1 0 0 1 1 1 1 0 1 0 1 0 1 0 1 1 1 0
1 0 0 1 0 0 1 1 1 1 1 0 0 1 0 0 1 0 0 0 0 1 1 0 0 1 1 0 1 1 0 0 0 1 1 1 0 1 0 1 1 0 0 1 1 0 0 0 1 0 1 0 1 0 1 1 0 0 1
1 1 1 1 1 0 1 0 0 0 0 1 0 0 1 0 1 1 0 0 1 1 0 1 0 1 0 1 1 0 1 1 0 0 1 1 1 1 1 1 1 0 0 1 0 0 0 0 1 1 0 1 1 1 1 0 0 1 1
0 1 0 1 0 1 1 1 0 0 0 0 0 0 0 0 0 1 1 1 0 1 0 1 0 1 0 1 1 1 1 0 0 0 1 0 1 1 1 1 1 0 1 1 1 0 1 0 1 1 0 1 1 1 0 1 0 0 0
1 0 0 0 0 1 0 0 1 1 0 0 1 0 0 0 1 1 0 1 1 1 1 1 0 1 1 1 1 1 0 1 0 1 0 1 1 1 1 0 1 0 1 0 0 0 0 1 0 0 0 1 0 0 1 0 0 1 0
0 0 1 1 0 1 0 0 1 1 0 0 1 1 0 1 0 0 0 0 0 1 0 1 0 0 1 1 1 1 0 0 0 0 0 1 1 1 1 0 0 0 0 1 0 1 0 0 1 1 0 0 1 0 0 1 0 0 1
1 0 0 1 1 0 1 1 0 1 1 1 0 1 1 1 1 1 0 0 1 0 1 1 1 0 1 1 1 1 0 0 1 1 1 0 0 1 0 1 1 0 1 1 1 1 1 0 0 1 0 0 0 0 1 0 1 1 0
0 1 0 0 0 1 1 0 0 0 0 1 0 1 1 0 0 1 1 1 1 1 1 0 1 1 0 1 0 0 0 1 0 0 1 0 0 0 1 0 1 1 0 0 0 1 1 1 0 1 1 1 0 0 0 0 0 0 1
1 0 0 1 0 1 0 0 1 1 1 0 0 0 0 0 0 0 0 0 1 1 1 1 0 1 1 0 0 0 1 1 1 0 0 0 1 0 1 1 0 1 0 0 1 1 0 1 1 0 1 1 0 1 0 1 1 0 1
1 0 1 0 1 0 1 1 1 1 0 0 0 1 1 0 0 1 0 0 0 0 0 0 0 0 1 1 1 1 0 1 0 0 1 1 1 1 0 1 1 1 1 0 1 1 1 1 1 1 0 0 0 1 1 1 1 1 0
0 0 1 1 1 1 1 1 1 0 0 0 0 1 1 1 0 0 1 1 1 1 1 1 1 0 0 0 0 1 1 0 1 0 0 0 0 1 0 1 0 0 1 0 1 0 0 0 1 1 1 0 0 0 1 0 0 0 0
1 1 1 1 0 1 0 0 1 0 0 1 1 1 1 0 1 1 0 0 1 0 1 1 1 0 1 1 1 1 1 1 0 0 0 0 0 1 1 1 1 1 0 1 0 0 1 1 0 1 0 0 1 0 0 0 0 1 0
1 1 0 0 1 0 1 0 0 1 0 0 0 0 1 0 1 1 1 0 1 1 0 1 1 0 0 0 0 0 0 0 0 0 0 0 0 1 0 0 1 1 1 1 1 0 0 1 1 0 1 1 0 1 0 1 1 1 1
0 0 1 1 1 0 1 0 0 1 1 1 1 0 1 1 0 0 0 0 1 0 0 0 0 0 1 1 1 1 1 0 1 1 1 1 0 0 0 0 1 1 1 1 0 0 0 1 0 0 1 1 1 0 0 0 0 0 1
1 1 1 0 0 1 0 0 0 1 1 1 0 1 0 0 0 0 0 1 1 0 1 1 1 0 1 0 0 1 1 1 0 1 1 0 0 1 1 1 1 0 1 0 0 0 1 0 0 1 1 1 1 0 1 1 0 0 1
1 1 0 0 1 0 0 0 0 0 0 0 1 0 1 0 1 0 1 0 1 0 0 0 1 0 0 1 1 1 0 1 1 1 1 0 0 0 0 0 1 0 0 0 0 1 1 0 1 1 0 1 0 1 1 1 0 1 1
1 0 0 1 1 0 0 1 0 0 1 1 0 0 1 1 0 1 1 1 0 0 0 0 1 1 0 1 0 1 1 1 0 1 1 1 1 0 1 1 1 0 1 1 0 1 1 0 0 0 1 1 0 0 0 0 1 1 1
0 1 0 0 0 0 0 1 0 0 1 1 0 1 0 0 1 1 0 1 0 1 0 0 0 1 1 1 0 1 1 1 0 0 1 0 1 0 1 0 0 0 0 0 1 1 1 1 0 1 1 0 1 1 1 1 1 1 1
0 1 0 0 1 1 1 0 0 1 0 1 0 1 0 0 0 0 1 0 0 0 0 1 1 0 1 1 0 0 1 0 0 0 0 1 0 0 0 1 0 0 0 1 0 0 1 1 0 0 0 1 1 0 1 1 1 1 0
0 1 0 0 1 1 1 0 1 0 0 1 1 0 1 0 0 1 0 1 0 0 0 1 0 0 0 0 1 0 0 1 0 0 0 1 0 0 1 0 0 1 0 0 1 0 1 0 1 0 0 0 1 1 0 0 1 1 1
1 1 0 0 0 0 1 0 1 1 0 0 1 1 1 0 1 0 0 0 0 1 1 1 1 0 1 1 1 1 1 0 1 0 0 1 1 0 1 1 0 1 0 1 1 1 0 1 1 1 1 0 0 1 1 1 1 0 0
0 0 0 0 0 1 0 1 0 0 1 0 0 0 0 0 1 0 0 0 1 1 0 0 1 1 1 1 1 1 1 0 0 0 1 1 1 0 1 1 1 1 0 0 0 0 0 0 0 1 1 1 1 0 1 0 1 1 1
1 1 0 1 1 0 1 1 1 1 1 0 1 0 0 0 1 0 1 1 1 1 0 0 1 1 1 1 0 1 0 1 1 1 1 0 1 0 1 0 0 1 1 0 0 0 0 1 1 0 0 0 0 1 0 0 0 0 0
0 1 1 0 1 0 1 0 1 1 0 1 1 1 0 1 1 1 1 1 1 0 0 1 0 0 0 0 1 1 0 1 1 1 0 0 1 1 1 1 1 0 0 0 1 1 0 1 1 0 0 1 1 0 1 1 0 0 1
0 1 1 1 0 1 0 0 0 1 1 1 0 1 1 1 1 1 0 0 1 1 0 0 1 0 0 0 0 1 1 0 1 1 1 0 1 1 1 1 1 0 0 1 0 0 1 1 1 0 1 0 0 0 0 0 1 0 0
0 0 0 0 0 0 0 0 1 1 1 1 0 1 1 1 1 1 0 1 0 1 0 1 0 0 0 1 1 0 1 0 1 1 0 0 0 1 0 0 0 0 1 0 1 1 0 1 0 1 0 0 0 0 1 1 1 0 1
1 0 0 1 1 0 1 1 0 0 0 1 1 0 0 1 0 1 0 0 0 1 0 0 1 0 0 0 0 1 0 1 1 0 1 0 1 0 0 1 1 1 0 1 0 0 0 1 1 1 1 1 1 0 1 1 1 0 0
0 1 0 1 1 0 1 0 0 1 0 1 1 1 1 0 0 1 1 0 0 1 0 1 1 1 1 1 0 1 1 0 0 1 1 1 1 0 0 0 0 1 0 0 0 1 1 1 1 0 0 1 0 1 0 0 1 1 1
1 1 0 0 1 0 0 0 0 1 1 1 0 1 1 1 0 1 1 1 0 0 1 1 1 1 1 1 0 1 1 0 1 0 0 0 1 1 0 0 1 0 1 1 0 0 0 0 0 0 1 1 1 1 1 1 1 0 1
1 1 0 1 1 1 0 1 1 0 1 1 1 1 1 1 0 1 0 1 1 1 1 1 0 0 1 1 0 0 0 0 0 0 0 1 0 1 1 1 1 0 0 1 1 0 0 0 1 1 1 1 0 0 1 1 0 1 0
0 1 1 1 1 0 0 0 1 0 0 1 1 1 0 0 0 1 1 0 1 1 1 1 1 1 1 0 0 1 1 0 0 1 0 1 0 0 1 0 0 1 1 1 0 1 0 0 0 0 0 0 0 1 0 0 0 1 0
0 0 1 1 0 1 0 1 0 1 0 1 1 0 1 1 1 0 0 1 1 1 0 0 1 1 1 0 1 0 1 1 0 0 0 1 0 0 1 1 0 0 1 1 0 1 0 1 0 1 0 0 0 0 1 1 1 1 1
0 1 1 0 0 0 1 0 1 1 0 1 1 1 1 0 0 1 1 1 0 1 0 0 0 1 0 0 1 0 1 1 1 1 1 1 1 1 1 0 1 1 1 1 1 0 1 1 0 1 1 1 0 0 0 0 1 0 0
0 0 0 1 0 1 0 1 0 0 0 1 0 0 0 1 1 0 1 1 0 0 0 1 1 0 1 1 1 0 0 0 1 0 0 0 0 0 0 1 0 1 1 0 0 0 0 1 0 1 1 1 0 1 1 0 0 0 0
0 1 1 1 1 0 0 0 1 0 1 0 0 1 1 1 0 1 0 0 0 1 0 0 1 1 0 0 0 1 0 1 1 1 0 1 0 0 1 1 1 1 1 0 1 0 0 1 0 0 1 0 0 1 1 0 1 0 1
1 1 0 1 1 0 1 1 0 0 0 1 1 0 0 0 0 0 1 1 1 0 1 1 0 1 0 0 1 0 1 1 0 1 1 0 1 0 1 0 0 0 0 1 0 0 0 0 0 1 0 0 0 1 0 0 1 1 0
0 1 0 1 0 0 0 1 0 1 1 0 0 1 1 1 1 1 0 1 0 0 1 0 1 1 0 1 0 0 1 1 1 0 0 1 0 0 0 1 0 1 1 1 0 0 0 0 1 0 0 0 1 0 0 0 1 1 1
1 0 0 1 0 0 1 1 1 0 1 0 1 0 0 1 1 1 0 1 1 1 1 1 0 1 0 0 0 1 0 1 1 1 1 1 0 0 1 0 1 1 0 0 0 0 0 0 1 1 1 1 1 1 0 1 0 0 1
0 1 1 0 0 1 0 0 1 1 0 1 0 0 0 1 0 1 1 0 0 1 0 0 0 0 0 0 0 0 0 1 0 1 0 0 0 0 1 1 1 0 1 1 0 1 1 0 1 1 1 1 1 1 0 1 1 0 1
1 0 1 0 0 0 0 1 0 1 0 0 0 1 0 1 1 1 0 0 1 0 0 1 0 1 0 1 1 0 1 1 1 1 0 1 0 0 0 1 1 0 0 1 1 0 0 1 1 0 0 1 1 1 1 1 0 1 0
1 0 1 1 0 1 1 1 0 1 1 0 1 0 0 0 1 0 1 1 1 1 0 0 1 0 1 1 0 1 1 0 1 1 1 1 0 0 0 1 0 0 1 1 0 1 0 0 0 1 0 1 1 0 0 0 0 0 1
1 0 1 1 0 0 1 0 1 0 0 0 0 0 1 1 1 1 0 1 0 0 0 1 1 0 1 0 1 0 0 1 0 0 1 1 1 1 0 1 1 0 1 1 0 1 0 1 1 1 1 0 0 1 0 0 1 0 0
1 0 1 0 1 0 0 0 0 1 0 0 0 0 1 1 0 0 1 1 1 0 1 0 1 1 0 0 0 1 1 0 1 0 1 1 1 0 0 1 1 1 0 0 1 1 0 1 0 1 0 1 1 0 1 0 1 1 1
1 1 1 0 0 1 0 0 1 1 0 0 0 0 1 0 1 0 0 0 1 1 0 0 1 1 1 1 0 0 0 1 0 0 0 1 0 0 0 1 1 1 1 0 1 1 1 0 0 0 0 1 1 1 1 1 0 1 1
1 0 1 0 1 1 1 0 0 0 0 1 1 0 0 0 0 0 1 1 0 1 1 0 1 0 1 1 1 1 0 0 0 1 0 1 0 1 1 1 0 1 0 0 0 1 0 1 1 0 1 0 0 0 1 0 0 0 0
1 0 1 0 1 1 0 0 1 1 0 1 1 1 1 1 0 0 1 1 0 1 0 0 1 1 0 0 1 1 1 1 1 1 0 0 0 1 1 0 0 1 0 0 1 1 0 0 1 0 1 1 0 1 0 0 1 1 1
0 0 1 1 1 0 0 0 1 0 1 0 1 0 0 1 0 1 0 1 0 0 0 1 1 0 0 0 1 0 1 0 1 1 0 0 1 0 1 1 0 0 1 1 0 1 0 1 1 1 0 1 0 0 0 0 1 1 0
1 1 0 1 1 0 1 0 1 0 1 1 1 0 0 1 0 1 0 1 0 1 1 0 0 0 1 1 0 0 0 1 0 1 0 0 0 1 1 0 0 1 1 0 0 0 1 0 0 1 0 0 1 0 0 1 0 1 1
1 0 0 0 0 1 1 0 1 0 1 0 1 1 1 0 1 1 1 0 0 0 0 0 1 1 0 0 0 1 0 0 1 1 0 1 1 0 0 0 1 0 1 1 1 1 1 1 1 1 0 1 0 0 1 1 0 0 1
1 1 1 0 1 1 1 1 0 1 0 1 1 0 1 1 0 0 1 1 0 0 0 0 0 0 0 1 1 1 1 0 0 1 0 0 1 1 0 0 1 0 1 0 0 1 0 0 1 1 1 1 1 1 1 0 0 1 0
1 1 0 1 1 0 1 1 1 0 0 1 0 1 1 0 0 0 0 0 0 1 1 0 0 1 1 0 1 1 1 1 1 1 1 0 0 1 0 1 1 0 1 1 1 1 1 1 0 1 1 1 1 1 0 1 1 1 1
0 0 0 1 0 0 1 0 1 0 1 1 1 1 1 0 1 0 1 0 0 1 0 0 0 0 0 1 0 0 0 0 0 1 0 0 1 0 1 0 0 1 0 0 1 1 0 1 1 0 0 1 0 0 1 1 0 1 0
0 1 1 0 0 0 1 1 1 1 0 1 0 1 0 1 0 1 0 1 1 0 1 1 1 1 0 0 1 1 1 1 0 0 1 0 0 1 1 0 1 1 0 0 0 1 0 1 0 0 0 0 0 1 0 0 1 0 0
1 0 0 0 1 1 0 0 1 0 1 1 0 0 0 1 1 1 1 0 0 0 1 1 0 0 0 0 0 1 1 1 1 0 1 0 1 0 1 1 0 1 1 0 0 1 0 0 0 1 0 1 0 0 0 0 0 1 0
1 0 0 1 1 0 1 1 0 0 0 0 1 0 1 1 1 1 0 0 1 0 1 1 1 1 0 0 1 1 0 0 0 1 1 1 0 1 1 0 0 0 1 1 0 1 0 0 1 0 0 1 0 1 1 0 0 1 0
0 0 1 0 0 1 0 1 0 0 0 0 1 1 1 0 0 0 1 1 0 0 0 0 1 0 0 0 0 1 1 1 0 1 1 1 0 0 0 0 0 1 1 1 0 0 1 1 1 0 1 1 0 1 1 1 0 1 0
1 1 1 1 1 0 0 0 0 0 1 1 0 0 0 0 0 1 1 1 1 1 1 0 0 0 0 0 1 1 1 0 1 0 1 1 0 1 1 0 1 0 0 0 0 0 0 1 0 0 1 0 1 1 1 1 1 0 0
0 1 0 0 1 1 0 1 0 0 1 0 1 0 0 0 0 1 0 1 0 1 1 0 1 1 0 0 0 1 1 0 1 0 0 1 0 1 1 1 0 0 0 1 1 0 1 0 0 1 0 1 0 1 0 0 0 0 1
1 1 1 0 1 1 1 0 0 0 1 1 0 0 1 1 1 0 0 0 0 1 0 1 1 0 1 1 0 0 1 1 0 1 1 0 0 1 1 1 0 1 0 1 0 1 0 1 1 0 0 0 0 1 1 1 1 0 1
0 1 1 1 1 1 0 1 1 0 1 0 1 0 1 1 1 0 0 1 1 1 1 1 1 1 1 1 0 1 0 1 1 0 1 0 0 1 0 1 1 1 1 0 0 1 1 0 1 1 1 1 0 0 0 0 0 1 1
0 1 0 0 1 1 1 1 0 1 1 0 0 1 0 0 1 1 1 0 1 0 0 0 1 1 0 0 1 0 0 0 1 0 1 0 0 0 0 1 1 1 0 1 0 0 1 0 1 1 1 0 0 1 1 0 0 1 1
1 0 0 0 1 1 0 1 0 1 1 0 0 1 0 0 0 1 0 0 0 0 1 0 1 0 1 0 1 1 0 0 1 1 0 1 1 1 1 0 1 1 0 1 0 0 0 1 1 1 1 1 0 0 0 0 1 0 1
1 0 1 0 1 1 1 1 0 0 1 1 0 0 0 0 0 1 0 0 1 1 0 1 1 1 1 1 0 0 0 1 0 0 1 0 1 1 0 0 0 0 0 0 0 0 1 1 0 0 0 0 1 0 1 1 0 0 0
0 0 1 1 0 0 1 0 0 0 1 0 0 1 1 0 0 1 0 0 1 0 0 0 0 1 0 1 0 1 0 1 1 1 1 0 0 0 0 0 0 0 0 0 0 1 1 0 0 0 0 0 1 1 1 0 1 1 1
1 0 1 0 0 1 1 0 1 0 1 1 0 0 1 0 1 1 0 0 0 0 0 0 1 0 0 0 1 1 0 0 1 1 0 1 1 1 0 1 1 1 0 0 1 1 1 1 1 0 1 0 1 1 1 0 1 0 0
0 1 0 0 0 0 1 1 1 1 0 0 1 0 1 0 1 0 1 0 1 0 1 0 1 1 0 0 0 1 0 0 0 0 1 1 1 1 1 1 1 0 0 1 1 1 0 1 0 1 1 0 1 1 1 0 1 0 0
0 0 0 1 0 1 1 0 1 0 0 1 1 1 1 0 1 0 0 0 1 1 0 0 1 0 0 1 1 0 1 1 1 1 1 0 0 1 0 1 0 0 1 0 0 1 0 0 1 1 1 0 0 1 0 1 1 0 0
0 0 1 1 1 0 1 0 1 0 0 1 0 0 1 1 0 0 0 0 1 0 1 1 1 1 1 0 1 0 0 0 1 1 1 0 0 0 1 1 1 1 0 1 0 0 0 0 0 1 1 1 0 1 0 0 0 1 1
0 1 1 0 1 0 0 1 1 1 1 1 0 0 0 0 0 0 0 0 1 1 1 0 1 0 1 0 0 1 0 1 1 1 0 1 0 0 1 0 0 0 0 0 0 0 0 0 1 1 0 0 0 1 1 1 0 1 0
0 0 0 0 0 1 1 1 1 1 1 1 1 1 0 1 1 1 0 0 0 0 1 0 1 0 1 0 0 0 0 0 1 1 1 0 1 1 0 1 1 0 0 0 0 1 1 1 0 1 1 1 0 1 0 0 0 1 1
0 1 0 1 0 1 0 1 1 1 1 1 0 0 1 0 1 1 0 0 1 1 0 1 0 0 1 0 0 1 0 0 1 1 0 1 0 1 1 1 1 0 1 1 1 1 0 0 0 0 0 0 1 1 1 1 0 1 0
1 1 0 1 1 1 0 1 1 0 0 0 1 1 0 1 1 0 1 1 0 0 0 0 0 1 0 1 0 0 1 1 0 0 0 0 0 1 1 0 0 1 0 0 0 1 1 1 1 1 1 1 0 0 1 1 1 1 0
0 1 0 0 0 1 1 1 1 0 0 1 0 1 1 1 0 1 1 1 0 0 1 0 0 1 0 0 1 1 1 0 1 0 0 1 1 1 0 0 1 0 0 0 0 0 1 1 1 0 0 1 1 0 1 0 1 1 0
0 1 0 1 1 0 0 1 1 0 0 0 1 0 0 0 0 1 0 1 1 1 1 1 0 0 1 0 0 0 1 1 1 0 0 1 0 0 0 1 1 1 1 1 0 1 0 1 1 1 0 1 1 1 0 1 1 1 0
1 1 1 0 1 1 0 0 1 0 1 1 0 0 0 1 0 0 1 1 1 0 1 0 0 1 1 1 1 0 1 1 0 0 0 1 1 0 1 0 1 1 1 1 1 0 1 1 0 0 0 0 1 1 0 1 1 1 0
0 1 1 1 1 0 0 0 0 0 1 1 1 0 1 1 1 1 0 1 1 1 0 1 0 1 1 1 1 1 1 0 0 0 0 0 1 1 1 0 1 0 1 0 0 1 0 1 1 1 1 0 0 1 0 0 0 0 1
1 1 1 1 0 1 0 0 0 0 0 1 0 0 1 0 0 1 0 1 0 0 0 1 1 0 0 0 1 1 1 1 1 0 1 0 1 0 1 1 0 0 0 0 1 0 1 1 0 0 1 1 0 1 1 1 1 1 0
1 1 0 0 0 0 1 0 0 1 1 1 0 1 1 0 1 0 0 1 1 0 0 0 0 0 0 1 1 1 0 0 0 1 0 1 0 0 1 1 0 0 1 1 0 0 1 0 1 0 0 0 0 1 1 0 1 0 1
1 0 1 0 0 0 1 1 1 1 1 0 1 0 1 0 0 0 0 1 0 0 0 1 1 0 1 1 0 0 0 0 0 1 1 0 0 1 1 0 1 1 0 0 1 1 1 1 1 1 0 1 0 1 1 0 0 1 0
1 0 0 0 0 0 0 1 1 0 0 0 0 1 1 0 1 1 1 0 1 1 0 1 0 1 0 1 0 0 0 0 0 0 0 0 0 1 0 1 1 1 0 0 0 0 0 0 1 1 1 0 0 1 0 1 1 0 0
0 0 0 1 0 0 1 0 0 1 0 0 1 0 0 1 0 1 1 1 0 0 1 0 0 0 1 1 0 1 1 1 0 1 1 1 0 1 1 0 0 0 1 1 0 1 0 1 1 1 1 0 0 0 1 1 1 1 0
0 0 0 1 1 0 1 0 1 0 0 1 1 0 1 0 0 0 0 1 0 1 1 0 1 0 1 1 0 1 1 0 0 1 0 0 0 0 1 1 1 1 0 0 1 1 1 0 1 1 0 0 0 0 1 1 0 0 1
0 1 0 0 0 0 0 1 0 0 1 0 0 1 1 1 0 1 0 0 0 0 1 0 0 1 0 1 1 0 1 0 0 1 0 0 1 1 1 0 1 1 1 1 0 0 0 0 1 1 0 1 0 0 1 1 0 1 0
1 1 1 1 0 1 0 1 0 0 1 1 0 1 0 1 1 0 0 0 0 0 0 1 0 0 1 0 1 0 0 0 1 0 1 1 0 1 0 0 0 0 0 0 0 0 1 0 0 0 0 0 0 0 0 1 0 1 0
0 0 1 0 1 1 0 1 1 0 0 1 0 1 0 0 0 0 1 1 1 1 0 0 0 0 1 1 1 0 0 0 1 0 1 0 0 1 1 0 1 0 1 1 1 0 1 0 0 0 0 1 1 1 1 1 1 1 1
0 1 1 0 1 0 1 0 0 0 1 0 0 0 0 1 1 0 1 1 0 0 0 0 0 0 1 0 0 0 1 1 0 1 1 1 0 0 0 1 0 1 0 1 1 1 1 0 0 1 1 1 0 1 0 1 0 0 1
1 1 0 0 1 0 1 1 1 0 1 0 0 1 1 1 0 0 1 0 0 0 1 1 0 1 0 0 0 0 1 1 1 1 1 0 0 1 0 1 1 1 0 1 1 0 1 0 1 1 0 0 0 0 0 1 0 0 1
0 1 1 1 0 0 1 0 0 1 0 1 1 1 0 1 1 1 0 1 1 0 1 0 0 0 0 1 1 0 1 0 1 1 1 1 0 0 1 0 1 0 0 0 0 0 0 0 1 1 1 1 0 1 0 1 1 0 0
1 0 0 1 1 0 1 1 1 1 0 0 1 1 0 0 0 0 1 1 1 0 1 1 1 0 0 0 0 0 0 0 1 0 1 1 1 1 1 1 0 1 1 1 0 1 1 0 0 1 1 0 1 1 0 1 0 0 1
1 1 1 0 0 1 1 0 0 0 1 0 1 1 1 1 1 0 1 1 1 1 1 1 0 1 0 1 0 1 0 1 0 1 0 0 1 0 0 0 1 1 1 1 1 0 0 0 0 0 1 1 0 0 0 1 1 1 0
1 0 1 1 1 1 1 0 1 0 1 0 1 0 0 0 0 0 1 1 1 1 0 1 0 1 1 0 1 0 1 1 0 1 1 1 1 1 0 1 1 1 1 1 0 1 1 0 1 0 1 1 1 0 1 0 1 1 0
0 0 1 0 0 0 1 1 0 0 1 0 1 1 0 0 0 0 0 0 0 1 1 0 0 0 0 1 1 0 0 0 1 0 0 1 0 1 1 1 1 0 0 1 1 1 0 0 0 0 1 0 1 1 1 1 1 1 0
0 0 0 1 1 1 0 0 0 1 0 1 1 0 1 1 0 1 0 0 0 0 0 1 0 0 0 0 1 1 0 1 0 0 0 1 1 0 0 0 1 0 0 1 0 1 1 0 1 0 1 0 0 1 1 1 1 0 0
1 0 1 0 0 0 0 0 1 0 0 0 1 0 1 1 1 0 1 1 1 1 1 0 1 0 0 1 1 1 0 1 0 1 0 0 0 1 0 1 1 0 1 1 0 1 0 1 1 0 1 0 0 0 1 0 1 0 0
1 0 1 0 1 0 0 0 1 0 0 1 1 1 0 1 1 1 1 1 1 1 0 1 0 1 0 0 0 0 0 1 0 0 0 0 1 0 1 0 0 1 0 1 0 0 1 1 1 0 0 1 0 1 1 0 0 0 1
0 0 1 0 0 1 1 1 1 0 1 0 0 1 1 1 0 0 1 0 1 1 0 0 0 1 1 1 0 1 1 1 1 1 1 1 1 1 0 0 1 0 1 1 1 0 0 0 1 1 0 1 0 0 1 1 1 0 1
1 0 0 0 1 1 0 1 1 1 1 1 1 0 0 1 0 0 0 1 1 0 1 1 0 1 1 0 0 0 0 0 0 1 1 1 0 1 1 0 0 0 1 1 1 1 0 1 1 0 0 1 1 0 0 0 1 1 0
1 1 1 0 1 0 1 1 0 0 1 0 1 1 1 0 0 1 1 1 1 0 1 0 0 1 0 0 1 1 0 0 0 1 1 1 0 0 1 0 1 0 0 0 1 0 1 0 0 1 1 1 0 0 1 1 0 1 0
0 1 0 0 1 1 0 0 0 1 1 0 1 0 1 1 1 0 1 0 0 1 0 0 0 1 0 1 1 0 0 0 1 1 1 0 1 1 1 0 0 0 1 1 0 0 0 0 0 0 1 0 1 1 0 1 0 1 1
0 0 1 1 1 0 0 0 1 0 1 0 0 1 0 0 0 0 1 1 0 1 0 0 0 1 0 1 0 1 1 0 0 0 0 1 0 0 0 1 0 1 0 1 1 1 1 0 0 1 0 1 0 0 1 1 1 1 0
1 1 1 0 0 0 1 0 0 0 0 1 1 0 1 0 0 1 0 1 1 0 0 0 0 1 0 0 0 1 0 0 1 0 1 1 0 1 1 1 1 1 1 1 0 1 0 0 1 1 1 0 1 0 1 1 1 1 1
0 0 1 0 0 0 0 1 0 0 0 0 0 0 0 0 0 0 0 1 1 0 1 1 0 0 0 1 0 0 0 1 1 0 1 1 0 1 1 0 1 0 0 1 0 1 1 0 0 1 1 1 1 0 1 0 1 0 0
1 1 0 1 1 0 0 0 1 0 1 0 0 0 0 0 1 0 1 0 1 0 0 1 0 1 1 1 0 1 0 1 1 0 0 1 0 0 0 0 1 1 0 1 1 0 0 0 0 1 1 1 1 0 0 0 1 0 0
0 1 0 0 1 1 1 1 0 1 1 1 0 0 0 1 0 0 1 0 0 1 1 0 0 0 0 1 1 0 0 0 1 0 0 1 0 0 0 0 1 0 1 0 1 1 0 0 1 1 1 1 0 0 0 1 1 1 1
1 1 0 1 0 0 0 0 0 0 1 0 1 1 1 0 0 0 1 0 0 1 0 1 1 0 0 1 1 1 0 0 0 1 0 0 0 1 1 1 0 0 0 1 1 1 1 0 0 1 1 1 0 0 0 1 1 0 1
1 0 1 0 1 1 1 0 0 1 0 1 1 0 0 0 1 0 0 1 1 1 1 1 1 1 0 0 0 0 0 0 1 1 0 0 1 0 1 0 0 0 1 1 1 1 1 0 1 1 0 0 1 1 1 0 0 0 1
0 1 0 0 0 0 1 0 0 0 1 0 0 1 0 1 0 1 0 0 0 1 1 0 1 0 1 0 0 0 1 1 1 0 1 0 1 1 1 0 1 0 0 0 1 0 0 1 0 0 0 1 1 0 1 0 0 0 1
0 0 0 0 0 1 0 0 0 0 1 0 0 0 0 1 1 0 0 1 1 1 1 0 0 1 1 0 1 1 0 1 0 0 1 1 0 1 1 1 1 0 1 0 1 0 0 0 0 1 0 0 1 1 0 1 0 1 1
1 0 0 1 1 1 1 0 1 0 1 1 0 0 1 1 1 1 1 1 0 1 0 0 1 0 0 0 0 1 0 1 0 0 0 1 0 1 1 1 0 0 0 1 0 1 0 0 1 0 0 1 1 0 0 0 1 1 1
1 1 0 0 0 1 0 0 0 1 0 0 0 0 0 0 0 0 1 0 1 0 1 0 1 1 1 1 1 0 1 1 1 0 0 1 0 1 0 1 1 1 1 1 0 0 0 0 1 1 1 0 0 1 1 0 1 0 0
1 1 1 1 1 0 0 0 1 0 1 1 0 1 1 0 0 0 0 0 0 1 1 0 1 0 0 0 1 0 0 0 0 0 0 1 1 1 0 0 0 1 0 1 0 0 1 0 1 1 1 1 0 1 1 0 0 0 1
0 0 1 0 1 0 0 1 1 1 1 0 1 1 1 0 1 1 1 0 1 1 0 0 0 0 0 0 1 1 1 1 1 0 0 0 0 0 0 1 1 0 1 1 1 1 1 0 0 1 1 0 1 1 0 0 1 1 1
1 1 0 1 0 0 1 0 1 0 0 1 0 1 1 1 0 1 0 1 1 1 0 0 0 1 1 1 0 0 0 1 1 0 0 1 1 0 0 1 1 0 1 1 1 1 0 1 0 0 0 1 0 0 0 1 0 0 1
0 0 0 1 0 1 0 0 0 1 0 0 1 1 1 0 0 1 0 1 1 0 1 1 1 0 0 1 1 1 0 0 1 1 0 1 0 0 0 0 0 0 1 0 1 0 1 1 0 0 0 0 1 1 0 1 1 0 1
0 0 1 1 1 1 1 1 1 1 1 0 1 1 0 0 1 0 0 0 1 1 0 1 1 0 1 1 0 1 1 1 1 0 0 0 1 1 0 0 1 0 1 1 1 0 0 1 1 1 1 0 0 1 1 1 0 1 1
1 1 1 1 1 1 1 0 1 0 0 0 0 0 1 0 1 1 0 0 0 0 1 1 1 0 0 1 1 0 1 0 1 1 0 1 0 1 1 1 1 1 1 0 0 0 0 0 1 0 0 0 1 0 0 1 1 0 1
1 0 1 1 1 1 0 0 0 0 1 0 1 0 1 1 1 0 1 0 1 0 1 0 0 1 0 0 0 0 1 1 1 0 0 0 0 1 1 1 0 0 0 0 1 0 1 0 1 1 1 0 1 1 1 1 1 1 0
1 1 0 1 1 0 0 0 1 0 0 0 1 0 0 1 0 0 0 0 0 1 0 1 1 0 0 1 1 0 1 0 1 0 1 1 1 0 1 1 1 1 1 1 1 1 1 0 0 0 0 0 0 0 1 0 0 0 0
1 0 0 1 0 0 0 0 1 1 0 1 0 1 1 1 0 1 0 1 1 0 1 1 1 1 1 0 0 1 0 0 1 1 1 1 1 1 1 0 1 1 0 1 0 1 1 0 0 0 0 0 0 1 1 1 0 0 1
1 0 1 1 0 0 1 1 0 1 1 0 1 1 0 1 0 1 1 1 0 1 0 1 1 1 1 1 0 1 1 1 1 1 0 1 0 1 0 1 0 0 0 0 0 0 0 1 0 0 1 0 0 0 1 0 0 0 0
1 0 1 1 0 1 1 1 0 1 1 0 0 0 0 0 1 1 0 1 0 1 1 1 1 0 1 0 1 1 1 1 1 1 1 1 1 0 1 0 1 0 0 1 1 1 1 0 1 1 0 0 1 0 0 1 1 1 0
0 1 1 1 1 0 0 1 1 0 1 1 1 0 1 0 1 1 1 1 0 0 0 0 0 0 1 1 1 0 0 0 1 1 1 1 1 0 1 1 0 0 1 0 1 0 1 1 0 1 0 0 1 0 1 0 0 1 1
0 1 0 1 1 0 1 1 0 1 0 1 0 0 1 0 1 0 1 1 1 1 1 1 1 1 1 0 0 0 1 0 1 0 0 1 0 0 1 0 1 1 1 1 0 0 0 1 0 1 1 0 0 0 1 1 1 0 0
1 0 0 1 1 1 0 0 1 1 0 1 0 1 0 0 1 0 0 0 0 0 0 0 1 0 1 0 1 0 1 1 1 0 0 1 1 1 1 1 1 1 0 1 1 0 0 0 0 0 1 1 1 0 1 1 0 0 0
0 1 0 1 1 1 0 0 0 1 1 0 0 0 1 0 0 1 1 1 1 0 1 1 0 0 1 1 0 0 1 1 0 1 0 1 0 0 0 1 0 0 1 0 0 0 1 0 1 0 1 1 0 0 1 1 0 1 0
1 0 1 0 0 0 0 0 0 1 0 1 0 1 1 1 1 0 0 0 1 1 1 0 1 0 1 1 1 1 0 1 1 0 1 0 0 0 0 1 1 0 0 0 0 1 1 0 1 0 0 0 0 1 0 0 0 0 0
0 1 1 0 0 0 0 0 0 0 1 1 1 1 1 1 1 1 0 1 0 1 0 1 0 0 0 1 0 0 1 1 1 0 0 0 0 1 0 1 0 0 1 0 0 1 1 1 0 1 1 0 1 1 0 1 0 1 0
0 0 1 1 0 1 0 1 1 1 0 1 1 1 0 0 1 0 1 1 0 0 1 1 0 0 0 0 1 1 0 0 0 1 0 0 0 0 0 0 1 1 0 1 1 0 0 0 1 1 1 0 0 0 1 1 0 0 0
0 0 0 0 1 0 1 1 0 1 0 1 0 0 0 1 1 1 0 1 0 0 0 1 1 0 1 0 0 0 0 0 1 1 1 1 1 1 1 0 0 0 1 0 0 1 0 1 1 0 1 1 0 0 0 0 1 0 0
1 0 0 0 1 0 0 1 0 1 1 1 0 0 1 0 1 1 0 1 1 0 0 0 0 1 0 0 0 0 1 1 0 1 1 0 0 0 0 0 1 1 0 0 1 0 0 0 0 1 0 0 1 0 0 1 1 0 1
1 1 0 0 0 0 0 1 1 0 0 0 1 1 0 1 0 1 0 0 0 1 0 1 0 1 1 1 1 0 1 1 1 0 0 1 0 1 0 0 0 1 1 1 1 0 1 1 1 0 1 0 0 1 1 0 1 0 1
1 1 1 0 1 1 0 1 1 1 1 1 0 1 1 1 0 1 1 0 0 1 1 1 1 1 0 0 1 0 0 1 1 1 1 1 0 0 0 0 1 0 0 0 1 0 0 0 1 0 0 0 1 1 0 1 1 1 0
1 1 0 0 1 1 0 1 0 1 0 0 1 0 1 1 0 1 1 0 0 1 0 1 0 1 0 0 1 1 1 1 1 0 0 0 0 0 1 0 1 1 0 1 0 0 1 1 0 1 0 0 1 0 1 0 0 0 0
0 0 1 0 1 0 1 1 1 0 1 1 1 1 1 1 1 0 1 1 0 0 0 1 1 0 0 0 1 0 1 0 1 0 1 0 0 1 1 1 1 1 1 0 1 0 0 0 1 1 0 1 1 1 1 1 0 0 0
1 1 0 1 1 1 0 1 0 1 1 1 1 0 0 1 0 0 0 1 0 0 1 0 0 1 1 0 1 0 1 0 0 1 1 1 0 1 1 1 0 1 0 0 1 0 1 0 1 1 0 0 1 0 1 1 1 1 1
0 0 1 0 0 1 0 1 0 0 0 1 0 1 0 1 1 1 1 1 1 0 0 1 1 1 0 1 1 1 1 0 1 0 0 0 1 0 1 1 0 1 1 1 0 0 1 1 0 1 1 0 0 1 0 0 1 1 1
1 0 0 0 0 1 1 1 1 0 0 0 1 0 1 0 1 0 0 0 0 1 1 1 0 1 0 0 1 1 0 0 0 0 0 0 0 0 0 1 1 0 0 0 0 1 0 1 1 1 0 0 0 1 1 0 1 1 1
0 0 1 1 1 0 1 1 0 1 0 0 1 0 1 1 0 0 1 1 1 0 0 1 0 1 1 1 0 1 1 0 0 0 0 0 0 0 1 1 0 0 1 1 1 1 1 0 0 0 0 1 0 0 1 1 1 1 1
1 1 0 1 0 1 0 0 0 1 1 0 1 0 0 1 0 0 1 1 0 0 1 1 0 1 1 1 0 0 1 0 0 0 1 0 0 1 1 1 1 0 0 0 1 1 0 0 0 0 0 1 1 1 1 1 0 0 0
1 1 0 0 0 1 1 1 0 1 0 1 0 0 0 0 1 1 1 1 0 1 1 0 0 1 0 0 0 0 1 1 1 0 1 1 1 0 0 1 1 0 1 0 0 1 0 0 1 0 0 0 0 1 1 1 0 0 0
0 0 0 1 1 1 0 0 1 1 1 0 1 1 0 0 1 0 0 0 1 0 1 0 1 0 0 0 0 1 1 0 1 0 0 1 0 0 0 0 0 1 0 1 0 0 1 1 1 0 0 0 0 0 1 0 0 1 1
1 0 0 0 1 1 1 1 1 1 1 1 1 1 1 0 1 1 0 1 0 0 1 0 0 1 1 1 1 0 0 1 0 0 0 1 0 1 0 0 0 0 1 0 0 1 0 0 0 0 1 0 1 1 0 1 0 0 0
0 0 0 1 1 0 1 1 0 0 1 0 0 1 0 1 0 1 1 1 1 1 1 1 1 1 0 0 1 0 0 0 0 0 0 0 1 0 0 0 0 1 0 0 1 1 0 1 1 0 1 0 0 1 1 0 1 0 1
1 1 1 0 0 0 0 1 0 0 0 0 1 0 1 1 1 1 0 0 0 0 0 0 0 1 1 1 1 1 1 0 0 1 1 1 0 0 0 1 1 0 0 1 1 0 1 0 1 0 0 0 1 0 0 0 1 0 0
1 1 1 0 1 1 0 0 1 1 1 1 0 1 1 0 0 0 1 1 1 1 1 1 1 0 1 0 1 1 0 1 1 0 1 1 1 1 0 1 1 1 1 0 0 1 1 0 0 0 1 1 1 1 0 0 1 1 0
0 1 0 1 1 1 0 1 1 0 0 1 0 1 0 1 0 1 0 0 1 0 0 1 0 1 0 0 1 1 1 0 0 1 0 0 1 1 0 1 1 1 0 1 0 1 1 0 0 1 0 1 1 1 1 1 1 1 1
1 1 1 1 1 1 1 0 0 1 1 0 0 1 1 0 1 1 0 1 1 0 1 1 0 1 1 0 1 1 1 1 1 1 1 1 1 1 0 0 0 1 0 0 1 1 1 1 1 1 1 0 0 1 0 1 0 1 1
0 0 1 1 0 1 0 0 0 0 0 0 0 0 0 1 1 1 0 1 1 0 1 0 1 0 0 1 0 1 1 0 0 1 0 0 0 0 0 1 0 1 0 1 0 0 0 1 0 0 1 1 0 0 1 0 0 1 0
1 1 0 0 1 0 0 0 1 1 1 1 1 0 1 1 1 1 0 1 1 1 1 0 1 1 1 1 1 0 1 1 1 1 0 0 1 0 0 1 1 1 0 0 0 0 0 1 1 1 1 1 0 1 0 0 0 0 1
1 1 1 1 0 0 0 1 1 1 0 1 0 1 1 1 0 1 1 0 1 0 1 1 0 0 0 0 1 0 0 0 1 0 0 1 0 0 0 1 0 1 1 0 1 1 1 1 1 0 1 0 1 0 1 0 0 0 0
0 1 0 1 1 1 0 1 1 1 0 1 0 0 0 0 1 1 1 0 1 0 0 1 1 1 1 0 1 1 1 1 0 1 1 1 1 1 0 1 0 0 0 0 0 0 0 1 1 1 0 0 1 1 0 1 1 0 0
1 0 1 0 1 0 0 1 1 1 1 1 1 1 1 0 1 0 0 1 0 1 1 1 1 0 0 1 0 0 1 1 0 1 1 1 1 0 0 1 1 0 0 1 0 1 1 0 1 0 1 0 1 0 1 1 0 1 1
1 1 0 0 0 1 0 1 0 0 0 1 1 0 0 0 0 0 0 0 0 0 0 0 1 1 1 1 0 0 0 0 1 0 0 0 1 1 1 0 0 1 1 1 1 1 0 0 0 0 0 0 0 0 0 0 1 0 0
1 0 0 0 0 1 1 0 0 0 1 1 0 1 0 0 0 1 0 1 1 1 1 1 1 1 0 0 1 1 1 1 1 1 1 1 1 0 0 0 0 1 1 1 1 1 0 1 0 0 1 1 1 0 1 0 1 1 0
0 0 1 0 0 1 1 1 0 1 0 0 1 0 0 1 1 1 0 1 0 0 0 1 1 0 1 1 0 0 0 0 0 0 1 1 0 0 0 1 1 1 1 1 0 0 0 0 1 0 0 0 1 1 1 0 1 0 1
0 1 1 0 1 0 0 0 1 1 0 0 0 1 0 0 0 0 0 1 1 1 0 0 0 0 0 1 0 0 1 0 0 1 0 1 1 1 1 0 0 1 0 0 1 1 1 0 0 0 1 0 0 1 0 0 0 0 0
1 0 0 0 1 0 0 0 1 1 1 0 1 0 1 0 0 1 1 1 0 0 1 1 1 0 0 0 0 1 0 1 1 0 0 1 0 0 0 1 0 1 0 1 1 0 1 0 0 1 0 0 0 1 1 1 0 0 0
1 1 1 1 1 0 0 1 0 0 0 1 1 1 1 0 1 0 0 0 0 1 1 1 0 1 1 0 1 0 0 0 1 1 0 0 1 1 1 1 1 1 1 0 1 1 1 0 0 1 1 1 0 1 1 1 0 0 0
1 1 0 0 1 1 1 0 0 0 1 0 0 1 1 1 1 1 0 1 1 1 0 0 0 1 1 1 1 0 0 1 1 0 1 0 1 0 1 1 1 1 1 0 1 0 0 1 0 1 1 1 1 1 1 1 1 1 0
0 0 0 1 0 0 1 1 0 1 1 0 0 1 1 1 0 0 1 1 1 0 0 1 0 1 1 1 1 0 0 0 1 1 1 0 1 1 1 1 1 1 1 0 0 1 1 0 1 1 1 1 1 0 0 1 0 1 0
0 0 0 0 1 1 0 1 0 0 1 1 1 1 1 0 0 0 1 0 1 0 1 1 1 1 1 1 1 1 0 1 1 1 1 0 0 0 1 1 0 0 0 0 1 1 0 0 0 1 0 0 0 1 1 1 1 0 1
0 0 1 1 1 1 0 0 0 1 1 1 0 0 0 1 0 0 1 0 1 0 1 1 1 0 0 1 1 1 0 0 0 0 0 0 0 1 1 0 0 0 0 1 1 1 0 1 1 1 1 1 1 1 1 0 1 0 0
0 1 0 0 0 1 1 1 1 1 0 1 1 1 0 1 1 0 1 1 1 0 1 0 0 1 1 1 0 1 1 0 0 0 0 0 0 0 1 0 0 0 0 0 0 0 0 1 1 0 0 1 1 1 0 1 0 0 1
1 1 0 0 1 0 0 1 1 0 1 0 1 1 1 0 1 0 0 1 1 0 0 0 1 1 0 0 0 0 0 1 1 0 1 1 1 0 1 1 0 0 0 1 0 0 1 1 1 0 1 0 1 0 1 0 0 0 0
1 0 0 1 1 0 0 0 0 0 0 0 0 1 1 1 1 0 0 1 0 1 1 1 0 0 0 1 0 1 0 1 1 1 0 0 0 0 1 0 1 0 1 0 1 1 1 1 1 0 0 1 1 1 0 1 1 1 0
1 1 0 0 1 1 0 0 1 0 1 0 1 1 1 0 1 1 0 0 1 1 1 1 0 0 1 1 1 1 1 1 1 1 1 1 1 1 0 0 1 0 0 1 1 0 1 1 0 0 1 0 0 0 1 1 1 1 0
0 0 1 0 1 1 1 1 0 0 0 1 0 1 0 1 0 0 0 1 0 0 0 0 1 1 0 0 0 0 1 0 0 0 0 0 0 0 1 1 1 0 1 1 1 0 1 0 1 0 0 0 1 0 0 1 1 1 0
1 0 1 1 1 0 1 0 0 1 1 0 0 1 0 0 1 0 1 1 0 0 0 0 1 1 1 1 1 0 0 1 1 0 1 0 1 1 1 0 0 0 0 1 0 0 0 1 0 1 0 1 0 1 0 1 1 1 1
0 0 1 0 0 1 1 0 1 1 1 1 0 1 0 1 0 1 1 0 0 1 1 1 1 1 0 1 1 1 1 1 0 0 1 0 0 0 0 1 0 0 1 0 0 0 1 0 1 1 0 0 0 1 1 1 0 0 1
1 1 1 0 1 1 0 1 0 1 0 0 1 0 0 0 0 0 1 1 0 1 0 1 0 0 0 0 1 0 1 0 1 1 0 1 1 0 0 1 0 1 1 0 1 0 0 0 0 0 0 1 1 1 0 1 1 1 0
0 0 0 1 1 0 0 1 0 0 0 1 0 0 1 0 0 1 1 1 0 0 0 1 0 1 1 0 1 0 1 0 1 1 0 1 0 1 1 0 1 1 0 0 1 0 0 0 1 0 1 1 0 1 1 0 1 0 1
0 1 1 1 0 0 0 1 1 0 1 0 1 0 0 0 0 1 1 0 1 1 0 1 1 0 0 0 1 1 1 0 0 0 0 0 0 0 0 1 1 0 0 0 0 0 0 0 1 0 0 0 0 1 1 0 0 1 1
1 0 1 1 0 0 0 1 0 1 1 1 1 0 0 1 0 0 0 0 0 1 1 1 1 1 1 0 0 1 1 1 0 1 0 0 1 1 0 1 1 1 1 0 1 0 1 1 0 0 0 0 0 1 1 1 1 1 1
1 1 1 0 0 1 1 1 1 0 0 1 0 1 1 0 1 0 0 1 0 1 0 0 1 0 0 0 1 0 1 0 1 1 1 0 1 0 1 1 0 1 0 0 0 1 1 0 0 1 0 0 1 0 1 0 1 1 1
1 1 0 1 0 0 1 0 0 0 1 0 1 0 1 0 1 1 0 0 0 1 1 0 1 0 1 1 0 0 1 0 0 0 0 1 1 0 0 0 0 1 0 0 1 0 0 1 0 1 0 1 0 1 0 0 0 0 0
0 0 0 1 1 1 1 0 1 0 1 1 0 1 1 1 0 0 1 1 1 1 0 0 1 0 1 0 0 1 0 1 0 1 1 1 1 1 0 0 0 1 0 1 0 1 0 1 0 1 0 0 1 1 1 0 0 0 1
1 0 1 0 1 0 1 1 1 1 1 1 1 1 1 0 1 0 1 0 0 0 0 1 0 0 1 0 0 1 1 1 1 0 1 0 0 0 1 0 0 0 0 1 1 0 1 0 1 0 1 0 1 1 0 1 0 1 1
1 0 0 0 0 0 0 1 0 0 1 1 1 0 1 1 1 1 0 0 1 1 1 0 0 1 0 1 1 1 0 1 1 1 1 1 1 0 1 0 0 0 0 0 1 1 0 0 0 1 1 0 0 0 0 0 1 1 0
1 0 0 1 0 1 0 1 1 0 1 0 1 1 0 1 0 1 0 1 0 0 1 0 0 0 0 0 0 0 0 1 0 0 1 1 1 0 1 1 1 0 0 0 1 1 0 0 0 1 0 1 1 0 1 1 0 1 0
0 1 1 0 1 1 0 0 1 1 0 0 0 1 0 1 1 1 0 1 0 0 1 0 0 1 0 0 1 1 1 0 0 0 1 1 1 0 1 0 0 0 1 1 0 1 0 1 0 0 1 0 1 1 0 0 0 1 1
0 1 0 1 0 1 1 0 1 0 0 0 0 0 1 0 1 0 1 1 1 1 1 0 1 0 0 0 1 0 0 1 1 1 1 1 1 0 0 1 1 1 1 0 1 0 0 1 0 1 0 1 1 1 1 1 0 1 0
0 0 1 0 1 1 1 0 1 0 1 0 0 1 1 1 0 1 1 0 0 1 1 1 1 1 0 1 0 0 1 0 1 1 0 0 0 0 0 0 0 0 0 0 1 1 0 0 0 0 1 1 1 0 0 0 0 0 0
1 0 1 1 1 1 1 1 0 0 1 0 1 1 1 1 1 0 1 0 0 0 1 1 1 1 1 0 1 0 0 1 0 0 0 0 1 0 1 1 1 0 1 1 1 0 1 0 0 1 0 0 1 1 1 0 0 1 0
0 0 1 0 0 0 0 1 1 1 0 0 0 1 1 0 0 1 1 1 1 0 0 1 1 0 1 0 0 1 0 1 1 1 1 0 1 0 1 1 1 1 1 0 1 0 0 0 1 0 1 1 0 0 1 1 1 0 0
0 1 1 1 0 0 0 1 1 0 0 1 1 1 0 0 0 1 0 1 0 1 1 1 1 1 0 1 1 1 0 1 1 1 0 1 0 1 0 1 1 0 0 1 0 1 1 0 1 1 0 1 1 0 0 0 1 0 1
0 1 1 1 1 0 0 1 0 1 1 0 1 0 1 0 0 1 1 1 1 0 0 0 1 1 0 1 1 0 0 0 0 0 1 0 0 1 0 1 0 0 1 1 1 0 0 1 0 0 0 1 0 1 0 1 1 1 0
0 0 0 0 1 1 1 1 0 0 0 0 1 0 1 1 0 1 1 0 0 1 0 1 0 0 0 1 0 1 0 1 0 1 1 1 1 1 0 1 0 1 0 0 1 0 0 1 0 1 0 1 1 0 0 0 0 0 1
0 1 1 1 1 0 1 1 0 0 0 0 0 0 0 0 0 0 1 0 0 0 0 0 1 1 1 0 0 1 0 0 1 0 0 1 1 1 0 0 1 1 1 0 1 1 0 0 0 0 1 0 1 0 1 1 1 0 1
1 1 1 0 1 0 0 1 0 0 1 1 1 1 0 0 0 1 0 1 1 0 1 0 0 0 1 0 0 1 0 1 1 0 0 1 1 1 0 0 0 1 0 1 1 1 1 0 1 0 0 1 0 1 0 1 1 0 1
0 0 0 0 1 1 1 1 0 1 1 1 1 1 0 1 1 1 1 0 1 0 0 0 0 1 1 0 1 1 1 1 0 1 0 1 1 0 1 0 0 0 1 1 1 1 1 1 1 0 1 1 0 0 0 1 0 1 0
1 0 0 0 1 0 0 0 0 0 1 1 0 1 0 1 0 1 1 0 1 1 0 1 0 1 0 1 1 0 1 0 0 0 1 1 0 1 1 1 0 0 0 0 1 0 1 1 1 1 1 1 0 1 0 0 0 1 0
0 0 0 0 1 0 0 0 0 0 0 1 1 1 0 0 1 1 0 0 1 0 0 0 0 0 0 1 0 0 0 1 0 0 0 0 0 0 1 1 1 0 0 1 1 0 0 1 1 0 1 0 0 1 0 1 1 0 1
0 0 0 1 0 0 0 0 1 0 1 1 1 0 0 0 1 1 0 0 0 1 1 0 0 1 0 1 1 1 0 1 1 1 0 0 0 0 0 0 1 1 1 1 0 0 1 1 0 0 0 1 1 1 0 0 0 0 1
1 0 0 1 0 0 1 0 0 1 1 1 1 0 0 1 1 0 1 1 0 0 1 1 1 1 0 1 1 1 0 0 1 0 1 0 1 0 1 0 1 0 0 1 1 0 1 1 1 0 0 0 0 0 0 1 0 0 0
0 0 0 1 1 0 0 1 0 0 0 0 1 1 1 0 1 0 1 0 0 0 1 0 1 0 1 0 0 0 0 1 0 1 0 1 0 1 0 0 1 0 1 0 0 0 1 0 0 1 0 0 1 1 1 0 1 0 1
1 1 1 1 1 1 1 1 0 1 0 1 1 0 1 0 0 1 0 1 0 0 1 1 0 1 0 0 0 1 1 1 1 1 0 0 0 1 0 1 0 0 1 1 1 1 1 0 0 0 1 0 0 0 0 0 1 0 0
1 0 0 0 1 0 0 0 1 1 1 1 0 0 1 0 1 1 1 0 1 0 0 0 0 1 0 1 1 0 0 0 1 1 0 0 0 0 1 0 1 0 1 0 1 0 0 1 0 0 1 0 1 1 1 0 0 0 0
1 0 1 0 1 0 1 0 1 0 1 1 1 1 1 1 1 1 1 0 0 0 0 1 0 1 1 0 1 1 0 0 1 1 0 1 0 0 1 1 1 1 1 1 0 0 0 1 0 1 0 0 1 0 1 1 0 1 0
1 0 0 0 0 1 1 1 0 0 0 0 1 0 1 0 1 0 0 0 1 0 0 0 0 1 0 0 1 0 1 0 1 1 0 1 1 0 0 1 0 1 1 0 0 0 1 0 0 1 1 0 1 0 1 0 1 0 0
1 1 0 1 1 1 1 0 0 1 0 1 0 0 0 1 1 1 0 0 0 0 0 0 0 0 1 0 1 1 1 0 1 1 1 1 0 0 1 0 0 0 1 1 1 0 1 1 0 1 0 0 0 1 0 1 1 0 1
1 0 1 0 1 0 0 0 1 1 0 1 1 0 0 0 1 0 0 0 1 1 0 1 1 1 1 0 1 1 0 0 1 1 0 1 0 1 1 1 0 1 0 1 0 0 1 1 0 1 1 1 0 0 1 0 1 1 1
0 0 0 1 0 1 0 0 1 1 1 1 0 1 0 1 1 1 1 1 1 1 0 0 0 0 0 0 0 1 0 0 1 0 1 0 0 0 0 0 0 1 1 1 0 1 1 0 0 0 1 1 1 0 0 1 1 1 1
0 0 0 0 0 1 1 0 0 0 1 1 1 0 0 0 0 1 1 1 0 0 1 1 1 0 0 0 0 0 0 0 1 1 0 1 1 1 1 0 0 0 1 0 0 0 1 1 1 1 0 0 0 1 0 1 0 1 1
1 1 0 1 1 1 0 0 1 0 1 1 1 1 0 1 1 0 1 0 1 1 1 0 0 1 0 0 1 1 0 0 1 0 1 1 1 0 0 0 0 0 0 0 0 0 0 1 0 1 1 1 1 1 1 0 0 0 1
1 0 1 1 1 1 1 1 0 1 1 0 1 1 1 1 0 1 1 0 0 0 0 0 1 0 0 0 1 0 1 0 0 0 0 0 1 0 1 0 1 0 1 1 1 1 0 1 0 1 0 0 0 0 0 0 1 0 1
0 1 1 1 0 0 0 1 0 0 0 0 0 0 1 1 1 0 0 1 0 0 0 1 1 1 0 1 1 1 0 1 0 1 1 0 1 1 0 0 0 0 0 0 0 0 1 1 0 1 1 0 1 1 1 0 0 1 0
0 0 1 0 0 0 0 0 1 1 0 1 1 0 1 1 0 0 0 0 0 0 1 0 1 0 1 0 0 0 1 1 1 0 1 0 0 0 0 1 0 1 1 0 0 1 1 1 1 0 0 0 1 1 0 1 1 1 1
1 1 1 1 0 1 1 1 0 1 1 0 1 0 1 1 1 1 0 1 0 0 1 0 1 0 1 1 1 0 1 0 0 0 0 0 0 1 0 1 1 0 1 0 1 1 0 0 0 0 1 1 0 0 1 1 0 1 0
1 0 1 1 0 1 0 0 1 0 0 0 0 0 0 1 1 1 1 1 0 1 1 1 0 1 1 0 1 1 1 1 1 0 0 0 0 0 0 0 0 0 0 0 1 0 0 0 0 0 1 1 1 0 1 1 1 1 1
0 1 0 0 1 1 0 0 0 1 0 0 0 0 1 0 0 0 1 0 1 1 0 0 0 1 1 1 0 1 1 1 1 1 0 1 1 1 0 1 0 0 0 1 1 0 0 0 0 0 0 0 0 0 0 1 0 0 0
0 0 0 1 1 0 1 0 1 0 0 0 0 1 0 0 1 1 1 1 1 1 0 0 1 1 1 0 0 1 0 0 1 1 1 1 0 1 0 1 0 1 1 0 1 0 0 0 1 0 0 1 1 1 0 0 0 0 0
0 0 0 0 1 1 0 0 0 0 1 1 1 1 0 0 1 1 1 1 1 0 0 1 0 1 1 1 0 1 0 1 1 1 0 1 0 1 1 0 1 0 0 1 1 1 0 1 0 1 1 1 0 1 1 1 1 1 0
0 1 1 1 0 1 0 1 1 0 1 0 0 0 0 1 0 0 1 1 0 0 0 0 1 0 1 0 1 0 0 1 0 0 1 0 0 0 0 0 0 0 0 0 1 1 0 0 0 0 1 0 1 1 1 0 0 1 1
0 1 0 1 1 0 1 1 1 1 1 1 0 1 0 1 1 0 1 0 1 0 0 0 0 1 0 0 0 0 0 0 0 1 0 1 1 0 0 0 0 1 0 0 1 0 0 0 0 0 0 0 0 0 1 0 1 0 0
0 1 0 1 1 1 1 1 1 0 1 0 1 0 0 1 1 0 1 1 0 1 1 0 1 1 1 1 0 1 1 1 1 0 0 1 0 0 1 0 1 0 0 1 1 0 0 1 1 0 1 1 1 1 1 1 0 1 1
0 1 1 0 1 0 1 1 0 1 0 1 0 0 0 1 0 0 0 0 0 1 1 0 1 0 0 0 1 1 0 1 0 0 1 1 0 0 1 0 0 1 1 1 0 0 1 1 0 0 1 0 0 0 1 0 1 1 1
1 1 0 0 1 1 1 0 0 0 1 0 0 1 1 0 0 1 0 1 0 0 1 1 0 0 0 1 1 1 0 1 1 1 0 1 0 1 0 1 0 1 1 0 0 1 0 0 1 1 1 0 1 0 0 0 1 1 1
0 1 1 1 0 1 0 1 1 0 1 1 0 0 1 0 0 1 0 0 0 0 1 0 0 0 0 0 1 1 1 0 0 1 0 0 1 1 1 0 0 1 0 0 1 0 1 0 0 0 0 1 0 1 0 1 1 0 1
1 0 0 1 0 1 1 1 0 0 1 0 0 1 1 1 0 0 0 1 0 0 0 1 0 0 0 0 0 0 0 1 0 1 0 0 0 1 1 1 0 1 0 0 1 1 0 1 0 0 1 1 0 0 1 1 1 0 1
1 1 1 1 0 1 0 0 0 0 0 1 1 1 1 1 0 0 1 1 1 0 0 1 1 1 0 1 1 0 0 0 0 0 1 0 0 1 0 1 0 0 0 1 0 1 1 0 0 0 0 1 1 0 0 1 0 1 0
1 0 1 0 0 0 0 0 1 0 0 0 1 1 0 0 0 1 1 1 1 0 0 1 0 1 1 1 0 1 0 1 1 1 0 0 0 1 1 0 0 1 0 1 0 0 0 0 1 1 1 0 0 0 1 1 0 1 1
1 1 1 0 1 1 1 1 1 0 0 1 0 1 0 0 1 0 0 0 1 0 0 0 1 0 0 1 0 0 0 0 0 1 1 1 0 0 1 0 1 1 0 0 1 0 1 1 0 0 1 1 0 1 1 1 0 0 0
1 1 1 1 0 0 1 0 1 1 1 0 1 1 1 1 0 0 0 1 1 0 0 1 1 1 1 0 0 1 1 0 1 0 0 0 1 0 0 1 0 1 0 0 0 1 1 0 1 1 1 0 1 0 0 0 1 0 0
1 0 1 1 0 0 1 1 1 1 0 0 0 0 0 1 1 1 0 0 1 1 0 0 0 0 1 1 0 1 1 1 1 0 0 0 1 1 0 1 0 0 1 0 0 0 1 0 0 1 0 1 1 1 1 0 0 1 0
0 1 0 0 0 0 0 0 0 1 1 0 0 1 0 1 0 0 0 1 1 1 0 0 1 1 0 0 1 1 1 1 1 1 0 0 0 1 1 1 0 0 1 0 0 0 1 0 0 0 0 1 0 1 0 1 0 1 1
1 0 0 1 0 1 0 0 1 0 1 0 0 0 0 1 0 1 0 0 0 0 0 1 0 0 1 1 0 1 1 1 1 0 0 0 1 0 0 1 1 1 1 0 1 1 1 1 1 0 1 0 1 0 0 0 1 1 1
1 1 1 0 1 1 0 1 1 1 1 1 0 0 1 0 0 0 0 0 1 1 0 1 0 0 0 0 0 0 1 1 0 0 1 0 0 1 0 1 1 1 0 0 0 1 0 1 0 1 1 0 0 0 0 1 1 1 1
1 0 0 1 0 0 0 0 1 0 1 0 0 0 0 1 1 0 0 1 0 1 0 0 1 0 0 0 1 0 1 0 0 0 0 0 0 0 1 0 1 0 0 0 1 1 0 0 1 1 0 0 1 0 1 0 0 0 0
0 1 1 0 0 1 0 1 1 0 0 1 1 0 0 1 1 1 1 1 0 0 1 0 1 1 0 1 1 1 0 0 1 1 0 1 0 0 1 0 1 0 0 0 1 0 0 0 0 0 1 0 1 0 0 1 1 0 1
0 0 0 0 0 0 1 1 1 1 1 0 0 0 1 0 0 0 1 0 0 1 0 1 0 1 0 0 0 0 0 1 0 0 0 1 0 0 0 1 1 0 1 1 0 0 1 0 1 1 0 1 0 0 0 1 0 0 0
0 0 0 1 1 0 0 0 0 1 1 1 0 0 1 0 1 0 1 0 1 0 1 0 0 1 1 1 0 1 1 1 0 1 0 0 1 0 1 1 0 0 0 0 0 0 1 0 1 1 0 0 0 1 0 1 1 0 0
1 1 0 0 1 0 1 1 0 0 1 1 1 1 0 0 1 0 0 0 1 0 0 1 1 0 0 1 0 0 0 1 1 0 0 1 1 1 0 1 1 1 0 0 1 1 1 0 1 1 1 0 1 0 0 0 1 1 0
0 0 1 1 0 1 1 1 1 1 0 1 1 0 1 1 1 0 1 0 1 1 1 1 1 0 1 0 0 0 0 1 0 0 1 0 1 1 0 0 1 1 1 0 0 1 1 0 0 0 0 0 1 1 0 1 0 1 0
1 1 0 0 0 0 1 1 1 1 1 0 1 1 1 0 1 0 1 0 1 0 0 0 0 0 1 0 0 0 1 1 1 0 1 1 1 0 1 1 1 0 1 1 1 0 0 1 0 0 0 1 1 0 1 0 0 1 0
1 0 1 0 1 0 1 0 1 0 0 1 0 1 1 1 0 1 0 1 1 1 1 0 1 1 0 1 1 0 0 0 1 0 0 0 1 1 1 0 0 0 0 0 1 1 1 1 0 0 0 0 0 0 1 1 0 1 0
0 1 0 1 1 1 1 0 0 1 0 0 0 0 0 1 0 1 0 1 0 1 1 1 0 1 1 1 1 0 1 1 0 1 0 1 0 1 1 0 0 0 0 0 1 1 0 0 1 0 0 0 0 0 1 0 0 0 1
1 1 0 0 0 0 0 1 1 1 0 1 1 0 0 1 0 1 1 0 0 0 0 1 0 0 1 0 0 0 0 1 1 1 0 1 1 0 0 0 0 1 0 0 1 1 1 1 0 1 1 0 1 0 1 0 0 0 0
0 0 1 0 0 1 1 0 0 0 0 0 0 0 0 1 0 1 0 1 1 1 1 0 0 0 0 0 0 0 0 0 0 1 0 1 1 0 0 0 1 0 0 1 1 1 1 0 0 1 1 0 1 0 1 0 0 0 1
1 0 0 0 0 0 1 0 1 1 1 1 0 1 0 1 1 1 0 0 0 0 1 1 0 1 1 1 1 0 0 0 0 0 1 0 1 0 1 0 0 1 0 0 0 1 1 1 1 1 0 0 0 0 0 0 0 0 1
0 0 0 1 0 0 0 0 1 0 0 1 0 1 1 1 0 0 1 0 1 0 0 1 0 0 0 1 0 0 1 1 1 0 1 1 0 0 0 0 0 1 0 0 1 0 0 1 0 0 1 0 0 0 0 0 1 0 0
0 0 1 1 0 0 0 1 0 0 0 1 1 1 0 0 0 0 0 0 0 0 0 0 1 0 1 0 1 0 0 0 0 1 0 0 1 1 0 0 1 0 0 0 0 0 1 0 0 0 0 1 0 0 0 0 0 0 0
C Elapsed Time 46187.600000 
