383 26 2^26 6
1 0 0 0 1 1 0 1 1 1 1 0 0 1 1 1 1 1 1 1 1 0 1 1 1 1
1 0 1 1 1 0 1 1 1 0 1 0 1 1 1 1 1 0 0 1 1 0 1 1 1 0
0 0 1 1 1 0 1 1 0 0 0 1 0 1 0 0 0 1 0 0 1 0 1 1 1 0
0 0 1 0 0 0 0 0 1 1 0 1 1 0 1 1 0 0 1 1 0 1 0 1 1 1
0 1 1 0 1 1 0 0 0 0 0 1 0 1 0 0 1 1 1 1 1 1 1 0 1 0
0 1 1 0 1 1 1 1 1 1 0 1 1 1 1 0 0 1 0 1 0 0 0 0 1 0
0 0 1 1 0 1 1 0 1 1 0 1 0 0 0 0 0 1 1 0 0 1 1 1 1 1
0 0 1 0 0 0 0 0 0 0 0 0 1 0 1 1 0 1 1 0 1 0 0 0 1 0
0 1 0 0 0 1 0 0 1 0 0 1 1 0 1 0 1 0 1 0 0 0 0 1 1 0
0 0 0 0 0 1 0 1 0 0 1 1 0 0 0 0 1 1 1 1 0 0 0 0 1 1
1 1 1 1 1 1 1 1 1 1 1 0 0 0 1 0 1 1 0 1 1 1 1 0 1 0
1 1 0 1 1 0 0 1 1 0 1 1 1 1 1 0 0 0 1 0 0 0 0 1 0 0
0 0 1 0 0 0 1 0 0 1 1 0 1 0 0 0 1 1 1 0 1 0 1 1 0 0
0 0 1 1 1 1 0 1 0 0 0 1 1 0 1 0 1 0 0 0 1 0 1 1 0 0
0 0 0 1 0 0 0 1 0 1 0 1 1 0 0 0 0 0 1 0 0 0 0 1 0 0
1 0 1 0 0 1 0 0 0 0 0 0 1 1 1 1 1 0 1 0 0 1 0 0 0 0
0 0 1 1 1 1 0 1 1 0 0 0 1 1 0 0 1 0 1 1 0 1 0 1 0 1
1 1 0 0 1 1 1 1 0 1 0 0 1 1 0 1 0 0 1 0 1 0 1 0 1 0
0 1 0 1 0 0 0 0 0 0 0 1 0 0 0 0 0 0 1 0 1 0 0 1 1 1
1 1 0 0 1 1 1 0 1 0 1 1 1 0 0 1 1 1 1 0 1 0 1 0 0 0
0 0 1 1 1 1 1 0 1 0 1 0 1 0 1 1 1 1 0 1 0 0 0 1 1 1
0 0 1 0 1 0 1 1 1 1 1 0 1 1 0 0 0 1 1 0 0 1 0 0 1 0
1 1 1 0 1 0 1 1 1 1 1 0 1 1 0 0 1 1 0 1 0 1 0 0 0 1
0 1 0 0 1 0 0 1 0 0 0 0 1 1 0 0 0 0 1 1 1 1 0 0 1 0
0 0 0 0 1 0 0 0 0 1 1 1 0 0 1 0 0 1 0 1 1 1 1 1 0 1
1 1 1 1 0 0 1 1 0 1 1 1 1 0 1 1 0 0 1 0 1 1 0 0 1 1
0 1 0 1 0 1 0 0 1 0 0 0 1 0 0 1 0 0 1 1 1 1 0 0 0 1
0 1 1 0 0 1 0 1 1 0 1 1 1 0 1 1 0 1 1 0 1 1 1 0 0 1
1 0 1 0 0 1 0 0 1 1 0 0 1 0 0 1 1 1 1 0 0 1 1 0 1 0
1 1 1 1 1 0 1 0 0 1 0 0 1 0 1 0 1 1 1 0 0 0 0 1 0 0
1 1 1 0 0 0 1 0 1 0 1 1 0 0 0 0 0 1 0 1 1 0 1 0 1 1
0 0 0 1 1 0 0 0 1 1 1 0 1 0 1 1 0 0 1 0 1 1 1 0 1 0
1 1 1 0 0 0 0 1 1 0 0 1 0 1 1 1 1 1 1 1 1 0 0 1 1 0
0 0 1 1 0 1 1 1 1 0 1 1 0 0 1 0 0 0 0 0 0 1 1 0 1 1
1 1 1 0 1 1 1 1 1 0 0 0 1 1 1 0 0 0 1 0 0 0 1 1 1 1
0 1 0 1 1 1 1 1 0 0 0 0 0 1 1 1 0 0 1 1 1 1 0 1 1 1
1 1 0 1 0 1 1 0 0 1 0 0 0 0 1 0 1 0 1 1 0 1 0 0 1 1
0 0 1 0 1 0 0 1 0 1 0 0 1 1 1 1 0 1 1 0 1 1 1 1 0 1
0 0 1 0 1 1 1 1 1 1 0 0 1 1 1 0 1 1 0 1 0 1 1 0 0 1
1 1 0 1 1 0 1 0 1 1 0 0 0 1 0 1 0 1 0 0 1 0 1 0 0 1
0 0 0 1 1 1 0 1 0 0 1 0 0 0 0 0 1 0 1 0 0 1 1 1 1 0
1 0 0 0 0 0 0 1 0 0 0 0 0 1 1 1 0 0 0 0 1 0 1 0 0 0
1 0 0 1 0 0 1 0 1 1 1 0 0 0 1 0 0 0 0 1 0 0 1 1 1 1
1 1 1 1 0 1 0 1 0 0 0 1 0 0 1 1 1 0 0 1 0 1 1 1 0 0
0 0 0 1 0 0 1 0 1 1 1 0 1 0 1 0 0 1 0 0 0 0 0 0 0 0
0 1 1 1 1 0 1 1 0 0 1 0 0 1 0 1 0 1 1 0 1 1 0 0 0 0
1 0 0 0 1 0 0 1 1 0 1 0 1 0 1 0 1 1 1 1 1 1 0 0 1 1
1 1 1 1 1 0 0 1 1 0 1 1 0 0 1 0 1 0 0 0 0 1 0 0 0 0
1 1 1 0 1 1 1 0 0 1 0 1 0 0 1 1 1 1 0 1 1 1 0 0 0 1
0 0 1 1 1 1 1 1 0 1 1 0 0 0 1 0 0 0 1 1 0 0 0 0 1 0
0 0 0 0 1 1 1 1 0 0 0 0 1 0 0 1 1 1 1 0 0 0 1 1 0 0
1 1 0 0 0 0 1 1 1 1 1 1 1 1 0 1 1 1 1 1 0 0 0 1 0 0
0 1 1 0 0 0 1 1 0 1 0 1 1 1 1 1 1 1 0 0 0 0 1 0 1 1
0 0 0 0 0 0 0 1 1 0 1 0 1 0 0 1 1 1 0 1 1 0 1 1 0 0
0 1 1 0 0 1 0 1 0 1 0 0 1 0 0 1 1 0 1 0 1 1 1 1 1 1
0 1 0 1 1 0 0 1 0 0 1 1 1 0 1 0 1 0 0 1 1 0 0 0 0 1
1 0 0 0 0 1 0 1 1 0 0 0 0 1 0 0 1 0 0 0 0 0 1 1 1 0
1 1 0 0 0 1 1 1 1 0 0 0 1 0 1 1 1 0 0 1 0 0 0 0 1 0
1 1 0 0 0 0 0 1 0 1 1 0 0 0 0 1 1 1 1 0 1 1 0 0 1 0
0 0 0 0 0 1 1 1 1 1 0 1 1 1 1 1 1 0 1 0 1 1 0 0 0 0
0 0 0 1 1 0 0 0 0 0 0 0 1 1 1 0 1 0 0 0 1 0 0 1 1 1
1 0 1 1 1 0 0 1 1 1 1 1 0 0 0 1 1 1 0 0 1 0 1 1 1 0
1 0 0 0 1 0 0 1 0 0 1 0 1 0 1 1 0 1 1 1 0 1 0 0 0 0
0 1 0 0 1 0 1 0 0 1 0 1 1 1 1 0 1 1 1 1 1 1 0 1 0 1
1 0 0 1 0 0 1 1 1 0 0 0 1 1 1 1 0 1 1 1 0 1 0 1 1 0
0 1 1 1 1 0 1 0 1 0 0 1 1 0 0 1 0 0 0 1 1 1 1 1 0 1
0 1 1 1 0 1 1 0 1 1 0 1 1 1 1 1 1 0 1 0 1 1 1 1 1 0
1 0 1 1 0 1 1 1 0 1 0 1 0 1 1 0 1 1 0 0 1 0 0 1 0 1
0 1 1 1 1 1 0 1 1 0 0 0 0 1 1 1 1 1 0 0 1 0 1 0 0 0
0 1 0 0 0 1 0 0 0 1 0 0 0 1 1 1 1 0 1 1 0 0 1 1 0 1
1 0 0 1 1 0 1 0 1 1 0 0 0 1 0 0 1 0 1 0 0 1 0 1 0 1
0 1 0 1 0 0 1 0 0 0 0 1 1 0 1 1 1 1 1 1 1 1 1 0 0 0
0 1 0 0 1 1 0 1 1 1 0 1 0 0 1 0 0 0 0 1 1 0 1 0 0 0
0 1 1 0 1 0 0 0 1 0 1 0 0 1 0 1 0 1 0 1 0 1 0 1 1 1
0 1 1 1 1 0 0 0 0 1 0 0 0 0 0 0 1 0 0 0 1 0 1 0 0 1
1 1 1 1 0 1 0 0 1 1 1 0 0 1 0 1 1 0 0 0 1 0 1 0 1 0
0 0 1 0 1 1 1 1 1 0 1 1 0 0 1 1 0 1 1 1 1 1 1 0 1 0
1 1 0 0 0 1 1 0 0 1 1 1 0 1 1 0 1 1 1 0 0 0 1 0 0 0
1 1 1 0 1 0 0 0 1 1 1 0 1 1 1 0 1 1 1 0 1 0 1 0 0 1
0 0 1 0 0 1 0 0 1 0 1 0 0 0 1 0 0 0 0 1 0 0 0 1 1 0
1 1 1 0 0 0 1 0 0 0 0 1 0 1 1 0 0 0 0 1 0 0 0 0 1 0
0 1 1 0 1 1 0 1 1 1 1 1 0 1 0 0 0 0 1 1 0 0 1 1 0 1
1 0 1 1 0 0 0 0 0 0 1 0 1 0 0 0 0 1 1 0 0 1 1 1 0 1
1 0 1 1 1 1 0 0 0 0 1 1 0 1 1 1 1 0 0 1 1 1 0 0 1 1
1 0 0 1 1 0 0 1 1 1 0 0 1 0 0 0 0 0 0 1 0 1 1 1 1 1
1 0 1 1 1 0 0 0 1 1 0 0 1 0 0 1 1 0 0 1 0 1 0 0 0 0
1 1 0 1 0 0 0 0 0 1 1 1 1 1 1 0 0 1 1 1 1 0 0 0 1 1
0 1 0 0 1 1 0 0 0 0 1 0 1 0 1 0 1 0 1 1 0 1 1 0 0 1
0 0 0 1 1 0 1 1 0 1 0 0 0 0 1 1 1 1 0 0 0 1 0 0 1 1
0 0 1 1 1 0 1 0 0 0 1 0 0 0 0 1 1 0 1 0 1 1 1 0 0 1
1 0 0 1 0 1 0 1 0 1 1 0 0 1 0 0 0 1 0 1 0 0 0 0 0 0
0 1 1 1 0 1 0 0 1 1 0 0 0 1 1 1 0 1 1 1 0 1 0 0 0 0
1 0 0 0 0 0 1 0 1 1 0 0 1 0 0 0 1 0 1 1 1 0 1 0 1 1
1 0 0 1 0 1 1 1 0 1 1 1 1 1 1 0 1 0 1 1 0 1 1 1 1 1
0 1 1 0 1 0 0 0 1 1 1 0 1 0 0 0 0 0 1 1 1 0 0 1 1 0
1 1 1 1 0 0 1 0 1 0 1 1 1 0 0 1 1 1 1 1 0 1 0 0 1 1
0 1 1 1 0 1 1 1 1 0 1 1 1 1 0 0 0 0 0 1 1 1 0 1 1 1
0 0 0 1 0 1 1 0 0 1 1 1 0 0 0 1 0 1 1 1 0 1 0 1 1 0
0 1 0 1 0 0 0 1 1 0 0 1 0 1 1 1 0 1 0 1 1 0 0 0 1 1
0 1 1 0 0 0 1 1 0 1 1 1 0 0 1 0 1 0 0 1 1 0 1 1 1 1
0 0 0 0 0 1 1 0 1 0 1 0 0 1 1 1 0 0 0 1 0 1 1 0 1 1
1 1 0 0 0 1 0 0 1 0 0 1 0 1 1 0 0 0 1 0 1 1 0 1 1 1
1 1 0 0 0 1 1 0 0 0 1 0 1 1 1 1 1 1 0 1 1 0 0 1 0 1
1 1 1 0 1 0 0 1 0 0 0 0 0 0 1 0 0 0 0 0 0 1 1 0 1 1
0 0 0 1 0 0 0 0 1 0 1 1 0 1 0 0 1 0 1 1 1 0 1 1 0 0
1 1 0 0 1 1 1 0 0 0 0 1 0 1 0 0 1 0 0 1 0 1 1 1 1 1
1 1 0 1 1 1 0 0 1 1 1 1 0 0 0 0 0 0 0 1 1 0 0 1 1 0
0 1 0 1 0 1 1 1 0 0 0 0 1 1 0 1 0 0 0 0 0 1 0 0 0 1
0 0 0 1 1 0 1 1 1 1 1 1 0 1 1 0 1 1 0 1 0 0 1 0 0 0
1 1 0 1 1 0 0 1 1 1 0 1 0 1 1 0 1 0 0 1 1 1 0 1 1 0
1 0 0 1 1 0 1 1 0 0 0 0 0 0 0 1 0 1 0 1 1 1 1 0 1 0
1 0 1 1 1 0 0 0 0 1 0 1 1 0 1 0 0 1 0 1 1 0 0 1 1 0
1 1 0 0 0 0 0 1 1 1 1 0 0 0 0 0 0 0 1 0 0 1 0 1 0 1
1 0 0 1 0 1 1 0 1 0 0 1 0 0 1 0 1 1 1 1 1 0 0 0 0 0
0 0 0 0 0 1 0 1 0 0 0 1 1 1 1 0 1 1 0 1 0 1 0 1 1 0
1 1 1 0 1 1 0 1 1 0 1 0 1 0 0 1 0 0 0 0 0 0 1 0 0 1
0 0 1 0 1 0 0 1 1 0 0 1 1 0 1 0 1 1 1 0 0 0 0 1 1 1
0 0 0 0 1 0 1 1 1 1 0 0 1 1 0 1 0 0 0 1 1 0 0 1 1 1
0 1 0 0 1 0 1 0 0 1 1 1 1 1 1 1 1 0 0 1 0 1 0 1 1 0
0 1 0 1 0 0 0 1 0 1 1 0 1 1 1 1 0 0 1 1 0 0 1 0 1 0
0 0 0 0 0 0 0 0 1 1 1 1 1 1 1 0 1 1 1 0 0 0 1 1 1 1
1 0 0 0 0 1 1 1 0 1 1 0 1 0 1 0 1 0 0 0 0 1 0 1 0 0
1 1 1 1 1 0 0 0 0 0 0 0 1 1 1 1 0 0 0 1 0 0 0 0 0 1
1 1 0 1 0 1 0 0 1 1 1 1 1 0 0 0 1 0 1 1 0 1 1 0 0 0
1 1 1 0 1 0 1 1 1 1 0 1 0 0 0 0 1 0 1 0 1 1 1 1 0 0
0 0 1 1 1 1 1 0 0 0 1 1 1 1 1 0 0 1 0 1 0 1 0 0 0 1
0 1 1 1 1 1 1 0 0 1 0 0 0 1 1 0 0 0 1 0 1 1 1 0 0 1
0 0 1 1 0 0 0 0 1 0 0 0 0 1 0 1 0 0 0 0 1 1 0 1 0 0
0 0 1 0 1 0 0 0 1 0 0 1 1 1 1 1 1 0 1 1 1 0 0 0 0 0
1 1 0 1 1 0 1 0 0 1 0 1 0 0 0 1 0 0 1 1 0 0 0 0 0 0
1 1 1 0 0 0 1 0 0 1 0 0 1 0 0 1 0 0 1 0 0 0 1 0 0 0
1 1 0 0 0 0 0 0 1 0 0 0 0 1 1 0 0 1 1 1 1 1 1 0 0 1
0 0 1 1 0 0 0 1 1 1 1 0 0 1 1 0 0 1 0 0 1 1 1 1 1 1
1 0 1 0 1 0 0 1 1 1 0 0 0 0 0 1 0 1 1 1 1 0 0 0 0 1
1 1 0 0 0 0 1 1 1 1 1 1 1 0 1 1 1 1 0 0 1 1 1 1 1 0
1 0 0 0 0 1 0 0 0 1 1 1 1 1 0 1 0 0 1 0 1 0 0 0 0 1
0 0 1 1 0 0 1 1 1 1 1 1 1 1 0 1 0 1 0 0 0 1 1 1 0 1
0 0 0 1 0 0 1 1 1 1 0 1 1 0 0 0 1 1 0 0 1 1 0 0 1 1
0 0 0 0 0 1 1 0 1 1 0 0 0 0 1 1 0 1 0 0 1 0 1 1 1 0
0 0 0 0 0 0 1 0 0 0 0 0 0 0 0 0 0 1 0 1 0 0 1 0 0 1
0 0 1 0 1 1 0 1 0 0 1 0 0 1 0 1 0 0 0 1 1 0 1 0 1 1
1 1 1 1 0 0 0 1 0 0 0 1 0 0 0 0 0 0 1 1 0 0 1 0 1 1
1 0 1 0 0 1 1 1 0 0 1 0 0 1 0 0 0 1 1 0 1 1 1 0 1 1
1 0 0 0 1 0 0 1 1 0 1 1 1 1 0 0 0 0 0 0 1 1 1 0 0 1
1 1 0 0 1 0 0 1 0 1 0 0 0 1 1 1 1 1 0 0 0 0 0 1 1 0
1 0 1 1 1 0 0 1 0 0 1 1 1 1 0 1 0 1 1 1 0 0 0 1 1 1
1 0 1 1 0 1 1 1 1 1 1 1 1 1 0 0 0 0 0 0 1 0 1 0 1 0
0 0 1 1 0 0 1 0 0 1 0 0 1 1 0 1 1 1 1 1 1 0 0 0 1 1
0 0 0 1 1 1 1 0 1 1 0 1 1 1 1 0 0 0 1 1 0 0 1 0 1 1
1 1 0 1 1 1 1 1 1 0 1 0 0 1 0 1 1 0 1 1 0 1 1 0 0 0
1 0 1 0 0 0 0 0 0 1 1 1 0 1 0 0 1 0 0 0 0 1 0 0 1 1
0 1 0 0 1 1 1 0 1 1 1 0 0 0 0 1 1 1 1 0 0 0 0 0 1 1
0 1 0 1 0 1 0 0 0 0 1 1 0 1 0 0 0 0 0 0 1 1 1 0 1 0
0 1 0 0 1 0 1 0 1 0 0 1 0 0 1 1 0 0 1 0 0 0 0 1 0 1
0 0 1 1 0 1 1 1 1 0 0 0 1 0 1 0 0 0 1 0 1 0 0 1 0 1
1 0 1 0 0 0 1 0 1 1 1 0 0 0 1 1 1 1 1 1 0 1 1 1 0 1
1 0 0 0 1 1 1 0 0 0 0 1 1 0 0 0 0 0 1 0 0 1 0 0 1 0
1 0 0 0 0 1 0 0 0 0 1 1 1 0 0 1 1 0 1 1 1 1 1 1 1 1
1 1 1 0 0 0 0 1 0 0 1 1 0 1 1 1 1 0 1 0 0 1 1 1 0 0
0 1 0 0 1 1 0 0 1 0 1 1 1 1 1 1 0 1 0 1 0 0 1 1 1 0
0 1 0 1 1 1 1 0 1 0 0 1 1 0 0 1 1 1 0 1 0 0 0 1 0 0
0 0 1 0 0 0 1 0 0 0 1 1 1 1 1 0 0 0 1 0 1 1 1 1 1 0
0 0 0 1 1 1 0 1 1 0 0 1 0 1 0 0 0 1 0 1 1 1 0 1 0 1
0 1 0 1 1 1 0 1 0 1 1 1 1 1 0 1 1 0 0 0 1 1 0 1 0 0
1 1 0 0 0 0 0 0 0 1 0 0 1 0 1 0 0 0 0 1 1 1 1 1 0 0
1 0 0 0 0 1 0 0 0 0 1 1 0 0 0 1 0 1 0 0 0 0 0 0 1 0
1 1 0 1 1 1 0 0 1 0 1 1 0 0 1 0 1 1 0 0 0 1 1 1 0 1
0 0 0 0 1 1 0 1 0 0 0 1 0 1 1 0 0 1 1 0 0 0 0 0 0 0
1 0 1 0 0 1 1 1 0 0 0 1 1 0 1 1 0 1 0 1 0 0 1 1 1 1
1 1 0 0 1 1 1 0 1 1 1 0 0 0 0 1 0 0 0 0 1 1 1 1 0 0
0 1 1 0 0 0 0 0 0 1 1 1 1 1 0 1 0 1 0 1 1 0 1 0 0 0
1 0 0 0 1 0 1 0 0 1 1 1 0 1 0 0 1 0 1 1 1 1 1 0 0 0
0 0 1 1 0 1 1 1 1 0 1 1 1 1 0 1 1 1 1 0 0 0 0 0 1 0
1 1 0 0 0 0 1 0 1 0 1 0 0 1 0 1 0 0 1 0 0 1 1 1 1 0
0 1 0 1 0 0 0 0 1 1 1 0 0 0 1 0 1 1 1 1 0 1 0 1 1 0
0 0 0 1 1 0 1 0 0 0 1 1 1 0 0 1 0 0 0 0 0 0 1 0 0 0
1 0 1 1 1 1 1 0 0 1 1 0 1 1 0 1 1 1 0 0 0 1 1 0 0 0
1 1 0 0 1 1 0 1 0 0 0 1 1 1 1 1 0 1 1 1 1 1 1 1 0 0
1 0 1 1 0 0 1 1 1 1 0 1 0 1 1 1 0 0 1 0 0 0 1 0 0 0
1 1 1 1 0 0 0 1 1 1 0 0 1 0 1 1 1 1 0 0 1 1 0 1 0 1
1 1 0 1 0 0 1 1 0 1 1 0 1 1 0 0 1 0 1 0 1 0 1 1 0 1
1 0 0 0 0 0 0 0 0 1 0 1 0 1 0 1 0 0 1 1 1 0 1 1 1 0
0 1 0 0 1 0 0 1 0 0 1 1 0 0 0 1 0 1 1 0 1 0 1 1 1 1
1 0 0 1 0 0 1 0 0 0 1 0 0 1 0 0 1 1 0 0 1 1 0 1 1 0
0 0 1 1 0 0 0 0 0 0 0 1 0 0 1 1 1 1 0 1 0 0 1 0 1 0
1 1 0 0 1 1 1 1 1 1 0 1 1 0 1 0 0 1 1 0 0 1 0 0 0 1
1 0 0 1 1 1 1 0 0 0 1 0 0 1 1 1 0 1 1 0 0 0 0 1 1 1
1 1 1 1 0 1 1 0 0 0 1 1 0 0 1 1 0 1 1 0 1 0 1 1 1 0
1 0 1 0 0 1 1 0 1 0 0 1 1 1 0 0 0 1 1 1 0 1 1 1 0 0
0 0 1 1 0 1 0 0 0 0 1 1 1 1 0 0 1 0 1 1 0 0 0 1 0 0
1 0 1 0 1 1 0 0 1 1 1 1 1 1 0 1 0 1 1 0 1 1 0 1 1 0
0 1 0 1 1 0 0 0 0 1 0 1 1 0 1 1 0 1 1 0 0 1 1 0 0 1
1 1 0 1 1 0 1 1 1 0 1 0 0 0 1 0 0 1 1 0 1 0 1 0 1 1
0 1 1 1 1 1 0 1 0 1 1 1 0 1 1 0 1 1 1 0 0 1 0 0 1 1
0 1 0 1 1 1 1 1 0 0 1 1 1 1 0 1 1 1 0 1 1 0 0 0 1 0
0 1 1 1 1 0 0 1 1 0 0 1 1 0 0 0 0 1 1 1 0 1 1 0 1 0
1 0 1 1 0 0 0 0 0 1 0 1 0 0 0 1 0 1 0 0 1 1 1 1 1 1
0 1 0 0 1 1 0 0 1 1 0 0 0 1 0 0 1 1 0 0 1 1 0 0 1 0
0 1 1 1 1 1 0 1 0 1 1 0 1 0 1 1 1 0 1 1 1 0 0 0 0 0
0 0 1 0 0 1 0 0 1 1 1 0 0 0 1 1 1 0 0 0 0 1 1 0 0 1
0 1 1 1 1 0 1 0 1 1 1 1 0 1 1 1 0 1 1 0 1 0 0 1 0 1
1 0 0 1 0 0 0 0 1 1 1 1 1 1 1 1 1 0 0 1 0 0 0 1 0 1
1 1 0 1 1 0 0 0 0 0 1 0 0 0 1 1 1 0 1 0 1 0 0 1 0 0
0 0 0 0 0 0 0 1 0 1 1 1 0 0 1 0 1 0 1 0 1 0 0 0 1 0
0 1 1 1 1 0 1 0 0 1 1 0 0 1 0 0 0 0 0 1 1 1 0 0 0 0
0 1 0 0 1 0 0 0 1 1 0 0 1 1 0 0 0 1 0 0 0 1 1 1 0 0
1 1 0 1 0 1 0 0 1 1 1 1 1 1 1 1 0 1 0 0 0 1 0 0 1 0
1 1 1 0 1 1 0 0 1 1 0 1 0 0 1 1 0 0 1 1 0 1 1 0 1 0
0 0 1 0 0 1 0 1 0 1 0 1 0 1 0 1 1 0 0 1 0 0 0 0 0 0
1 0 1 0 0 1 0 1 1 1 1 1 1 0 1 0 0 1 1 1 0 0 1 1 0 0
1 0 0 1 1 1 0 0 1 0 0 0 0 0 0 1 0 0 0 1 0 0 1 1 0 0
1 0 1 0 0 1 0 0 1 0 0 0 1 0 0 0 0 1 0 1 1 1 0 0 1 1
0 0 1 0 1 1 1 0 1 1 1 0 0 1 0 0 1 0 0 0 0 0 0 1 0 0
0 1 0 0 0 0 0 1 1 1 0 0 0 0 0 1 1 0 0 1 0 1 1 0 1 1
1 1 1 1 1 0 1 1 0 0 1 0 0 0 1 1 0 1 0 1 0 0 1 1 0 0
0 1 0 1 0 1 1 1 1 1 0 0 0 1 0 0 0 1 1 1 1 0 1 1 1 0
1 1 1 1 0 1 0 1 1 1 0 0 0 0 0 1 0 1 1 0 0 0 0 1 1 0
0 1 0 1 0 1 0 1 1 1 1 1 0 0 1 1 0 0 0 0 0 0 1 1 0 1
0 0 1 0 1 1 0 0 0 1 1 1 1 0 0 0 1 1 0 0 1 0 1 0 1 1
0 0 1 1 0 0 0 1 0 0 1 0 0 0 1 0 1 1 1 1 1 1 0 1 0 1
1 0 1 0 0 0 0 1 0 1 1 0 1 0 1 0 1 1 0 1 0 1 1 0 1 0
1 0 0 1 1 1 0 1 1 0 0 1 1 0 1 1 1 0 1 0 1 0 1 0 1 1
1 0 0 1 0 1 0 1 1 0 0 1 0 1 0 1 1 1 1 0 0 1 1 0 0 1
1 0 1 0 0 0 1 0 0 1 1 0 0 0 1 1 0 0 0 0 1 0 0 0 1 1
0 0 0 1 1 1 1 0 0 1 1 1 1 0 0 0 0 1 1 0 1 0 0 1 0 1
1 0 1 0 0 1 1 1 0 0 0 0 0 0 0 0 1 0 0 1 1 1 0 1 1 0
1 1 1 0 1 1 1 1 0 0 1 1 1 1 1 0 1 0 1 0 1 0 0 0 1 0
1 0 0 0 1 1 1 1 0 1 0 1 0 1 1 0 0 0 0 0 1 1 0 1 1 0
1 1 1 1 1 1 0 0 0 1 1 0 1 1 1 0 0 0 0 0 0 1 1 1 1 1
0 1 1 0 0 1 1 0 0 0 0 0 0 1 0 0 0 1 1 0 0 0 0 1 1 1
1 1 1 1 1 0 0 1 0 1 0 0 0 1 0 1 1 1 1 1 0 1 1 1 1 1
1 0 0 1 0 1 0 1 0 1 0 1 1 1 1 1 0 0 0 1 1 1 1 0 0 1
1 0 0 1 0 1 0 0 0 1 0 0 0 0 1 0 0 1 1 0 1 1 1 0 0 0
0 1 0 0 0 1 1 1 1 0 1 1 1 0 0 0 0 0 1 1 1 0 0 0 0 0
0 1 1 1 0 0 1 1 1 0 1 0 0 0 0 1 1 0 0 0 0 0 0 1 1 0
1 1 0 0 1 1 0 1 1 1 1 1 0 1 1 1 1 0 0 0 1 0 0 0 1 1
0 0 0 1 1 0 0 0 1 0 1 0 0 1 0 0 0 1 1 1 0 0 0 0 1 1
1 0 1 0 1 0 1 1 0 0 1 1 0 1 0 1 1 1 0 0 1 0 0 1 0 1
1 0 0 0 0 1 0 0 0 1 0 0 1 1 0 1 0 1 0 1 0 1 0 1 0 1
1 1 0 0 1 1 0 0 0 0 0 0 0 0 0 0 1 1 1 1 1 0 0 1 0 1
0 1 1 1 0 1 0 0 1 1 0 1 1 1 1 0 1 1 0 1 1 0 1 1 1 1
1 0 0 0 0 1 1 1 1 0 1 1 0 0 0 1 1 0 1 1 0 0 0 1 1 1
0 1 1 0 1 0 1 0 0 0 0 0 0 0 1 0 1 0 1 1 1 0 1 1 1 0
0 1 0 1 0 1 1 1 0 1 1 0 0 0 0 1 1 1 0 1 1 1 1 1 0 1
0 1 1 1 1 0 1 0 1 1 1 1 0 0 0 0 1 0 1 0 0 0 1 0 1 0
1 1 1 1 1 1 1 0 1 1 0 0 1 0 1 1 0 1 1 1 1 0 1 1 1 1
0 1 1 0 1 0 0 1 0 1 1 1 0 0 0 1 0 0 0 0 0 1 0 0 0 0
1 0 1 1 0 0 1 1 0 0 0 1 1 1 0 0 1 1 1 1 1 1 1 0 0 0
1 1 1 0 0 1 1 1 1 1 1 0 1 1 1 1 0 0 1 1 1 1 0 1 0 0
0 1 0 1 0 0 0 0 0 0 0 0 1 1 0 1 1 1 0 0 0 1 1 1 1 1
0 0 1 0 1 0 1 0 1 0 0 0 0 1 0 1 1 1 1 1 0 0 1 0 1 0
0 0 1 0 1 1 0 0 0 1 1 0 0 1 1 1 1 0 1 0 0 0 1 1 1 0
0 0 1 1 1 1 0 0 1 1 0 1 0 0 0 1 0 0 1 0 1 0 0 0 1 1
1 1 0 1 1 0 1 0 1 0 0 1 1 1 0 1 1 0 1 0 1 0 0 0 1 0
0 1 0 0 0 0 1 0 1 0 1 1 1 1 0 0 1 0 1 0 0 1 0 0 0 1
0 0 0 1 1 1 0 1 1 0 1 0 1 0 1 1 0 1 0 0 0 1 0 1 0 1
0 0 0 0 1 0 1 1 1 0 0 0 0 0 1 0 0 0 1 1 0 1 1 1 0 0
0 0 1 0 1 0 1 1 0 0 0 1 0 0 0 1 1 0 1 1 1 1 0 0 1 1
0 1 1 0 0 0 0 1 1 0 1 0 1 1 0 0 1 0 1 0 1 0 0 0 1 0
0 1 1 0 0 1 1 1 0 1 1 0 1 0 0 0 0 1 1 1 0 1 1 1 1 0
1 0 0 1 0 0 1 1 1 0 1 1 0 0 1 1 0 0 0 1 1 1 0 0 0 0
1 1 0 1 0 0 0 0 1 0 0 0 1 0 0 0 0 1 0 0 1 0 1 1 1 0
0 1 1 0 0 1 0 0 1 0 1 1 0 0 1 0 1 1 0 0 1 1 0 1 0 0
1 0 1 0 0 0 1 1 1 0 0 1 1 0 0 1 0 1 0 0 1 0 0 1 0 0
1 0 1 0 1 0 0 0 0 0 0 1 1 1 0 0 1 0 0 0 0 0 1 1 0 1
1 1 1 0 0 0 1 0 0 1 0 1 0 0 0 0 0 1 0 1 0 1 0 1 0 0
0 1 1 1 1 1 0 1 0 1 0 0 1 0 0 0 0 1 0 1 0 0 0 0 1 1
1 1 1 0 0 1 1 1 1 1 0 1 0 1 0 1 0 0 0 1 0 1 0 0 1 1
0 0 0 0 0 1 1 0 1 1 1 0 1 0 0 0 1 0 0 1 1 1 0 0 0 1
0 1 1 0 0 1 1 1 1 0 0 0 0 0 0 0 1 1 0 0 0 1 1 0 0 0
0 1 0 1 1 1 1 1 0 1 0 1 1 0 1 1 0 0 0 0 0 0 1 1 1 0
1 1 0 1 0 1 1 0 0 1 0 1 1 0 0 1 1 0 0 0 0 0 0 1 1 1
0 1 1 1 0 0 1 1 0 1 0 0 1 1 1 0 1 0 0 0 0 1 0 0 0 0
1 1 1 0 0 0 1 0 1 1 0 0 1 1 0 0 0 0 0 0 1 1 1 1 1 1
1 1 0 0 0 0 0 0 1 1 0 1 0 1 0 0 1 1 0 0 0 0 0 0 0 1
1 0 0 1 1 1 0 1 0 1 0 0 0 0 0 0 1 0 0 0 1 0 1 0 0 1
0 1 0 0 1 0 1 1 1 0 1 0 0 1 1 0 1 0 0 0 1 1 1 1 0 1
0 1 1 1 0 0 1 0 1 0 1 0 1 1 1 0 1 0 0 1 0 1 1 0 1 0
1 1 0 1 0 1 0 1 0 0 1 0 1 0 1 0 1 1 0 0 0 0 1 0 1 1
0 0 0 1 0 1 1 0 1 0 1 0 1 1 1 1 0 1 1 0 1 0 1 0 0 1
0 1 0 1 1 0 0 1 1 1 1 1 1 1 0 1 1 1 1 1 1 1 1 0 0 1
1 1 0 1 1 0 1 1 1 0 0 0 1 0 0 0 1 1 0 1 0 0 0 1 0 1
1 0 1 1 1 1 1 0 1 0 1 1 1 0 1 0 1 0 1 1 1 1 1 1 0 1
0 1 1 1 0 1 0 0 0 1 1 1 0 0 0 1 1 1 0 1 0 0 1 0 0 1
1 1 0 1 0 0 1 1 0 0 1 1 0 1 1 0 0 1 0 0 0 1 1 0 0 1
1 0 0 0 1 0 1 0 1 1 1 0 0 1 1 0 0 1 1 1 1 1 0 1 1 0
1 0 1 1 0 1 0 1 0 0 1 0 1 0 0 1 0 0 0 1 1 1 0 0 1 0
0 0 1 1 1 0 1 0 0 1 0 1 0 1 0 0 1 0 0 1 0 1 1 1 1 0
0 1 1 0 0 0 0 0 0 0 1 1 1 0 1 1 0 0 0 0 0 0 0 1 0 1
1 1 1 1 1 1 0 1 0 0 0 1 1 0 0 0 0 1 0 0 1 1 0 0 0 0
1 1 0 0 1 1 1 1 0 1 1 1 0 1 0 0 0 1 0 0 0 0 1 1 1 1
0 0 0 1 1 1 0 0 0 1 1 0 0 1 1 1 0 1 0 1 1 1 1 1 0 0
1 1 0 0 1 0 1 0 0 1 1 0 1 0 0 1 0 1 0 1 0 1 1 0 1 1
0 1 0 0 0 1 0 1 0 1 1 0 1 1 1 0 0 1 0 0 1 0 0 1 1 1
1 0 1 1 0 0 0 0 1 0 0 0 0 1 1 0 1 0 1 0 0 0 0 0 1 1
1 0 1 0 0 1 1 1 0 1 1 1 0 0 1 1 0 1 1 1 1 0 0 0 0 1
0 0 0 1 0 0 1 1 1 1 1 0 0 1 1 1 1 0 1 0 1 1 0 1 1 1
1 1 1 1 0 1 0 0 1 0 0 1 1 1 0 0 0 1 0 0 0 0 1 0 0 1
0 0 0 0 1 0 0 0 1 0 1 1 0 0 0 1 1 1 0 1 1 1 0 0 0 0
0 0 0 1 0 1 0 1 0 0 0 0 0 0 1 0 0 1 1 1 1 0 1 1 1 1
1 0 1 0 0 0 1 0 0 0 1 0 1 1 0 1 0 0 1 1 1 0 1 1 0 1
1 0 1 1 1 1 0 1 1 1 0 0 1 1 1 0 1 0 1 0 1 1 0 0 1 0
0 0 0 0 0 1 1 0 1 0 0 1 0 1 0 1 1 0 0 0 1 0 1 1 0 1
1 0 0 0 1 0 1 0 1 0 0 1 1 1 1 1 1 1 0 0 1 1 1 0 1 1
1 0 0 0 1 1 1 0 1 1 1 1 1 1 0 0 1 1 0 1 0 0 1 1 1 0
1 1 1 1 1 1 1 0 1 0 0 0 0 0 0 1 1 0 0 0 1 1 0 0 1 1
0 0 1 1 0 0 0 1 1 1 0 0 1 0 0 1 1 1 1 1 0 0 1 0 0 1
0 1 1 1 1 0 1 1 1 1 1 1 1 0 1 0 0 1 0 1 1 1 0 1 1 0
0 1 0 0 0 0 1 1 0 0 1 0 0 1 1 1 1 1 1 1 0 0 0 0 0 1
0 1 0 1 1 0 1 0 1 0 0 1 0 0 1 0 0 0 0 0 0 1 0 0 1 0
0 1 0 0 1 1 0 1 1 1 0 0 0 0 1 1 1 0 0 1 1 1 0 1 1 1
1 1 1 0 0 0 0 1 1 0 0 1 1 0 0 1 1 0 0 1 1 0 1 0 0 1
0 0 1 1 1 1 1 1 0 1 0 1 1 0 0 1 0 0 1 1 1 1 1 1 0 0
0 0 1 0 0 0 0 1 0 1 0 1 0 1 1 0 0 0 1 1 0 1 0 0 0 1
1 1 1 0 1 1 0 1 0 0 1 0 1 1 0 0 1 1 0 1 1 1 1 1 0 0
0 1 1 1 0 0 1 1 1 0 0 1 0 1 1 0 1 1 1 1 0 0 1 1 0 1
0 0 0 1 0 0 1 0 0 1 0 0 1 0 1 1 1 0 0 1 1 0 0 1 0 0
0 1 1 0 1 1 1 0 0 0 0 0 1 0 1 1 0 1 0 0 1 1 0 1 1 0
0 0 0 0 1 0 1 1 0 0 1 0 1 0 0 0 0 0 0 0 0 0 0 1 1 1
1 1 1 1 1 1 1 0 0 0 1 1 0 0 0 0 0 0 1 1 0 1 0 1 0 1
1 0 1 1 1 0 1 1 1 1 1 1 0 1 0 1 0 0 0 1 0 0 1 0 1 1
1 0 0 0 1 0 1 1 0 1 1 1 1 0 1 1 1 0 1 1 0 0 1 0 0 1
0 1 0 1 1 1 1 0 1 0 1 0 1 0 0 0 1 1 1 0 1 1 1 1 1 1
0 0 0 0 0 0 0 1 1 1 0 1 0 1 0 1 0 0 1 0 0 1 1 0 1 0
1 1 0 0 1 0 0 1 0 1 0 1 1 0 0 0 1 1 1 1 0 0 1 0 1 0
1 0 0 1 1 1 0 0 0 0 0 0 1 1 1 0 1 1 1 1 0 0 1 0 1 0
0 0 1 1 0 0 1 1 1 1 1 0 0 1 0 0 1 0 1 1 0 0 0 0 0 1
1 0 0 1 1 1 0 1 1 1 0 0 1 1 0 1 1 1 1 0 1 0 0 1 0 0
1 0 0 0 0 0 1 0 0 0 0 1 0 0 1 0 1 1 1 0 0 1 1 1 1 1
1 0 1 0 1 1 0 0 0 1 0 0 0 1 1 0 0 0 0 1 1 0 0 1 0 1
1 1 1 0 1 1 0 0 0 1 1 1 1 1 0 1 1 0 1 1 0 0 0 1 1 1
1 0 1 1 0 1 1 0 1 0 1 0 0 0 0 0 0 0 1 0 1 0 0 0 0 0
0 1 1 1 0 1 1 1 0 1 0 0 0 1 0 1 0 0 0 1 1 0 0 1 0 1
0 0 1 0 0 0 0 1 1 1 0 0 0 1 0 0 0 0 0 0 1 0 1 0 1 0
0 0 1 0 1 1 1 0 0 1 0 1 0 1 0 1 0 0 1 0 0 1 1 1 0 1
1 0 1 0 1 0 1 0 1 1 0 1 1 0 1 0 1 0 0 0 0 0 0 0 0 1
0 1 0 1 0 1 1 1 0 0 0 1 0 0 1 1 1 1 1 0 1 1 0 1 0 0
0 0 1 1 0 0 0 0 1 0 1 0 1 1 1 0 1 1 0 1 1 1 1 0 0 0
0 1 1 0 0 1 0 0 0 0 0 0 0 1 1 0 0 0 1 0 1 0 0 0 0 0
1 0 1 0 1 0 0 0 1 0 1 1 0 0 1 0 0 1 1 0 0 0 1 0 0 0
1 1 1 1 1 0 0 1 1 1 1 1 0 1 1 0 0 0 1 1 1 1 1 1 0 1
1 1 1 0 1 0 1 1 0 0 0 1 0 0 0 0 1 1 1 1 0 0 0 1 1 0
0 0 0 0 0 0 0 0 0 1 0 0 1 0 0 0 1 1 0 0 1 1 0 1 0 1
0 0 1 0 1 1 0 1 1 0 0 1 1 0 0 1 1 0 0 0 0 1 1 1 1 0
1 1 0 1 0 0 1 1 0 0 0 1 1 1 0 0 0 0 0 1 0 1 1 1 0 0
1 0 0 0 1 0 0 1 0 0 1 0 1 1 1 1 1 0 0 0 0 1 0 0 1 1
0 0 1 0 1 1 1 1 0 1 1 1 0 0 0 0 1 1 1 0 0 1 0 1 0 0
0 0 0 0 0 1 1 1 0 1 0 1 1 1 0 0 1 1 1 1 1 1 1 0 1 1
0 1 0 0 1 0 0 0 0 0 0 0 0 1 0 1 1 1 1 0 0 1 0 1 0 0
1 0 0 0 1 1 1 0 1 0 1 0 1 1 1 0 0 0 0 1 1 0 0 0 0 0
0 1 0 1 1 1 1 1 0 0 0 0 1 1 0 0 1 0 1 0 0 0 1 0 0 1
1 0 0 0 1 0 1 1 0 0 0 0 1 0 1 1 0 0 1 0 0 1 0 1 0 1
1 0 0 1 1 0 1 0 0 1 0 1 0 1 1 1 1 1 1 0 1 0 1 1 1 0
1 0 0 0 1 1 1 1 1 1 0 0 0 0 1 0 1 1 0 1 0 0 0 0 0 1
0 1 0 1 0 0 1 1 0 1 0 1 0 1 0 1 0 1 1 0 1 0 0 0 0 0
1 1 1 0 0 0 0 0 1 0 1 0 1 1 1 0 1 1 0 1 0 0 0 0 0 0
0 1 0 0 1 1 1 0 0 0 1 0 0 0 1 0 0 1 0 0 1 0 1 0 1 0
0 0 1 0 1 1 1 0 0 1 1 0 1 0 1 0 0 0 0 1 0 0 1 0 0 1
1 1 1 1 0 1 1 0 1 1 1 0 0 1 0 1 1 1 0 1 1 1 0 1 0 0
1 0 1 1 1 0 0 0 0 0 1 1 0 0 1 1 1 0 1 0 0 1 0 1 1 0
1 1 0 1 1 1 0 1 1 1 1 1 1 0 1 1 0 1 1 1 0 1 0 1 1 1
1 1 1 0 0 1 1 0 1 0 0 0 0 0 1 1 1 0 1 1 1 0 1 0 0 1
0 0 0 1 0 1 0 0 0 0 1 1 0 1 1 0 1 0 0 0 1 1 0 0 0 1
1 0 0 1 0 0 0 1 1 1 0 1 0 0 0 0 0 1 1 1 1 0 1 1 0 1
0 1 1 0 1 1 1 1 0 0 1 1 0 1 1 1 0 0 1 1 0 1 0 1 1 0
0 1 1 0 1 1 1 1 1 0 0 0 1 1 0 1 1 1 0 0 1 1 0 0 1 1
0 0 0 1 0 1 1 0 0 1 0 1 1 0 1 0 1 0 0 1 1 1 1 0 1 0
0 0 1 1 1 1 0 0 1 1 0 1 1 1 1 1 0 1 0 0 0 0 0 0 1 0
0 1 1 0 0 0 1 1 1 0 0 1 1 0 1 0 0 0 0 0 1 1 1 1 0 1
1 1 1 1 0 0 0 0 0 0 1 0 1 1 0 0 1 0 1 1 1 1 0 1 0 1
1 1 1 0 0 0 1 1 0 1 0 0 0 1 1 1 0 1 0 1 1 1 1 0 1 0
0 1 1 1 0 1 0 1 1 1 1 0 1 1 0 1 1 1 1 0 0 0 1 1 0 0
1 1 0 1 1 1 0 0 0 0 1 0 1 1 0 1 0 0 1 1 1 0 1 0 1 0
0 0 1 0 1 1 0 1 0 1 0 0 0 0 1 1 0 1 0 1 0 0 1 1 0 0
1 0 1 1 1 0 1 1 0 1 1 0 1 0 0 0 1 0 0 0 1 0 0 1 1 1
1 0 1 0 1 1 1 0 1 0 0 1 0 1 1 1 0 1 0 0 0 1 0 1 0 0
1 0 1 1 0 1 0 1 1 0 1 1 0 1 0 0 1 1 0 1 0 1 0 1 1 1
1 0 0 0 0 1 1 1 0 0 1 1 1 1 0 1 0 1 0 0 1 1 1 0 0 0
1 1 0 0 0 0 1 1 1 1 0 0 1 1 1 0 0 0 0 0 1 0 0 1 0 0
1 0 1 1 0 1 0 1 0 0 0 0 1 1 0 1 0 0 1 1 0 1 1 1 1 1
0 0 1 1 1 0 1 1 1 0 1 0 1 0 0 0 1 1 0 1 0 0 1 1 1 1
0 0 0 1 1 0 1 1 0 1 0 0 1 0 1 1 1 1 1 1 1 1 1 0 1 0
1 0 1 1 0 1 0 1 1 0 1 0 0 1 1 0 1 1 1 0 1 0 1 0 1 0
C Elapsed Time 122153.440000 
