630 53 2^53 6
1 1 1 0 0 1 1 1 0 0 0 0 1 0 1 0 1 1 0 1 0 0 1 0 1 1 0 1 1 0 1 1 0 0 1 1 0 1 0 0 1 1 1 1 1 1 0 1 0 0 1 1 0
1 1 0 0 0 1 1 0 0 1 0 1 0 1 0 1 1 0 1 0 1 1 1 0 1 1 0 0 0 1 1 0 1 0 0 1 0 0 1 1 0 0 0 1 1 1 0 1 0 1 1 0 1
1 1 0 0 0 1 1 0 1 0 0 1 1 1 0 0 1 0 1 0 0 0 1 0 0 0 0 1 0 0 1 1 1 0 0 1 0 0 0 1 1 1 0 1 1 0 0 0 1 0 0 1 1
0 1 1 0 1 1 0 1 1 1 0 0 1 0 1 0 0 1 1 1 1 0 0 0 1 1 1 0 1 0 0 1 0 0 1 0 1 1 1 0 0 1 0 0 0 0 0 1 1 1 1 0 1
1 0 1 1 1 0 0 1 0 0 0 0 1 1 0 0 1 1 0 1 0 0 0 0 0 1 0 0 0 0 1 0 0 0 1 0 0 0 0 0 1 1 1 0 0 0 1 0 0 1 0 0 0
0 1 1 0 1 0 1 0 0 1 0 1 0 1 1 1 0 1 0 0 1 1 1 0 0 1 0 1 0 1 0 1 0 0 1 1 1 1 1 1 1 1 1 0 0 1 1 1 1 0 0 0 0
1 1 0 0 0 0 1 1 1 0 0 1 0 0 1 1 1 0 0 0 0 0 0 0 1 0 1 1 0 0 0 1 1 0 1 0 1 1 1 0 0 0 1 1 1 1 1 0 0 0 1 1 1
1 0 0 1 1 0 0 0 1 1 0 0 1 1 1 1 0 1 0 1 1 0 1 0 1 0 1 0 0 0 0 1 1 0 0 1 1 1 0 1 0 1 0 1 1 0 1 1 0 1 1 0 0
1 0 0 1 1 0 0 1 0 0 1 0 0 0 1 0 0 0 1 0 1 0 1 0 0 1 1 0 1 0 1 0 0 0 0 0 0 0 0 0 0 0 0 0 1 0 0 0 1 0 0 1 0
1 0 0 0 1 0 0 1 0 1 1 1 1 1 0 0 0 0 1 0 0 0 0 0 1 0 0 1 0 0 0 0 0 0 0 0 0 0 0 0 0 0 1 1 0 1 0 1 0 1 1 0 0
1 0 1 1 1 1 0 0 1 0 1 1 0 0 1 0 1 0 1 0 0 1 1 0 1 1 1 0 0 1 0 1 1 0 0 0 0 0 1 0 1 1 1 0 0 1 0 1 1 0 1 1 1
0 0 0 1 0 1 1 0 1 1 1 0 1 1 1 1 0 1 1 0 1 1 0 0 0 0 1 1 1 0 0 0 1 0 0 1 0 0 1 0 1 1 0 0 0 1 0 1 1 1 0 0 0
0 0 1 1 0 0 1 0 0 0 1 1 1 1 1 0 0 0 1 0 1 1 0 0 0 0 1 0 1 0 0 0 1 0 0 1 0 1 0 0 0 0 0 1 0 1 1 0 1 0 1 0 1
1 1 0 1 1 1 1 0 0 1 1 1 1 1 1 1 1 0 1 0 0 1 0 0 1 1 1 1 1 0 0 1 0 0 0 0 1 1 0 1 1 1 1 0 0 0 1 0 0 1 1 0 1
0 1 0 1 1 0 1 0 1 0 1 0 1 0 0 1 0 0 1 1 0 0 1 0 0 1 0 0 0 0 0 0 1 0 1 0 0 1 1 0 0 0 0 0 1 0 1 0 1 1 1 0 1
0 1 1 1 1 0 1 1 1 1 1 0 1 0 1 1 0 1 0 1 1 1 1 0 0 1 0 0 1 0 1 1 1 0 0 0 1 0 1 0 1 1 0 1 0 1 1 0 0 0 0 1 1
1 1 1 1 0 0 0 1 0 1 0 1 1 0 1 1 0 0 0 0 0 0 1 0 1 1 1 0 0 0 1 1 0 1 0 1 0 0 1 1 1 1 1 1 1 1 0 0 0 1 0 1 1
0 0 1 1 1 1 1 0 1 0 0 0 1 1 0 1 1 1 0 0 1 0 1 0 0 1 0 1 1 0 0 0 1 1 1 0 1 0 0 0 1 0 1 0 0 1 0 1 1 1 0 0 1
1 0 1 1 1 1 0 0 1 1 0 0 1 1 1 0 1 0 1 1 1 0 0 0 0 0 0 1 0 0 1 0 1 1 1 0 0 1 1 1 1 0 0 0 0 1 0 1 0 0 1 0 0
1 0 0 0 1 0 0 0 0 0 0 1 1 1 1 1 0 0 1 0 1 0 1 0 1 0 1 1 0 1 1 0 0 1 1 1 1 0 0 1 1 1 0 0 0 1 1 1 0 0 0 1 0
1 1 1 0 0 0 0 0 0 1 0 0 1 0 0 1 1 0 0 1 1 0 0 0 0 0 0 1 1 1 1 0 1 1 0 1 1 0 0 1 0 0 0 0 0 0 1 1 1 0 0 1 1
1 1 1 0 1 0 1 1 1 0 0 0 0 1 1 1 0 0 1 1 0 1 1 0 0 1 1 1 0 0 0 1 1 1 0 1 0 0 1 0 0 0 0 0 0 0 1 1 1 0 1 1 1
0 0 1 1 1 0 0 0 1 1 0 0 1 1 1 0 0 0 0 1 0 0 0 0 0 1 1 1 0 0 1 1 0 1 0 1 1 0 0 0 1 1 1 0 1 0 1 1 1 0 1 1 0
1 1 0 0 0 1 0 0 0 0 1 0 0 0 1 0 1 1 0 0 1 0 0 0 1 1 0 1 1 0 1 1 1 1 1 1 1 0 1 1 1 0 0 1 0 1 0 1 1 0 1 1 1
0 1 1 1 1 0 0 0 0 1 1 0 1 0 1 1 1 1 1 1 1 0 1 0 0 1 0 1 0 0 0 0 0 1 1 1 0 0 1 0 0 1 1 1 0 0 0 0 1 0 1 1 0
0 1 0 0 1 0 1 1 1 0 1 1 0 1 1 0 0 1 1 1 1 1 1 0 0 1 1 0 1 1 0 0 0 1 0 0 1 0 0 1 1 1 1 1 1 0 0 1 1 1 0 0 1
0 1 0 0 1 0 1 1 1 1 1 1 1 1 1 1 0 1 1 0 1 1 1 0 0 0 0 0 0 0 0 1 0 1 1 0 0 1 1 0 1 0 0 1 0 0 0 0 0 1 1 1 1
1 1 0 0 1 0 0 1 0 0 1 1 1 0 1 0 1 1 0 1 1 0 0 0 1 0 1 1 1 0 1 1 0 1 1 0 0 1 0 1 1 1 0 1 1 0 1 0 0 1 1 1 0
1 1 0 1 1 0 1 1 0 1 1 0 1 1 1 1 1 0 0 0 0 1 1 0 0 1 1 0 0 1 0 0 1 1 0 0 0 0 1 1 0 1 0 1 1 0 1 0 0 0 0 1 0
1 0 0 1 1 0 1 0 1 0 1 0 1 1 1 0 1 0 1 1 1 0 0 0 1 0 0 0 1 0 0 1 0 1 0 0 1 0 1 1 1 0 1 1 0 0 1 1 1 0 1 0 0
1 0 0 0 0 0 1 0 1 1 1 1 0 0 0 1 1 0 1 0 1 0 1 0 1 1 0 1 0 0 0 1 1 1 0 0 0 0 0 1 0 1 1 0 0 1 1 0 0 1 0 0 0
0 0 1 1 1 0 0 0 0 0 0 1 0 1 1 1 1 1 0 1 1 1 1 1 1 1 1 1 0 0 1 1 0 0 1 1 0 1 0 0 0 0 0 0 1 0 0 1 1 1 0 1 1
0 0 1 0 0 1 1 1 0 1 0 0 0 0 1 1 1 0 0 0 1 0 0 1 1 0 1 0 1 0 1 0 1 0 1 0 0 1 0 1 0 0 1 0 0 1 0 0 0 1 0 0 0
1 0 1 1 0 0 0 1 1 0 0 1 1 0 0 1 0 0 1 1 1 1 1 1 0 1 0 1 0 0 0 1 1 0 1 1 1 1 1 0 0 1 1 0 0 1 0 1 0 0 0 0 1
0 1 0 1 1 0 1 0 1 1 0 1 0 0 1 0 0 1 0 0 0 1 1 1 1 1 1 0 1 0 0 1 1 0 0 1 0 1 1 0 0 0 1 1 0 0 0 1 0 1 1 1 0
0 0 1 1 1 0 1 1 0 0 0 1 1 0 0 0 1 0 1 0 1 0 0 1 0 0 0 1 0 1 1 1 0 0 0 0 0 0 1 1 0 0 0 0 0 1 1 0 0 0 1 0 1
1 1 0 1 1 0 0 1 0 1 0 1 1 0 1 0 1 1 0 0 0 1 0 1 0 0 0 1 0 1 1 0 1 0 1 1 0 1 1 1 0 1 0 1 1 0 1 0 1 1 1 0 1
1 0 0 1 0 1 1 0 1 0 0 0 0 0 0 1 0 0 0 0 0 1 1 1 1 0 0 1 0 0 1 1 1 0 1 0 1 0 0 0 1 0 1 0 0 0 1 0 0 0 1 1 0
0 1 1 1 0 0 1 0 1 1 0 0 0 1 0 1 1 0 0 1 1 1 0 1 1 0 0 1 1 0 0 1 1 0 0 1 0 1 1 0 1 1 0 0 1 1 1 1 1 1 1 1 1
0 0 1 1 0 0 1 0 0 1 1 0 0 1 0 1 0 0 1 1 1 0 1 1 0 1 0 1 1 1 1 1 0 0 0 0 0 1 0 0 1 0 1 1 0 0 0 0 1 0 0 0 0
1 0 1 1 1 1 0 1 1 0 1 0 0 0 0 0 1 1 0 0 1 1 1 1 1 1 0 1 1 0 0 0 0 0 1 1 0 0 0 1 0 1 0 0 0 0 0 1 0 1 0 0 0
0 0 0 0 1 0 1 1 1 1 1 1 0 1 0 0 1 0 1 0 1 0 1 1 1 0 1 1 0 0 1 1 0 0 1 1 0 1 1 1 1 1 1 1 0 0 0 0 0 0 1 0 0
1 0 1 1 1 1 1 0 0 0 1 1 0 0 1 1 0 0 0 0 0 0 0 1 1 0 0 0 0 0 1 0 1 0 0 0 0 1 0 1 0 1 0 1 1 0 1 1 0 0 1 1 1
0 0 0 1 1 0 0 0 1 0 1 0 0 1 0 1 0 0 0 0 0 1 1 1 1 1 1 1 1 0 0 0 0 0 0 0 0 0 0 0 1 1 1 1 1 1 1 0 1 0 0 1 0
0 0 1 1 1 0 1 1 1 1 1 1 1 1 0 0 0 1 0 0 0 1 1 1 1 0 0 0 0 1 0 0 0 0 0 0 0 0 0 1 1 1 1 0 1 0 1 0 1 0 1 1 1
1 1 1 0 0 1 0 1 0 1 0 1 1 1 0 1 1 1 1 0 0 0 0 1 1 1 1 0 0 1 0 1 1 1 1 0 0 0 0 0 0 1 0 0 1 0 0 1 0 0 0 0 0
1 1 1 0 1 0 0 0 1 1 0 0 0 0 1 1 1 0 0 0 0 0 1 1 0 0 1 0 1 0 1 1 0 1 1 0 0 0 1 1 0 1 0 1 0 0 0 1 0 0 1 0 1
0 1 0 0 1 1 1 0 0 0 0 1 0 1 0 1 1 1 1 0 0 1 0 1 0 1 0 0 0 1 1 1 0 1 1 0 1 0 1 1 1 1 1 1 0 0 1 1 1 0 1 1 1
0 1 1 1 0 0 0 1 0 1 0 0 0 0 1 0 1 0 0 0 0 0 1 1 1 1 0 1 0 1 0 0 1 1 0 0 0 1 1 0 0 0 1 0 0 1 1 1 0 0 1 1 0
0 0 1 1 1 1 0 0 1 1 0 1 1 0 0 1 1 1 1 1 1 1 0 1 0 1 1 1 0 1 0 1 1 1 1 0 0 1 1 1 1 0 1 0 1 1 1 1 0 1 1 1 1
0 0 1 1 0 1 1 1 0 0 1 1 0 0 1 1 0 0 1 0 1 1 1 1 1 0 0 1 1 1 0 0 1 1 0 1 0 0 0 0 1 0 1 1 1 0 0 1 1 1 0 1 0
0 0 0 0 1 1 1 1 0 1 1 1 1 1 1 0 1 1 0 0 0 0 0 1 1 0 0 0 0 0 0 0 0 1 1 1 1 1 1 1 0 0 0 0 1 1 0 1 0 1 0 1 1
1 1 1 1 1 0 1 0 1 0 1 1 1 1 0 1 0 0 0 0 0 0 1 1 0 1 0 1 1 1 0 1 0 1 0 1 1 0 1 1 1 0 0 0 1 1 0 1 0 0 0 1 1
1 0 0 1 1 0 0 1 1 1 1 0 1 0 0 1 0 0 1 0 1 1 0 1 0 0 0 0 1 1 0 1 1 1 1 0 1 1 1 1 1 1 1 1 1 1 0 0 1 1 1 0 0
1 0 1 0 0 0 1 1 0 0 1 0 0 0 1 1 0 0 0 1 1 1 1 1 1 1 1 0 1 1 1 1 1 1 1 1 0 1 0 0 0 1 0 1 1 1 1 1 0 0 0 0 1
1 1 1 0 0 0 1 0 0 1 1 0 0 1 0 0 0 1 0 0 1 0 1 1 1 0 1 1 1 0 1 1 0 1 1 1 1 0 1 1 0 1 1 0 1 0 1 0 0 1 0 1 0
0 1 1 0 1 1 1 1 1 0 1 1 1 0 1 1 1 1 1 1 1 0 1 1 1 0 0 1 0 0 1 0 1 1 1 1 1 1 1 0 0 0 1 1 1 0 1 1 0 0 0 0 1
1 1 1 1 0 1 1 1 0 1 0 0 0 1 0 1 0 0 1 1 1 0 1 0 0 0 1 0 0 0 0 1 1 0 1 0 1 0 0 1 0 1 1 1 1 0 0 0 1 0 0 0 1
0 1 1 0 0 0 0 0 1 1 1 1 0 0 1 0 0 1 0 0 1 1 0 0 0 1 0 1 0 0 1 0 1 0 1 0 0 1 0 0 0 0 1 0 1 0 0 1 0 0 1 1 1
0 0 1 1 1 0 1 1 1 1 0 1 0 0 1 1 1 1 0 1 0 0 0 0 0 1 0 1 1 1 0 0 0 1 0 0 1 1 0 1 1 1 1 1 0 0 0 0 0 1 0 1 0
0 1 1 0 1 0 1 0 1 1 0 1 1 1 0 0 1 0 0 0 0 0 0 0 0 0 1 0 1 1 1 1 0 0 1 1 1 1 1 0 1 0 1 1 0 1 0 1 1 1 0 1 1
0 1 1 1 0 0 0 1 1 1 0 0 0 1 1 1 0 1 0 0 0 0 1 1 1 1 1 1 0 0 1 0 1 1 1 0 1 1 0 0 1 1 0 1 0 1 0 0 1 1 1 0 1
0 0 1 0 1 1 1 1 1 1 1 1 0 0 0 1 0 1 0 1 0 0 1 0 1 0 1 1 0 1 1 0 0 1 1 0 1 1 1 0 0 1 1 0 0 1 0 1 0 1 1 0 0
0 1 1 1 0 0 1 1 1 1 1 1 0 1 0 0 0 0 0 0 0 1 0 1 0 0 1 1 0 0 0 1 1 1 0 1 1 0 0 1 1 1 0 1 0 1 1 1 0 1 1 0 0
0 1 1 1 0 0 0 1 1 1 0 1 0 0 0 0 0 1 1 0 1 1 0 0 0 0 0 0 0 1 1 0 1 1 0 0 0 0 0 1 1 0 0 0 0 1 1 1 1 1 0 0 1
0 1 1 0 0 1 0 1 0 0 1 1 1 1 0 1 0 1 0 0 0 1 0 0 0 0 0 1 1 0 1 0 1 1 0 0 0 1 1 0 1 0 1 1 0 1 1 1 1 0 1 1 0
1 1 1 0 1 0 0 0 0 1 1 0 1 1 1 0 1 1 0 1 1 0 1 0 1 1 1 0 1 1 1 0 1 1 0 0 0 0 1 0 1 0 0 1 1 1 1 1 1 1 0 0 0
1 1 0 0 0 0 1 1 1 0 1 0 0 0 1 0 1 0 1 0 1 1 0 0 1 1 0 1 0 1 0 0 0 1 1 0 1 0 1 1 1 1 0 0 1 1 1 0 1 0 1 1 0
0 0 0 0 0 0 0 1 1 1 1 1 1 1 1 0 0 0 1 1 0 0 0 0 0 1 1 0 1 0 0 0 1 0 1 0 0 1 1 1 0 1 1 0 1 0 1 1 1 1 0 1 0
0 1 0 1 1 0 1 1 0 0 0 1 1 1 0 1 0 1 0 1 0 1 0 0 0 1 0 0 1 0 1 1 0 1 0 1 1 0 0 0 0 0 0 1 0 0 0 0 1 1 1 0 1
1 1 0 0 0 1 1 0 0 1 0 0 0 0 1 0 0 1 1 1 0 1 1 1 1 0 0 1 1 1 1 1 1 1 0 0 0 0 0 0 0 1 0 1 1 0 1 0 1 1 1 0 0
0 0 1 1 1 1 0 1 1 1 1 1 1 0 1 1 0 0 0 0 1 0 1 1 1 1 1 0 1 1 1 0 0 0 1 1 0 0 1 0 1 0 0 0 0 1 1 1 1 1 1 1 1
1 0 0 1 1 0 0 0 0 1 0 1 1 1 1 0 0 1 1 1 0 1 0 1 1 0 1 0 0 0 1 0 1 0 1 0 1 0 1 0 0 0 1 1 1 1 1 1 0 0 0 1 1
1 0 1 0 1 0 1 0 0 0 0 1 0 1 1 1 1 1 1 1 0 1 0 0 0 0 1 0 0 1 0 1 0 1 0 1 0 0 0 1 0 0 1 1 1 1 1 1 1 1 0 1 0
0 1 1 0 1 0 0 1 0 0 1 0 0 0 1 0 0 0 0 0 1 0 0 0 1 0 1 0 0 1 1 0 1 0 0 1 1 1 0 1 1 1 1 0 0 1 1 0 1 1 1 1 0
0 1 0 1 0 1 1 1 1 0 0 1 1 1 0 0 1 0 0 1 0 0 1 1 1 0 1 0 1 0 0 0 0 0 0 0 0 0 1 0 0 0 0 1 1 0 1 0 0 1 0 1 0
0 1 0 1 0 1 0 1 0 1 1 1 1 1 1 0 1 0 0 0 0 0 0 0 0 0 0 1 1 0 1 1 0 0 1 0 1 1 0 1 1 0 0 0 1 0 1 1 1 0 1 0 0
1 1 0 1 0 0 0 0 0 0 0 1 0 1 1 0 1 0 1 1 0 1 1 1 0 1 1 1 1 1 0 1 1 0 0 1 0 1 0 1 1 1 1 0 0 0 1 1 0 0 0 1 0
0 1 1 1 0 0 0 0 1 0 1 0 0 0 0 0 0 0 0 1 0 0 1 0 1 0 1 1 1 0 0 1 1 1 1 0 1 1 0 0 1 0 0 1 0 0 0 1 1 0 0 0 0
0 0 0 0 0 0 0 0 0 1 1 0 1 1 0 0 0 1 1 0 0 1 0 0 1 0 1 0 1 0 1 1 1 1 0 0 0 1 1 0 1 1 0 0 1 0 0 0 0 0 1 0 1
0 1 0 1 0 0 1 1 0 1 0 0 0 1 1 0 0 0 1 1 1 0 1 0 1 0 0 1 0 0 1 1 1 1 0 1 1 1 0 0 0 0 1 1 0 0 1 1 0 1 0 1 1
0 1 0 0 1 1 1 0 0 0 1 1 1 1 1 0 0 0 1 0 0 0 1 1 1 1 1 1 1 0 1 0 0 1 1 0 0 1 1 0 0 1 0 1 0 0 0 0 0 1 1 1 0
0 1 0 0 0 0 1 1 1 0 1 0 1 1 1 0 1 1 0 0 1 1 1 1 0 0 0 1 1 1 1 1 0 0 0 1 0 1 0 0 0 0 0 0 0 1 1 1 1 1 0 1 0
1 0 1 1 1 0 0 0 1 0 0 1 0 1 0 0 0 1 1 0 0 1 1 1 0 0 0 1 0 1 0 0 0 1 0 0 1 1 0 0 0 1 0 1 1 0 0 1 0 0 1 0 0
0 0 0 1 0 1 1 0 0 1 1 0 1 0 0 0 1 1 1 1 1 0 0 1 1 1 0 0 1 0 0 1 0 0 1 1 0 0 0 1 0 0 0 0 1 1 1 1 1 1 0 0 0
0 1 1 0 1 1 1 0 0 1 1 0 1 1 1 1 0 0 0 1 1 1 1 1 0 0 1 1 0 1 0 1 1 1 0 0 0 0 1 0 0 0 1 1 0 1 0 1 0 0 1 0 1
0 1 0 0 0 0 0 0 1 0 1 0 1 1 1 0 0 0 0 0 1 1 1 1 1 1 1 1 1 0 0 0 1 1 1 1 1 1 1 0 1 0 1 0 1 1 0 1 0 1 1 0 0
0 1 0 0 1 1 0 0 0 0 1 0 0 0 0 0 0 1 0 1 1 1 1 1 0 1 0 1 1 0 0 0 0 1 0 1 0 1 1 1 1 0 1 0 0 1 1 1 0 1 0 1 1
1 1 0 0 1 1 1 1 0 0 0 1 0 0 0 0 0 1 1 1 1 0 0 1 1 0 0 0 0 1 1 1 1 0 0 1 1 0 0 0 1 1 1 1 0 0 0 1 1 0 0 0 0
1 0 0 0 1 1 1 1 1 1 0 0 1 0 1 0 0 0 1 0 1 1 1 0 0 0 0 0 0 0 1 0 0 0 0 0 0 0 1 1 0 1 1 0 1 0 1 0 0 1 1 0 0
0 0 1 1 0 1 1 1 1 0 0 1 0 1 1 1 0 0 0 1 1 0 1 1 1 1 1 0 1 1 1 1 0 1 1 0 1 0 1 1 1 1 1 0 0 1 1 0 0 0 0 0 0
1 1 1 0 0 0 1 0 0 0 0 1 1 0 0 0 0 1 1 0 0 1 1 0 0 1 1 1 1 1 1 0 0 0 1 1 0 1 1 0 1 0 0 1 1 0 1 1 0 0 0 0 1
1 1 0 1 0 0 1 1 1 0 0 1 0 0 0 0 0 0 0 1 1 1 0 0 1 1 1 1 1 0 1 1 1 0 1 0 1 0 0 1 1 0 0 1 0 1 0 0 0 1 0 1 1
1 0 1 1 0 0 1 1 0 0 1 0 0 1 1 0 1 0 0 0 0 0 1 1 0 0 1 0 1 1 1 1 1 0 0 1 0 0 1 1 0 0 1 1 0 0 1 0 1 1 1 1 1
1 1 0 1 0 1 1 1 0 0 1 1 1 1 0 1 1 0 0 1 1 0 0 1 1 1 1 1 1 1 0 1 1 0 0 1 0 1 1 1 0 1 0 1 0 1 0 0 1 0 0 1 0
0 0 0 0 1 0 0 1 0 1 0 1 0 1 1 1 0 1 0 0 1 1 0 1 0 1 1 0 1 1 1 0 1 1 0 1 0 0 1 0 1 0 1 0 1 0 1 0 0 1 0 0 1
1 0 0 0 0 1 0 0 1 0 1 1 1 0 1 0 1 0 1 1 1 0 1 1 1 0 1 0 0 1 1 1 1 1 0 1 0 0 0 0 0 1 0 0 0 0 1 1 0 1 1 0 0
1 0 0 1 0 1 0 0 1 1 1 0 0 1 0 0 1 1 0 1 0 1 0 1 0 0 1 0 0 1 0 1 1 0 1 1 1 1 0 0 0 0 0 1 0 0 1 0 1 0 1 1 1
1 1 1 0 0 1 0 0 1 1 1 0 1 0 1 1 0 1 0 1 0 0 1 1 0 0 0 1 0 1 0 1 0 0 0 1 1 0 1 1 0 1 1 1 1 1 1 1 0 0 0 1 0
1 0 0 0 0 1 1 0 0 1 0 0 0 0 0 1 0 1 0 1 1 0 1 1 1 1 0 1 0 0 0 1 0 0 0 0 0 1 0 0 1 1 1 0 1 0 0 1 0 1 1 0 1
1 0 0 1 0 0 1 0 1 0 0 1 1 0 0 1 0 1 1 1 0 1 1 0 1 1 1 1 1 1 1 0 1 0 1 0 0 0 1 1 1 1 1 0 1 0 0 0 1 1 1 1 0
1 0 1 0 1 0 1 0 0 1 0 0 1 0 0 1 0 0 0 1 0 1 1 1 1 1 1 0 1 1 0 0 0 1 0 0 1 0 0 0 1 1 0 0 0 1 1 1 0 1 0 0 1
0 1 1 0 0 1 0 0 1 0 0 0 0 0 0 1 1 0 1 0 0 0 0 1 0 0 1 1 1 0 1 1 1 0 1 1 0 1 0 0 0 1 0 0 0 1 0 1 1 0 1 0 0
0 0 1 0 0 1 1 0 1 0 0 0 1 0 1 1 0 1 1 1 0 0 1 0 0 0 0 0 0 0 0 1 0 0 0 0 1 1 0 0 1 0 1 1 0 1 1 1 1 1 1 1 1
1 0 0 0 0 1 1 1 0 0 0 0 1 0 0 1 1 1 1 1 1 0 0 0 0 0 0 0 0 0 0 1 1 1 1 1 1 0 1 1 1 1 0 1 0 1 1 0 0 1 0 0 0
1 0 0 1 0 1 1 1 1 0 1 0 0 0 1 0 0 0 0 0 0 1 0 1 0 1 0 0 0 0 1 0 0 0 0 0 1 1 1 0 1 0 1 1 1 1 0 1 1 1 0 0 1
1 1 1 1 0 1 0 1 0 1 0 0 0 0 1 0 0 0 0 1 1 1 0 0 1 1 1 1 1 1 1 1 0 0 0 1 0 1 1 1 0 0 0 1 0 1 1 1 0 1 1 0 0
1 1 0 0 0 1 0 0 0 1 0 1 1 0 0 0 0 0 1 0 0 1 1 0 1 1 1 1 0 1 0 0 0 1 0 1 0 1 0 1 1 0 0 0 0 0 0 0 1 1 1 1 0
1 1 1 1 0 1 0 0 0 0 0 1 1 0 0 0 0 1 0 0 0 0 1 1 0 0 0 0 1 1 0 0 1 0 1 0 0 0 1 0 1 0 0 1 1 1 0 0 1 1 1 1 0
0 1 0 1 0 0 1 1 1 0 0 0 1 0 0 0 0 0 1 0 0 0 1 0 0 1 1 1 1 0 0 0 0 1 0 1 0 0 0 1 0 1 1 1 0 1 0 1 0 0 0 0 0
1 1 1 1 0 1 0 0 1 0 1 1 0 1 0 0 1 1 1 0 0 1 1 0 1 0 1 0 1 0 0 1 0 1 1 1 0 1 1 1 0 1 0 1 1 1 1 1 1 1 1 1 1
1 0 1 1 0 1 1 1 0 1 0 1 1 0 0 1 1 1 1 0 0 1 1 0 0 0 0 0 0 0 0 0 1 0 0 1 1 1 0 1 1 0 0 0 0 1 0 1 0 0 1 1 1
1 1 1 0 0 1 0 0 1 0 1 1 0 0 0 0 1 1 1 0 1 1 0 0 0 0 0 1 1 1 1 0 1 0 0 0 1 1 1 1 0 1 0 1 0 1 0 0 0 1 0 1 0
0 1 1 1 0 1 0 1 0 1 1 1 0 1 1 0 1 1 1 0 1 1 0 1 1 0 1 0 1 0 1 1 1 0 0 1 1 0 0 0 1 0 0 1 1 0 0 0 0 1 1 1 1
1 0 0 0 0 1 1 1 1 0 1 1 0 0 0 0 0 1 1 1 0 1 0 1 1 0 1 0 0 0 1 0 0 1 1 1 0 0 1 0 1 0 0 0 0 0 0 0 0 0 0 1 1
1 1 0 1 0 0 1 1 0 0 0 0 1 1 0 1 1 1 1 1 1 1 1 1 0 0 1 0 1 0 0 0 0 1 1 1 1 1 1 1 0 1 1 1 0 1 1 1 0 1 1 1 0
0 1 1 0 0 0 1 0 1 0 1 0 1 1 1 1 1 0 1 1 0 0 0 1 1 0 1 0 1 0 0 0 0 0 1 1 0 0 1 1 1 0 1 0 1 0 0 0 0 0 0 1 1
1 1 1 1 1 1 0 1 1 0 1 0 1 0 1 1 1 1 0 0 0 0 0 1 0 1 1 1 1 1 0 0 1 0 0 1 0 1 0 0 1 0 0 1 1 0 1 1 0 1 0 1 1
1 1 0 1 0 0 1 1 0 1 1 1 0 0 0 0 1 1 1 1 0 1 1 0 0 0 0 0 0 0 0 1 0 1 0 0 1 0 1 0 0 0 1 0 1 0 1 1 1 1 0 0 1
0 1 1 0 1 1 1 1 1 1 1 0 1 0 0 0 1 0 1 1 0 1 0 0 1 0 1 0 0 0 1 1 0 1 0 0 0 1 0 1 0 0 0 1 1 1 0 1 1 0 0 1 0
0 1 0 0 1 1 1 1 0 0 0 0 0 0 0 0 0 0 1 0 1 1 0 1 1 0 1 1 0 0 0 0 1 1 1 0 0 0 1 1 0 0 0 1 1 0 0 1 1 1 0 0 1
1 0 0 0 0 1 0 1 1 1 0 1 0 1 0 0 1 0 0 1 0 1 1 1 1 1 0 1 1 1 1 1 0 1 1 1 1 0 1 0 0 0 1 0 1 0 0 1 0 0 1 1 1
0 0 1 0 0 1 1 0 0 1 1 0 1 1 1 1 0 0 1 0 0 1 1 0 0 0 0 1 0 0 1 0 0 1 1 0 1 0 0 1 1 0 0 1 1 1 1 0 1 1 0 1 1
1 1 1 0 0 1 1 1 0 0 1 1 0 0 0 1 1 0 0 1 0 0 1 0 0 1 0 0 0 1 0 0 0 0 1 1 0 0 0 1 0 0 1 0 0 1 1 0 1 0 0 1 1
0 1 1 1 0 1 1 0 0 0 0 0 0 1 0 0 0 0 0 0 1 0 1 0 0 1 0 0 1 1 0 0 0 0 1 1 0 1 0 1 1 1 0 1 0 0 1 1 1 1 1 0 0
1 1 1 1 0 0 1 0 0 0 1 1 1 0 0 1 0 0 0 0 1 0 0 0 1 0 1 1 0 1 1 1 1 1 1 1 0 1 0 1 1 0 1 0 0 0 1 0 1 0 0 0 1
0 0 0 0 0 1 1 0 0 1 0 1 0 0 1 0 0 0 0 1 1 0 0 1 0 0 1 1 1 0 0 0 1 0 1 0 1 0 1 0 1 1 0 0 0 0 1 0 0 0 1 1 0
0 1 0 1 1 1 1 1 1 0 0 1 1 0 0 1 0 0 0 1 1 1 0 0 1 0 0 1 0 1 0 0 1 1 0 1 1 0 0 0 0 1 1 0 1 1 1 1 0 1 1 0 1
1 0 0 0 1 0 0 1 0 0 0 0 0 1 1 0 0 0 0 0 1 1 0 1 1 0 0 0 1 1 0 1 0 0 0 0 1 1 0 1 0 0 1 0 1 0 0 0 0 0 0 0 1
1 0 0 1 0 0 0 0 1 0 0 1 0 0 0 0 1 1 0 0 1 1 0 1 1 0 1 1 1 0 1 0 0 1 0 0 0 1 0 1 1 0 1 1 0 0 1 1 1 1 1 0 1
0 0 0 1 0 0 1 0 0 1 0 1 1 1 0 1 1 0 1 1 0 0 1 0 0 1 1 1 0 0 0 1 0 1 1 0 1 1 1 1 0 0 0 1 1 1 0 1 1 0 1 0 0
1 1 0 0 0 0 0 1 1 1 0 0 1 1 0 0 1 1 0 1 0 1 1 0 0 0 1 0 1 1 1 1 0 0 1 1 0 0 1 1 0 1 0 0 0 1 1 0 1 0 1 0 0
0 0 0 0 1 1 0 1 1 1 0 0 1 0 0 1 0 0 0 0 0 0 0 0 1 1 0 1 0 1 0 1 0 0 0 0 0 0 1 0 1 0 0 1 0 0 0 0 1 0 1 0 0
0 0 1 0 1 0 0 1 1 0 0 1 0 1 1 0 0 0 0 0 1 1 1 0 1 0 0 0 1 1 1 1 1 1 0 0 1 0 1 0 0 1 0 1 1 1 0 1 1 1 1 1 0
1 1 1 0 1 1 0 0 1 1 0 1 1 1 0 1 1 0 1 1 0 1 1 0 1 0 0 0 1 1 0 0 1 0 0 0 0 1 1 0 1 0 1 1 0 0 1 1 1 0 0 0 1
1 0 0 0 1 1 0 1 1 1 0 0 0 0 1 1 1 1 0 1 0 1 1 1 1 1 1 1 1 0 0 1 1 1 1 1 1 0 0 1 1 0 1 1 1 0 1 0 1 1 0 1 0
1 0 0 1 0 0 0 1 0 1 1 0 0 1 1 1 1 0 1 1 1 0 1 1 1 0 1 0 1 0 1 1 0 1 0 1 0 0 0 1 1 1 1 0 0 1 0 1 1 0 1 0 0
0 0 0 1 0 0 1 1 0 1 1 0 0 1 0 1 0 0 0 0 0 0 0 0 0 0 0 0 0 1 1 0 1 0 1 0 1 0 1 0 0 1 0 0 0 0 0 1 0 0 0 0 1
1 0 0 0 1 1 1 0 1 0 1 0 0 1 0 1 1 0 1 1 0 0 1 1 1 0 0 0 1 0 0 1 1 1 1 1 1 1 0 0 1 1 1 1 0 0 0 0 0 1 0 1 1
0 1 1 0 1 0 0 1 1 0 0 1 1 0 1 0 1 0 1 0 0 1 0 0 1 0 0 0 1 0 0 0 1 0 0 1 1 0 1 0 1 0 0 0 0 1 1 1 0 1 0 1 0
0 1 0 0 0 1 1 0 1 1 1 1 0 1 1 0 1 1 0 0 0 0 1 1 0 1 1 0 1 0 1 1 1 1 0 0 0 1 0 1 1 0 0 0 0 1 1 0 0 0 0 0 1
1 0 0 0 1 0 1 0 0 0 1 1 0 1 0 0 1 0 1 1 1 1 0 1 0 1 0 1 1 1 1 0 1 0 1 0 0 0 0 0 0 1 1 0 0 1 0 1 1 0 0 0 0
1 1 0 0 0 0 1 1 0 0 1 1 1 0 1 1 0 0 0 0 0 1 1 1 1 0 0 0 1 0 0 1 0 0 1 0 0 0 1 0 0 1 0 1 0 0 1 1 1 0 0 0 0
0 0 1 0 0 0 0 1 1 1 0 1 1 0 1 0 0 0 0 1 0 0 1 1 0 0 1 0 0 1 1 1 1 0 0 0 0 1 0 0 1 0 1 0 1 0 1 0 1 0 0 0 1
0 1 0 1 0 0 1 0 1 1 1 0 1 1 1 0 1 1 1 1 0 1 1 0 0 1 0 1 0 1 1 1 1 1 1 1 1 0 0 0 1 1 0 1 1 1 0 1 1 0 1 0 1
0 1 1 0 1 0 1 0 1 1 1 0 0 0 1 1 0 0 1 0 0 0 0 0 1 1 1 1 1 1 1 0 0 1 0 1 1 1 1 1 0 0 1 1 1 0 1 1 1 1 1 0 1
1 0 1 1 0 0 0 1 0 0 0 0 0 0 0 0 0 1 0 1 1 1 0 0 0 1 0 0 1 1 0 0 0 0 0 1 1 0 1 0 0 1 1 1 1 0 1 1 1 0 1 1 1
1 0 0 1 0 1 1 0 1 1 0 0 0 0 1 1 0 1 1 0 1 1 1 1 0 1 1 1 0 1 1 0 0 1 0 1 0 1 1 1 1 0 0 1 0 1 1 0 1 0 1 0 0
1 0 0 0 1 0 1 0 0 1 1 0 1 0 0 1 1 1 0 1 0 1 1 0 0 1 1 1 0 0 1 0 0 0 1 0 0 1 0 1 0 0 1 1 0 0 1 1 1 0 0 0 0
0 0 1 1 1 1 0 0 1 0 0 0 1 1 1 1 0 0 0 0 1 1 0 0 1 0 0 0 0 1 0 0 0 0 1 1 0 1 1 0 0 0 1 1 0 1 0 1 0 0 0 1 0
0 1 1 1 0 0 1 1 0 1 0 1 0 0 1 0 0 1 1 0 0 0 1 0 1 1 0 0 1 0 1 0 0 1 1 1 1 0 0 0 1 0 1 0 0 0 0 0 1 0 0 0 0
0 0 1 0 0 1 1 0 0 0 1 0 0 1 1 1 0 1 0 1 0 0 1 0 1 1 1 0 1 1 0 1 0 0 0 1 1 0 0 0 0 0 0 0 1 0 1 0 0 0 1 1 0
0 0 1 0 0 0 1 0 1 1 1 0 0 1 1 1 1 1 1 0 0 1 0 1 0 1 0 0 0 0 1 0 0 0 1 1 0 0 1 1 1 0 1 1 0 0 1 1 0 1 1 0 0
1 1 0 1 1 0 0 1 1 0 1 1 1 1 1 0 0 1 0 1 1 1 1 1 0 1 1 1 1 1 0 1 0 1 1 0 1 0 0 0 0 0 1 0 0 0 1 0 1 0 1 0 0
0 0 1 1 0 1 1 0 0 1 0 1 1 0 1 0 1 1 1 1 1 1 1 0 1 0 1 0 1 1 1 0 1 1 1 1 1 0 1 1 0 1 1 0 0 1 1 1 1 1 1 1 1
0 1 0 0 0 0 0 0 1 1 0 0 1 0 0 1 0 1 1 0 1 1 1 0 1 0 1 1 0 0 0 1 0 0 1 1 0 0 0 0 0 0 0 0 1 1 1 1 0 0 0 0 1
1 1 1 0 0 1 0 0 1 0 0 0 0 0 1 1 0 1 1 0 1 0 1 1 0 1 0 0 0 1 1 0 1 1 0 1 1 0 1 0 0 1 0 0 1 0 0 0 1 1 0 1 1
0 0 0 0 0 1 0 0 1 1 0 1 0 0 0 0 0 0 0 1 0 0 0 1 1 1 0 0 1 0 0 0 1 1 1 1 0 0 0 1 1 0 1 1 0 1 1 1 1 0 1 0 1
0 0 0 0 1 1 0 0 0 1 1 1 0 0 0 1 1 0 1 0 1 1 0 1 0 0 1 1 1 1 0 0 0 1 0 1 1 0 1 1 0 0 1 1 1 1 1 0 0 0 1 1 0
1 0 1 0 0 1 1 1 1 1 0 1 1 0 1 0 1 0 0 0 1 1 1 0 0 1 1 0 0 1 0 0 1 1 1 1 1 0 1 0 0 0 0 1 0 0 1 0 1 1 0 0 0
1 0 0 0 1 0 0 0 1 0 0 1 0 1 0 0 0 0 0 1 1 0 1 0 0 0 0 0 0 0 1 1 0 1 0 1 0 1 0 0 1 0 0 1 1 1 1 0 0 0 0 1 0
1 0 0 0 1 0 0 1 1 0 1 1 1 0 1 1 1 1 1 0 0 1 0 0 0 1 0 1 0 1 1 1 0 1 0 1 0 1 0 1 0 1 1 0 1 0 0 1 1 1 1 0 1
1 1 0 1 1 1 1 1 1 0 0 0 0 1 1 0 0 1 1 1 0 1 1 1 0 0 0 0 1 0 0 1 0 0 1 0 0 1 1 1 1 0 0 1 1 1 1 1 0 0 1 0 1
1 1 1 1 0 1 1 0 0 1 1 0 1 0 0 0 0 1 1 0 0 0 1 1 1 1 1 1 0 1 0 0 1 0 1 0 0 1 1 1 1 1 0 0 0 1 0 1 1 0 0 0 1
0 1 1 1 1 1 1 1 0 0 1 0 1 0 0 0 1 0 0 1 0 1 0 1 0 1 1 0 0 1 0 1 1 0 1 1 0 1 1 0 1 1 1 0 1 0 0 0 0 1 1 0 0
0 0 0 0 0 1 0 1 0 1 1 0 1 0 1 0 0 0 1 0 0 1 1 1 0 0 1 0 1 1 1 0 0 1 1 0 0 0 0 1 1 1 1 1 0 0 1 1 0 0 0 1 1
0 0 0 0 1 0 0 1 0 1 1 0 1 0 1 0 0 0 0 0 1 0 1 0 0 0 1 1 1 0 0 1 1 0 1 1 1 0 1 1 1 0 1 1 0 1 1 0 1 1 0 0 1
1 0 1 1 0 0 1 1 0 1 1 1 1 0 0 1 1 1 1 1 0 0 0 1 1 1 0 0 1 0 1 0 1 1 1 0 1 0 0 1 0 0 0 1 1 1 0 0 0 0 1 1 0
0 0 1 0 1 0 0 1 1 1 1 0 0 1 1 0 1 0 0 1 1 1 1 0 1 0 0 1 0 1 1 0 0 0 0 1 1 0 0 0 1 0 1 0 0 1 0 0 1 1 1 1 1
0 1 1 0 0 0 0 0 1 0 0 1 0 0 1 1 0 0 0 1 1 1 1 1 1 0 1 1 0 1 0 0 1 0 1 1 1 0 0 1 0 1 1 1 0 0 0 0 0 1 1 1 1
0 1 0 1 1 1 0 0 0 0 0 0 0 1 0 1 1 0 0 1 0 0 1 0 1 0 1 1 1 1 1 0 0 1 0 1 0 0 0 1 1 0 1 1 1 0 0 0 0 0 1 0 1
1 0 0 0 0 0 0 0 1 0 0 0 0 1 0 0 0 1 0 0 0 0 1 0 1 1 0 0 1 0 1 0 0 0 0 0 1 1 1 1 0 1 1 0 0 1 1 0 0 0 1 1 1
1 1 1 1 1 0 1 0 0 1 1 1 0 0 0 0 0 1 1 1 0 0 0 0 0 0 1 0 0 0 0 0 1 0 1 1 0 0 0 0 1 1 0 1 0 0 0 1 0 1 1 1 1
1 1 0 0 0 0 0 0 0 0 0 0 1 1 1 1 0 1 0 1 0 1 0 1 0 0 0 0 0 0 1 0 1 0 0 0 0 0 1 1 1 0 0 0 0 0 0 0 1 0 1 0 0
1 1 1 0 0 1 1 1 0 1 0 1 0 1 1 0 1 1 0 0 1 0 0 0 0 1 1 1 0 1 0 1 0 0 0 0 0 0 1 1 1 0 1 0 1 0 0 1 1 1 1 1 0
1 1 0 1 0 0 0 0 1 1 1 1 1 0 1 1 1 0 0 0 0 1 1 1 1 1 0 1 0 0 1 0 1 1 0 0 1 0 1 1 1 0 1 0 1 0 0 0 1 0 0 0 0
0 1 0 0 1 0 1 1 1 1 0 1 1 1 0 1 1 1 1 0 1 0 1 0 1 0 0 1 1 1 0 0 1 0 1 0 1 0 0 1 1 0 0 0 0 0 1 1 0 0 1 1 0
1 0 0 1 0 0 0 0 1 1 0 0 1 1 0 1 0 1 1 1 0 1 0 0 0 1 0 1 1 0 0 0 0 1 0 0 0 0 1 1 0 1 0 1 1 0 1 1 0 1 0 1 1
1 1 1 0 0 1 0 1 0 0 0 1 0 0 0 1 0 0 1 0 1 0 1 0 1 0 0 0 1 1 1 0 1 1 1 0 0 1 1 1 1 1 1 0 0 0 0 1 0 1 0 1 1
1 0 1 0 1 0 1 0 1 1 0 0 0 1 1 0 1 1 1 0 0 1 1 1 1 1 1 0 0 0 0 0 1 0 0 1 1 1 0 0 0 0 1 0 1 1 0 0 1 0 0 0 0
1 0 0 1 1 1 0 0 0 1 1 1 1 1 0 0 0 0 0 0 1 0 1 1 0 1 0 1 1 0 0 1 1 1 1 0 0 1 1 0 1 1 0 0 1 0 1 1 1 0 0 0 1
1 1 0 1 0 0 1 0 0 0 0 0 0 1 1 0 0 0 1 1 0 1 0 1 0 0 1 0 0 1 1 1 0 1 1 0 1 1 1 0 1 0 0 0 0 1 1 0 1 1 0 0 0
1 1 1 0 0 1 0 1 1 1 1 0 1 1 0 0 0 0 1 0 1 0 0 1 0 0 1 0 0 1 1 0 1 0 0 1 1 0 1 1 1 0 1 1 1 1 1 1 0 0 1 1 1
1 1 0 0 1 1 1 1 0 0 1 0 0 1 1 1 1 0 0 0 0 0 1 0 1 0 1 0 0 0 1 0 1 0 1 1 1 0 1 0 1 1 0 1 1 0 0 1 1 1 1 0 0
1 1 0 0 1 1 1 0 0 1 1 0 0 1 1 0 1 1 1 1 1 0 0 0 1 0 0 0 0 1 0 1 1 0 1 0 0 1 1 0 0 1 0 1 0 1 1 1 0 0 1 1 0
0 1 1 1 1 0 0 0 1 0 0 0 0 0 0 0 1 0 0 1 1 0 1 1 0 1 1 1 0 1 1 1 0 0 1 1 1 0 1 1 0 1 1 1 1 1 1 0 1 1 0 0 0
0 1 1 0 0 1 1 1 1 1 1 0 1 0 1 1 0 0 0 1 1 1 0 1 0 1 0 0 1 1 0 0 0 0 0 0 1 1 0 1 0 0 0 0 0 0 1 0 0 0 0 0 0
1 1 1 1 0 0 1 0 1 1 1 0 1 0 0 0 1 1 0 0 0 1 1 1 1 0 0 0 0 0 0 0 0 1 0 1 0 0 0 1 0 0 0 1 0 1 0 0 0 1 1 0 0
1 0 0 1 1 1 1 1 1 1 0 1 1 0 1 0 0 1 1 1 0 0 1 0 1 0 1 1 1 1 0 1 1 1 0 0 1 0 1 0 1 0 0 1 1 1 0 0 0 0 0 0 1
0 1 1 1 1 1 1 1 0 1 1 0 1 0 0 0 0 0 0 1 1 0 0 1 1 1 0 1 0 0 1 1 1 1 0 0 1 0 1 1 1 0 0 0 1 0 0 0 0 1 0 0 0
0 1 0 1 0 1 1 0 1 1 0 0 1 0 0 1 1 1 0 0 0 0 1 0 1 0 0 0 0 1 1 1 1 1 1 1 0 1 1 1 1 0 0 0 1 0 1 0 0 1 0 1 0
1 0 1 0 1 0 1 0 0 1 1 0 1 1 0 0 1 0 0 0 0 1 0 0 1 1 0 1 1 0 0 0 1 1 1 1 1 1 1 1 1 0 1 1 0 0 0 0 0 1 1 1 1
1 0 0 1 0 0 0 0 0 0 0 0 1 0 0 1 1 0 0 0 0 1 0 0 1 0 0 0 0 1 0 1 0 0 1 1 0 0 0 1 0 1 1 0 1 1 0 1 1 1 1 1 0
0 0 1 0 0 0 0 1 0 1 0 1 0 0 0 1 0 1 1 0 1 0 1 1 1 0 0 1 1 0 0 1 1 1 1 1 0 1 0 1 0 0 0 1 1 1 1 0 1 0 1 1 1
0 1 1 1 1 1 0 0 0 1 0 0 1 1 1 1 0 0 1 0 1 0 1 1 1 0 1 1 1 1 1 1 1 0 0 0 0 0 1 1 0 0 0 0 0 0 1 0 1 1 0 1 0
1 0 1 1 0 1 0 0 0 0 1 0 1 0 1 0 0 0 1 1 1 0 1 0 1 0 1 1 1 0 0 0 0 0 0 0 0 1 1 1 1 1 1 1 1 1 0 0 0 0 1 1 0
1 0 1 1 1 0 0 1 1 1 1 0 1 1 1 1 1 0 1 0 1 1 0 0 1 0 0 1 0 0 1 1 1 0 1 0 0 0 0 0 1 1 0 1 0 0 1 1 1 1 0 0 1
1 1 0 1 1 1 0 1 0 0 0 1 1 0 0 1 0 1 0 0 1 1 0 0 1 1 0 0 0 0 0 1 1 0 0 0 1 1 0 0 1 1 0 0 1 0 1 1 1 1 0 1 0
0 0 0 1 0 1 1 0 1 0 0 1 0 0 1 0 1 0 1 1 0 1 0 0 1 1 0 0 0 0 0 1 0 1 1 0 1 1 0 1 0 1 0 0 1 0 0 1 0 0 0 0 1
1 1 1 1 1 0 1 0 1 0 1 1 1 0 1 0 1 0 0 1 0 0 1 1 1 1 0 0 1 1 1 0 0 1 1 0 1 1 0 1 0 0 1 1 1 1 1 1 1 1 1 1 0
1 1 1 0 1 0 0 0 0 1 1 1 1 0 1 1 1 1 1 1 0 1 0 1 1 0 0 0 0 0 1 1 0 0 0 1 0 1 1 0 1 0 1 0 1 1 1 0 1 0 1 1 0
0 1 0 1 1 1 0 1 0 1 0 0 0 1 0 0 1 0 1 0 0 0 0 0 1 1 1 0 1 1 0 1 0 1 1 0 0 0 1 0 0 0 1 0 0 1 1 0 1 0 0 1 1
0 0 1 0 1 1 0 0 0 1 1 0 0 0 0 1 1 1 1 0 0 1 0 0 0 1 0 1 1 1 0 1 0 1 0 1 1 1 0 0 1 1 0 1 0 1 1 1 0 0 1 0 1
1 1 0 1 1 0 0 1 0 0 0 0 0 1 0 0 1 1 0 0 0 0 1 1 1 0 0 0 0 1 0 1 0 1 0 1 1 0 0 0 1 0 0 1 0 1 1 0 1 0 0 0 0
1 0 0 0 1 1 0 1 1 1 0 0 0 0 0 1 1 0 1 1 0 1 1 0 0 1 1 0 1 0 0 0 1 0 1 0 0 1 0 0 0 0 0 1 0 1 0 0 0 1 1 1 0
1 1 1 0 1 1 0 1 1 0 0 1 1 1 1 1 0 0 0 1 0 1 0 1 0 1 1 0 0 0 1 1 0 0 0 0 1 1 1 1 0 1 0 0 1 1 0 0 0 1 1 1 1
0 1 0 1 1 1 0 0 0 1 0 1 0 0 1 0 1 0 1 0 1 0 1 1 0 0 1 0 1 0 0 1 0 1 1 1 0 1 0 0 1 1 1 1 1 1 0 1 1 1 0 0 0
0 1 1 0 1 0 1 1 0 0 0 1 1 0 1 1 1 1 1 1 1 0 1 1 0 1 1 1 0 0 0 0 0 0 0 0 0 0 0 0 1 1 0 0 1 1 1 1 1 0 1 0 0
0 1 0 0 1 0 0 1 1 0 0 0 1 1 1 0 0 1 1 0 0 1 0 0 0 0 1 1 0 1 1 1 1 1 1 1 1 1 1 1 0 0 1 1 0 0 0 0 0 0 0 1 0
0 1 1 0 1 1 0 0 0 1 1 1 0 0 1 0 0 0 1 1 0 1 1 0 0 0 0 0 0 1 1 1 1 0 1 1 0 1 0 1 0 1 0 0 1 1 0 0 0 1 0 0 1
1 1 0 0 0 1 1 1 1 1 1 1 0 0 1 1 1 1 0 0 1 0 0 0 1 0 1 0 1 1 0 1 0 1 0 1 0 0 0 0 1 1 1 1 0 0 1 1 1 0 0 1 1
1 0 0 0 0 1 0 0 0 0 1 1 0 0 1 1 0 1 0 0 1 1 0 0 1 1 1 0 0 0 0 0 1 1 1 0 1 0 1 1 0 0 0 0 0 0 1 1 0 1 1 0 0
1 0 1 0 0 1 0 0 0 0 0 1 1 1 1 0 1 0 1 1 0 1 0 1 0 0 1 1 1 0 0 0 0 1 0 0 1 0 1 0 0 1 1 0 1 1 0 0 1 1 1 0 1
0 0 1 1 1 0 0 1 0 0 1 0 1 1 1 1 1 0 0 0 0 1 1 0 1 1 0 1 1 0 1 1 1 1 1 0 0 0 1 1 1 0 1 0 1 1 1 0 0 1 1 0 0
1 1 1 1 0 0 1 1 1 0 1 1 0 1 0 1 1 0 0 0 1 1 0 0 1 1 1 0 1 1 1 0 0 1 0 1 0 1 0 0 1 0 0 0 0 0 0 0 0 0 1 0 0
1 0 1 0 0 0 1 0 1 1 0 1 1 0 1 1 0 0 0 1 1 1 0 0 1 0 0 0 0 0 1 0 0 0 1 1 1 0 0 0 0 1 0 1 1 0 0 0 1 1 0 0 0
1 1 1 0 1 0 1 0 0 0 0 1 0 1 1 0 0 0 1 1 1 0 1 1 1 1 0 0 0 0 0 0 1 1 1 0 0 0 0 1 1 0 1 0 1 0 1 0 0 1 1 1 1
1 0 1 0 0 0 0 1 1 0 1 0 1 1 0 0 0 1 0 1 0 0 0 0 1 0 0 1 0 1 0 0 1 0 1 0 1 0 0 1 0 0 0 1 1 1 0 1 1 0 0 0 1
0 0 1 0 0 1 1 0 0 0 1 0 1 1 1 0 1 1 0 0 1 0 0 1 0 0 1 1 1 1 0 0 1 1 1 0 1 1 0 1 0 1 1 1 1 0 0 1 1 0 1 0 0
0 0 1 1 0 1 1 1 0 1 0 0 1 1 1 0 0 1 0 1 0 1 0 0 1 0 1 1 0 0 0 0 0 1 1 1 0 1 0 0 0 0 1 0 1 1 1 0 1 1 0 0 0
1 1 1 1 0 1 0 0 1 0 1 0 0 1 1 0 0 1 0 0 0 0 1 0 0 0 1 1 0 0 1 1 0 0 0 0 1 0 0 0 0 0 1 0 0 1 0 1 0 1 0 0 0
1 1 1 1 0 1 1 1 1 0 0 0 0 1 1 1 1 1 1 1 0 0 0 0 0 1 1 1 1 1 1 0 1 1 1 0 1 1 0 0 1 1 0 0 1 0 1 0 1 1 1 1 1
0 1 0 1 0 1 0 0 0 0 1 0 0 0 1 1 1 1 1 1 0 1 0 0 1 1 1 1 1 1 1 0 1 0 1 1 0 0 1 0 0 1 1 0 0 1 1 0 0 1 0 1 1
0 1 0 1 1 1 0 1 1 1 1 1 0 1 1 0 0 0 1 1 1 0 0 1 1 1 0 0 1 1 0 0 1 1 0 1 0 0 1 1 0 1 0 1 0 0 0 0 0 0 1 0 1
0 1 0 1 1 0 1 1 0 1 0 1 0 0 0 1 0 0 0 1 1 1 1 0 0 0 1 1 1 0 1 0 0 0 0 0 1 1 1 1 1 0 1 0 1 1 0 1 1 0 1 1 0
1 1 1 0 1 0 0 0 1 0 1 1 0 0 0 0 0 1 0 1 0 1 0 1 1 1 1 0 1 1 1 1 1 0 0 0 1 0 1 1 1 1 0 0 1 0 1 1 0 0 1 1 0
1 1 1 1 0 1 1 1 1 0 0 0 1 1 1 1 1 0 0 0 0 1 0 1 1 0 0 0 1 1 1 1 1 1 1 1 1 0 0 1 0 1 1 0 1 1 1 1 1 0 0 0 1
1 1 0 0 0 0 0 1 0 0 0 1 0 1 0 1 0 0 0 1 0 0 0 1 0 1 0 1 1 0 1 0 1 0 1 1 1 1 0 1 0 0 0 1 1 0 1 0 0 1 0 0 0
1 1 1 0 0 1 1 0 1 0 1 0 1 1 0 1 0 1 1 1 1 1 0 1 1 0 1 0 0 1 1 0 1 0 0 0 0 1 0 0 0 1 1 0 0 0 1 1 0 1 0 1 0
0 0 0 1 1 1 1 1 1 0 0 1 0 1 0 0 1 1 1 1 1 0 0 0 0 1 0 1 0 1 0 0 0 0 1 1 1 1 0 1 0 0 1 1 1 0 0 0 1 1 1 1 0
1 0 1 1 0 1 0 1 0 0 0 0 0 0 0 1 1 0 1 1 0 1 0 1 1 1 1 0 1 0 1 0 1 1 0 0 1 0 1 0 0 1 1 1 0 0 1 0 1 0 0 0 0
1 1 1 1 0 0 0 1 1 1 1 0 1 0 0 1 1 1 0 0 1 1 1 0 0 1 1 0 1 0 1 1 0 0 0 1 1 1 1 1 1 0 1 0 1 0 0 0 1 1 0 1 1
1 0 0 0 0 1 1 1 0 1 0 1 1 0 1 0 1 0 1 1 1 1 0 1 0 1 0 0 1 0 0 1 1 1 1 0 0 1 0 0 1 1 1 0 0 0 1 0 1 1 0 1 1
0 1 1 1 0 0 1 0 1 0 0 1 0 0 0 1 0 1 1 1 0 0 0 1 1 0 0 0 1 1 0 1 0 1 1 1 0 1 1 0 0 1 1 0 1 0 1 0 0 0 1 0 0
1 1 1 1 0 1 1 1 0 0 1 0 1 1 1 1 0 1 1 0 0 1 1 0 1 1 0 0 0 0 0 1 1 0 0 1 1 1 1 1 0 1 1 1 0 0 0 0 0 1 0 0 0
0 0 0 1 1 1 1 0 0 0 1 1 1 0 1 1 0 0 1 1 1 1 1 1 0 0 1 1 0 1 0 1 0 1 0 1 1 1 1 1 1 1 0 1 1 0 1 0 1 1 0 1 1
1 1 0 1 0 1 0 0 0 1 0 1 1 1 1 0 1 1 0 1 1 1 1 0 1 0 0 0 1 1 0 1 0 1 0 0 0 0 0 0 1 1 0 0 0 1 0 0 0 1 0 1 1
1 0 0 0 1 0 1 0 1 1 0 0 0 0 1 0 1 0 1 1 0 1 0 1 0 0 0 0 0 1 1 0 1 0 0 1 1 1 1 1 0 1 1 1 0 1 0 1 0 0 0 0 1
0 0 0 1 0 0 0 1 0 1 0 0 0 0 0 0 1 1 1 1 0 1 1 1 0 0 1 1 1 1 1 1 1 0 0 0 0 0 1 0 1 1 0 1 0 1 0 1 0 0 0 1 0
0 1 0 0 0 1 1 1 1 1 0 1 1 0 0 1 0 1 0 0 0 1 0 1 1 1 1 1 1 1 0 0 0 0 1 1 1 0 1 1 0 1 1 1 1 1 0 0 1 0 1 0 1
0 1 1 0 1 0 1 0 1 0 1 0 1 1 0 1 1 0 1 1 1 0 0 0 0 0 1 0 1 1 1 1 0 0 1 0 1 1 0 1 0 1 0 0 1 1 1 1 0 1 1 0 1
0 1 0 1 0 0 0 1 1 0 0 0 0 0 1 1 1 1 0 1 1 1 0 0 0 0 1 1 1 1 0 0 1 1 0 0 1 1 1 0 0 0 0 1 1 1 0 0 1 0 0 0 1
1 1 1 1 0 1 0 1 0 0 1 1 0 1 1 1 1 1 1 1 1 0 0 1 0 0 0 1 1 1 0 0 0 0 1 0 0 0 1 1 1 1 0 1 0 1 1 1 1 1 0 0 1
0 0 0 0 1 1 0 0 0 0 0 1 1 0 0 1 1 0 1 1 1 0 0 0 1 1 0 0 1 1 1 1 1 0 0 0 1 0 1 1 0 0 1 1 1 0 0 1 0 1 0 1 0
1 1 0 1 1 1 1 1 0 1 1 0 1 1 0 1 0 1 1 1 1 0 0 0 0 0 0 1 1 1 1 1 0 1 1 1 0 1 1 0 0 0 1 0 1 1 0 0 1 0 0 1 1
1 0 1 1 1 1 1 0 1 0 1 0 0 0 0 1 1 1 0 1 0 1 0 1 1 0 1 1 0 0 0 1 0 1 0 0 1 0 1 1 0 0 0 1 0 1 0 0 1 1 1 1 0
1 1 1 0 1 1 1 1 1 1 1 0 0 1 0 0 1 1 0 0 0 0 0 1 0 1 0 0 1 1 1 0 0 1 0 0 0 0 1 1 1 1 1 0 0 1 0 0 1 1 1 1 0
1 1 1 1 1 0 1 0 1 1 1 1 0 1 1 1 1 1 0 1 1 1 0 1 1 1 1 1 0 0 1 0 0 1 1 0 0 1 1 0 0 1 0 0 0 1 1 0 0 0 0 0 1
0 0 0 0 1 1 1 0 1 1 1 1 0 0 0 1 0 0 0 1 0 1 1 0 0 1 1 1 1 1 1 1 1 0 0 1 0 0 0 1 1 1 0 1 0 1 1 1 1 1 1 1 0
1 1 0 0 0 0 0 1 0 1 1 0 0 1 1 1 0 1 1 0 0 1 1 1 1 0 0 1 1 1 0 0 0 0 1 1 0 1 0 1 0 0 1 0 1 0 0 1 1 1 1 0 1
0 1 0 1 0 0 0 0 1 0 0 1 0 1 1 1 0 0 1 0 1 0 1 0 0 1 0 0 1 1 1 1 1 0 1 1 1 0 1 0 1 1 1 1 1 0 1 0 1 0 1 0 1
0 1 0 1 1 0 0 0 1 1 0 1 0 1 1 0 1 1 1 1 1 1 0 1 1 1 0 1 0 0 0 1 0 0 1 0 0 0 0 1 1 0 1 1 0 1 0 0 0 1 1 0 0
0 0 0 1 1 1 0 1 0 0 1 0 1 0 0 1 1 0 1 1 0 0 1 1 0 0 0 0 1 0 0 1 1 1 0 0 1 0 0 1 1 1 0 0 1 1 0 1 1 1 1 1 1
1 0 1 1 1 1 0 0 1 0 1 1 0 0 1 0 0 0 0 0 0 0 0 1 0 0 0 1 0 1 0 1 1 1 1 0 1 1 1 1 0 1 1 0 0 1 1 0 0 1 0 1 1
0 0 0 1 1 0 1 0 1 1 0 0 0 1 0 0 1 0 0 1 0 0 0 1 1 1 1 0 0 1 1 0 0 0 0 0 0 0 0 1 0 0 0 0 1 0 0 1 0 1 1 0 1
1 0 1 0 0 1 0 0 1 1 0 1 1 0 1 0 1 1 1 0 0 0 0 0 1 0 1 0 0 1 1 0 0 1 1 0 1 0 0 1 1 1 1 1 0 1 1 0 0 0 1 0 0
0 1 1 1 0 1 1 0 1 1 1 1 0 0 0 0 1 1 1 1 1 1 1 1 1 0 0 0 1 0 0 0 0 0 0 0 1 1 1 1 0 0 0 0 0 0 0 1 1 0 1 1 1
1 1 0 1 0 0 0 1 1 0 1 0 1 0 0 0 1 0 0 1 0 1 1 0 1 0 0 1 0 1 1 0 0 1 0 0 1 1 1 0 1 1 0 1 0 0 1 1 0 1 1 1 1
0 0 1 0 1 0 1 0 0 1 0 1 1 0 1 1 0 0 1 1 0 0 0 0 1 0 0 1 1 1 0 1 1 1 0 1 0 1 1 1 1 1 0 0 0 1 0 1 1 0 1 0 0
0 1 1 1 0 0 0 0 0 0 1 0 1 0 0 1 1 0 1 0 1 0 0 1 0 1 1 0 0 0 0 1 1 0 1 0 1 1 1 0 1 0 0 1 0 0 1 1 0 0 0 1 0
1 0 1 0 0 0 1 1 1 0 0 1 1 0 1 1 1 0 1 0 0 1 1 1 0 1 1 0 0 1 1 1 1 0 0 0 1 1 0 1 1 1 0 1 0 0 0 1 1 1 1 0 0
1 0 1 0 1 1 0 0 0 0 0 1 0 0 1 1 1 0 0 0 0 1 0 1 1 0 0 1 0 1 1 1 1 1 1 1 0 1 0 0 1 0 0 1 0 1 0 0 0 1 0 0 1
0 0 0 0 0 0 1 0 0 1 1 0 0 0 0 0 0 1 0 0 1 1 0 0 1 0 0 0 0 1 0 1 1 0 0 1 1 0 0 1 1 0 1 1 0 0 0 0 1 0 0 1 0
1 0 1 0 1 0 0 1 1 0 0 0 0 0 1 1 0 1 1 0 1 0 0 1 0 1 0 0 1 0 1 0 1 0 1 0 0 1 1 1 1 0 1 0 0 1 1 0 1 0 0 1 1
0 0 1 0 0 0 1 1 0 1 1 0 1 0 1 1 1 1 1 0 0 1 1 1 1 1 1 1 0 1 0 1 1 0 1 0 1 0 1 0 0 1 0 0 1 0 1 0 0 1 1 1 1
1 1 0 1 1 0 0 1 0 0 1 1 0 0 0 1 0 1 1 0 0 0 1 1 1 0 1 1 0 1 1 0 1 1 0 1 0 1 1 0 0 0 0 1 0 1 1 0 0 0 1 1 1
0 1 0 1 1 0 0 0 0 0 1 0 0 1 1 1 1 1 1 0 1 0 1 1 0 0 0 0 0 1 1 1 0 0 0 0 0 1 1 1 1 1 0 0 1 0 0 1 0 0 1 1 0
0 0 1 0 0 0 0 0 1 1 1 1 1 1 1 0 1 1 0 0 1 0 1 0 0 1 0 0 1 1 0 0 0 0 1 1 0 1 0 1 0 1 1 1 1 1 1 0 0 1 0 0 1
1 1 0 1 1 0 0 1 1 1 0 1 1 0 0 0 1 0 1 1 1 1 1 1 1 1 1 0 1 0 1 0 1 1 1 1 1 1 1 1 0 1 0 0 1 0 1 0 0 0 0 0 1
0 1 0 0 1 1 0 1 0 1 0 1 0 0 1 0 0 1 1 1 0 0 1 0 0 1 1 1 0 0 0 0 0 0 0 0 1 0 0 1 0 0 0 1 1 1 1 1 0 1 1 1 1
0 1 1 1 1 0 0 1 0 1 1 1 1 0 0 0 1 1 0 1 1 0 0 0 1 1 1 0 0 1 0 1 0 0 0 1 1 1 0 0 0 1 1 0 0 1 0 1 0 0 0 0 0
1 0 0 0 1 0 0 0 0 1 0 1 1 1 0 1 1 1 0 1 1 0 1 1 0 1 1 1 1 1 1 1 1 1 0 0 1 1 1 0 0 1 1 1 0 0 1 0 0 0 1 1 1
1 1 1 1 1 0 1 0 1 0 0 1 1 0 0 1 0 0 1 0 1 1 0 0 1 1 1 1 0 0 1 0 0 1 1 0 0 1 1 0 1 1 1 1 0 1 0 1 1 1 0 1 0
0 0 1 0 1 1 1 0 1 0 0 1 1 1 0 0 1 1 0 1 1 1 0 0 0 0 1 0 1 0 0 1 1 0 0 1 1 0 1 1 1 1 0 1 1 0 0 1 0 0 0 0 1
0 0 0 0 0 1 0 1 0 0 1 1 1 1 0 0 0 1 1 1 1 0 1 0 0 1 1 0 0 0 0 1 0 1 0 1 1 1 1 1 1 0 1 0 1 1 1 0 1 0 1 0 0
1 1 0 1 0 1 0 1 0 1 0 0 1 1 1 1 1 0 1 0 1 1 0 1 0 1 1 1 0 0 0 0 0 0 0 0 0 0 0 1 0 1 1 1 0 0 0 1 1 1 1 1 1
1 1 1 1 1 0 0 1 1 1 1 1 0 1 0 1 1 1 0 1 0 1 0 1 1 0 0 1 1 0 0 1 1 0 0 0 1 0 0 0 0 0 1 0 1 1 0 0 0 1 0 0 1
1 0 0 1 0 0 1 0 1 1 0 1 1 1 0 1 0 1 0 0 1 0 0 1 1 0 1 0 0 0 1 1 1 1 0 0 1 0 0 0 1 0 1 0 1 1 0 0 1 1 1 1 0
0 1 1 1 0 1 1 0 1 1 1 1 0 0 0 0 0 0 1 1 1 1 0 0 1 0 0 1 0 1 0 0 0 0 1 0 0 0 1 0 1 0 1 1 1 1 1 0 0 0 0 0 0
1 0 1 1 1 1 1 1 0 1 0 0 1 1 1 1 1 0 0 1 0 1 1 0 0 1 0 0 1 1 1 0 0 1 0 1 0 1 1 0 0 1 0 0 1 0 0 1 1 1 0 0 0
1 0 1 1 1 1 0 1 1 1 1 0 0 1 1 1 0 1 1 1 0 0 1 0 1 1 0 0 1 0 1 0 1 1 0 1 0 1 0 0 1 0 0 0 0 0 1 1 0 1 1 1 0
0 0 1 1 1 0 0 0 0 0 1 0 1 0 1 0 0 1 0 1 0 0 0 1 1 1 1 0 0 0 0 1 1 1 0 0 0 0 0 1 0 1 1 1 0 0 0 0 1 1 0 0 1
0 1 0 1 1 0 0 1 1 1 1 0 0 1 1 1 0 0 0 1 0 1 0 0 1 0 1 0 0 0 0 1 0 0 0 1 0 1 1 1 1 1 1 0 0 0 1 0 0 0 0 0 1
0 0 1 0 0 0 0 1 1 0 1 1 0 0 0 1 1 1 0 1 0 1 1 0 0 0 0 0 1 0 1 0 0 1 1 0 0 1 1 1 0 1 0 0 1 1 0 0 1 0 0 0 0
0 1 0 0 1 1 1 0 1 0 0 0 1 1 0 0 1 1 0 0 1 0 0 0 1 1 1 1 0 0 1 0 1 0 0 1 1 0 1 0 0 0 1 0 0 0 1 0 1 0 1 0 1
1 0 1 0 1 1 0 0 1 1 1 1 0 0 0 1 0 1 0 1 1 0 1 0 0 1 0 1 1 0 1 0 1 0 1 0 1 0 0 1 1 1 0 0 1 0 0 0 1 0 1 0 1
0 1 1 0 0 0 0 0 0 0 1 1 1 1 0 0 0 0 0 0 1 0 1 1 1 0 0 0 0 0 1 1 0 0 0 1 0 1 1 1 1 1 1 0 0 1 0 1 1 1 1 0 1
1 1 0 0 1 1 1 0 1 0 1 1 0 1 1 0 0 1 0 1 1 0 0 0 1 1 0 1 0 1 1 1 0 0 0 1 0 1 1 0 1 0 0 0 1 0 1 0 0 1 0 0 1
0 0 1 0 0 1 0 0 0 1 0 0 0 1 0 1 0 0 0 1 1 1 0 0 1 1 1 0 0 1 1 0 0 0 1 0 0 1 1 1 1 1 0 1 1 0 1 0 1 0 1 1 1
1 1 1 1 1 1 0 1 1 0 0 1 1 0 1 0 0 1 0 0 1 1 0 1 0 0 0 1 0 0 0 1 1 1 0 1 0 0 0 1 1 0 1 0 1 1 0 1 1 0 0 0 0
1 1 0 0 0 1 1 0 0 1 1 1 1 0 1 1 0 0 0 1 0 1 0 0 0 0 0 0 1 0 0 1 1 1 1 0 1 1 1 0 0 0 1 1 1 0 0 1 0 0 0 1 0
0 0 1 1 0 1 1 1 1 0 1 1 1 1 1 1 1 1 1 0 0 0 1 0 0 0 1 0 0 1 1 1 0 0 1 1 1 0 0 0 0 1 1 0 1 1 0 0 0 0 0 1 0
0 1 1 0 1 1 0 1 0 0 1 1 0 1 1 0 1 1 0 1 0 0 1 1 0 1 1 0 1 1 1 0 0 0 1 0 1 1 1 0 1 0 1 1 0 0 0 0 0 0 1 0 1
1 0 1 0 1 0 1 1 0 0 0 1 1 1 0 1 0 1 0 0 0 1 1 1 1 1 1 0 1 0 1 1 1 0 0 0 0 0 1 1 0 0 1 0 0 1 0 1 1 1 0 0 1
0 1 0 1 0 0 0 1 0 0 1 1 1 0 0 1 0 1 0 0 0 0 0 1 0 1 0 1 0 1 1 0 1 1 1 1 1 0 0 0 1 1 1 0 1 1 1 1 0 1 0 1 0
1 1 1 1 1 0 1 0 1 1 0 0 0 0 1 0 0 0 1 0 1 1 1 0 0 1 0 0 1 1 0 1 0 1 0 1 1 1 0 0 1 0 0 0 1 1 0 0 0 1 0 1 1
0 1 0 0 0 0 0 1 1 1 0 0 1 0 0 1 1 0 0 1 1 0 0 1 0 0 1 0 0 0 1 0 0 1 0 1 0 1 1 0 0 0 0 1 1 0 0 1 1 1 1 1 0
0 0 1 0 1 1 1 1 0 0 1 1 1 1 0 0 1 0 1 0 1 1 1 1 1 1 1 1 0 1 0 1 0 0 1 0 1 1 0 0 1 0 1 1 0 1 1 1 0 1 0 1 0
0 0 1 1 1 1 0 1 1 0 0 1 0 1 1 0 0 1 1 0 0 0 1 0 1 0 0 1 0 0 0 0 1 0 1 1 0 0 1 1 1 0 1 0 1 0 1 1 1 1 0 0 1
1 0 0 0 0 1 1 1 0 1 1 1 1 0 0 0 1 0 0 0 1 0 1 0 0 1 0 0 1 0 1 0 0 1 0 0 1 1 0 0 0 1 0 1 0 1 0 0 1 0 1 0 1
0 1 1 1 1 0 0 0 0 0 0 0 1 0 1 1 0 1 1 1 1 1 0 1 0 1 1 0 1 1 1 0 0 1 1 1 1 0 0 1 1 0 0 1 1 0 0 0 0 1 1 0 0
1 1 1 1 1 1 0 1 0 0 0 1 1 1 0 1 0 0 0 0 1 0 0 0 1 0 1 0 0 0 0 0 0 1 0 0 1 1 1 1 0 0 0 0 0 0 1 0 0 0 0 0 1
1 1 1 1 1 1 1 0 0 0 1 1 0 0 0 0 1 0 1 0 0 0 0 0 0 1 1 0 1 0 1 0 1 1 0 1 0 1 1 1 1 1 1 0 1 1 1 1 0 0 0 0 0
0 1 0 0 0 0 0 0 0 1 1 1 1 1 0 1 0 1 0 1 0 0 0 1 1 0 1 1 1 1 0 1 0 0 1 0 1 1 0 1 1 0 0 1 0 1 0 1 0 1 0 1 0
1 0 0 1 0 1 0 1 0 0 1 0 1 0 0 0 1 1 1 1 0 1 0 1 1 1 0 0 0 1 1 0 0 1 0 1 0 1 0 1 0 0 1 0 1 0 1 0 0 0 1 1 0
0 1 0 0 1 1 0 1 0 1 1 0 0 1 1 1 1 0 1 1 1 1 0 1 0 1 0 0 0 1 0 0 1 0 1 1 1 1 0 0 0 0 0 0 1 1 1 1 1 0 0 1 0
0 1 1 0 1 0 0 1 0 1 1 0 0 1 0 0 0 0 1 1 0 1 1 0 1 1 0 0 0 0 0 1 0 1 1 1 1 0 1 0 1 1 0 1 1 0 0 1 1 1 1 1 0
0 0 1 1 1 1 0 1 0 0 1 1 1 0 0 1 0 1 0 0 1 0 1 0 0 0 1 0 0 0 1 1 1 0 1 1 0 0 0 1 0 0 1 1 1 0 1 1 0 0 1 0 0
1 0 0 1 0 1 1 0 1 1 1 0 1 0 0 0 1 0 0 1 1 0 1 0 0 1 1 0 0 1 1 0 0 1 1 0 1 0 1 0 1 1 1 0 0 0 0 1 0 1 0 1 1
0 0 0 0 0 0 1 0 0 0 1 0 0 1 1 1 1 0 0 0 1 1 0 0 0 1 1 1 0 0 1 1 0 1 0 0 1 1 0 0 0 1 1 1 1 0 1 0 0 1 1 1 0
1 1 0 1 1 1 0 0 0 0 1 0 1 0 1 0 1 0 0 1 0 1 1 1 1 1 0 0 0 0 0 0 0 0 1 1 1 0 0 0 1 1 0 1 1 1 1 0 0 0 1 0 1
1 1 0 1 1 1 0 0 0 1 0 1 0 0 0 1 1 1 1 1 1 0 1 1 0 0 1 1 0 0 0 0 1 0 0 1 1 1 1 0 1 0 0 0 0 0 0 0 0 1 0 0 0
0 0 1 0 1 0 1 0 1 1 1 0 1 1 0 1 0 0 0 1 0 0 1 1 1 1 1 1 0 0 0 1 1 0 1 1 0 1 0 1 0 0 0 0 0 1 0 0 0 0 1 1 0
1 0 0 0 0 0 1 0 1 0 0 1 0 0 1 1 1 1 1 1 1 0 0 1 1 0 0 1 1 1 0 0 0 1 1 1 1 0 0 0 0 0 0 0 0 1 0 1 0 1 1 1 1
1 1 1 1 1 1 1 0 1 1 0 1 0 1 0 0 0 0 0 0 1 0 0 0 1 1 1 0 1 0 0 0 1 1 0 0 1 1 0 1 0 0 0 0 0 1 1 0 1 1 1 1 0
0 0 0 1 0 0 1 0 0 0 1 1 0 0 0 1 1 1 1 0 0 0 1 1 1 0 0 0 1 1 0 0 1 0 0 0 1 1 1 0 1 1 1 0 0 1 1 0 1 1 0 0 0
0 0 1 0 1 0 1 1 0 1 1 0 0 0 1 0 1 0 1 1 1 1 1 0 1 1 0 0 1 0 0 0 1 0 0 1 0 1 1 1 1 0 0 1 1 0 0 1 0 0 0 0 0
0 0 1 1 0 1 0 0 1 0 0 0 1 1 1 0 1 0 1 0 1 1 0 1 1 1 0 1 1 1 1 1 0 1 0 1 0 0 1 1 0 1 0 1 1 0 1 1 0 0 0 1 1
1 1 0 0 0 1 0 0 1 0 1 0 1 0 0 0 0 0 1 0 0 0 0 0 0 1 0 0 1 1 0 1 0 1 0 0 1 0 0 0 0 0 1 1 1 0 1 0 0 1 1 0 1
1 0 1 0 0 0 1 1 1 1 0 0 1 1 0 0 0 1 1 0 1 1 0 1 1 1 0 0 1 1 1 0 1 0 1 1 0 1 0 0 0 1 0 1 1 0 0 0 0 0 1 1 1
1 0 0 1 0 1 0 1 0 1 0 1 0 1 1 1 0 0 1 0 0 0 0 0 0 0 0 0 1 1 0 0 0 0 1 1 1 1 1 0 1 1 0 1 1 1 1 0 0 1 1 1 0
1 1 1 0 0 0 0 1 0 0 0 1 1 1 1 0 1 0 0 0 0 1 1 0 0 0 1 0 1 0 0 0 0 1 1 1 1 1 0 0 1 1 1 0 1 0 1 1 1 0 1 0 1
1 0 1 0 0 0 1 1 0 1 0 1 0 1 0 0 0 0 0 1 1 1 0 0 0 0 0 1 0 0 1 1 0 1 1 0 0 0 1 1 1 1 1 1 1 1 0 1 0 0 1 0 1
1 0 0 1 0 0 1 1 1 1 1 0 0 0 1 1 0 1 0 1 1 1 0 0 0 0 1 1 0 1 1 0 1 1 0 1 0 0 0 1 0 1 0 0 1 1 0 0 0 1 1 1 1
0 0 1 1 0 0 0 1 1 1 1 1 0 1 0 1 0 0 1 1 0 1 1 1 0 1 1 0 0 1 0 0 0 1 0 1 0 1 1 0 0 0 1 1 0 1 0 0 0 1 0 0 1
0 1 1 0 0 1 0 1 1 1 0 0 0 0 0 0 1 0 1 1 0 1 1 0 0 0 0 1 1 1 0 1 0 1 0 1 1 1 0 1 1 1 1 0 0 0 1 0 1 1 1 0 0
1 0 1 0 1 0 0 1 1 0 0 0 0 0 0 1 0 0 0 1 1 0 0 0 0 0 1 1 1 1 0 1 0 1 1 0 0 0 1 0 1 0 1 0 1 0 0 1 0 1 1 1 0
0 1 0 1 1 1 0 0 1 1 0 0 1 0 0 0 1 1 1 1 0 0 0 1 1 0 0 1 1 1 1 0 0 0 1 0 1 1 0 0 1 1 1 0 1 0 0 0 1 0 0 1 1
0 0 1 1 0 1 1 0 1 1 0 0 0 0 1 1 1 0 1 0 1 1 1 1 0 1 1 0 0 0 0 0 0 1 0 1 0 0 0 0 1 1 1 0 1 0 0 0 0 0 1 1 1
0 0 1 0 1 1 1 1 0 1 0 0 1 0 0 0 1 1 0 0 1 0 1 1 0 0 0 1 0 1 1 1 0 1 1 1 1 0 0 0 1 0 0 1 1 0 1 1 0 1 1 0 0
1 0 0 1 0 0 1 1 0 0 0 0 1 1 1 1 0 1 0 1 1 0 0 1 1 1 0 1 0 1 1 0 1 0 0 1 1 0 1 0 1 0 1 1 0 1 1 1 0 0 1 0 0
0 1 0 1 1 1 0 0 1 0 1 1 1 0 1 0 0 1 0 1 0 0 0 0 0 0 1 0 0 1 1 0 0 0 0 1 0 1 1 0 0 1 0 1 0 0 1 1 1 0 0 0 0
0 1 0 0 0 1 1 1 0 1 1 1 0 1 0 0 1 0 0 1 0 1 0 1 1 0 1 1 0 1 1 0 1 1 0 0 1 1 1 1 1 1 1 1 1 1 1 0 1 1 0 0 1
0 1 0 0 0 1 0 0 0 1 0 0 1 0 0 1 1 0 1 1 1 1 0 0 1 1 0 0 0 0 1 0 1 1 1 0 1 1 0 0 1 0 1 1 0 1 0 0 1 1 1 0 0
0 0 0 0 0 0 0 0 0 1 0 0 0 0 1 0 1 1 0 1 0 0 1 0 0 0 1 0 0 1 0 0 1 1 1 1 1 1 1 1 1 0 1 0 1 0 0 1 0 1 1 0 1
1 1 1 0 1 1 0 0 1 1 0 1 0 0 0 1 0 0 1 0 1 0 0 1 0 1 1 1 1 0 1 1 0 0 0 1 0 0 0 0 0 0 1 1 0 0 1 0 0 0 0 1 0
0 0 1 0 0 0 1 0 1 0 0 0 1 0 1 0 1 0 0 0 1 1 1 0 1 1 1 1 1 1 0 0 0 0 1 0 0 1 1 1 1 1 0 0 0 0 0 0 1 1 0 0 1
0 1 0 0 0 1 1 0 1 1 1 0 1 0 0 1 1 0 1 1 0 0 1 1 0 0 0 1 1 0 1 0 0 1 1 1 1 0 1 0 1 0 0 0 0 1 1 0 0 0 1 0 1
1 1 1 1 0 0 1 0 0 1 0 1 0 0 0 0 1 0 1 0 1 1 1 1 0 0 1 0 0 1 1 1 0 1 1 0 0 0 0 0 0 0 0 1 1 0 1 1 1 0 1 1 0
0 0 0 0 1 1 1 1 1 0 1 0 1 0 0 0 1 1 1 0 0 0 0 1 0 1 1 1 1 0 0 1 1 1 0 0 1 1 1 0 0 1 0 0 0 0 1 1 1 0 0 1 0
1 1 0 1 1 1 1 0 1 1 1 1 1 1 0 0 0 0 0 1 0 1 1 0 1 0 0 0 1 1 1 1 1 1 1 1 0 0 0 1 1 0 1 0 1 1 0 1 0 1 1 0 0
0 1 1 1 1 0 0 0 0 0 1 1 0 0 0 1 1 0 0 1 1 1 1 0 0 0 0 1 1 1 0 1 1 0 1 0 1 0 1 0 0 0 0 1 0 0 1 1 0 1 1 0 0
1 0 0 1 1 0 1 1 0 1 1 1 1 1 0 0 1 0 1 1 0 0 0 1 1 1 1 1 1 1 0 0 0 1 1 1 0 0 0 0 1 0 0 1 1 0 1 1 1 1 1 0 1
1 0 1 1 0 0 1 1 1 0 0 1 1 0 0 0 0 1 0 1 0 0 0 1 1 0 0 1 1 0 1 0 1 1 0 1 1 1 1 1 0 0 0 0 1 0 0 1 1 1 1 0 0
0 0 0 0 1 1 1 1 0 0 0 0 1 0 1 1 1 1 0 1 1 1 0 0 0 0 1 0 0 1 1 0 0 0 1 0 0 0 0 0 1 0 0 1 0 1 0 1 1 0 1 1 1
0 1 1 0 1 1 1 0 1 0 0 1 0 1 1 0 0 1 1 1 1 1 1 0 1 0 0 1 1 0 1 0 0 1 0 1 0 1 1 0 0 1 1 1 0 1 0 0 1 0 0 0 1
1 1 0 0 0 1 0 1 1 1 1 1 0 0 1 1 1 0 1 1 0 1 0 0 0 0 0 1 0 0 0 1 0 0 0 1 0 0 1 0 1 1 0 1 1 0 0 1 0 0 1 1 0
0 1 1 1 0 1 1 1 1 0 1 1 1 0 1 0 0 0 1 1 0 0 0 1 0 1 0 1 0 1 1 1 1 1 1 0 0 0 1 1 0 0 1 1 0 0 0 1 1 0 1 1 0
0 1 1 1 0 1 0 1 1 0 0 1 0 1 0 0 1 1 0 1 1 1 1 0 0 1 1 0 0 0 1 0 1 1 1 0 0 1 0 0 1 1 1 1 0 0 0 1 0 0 0 1 0
0 1 0 0 1 1 1 0 0 0 0 0 0 1 1 1 0 1 0 0 1 0 0 0 0 0 1 0 1 0 0 1 0 1 1 1 0 1 0 1 0 1 0 0 0 0 0 1 1 1 0 1 1
0 1 1 1 0 0 1 1 1 1 1 1 1 0 0 0 1 0 1 1 1 0 0 0 0 1 1 1 1 0 1 0 1 0 0 0 0 0 1 0 1 0 1 1 1 1 1 0 0 1 1 0 1
0 1 0 0 0 0 1 1 1 0 0 0 1 0 0 1 1 0 1 1 0 0 0 1 1 1 0 0 0 1 0 1 0 0 0 1 0 1 1 0 1 0 1 1 1 0 0 1 1 1 0 0 1
1 0 1 1 0 1 0 0 1 0 0 0 1 1 0 0 1 0 0 0 1 1 1 0 0 1 1 0 1 1 0 1 1 0 0 0 1 0 0 1 1 0 0 0 1 1 1 0 0 0 1 1 0
0 0 0 0 0 1 0 1 0 0 1 1 0 1 1 1 1 1 0 1 1 0 0 0 1 0 0 1 0 0 1 1 1 0 0 0 0 0 0 0 0 0 1 0 0 0 1 0 0 0 0 1 1
1 0 0 1 1 1 1 0 0 0 0 0 0 1 1 1 0 0 0 1 1 0 1 1 1 1 0 1 1 0 0 0 1 0 1 1 1 0 1 1 0 1 0 0 1 0 0 0 1 0 0 0 0
1 1 1 0 0 0 1 0 1 0 0 1 1 1 0 0 1 1 0 0 0 1 0 1 1 1 0 1 0 1 0 0 1 1 1 1 0 0 1 0 1 1 1 1 0 1 1 0 1 1 0 1 0
1 0 0 0 1 1 0 0 1 0 1 1 0 1 0 1 0 1 0 1 0 0 0 1 0 0 1 0 0 1 0 0 0 1 0 1 0 1 0 1 1 1 0 0 1 1 0 0 1 1 1 0 0
0 1 1 1 1 1 1 1 0 0 1 1 0 0 0 0 0 1 1 0 1 1 1 1 0 1 1 0 1 0 0 0 1 1 1 0 1 0 0 0 0 1 1 0 1 1 1 0 0 1 1 0 1
0 1 0 1 1 0 1 0 1 1 0 1 1 1 1 1 1 0 1 0 0 0 1 0 0 0 0 0 0 1 1 0 0 1 1 0 0 1 0 0 0 1 1 0 0 1 1 1 0 0 1 0 1
1 0 0 1 1 1 1 1 0 0 0 1 0 1 0 0 1 1 0 1 0 0 1 0 0 1 1 0 0 1 1 1 1 1 0 0 0 1 1 0 0 1 0 1 1 1 1 1 1 1 1 0 1
0 1 1 1 1 1 1 0 0 1 0 0 0 0 0 0 1 1 0 0 0 1 0 0 0 1 0 1 1 0 0 1 1 0 0 0 0 1 1 1 0 0 1 1 1 1 1 0 1 0 0 0 0
0 0 0 1 0 0 1 1 0 0 0 0 0 0 1 0 0 0 0 0 1 0 1 1 0 1 0 1 0 0 0 0 0 1 0 1 1 1 1 1 1 0 0 1 1 0 0 0 1 0 1 1 1
1 0 1 1 1 0 0 0 0 1 1 1 1 1 1 1 1 1 0 0 0 1 1 1 0 0 1 0 1 0 1 0 1 1 1 1 1 1 0 0 1 1 0 1 0 0 0 0 1 0 0 1 0
0 0 1 1 1 0 1 1 1 1 1 0 0 1 0 1 0 1 1 0 1 0 0 1 1 0 1 0 1 0 1 1 0 1 0 0 1 1 1 0 0 0 0 1 1 0 1 1 0 0 0 0 0
0 1 1 1 0 0 1 1 0 0 1 0 1 0 1 0 0 1 0 0 1 1 0 0 1 0 1 0 0 1 0 1 0 1 1 0 1 1 1 0 0 0 1 0 0 0 1 1 0 1 1 1 1
0 0 0 1 1 1 1 1 0 1 1 1 0 0 1 0 1 0 0 0 0 1 1 0 1 1 0 1 1 1 1 1 0 0 0 1 1 0 1 1 0 1 1 1 0 0 1 1 0 0 0 0 1
0 0 1 1 0 1 0 0 1 1 0 1 1 1 0 0 0 1 0 0 0 1 1 0 0 1 1 1 1 0 1 1 1 0 1 0 1 1 1 0 1 1 1 1 1 0 1 0 0 1 0 0 0
1 1 1 0 1 0 0 0 0 0 0 1 1 0 0 0 1 1 1 1 0 0 1 0 1 0 0 1 1 0 0 1 1 0 1 0 1 1 0 1 0 1 1 1 0 1 1 1 1 1 1 0 1
1 0 0 1 0 0 0 1 1 1 0 1 1 0 1 1 0 0 1 0 0 1 0 0 1 1 0 1 1 1 1 1 0 1 1 0 1 1 0 0 0 0 0 0 0 1 1 1 1 1 0 1 0
1 0 1 0 0 0 0 1 1 1 0 0 0 1 0 0 1 1 1 0 0 0 0 1 0 1 0 1 0 0 0 1 0 0 0 0 1 1 1 1 1 0 0 0 0 0 1 0 1 1 0 1 1
0 0 0 0 0 1 1 1 0 0 0 0 0 0 0 0 0 0 0 0 0 0 0 0 1 0 1 1 1 1 0 1 0 0 0 1 1 0 0 0 0 1 0 0 1 1 0 0 1 1 0 0 0
1 0 1 1 0 0 0 0 1 1 1 0 0 0 0 0 0 0 1 1 0 1 0 1 0 0 0 1 0 0 1 0 1 1 1 1 0 1 0 0 0 1 1 1 1 1 1 0 1 1 1 1 0
1 1 0 0 0 1 1 0 1 0 0 0 1 1 1 1 0 1 0 0 1 0 0 1 0 1 0 0 0 1 0 0 0 0 1 0 0 1 0 0 0 0 0 1 1 1 0 0 0 0 0 0 0
0 1 0 1 0 1 1 0 1 0 1 1 0 1 1 1 1 0 1 1 0 1 1 0 1 0 1 0 1 0 1 1 0 0 1 1 1 0 0 1 1 0 0 0 0 0 0 1 1 0 0 1 0
0 0 1 0 1 0 1 1 0 0 1 0 0 0 1 1 0 1 1 1 0 1 0 1 0 0 0 1 1 1 1 0 0 0 1 1 1 0 1 1 1 1 0 0 1 0 1 1 1 1 0 1 0
0 1 0 1 0 1 0 1 1 0 1 0 0 1 0 1 1 1 1 0 0 1 1 1 0 1 1 1 0 1 0 0 1 1 1 1 1 0 0 1 0 0 0 0 0 0 1 1 0 0 0 0 1
0 1 0 0 1 1 1 0 1 1 0 0 1 1 0 1 0 0 0 0 0 0 1 1 0 1 1 0 0 0 0 0 1 1 1 0 1 1 1 1 1 1 1 1 1 0 1 1 1 0 1 1 0
0 0 1 0 0 0 0 0 0 1 1 1 1 0 1 1 1 0 0 1 0 0 1 1 0 1 1 1 1 0 1 0 1 0 0 1 1 0 1 0 0 1 0 1 1 1 0 1 0 1 1 0 1
0 1 1 1 0 0 0 1 1 1 0 1 0 1 1 0 1 1 1 1 1 0 0 1 1 0 1 0 0 1 0 1 1 0 1 1 1 1 1 1 1 0 0 0 1 1 0 0 1 0 0 1 0
0 0 1 0 0 0 0 1 0 0 1 1 0 1 0 1 1 0 0 0 0 0 1 0 0 1 1 0 0 0 0 0 1 1 0 0 0 1 0 1 1 0 0 1 1 0 0 1 1 1 0 1 1
1 0 0 1 0 0 0 0 1 1 1 0 0 1 1 0 1 0 0 0 0 0 0 0 1 0 0 1 1 1 0 1 1 1 1 1 0 1 1 0 0 1 1 1 1 0 0 0 0 0 0 0 0
1 0 0 1 0 1 0 0 0 1 1 1 0 1 0 0 0 0 0 0 1 0 1 0 1 0 1 0 0 1 0 0 0 0 0 1 0 1 1 0 0 0 1 1 1 0 0 1 1 0 0 1 1
1 1 1 1 1 0 1 0 0 0 0 0 1 1 1 0 1 1 1 0 0 0 0 0 0 0 0 0 1 0 1 1 1 1 0 0 0 1 0 0 0 0 1 1 1 0 0 1 0 1 0 1 1
0 1 1 0 1 0 1 0 1 0 1 0 0 0 0 0 1 0 0 1 1 0 0 1 0 0 0 0 1 1 0 0 1 1 1 0 0 0 0 0 1 1 0 1 1 1 1 0 1 0 0 1 1
1 1 0 1 1 1 1 1 1 0 1 1 1 0 1 0 0 0 0 1 1 0 1 1 0 0 0 0 1 1 1 0 1 0 0 1 1 1 0 0 1 1 1 0 0 1 0 0 0 0 1 1 0
1 0 1 1 1 0 1 1 1 0 1 1 0 1 1 0 1 1 0 0 1 0 0 1 0 1 1 0 0 0 0 1 0 0 1 1 1 0 1 0 1 1 0 1 1 1 0 1 0 0 1 0 1
0 1 1 0 0 1 1 0 0 0 0 1 0 1 1 1 1 0 1 1 0 0 1 0 0 1 0 1 0 1 1 0 1 1 0 0 1 1 1 0 0 0 0 0 1 1 0 0 0 0 0 1 0
1 0 0 0 1 1 1 1 1 1 1 0 1 0 1 0 0 1 1 1 1 1 0 1 1 1 1 1 0 0 0 1 0 1 1 1 0 1 1 1 1 1 1 1 0 0 1 1 0 1 0 0 0
1 1 1 1 1 1 0 1 1 1 1 0 1 0 1 1 0 0 0 0 1 0 1 0 0 0 1 1 0 1 0 1 0 1 1 0 0 1 0 0 0 1 0 1 0 1 1 0 1 1 0 1 0
0 0 1 0 0 0 0 1 0 0 0 1 0 0 0 1 1 1 1 1 0 1 0 0 1 1 1 1 0 0 1 0 1 0 0 1 1 0 0 1 1 1 1 1 1 0 1 0 1 0 1 0 1
0 1 1 0 0 0 0 0 0 1 0 1 0 1 1 1 1 0 0 0 1 0 0 1 1 0 0 1 0 0 0 0 0 1 0 0 1 0 1 0 1 1 0 1 0 0 1 1 0 0 0 0 1
0 1 1 1 1 0 1 0 0 0 1 1 0 1 0 1 0 1 1 0 1 0 0 0 1 1 0 1 1 1 0 1 0 0 0 0 0 0 0 0 0 1 0 1 1 1 0 1 1 1 1 1 1
0 1 0 0 1 0 0 1 0 0 0 0 0 1 1 1 1 1 1 0 0 0 0 1 0 0 0 1 1 0 0 1 1 0 0 1 1 0 0 1 0 1 1 1 1 1 0 0 0 0 1 1 0
1 0 0 0 0 0 0 1 0 0 1 0 0 0 0 0 1 1 0 0 1 1 1 1 0 1 0 0 0 0 0 1 1 0 0 0 0 0 0 0 1 0 0 0 1 0 0 0 1 1 1 0 0
1 1 1 1 1 1 1 1 1 1 0 0 0 1 1 0 0 0 0 0 0 1 0 0 1 0 1 1 1 1 1 0 1 0 1 0 1 0 0 0 0 1 1 1 0 0 0 1 1 0 0 1 0
0 1 0 0 0 1 1 0 0 1 1 0 1 1 0 0 1 0 0 0 1 1 1 0 1 1 1 0 0 0 1 0 1 0 0 1 1 0 0 0 0 1 0 0 1 0 1 1 1 1 0 1 1
1 1 0 1 0 0 0 0 1 0 1 0 0 1 0 1 0 0 0 1 1 1 1 0 1 1 1 0 0 1 0 1 1 1 0 0 0 1 0 1 0 0 1 0 1 1 0 1 1 0 1 0 1
0 0 1 0 1 1 0 1 0 1 0 1 1 1 0 0 0 0 1 1 0 0 0 0 0 1 0 0 0 0 0 0 1 1 0 1 1 0 0 0 0 1 1 0 0 0 0 0 0 0 0 1 1
0 1 1 0 1 0 1 0 1 0 0 0 1 1 1 1 0 0 0 1 1 1 1 1 0 0 0 1 1 0 1 1 1 1 0 1 0 1 0 1 1 1 1 1 1 0 1 0 0 1 1 0 0
1 1 0 0 0 0 0 0 1 0 0 1 0 0 1 1 1 1 0 1 1 0 1 0 1 0 1 0 0 0 1 0 1 0 1 0 0 1 1 0 0 1 1 0 0 1 1 1 1 1 0 1 0
1 0 1 0 0 0 0 0 0 0 1 1 1 1 1 1 0 0 1 0 1 1 0 1 0 0 0 1 0 1 0 0 1 0 0 1 1 0 0 0 1 0 0 0 1 0 0 1 0 1 0 0 0
1 0 1 0 0 1 1 1 1 1 1 1 1 1 1 0 1 0 1 1 0 1 1 0 0 1 1 1 1 0 1 1 1 1 0 1 1 0 1 0 1 0 1 0 0 1 0 0 1 1 0 1 0
0 1 1 0 0 1 1 0 1 0 0 0 0 0 1 1 0 1 0 1 0 0 0 0 1 1 1 0 0 0 0 0 1 0 0 1 0 0 0 1 1 0 0 1 0 1 0 1 0 0 0 0 1
0 0 1 1 0 0 0 0 1 0 0 1 1 0 0 0 1 0 1 1 0 0 1 0 1 1 0 0 1 0 1 1 1 0 1 1 1 1 0 1 0 0 1 1 0 0 0 1 0 0 1 1 0
0 0 0 0 1 0 1 0 1 0 1 0 1 0 1 0 0 1 1 1 0 1 0 0 0 1 0 0 0 1 0 0 1 1 0 1 0 0 1 0 0 0 0 1 1 1 1 0 0 0 1 1 0
1 1 1 1 0 0 1 0 1 1 0 0 0 0 1 1 1 1 0 0 0 0 0 1 0 1 0 1 1 1 0 1 1 0 1 0 1 0 0 0 0 1 1 1 0 0 0 1 1 1 1 0 1
0 1 1 0 1 0 0 0 1 1 0 1 0 0 0 1 1 0 0 0 0 0 1 0 1 0 0 0 0 1 1 1 0 0 0 0 1 0 0 1 0 0 0 1 1 0 1 0 0 1 0 1 1
1 0 0 0 0 1 0 0 1 0 0 1 0 1 1 0 1 0 0 0 0 1 0 0 1 1 1 1 1 1 1 0 0 1 1 0 0 0 1 0 0 0 1 0 1 1 1 1 1 0 0 0 1
1 1 1 0 1 0 1 1 0 0 0 0 1 0 0 1 1 0 1 1 0 1 1 0 1 0 1 1 0 1 0 0 1 0 0 1 1 1 0 0 0 1 1 1 1 1 0 0 0 1 0 1 0
0 0 0 0 0 1 0 0 0 1 1 0 1 1 0 1 0 1 0 0 1 1 1 1 1 0 0 0 0 1 1 0 0 1 1 0 1 1 1 0 0 0 1 0 0 0 1 0 1 1 0 0 0
0 0 0 0 1 1 1 1 1 0 0 1 1 1 0 1 0 0 1 1 0 1 0 0 0 0 0 1 0 1 0 0 1 0 1 0 1 1 0 1 1 1 0 1 1 1 1 0 0 0 0 0 0
0 1 1 1 1 0 1 1 0 0 1 0 1 1 0 0 1 1 1 0 1 1 1 0 1 0 1 1 0 1 1 0 1 1 0 0 0 0 1 1 0 1 1 0 1 1 0 1 1 1 1 0 0
0 0 1 1 0 1 1 0 0 0 0 1 1 0 1 0 1 0 0 1 0 1 0 1 0 1 1 1 0 0 1 0 0 0 0 1 1 1 0 1 1 0 0 0 0 1 1 1 0 1 0 1 0
0 0 0 0 1 0 0 1 1 0 0 1 0 1 0 0 1 0 1 0 0 0 0 1 1 1 0 0 1 0 1 1 1 0 1 1 0 1 0 0 1 1 0 0 1 1 1 1 0 1 1 1 0
1 0 1 1 0 1 0 1 1 1 1 0 0 0 0 1 0 1 0 0 0 0 1 1 1 0 1 0 0 0 0 0 1 0 0 1 0 1 1 0 1 1 1 1 1 1 1 0 0 0 0 0 1
1 1 0 0 0 0 1 1 1 1 1 1 0 0 0 0 0 1 1 1 1 0 1 1 1 1 1 1 0 0 0 1 1 0 0 0 0 0 1 0 1 0 1 1 1 1 0 1 1 0 1 1 0
1 0 1 1 0 1 0 0 0 1 0 0 0 1 1 0 0 1 1 1 0 0 1 1 0 1 0 0 0 1 0 1 1 1 1 0 1 0 0 1 0 0 0 1 0 0 1 1 0 1 0 0 0
1 0 0 1 1 1 0 0 0 1 0 1 1 0 1 1 0 1 1 0 0 0 0 1 1 0 1 1 1 0 0 0 1 1 0 0 0 0 1 0 1 1 1 0 1 0 1 1 1 0 1 1 0
1 1 1 0 0 1 1 1 1 1 1 1 0 1 0 1 0 0 0 1 1 1 1 1 0 1 1 1 1 0 0 0 0 1 1 0 1 1 0 0 1 0 0 1 1 0 1 0 1 1 1 1 1
0 0 0 1 0 0 1 1 0 0 0 0 0 0 0 0 0 1 0 1 0 0 0 0 1 0 0 0 1 1 1 1 1 0 0 1 1 1 0 1 1 1 1 0 1 0 1 1 0 0 0 1 1
0 0 0 1 1 0 0 0 0 0 0 0 0 1 1 1 1 1 0 0 1 0 0 1 1 1 1 0 1 1 0 0 1 1 1 0 1 0 0 1 0 0 0 1 0 1 1 1 0 0 0 1 1
1 1 0 0 0 0 1 1 1 0 1 0 1 1 1 1 0 0 1 1 1 1 1 1 1 0 1 0 1 1 1 1 1 0 0 0 1 0 1 0 0 0 0 0 1 1 1 0 1 0 1 1 1
1 0 0 1 0 1 1 0 0 0 0 1 1 1 0 0 0 1 0 0 1 1 1 0 0 0 1 1 0 1 1 0 1 0 1 0 1 1 0 1 0 0 1 1 0 1 0 0 0 1 1 0 1
0 0 0 0 1 0 0 0 1 1 0 0 0 0 0 0 0 1 0 1 1 0 0 0 1 1 1 0 0 1 0 1 1 1 0 1 1 0 1 0 1 1 0 0 0 0 1 0 1 1 1 1 1
1 0 1 0 1 0 1 1 0 1 1 1 1 0 0 1 1 1 0 1 1 1 0 0 1 0 1 0 1 0 0 0 1 0 0 1 0 0 0 1 0 1 1 1 0 0 1 0 0 1 1 1 1
0 0 0 0 1 0 0 1 0 0 0 1 1 0 1 0 0 0 0 0 0 1 1 1 1 1 0 0 0 1 1 0 1 1 1 0 0 0 0 1 0 0 0 0 0 0 0 1 0 0 1 0 0
0 0 1 0 0 1 0 1 1 0 0 0 0 1 0 0 0 0 1 1 1 0 1 0 0 1 1 1 0 0 1 0 0 1 1 1 0 0 1 0 1 1 0 1 1 1 1 1 1 1 0 1 0
0 0 0 0 0 0 1 1 0 0 1 0 1 0 0 1 0 0 0 1 0 0 0 1 1 1 1 1 0 0 1 0 0 1 1 0 0 1 0 1 0 1 1 0 0 0 0 0 1 0 0 1 1
1 1 0 0 0 0 0 0 1 1 1 1 0 1 0 1 1 1 0 1 1 0 0 0 0 1 0 0 1 0 1 0 0 1 1 1 1 0 0 0 0 1 1 1 0 0 0 1 0 0 0 1 0
0 0 0 0 0 0 0 1 0 0 1 1 0 0 1 1 0 1 1 1 0 0 0 0 1 1 0 1 0 1 1 0 0 1 0 0 0 1 0 0 1 1 0 1 0 0 0 1 0 0 0 0 0
0 0 1 1 0 1 0 0 1 0 0 1 1 0 1 1 1 0 0 1 0 1 1 0 1 0 0 1 0 1 0 1 0 0 0 0 0 1 0 0 0 0 0 1 1 0 0 0 1 0 1 0 1
0 0 0 0 0 1 1 0 1 0 1 1 1 1 0 0 0 1 1 1 1 1 0 1 1 1 0 1 1 1 1 1 1 0 0 1 1 1 0 0 1 0 0 0 1 0 0 1 0 0 1 0 1
0 1 1 1 1 1 0 1 0 0 1 1 0 0 1 1 0 0 0 1 0 0 0 0 0 1 0 1 0 0 1 1 0 0 1 0 1 1 1 0 0 1 1 1 0 1 0 0 1 1 0 0 0
1 0 0 1 1 0 1 1 0 1 1 1 0 0 1 1 1 1 0 1 1 0 1 0 1 1 0 0 0 1 1 1 1 0 1 0 1 1 1 1 1 0 0 0 0 1 0 0 1 1 1 1 0
0 1 0 0 0 1 0 1 1 0 0 0 0 1 1 0 0 1 0 1 1 0 0 1 1 0 0 1 0 0 1 0 0 1 1 0 0 0 0 1 0 1 1 0 1 1 1 0 1 0 1 1 0
1 1 1 0 1 1 0 0 1 0 1 0 1 1 0 0 0 0 0 1 1 1 0 0 1 1 0 0 1 0 1 1 1 0 1 0 0 1 1 1 1 0 0 0 1 0 1 0 1 0 0 1 0
0 0 1 0 1 1 1 0 1 0 0 1 0 1 1 0 0 1 1 0 0 1 0 1 1 0 1 1 1 0 1 1 0 0 1 1 1 0 0 1 0 0 0 1 1 1 1 1 1 0 1 1 0
1 1 0 1 0 1 0 0 1 1 1 1 1 1 1 1 0 0 1 1 1 0 0 0 1 1 1 1 0 1 0 0 1 1 0 1 1 1 0 0 1 1 1 1 1 1 0 1 0 1 0 1 1
1 0 1 0 0 1 0 1 1 1 1 0 1 1 0 1 1 0 0 0 1 0 1 0 0 0 0 1 0 1 0 0 1 0 0 1 0 1 1 0 0 1 1 0 1 0 1 0 1 0 1 0 0
0 1 0 0 1 0 0 1 0 1 0 0 0 1 0 1 0 1 0 1 0 1 1 0 0 1 0 1 1 1 0 0 1 0 1 1 0 0 0 0 1 1 1 0 1 1 0 0 0 0 0 0 1
0 1 0 1 1 0 0 0 1 0 0 0 0 0 1 1 1 0 1 0 0 1 0 1 1 1 0 0 0 0 1 1 0 0 0 1 0 0 0 1 1 1 0 0 1 0 1 0 1 1 1 1 1
1 1 1 0 1 1 0 0 0 1 0 0 1 0 0 0 0 1 1 1 1 0 1 1 0 1 0 1 0 1 1 0 0 0 1 0 1 1 1 0 0 0 1 1 0 1 0 0 0 1 0 0 1
0 1 1 1 0 1 0 1 0 0 0 0 1 0 0 0 0 1 0 1 0 1 1 1 0 0 1 0 1 0 1 1 0 1 1 0 0 1 0 1 0 0 0 0 0 0 0 1 1 1 1 1 1
1 0 1 0 0 0 0 0 0 1 1 0 1 1 1 1 0 1 0 0 1 0 0 1 0 0 0 0 0 0 0 1 0 1 0 0 0 0 0 0 1 1 1 0 0 1 1 1 0 1 1 1 1
1 0 0 1 1 1 0 0 0 1 0 0 0 0 0 0 0 0 1 0 1 1 0 0 0 1 1 0 0 0 1 1 1 1 1 1 1 1 1 0 0 1 0 0 0 1 0 1 0 0 1 1 0
0 0 0 0 0 1 1 1 1 0 1 0 0 1 1 0 0 1 1 1 1 1 1 1 1 1 0 0 1 1 0 0 1 0 0 1 1 1 1 0 1 1 0 1 0 0 1 0 1 1 1 1 0
1 1 1 0 0 1 0 1 1 0 1 1 0 1 0 1 0 1 1 1 1 1 0 0 1 0 1 0 1 1 1 1 0 0 1 1 1 1 0 0 1 0 1 1 1 1 1 1 1 1 0 0 0
0 0 0 1 1 0 0 0 1 0 0 1 0 1 0 0 1 1 1 0 1 0 1 0 0 1 0 1 0 0 1 0 1 1 1 1 1 1 0 1 1 1 1 0 1 1 1 0 1 1 0 1 1
1 0 1 1 0 1 0 1 0 1 1 1 0 0 1 1 1 0 0 1 0 0 0 0 1 0 1 0 1 1 1 0 0 0 1 0 1 0 0 1 1 0 0 0 1 0 1 0 1 1 1 0 1
0 0 1 1 1 1 0 0 0 0 1 0 1 1 0 1 0 0 1 0 1 1 1 1 0 0 1 0 1 1 1 0 0 0 0 1 1 0 1 0 1 0 1 0 0 0 0 1 1 0 1 0 1
1 0 0 0 1 1 0 1 0 1 1 0 0 1 1 1 0 0 1 1 0 0 0 0 0 1 1 0 1 1 1 1 1 1 1 0 0 0 1 1 1 0 0 1 1 1 0 0 1 1 0 1 1
1 1 0 1 1 1 1 1 0 1 1 1 0 1 0 1 0 0 1 0 1 1 0 1 1 1 0 0 0 0 1 0 0 0 1 1 1 0 1 0 0 0 1 0 1 1 1 1 1 1 1 1 0
0 0 0 0 0 0 0 0 0 1 1 0 0 0 0 0 0 1 1 0 0 0 1 0 0 1 0 1 0 0 1 0 1 0 1 0 0 0 1 1 1 0 1 0 0 1 0 0 0 1 1 0 1
0 0 1 0 1 0 0 1 0 0 0 0 1 0 0 0 0 1 1 1 1 1 1 0 1 0 1 0 1 1 1 1 0 0 0 0 0 1 0 0 1 0 0 1 0 0 1 0 0 1 1 1 0
1 1 0 0 1 1 1 1 0 0 1 0 0 0 0 1 0 1 1 0 0 0 0 0 0 1 1 1 0 0 1 1 1 0 1 0 1 1 0 1 1 0 0 0 1 1 0 1 0 1 1 0 0
1 1 1 1 1 0 1 0 0 1 0 0 0 0 1 0 0 0 0 0 0 1 0 1 0 0 1 1 0 1 0 1 0 0 0 1 0 0 1 0 0 1 0 0 1 0 0 0 0 0 0 1 0
1 1 0 1 1 0 0 1 1 1 1 0 1 0 0 0 1 0 1 0 1 1 1 1 0 0 1 1 1 0 1 0 1 0 1 1 0 1 0 0 1 0 1 0 0 0 0 1 1 1 1 1 1
0 0 1 1 1 0 1 1 0 0 0 1 1 0 0 0 0 0 0 0 0 1 0 1 0 1 0 0 1 0 0 0 0 1 1 0 0 1 0 1 1 1 0 0 0 1 0 0 0 0 1 1 0
1 0 0 0 1 1 0 1 0 1 0 1 0 1 1 1 0 1 0 1 1 1 1 0 1 0 0 0 0 1 0 1 1 1 1 0 0 1 0 1 0 1 1 1 0 1 0 0 1 0 1 1 0
0 1 0 1 1 0 1 0 0 0 1 0 0 1 0 0 1 1 1 1 0 1 0 0 1 0 0 1 0 0 0 0 1 1 0 0 0 1 0 1 0 0 0 0 0 0 0 0 1 1 0 1 0
1 0 1 0 1 1 1 0 0 0 0 0 0 0 0 1 1 1 1 0 1 1 1 0 1 0 1 0 1 0 0 1 0 1 1 0 0 1 1 0 1 0 1 0 1 0 0 0 1 0 1 0 0
1 1 0 0 1 0 0 1 0 1 1 1 1 0 1 0 0 1 1 1 0 1 0 0 0 0 1 1 1 0 0 0 0 1 0 1 1 0 0 1 0 1 0 0 1 1 0 0 1 1 0 0 0
1 1 1 0 0 1 1 0 0 1 0 1 1 0 1 0 0 1 1 1 1 0 0 1 0 1 1 0 1 0 1 1 0 1 0 1 1 1 0 1 0 0 1 0 1 1 0 1 0 0 1 1 1
0 0 1 0 1 0 0 0 1 0 0 0 0 1 0 1 1 0 1 1 0 0 1 1 1 0 0 1 0 1 0 0 1 1 1 0 0 1 1 1 0 1 1 1 1 0 1 1 1 1 0 0 0
0 0 1 0 0 1 1 0 0 1 1 1 0 0 0 0 0 0 0 1 0 1 1 1 1 0 0 1 0 1 1 1 0 0 0 1 0 0 1 0 1 0 0 0 1 1 1 0 0 1 1 0 0
1 1 0 1 0 1 0 1 0 0 1 0 1 0 1 0 0 0 1 1 1 1 1 0 1 0 0 0 1 0 0 1 1 0 1 0 1 0 0 1 0 0 1 0 0 1 1 1 0 0 0 0 0
0 0 1 0 0 0 0 1 1 0 1 0 0 1 0 1 1 1 1 0 0 0 0 1 1 0 1 1 1 1 0 1 1 1 0 1 0 1 1 1 1 1 0 0 0 0 0 1 0 0 1 1 1
0 0 1 1 1 0 0 0 0 1 1 0 0 1 1 1 0 1 0 1 1 1 0 0 1 0 0 0 0 0 0 1 1 1 1 0 1 0 1 0 0 1 0 0 1 1 1 0 0 0 1 0 1
0 1 0 0 1 1 0 1 1 0 0 0 1 0 1 0 0 1 0 0 0 1 1 0 1 0 0 1 0 0 1 1 0 1 0 0 1 0 1 1 1 1 1 0 0 1 0 1 0 0 1 0 1
1 1 0 0 1 0 1 0 1 1 1 0 0 0 1 1 1 1 1 0 0 0 1 0 0 0 0 0 1 0 1 0 1 1 0 0 1 0 0 0 0 1 1 0 1 1 1 1 1 0 0 0 0
1 1 1 0 1 1 1 0 1 1 0 0 0 1 0 1 1 1 1 0 1 1 0 0 0 0 1 1 0 1 1 1 1 1 0 0 0 0 0 1 1 1 1 0 0 0 1 0 0 0 0 0 0
1 1 1 1 1 0 1 1 1 0 0 0 1 0 0 1 1 1 1 1 1 1 1 1 1 1 0 0 0 1 1 1 0 1 0 0 0 0 0 1 1 0 1 1 0 1 0 1 0 0 0 1 1
1 0 0 1 0 1 0 0 0 0 0 0 1 0 1 1 0 0 0 1 0 0 0 1 0 1 1 0 1 0 0 1 1 0 1 1 0 1 0 0 1 0 1 1 0 0 0 1 0 0 1 0 1
0 0 0 1 0 0 1 1 0 0 1 1 1 1 1 0 1 1 0 1 0 1 1 0 1 0 1 1 1 0 0 0 1 0 1 1 0 1 0 0 0 1 0 0 1 1 0 1 0 0 1 1 0
0 0 1 1 1 1 0 0 1 1 1 0 1 1 0 0 1 1 1 1 1 0 1 0 1 0 1 1 1 1 1 0 1 1 0 0 1 1 1 1 1 0 1 1 1 1 1 0 0 0 1 1 0
0 1 0 1 1 1 0 0 1 0 1 1 1 0 1 0 1 1 0 0 0 0 0 0 0 1 1 0 1 0 0 0 0 1 1 0 1 0 1 0 1 1 0 0 1 1 0 0 0 1 1 1 0
0 0 0 0 1 0 0 0 1 1 1 1 0 0 1 0 0 0 1 0 1 1 0 1 1 1 0 1 0 0 1 1 1 0 0 0 1 1 0 1 0 1 0 1 0 1 0 1 1 0 0 1 1
0 1 0 1 1 0 1 1 0 1 0 0 1 1 1 1 1 1 1 0 0 0 0 0 1 1 1 0 0 0 1 0 1 0 0 1 0 1 0 1 1 1 0 1 0 1 1 0 1 0 0 1 1
1 1 0 1 1 1 0 0 1 1 1 1 1 1 1 0 0 1 1 0 1 0 1 1 0 1 0 1 0 0 1 0 1 1 0 1 1 1 0 1 0 0 1 1 0 0 1 1 1 1 0 1 1
0 0 0 1 1 1 0 1 1 1 1 1 0 0 1 1 1 0 1 0 0 0 0 1 0 0 1 0 0 1 0 0 1 0 0 0 1 1 0 1 0 0 1 0 0 0 0 0 1 1 0 0 0
0 0 1 1 0 0 1 1 1 1 0 0 0 1 0 1 1 1 1 1 1 0 1 0 1 0 1 1 1 1 0 1 0 0 0 0 1 0 1 0 1 1 1 1 0 0 0 0 0 1 1 0 1
1 0 0 0 1 0 0 1 1 0 0 0 1 0 0 1 0 1 1 0 0 0 1 0 0 0 0 0 1 1 0 1 0 0 0 0 0 1 1 0 1 1 1 0 1 1 1 1 0 0 0 1 0
0 0 1 1 0 0 0 0 0 1 0 1 1 0 1 0 1 1 1 0 1 0 0 1 0 1 0 1 1 1 0 1 1 0 1 1 0 0 1 0 1 0 0 1 0 0 0 1 1 0 0 0 0
0 0 1 1 1 0 1 0 0 0 1 0 1 0 0 0 0 1 1 1 0 0 0 0 0 0 1 1 0 1 1 1 1 0 1 0 0 0 0 0 1 0 0 0 1 1 0 0 1 0 0 1 1
0 0 0 0 0 1 0 1 0 1 0 0 1 1 1 0 1 1 0 0 0 1 1 1 0 0 0 1 0 0 0 1 0 0 0 1 1 1 1 0 0 1 1 1 0 1 0 1 1 1 0 1 1
1 0 0 0 1 0 0 1 1 0 0 0 1 1 0 1 1 0 1 0 1 0 0 1 1 1 1 0 1 0 0 0 1 1 0 1 1 1 0 0 1 0 0 1 0 1 0 1 1 0 0 1 1
1 0 1 1 1 1 1 1 1 1 0 1 0 0 0 1 1 0 0 0 0 1 1 0 0 1 0 1 0 0 0 1 1 0 1 0 0 0 1 1 0 0 1 1 1 0 0 1 0 1 0 1 1
0 1 0 1 1 1 1 0 0 0 1 1 1 0 1 1 1 1 0 0 1 1 1 1 0 0 1 0 0 0 1 0 0 0 0 0 1 0 0 1 1 1 1 1 1 1 0 0 0 1 0 0 1
0 0 0 0 1 1 0 0 1 1 1 1 0 1 0 1 0 0 1 1 1 1 0 1 0 0 1 1 0 0 1 1 0 1 1 0 1 0 1 1 0 0 1 0 0 0 0 1 1 1 0 0 1
0 1 0 1 0 1 1 1 0 1 0 1 1 1 0 1 0 1 1 1 0 0 1 1 1 1 0 1 0 0 1 1 0 0 1 1 0 0 1 1 1 1 0 0 0 0 1 1 0 1 1 1 1
0 0 1 1 1 1 1 1 0 1 1 0 0 1 0 0 0 1 0 0 1 0 1 1 1 0 0 0 1 1 1 0 1 1 1 1 1 1 0 0 0 0 0 1 0 1 1 1 1 1 0 1 1
0 1 1 1 0 1 0 1 1 0 0 0 0 1 1 0 1 1 0 1 0 1 1 1 1 1 0 0 1 1 1 1 1 0 0 0 0 1 0 1 1 1 1 1 1 1 0 1 1 1 0 0 0
0 0 0 0 1 1 0 1 1 0 0 0 0 1 1 0 1 0 1 1 1 0 1 1 1 0 1 1 1 1 0 1 0 0 0 0 0 1 0 0 0 0 0 1 0 1 1 0 1 1 1 0 1
0 0 0 0 0 0 0 1 0 1 0 0 1 1 1 1 1 1 1 1 1 0 1 0 1 0 1 0 0 0 1 0 1 1 0 1 1 0 1 1 0 1 1 0 0 1 0 0 1 1 1 1 0
1 0 1 1 0 0 1 0 0 1 1 1 1 1 0 1 0 1 0 0 0 0 1 0 1 0 0 1 0 0 0 1 0 0 0 1 1 1 1 0 0 0 1 1 0 0 1 0 1 0 1 1 0
1 0 1 0 1 1 1 1 1 0 0 0 1 1 1 0 0 1 1 0 1 0 0 1 1 1 1 1 1 1 0 1 1 0 1 1 0 0 0 1 1 1 1 0 0 1 1 0 0 1 1 0 1
1 0 0 1 1 0 1 1 1 0 0 1 0 0 1 0 0 1 0 1 1 0 1 0 1 1 1 1 0 1 0 0 1 1 0 1 0 1 1 1 0 1 1 0 0 0 0 1 1 0 0 1 1
0 0 0 1 0 1 0 0 1 1 1 1 0 1 1 1 1 0 0 1 0 0 0 1 0 1 0 0 0 0 1 1 0 1 0 1 0 0 1 0 0 0 0 1 1 1 0 0 1 1 1 0 1
0 1 1 0 0 1 1 1 0 1 0 0 0 1 0 0 1 0 1 0 1 1 1 1 0 0 1 1 0 0 1 0 0 0 0 0 1 1 0 0 1 1 0 0 0 0 0 1 0 1 0 1 1
0 1 1 1 1 0 0 1 1 1 1 0 1 1 0 1 1 0 1 1 0 1 1 1 1 0 1 0 0 0 0 1 1 1 1 1 1 0 0 1 1 0 1 1 0 1 1 1 0 1 0 0 1
0 0 0 1 0 0 0 0 0 1 1 1 1 0 1 1 1 1 0 1 1 1 1 1 1 1 0 1 1 1 0 1 0 0 1 0 0 0 1 1 1 0 0 1 0 0 1 0 1 0 1 1 1
1 1 0 0 0 0 1 0 0 1 1 0 1 0 1 0 1 0 1 0 0 0 1 0 0 1 1 0 1 1 1 1 0 0 1 1 1 0 1 1 0 0 1 0 0 1 0 0 0 0 1 0 0
1 0 1 0 1 1 0 1 1 0 1 0 1 0 1 1 1 0 1 0 0 0 0 1 1 0 0 1 1 0 1 0 0 1 0 1 1 1 1 1 0 0 0 1 1 1 1 0 1 1 0 0 1
1 1 0 1 1 1 1 0 0 1 0 0 0 1 0 0 1 1 1 0 1 1 1 1 0 0 0 1 1 0 0 1 1 1 1 1 0 0 0 0 0 0 1 1 0 0 1 0 0 0 0 0 1
0 1 0 0 0 0 0 1 0 0 1 0 1 1 1 0 1 0 0 1 1 1 0 0 0 1 1 1 0 1 0 1 1 1 1 1 0 0 0 1 1 0 0 0 0 1 0 1 0 1 1 1 1
0 1 0 1 1 1 1 1 1 0 0 1 0 0 1 1 1 1 1 1 1 1 1 0 0 0 1 0 1 0 1 1 1 1 0 1 0 0 1 0 0 0 1 0 1 1 0 0 0 1 1 0 0
0 0 0 0 1 0 1 1 0 0 0 0 1 0 0 0 0 1 1 0 1 0 1 1 1 1 0 0 0 0 1 1 0 1 1 0 0 1 1 0 0 1 1 1 1 1 0 0 1 1 0 1 1
0 1 0 1 1 0 0 0 0 1 1 0 0 0 0 1 0 1 0 0 1 1 1 0 1 0 0 0 0 1 1 0 0 1 1 1 1 1 1 1 0 1 0 1 1 1 0 1 0 0 0 1 1
1 1 1 0 1 0 1 1 0 0 0 0 1 0 1 0 1 1 0 0 1 0 1 0 1 0 0 1 1 1 0 1 1 1 0 0 1 0 0 1 0 1 0 0 0 0 0 0 0 0 1 0 1
1 0 0 0 0 1 0 1 1 0 1 1 0 1 1 1 1 1 1 0 0 0 1 0 0 0 1 1 1 1 1 0 0 0 0 0 1 0 1 1 0 0 0 1 0 0 0 1 1 0 0 1 1
1 1 1 0 1 0 1 1 1 1 0 1 0 1 0 0 0 1 0 1 1 0 0 1 0 1 0 0 1 1 1 1 1 1 1 1 0 1 1 1 0 0 0 1 0 0 1 1 1 0 0 0 0
1 0 0 1 1 0 0 0 0 0 0 0 0 0 1 1 0 1 1 0 0 0 0 0 0 0 0 1 1 0 1 1 0 0 0 1 0 0 1 0 1 0 1 0 0 1 0 0 0 1 1 0 1
0 0 1 1 0 0 1 1 1 0 1 1 0 1 1 1 0 0 1 0 1 1 0 0 0 0 0 1 1 0 0 1 0 0 1 1 1 1 0 1 1 1 1 0 0 0 0 0 0 0 1 1 0
1 1 0 0 1 0 1 0 0 1 1 0 1 0 1 1 1 0 0 0 1 1 0 1 0 1 1 0 1 1 0 1 1 0 1 1 0 0 1 1 0 0 0 0 1 1 0 1 1 0 1 0 1
0 0 1 0 0 0 0 0 1 0 0 1 1 0 0 1 1 0 1 0 1 1 1 1 1 1 1 0 0 0 0 1 0 1 0 1 1 0 1 0 0 1 0 1 0 1 1 0 1 0 0 0 0
1 1 0 0 0 0 1 1 1 1 0 0 1 1 1 0 0 0 0 1 0 0 1 1 0 1 0 0 0 0 0 1 1 0 1 0 0 0 0 0 0 1 0 0 0 0 0 1 1 1 0 1 0
0 1 0 1 0 1 0 1 1 1 0 1 1 1 1 1 1 1 1 0 1 1 1 1 1 1 0 0 1 1 1 0 0 0 0 0 1 1 0 0 0 1 1 1 1 1 1 1 0 0 1 0 0
0 0 0 1 0 0 0 1 1 0 1 1 1 0 0 0 1 1 0 0 1 0 0 1 1 0 0 0 1 0 1 1 0 1 1 1 1 0 1 0 1 1 1 1 0 0 0 0 0 1 0 1 0
1 0 0 0 1 0 1 0 1 0 0 1 1 0 0 0 0 1 1 0 0 0 1 1 0 0 1 0 1 1 0 1 0 0 1 1 1 0 0 1 0 1 0 0 0 0 1 0 1 1 0 0 1
0 1 1 0 0 1 1 0 1 0 0 1 1 1 0 0 1 1 0 1 0 1 1 1 0 0 1 1 0 1 0 1 0 0 0 0 0 0 0 1 0 0 1 0 1 0 0 0 0 1 1 0 1
0 1 0 0 1 1 1 0 0 1 1 1 1 0 0 1 1 0 0 0 0 1 0 1 0 0 1 0 1 1 0 1 1 1 0 0 0 0 0 0 0 1 1 0 0 1 1 0 1 1 0 0 0
1 0 1 1 1 1 1 1 0 1 0 0 0 0 0 0 1 0 0 0 0 0 1 0 1 1 1 1 1 1 0 1 0 0 1 1 1 1 1 1 1 1 0 0 1 1 1 1 1 0 0 1 1
0 0 0 1 0 1 1 0 1 1 0 1 1 1 1 0 1 0 0 0 0 0 0 0 0 1 0 0 1 1 1 1 1 0 0 1 0 0 0 0 1 1 0 1 1 1 1 1 1 1 0 1 0
1 0 0 1 1 1 0 0 0 1 0 0 0 0 0 1 1 0 0 0 0 1 1 0 1 0 1 1 0 0 1 1 0 0 0 0 1 1 1 0 0 0 0 1 1 1 1 1 1 0 0 0 1
0 0 0 0 1 1 0 0 0 0 1 1 1 0 1 1 0 1 0 0 0 1 1 0 1 1 1 0 1 1 0 0 1 1 0 1 1 1 0 0 0 0 1 0 1 1 0 0 1 0 0 1 1
0 0 0 1 0 0 0 1 0 0 0 1 1 1 0 0 1 0 1 1 1 1 1 1 0 0 0 0 0 1 1 0 1 1 1 1 0 0 1 1 1 0 1 0 1 1 0 0 1 0 0 1 1
1 1 0 1 0 1 1 0 1 1 0 1 1 0 1 0 1 0 0 1 1 1 0 1 0 0 1 0 0 0 0 1 1 1 0 1 1 1 1 1 0 1 1 1 0 1 0 0 1 0 1 1 1
1 0 1 1 0 0 1 0 0 0 0 1 0 1 1 1 0 1 1 0 0 1 1 0 1 1 0 1 1 0 0 0 0 1 1 0 0 1 1 1 0 0 0 1 0 0 1 0 1 0 0 0 0
0 0 0 1 1 0 1 0 0 0 1 0 0 1 0 0 0 0 0 1 0 0 0 1 0 0 0 0 1 0 1 0 1 0 0 1 0 1 0 1 0 0 1 1 0 1 0 1 1 0 1 1 0
0 0 1 1 1 1 1 1 1 1 0 1 1 1 0 1 1 1 1 1 1 0 1 1 0 0 0 0 1 0 1 1 0 0 1 0 0 1 0 0 0 1 1 1 0 0 1 0 1 0 1 1 0
1 0 0 1 1 0 1 0 1 0 1 1 0 0 1 0 0 1 0 1 1 0 1 0 0 0 0 1 1 1 1 0 0 0 1 0 0 0 1 1 1 0 1 1 0 0 1 0 1 1 0 0 1
1 0 0 1 0 0 1 0 1 1 0 0 1 0 1 0 1 1 1 0 0 0 0 0 1 1 1 1 1 0 0 0 0 0 0 1 1 0 0 0 1 0 0 1 1 0 1 0 0 0 0 1 0
1 1 1 1 1 1 1 0 1 1 0 1 1 0 0 1 1 1 1 1 1 0 0 1 0 1 0 1 0 1 1 0 0 0 0 0 0 0 0 0 0 1 0 0 0 1 1 0 1 0 1 1 0
0 0 0 1 0 1 1 1 1 1 0 1 0 1 0 0 0 1 0 0 1 1 0 0 0 1 0 1 0 1 0 1 1 1 1 1 0 1 1 1 0 1 0 0 0 0 1 0 0 1 1 1 1
1 0 0 1 1 0 0 0 1 1 1 1 0 0 0 0 0 0 1 0 0 1 1 1 1 1 1 0 0 1 1 1 0 0 0 0 1 1 1 1 0 0 1 0 1 0 1 0 0 1 0 0 0
1 0 0 0 1 1 0 0 0 0 1 0 1 0 0 1 1 1 1 1 1 0 1 1 0 1 1 0 0 1 1 0 1 0 1 1 0 0 1 1 0 1 1 1 1 1 0 0 0 0 0 0 1
1 1 0 1 0 1 0 1 0 1 0 1 1 1 0 1 0 0 1 1 0 0 1 0 0 1 0 0 0 1 0 0 1 1 1 0 1 0 1 1 1 0 0 1 0 1 0 1 0 1 1 0 0
0 0 0 1 0 1 1 1 1 1 0 0 1 1 1 0 0 1 0 1 1 1 1 1 1 0 1 1 0 1 1 0 0 1 0 0 1 1 0 1 1 1 0 0 0 1 0 1 0 0 0 1 0
1 0 1 0 1 0 1 0 0 1 1 1 0 1 1 0 1 1 1 1 0 1 0 1 0 1 1 0 0 1 0 0 0 1 0 0 1 1 1 1 1 1 0 1 0 1 0 1 1 1 1 1 1
0 1 1 0 0 0 1 0 0 1 0 0 1 0 0 0 0 0 1 0 1 0 0 1 0 1 0 0 1 1 0 0 0 1 0 0 1 1 1 1 1 1 1 1 1 1 0 0 0 1 0 0 0
1 1 0 0 1 0 0 1 0 0 0 0 0 1 0 0 1 0 1 0 1 1 1 0 0 0 1 0 0 0 0 0 0 0 0 0 0 1 1 0 0 1 0 0 0 1 1 0 0 0 0 0 1
1 0 1 0 0 0 0 0 0 1 1 1 1 1 1 0 0 1 1 1 1 0 1 0 0 1 0 1 1 1 0 1 1 0 0 0 1 1 1 0 0 0 0 0 0 1 1 0 1 1 1 1 1
1 0 1 0 1 1 1 1 0 0 1 0 0 1 1 0 0 1 1 1 1 1 1 1 0 0 0 1 0 1 1 0 1 1 1 1 1 1 0 1 1 1 0 0 0 0 1 0 1 0 1 0 1
0 0 0 1 0 1 1 1 0 0 1 1 0 1 0 1 0 1 1 0 0 1 0 0 1 1 1 0 1 1 0 1 0 0 1 0 0 0 1 1 0 1 1 1 0 1 0 1 0 1 1 1 0
1 0 1 1 0 0 1 0 0 1 1 1 0 1 1 1 1 1 0 1 1 1 0 0 0 0 0 1 1 1 1 0 1 1 1 1 1 1 0 0 1 0 1 1 1 1 1 1 0 1 1 0 1
1 1 0 1 1 0 0 1 0 1 1 0 1 1 1 0 0 1 1 1 0 1 0 1 0 1 0 1 0 1 1 1 1 0 0 0 1 1 0 1 1 1 1 1 1 0 1 0 1 0 0 0 0
0 1 1 1 0 0 0 0 0 1 1 1 0 1 0 0 0 0 1 1 0 1 1 1 1 1 0 0 0 0 1 0 0 0 0 1 1 0 1 1 0 1 0 0 0 1 1 0 1 0 0 0 0
1 1 0 0 1 0 1 0 0 1 0 1 1 1 1 1 1 0 1 1 0 1 0 0 0 1 0 1 1 0 1 0 1 0 1 1 1 0 1 0 0 0 0 1 0 1 1 0 0 1 1 1 0
0 0 1 0 0 0 1 0 0 1 0 0 0 1 1 0 1 1 1 1 0 1 0 0 1 1 1 1 1 0 1 1 1 0 1 0 1 1 1 1 1 1 1 0 1 0 0 1 0 1 0 1 1
1 1 0 1 1 1 0 0 1 0 0 0 0 1 0 1 0 1 1 1 1 0 0 1 1 0 0 0 1 0 1 0 0 0 0 0 1 0 0 1 1 1 0 1 0 1 0 0 1 1 0 1 1
1 1 1 0 1 1 0 1 0 0 1 1 0 0 0 1 0 0 1 0 1 0 1 1 1 1 1 1 1 1 0 0 0 0 0 0 1 0 0 1 0 1 1 1 0 1 0 1 1 0 1 0 0
0 0 0 0 1 1 1 1 1 0 1 1 0 0 0 1 1 1 0 0 1 1 1 1 1 0 0 0 0 0 0 0 1 0 0 0 1 1 0 1 1 1 1 1 1 1 1 1 0 1 1 0 1
0 1 0 1 1 1 1 1 0 0 0 0 1 0 1 1 0 0 1 0 0 1 1 0 0 1 0 1 0 1 1 0 1 0 0 0 0 1 0 0 1 0 1 0 1 0 0 0 1 0 0 1 1
0 1 1 1 0 0 0 1 0 1 1 0 1 1 0 1 0 0 1 0 0 1 0 1 0 1 0 1 1 1 1 1 0 0 1 1 1 1 0 0 0 1 1 1 0 1 1 0 0 0 1 1 1
0 1 1 0 0 0 0 0 0 1 0 0 0 1 0 0 1 0 1 1 0 1 1 1 0 0 0 0 1 0 0 0 0 0 1 0 1 0 0 1 0 0 1 0 1 1 0 0 0 1 0 1 0
1 1 0 0 1 0 0 0 0 1 0 0 1 1 1 0 0 0 0 1 0 0 1 1 1 1 0 1 0 1 0 1 0 0 1 1 1 1 1 0 1 1 1 0 1 1 1 1 1 1 1 0 0
1 0 0 1 1 0 1 1 0 0 1 0 0 1 0 0 0 0 1 1 0 1 0 0 0 0 1 1 1 0 0 0 1 0 1 0 0 0 1 0 1 1 0 0 0 0 1 0 0 1 1 0 0
1 0 1 1 0 1 1 1 0 1 0 0 1 0 1 1 1 1 0 0 1 0 0 0 0 1 1 0 0 0 1 1 1 1 1 1 1 1 1 1 0 0 0 0 1 0 1 1 0 0 0 0 1
1 0 0 0 1 1 1 0 1 0 1 0 0 0 1 0 1 0 1 0 1 0 1 1 0 0 0 1 1 1 1 0 0 1 1 0 0 1 0 0 0 0 1 0 1 0 0 1 1 1 1 1 0
1 0 1 1 0 1 0 1 0 0 1 1 1 1 0 1 1 0 1 0 1 1 1 1 1 0 0 1 0 1 1 1 0 0 1 0 0 1 1 1 1 1 0 1 1 0 0 0 0 1 1 1 0
0 1 0 0 1 1 0 0 1 0 1 1 1 1 1 1 1 1 1 0 0 1 1 0 0 1 1 0 1 0 0 1 0 0 1 0 0 0 0 0 1 0 0 1 1 1 0 0 1 1 0 0 0
1 0 1 0 1 1 0 1 1 0 0 1 0 1 1 1 1 0 0 0 1 0 0 1 1 1 0 0 0 0 0 1 0 1 0 1 1 1 1 1 0 0 1 0 0 0 1 1 1 1 1 0 0
0 1 0 0 1 1 1 0 0 1 0 0 0 1 1 0 0 0 0 0 0 1 1 1 1 0 1 1 0 1 0 1 1 1 1 0 1 1 0 0 1 0 0 1 1 0 1 0 1 0 1 1 1
1 1 0 1 1 1 0 0 1 0 0 0 0 0 1 1 1 1 0 1 0 1 1 1 0 0 1 0 0 1 0 0 0 1 1 1 1 0 1 0 1 0 1 0 0 0 1 1 1 0 1 0 0
1 1 1 0 0 0 0 0 1 1 1 0 1 1 1 0 0 1 1 1 0 0 0 0 0 1 1 0 1 1 0 0 0 1 1 1 1 1 0 1 1 1 0 1 0 0 0 0 1 0 0 0 1
0 0 0 0 0 0 1 1 1 1 1 1 0 0 1 1 0 0 1 1 1 1 0 1 0 0 0 0 1 0 0 1 1 0 1 1 0 1 0 1 0 0 1 1 1 0 1 1 1 1 1 1 1
1 1 0 0 1 1 0 1 1 1 0 1 0 0 1 0 1 0 0 1 1 1 1 1 1 1 0 0 1 1 0 1 0 1 0 1 1 1 0 1 0 1 0 1 0 0 0 0 0 1 0 1 0
1 0 1 1 0 0 1 1 1 1 1 1 0 0 1 0 1 0 1 1 1 0 1 1 1 0 0 1 0 0 1 0 0 0 0 0 1 1 0 1 1 1 0 0 1 1 1 1 0 1 0 1 0
0 0 1 1 1 1 0 0 1 1 1 0 1 0 0 0 0 0 1 1 1 1 0 0 1 0 1 1 1 1 0 0 1 1 1 1 1 0 0 0 0 1 0 0 1 0 1 1 0 0 1 1 0
0 0 1 1 1 1 0 0 0 0 1 0 1 1 1 1 0 0 1 0 0 0 0 1 1 1 0 0 0 1 1 1 0 1 1 0 1 1 0 0 1 0 0 0 1 1 0 1 1 0 1 0 1
0 0 1 0 0 1 1 0 0 0 1 1 0 1 0 0 1 1 0 1 1 1 1 1 0 1 0 0 0 0 1 1 1 1 0 1 1 0 1 1 0 0 0 0 1 1 0 1 0 0 0 1 0
1 0 1 0 0 1 0 0 0 1 0 0 0 1 0 1 0 1 0 0 1 1 1 0 1 1 1 1 1 0 0 1 1 1 0 1 0 0 0 0 1 0 0 1 0 1 0 0 0 0 0 1 0
0 0 0 1 0 1 1 1 1 1 1 0 0 0 0 0 1 1 0 0 1 0 0 0 0 1 0 1 1 0 1 1 0 0 1 1 0 1 0 0 0 1 0 0 1 1 0 0 0 0 1 0 1
1 0 0 1 0 0 0 0 0 1 0 0 0 1 0 0 0 1 1 0 1 1 0 1 1 1 1 1 1 0 1 0 1 1 0 1 1 1 0 1 1 1 1 1 1 1 0 1 0 1 0 0 0
1 1 0 0 1 0 0 0 1 1 1 1 1 0 0 0 1 0 0 0 1 1 0 1 0 1 1 1 0 1 0 0 0 0 1 1 1 0 0 1 1 1 0 0 1 0 0 1 1 0 0 1 0
1 1 1 1 1 1 0 1 1 0 1 1 1 1 0 0 1 0 0 1 0 0 0 0 0 0 1 1 1 0 1 0 0 0 1 1 1 0 1 1 0 1 1 0 0 1 1 1 0 1 1 1 1
0 0 1 1 0 0 1 0 1 1 1 0 1 0 1 0 0 1 0 0 1 1 1 1 0 1 1 0 0 1 0 1 1 1 1 0 0 0 0 1 0 0 1 1 1 1 0 1 0 1 0 1 0
1 0 0 1 0 1 0 1 0 0 0 0 1 0 1 1 0 0 1 0 0 1 0 1 0 0 1 1 0 1 0 0 0 0 1 0 0 1 1 1 1 1 0 0 1 1 1 1 0 1 1 0 1
1 0 1 0 1 1 0 0 0 0 1 0 1 1 0 0 0 0 0 1 0 1 0 0 0 0 0 1 1 0 1 1 0 0 0 1 0 0 1 0 0 0 1 1 0 0 0 0 1 1 0 1 1
0 0 1 1 1 1 1 1 0 1 0 1 0 1 1 0 0 1 0 1 0 0 1 1 0 0 0 1 1 1 0 0 0 1 0 0 0 0 0 0 0 1 1 0 0 0 1 1 0 0 0 0 1
1 0 0 0 0 1 1 1 1 1 1 0 1 0 0 1 0 0 0 0 1 0 1 0 1 0 0 1 1 1 1 1 1 0 0 0 0 1 1 1 1 0 0 0 1 1 1 1 0 1 0 0 1
0 1 1 0 0 1 0 1 0 0 0 1 1 1 1 1 1 1 1 1 1 0 0 0 1 1 1 0 1 1 0 0 1 1 0 1 0 1 0 1 1 0 0 0 1 1 1 0 1 1 1 0 1
0 0 1 0 1 0 0 1 0 1 1 1 0 0 1 0 1 1 0 0 0 0 0 0 0 0 1 0 0 0 1 1 0 1 1 0 1 0 0 0 0 0 0 0 0 0 1 0 0 1 0 1 0
0 1 0 1 1 0 1 0 1 0 0 1 0 0 0 1 1 0 0 0 1 1 1 1 1 1 0 1 1 0 0 0 1 1 0 1 0 1 0 0 1 1 0 0 0 0 0 0 1 1 0 0 1
1 0 1 0 1 0 1 1 1 1 1 0 0 1 1 0 1 0 0 1 1 1 1 0 0 0 1 1 1 0 0 0 0 1 1 0 0 1 0 0 0 0 1 0 1 1 1 0 0 0 0 1 1
1 1 1 1 0 1 0 1 0 0 1 0 0 1 0 1 1 1 1 0 1 0 0 0 1 1 0 1 0 0 0 0 0 1 0 0 0 0 1 0 1 1 1 0 1 1 0 0 0 0 0 1 1
1 0 1 1 1 1 1 0 1 0 0 0 1 1 1 0 0 0 0 0 1 0 0 1 1 1 0 0 1 1 1 1 0 1 0 0 0 1 1 0 0 1 1 1 1 1 0 0 1 0 1 0 1
1 1 1 0 1 0 1 1 0 1 1 0 0 0 1 1 0 0 1 1 0 0 0 1 1 0 1 0 0 1 0 0 0 1 0 0 1 1 0 0 1 0 1 0 0 0 0 0 1 0 1 1 1
1 1 0 1 1 0 0 1 1 1 1 1 1 1 0 1 1 0 0 0 1 0 1 1 1 0 0 1 0 0 0 0 0 0 1 0 1 0 1 0 0 1 1 0 0 1 0 0 1 1 1 1 1
0 1 1 0 0 1 0 0 1 0 1 0 1 1 0 1 1 0 0 0 1 0 1 1 0 1 0 1 1 0 1 1 1 1 1 1 0 0 0 1 0 1 0 0 0 1 0 0 0 1 0 1 1
0 0 1 1 0 0 0 0 0 0 1 1 0 1 0 0 1 1 1 0 1 0 0 0 0 0 1 1 0 1 1 1 0 1 1 1 1 0 1 0 0 1 0 0 1 0 0 0 1 1 0 0 0
1 0 1 0 1 0 0 1 1 1 0 0 1 0 1 1 0 0 0 0 0 0 0 1 1 1 1 1 1 1 1 0 0 1 1 1 0 0 0 1 0 1 0 1 1 1 1 0 1 0 1 0 0
0 0 0 1 0 0 1 1 1 1 1 1 0 1 1 1 0 1 1 0 0 0 1 1 0 0 1 1 1 1 1 0 0 1 1 0 0 1 1 1 0 0 1 0 1 1 0 0 0 1 0 1 1
0 1 1 0 1 1 1 0 0 1 1 0 0 1 1 1 0 0 0 0 0 1 0 1 1 1 0 0 0 0 1 1 0 1 0 1 0 0 0 0 1 1 1 0 0 1 0 1 1 0 0 1 0
1 1 1 1 0 0 1 0 0 1 0 1 0 1 1 0 0 1 0 1 1 1 0 1 0 0 0 0 0 1 0 0 0 0 0 0 1 1 0 1 1 1 1 1 1 1 0 0 0 0 0 1 0
1 1 0 0 0 1 0 1 0 1 0 0 0 1 1 1 1 1 0 0 1 1 1 1 0 0 0 0 1 0 1 0 0 0 0 0 0 0 1 0 1 1 1 0 1 0 0 0 0 1 1 0 1
1 1 1 1 1 1 1 0 1 0 1 0 0 0 0 1 0 1 1 0 0 1 0 0 1 1 0 0 0 1 0 1 0 1 1 1 1 1 0 1 1 0 1 1 0 0 1 0 1 0 1 1 1
1 0 0 1 1 1 1 1 1 0 1 1 1 1 0 1 1 0 0 1 0 1 0 1 0 1 0 0 1 1 1 1 1 0 1 1 1 0 1 0 0 0 0 0 0 0 1 0 1 0 0 0 0
0 1 1 0 1 1 1 1 0 0 1 1 1 1 0 1 1 0 1 0 0 0 1 0 1 1 1 1 0 1 1 1 1 1 1 0 1 0 0 0 0 1 1 1 1 0 1 0 1 1 1 1 1
0 0 0 1 0 1 1 0 0 0 0 1 1 1 0 1 1 0 1 0 1 0 0 0 0 0 1 1 1 0 1 1 0 1 0 1 0 1 1 0 0 0 1 0 1 1 1 1 0 1 0 0 1
1 1 1 0 1 1 0 1 0 1 0 1 1 1 0 0 0 1 0 0 1 1 0 1 0 1 1 1 0 0 1 0 0 0 1 1 0 0 1 1 0 0 0 1 1 1 1 0 0 0 0 1 0
1 1 0 0 0 1 1 0 0 0 1 0 0 0 1 1 0 0 1 1 0 0 0 1 0 0 1 1 1 0 1 1 1 1 0 1 1 0 1 0 1 1 0 0 0 1 1 0 1 1 1 0 1
0 0 0 1 0 1 1 0 1 0 1 0 0 0 0 0 0 0 1 1 1 0 1 0 0 1 1 1 0 1 0 0 1 1 0 0 0 0 0 0 0 1 1 1 0 0 1 1 1 0 1 0 0
0 1 0 0 0 0 0 0 0 0 1 1 1 0 0 1 0 1 1 1 0 1 0 1 0 1 1 1 1 0 1 1 0 1 0 0 0 1 0 0 1 1 0 0 1 1 0 1 1 0 0 0 1
0 1 1 1 0 1 0 0 1 1 1 1 0 1 1 1 1 1 0 0 0 1 0 1 0 0 0 0 1 0 0 0 1 1 1 1 0 0 0 1 0 1 0 0 0 0 1 0 1 0 1 0 0
0 1 1 0 0 0 1 1 1 1 0 0 0 1 0 0 0 1 1 0 0 0 0 1 0 0 0 0 1 1 0 1 1 0 1 0 0 0 1 0 0 0 1 0 0 1 0 1 1 0 0 0 1
0 1 1 1 0 0 0 1 1 0 0 0 0 0 0 1 0 1 1 1 0 0 0 1 0 0 0 0 0 0 0 0 0 1 0 1 0 0 0 0 1 0 0 1 1 0 1 1 1 1 0 1 0
1 1 1 0 1 0 0 1 0 0 1 1 0 0 1 0 1 0 1 0 0 1 1 1 0 1 1 0 0 1 0 1 0 0 1 1 0 1 1 1 1 1 0 1 0 0 0 0 1 0 0 1 0
0 0 0 1 1 1 1 0 0 1 0 1 1 1 0 1 0 1 1 0 1 1 1 0 1 1 0 0 1 0 1 1 1 1 0 1 1 1 0 1 0 0 1 0 1 0 0 0 1 0 1 0 0
0 1 0 1 0 1 0 1 1 0 1 0 0 0 0 0 1 1 1 0 1 0 1 1 1 1 1 1 0 1 1 1 0 0 1 0 1 1 0 1 0 1 0 1 0 0 0 0 1 0 1 0 1
0 1 0 0 0 1 1 1 1 0 0 0 0 1 0 1 1 0 1 0 1 1 0 0 0 1 1 0 1 1 0 1 1 1 0 0 0 0 1 0 1 0 0 1 0 0 0 1 0 1 1 0 0
0 0 0 0 0 0 1 1 1 0 0 1 1 0 0 0 0 1 0 0 1 1 0 0 0 1 0 0 1 0 1 1 0 0 0 0 1 0 1 0 1 0 0 0 0 1 1 1 1 0 0 0 1
1 1 1 0 1 0 0 1 1 0 1 1 1 1 1 1 1 0 1 1 0 0 1 1 0 1 1 1 0 0 0 1 0 1 0 0 0 0 0 1 0 0 1 0 1 0 1 0 0 0 0 0 1
1 0 0 0 1 1 0 0 1 1 1 0 1 1 0 1 1 1 1 1 0 1 0 0 1 1 1 1 1 1 1 0 0 0 0 1 1 1 1 1 1 0 0 0 0 0 0 1 0 1 0 0 0
1 1 0 0 1 1 1 0 0 0 1 0 1 0 0 1 0 1 0 0 1 1 0 0 1 1 0 1 1 0 1 1 1 1 1 0 0 0 0 1 0 1 0 1 0 1 0 1 0 0 1 0 1
0 0 1 0 1 1 1 1 1 1 1 1 0 1 0 0 1 1 0 0 0 0 1 0 1 1 1 1 0 0 0 0 0 1 0 1 0 0 1 0 1 1 0 1 1 0 0 1 0 0 0 0 0
0 0 0 0 1 0 0 0 0 0 0 0 1 0 1 0 1 0 0 1 1 1 0 1 1 0 1 0 0 0 1 0 1 0 1 0 0 1 1 0 1 1 1 1 1 0 1 1 0 0 0 0 0
1 0 1 0 0 1 1 0 1 0 1 1 1 1 1 1 1 1 1 1 1 0 1 0 1 1 0 1 0 0 1 0 0 0 0 0 1 0 1 0 0 1 0 1 1 0 0 1 1 1 0 1 0
1 1 0 0 1 0 1 1 0 0 0 0 1 0 0 0 0 1 1 0 1 0 0 0 0 0 1 1 0 0 1 0 0 1 1 1 1 1 0 1 0 0 0 0 1 0 1 1 1 0 1 1 1
0 1 0 0 0 0 0 0 1 0 0 1 1 1 0 0 0 0 0 1 0 0 0 0 0 0 0 0 1 1 1 1 0 1 1 1 0 0 1 0 1 0 0 1 0 0 1 1 0 1 0 1 1
1 0 0 1 1 1 1 0 0 1 1 0 0 0 0 0 0 0 0 0 1 0 1 0 1 0 1 0 1 1 1 0 0 0 1 0 1 0 0 0 1 0 0 0 1 1 1 0 0 1 1 0 0
1 0 1 1 1 0 1 1 0 0 0 0 1 1 1 1 1 1 0 0 1 0 0 1 0 0 1 1 0 1 0 0 1 0 0 1 0 0 0 1 0 0 0 0 1 1 0 1 0 0 0 1 1
0 1 1 1 0 0 0 1 0 1 0 0 0 0 1 1 1 0 1 1 1 1 1 1 0 1 0 1 0 1 1 1 0 1 0 0 1 0 0 1 0 1 0 0 0 0 0 0 0 0 1 0 1
0 0 1 0 1 0 1 0 1 1 1 1 1 1 0 0 0 0 0 1 1 0 1 1 0 0 0 0 1 1 0 0 1 0 0 0 0 1 0 1 1 0 0 0 1 0 0 0 1 1 0 0 1
0 0 0 0 0 1 0 1 1 0 0 1 0 1 1 0 0 0 1 1 0 1 1 1 0 0 0 1 0 0 0 1 0 1 1 0 0 1 0 0 1 1 0 0 0 0 0 0 0 1 1 0 1
0 1 0 1 1 1 0 1 1 1 0 1 1 1 1 0 0 0 0 1 1 0 0 0 0 0 0 1 1 0 1 0 1 1 0 1 0 1 1 1 0 1 0 0 0 0 0 1 1 1 0 0 0
1 0 1 1 0 0 0 0 1 0 1 1 1 0 1 0 1 1 1 0 1 0 1 0 0 1 0 0 0 0 0 1 0 1 0 1 0 0 0 0 1 0 1 0 0 1 0 1 0 1 1 0 0
0 1 1 1 1 0 1 0 0 0 0 1 0 0 0 0 1 0 1 0 0 0 0 1 1 0 0 0 1 0 0 0 0 1 1 0 1 1 1 0 0 0 0 1 0 0 0 0 0 0 0 0 0
0 0 0 0 1 1 0 0 0 0 1 1 0 0 0 0 1 1 0 1 0 0 0 0 1 0 0 1 0 1 0 0 1 1 1 1 0 1 0 0 0 1 0 0 0 0 1 0 0 0 0 0 1
0 0 0 1 0 0 0 0 0 0 1 1 1 1 1 0 0 0 0 1 0 0 0 0 1 0 1 0 0 0 1 1 1 1 0 0 1 0 0 0 1 0 0 0 1 0 0 1 1 0 0 0 0
C Elapsed Time 64093.480000 
