715 69 2^69 6
1 1 1 1 0 1 0 0 0 1 1 0 1 0 0 0 0 1 1 0 0 1 0 0 0 1 1 1 0 1 1 1 1 1 1 0 0 0 0 0 1 1 1 1 1 1 0 0 0 0 0 0 1 1 0 1 0 1 0 0 1 1 0 1 1 0 0 0 1
0 0 1 1 1 1 1 0 0 1 0 0 0 0 1 0 1 0 0 0 1 0 0 1 1 0 0 1 0 0 1 1 0 1 0 0 1 0 0 0 0 1 1 1 1 0 0 1 1 0 1 1 0 0 1 1 0 1 1 0 0 1 1 1 0 0 1 1 1
0 0 0 0 0 1 1 0 1 0 0 0 1 0 1 0 1 1 1 0 0 0 0 0 0 1 0 0 0 0 0 1 1 1 0 0 1 0 1 0 0 1 1 1 0 0 0 0 0 0 0 0 1 1 0 1 0 1 1 1 0 1 1 0 0 1 1 1 1
1 0 1 0 1 0 0 1 1 1 1 1 1 0 0 0 0 1 0 0 1 1 1 0 0 0 1 1 0 1 1 0 1 0 1 0 0 1 1 1 1 0 0 1 0 1 1 0 1 0 1 1 0 0 1 1 0 0 1 1 0 0 1 1 1 1 0 0 0
1 0 1 1 1 0 0 1 0 0 1 0 0 0 1 0 0 1 1 1 1 0 1 0 0 0 0 1 0 1 0 1 1 1 1 0 1 1 0 0 1 0 0 0 0 1 0 0 0 1 0 1 1 0 0 0 1 1 0 0 1 0 0 0 0 0 0 0 0
1 0 0 0 0 1 0 0 0 1 0 0 1 0 0 1 1 1 0 0 1 1 0 1 1 1 0 1 0 1 0 0 0 0 1 0 1 1 1 1 1 1 0 1 1 0 0 1 1 0 1 0 1 0 1 0 1 0 0 1 1 1 0 0 1 1 0 1 0
1 1 1 0 1 0 0 0 1 0 1 1 1 0 1 1 0 0 0 1 1 1 0 0 0 1 0 0 0 0 1 0 0 1 0 0 0 0 1 1 1 1 1 1 1 0 1 1 0 0 1 0 0 1 0 0 1 1 0 0 1 0 1 1 1 1 1 1 1
0 0 1 1 0 1 0 1 1 1 0 0 1 0 0 0 1 1 1 0 1 1 1 0 0 0 0 0 0 1 1 0 1 1 0 0 1 1 1 1 0 0 1 0 0 1 1 1 1 1 0 1 0 0 1 0 1 0 0 0 0 1 0 1 1 0 1 0 1
0 1 0 0 0 0 0 1 0 0 1 1 0 0 1 1 0 0 0 0 1 1 1 0 0 0 1 1 0 0 0 1 0 1 0 1 0 1 1 0 0 0 1 0 0 0 1 0 0 1 0 0 0 1 1 0 0 0 1 1 0 1 0 0 0 1 0 0 0
0 1 1 0 1 0 0 1 0 1 1 0 0 0 1 1 0 0 1 1 1 0 1 0 0 1 0 0 0 0 1 0 1 1 0 1 1 1 0 0 0 0 0 0 1 0 0 0 1 0 0 1 0 0 0 0 0 0 1 0 1 0 0 1 0 0 0 1 1
0 1 1 0 1 0 1 0 1 1 0 0 1 0 1 0 0 1 1 1 1 1 1 1 1 0 0 1 0 0 1 0 0 1 1 1 0 1 1 0 0 0 0 0 1 0 1 0 0 1 1 0 1 1 0 1 0 1 1 1 1 1 1 1 0 1 1 1 0
0 1 0 1 0 1 1 1 1 1 0 1 0 0 1 1 0 1 1 1 1 1 1 0 1 1 1 0 0 1 0 0 1 0 0 1 1 0 1 0 0 1 0 0 1 0 1 1 1 1 1 1 1 0 1 1 0 0 1 1 0 0 0 0 0 1 1 0 0
1 0 0 1 1 1 0 1 0 0 0 0 0 0 0 0 0 0 0 0 1 1 0 0 1 0 1 0 0 0 0 0 1 0 1 1 1 0 0 0 0 1 0 0 1 0 1 0 0 1 0 0 0 0 1 0 1 0 1 1 0 0 1 1 1 1 1 1 1
1 1 1 1 1 0 0 0 0 0 0 1 1 0 0 1 1 1 1 0 0 1 1 0 1 1 1 1 0 0 1 0 1 1 0 1 1 1 0 1 0 1 0 1 0 0 1 1 1 1 0 1 1 0 0 1 1 1 1 0 1 0 1 1 1 1 0 1 0
1 1 0 0 0 0 0 0 1 0 0 1 0 0 1 0 0 0 0 1 0 0 1 0 0 0 0 1 0 0 0 0 1 0 0 1 0 1 1 0 1 1 1 1 0 1 0 1 0 1 1 1 0 0 0 0 1 0 1 1 0 1 1 1 1 0 1 0 0
1 0 1 0 1 0 0 1 1 0 1 1 1 0 1 1 0 1 1 0 1 1 0 0 1 0 1 1 0 1 0 1 1 0 1 1 0 1 1 1 0 1 0 1 1 1 0 1 1 1 1 0 1 1 1 0 1 0 0 0 0 1 1 0 0 0 1 0 1
1 0 0 1 0 0 1 1 0 0 0 1 1 1 1 1 0 0 0 1 0 0 0 1 1 0 1 0 0 1 1 0 0 1 1 0 0 1 0 0 1 1 1 0 0 0 1 1 0 0 1 0 1 0 1 1 0 1 1 1 1 1 0 1 1 0 0 0 0
0 0 1 0 0 1 1 1 0 0 1 1 1 1 0 1 1 1 1 0 1 1 1 0 0 0 0 1 0 0 1 1 1 1 1 0 0 0 0 0 0 0 1 1 1 0 1 1 1 1 1 1 1 1 0 0 0 0 0 0 1 0 1 0 0 1 0 1 1
0 0 1 0 1 0 1 0 1 1 0 0 0 1 0 0 0 0 0 0 1 0 0 0 0 1 1 1 0 1 0 0 1 0 1 0 1 1 0 1 1 1 0 0 1 0 0 1 0 1 0 1 1 0 1 1 0 1 0 1 1 1 1 0 0 1 1 0 0
0 0 0 0 0 0 1 1 1 1 0 1 0 1 0 1 1 0 0 1 1 1 1 0 0 1 0 0 0 0 0 1 1 1 1 0 1 1 1 0 1 0 0 0 1 1 0 0 1 1 1 0 1 0 1 1 0 1 1 0 0 0 0 1 1 1 1 0 0
1 1 0 1 0 1 0 0 0 1 0 0 0 1 1 0 1 1 1 0 0 1 0 1 0 1 0 0 0 0 1 1 1 1 0 0 1 1 0 1 1 0 0 0 1 0 1 1 0 0 0 0 1 1 1 0 1 0 1 0 0 1 0 0 0 1 0 1 0
0 1 0 0 1 1 0 1 0 1 0 0 0 1 1 0 1 0 0 0 1 0 0 1 0 1 1 0 0 0 0 1 1 1 1 0 0 0 1 1 0 0 0 1 0 1 0 1 1 0 0 0 0 1 1 0 1 1 0 1 0 0 1 0 0 1 1 0 0
1 0 1 0 0 1 0 0 1 1 1 1 1 1 1 1 0 0 1 0 0 1 1 0 1 1 0 1 0 0 0 0 0 1 1 0 1 1 0 0 0 1 0 1 0 1 1 1 0 0 1 0 0 1 0 0 1 0 1 1 0 1 1 1 0 0 1 0 0
0 0 0 1 0 1 1 1 1 1 0 1 1 1 1 1 0 1 1 1 0 1 0 0 0 1 0 1 0 0 0 1 1 0 1 0 1 1 0 1 0 0 1 0 0 1 1 0 1 1 0 0 1 1 0 0 1 0 0 1 1 0 0 1 0 1 0 0 0
0 0 0 0 1 1 1 1 0 1 0 0 1 1 0 0 1 0 1 1 0 1 1 0 0 1 1 1 0 1 1 1 0 1 0 1 0 0 0 1 1 0 0 1 1 0 0 0 0 0 1 0 1 1 1 1 0 1 0 1 0 0 1 1 0 1 1 0 1
1 0 0 0 1 1 1 0 0 0 0 0 0 1 1 1 0 1 1 1 1 1 1 0 0 1 0 1 0 1 0 0 1 0 1 1 0 1 1 0 1 0 0 1 0 1 0 1 1 1 1 0 0 1 1 0 0 1 1 1 1 1 0 1 0 0 0 0 1
1 0 0 0 0 0 1 1 1 1 1 0 0 1 1 0 1 1 0 0 1 1 0 1 1 0 1 1 0 1 0 0 0 0 0 1 1 1 1 1 0 1 1 1 0 1 1 0 0 0 0 1 1 0 1 0 0 0 1 1 1 1 1 0 0 1 0 1 1
0 0 1 1 0 0 1 0 1 0 1 1 1 1 0 0 0 0 1 0 0 1 1 0 1 0 0 0 0 1 0 0 1 0 0 1 1 1 1 0 1 1 0 1 0 0 0 1 1 0 1 1 1 1 1 0 0 0 1 0 0 1 1 1 1 1 0 1 1
1 0 0 0 1 0 0 1 0 0 1 1 1 1 0 0 1 1 1 1 1 1 0 0 0 1 1 0 0 1 1 1 1 1 0 1 0 1 0 0 1 0 1 1 0 1 1 0 0 0 0 1 1 1 1 0 1 1 0 0 0 0 0 1 1 0 0 1 1
1 1 1 1 1 0 0 0 0 0 1 0 0 1 0 0 1 1 1 0 0 1 0 1 1 0 0 1 0 0 0 0 1 1 0 1 1 1 0 0 0 1 1 1 0 0 1 1 1 1 1 0 0 1 0 0 1 1 0 0 0 1 0 0 0 0 1 1 1
0 0 0 0 0 0 1 0 1 1 0 1 1 1 1 0 1 0 1 1 1 1 0 0 0 0 1 0 0 0 1 0 1 1 0 1 1 1 0 1 0 1 0 0 0 1 0 0 0 1 1 0 1 0 1 0 1 1 1 1 1 0 0 1 0 1 0 0 1
1 0 0 1 1 0 1 0 1 0 0 1 1 1 0 0 1 1 1 0 0 0 1 0 0 1 0 1 0 0 1 0 0 1 1 1 0 0 0 0 0 1 0 0 1 0 0 1 1 0 0 1 0 0 1 0 1 1 1 0 1 1 0 0 0 0 1 1 0
1 0 0 0 0 1 1 1 0 1 0 0 1 0 1 0 0 0 1 0 0 1 1 0 1 1 0 1 1 1 1 1 0 0 1 0 1 1 0 0 1 0 1 0 0 1 1 1 0 1 0 1 0 1 1 0 0 1 0 1 0 1 1 0 1 1 0 1 0
0 0 1 1 1 0 0 1 0 0 1 0 0 0 0 0 1 0 1 0 1 1 0 0 0 0 1 0 1 0 1 1 0 0 1 0 0 0 1 0 1 1 0 0 1 0 1 1 1 0 0 1 0 0 1 1 0 1 0 0 1 0 0 0 1 0 1 0 0
0 1 1 1 1 1 1 1 1 1 1 0 1 0 0 1 0 1 0 0 0 0 1 0 1 1 0 1 1 0 0 0 1 1 1 0 0 0 1 1 1 0 0 0 1 1 0 1 0 1 1 0 0 0 1 0 0 0 1 0 1 1 1 0 1 1 1 1 0
1 0 0 1 1 1 0 1 1 1 0 0 1 0 0 1 0 0 0 1 0 1 1 1 1 0 1 1 1 1 1 0 0 0 0 0 0 1 0 0 0 1 0 1 0 0 1 0 1 1 1 1 0 1 0 0 0 0 0 0 1 1 0 1 1 1 1 1 1
1 1 0 0 1 0 1 0 0 0 1 1 1 0 1 0 1 0 1 1 0 0 0 1 0 1 0 0 1 0 0 1 1 0 1 0 0 1 0 0 0 1 0 0 1 0 0 0 0 1 1 0 0 0 1 0 1 1 1 0 0 0 1 1 0 0 0 1 0
0 0 0 0 0 1 0 0 0 0 1 1 0 0 1 0 1 1 0 0 1 1 1 1 1 1 0 0 1 1 0 1 1 1 0 0 0 1 0 0 1 0 1 1 0 0 0 0 1 1 1 1 0 0 0 0 1 1 0 1 0 0 1 1 1 1 1 1 1
0 0 0 0 0 0 0 0 1 0 0 1 1 0 0 1 0 0 0 0 1 0 1 0 1 1 0 0 1 0 1 1 0 1 0 0 0 0 1 1 1 1 0 0 0 0 0 1 0 1 0 0 1 1 0 1 1 0 0 0 1 1 0 1 0 0 1 0 0
1 1 0 1 1 1 1 0 1 1 0 1 1 0 0 1 0 1 0 1 1 0 1 0 1 1 1 0 1 0 1 0 0 0 1 0 1 0 1 0 0 1 1 1 1 1 0 1 1 1 1 1 1 1 1 0 1 1 0 1 0 0 1 1 1 0 1 0 0
1 1 1 1 1 0 1 0 0 0 0 1 0 0 0 0 1 1 1 1 0 1 0 0 1 0 0 0 1 1 0 1 1 0 0 1 0 1 1 1 0 1 1 1 1 0 1 1 0 1 0 1 1 0 1 1 0 1 0 0 1 1 1 0 0 0 0 1 1
0 1 0 0 0 0 1 0 0 0 0 0 1 0 0 1 0 0 1 1 0 0 0 1 0 1 1 1 1 0 0 1 0 1 1 1 1 0 0 0 0 1 0 0 0 1 0 1 1 1 0 0 1 0 1 0 0 0 1 1 0 1 0 0 1 1 0 0 1
0 0 0 1 0 1 1 0 1 1 1 1 0 0 0 1 1 1 0 0 0 0 0 0 1 1 1 1 1 1 1 0 0 1 1 1 0 1 1 0 1 0 0 0 0 0 0 0 0 1 0 1 0 0 1 1 0 1 0 0 0 1 0 0 0 1 0 0 0
0 1 1 1 0 1 1 1 1 0 1 1 1 0 0 1 1 1 0 0 1 0 1 0 0 1 0 0 1 0 1 1 0 0 0 1 1 1 1 0 1 1 0 0 0 0 1 0 1 0 1 0 1 0 1 0 0 1 1 0 1 1 0 1 1 1 0 1 1
1 1 0 0 0 0 1 1 0 1 0 0 0 0 0 1 1 1 0 1 1 1 0 0 0 1 0 0 1 0 1 1 0 1 1 1 0 1 0 0 0 1 1 0 0 0 0 1 0 1 0 0 0 1 0 1 1 0 0 0 0 0 1 1 1 0 1 1 1
0 1 1 0 1 1 0 0 0 0 1 0 1 0 1 0 0 1 0 1 1 0 1 1 1 1 1 1 1 0 0 1 1 0 1 1 1 0 0 1 1 0 0 1 1 1 0 1 1 1 0 0 0 1 0 0 1 0 1 0 1 0 1 1 1 1 0 0 1
0 1 0 0 1 0 0 0 1 0 1 1 0 0 0 1 1 1 0 0 1 0 0 1 1 0 0 0 1 1 1 0 1 0 1 1 1 1 0 0 0 1 1 0 0 0 0 0 1 1 0 0 1 1 0 0 1 0 0 1 1 1 1 1 0 0 0 1 0
1 0 0 0 1 0 1 0 0 1 1 0 1 1 0 1 0 1 0 1 1 0 0 1 0 0 0 1 1 1 1 0 1 1 1 0 1 0 1 0 1 0 1 1 0 0 1 1 1 0 0 0 0 0 0 1 0 1 1 0 0 0 0 0 0 0 1 1 0
1 1 1 1 0 0 0 1 1 1 1 1 1 1 0 1 1 0 1 1 0 0 1 1 1 0 0 1 1 1 1 1 1 1 1 0 0 1 0 0 0 1 0 1 0 1 0 1 0 1 0 0 1 1 1 0 0 1 1 0 1 1 1 0 0 1 0 0 1
1 0 0 1 1 0 0 1 0 1 0 0 1 1 1 0 1 1 1 1 0 0 0 1 1 0 0 1 1 1 0 1 0 0 0 0 1 1 1 1 1 1 0 1 0 0 0 1 0 0 1 0 1 1 0 1 1 1 1 1 1 0 1 1 0 1 0 1 1
1 1 0 1 0 0 1 0 0 1 1 1 0 1 0 0 0 0 0 1 0 1 0 1 0 1 0 1 1 0 1 0 0 0 1 0 0 0 0 0 0 0 0 1 1 0 0 0 1 1 1 0 0 1 0 0 1 1 0 0 1 1 0 1 1 1 1 0 0
1 0 1 0 1 0 0 0 1 1 0 1 1 1 0 0 1 0 0 0 1 0 0 1 1 1 0 1 1 1 0 0 1 0 1 0 0 1 0 0 1 0 1 0 1 1 1 1 1 1 1 1 1 1 1 1 1 1 1 0 1 0 1 1 1 0 1 1 0
1 1 0 0 0 1 0 1 0 1 1 0 0 1 0 1 0 0 0 0 0 1 1 1 1 1 1 0 1 0 1 0 0 0 1 1 0 0 0 0 0 1 1 0 0 0 0 1 0 1 0 1 1 1 1 1 0 0 1 1 1 1 0 0 0 0 1 1 1
1 1 0 1 0 1 0 1 0 1 1 1 0 1 0 0 1 0 1 0 1 1 1 0 0 0 0 0 1 1 1 0 1 0 0 1 1 1 0 1 1 1 1 0 1 0 0 0 1 0 1 1 0 1 0 1 0 1 0 0 0 0 1 0 1 1 0 1 0
0 0 1 1 1 1 0 0 1 1 0 1 1 1 1 0 1 0 0 1 0 0 0 1 0 1 1 1 1 0 0 0 1 1 1 1 1 1 0 1 0 1 1 1 1 0 0 1 0 1 1 0 1 1 0 0 0 0 0 0 0 1 1 0 0 0 0 1 0
1 1 0 1 1 0 0 1 1 0 1 0 1 1 1 1 1 1 1 1 1 0 0 1 1 0 1 0 1 0 0 0 1 1 0 1 0 1 0 1 1 0 1 0 1 0 0 1 1 1 1 1 1 0 1 0 0 0 1 1 1 0 0 1 1 0 1 0 1
0 1 0 0 1 1 0 0 0 1 1 0 1 1 1 0 0 1 0 0 1 1 1 1 1 0 1 1 1 0 1 1 0 1 1 1 0 0 0 0 1 1 1 0 1 1 1 1 0 0 0 0 0 0 1 0 1 0 0 0 0 1 1 0 1 0 1 0 1
1 1 1 0 0 1 0 0 0 0 0 1 1 1 1 1 1 1 1 0 0 0 0 0 0 1 1 0 1 1 1 1 0 1 1 1 1 0 0 1 1 1 1 1 0 0 1 0 1 0 1 1 0 1 1 0 1 0 0 0 1 1 0 0 0 0 0 0 0
0 1 1 0 1 1 0 0 1 1 1 0 0 1 1 1 0 0 1 0 0 1 0 0 0 1 0 0 1 1 1 1 1 0 1 1 0 1 0 1 1 1 1 1 0 1 0 1 0 0 1 0 0 0 1 1 1 1 1 0 1 1 1 0 1 0 1 1 1
1 0 1 1 0 1 0 0 1 0 0 0 0 1 1 0 1 1 1 0 0 1 0 0 1 0 1 0 1 0 0 0 0 0 1 1 1 0 0 0 1 0 0 1 0 0 0 1 1 1 0 1 0 1 0 1 1 1 0 1 0 0 0 1 0 0 1 1 0
1 0 1 0 1 1 0 1 1 1 1 0 1 1 0 0 1 0 0 0 1 0 0 1 0 0 1 1 1 1 0 1 0 1 1 0 1 1 0 0 1 1 0 1 0 1 0 0 1 0 1 0 0 0 1 0 1 0 0 1 0 0 0 0 1 0 1 1 1
1 0 0 1 0 0 0 1 1 1 0 0 0 0 1 0 0 0 1 1 1 1 0 0 1 1 0 1 0 1 0 1 0 0 1 1 0 0 1 0 1 0 1 1 0 0 0 0 1 0 0 0 0 1 1 0 0 0 0 0 1 0 1 1 1 0 1 1 0
0 1 0 1 0 0 0 0 1 0 1 1 0 1 1 0 1 1 0 0 1 1 1 1 0 1 1 1 0 1 0 0 0 0 1 0 0 1 1 1 0 1 0 0 0 1 0 1 1 1 0 1 1 1 0 0 0 1 0 0 1 0 0 0 1 0 0 1 1
1 1 0 0 1 1 1 1 1 1 0 0 1 0 1 1 0 0 1 0 1 0 1 1 0 0 1 0 0 0 0 1 1 0 1 0 1 1 0 1 1 1 0 1 1 0 1 0 1 0 1 1 1 1 0 0 0 1 0 1 1 0 1 0 1 0 0 1 1
1 0 0 1 0 0 0 1 1 0 1 0 0 1 1 1 0 1 0 0 0 1 1 0 0 1 0 1 1 1 1 1 0 0 1 0 1 0 0 1 1 0 0 1 1 0 1 1 1 1 0 1 1 0 0 0 0 0 0 1 0 1 1 1 1 1 1 0 1
1 1 1 0 1 0 0 0 1 1 1 0 0 1 0 1 0 1 1 1 0 0 0 1 0 1 0 0 0 1 1 1 0 0 1 1 0 1 1 1 1 1 0 0 1 1 1 1 1 0 1 1 0 0 0 1 0 0 0 0 1 1 0 1 1 0 0 1 0
1 0 1 1 1 0 1 0 1 1 0 0 1 0 0 1 1 1 1 0 1 1 0 0 1 1 0 1 1 0 1 0 0 0 0 1 0 1 0 1 0 0 0 0 1 0 0 0 1 0 0 0 0 1 1 0 0 0 1 1 0 0 1 0 1 1 1 1 1
0 0 0 0 1 1 1 1 1 1 1 1 1 1 0 0 1 1 1 1 1 0 0 0 1 1 0 0 1 0 0 0 0 0 1 1 1 0 0 1 0 1 0 1 1 0 1 0 1 1 0 1 1 0 0 0 1 0 0 0 0 0 0 1 0 1 1 1 1
1 1 0 1 1 0 1 1 1 1 1 0 0 1 0 1 1 0 0 1 0 0 0 1 1 0 0 0 0 1 0 1 0 0 1 0 0 0 1 0 0 0 0 1 1 0 0 0 1 1 0 1 1 0 1 0 1 0 1 1 0 0 1 0 0 0 1 1 0
0 1 1 1 0 0 0 1 0 1 1 1 0 1 1 1 0 0 1 0 1 0 1 0 1 1 1 0 0 1 0 1 1 0 1 1 1 0 1 0 0 0 0 1 1 0 0 1 0 0 1 0 1 1 0 1 1 0 0 1 1 0 0 1 1 1 1 1 1
1 1 0 1 0 0 1 0 0 1 0 1 0 1 0 0 0 0 1 1 0 1 0 1 0 0 1 1 0 1 1 1 1 1 1 1 1 1 1 0 0 0 1 1 1 1 1 0 1 0 1 1 1 0 1 0 1 1 0 1 0 1 0 0 0 0 1 0 1
1 1 1 0 0 0 1 1 1 0 1 1 0 1 0 1 1 1 0 0 1 1 0 1 1 1 0 1 0 0 1 0 0 1 0 1 0 0 1 1 1 1 1 1 1 0 0 0 0 0 1 0 1 1 1 0 1 1 1 1 0 0 0 1 0 0 0 0 0
0 0 1 1 1 0 1 0 1 1 1 1 0 0 1 1 1 1 0 1 1 1 0 0 0 0 1 1 0 0 0 0 1 0 0 1 1 0 0 0 1 0 1 0 0 1 1 0 1 0 1 1 0 1 0 0 1 0 1 1 1 0 0 0 1 0 1 1 0
0 1 1 1 0 1 1 1 0 0 1 0 1 1 0 1 0 0 1 1 1 0 0 0 1 0 1 1 0 1 0 1 1 0 0 0 1 1 1 1 0 1 0 1 0 1 0 1 0 1 0 1 0 0 0 0 0 0 0 1 0 0 1 1 0 0 0 1 1
0 0 1 0 1 0 0 0 0 0 0 1 1 1 1 1 0 1 0 1 1 1 1 1 1 1 1 0 1 1 1 1 0 1 0 0 0 0 1 0 0 1 1 1 0 1 0 0 1 0 0 1 0 0 0 1 1 0 1 1 0 1 0 1 0 0 1 0 1
1 0 0 1 1 1 1 0 1 1 1 0 0 0 0 0 0 0 0 1 1 1 1 1 0 0 1 1 1 0 1 1 1 0 1 1 0 1 0 0 1 0 0 0 1 0 1 1 1 1 1 1 1 1 1 1 1 0 0 1 0 1 1 1 0 1 0 1 0
1 1 1 0 1 0 0 0 1 1 1 0 1 0 0 0 0 1 1 1 0 1 1 0 0 0 0 1 1 0 0 0 1 1 0 0 1 0 1 0 1 1 0 1 1 1 0 0 1 0 0 1 0 1 0 0 0 0 0 1 0 1 0 0 0 1 1 0 0
1 1 0 1 1 0 1 0 0 1 0 0 0 0 1 1 0 0 0 1 0 1 1 0 1 0 0 0 1 1 1 1 1 1 0 0 1 1 1 1 1 0 1 0 1 1 1 0 1 1 1 0 0 1 0 0 1 0 1 0 1 0 1 0 0 0 1 1 1
1 1 1 0 1 1 0 0 0 1 0 1 1 1 0 0 1 0 1 0 1 1 1 1 1 0 0 0 0 1 0 0 0 1 1 0 1 1 1 0 0 1 1 0 1 1 1 1 0 0 0 1 0 1 0 0 1 1 1 0 1 0 0 0 0 0 0 1 1
1 1 1 1 1 1 1 1 0 1 0 0 0 1 0 0 1 1 0 1 1 0 1 0 1 1 1 1 1 1 1 1 0 1 0 0 1 0 1 1 0 0 1 0 1 0 0 0 1 1 0 1 1 0 1 0 0 0 1 0 1 0 0 0 1 0 1 0 1
1 0 0 0 1 1 1 1 0 0 1 1 0 0 1 1 1 1 0 1 0 1 1 1 0 0 0 0 0 0 1 1 0 1 1 1 0 1 1 1 0 0 0 1 1 0 1 0 0 0 0 1 1 1 1 0 1 0 0 1 1 0 0 1 1 1 1 0 0
0 1 1 1 0 0 0 1 1 0 1 1 0 0 1 0 0 0 1 1 0 0 0 0 0 0 1 0 1 0 1 0 1 0 0 0 1 0 1 0 0 1 1 1 0 1 1 0 0 1 1 1 0 1 0 1 1 1 0 0 0 1 0 0 0 1 0 1 1
0 1 0 1 1 0 1 0 0 1 1 0 1 0 1 1 1 0 0 1 0 1 0 0 0 1 1 0 0 0 0 1 1 0 0 1 1 0 1 1 1 0 1 1 0 0 0 0 1 1 0 0 1 0 0 1 1 1 0 1 0 0 0 1 1 0 0 1 0
1 0 0 0 1 1 0 1 0 1 0 1 1 0 1 0 1 1 0 0 1 1 1 1 1 1 1 1 1 0 0 0 0 1 0 0 1 0 0 0 0 0 0 1 0 1 1 0 0 1 0 0 1 1 0 0 1 1 1 0 1 1 0 0 1 1 1 1 0
1 0 1 0 0 1 0 1 1 1 0 1 1 1 1 1 0 0 1 0 1 0 0 0 0 1 1 0 0 0 1 0 0 0 1 1 0 0 1 1 1 0 0 1 0 1 1 0 0 1 0 0 1 0 0 0 0 0 0 1 0 1 0 0 1 1 1 0 1
0 0 0 0 0 0 0 0 0 0 0 0 1 1 1 0 0 1 1 1 1 0 0 0 1 0 1 0 0 1 1 1 1 0 0 1 1 0 1 0 0 0 1 0 0 0 1 0 1 0 1 0 1 0 0 0 0 0 1 0 0 0 1 1 1 1 1 0 0
1 0 0 0 1 1 0 1 0 1 1 0 1 1 0 1 0 0 1 1 0 1 0 0 0 1 0 0 0 0 1 1 0 0 0 0 1 0 1 1 0 1 0 1 0 1 0 0 1 1 0 1 0 1 1 0 1 0 1 0 1 1 1 0 1 1 1 0 1
0 0 0 0 1 0 1 1 0 0 0 1 0 1 1 1 0 1 0 0 0 1 0 1 0 1 1 1 1 0 1 1 1 0 0 1 1 1 0 0 1 1 0 1 0 0 1 0 0 0 1 1 0 1 0 1 0 0 1 0 0 1 0 1 1 1 0 1 1
1 0 1 1 1 1 1 1 1 1 1 1 1 0 1 0 0 0 1 0 1 1 0 1 1 1 1 0 1 1 0 1 1 0 0 1 1 0 0 0 0 1 0 1 1 0 0 0 0 0 0 1 0 1 1 0 1 1 0 1 0 1 0 0 1 1 0 0 0
1 1 1 1 0 0 0 0 1 1 0 0 0 1 1 0 0 1 0 1 1 0 0 1 1 1 0 0 1 1 0 0 0 1 1 0 1 1 1 1 0 0 1 0 0 0 0 0 0 1 0 0 0 0 0 0 0 0 1 0 0 1 0 1 1 1 0 1 1
1 0 0 0 1 1 0 1 0 1 0 0 1 0 0 1 1 0 1 1 0 0 0 0 0 0 1 1 1 1 1 0 1 0 0 1 0 0 0 0 1 1 1 0 1 1 0 0 1 1 0 1 0 0 1 1 1 1 1 1 0 0 0 0 0 0 0 0 0
1 0 0 0 1 0 1 1 0 1 0 0 1 1 1 0 0 0 0 1 0 1 0 1 1 1 0 0 1 0 0 0 1 0 1 1 1 1 0 0 0 1 0 1 1 1 1 1 1 0 1 0 0 0 1 1 0 0 0 0 1 1 1 1 0 1 1 0 1
0 0 0 1 1 1 0 1 1 1 0 1 0 1 1 1 0 0 1 0 1 1 1 0 1 1 1 1 1 0 1 0 1 0 0 1 1 0 1 1 1 0 1 1 1 0 1 0 0 0 1 1 1 0 1 0 0 0 0 0 1 1 0 1 1 0 1 0 0
0 0 0 0 0 1 1 0 0 1 0 0 0 1 1 0 1 0 0 1 1 0 0 0 1 1 1 1 1 1 0 0 0 0 0 1 0 1 0 0 0 0 0 1 1 1 0 0 0 0 1 1 1 1 1 1 1 0 0 0 1 1 1 0 1 0 0 0 0
1 1 0 1 0 1 0 1 0 0 0 1 1 0 0 0 0 1 1 1 0 0 0 0 1 1 1 0 0 0 0 1 1 1 1 1 1 1 1 0 1 0 0 0 0 1 0 0 0 0 1 1 0 1 0 1 0 0 0 1 1 0 1 0 0 1 0 0 1
0 0 1 0 1 1 0 1 0 1 1 1 1 0 0 1 0 1 1 1 1 0 1 1 0 0 0 0 1 1 1 1 0 1 0 0 0 1 1 1 0 1 0 1 0 1 1 0 0 0 0 0 1 0 1 1 0 0 1 1 1 0 0 0 0 0 1 1 1
1 1 0 1 1 0 1 0 1 0 1 0 0 0 0 0 1 1 0 1 1 1 0 0 1 0 0 0 0 0 0 1 1 1 0 0 0 1 0 0 0 1 1 0 0 0 0 0 1 0 1 1 0 0 1 1 1 0 1 0 1 1 0 1 0 1 0 0 0
1 0 0 1 0 0 1 0 1 0 1 0 1 1 0 1 1 1 1 1 0 1 1 1 0 0 1 1 1 0 1 1 0 0 1 0 1 0 0 1 1 1 0 0 1 1 1 1 0 1 1 0 1 0 1 1 1 0 0 0 1 1 0 0 0 0 0 1 0
0 0 1 1 0 1 1 0 0 1 0 1 0 0 1 0 0 0 0 1 1 0 1 1 1 1 1 1 0 1 0 1 1 1 1 0 0 0 0 0 1 1 1 1 0 0 1 0 0 0 1 0 1 0 0 0 1 0 1 0 0 1 1 0 1 1 0 1 1
0 1 0 1 1 0 1 0 1 0 1 1 1 0 1 0 1 0 0 1 0 0 0 0 1 1 1 1 0 0 1 1 0 1 0 0 0 0 1 1 1 1 0 1 1 1 1 0 0 1 0 1 1 1 1 0 0 0 0 0 0 0 1 0 0 1 1 1 1
0 0 0 0 1 1 1 0 0 0 1 0 1 0 0 1 1 0 1 1 0 1 0 1 0 0 1 0 1 0 0 1 0 1 1 1 1 0 1 0 0 1 0 0 0 0 1 0 0 1 1 1 0 1 0 0 1 1 0 1 1 1 1 1 0 0 1 0 1
0 1 0 0 0 1 1 0 0 0 1 0 1 0 0 1 1 1 1 0 1 0 1 1 0 1 1 1 1 0 1 0 1 1 0 1 1 0 0 0 0 1 0 1 1 1 1 1 0 1 1 0 0 1 1 1 0 1 0 1 0 0 0 0 1 1 1 1 1
0 1 1 1 1 1 0 0 0 0 1 0 0 1 0 1 0 0 0 0 1 1 1 1 1 0 1 1 1 1 0 1 0 0 0 0 1 1 0 0 0 0 1 0 0 0 1 1 1 0 1 1 1 0 1 0 1 0 0 0 1 0 1 0 0 1 1 1 0
1 1 1 1 0 1 0 1 1 1 0 1 1 1 0 0 0 1 1 1 1 1 0 1 0 0 0 0 1 0 1 1 1 1 0 1 0 0 0 0 0 0 0 0 0 1 1 0 0 0 0 1 0 0 1 1 1 1 1 0 0 1 0 1 0 1 1 1 0
0 1 0 1 0 1 1 0 1 1 0 0 1 0 1 1 1 1 1 1 1 1 1 1 0 1 0 0 1 1 0 0 1 1 1 1 0 0 1 1 0 0 1 1 1 1 0 1 1 0 1 0 0 1 0 1 1 0 0 0 1 1 0 0 0 0 0 0 1
1 0 0 0 1 0 1 1 0 1 0 1 1 0 1 1 0 1 1 0 1 0 1 0 0 1 0 1 1 1 1 0 0 1 0 0 0 0 0 0 0 1 1 0 0 1 0 1 1 0 0 1 1 0 1 1 0 0 0 0 1 1 1 1 1 1 0 0 0
1 0 1 1 0 1 0 1 1 0 0 0 0 0 0 1 1 1 1 1 1 0 1 1 1 1 1 1 0 1 1 1 1 1 0 0 1 0 1 0 1 1 1 0 0 1 1 1 0 1 1 1 1 1 0 0 0 0 1 1 1 1 0 1 0 1 1 1 0
1 1 0 1 0 0 0 1 0 1 0 1 0 1 0 1 0 1 0 1 1 0 0 1 1 0 1 1 1 0 1 0 1 1 1 0 0 1 1 1 0 1 0 0 1 1 1 1 1 0 0 1 1 0 0 0 1 0 0 0 0 1 1 0 0 1 0 0 0
0 0 1 1 1 1 0 0 0 1 0 0 1 1 1 1 1 0 1 0 0 1 0 0 0 0 1 1 1 1 0 1 1 1 1 0 0 0 1 1 0 1 1 1 1 1 1 0 0 0 0 0 0 1 1 1 0 0 1 0 1 0 1 1 1 1 0 1 0
1 1 1 1 1 1 1 0 0 1 1 0 1 1 1 1 1 0 1 1 0 1 1 1 1 1 0 1 0 0 0 0 1 0 0 1 1 0 0 0 1 0 0 1 1 1 1 0 0 0 0 1 1 1 1 0 0 1 0 0 0 0 1 0 0 0 1 0 0
1 1 1 0 1 1 1 0 1 1 0 0 0 0 1 1 0 1 1 1 0 0 1 0 0 1 1 0 1 0 0 1 0 0 1 0 0 0 0 0 1 0 0 1 1 0 1 1 0 0 0 0 0 0 0 1 0 1 1 1 0 0 0 1 1 0 1 0 0
1 0 0 1 0 0 0 1 1 1 0 0 1 0 1 0 0 0 0 1 0 1 1 0 0 0 0 0 0 1 0 0 1 0 1 0 0 0 0 1 0 1 0 0 1 1 0 1 0 0 0 1 1 1 0 1 1 0 1 1 1 1 1 1 1 1 0 0 1
0 1 1 1 0 1 0 0 0 0 1 0 1 1 1 0 1 1 0 0 1 0 0 0 0 0 0 0 0 1 0 0 1 1 0 0 0 0 1 1 1 1 0 0 1 1 0 1 0 0 1 1 1 0 1 1 1 1 1 0 0 0 0 0 0 0 1 0 1
1 1 1 1 0 1 0 1 0 1 1 0 1 0 1 1 1 0 0 1 1 1 1 1 1 1 1 1 0 0 1 1 0 1 1 0 0 0 1 0 0 0 0 1 1 1 1 0 1 1 1 1 0 0 1 1 1 0 0 0 0 0 0 1 1 1 0 0 1
0 0 1 0 0 0 1 0 0 1 1 0 0 1 1 0 0 0 1 0 1 1 0 1 0 0 0 0 1 0 1 0 0 1 1 1 0 1 0 1 0 1 0 1 0 1 1 1 1 0 0 0 1 1 0 0 0 0 1 1 1 0 1 1 1 0 0 0 0
0 1 0 1 0 1 0 0 0 0 0 1 0 1 0 1 1 0 0 0 0 0 1 1 1 1 0 1 0 0 1 0 1 1 0 0 0 0 1 0 0 0 0 1 0 0 1 0 1 0 0 1 1 1 0 1 0 0 1 1 0 1 0 1 1 0 0 1 0
0 1 1 0 1 0 1 1 0 0 0 0 0 0 1 0 0 0 0 1 1 0 0 1 0 0 1 0 1 1 0 0 1 1 1 0 0 0 1 0 1 0 1 1 1 0 0 0 0 1 1 1 1 1 0 1 0 0 0 1 0 1 0 1 0 0 1 1 1
1 1 0 0 0 1 0 0 1 1 1 1 0 1 0 1 1 1 1 1 1 0 0 0 0 1 1 1 0 0 0 0 1 0 0 0 0 0 1 0 0 1 0 1 1 0 1 0 0 1 0 0 0 0 0 0 0 0 1 0 1 1 0 0 0 1 0 0 1
0 1 0 0 1 0 1 1 1 1 1 0 0 0 0 0 0 1 1 0 0 1 0 1 1 0 1 1 1 1 1 1 1 0 0 0 1 0 0 1 0 0 1 1 1 0 0 1 1 1 0 0 0 0 1 1 1 1 1 0 1 1 0 1 1 1 0 1 1
1 0 0 0 1 1 0 0 1 1 0 0 1 1 0 1 1 1 0 0 1 0 0 0 1 0 1 0 0 1 1 0 0 1 1 1 1 0 1 0 1 0 1 1 1 0 1 0 0 1 1 1 0 1 0 1 1 1 1 1 0 1 1 1 1 0 0 1 1
1 0 0 1 1 0 0 1 1 1 1 1 0 1 0 1 0 0 0 0 0 1 1 0 1 1 1 0 0 0 0 0 0 1 1 1 1 1 1 0 1 1 1 0 1 1 1 0 1 0 0 0 0 1 1 0 1 1 0 0 1 1 1 0 1 1 0 0 0
0 0 1 0 1 1 0 1 0 1 1 1 0 0 0 1 1 0 1 1 0 0 1 0 1 0 0 0 0 1 0 0 1 1 1 0 0 0 1 1 0 1 0 0 1 0 0 1 1 1 0 0 1 1 0 1 0 1 1 0 0 1 1 1 1 0 1 1 0
1 0 0 1 0 1 1 0 0 0 1 1 1 0 1 0 0 0 1 0 1 1 1 0 1 0 1 0 1 1 1 1 0 0 1 1 1 0 0 1 0 0 1 1 0 0 1 0 1 1 0 1 1 1 1 1 0 1 1 0 0 0 1 1 0 0 1 1 1
1 0 1 0 1 1 1 1 1 0 1 0 0 1 1 0 0 0 0 0 1 0 0 0 1 0 0 0 1 1 1 1 0 1 0 1 0 0 0 0 1 1 0 0 0 1 1 0 0 0 1 0 1 1 0 1 0 0 1 0 0 0 1 0 0 0 0 1 0
1 0 1 0 0 1 1 1 0 1 1 0 0 1 0 1 1 1 0 1 1 0 1 0 1 0 1 0 1 1 0 0 1 1 0 0 1 0 0 1 1 1 0 1 1 1 1 1 0 1 1 1 0 1 1 0 1 1 1 0 1 1 0 1 1 1 0 0 1
0 0 0 0 0 1 0 1 1 0 0 0 0 0 0 1 1 0 1 0 1 1 1 0 0 0 1 0 1 0 1 0 1 0 1 1 1 0 1 0 1 1 1 1 0 1 1 1 0 0 1 0 1 1 0 0 0 1 1 0 1 0 1 0 0 0 0 0 0
1 0 1 1 1 1 1 1 1 1 1 0 0 0 1 0 0 0 1 0 0 1 0 1 0 1 1 1 1 1 0 0 1 1 1 1 0 1 1 0 0 0 1 1 0 0 1 1 0 1 0 1 1 1 0 1 1 1 0 0 0 0 1 0 1 1 1 0 1
0 0 1 1 0 1 0 0 0 0 0 1 1 0 0 1 1 0 1 1 1 1 1 1 0 0 1 1 0 0 0 1 1 1 0 1 0 0 0 1 1 1 0 1 1 0 1 0 1 0 1 0 0 0 0 0 0 1 1 0 1 1 0 1 0 0 1 0 0
1 1 0 1 0 0 1 0 0 1 1 0 1 1 0 0 0 0 1 0 0 0 1 0 1 0 0 0 0 1 0 0 0 1 0 1 0 0 0 1 0 1 1 1 0 1 0 0 1 1 1 1 0 0 0 0 1 1 1 1 1 1 1 0 0 1 0 1 0
0 1 0 0 0 0 0 1 1 1 1 1 1 1 1 0 1 0 1 1 0 0 1 0 1 0 0 0 0 0 1 1 1 0 1 1 0 1 1 0 0 1 1 1 1 1 1 0 1 0 0 0 0 1 0 1 0 1 1 1 0 0 0 0 1 0 0 0 1
1 0 1 0 0 1 0 0 1 1 1 0 1 1 0 1 0 0 0 0 1 0 1 1 1 1 1 1 1 0 1 1 0 1 0 0 1 0 0 1 1 0 1 0 0 1 0 0 1 0 1 0 0 1 0 1 0 1 0 0 1 1 1 1 0 1 0 1 0
0 1 1 1 0 1 1 1 0 0 1 0 0 0 1 1 1 0 1 1 0 0 0 1 0 0 0 1 0 0 0 0 0 1 1 1 0 0 0 0 1 1 0 1 1 1 0 1 0 0 0 0 0 1 0 1 1 1 0 1 1 1 1 0 0 1 0 1 0
0 1 0 1 0 1 1 0 0 1 0 1 0 0 0 0 1 1 1 0 1 0 0 1 0 0 1 1 0 0 0 0 0 0 1 0 1 0 1 0 1 1 0 1 0 0 0 0 0 1 0 1 1 0 1 1 1 0 0 1 0 1 0 1 1 1 0 0 1
0 0 0 1 0 1 1 1 0 0 0 0 1 1 1 0 1 0 1 1 1 0 1 1 0 1 0 0 0 0 1 1 1 1 1 1 0 0 1 0 1 1 0 0 0 0 1 1 0 1 0 0 1 0 1 0 1 0 0 1 1 0 1 0 1 0 1 1 0
0 1 0 1 1 0 0 1 0 0 0 0 0 0 1 1 0 1 0 0 1 1 0 0 0 1 1 0 1 0 0 0 0 0 0 0 0 0 0 1 1 1 0 0 0 1 1 0 1 0 1 0 1 1 1 1 1 0 0 0 0 0 0 1 0 1 1 1 0
1 1 1 1 1 1 0 1 1 1 1 0 0 1 1 0 0 1 0 0 0 0 1 1 1 1 0 0 0 0 1 0 1 0 0 0 0 1 0 1 0 1 1 1 1 1 0 1 0 1 0 1 0 0 1 1 1 0 0 0 1 0 1 1 0 1 1 1 0
1 1 1 1 1 0 1 1 1 1 0 0 0 1 0 0 1 0 1 0 0 0 1 0 1 1 1 0 1 1 1 1 0 1 0 0 0 0 1 0 0 0 0 0 0 0 1 0 0 1 0 1 1 0 1 0 1 1 0 1 1 0 1 1 1 1 0 1 1
0 0 1 0 0 0 0 1 0 1 0 0 1 1 1 0 1 0 1 0 1 0 1 0 0 1 0 1 0 0 0 0 1 0 0 0 1 0 0 1 1 0 1 0 1 1 1 1 1 1 1 0 0 0 0 0 0 1 1 1 0 1 0 1 1 0 0 1 1
0 1 0 1 0 1 0 1 1 0 1 0 1 0 1 1 1 1 0 0 0 0 0 1 1 0 1 0 0 1 0 1 1 1 0 0 1 0 0 0 1 0 0 1 1 1 1 0 1 0 1 0 0 0 0 0 1 1 0 1 0 1 0 1 0 1 0 0 0
1 0 0 1 1 0 0 1 1 0 1 0 1 0 0 0 0 0 1 1 0 0 0 1 0 1 0 1 0 0 1 0 1 0 1 0 0 1 1 0 0 0 0 0 0 0 0 1 1 0 1 0 1 0 0 1 0 0 0 1 0 0 0 1 0 1 0 0 1
0 0 0 1 0 0 0 1 1 1 1 1 1 1 0 0 0 1 0 1 1 1 0 1 1 0 1 0 0 0 1 1 0 0 1 0 1 1 1 1 0 0 1 0 1 0 0 0 0 0 1 1 0 1 1 0 0 0 0 1 0 1 0 1 0 0 1 1 1
1 0 1 1 1 0 1 0 1 1 0 1 0 0 0 0 0 0 0 1 1 0 0 1 1 0 1 0 0 0 1 0 1 1 1 0 1 1 1 0 0 0 0 1 0 1 0 1 1 0 1 0 1 0 0 1 1 1 1 1 1 1 1 0 1 0 1 1 1
1 0 1 1 1 1 0 0 0 1 1 0 1 1 1 0 1 1 0 1 1 1 0 0 0 0 1 1 1 0 1 1 0 1 0 1 1 0 1 0 0 0 0 0 1 1 1 1 1 1 0 0 1 0 1 0 0 1 1 1 1 1 0 1 0 0 0 0 0
0 0 0 1 0 1 0 0 1 1 1 1 1 0 1 1 0 0 1 1 1 0 0 0 1 0 1 0 0 1 1 1 0 1 1 1 1 0 0 1 1 0 1 1 1 1 1 1 0 0 0 1 1 0 1 1 1 0 1 1 1 0 0 0 1 1 0 1 1
1 0 1 0 0 0 1 1 0 1 1 0 0 0 1 1 0 1 1 1 0 0 0 1 0 0 0 0 0 0 0 1 0 0 0 1 1 0 0 1 1 1 0 0 0 0 0 1 1 1 1 0 0 0 0 0 0 0 0 0 0 0 1 0 0 1 1 0 0
0 1 1 0 1 1 0 1 1 0 0 0 1 1 0 0 0 1 0 1 0 0 0 0 0 0 1 0 1 0 1 0 0 1 0 1 1 1 0 1 1 1 0 0 0 1 0 1 0 0 0 1 1 1 0 1 0 1 1 0 1 1 1 0 1 0 1 0 1
0 1 0 0 0 1 0 0 1 1 1 0 0 0 0 1 0 0 1 0 0 1 0 0 1 0 1 0 0 0 1 0 1 0 1 0 0 1 0 1 0 0 0 1 1 0 0 0 0 0 1 1 1 1 0 0 1 1 1 0 0 0 0 0 0 1 1 1 0
1 1 1 0 0 0 1 1 1 0 0 1 1 1 0 0 1 0 0 0 1 1 0 0 0 0 1 1 1 1 0 1 0 0 0 1 1 0 1 0 0 1 0 1 1 0 1 0 1 0 0 0 1 0 0 1 1 1 0 0 0 1 1 0 1 1 1 1 0
1 0 0 1 0 0 1 1 0 1 1 0 1 0 0 1 0 1 0 1 1 1 1 0 1 0 1 0 1 0 1 0 1 1 0 1 0 0 1 0 1 1 0 1 0 0 0 1 0 0 1 0 0 0 0 0 1 0 0 1 0 1 0 0 0 0 0 1 1
1 1 1 1 1 0 0 0 1 0 1 1 1 0 1 0 0 0 1 0 0 1 1 1 0 0 0 0 1 0 0 1 1 0 1 0 0 0 1 0 0 0 1 0 0 1 1 0 1 0 0 0 1 0 0 0 1 0 0 1 1 1 1 0 1 0 1 1 0
1 1 1 1 1 1 0 1 1 1 0 1 1 1 0 0 0 1 0 0 1 1 1 1 1 1 0 1 0 1 0 1 1 0 0 1 1 0 1 1 1 1 1 1 1 1 0 0 1 1 0 0 1 0 0 0 0 1 1 1 1 1 1 1 0 0 1 0 1
1 1 0 1 1 1 1 0 1 1 1 0 1 1 1 0 1 0 0 0 0 1 1 0 0 0 0 1 1 0 1 0 0 1 1 0 1 1 1 1 0 0 0 0 0 0 0 1 0 0 1 1 0 0 1 1 1 1 0 1 1 0 0 1 1 0 0 1 0
1 1 0 1 0 1 1 1 1 1 0 1 0 1 0 0 1 0 1 1 1 1 1 1 0 1 1 1 0 0 1 1 0 0 1 1 0 1 0 1 0 1 1 1 0 0 1 1 1 0 1 1 0 0 0 0 1 0 1 1 1 0 1 1 1 1 0 0 1
1 1 0 1 1 0 0 1 1 1 1 1 0 0 1 1 1 0 1 1 1 1 0 1 0 1 1 0 0 1 1 1 0 1 0 1 1 0 0 1 0 0 0 0 0 0 1 1 0 0 1 0 0 1 0 0 0 1 1 1 0 1 1 0 0 0 0 1 1
1 1 1 0 1 1 1 0 0 1 1 1 0 0 1 1 0 1 1 1 1 0 0 1 1 0 1 1 0 1 0 0 0 1 1 0 0 0 0 1 0 0 1 0 0 1 0 0 0 1 1 0 0 1 1 0 1 0 0 1 1 0 1 1 0 0 0 0 1
0 1 1 0 1 1 1 1 1 0 0 0 0 1 1 1 1 0 1 1 0 1 0 1 1 1 0 1 1 1 0 1 0 1 0 0 0 0 0 0 0 1 0 0 1 0 1 1 1 1 1 0 1 0 1 1 1 0 1 1 0 1 0 1 1 0 0 0 1
1 0 1 0 0 0 0 0 0 1 0 1 0 0 1 1 1 0 0 0 0 0 0 0 1 1 0 1 0 1 0 1 1 1 0 1 0 0 1 0 1 1 0 0 0 1 1 1 1 0 0 0 0 0 0 0 1 1 0 1 1 1 0 0 1 0 0 0 1
0 1 1 0 0 1 1 0 0 0 1 1 0 1 0 0 0 0 1 1 0 1 1 0 0 0 1 1 0 1 1 1 0 0 1 0 0 0 1 1 1 1 0 1 0 0 0 0 1 1 0 0 1 0 0 0 0 0 1 1 1 1 0 0 0 0 0 1 0
1 1 0 1 1 1 0 0 1 1 0 1 0 0 1 0 1 0 0 1 0 1 0 0 1 0 0 1 1 1 0 1 0 0 1 1 1 0 0 0 1 1 0 0 0 0 0 1 1 0 1 1 1 0 0 0 1 1 1 0 1 0 0 1 0 0 0 0 1
0 1 0 0 0 1 0 0 0 1 0 1 0 1 1 1 1 1 1 0 0 1 1 1 1 0 1 0 0 1 1 1 1 0 1 0 0 0 1 1 1 1 0 0 1 1 1 0 1 1 1 1 0 1 1 1 1 1 1 1 1 1 1 1 0 1 1 1 0
1 1 1 0 1 1 1 1 1 1 0 1 1 0 0 0 0 0 1 1 1 0 0 0 1 1 0 0 0 1 1 0 1 0 0 0 0 0 0 0 1 0 1 1 1 0 1 1 1 0 0 0 0 0 1 0 1 0 1 0 0 1 1 0 0 0 0 0 0
0 0 0 0 0 1 0 1 0 0 1 1 0 1 1 0 1 0 0 1 0 0 0 1 1 0 0 0 1 0 0 1 1 0 0 0 1 0 1 0 1 0 1 0 1 1 0 0 0 1 1 0 1 1 1 0 0 1 1 1 1 1 1 0 0 1 1 1 1
0 1 0 0 0 1 0 1 1 0 0 1 0 1 0 1 0 1 1 1 1 1 0 1 0 0 0 1 1 1 0 1 0 1 1 0 0 0 0 1 0 0 1 1 0 0 0 1 0 0 1 1 0 1 1 1 0 0 1 1 0 1 1 0 0 1 1 0 0
0 1 0 0 0 1 0 0 1 1 0 1 0 1 1 1 1 0 1 1 1 0 0 0 0 0 1 1 1 0 1 0 0 0 0 0 0 0 0 0 1 0 0 0 1 1 0 0 1 0 0 0 1 0 0 1 1 0 0 1 1 0 1 1 0 1 1 1 1
1 1 0 0 0 1 1 1 1 0 1 0 1 0 0 1 0 1 1 0 1 1 0 1 0 1 1 1 1 1 1 0 1 1 1 0 1 1 0 0 1 1 0 0 1 0 1 0 0 0 0 1 1 0 1 1 1 0 1 0 1 0 1 1 0 0 1 0 0
0 0 1 0 1 0 0 0 0 0 0 0 0 1 1 1 1 0 0 1 0 0 0 0 1 1 0 0 0 1 1 1 0 0 0 1 1 1 1 0 0 1 0 1 0 1 0 0 0 1 0 1 0 1 0 0 0 1 1 1 0 0 0 0 1 0 1 1 0
0 1 0 1 0 1 1 0 0 0 0 0 0 1 0 1 1 0 0 0 0 0 0 1 1 1 1 0 1 0 0 0 0 0 0 1 0 1 1 1 0 0 1 0 1 0 1 1 1 0 1 0 0 1 1 1 1 1 1 0 1 0 0 1 0 1 0 1 1
1 1 0 1 1 1 1 0 1 0 0 1 1 1 0 1 0 0 0 1 1 0 0 0 0 0 0 0 0 0 0 1 0 1 0 0 0 1 0 0 0 0 1 0 1 1 0 0 0 0 0 0 1 1 1 0 1 0 0 0 0 1 0 0 1 0 0 1 1
0 1 0 0 1 1 1 0 1 1 1 0 1 1 0 1 1 1 0 1 0 1 1 1 0 1 0 1 0 1 0 1 1 1 0 1 0 1 0 0 0 0 0 0 0 0 0 1 0 0 0 1 0 0 0 0 0 1 1 1 1 0 1 1 1 1 0 1 0
0 1 1 1 1 0 1 1 1 1 1 1 1 0 1 1 1 0 1 0 1 1 1 0 1 0 1 0 1 1 0 0 0 1 0 0 1 1 0 0 1 1 1 1 1 1 0 0 0 1 1 0 1 0 0 1 1 0 1 0 0 1 1 1 1 0 0 0 1
1 0 0 1 1 0 0 1 0 1 0 1 0 0 1 0 1 1 1 0 1 0 0 1 0 1 0 1 1 1 1 0 1 1 1 1 0 0 0 0 1 1 0 1 1 0 1 0 1 1 1 0 1 0 0 1 0 0 1 1 0 1 1 0 1 1 1 0 0
0 1 1 1 0 1 1 0 0 0 1 1 1 0 0 1 0 1 1 1 0 0 1 1 1 0 0 1 1 0 0 0 1 0 1 1 0 1 1 0 1 1 1 1 0 1 1 0 0 1 1 1 1 0 0 1 0 1 0 0 1 0 0 1 1 1 1 0 0
0 0 1 1 1 0 0 0 0 1 1 1 0 1 0 1 1 1 1 1 0 1 0 1 1 0 1 0 1 0 0 1 1 0 0 1 0 0 0 0 1 0 0 0 0 0 1 0 1 0 0 0 1 1 0 1 1 0 1 0 1 1 1 0 0 1 0 0 1
1 0 0 0 1 1 1 0 1 0 1 0 1 1 1 1 0 0 0 1 1 1 0 0 1 0 1 0 0 1 0 1 0 0 0 0 0 1 1 0 0 1 1 1 1 1 1 1 0 1 1 1 0 0 1 1 0 1 1 0 0 1 0 1 0 0 1 1 0
1 0 0 1 0 1 0 1 0 0 1 1 1 0 1 0 1 0 0 0 0 1 0 0 0 1 1 0 0 0 0 0 1 0 0 1 0 1 0 1 1 0 0 0 1 0 1 0 1 0 1 1 1 0 1 0 1 0 0 1 1 1 1 0 0 0 1 0 1
0 0 1 0 1 1 1 1 1 0 0 0 0 0 0 0 1 1 0 1 1 1 1 1 1 1 0 0 1 0 1 0 0 0 1 0 0 0 0 1 1 0 0 1 0 1 1 1 0 0 0 1 0 1 1 0 0 0 0 0 1 1 1 1 0 0 1 1 1
1 0 1 0 1 1 1 0 0 0 0 1 0 1 0 0 1 0 0 1 1 0 1 1 0 1 1 0 0 0 1 1 0 0 0 0 1 1 0 0 0 0 1 1 0 1 1 1 0 1 0 0 1 0 0 1 0 1 0 0 1 1 1 1 0 0 0 0 1
0 1 0 0 1 0 0 1 1 0 0 0 0 0 0 0 1 1 1 1 0 0 0 0 0 0 1 1 0 1 1 1 0 1 0 0 1 0 1 1 0 0 0 0 1 0 0 0 0 0 1 0 0 1 0 0 1 0 0 0 1 1 1 1 1 0 0 0 0
1 1 1 1 1 1 0 0 0 1 0 1 0 0 0 1 0 1 1 0 1 0 0 0 0 0 0 0 0 1 0 0 0 1 1 1 0 1 1 0 1 1 0 1 0 1 1 0 1 1 0 1 1 1 0 0 0 0 1 0 0 0 1 1 0 1 1 1 1
1 1 0 0 1 0 1 0 0 0 0 1 0 0 0 1 1 0 1 0 1 1 0 0 1 0 0 0 1 1 0 0 1 1 0 0 1 0 1 0 0 0 0 1 0 1 0 1 0 0 1 0 1 0 0 0 0 0 0 1 0 0 0 1 0 0 1 0 0
1 1 0 0 0 0 0 1 0 1 1 1 1 0 1 1 1 0 0 1 0 1 1 1 0 1 0 1 0 1 0 0 0 1 1 0 1 0 0 0 0 1 1 1 0 0 1 0 1 0 1 1 1 1 1 1 0 1 0 1 1 0 0 1 0 1 0 1 0
0 1 1 0 1 0 1 1 1 0 0 0 0 1 1 1 1 0 0 1 0 1 1 0 1 1 0 1 1 0 1 1 1 1 0 1 0 0 0 1 0 0 1 1 0 0 0 1 1 1 1 0 1 0 0 0 0 1 0 1 1 1 0 0 0 1 1 1 0
1 1 0 0 1 0 1 1 1 1 1 1 0 0 1 0 1 0 0 1 1 0 1 1 0 1 1 0 0 1 1 0 1 0 0 0 1 1 0 1 1 1 0 1 0 0 0 1 1 0 0 0 1 1 1 0 1 1 1 0 0 1 0 1 0 1 1 1 0
1 0 0 1 0 0 0 0 1 1 0 0 0 1 1 1 1 1 0 0 0 0 0 0 1 1 1 1 0 1 0 0 1 1 0 0 1 0 0 0 0 0 1 0 0 0 0 1 1 1 1 1 0 1 0 0 1 0 1 0 0 0 1 0 0 1 0 0 1
1 1 0 0 0 0 0 0 0 1 1 1 0 1 1 0 1 1 1 0 1 0 1 1 0 0 1 0 0 0 1 1 0 1 1 0 0 0 1 0 1 0 0 1 0 0 0 1 0 0 1 1 1 1 1 1 0 0 1 0 1 1 1 0 1 0 1 1 0
1 0 1 0 1 1 0 0 1 0 0 0 0 0 1 1 0 0 0 0 0 0 1 1 1 0 0 1 1 1 1 0 0 1 1 0 1 1 0 1 0 1 1 0 1 0 1 0 1 0 0 0 0 0 0 0 0 1 1 1 1 1 0 0 1 1 1 0 0
0 1 1 1 0 0 0 0 0 1 0 0 1 1 0 1 0 1 1 1 0 0 1 0 0 1 1 1 1 0 0 0 1 1 0 1 1 1 1 0 1 0 1 0 0 0 0 0 1 1 1 0 1 0 1 1 1 0 0 1 0 1 1 0 1 0 1 1 0
0 0 1 1 0 0 0 0 0 0 0 1 1 1 0 0 0 0 0 1 1 1 0 1 1 0 0 0 1 0 0 1 0 1 0 0 1 0 0 1 1 1 0 1 1 1 1 0 0 1 1 1 1 0 0 0 1 0 1 1 0 0 0 0 1 1 0 0 0
1 1 1 1 0 1 1 1 1 1 1 1 0 0 0 0 1 0 0 0 0 0 1 1 0 0 0 0 1 0 0 1 1 1 1 1 1 0 0 1 0 0 1 1 1 0 1 0 1 0 1 0 1 1 1 1 1 0 1 0 1 0 1 1 0 1 1 0 1
1 1 0 1 1 1 0 0 0 1 1 0 0 0 1 1 0 1 1 0 1 1 1 0 0 0 0 0 0 0 1 1 0 1 0 1 1 1 1 1 1 1 1 1 0 0 1 1 0 0 1 1 1 0 0 1 0 1 0 1 0 1 0 1 0 1 1 0 1
1 1 1 1 0 0 1 1 0 1 0 0 1 0 1 0 0 1 1 0 0 1 0 1 0 0 0 0 0 1 1 0 0 1 0 1 1 1 1 0 1 1 0 1 1 1 0 0 1 0 1 0 0 1 1 1 1 1 1 0 0 0 0 1 1 0 1 0 1
1 1 0 0 0 1 0 1 1 0 0 0 1 0 0 0 1 1 0 1 0 0 1 1 0 1 0 1 1 0 0 1 0 0 1 0 0 1 1 1 1 0 1 1 1 1 1 0 0 1 1 1 0 0 1 0 1 1 0 1 1 1 0 0 0 1 0 0 1
0 0 1 0 0 0 0 0 1 0 1 1 0 0 0 1 1 0 0 1 0 1 1 1 1 0 1 1 1 0 0 0 1 0 1 1 0 0 0 1 0 1 0 1 0 1 0 1 1 0 0 0 0 0 1 1 1 0 0 0 0 0 0 0 1 1 0 0 0
0 1 0 0 0 1 0 1 1 0 0 0 0 1 1 0 1 0 0 0 1 0 1 0 0 0 0 0 1 1 1 0 1 1 1 1 0 0 0 0 0 1 0 1 1 0 0 0 1 1 0 1 0 0 1 0 0 1 0 0 0 1 1 1 0 0 0 0 1
1 1 0 0 0 1 1 0 0 0 1 0 0 0 1 0 1 1 0 1 1 1 1 0 0 0 0 1 0 1 1 1 1 0 0 0 1 1 1 0 0 1 0 1 1 0 1 1 1 1 0 0 1 1 0 0 1 1 1 1 0 0 1 0 1 0 1 0 1
0 1 0 0 0 0 0 0 1 0 1 0 1 1 0 1 0 0 0 0 1 1 0 1 0 1 1 0 0 1 1 0 1 1 0 0 0 1 0 1 0 1 1 0 1 1 1 0 1 1 1 0 1 0 0 1 0 0 1 0 0 1 1 0 0 1 1 1 1
1 1 1 1 1 1 0 0 1 0 0 0 1 1 1 1 1 0 1 1 1 0 1 1 0 0 0 0 0 1 1 1 1 0 0 0 0 0 0 0 1 1 1 1 0 0 0 1 1 1 1 1 1 1 0 1 1 1 0 0 0 1 0 0 1 1 1 0 0
1 0 1 0 0 1 1 1 0 0 0 1 0 1 1 0 1 0 0 1 1 0 0 0 1 1 1 1 0 0 1 0 1 1 1 0 1 1 1 1 1 1 0 0 0 0 0 0 1 0 1 1 1 1 0 0 0 1 0 0 1 0 1 1 1 1 1 0 1
0 0 0 1 1 1 0 0 0 1 0 0 1 0 0 0 1 1 0 1 0 0 1 1 1 0 0 0 0 0 1 0 1 1 0 0 0 0 0 0 1 0 1 0 1 0 0 1 0 1 0 1 0 1 0 0 0 1 0 1 1 0 0 1 0 1 0 0 0
1 0 1 1 0 0 1 0 0 0 0 0 1 0 0 1 1 0 1 0 1 1 0 1 0 1 1 0 1 0 1 1 1 0 1 0 1 1 1 0 0 0 0 1 0 0 1 1 1 1 1 1 0 1 1 1 1 0 1 1 0 1 0 0 0 1 1 0 0
0 1 0 0 0 1 1 0 0 1 1 0 1 0 1 1 0 1 1 1 1 1 0 0 1 1 0 0 1 1 0 0 1 0 0 0 1 0 1 1 0 0 0 0 1 0 0 0 1 0 1 1 0 1 0 1 0 1 0 1 1 1 1 0 1 0 0 0 1
1 1 0 0 1 0 0 1 1 1 1 1 1 0 0 0 0 1 0 0 0 1 1 0 1 1 0 0 0 0 1 1 1 1 1 1 1 1 0 0 1 0 1 0 0 0 0 1 1 1 0 1 1 0 1 0 1 1 1 1 0 0 1 0 0 1 1 0 1
0 0 1 0 0 0 1 0 0 1 1 0 1 0 1 0 0 1 0 1 0 0 0 0 1 0 0 1 0 1 1 0 1 1 0 0 0 1 0 1 0 0 1 1 0 0 0 1 0 1 0 1 1 1 1 1 1 0 0 1 0 0 0 0 1 0 1 1 0
0 0 0 0 1 0 0 0 1 1 0 1 1 1 0 0 1 1 0 1 0 1 1 0 1 0 0 1 0 0 1 0 0 0 0 0 0 0 1 1 1 1 1 0 0 1 0 0 0 1 0 0 0 0 0 1 0 1 1 0 0 0 1 0 1 0 0 1 0
0 1 1 1 1 0 1 0 1 1 0 1 0 1 0 1 1 0 0 0 1 1 1 1 0 0 1 1 1 0 1 1 1 1 1 1 0 1 0 1 1 1 1 1 1 1 0 0 0 1 0 1 0 1 0 0 1 1 0 1 1 1 0 1 1 0 0 1 1
1 0 0 0 0 1 0 1 0 0 0 0 1 0 1 1 0 0 1 1 0 1 0 0 1 0 0 0 1 1 1 1 1 1 1 1 0 1 0 0 0 0 1 1 1 1 0 1 1 0 1 0 1 1 0 0 1 1 1 1 1 0 0 1 1 1 0 1 0
0 0 0 0 1 0 1 1 0 0 1 1 1 1 1 1 0 0 0 0 1 0 1 1 0 0 1 1 0 0 1 0 0 0 0 0 1 1 0 0 1 0 0 1 1 0 1 0 1 1 1 0 0 1 0 1 1 1 1 1 1 0 1 0 0 0 0 0 0
0 0 0 0 0 1 1 0 0 1 0 1 1 1 0 1 0 1 1 0 1 0 1 1 1 1 1 1 0 1 0 0 0 0 1 1 0 1 0 1 0 0 0 0 1 0 0 1 1 0 0 0 1 0 0 1 1 1 1 0 0 0 1 1 1 0 0 0 1
1 1 1 0 1 1 1 1 0 0 1 0 1 1 0 1 0 0 0 0 0 0 0 1 0 0 0 0 1 1 1 0 0 1 0 0 1 1 1 1 0 0 0 1 1 0 0 0 0 1 0 0 1 0 0 0 1 1 0 1 0 1 0 0 0 0 0 0 1
1 0 0 0 0 0 1 0 1 0 1 0 1 0 0 1 1 1 0 0 0 1 0 0 1 0 0 1 1 0 0 1 1 1 1 0 1 1 0 1 0 0 1 1 1 1 1 1 0 0 1 1 0 1 0 1 0 0 0 0 0 0 1 1 1 0 0 1 0
0 0 0 1 1 1 1 1 0 1 0 0 1 1 0 0 0 1 1 1 1 1 0 0 0 0 1 0 1 0 0 0 0 0 0 0 0 1 0 0 1 0 1 1 1 0 1 0 1 1 0 1 1 0 1 1 0 1 1 1 1 1 0 0 1 1 0 1 1
0 0 0 1 0 0 1 1 1 1 1 1 0 0 0 1 0 1 1 0 0 1 1 0 0 1 0 1 1 1 0 0 1 0 1 0 0 1 1 0 0 1 1 1 1 1 1 1 0 0 0 0 1 0 1 0 1 1 1 1 0 1 0 1 0 0 0 1 0
0 1 0 1 1 1 1 0 1 0 1 1 1 1 0 1 1 0 0 1 1 1 0 1 1 1 0 0 0 1 0 1 1 0 0 0 1 1 1 1 1 0 0 1 0 0 1 0 0 0 1 0 0 1 0 0 0 0 1 0 1 0 0 0 1 0 1 0 1
0 0 0 1 0 1 0 1 0 0 0 0 1 0 0 1 1 1 0 0 1 1 1 1 1 0 0 0 0 0 0 1 0 0 1 1 0 1 0 0 1 0 1 1 1 1 0 0 1 0 0 1 0 0 0 1 0 0 1 0 0 1 1 0 1 0 1 1 0
0 0 0 1 0 1 0 0 1 1 1 1 1 1 0 1 0 1 0 1 0 1 0 1 0 0 1 0 0 1 1 0 0 1 0 1 0 0 1 0 0 1 0 1 0 0 1 1 1 0 0 0 1 1 1 1 1 1 0 1 1 0 1 0 0 0 0 1 1
1 0 1 0 0 0 0 0 0 1 0 0 0 1 0 0 1 0 1 1 1 1 1 0 1 0 0 1 0 1 1 0 0 1 0 1 0 0 1 1 1 0 0 0 0 0 1 1 0 0 1 1 0 0 1 1 1 0 0 0 0 0 0 1 0 1 1 1 0
1 1 0 1 0 0 0 0 0 0 0 1 0 1 1 1 0 1 1 0 1 1 1 0 1 1 1 0 1 0 0 0 1 1 1 0 1 0 0 1 0 0 1 0 1 1 1 0 0 0 1 1 0 0 0 1 0 1 1 1 1 0 1 1 0 0 0 1 0
1 0 1 0 1 1 0 1 1 0 1 1 0 1 0 0 0 0 0 1 0 0 1 1 1 0 1 1 0 0 1 1 0 1 1 1 1 0 1 0 0 1 0 1 0 0 1 1 0 1 0 0 1 0 1 0 0 1 0 0 0 0 0 1 1 1 0 1 0
0 0 0 0 1 1 1 0 1 0 0 0 0 0 1 1 0 1 1 0 0 1 0 0 1 0 0 0 0 0 1 1 1 1 1 0 0 0 0 1 1 1 1 0 0 1 0 1 1 0 0 1 0 0 1 0 0 0 0 1 0 0 0 0 0 0 0 1 1
1 0 1 1 1 0 0 0 0 0 0 0 0 1 0 0 1 0 0 1 0 1 0 0 0 0 0 1 1 0 1 0 0 1 1 0 1 1 1 0 1 1 1 1 0 1 0 0 0 0 0 1 1 1 1 0 1 0 1 0 1 1 1 1 0 1 1 1 0
0 0 0 0 1 0 0 1 0 1 0 1 0 1 1 0 1 1 0 0 0 1 1 1 0 1 1 0 1 1 0 0 1 0 1 1 1 0 1 1 1 1 1 0 0 0 1 0 0 0 0 0 0 0 1 1 0 1 0 1 1 0 0 1 1 1 1 0 1
1 1 0 0 0 1 1 1 0 0 1 0 0 1 0 1 0 0 0 0 1 1 0 0 1 1 0 0 0 1 1 0 1 0 1 0 1 0 1 0 1 1 1 0 1 1 1 0 1 1 0 1 0 0 0 1 1 0 0 1 1 0 0 0 1 1 0 0 0
1 0 0 0 1 0 0 0 1 1 0 0 1 0 0 0 0 0 1 0 0 1 1 0 0 1 0 0 0 1 0 1 0 1 1 1 1 0 0 1 0 0 0 1 1 0 1 0 0 1 0 1 0 0 0 1 0 0 0 0 1 1 0 0 0 0 0 0 0
0 1 0 0 0 0 1 0 1 0 1 1 0 1 0 0 0 1 1 1 0 1 0 1 0 1 1 0 0 1 0 1 0 1 1 0 1 0 0 1 1 1 1 1 0 1 1 1 0 1 0 1 1 1 0 1 1 1 1 0 0 0 1 1 1 1 1 0 0
1 1 1 1 0 1 0 0 0 0 0 0 0 0 0 0 0 1 0 0 1 1 0 1 1 1 1 1 0 1 1 1 0 0 0 1 0 0 1 0 1 0 0 1 1 1 1 1 0 1 1 1 0 1 0 1 1 1 1 0 1 0 1 0 0 0 1 0 0
1 1 0 0 1 1 1 1 1 0 1 1 0 1 1 1 1 1 1 0 0 1 1 1 0 0 1 1 1 0 1 0 0 0 0 1 1 1 1 0 0 0 0 1 0 1 0 0 1 1 1 0 0 0 1 1 0 0 1 0 0 0 1 1 0 0 1 1 1
1 0 0 1 0 0 0 1 0 1 1 1 0 0 1 0 1 0 1 0 1 0 1 0 1 1 1 0 0 0 0 1 0 0 0 0 0 1 0 1 0 1 1 1 1 1 1 1 1 1 1 0 1 1 1 0 0 0 0 1 1 1 0 1 1 1 0 1 0
0 1 0 1 0 0 0 0 1 1 0 1 1 0 0 0 1 1 1 0 0 0 1 1 1 0 1 1 1 1 1 1 0 1 1 1 0 1 0 1 0 0 1 1 0 1 1 0 0 0 1 0 1 0 0 0 1 0 0 0 0 0 0 1 0 0 1 1 0
1 0 0 1 1 1 1 1 1 1 1 1 1 1 1 1 1 1 1 1 1 1 0 1 1 0 1 0 1 0 1 1 1 1 1 0 1 0 1 1 1 1 1 1 1 0 0 1 0 1 0 0 0 0 0 1 1 1 0 1 1 0 1 0 0 1 1 0 0
1 1 0 1 0 1 1 1 0 0 1 1 0 0 0 0 1 0 1 0 0 0 1 0 0 1 1 1 1 0 0 1 0 1 0 0 1 0 0 1 1 0 1 1 0 1 0 1 0 0 0 1 0 0 0 0 1 0 0 0 0 0 0 0 1 0 1 1 1
1 1 0 1 1 0 1 0 1 1 0 0 0 0 1 1 0 1 0 1 0 0 0 1 1 0 0 0 1 1 1 1 1 1 1 1 1 0 1 0 0 1 0 1 0 1 1 1 0 0 0 1 0 1 1 1 1 0 1 0 1 0 0 0 1 1 1 0 0
0 0 0 0 0 0 1 0 0 0 1 0 0 1 0 0 0 1 0 0 0 0 0 0 1 0 1 1 1 0 1 1 0 1 1 0 0 0 0 1 0 0 0 0 0 1 1 1 0 1 1 0 0 0 0 1 1 1 1 1 1 0 0 0 0 1 1 0 1
0 0 0 1 1 1 0 0 1 0 1 0 1 0 0 0 1 0 1 0 1 0 1 0 1 0 1 1 0 1 0 1 1 1 1 1 0 0 1 1 0 0 1 1 0 0 1 1 1 1 1 1 1 1 1 0 0 1 0 1 1 1 1 0 1 0 0 0 0
0 0 0 1 0 0 1 0 1 0 1 0 1 0 1 1 1 1 1 1 0 0 1 1 0 1 0 1 1 1 1 1 0 0 0 1 0 0 0 1 1 0 1 1 0 0 1 0 0 1 0 0 0 0 1 1 0 1 1 1 0 1 1 1 1 0 0 0 1
1 1 0 1 0 0 1 1 0 0 1 0 1 1 1 1 0 1 0 1 1 1 1 0 1 0 1 1 1 0 0 1 1 1 0 0 0 0 1 0 1 1 0 0 0 1 0 0 1 0 0 1 1 1 1 1 1 1 1 1 1 0 1 0 1 1 1 1 0
1 1 0 1 1 1 0 0 0 0 0 0 1 0 1 0 0 0 1 0 1 0 1 0 1 1 1 0 1 1 0 0 0 1 0 0 1 1 1 0 1 1 0 1 0 0 0 0 1 1 0 0 0 0 1 1 1 1 1 0 1 1 1 0 0 1 1 0 1
1 1 1 1 0 1 1 1 0 0 0 1 1 0 1 1 0 0 0 0 1 1 0 0 0 0 1 0 0 1 0 1 0 1 0 0 0 1 1 0 0 0 0 0 1 0 0 1 1 1 1 1 1 0 0 0 0 0 1 0 1 0 1 1 0 1 0 0 0
0 0 0 0 0 1 1 1 0 0 1 1 1 0 0 0 1 1 0 1 0 1 0 0 1 0 0 1 0 1 1 0 1 1 1 1 1 0 1 1 0 1 0 1 0 0 0 1 0 1 1 1 0 0 0 1 0 0 1 0 1 1 0 0 1 0 1 0 1
0 1 1 1 1 1 1 0 0 0 0 1 1 1 1 1 1 1 0 0 1 1 0 1 1 1 0 0 1 0 0 0 1 0 0 1 0 1 1 1 0 1 1 0 0 1 1 1 0 1 1 1 1 1 1 1 1 0 1 1 0 1 1 0 1 1 0 1 1
0 0 1 1 1 0 0 1 0 0 0 0 1 1 1 1 0 1 1 1 1 1 0 1 1 0 1 0 0 1 1 0 1 1 0 0 1 0 0 0 0 0 0 1 1 1 0 0 1 1 0 1 1 1 1 1 0 1 0 0 0 1 1 0 0 1 0 1 0
1 0 0 1 1 1 0 0 0 0 0 1 0 0 1 1 1 1 1 1 1 0 1 1 1 0 0 1 1 0 1 1 0 0 1 1 1 0 1 1 0 0 0 1 1 1 0 0 1 1 1 0 0 0 0 0 1 0 1 1 0 1 0 0 0 0 0 1 0
0 1 1 0 0 1 0 1 1 1 0 1 0 0 1 0 1 1 1 0 0 1 1 1 1 0 0 0 1 0 0 1 0 1 0 0 0 1 1 1 0 1 0 0 1 1 0 0 1 0 1 0 0 0 0 0 0 1 1 0 1 0 1 0 1 1 1 0 1
0 0 1 1 0 0 1 1 1 1 0 1 1 1 1 1 1 1 1 1 1 0 0 0 1 1 1 1 0 1 1 1 1 1 0 1 1 1 0 0 1 1 0 1 1 0 0 1 0 1 0 0 0 0 1 1 0 0 0 0 0 0 0 1 0 0 1 0 1
1 0 1 0 0 1 1 0 1 0 1 1 0 0 1 0 1 1 1 0 1 0 1 1 1 1 1 1 1 1 1 0 1 0 0 0 0 0 1 1 1 1 1 1 1 0 1 1 1 0 1 0 0 0 0 1 0 0 0 1 1 0 1 1 0 0 0 1 1
0 0 1 1 0 0 1 0 1 0 0 0 0 1 1 0 0 0 1 0 0 1 0 1 1 1 1 0 0 1 0 0 0 0 0 0 0 0 1 1 0 0 1 1 1 1 1 1 0 1 1 0 0 0 1 0 0 1 0 1 0 0 1 0 1 0 1 0 1
1 0 1 0 1 0 1 1 0 1 1 1 0 0 1 1 1 1 0 0 0 1 0 1 0 1 1 0 1 1 0 0 0 1 1 1 1 0 0 0 1 0 0 1 1 1 0 1 0 1 1 1 1 0 1 1 1 1 1 1 0 0 1 0 0 1 0 1 1
0 1 1 0 0 0 0 0 0 1 0 1 1 0 1 1 1 0 1 1 0 0 1 1 0 0 1 1 0 0 1 1 1 0 0 0 0 1 1 1 0 0 1 0 0 1 0 1 0 0 1 1 0 1 1 1 0 1 1 0 1 0 0 0 0 1 1 1 1
1 0 0 1 1 1 1 0 0 0 1 0 1 1 0 0 1 0 0 0 0 0 1 1 0 1 1 0 0 1 0 1 1 1 0 1 1 1 1 0 1 1 1 1 1 1 0 1 1 1 1 0 0 1 1 1 0 0 1 1 1 0 1 0 1 0 0 0 0
1 0 1 1 1 0 1 1 1 0 0 0 1 1 1 0 1 0 1 0 1 0 0 0 1 1 0 0 1 1 1 0 0 1 1 1 0 1 0 1 0 1 0 0 1 1 1 1 0 1 1 1 0 1 0 1 0 1 0 1 0 0 0 1 0 1 0 0 1
0 0 1 1 1 0 1 0 1 0 1 1 0 1 1 1 1 1 1 1 1 0 1 1 0 0 1 1 1 1 0 1 0 1 1 1 1 1 1 0 0 1 0 1 1 0 0 0 1 0 1 1 1 1 0 1 0 1 0 1 1 0 0 1 0 1 0 0 0
0 1 0 0 1 0 1 0 1 0 0 1 0 1 1 0 0 1 1 0 1 1 0 0 1 1 0 1 1 1 1 1 1 1 1 1 1 1 1 0 1 1 0 1 1 1 1 1 1 1 1 0 0 0 1 0 1 1 0 0 0 0 1 0 1 1 0 1 0
1 1 1 1 1 1 1 1 0 0 0 0 0 1 0 1 0 0 1 1 0 1 1 1 1 0 1 1 0 1 1 0 1 0 0 1 0 1 1 1 0 0 1 0 1 0 1 1 0 0 0 0 0 1 0 1 0 0 0 1 1 1 1 0 1 0 1 1 0
1 0 1 0 0 1 1 1 1 1 0 0 1 0 0 1 1 1 1 1 0 0 0 1 1 1 1 1 0 0 0 1 0 0 0 1 0 1 1 0 0 1 0 0 1 1 1 1 1 0 0 1 1 1 0 1 1 0 0 1 0 1 0 1 0 0 1 1 1
1 1 1 0 0 1 0 0 0 1 1 1 0 0 0 0 1 0 1 1 0 1 1 1 1 1 1 0 1 1 1 0 0 1 0 1 1 0 1 0 1 0 1 1 0 0 0 1 1 0 0 1 0 0 0 0 0 0 1 1 1 1 1 1 1 1 0 0 0
1 0 0 1 1 1 1 0 1 0 0 1 1 0 0 1 0 1 0 0 0 1 1 1 0 0 1 1 0 0 0 1 0 0 0 0 1 0 0 1 1 0 1 1 0 0 0 1 0 1 1 0 1 0 1 0 1 0 1 1 1 1 1 1 0 1 1 1 1
1 1 1 0 1 0 1 1 0 1 1 0 1 1 0 1 1 1 1 0 1 0 1 0 0 0 1 0 1 0 0 0 1 0 0 1 0 1 1 1 0 0 1 0 1 1 0 1 0 1 0 1 1 1 0 1 0 1 1 1 0 1 1 1 0 1 1 0 0
1 1 1 0 0 0 0 1 1 0 0 0 1 1 1 1 1 1 1 0 0 1 1 1 0 1 0 0 1 0 0 0 0 1 1 1 0 1 0 1 1 0 0 0 1 0 0 0 0 1 1 1 0 1 0 1 1 0 0 0 1 0 1 0 1 1 1 1 0
1 1 1 0 0 0 1 0 1 1 0 0 0 0 0 0 1 0 1 0 1 0 0 1 0 0 0 1 1 0 1 1 0 0 0 0 1 1 1 0 0 1 1 0 0 1 1 0 1 1 0 1 0 0 0 0 0 1 0 0 0 0 1 1 0 1 0 0 0
0 0 1 1 1 0 1 1 1 0 0 0 0 1 1 1 1 1 0 0 1 1 1 1 0 0 0 0 0 1 1 1 1 1 1 0 0 0 0 1 1 0 0 0 1 0 1 0 1 0 0 0 1 0 0 1 1 1 1 0 1 0 0 1 0 0 0 1 1
0 1 1 0 0 0 1 1 1 1 1 0 0 1 1 0 0 1 0 1 0 0 1 1 1 1 0 0 0 0 1 1 1 1 0 1 0 0 1 1 0 0 0 1 0 1 0 0 0 1 1 1 1 1 0 0 1 1 0 0 0 1 1 1 1 0 0 0 1
0 0 1 0 0 1 0 1 0 1 0 1 1 1 0 0 1 1 0 1 1 1 0 1 0 1 1 0 0 0 1 0 1 0 1 0 0 1 0 0 0 1 0 0 1 1 0 1 1 0 1 0 1 0 0 0 0 0 1 1 0 0 0 1 1 0 1 1 0
1 0 1 0 0 0 1 0 1 1 1 1 1 0 1 0 1 1 1 1 1 1 1 1 1 0 0 1 1 0 0 1 1 1 1 0 0 0 0 1 0 1 0 0 0 0 1 1 0 0 0 1 1 0 0 0 0 1 1 1 0 1 0 1 1 1 1 1 1
1 1 1 0 1 1 0 1 0 0 1 0 0 0 0 1 1 0 1 1 1 0 1 0 1 1 0 1 1 1 0 1 1 1 1 1 1 1 0 0 1 0 1 1 1 0 1 0 1 0 1 0 0 1 1 1 0 0 0 0 0 1 0 0 0 1 0 1 1
0 1 0 1 1 1 0 0 0 0 0 1 1 1 1 1 0 0 1 0 0 1 0 1 1 1 0 0 1 0 1 1 0 1 1 0 0 1 1 0 1 0 0 0 1 0 0 1 0 0 0 1 1 0 0 1 0 1 0 0 0 0 1 0 1 1 1 1 1
1 0 0 1 1 0 1 0 1 0 1 1 0 0 0 0 1 0 0 1 0 1 1 0 0 1 1 1 1 1 0 1 0 1 1 0 0 1 0 0 1 0 0 0 1 0 0 1 0 0 1 0 1 1 1 0 1 0 1 1 1 0 1 0 1 0 1 0 0
0 0 1 1 0 0 0 1 0 0 1 1 1 0 1 1 0 1 1 1 0 1 0 1 1 1 0 1 1 1 1 0 1 0 1 1 0 0 1 1 1 1 1 0 0 0 1 1 1 0 1 1 0 1 0 0 1 1 1 0 0 1 1 1 0 1 1 0 0
0 0 1 0 0 1 1 0 0 0 1 1 0 1 0 1 0 0 1 1 1 0 0 1 0 1 0 0 1 1 1 1 0 1 0 1 0 1 1 0 0 0 0 1 1 0 1 1 0 1 1 0 0 1 0 0 1 0 1 0 0 1 1 1 1 1 1 1 1
0 1 1 0 1 0 0 1 0 1 0 0 1 0 0 1 1 1 0 1 1 1 1 1 0 0 0 0 1 1 0 1 0 0 0 1 1 1 0 0 0 0 1 1 0 0 0 1 0 1 1 0 1 1 1 0 0 1 1 0 0 1 0 1 1 0 0 0 0
0 0 1 1 0 1 1 1 1 0 1 1 0 1 1 1 1 1 1 1 1 0 0 0 1 0 1 1 1 0 1 1 1 1 0 0 0 1 0 1 1 0 1 1 0 1 1 0 1 1 0 0 0 0 1 0 1 1 1 0 0 1 1 0 1 0 1 1 0
1 0 0 1 0 1 1 1 0 1 1 1 1 0 1 1 0 1 0 0 1 0 0 1 0 0 0 1 0 1 1 0 1 0 1 1 0 1 0 1 0 0 0 1 1 1 1 0 1 1 0 0 0 0 1 0 0 1 0 0 1 0 0 0 1 1 0 1 0
0 1 1 0 0 1 1 1 0 1 1 1 0 0 1 1 0 1 1 1 0 1 1 0 1 1 0 0 0 1 1 0 1 0 0 1 1 0 0 0 1 1 1 0 1 1 1 0 0 1 0 0 0 1 0 0 0 1 0 0 0 1 0 1 1 0 1 1 0
1 1 1 0 1 1 1 1 1 1 0 0 1 0 0 0 1 1 1 1 0 0 1 0 1 0 1 0 0 1 0 0 1 0 1 0 1 1 0 1 0 1 1 0 0 1 1 0 0 0 1 0 1 0 1 1 0 1 0 0 0 0 1 0 0 1 1 1 1
0 1 0 0 1 1 1 1 0 0 1 1 1 1 0 0 1 0 1 1 1 0 1 0 0 0 0 1 0 1 0 0 1 0 0 1 1 0 1 1 0 0 1 0 1 1 1 0 0 0 1 0 1 0 1 1 1 0 1 1 1 1 0 1 1 1 0 1 0
0 0 1 1 0 0 1 1 0 1 1 1 0 0 0 0 1 1 0 1 1 1 0 0 1 1 0 1 1 0 0 0 1 1 0 0 1 0 1 0 0 0 0 1 0 0 1 1 1 1 0 1 0 1 1 1 0 1 1 1 1 0 1 1 0 0 0 0 1
1 0 0 0 0 0 0 1 1 0 1 1 1 0 0 0 0 0 1 1 1 0 1 0 1 1 1 0 1 1 1 0 0 1 1 1 1 1 1 1 0 0 1 1 1 1 0 1 1 1 0 1 0 0 0 0 0 1 0 0 1 0 1 0 0 0 1 1 0
0 1 0 1 0 0 1 1 1 0 0 1 1 1 1 0 0 0 1 0 0 0 0 0 0 0 0 0 1 1 0 1 1 1 0 0 1 0 0 1 0 1 1 0 1 0 1 1 1 1 0 1 1 1 1 0 0 0 0 1 1 0 0 1 0 0 1 1 0
1 0 0 0 0 0 0 1 1 0 0 1 0 0 1 0 0 0 1 0 0 0 0 1 1 1 0 0 0 0 1 0 0 0 1 1 0 0 1 0 1 1 1 1 1 1 0 0 1 1 1 0 1 0 1 1 1 0 1 0 1 0 0 0 0 1 0 1 1
1 1 1 0 0 1 1 0 1 1 0 1 1 0 0 1 1 0 0 1 0 1 0 0 1 1 1 0 1 1 1 1 0 0 1 0 1 1 1 1 1 1 1 0 1 0 1 0 0 0 0 0 0 1 0 1 1 0 1 1 0 0 0 1 0 1 0 1 1
1 1 0 0 1 1 0 0 0 1 1 0 0 1 1 0 0 1 1 1 1 1 1 1 1 0 1 1 0 0 0 1 1 1 1 0 1 1 0 0 0 1 1 0 0 1 0 1 1 1 1 1 0 0 0 1 0 1 0 1 0 1 0 0 1 0 0 0 0
0 0 1 1 1 1 0 1 1 1 1 0 0 1 0 1 0 0 0 1 1 1 1 0 0 0 1 1 0 1 1 1 0 1 1 1 1 1 0 0 0 0 0 0 0 1 0 1 1 1 0 1 1 1 0 1 1 0 1 0 0 1 0 1 1 1 1 0 0
1 1 1 1 1 0 1 0 0 0 0 0 1 0 1 0 1 1 0 1 1 1 0 0 0 0 0 1 1 1 1 0 1 0 1 1 0 1 1 0 0 0 0 0 0 1 1 0 0 0 0 1 0 0 0 0 0 0 0 1 1 0 1 0 0 1 1 0 1
0 1 0 1 1 1 1 1 1 0 1 0 1 1 0 1 1 1 1 1 0 1 0 0 1 0 0 0 0 0 1 0 0 0 0 1 0 1 1 0 1 0 0 1 0 1 1 1 1 1 1 0 1 0 0 0 1 0 0 0 1 0 1 0 1 0 0 0 0
1 1 0 1 1 1 1 1 0 1 1 1 1 1 1 0 1 0 0 1 1 0 1 0 1 0 1 0 1 1 0 1 1 0 1 0 0 0 0 0 1 0 0 1 0 1 1 0 0 1 0 1 0 1 0 1 0 0 0 1 0 1 1 1 1 0 0 0 0
1 1 0 0 0 0 1 0 1 0 1 1 0 1 0 0 1 1 0 1 1 0 1 0 1 0 1 0 0 1 0 1 0 0 1 1 0 0 0 0 1 0 1 0 1 1 0 1 0 0 1 0 0 0 0 0 0 1 0 1 0 1 0 0 1 1 0 1 0
0 0 0 1 1 1 0 0 1 0 0 1 0 0 0 1 0 0 0 1 0 0 0 0 0 1 0 1 0 1 1 1 1 0 0 0 1 1 1 1 0 1 0 1 0 0 1 0 0 0 1 0 0 0 1 1 1 1 0 1 1 0 1 1 0 0 1 0 0
0 0 1 0 1 0 1 1 0 0 0 1 1 1 0 1 0 1 0 1 0 0 1 0 1 1 1 1 1 1 0 1 1 0 0 1 0 0 1 0 0 0 1 1 1 1 1 1 0 0 0 0 1 1 0 0 1 0 1 1 0 0 1 0 0 1 0 1 0
1 0 1 0 0 1 1 0 0 1 0 1 1 0 0 1 1 1 0 1 0 0 0 0 0 0 0 0 1 0 1 1 1 0 1 1 1 0 0 0 0 0 0 1 1 0 0 0 0 0 1 1 1 0 1 0 0 0 0 1 1 1 1 1 1 0 0 1 0
1 1 0 1 0 1 1 0 1 0 0 0 1 0 1 1 0 0 1 1 1 1 0 1 0 1 0 1 0 1 1 1 0 1 0 1 1 1 1 1 0 1 1 1 0 1 0 0 0 0 1 1 1 0 1 1 1 0 0 0 0 0 1 0 1 0 0 1 0
0 0 1 1 1 0 1 1 0 0 0 1 0 0 1 0 1 1 1 1 0 0 1 1 1 0 0 1 0 0 1 1 0 0 1 0 1 0 0 0 1 0 1 0 0 1 1 1 1 0 1 0 1 1 1 1 1 0 0 1 0 0 1 1 1 0 0 0 1
0 0 1 1 0 1 1 0 1 1 1 1 1 1 0 0 1 0 0 0 1 1 1 0 1 1 0 0 1 1 0 0 1 1 1 0 0 1 1 0 0 0 1 1 1 0 0 0 0 1 0 0 1 0 1 1 0 0 0 1 1 0 0 0 0 0 1 1 0
0 1 0 0 1 0 1 0 0 1 0 1 1 1 0 0 0 0 1 1 1 1 0 0 1 0 1 0 0 0 0 0 1 1 0 1 0 0 0 1 1 1 1 1 0 1 0 1 1 0 1 0 0 1 0 1 0 0 0 0 1 0 0 0 1 1 1 1 1
1 0 1 0 0 1 0 1 1 1 0 1 0 1 1 1 1 0 1 0 1 1 1 0 0 1 0 1 1 1 0 1 1 1 0 1 1 1 1 1 0 0 0 1 0 0 0 0 1 1 0 1 0 1 1 1 1 0 1 1 1 1 0 0 1 0 1 1 1
0 0 1 0 0 1 0 0 1 0 1 1 1 0 1 0 0 1 0 0 1 1 0 1 0 0 0 0 0 1 0 1 1 0 1 1 1 0 0 1 1 1 1 0 1 0 1 1 0 1 0 0 0 1 0 1 0 1 1 0 1 1 0 0 0 1 0 1 0
1 1 0 0 0 0 0 0 0 0 1 1 0 0 1 1 0 0 0 1 1 1 0 1 0 0 1 1 1 1 0 1 0 0 1 1 1 1 1 1 1 0 0 1 0 1 1 0 0 0 1 0 1 0 0 1 0 1 0 0 1 1 1 1 1 1 0 1 1
0 1 0 0 0 0 0 1 0 1 1 1 1 0 1 0 1 0 0 0 1 0 1 0 1 0 1 1 1 1 1 1 1 1 1 0 1 1 0 0 0 1 0 0 1 0 1 1 0 0 1 1 0 0 0 0 0 0 0 1 1 1 1 0 0 1 1 1 0
0 0 1 0 0 0 0 0 1 0 1 1 1 1 0 0 0 0 0 1 0 1 1 1 0 1 1 0 1 0 1 0 0 0 0 0 1 1 1 0 0 0 0 0 1 1 1 1 0 0 0 0 0 0 1 1 1 1 1 1 0 1 1 1 1 1 0 0 1
1 0 0 0 0 1 1 0 0 1 1 0 0 1 0 1 0 1 0 0 1 0 0 1 0 1 0 1 1 1 0 1 1 0 0 1 0 0 0 1 1 0 1 1 1 0 0 1 0 1 0 1 1 1 0 0 1 0 0 0 1 0 0 0 0 0 1 1 0
0 0 0 1 1 1 0 0 1 1 1 1 0 1 0 1 0 0 0 0 1 0 0 0 0 0 0 0 1 0 0 1 1 0 0 0 0 0 0 0 0 0 1 1 0 1 1 1 1 0 1 1 0 1 1 0 0 1 0 1 0 0 0 1 1 0 0 0 1
1 0 0 1 1 0 0 0 0 1 1 1 1 0 0 0 0 0 0 1 0 0 1 1 1 1 0 1 1 0 1 0 1 0 1 1 1 1 1 1 1 1 0 0 1 0 1 0 0 0 0 1 1 1 1 1 1 1 1 0 1 1 0 0 1 0 0 1 1
0 1 1 0 1 1 0 1 1 1 1 1 0 0 1 0 1 0 0 1 1 1 0 0 0 1 0 0 0 1 1 0 0 0 1 0 1 1 1 0 1 0 1 0 0 0 0 0 0 1 1 1 1 0 0 1 1 0 1 1 1 1 1 0 0 0 1 1 0
0 0 0 1 1 0 1 1 0 0 1 1 0 1 1 0 0 1 0 0 0 0 0 0 0 0 1 1 0 0 0 1 1 1 0 1 0 0 0 1 0 1 0 1 1 0 0 0 1 0 0 0 0 0 1 1 0 1 0 1 0 1 1 1 1 1 0 1 1
1 1 1 0 1 1 0 1 0 0 0 1 0 1 1 0 1 0 0 0 0 1 0 1 1 0 1 1 1 1 0 1 1 0 1 0 0 1 0 1 1 0 1 1 0 1 1 1 0 1 0 1 1 0 1 0 0 0 1 0 0 0 0 1 0 1 0 0 1
0 1 0 0 0 1 0 1 0 1 0 0 0 1 1 1 1 1 1 0 0 0 0 0 0 0 1 1 0 0 0 1 0 1 1 1 0 1 1 0 0 1 1 1 1 0 1 0 0 1 1 0 1 0 0 1 1 1 1 0 1 0 0 0 1 0 1 1 0
0 0 1 1 0 0 0 1 0 1 0 0 1 0 0 1 1 0 0 0 0 0 0 1 0 1 1 0 1 1 1 0 1 0 0 1 1 0 1 1 1 0 0 1 1 1 1 1 1 0 0 1 1 1 0 0 0 0 0 0 0 0 0 0 1 0 0 1 1
0 0 0 1 0 1 1 0 0 0 1 1 0 1 1 0 1 0 1 0 0 0 1 1 1 0 0 1 1 1 1 1 1 1 0 1 0 0 1 0 0 0 1 0 0 1 0 0 0 1 0 0 0 1 0 1 1 1 1 0 1 0 0 1 1 0 0 0 0
0 0 0 1 1 1 1 1 1 0 0 0 1 0 0 0 1 1 0 0 0 0 1 1 0 0 1 0 1 1 0 0 1 1 0 0 0 1 1 1 1 1 0 0 0 0 1 0 0 0 0 1 0 1 0 0 1 0 1 1 0 1 1 0 0 0 0 1 0
0 1 0 0 0 1 0 1 0 1 1 0 0 0 1 0 0 0 0 1 1 1 1 1 1 0 0 1 1 0 0 0 0 0 0 1 1 1 1 1 1 0 1 1 1 1 0 1 1 0 0 0 0 1 1 1 1 1 1 1 0 0 0 0 1 0 1 0 0
0 0 1 1 1 1 1 1 0 1 1 0 1 0 1 0 1 0 0 1 0 0 1 0 0 0 0 0 0 1 0 1 1 0 0 1 0 1 1 0 1 0 1 0 0 0 1 1 0 1 0 0 0 0 1 1 1 0 0 0 1 1 0 1 0 1 1 1 1
1 1 0 0 1 0 1 1 1 1 0 1 0 1 1 0 0 1 1 0 1 0 1 1 0 0 0 1 0 0 0 1 1 1 0 1 0 0 0 1 1 1 0 0 0 1 1 0 1 1 1 1 1 1 1 1 0 1 0 0 1 1 1 0 0 0 0 0 0
0 1 0 1 0 0 0 0 0 0 0 0 1 1 0 1 0 1 1 1 1 1 1 0 1 1 0 1 0 0 0 1 0 0 0 1 1 0 1 1 0 1 1 0 0 0 1 1 0 0 0 1 0 1 1 0 1 1 0 0 1 0 0 1 1 1 0 0 1
0 0 0 0 1 1 0 0 0 0 0 1 0 0 0 1 0 1 0 1 1 1 0 0 1 0 0 1 1 0 1 0 1 1 0 1 0 1 0 1 1 0 1 1 1 1 0 0 0 1 0 0 1 0 0 1 1 1 0 0 0 1 1 1 0 1 0 0 1
1 1 0 0 1 1 0 0 0 0 0 1 0 0 0 0 0 0 0 1 0 0 1 0 0 1 0 0 1 1 0 0 0 1 0 0 0 1 0 1 0 0 0 1 0 1 1 1 1 1 1 1 1 0 1 1 0 1 1 0 0 1 0 0 1 1 1 1 0
1 0 0 1 1 1 1 0 1 0 0 1 1 0 1 0 1 0 1 1 1 0 1 0 0 1 0 1 1 0 1 0 1 0 1 1 1 1 1 0 1 1 0 0 1 1 1 1 1 0 0 0 0 1 0 0 0 0 0 0 0 1 0 1 1 0 1 0 0
1 0 0 1 0 1 1 0 1 1 0 1 0 1 1 1 0 0 0 1 0 1 1 1 0 1 1 0 1 1 1 0 0 1 0 0 0 0 1 1 1 1 0 0 1 1 0 1 0 0 0 1 0 1 1 0 0 1 1 0 0 0 1 1 0 0 0 1 0
0 1 1 0 0 0 0 0 1 0 0 1 0 1 0 1 0 0 1 1 1 0 1 0 0 0 1 1 0 0 1 0 0 1 1 0 1 1 0 1 0 1 0 0 1 1 1 0 1 1 0 1 0 1 1 1 1 0 0 1 0 0 0 1 1 0 1 1 0
0 0 0 1 0 0 1 0 0 0 0 0 0 0 1 0 0 1 1 0 0 1 1 1 0 0 1 0 1 1 1 0 0 0 0 1 0 0 0 1 0 1 0 0 1 0 0 1 0 1 1 1 1 0 0 0 1 1 1 1 1 1 0 0 1 0 1 1 0
0 0 1 1 1 1 1 0 0 1 1 0 0 0 1 1 1 0 1 1 1 1 0 0 1 0 1 1 0 0 1 0 0 0 1 1 0 1 1 0 0 1 1 0 0 1 0 0 1 0 1 0 1 0 1 0 0 1 1 0 0 1 0 0 1 1 1 0 1
1 1 1 0 1 0 0 1 1 0 0 1 1 1 0 1 0 0 0 0 1 0 0 1 0 0 1 1 0 0 0 0 1 1 0 1 0 0 1 1 0 0 1 1 0 0 0 0 0 0 0 1 0 0 0 1 1 0 1 0 1 0 1 1 0 0 0 0 1
1 1 0 1 1 1 0 0 1 0 1 1 0 0 0 1 0 1 0 1 0 0 0 1 1 0 1 1 1 1 1 1 1 1 1 0 1 0 1 0 1 1 1 0 0 0 0 0 1 0 0 0 0 1 1 0 0 0 1 0 0 0 1 1 1 1 1 0 1
1 0 1 0 0 1 0 1 0 0 1 1 0 0 0 1 0 1 1 1 0 1 1 1 0 0 1 0 0 0 0 0 0 1 0 0 1 0 1 1 1 0 1 0 1 0 0 1 1 1 1 1 1 1 0 1 1 0 1 0 0 0 0 1 1 0 0 1 1
1 1 1 1 1 1 1 1 0 1 1 1 0 1 1 0 0 1 0 0 0 1 0 0 1 0 0 0 0 0 0 0 1 1 1 0 1 0 0 1 1 0 1 1 0 0 1 1 0 0 0 0 1 0 0 0 1 1 0 1 1 1 1 1 1 0 0 1 0
0 1 1 0 1 0 0 0 0 1 1 1 1 1 0 1 1 1 1 0 0 0 0 0 1 1 0 0 0 0 0 1 0 1 1 0 1 0 1 0 1 1 1 0 1 1 0 0 1 0 1 0 1 0 1 0 0 0 0 0 1 0 1 1 0 0 0 1 1
1 0 1 1 0 1 0 1 1 0 1 1 0 1 1 1 1 1 1 1 0 1 1 1 1 1 0 0 0 1 0 1 0 1 0 1 0 0 0 0 0 1 1 0 1 1 1 1 1 1 0 1 0 1 1 0 0 0 0 0 0 0 1 1 0 1 1 0 0
0 1 1 1 0 1 0 1 1 0 1 1 0 1 0 1 0 0 1 0 0 0 0 1 1 0 0 1 1 0 0 0 0 0 1 1 1 0 0 0 0 0 0 0 1 1 1 1 1 1 1 1 0 0 0 0 0 0 1 0 1 1 1 0 1 0 0 1 1
1 0 1 0 1 1 1 1 1 0 1 0 1 1 1 0 1 1 1 1 0 0 1 1 1 1 1 0 0 0 0 0 0 0 1 0 0 0 1 1 0 0 0 1 0 1 0 0 1 0 0 1 1 0 0 1 1 1 1 1 1 1 0 1 1 0 0 0 0
1 1 1 1 0 0 1 1 1 0 0 1 0 0 1 1 0 1 0 1 1 0 0 1 0 1 1 0 1 1 1 1 1 0 0 0 0 1 0 1 1 0 1 1 0 1 0 0 1 1 0 0 1 1 0 1 0 1 1 1 1 0 1 0 1 1 0 0 0
0 1 1 0 1 1 1 1 1 0 0 0 0 1 1 0 0 1 0 1 1 1 1 0 1 0 0 1 1 0 0 0 0 0 1 0 0 0 0 0 0 1 1 0 0 0 1 1 1 1 0 0 1 1 1 1 0 1 1 0 1 1 1 1 1 1 0 0 0
1 1 1 1 0 1 1 0 0 1 1 1 1 0 0 0 1 1 1 1 1 0 1 0 0 1 0 1 1 1 1 1 1 0 0 0 1 0 0 1 1 1 0 1 0 1 0 1 1 1 1 1 1 1 0 1 1 0 1 0 0 1 1 1 0 0 0 1 0
0 0 0 0 0 1 0 1 0 1 1 1 1 1 1 0 0 0 1 1 1 0 0 1 0 1 0 0 1 1 0 1 1 0 1 0 0 1 1 1 1 1 1 0 0 0 0 0 1 0 0 1 1 0 1 1 1 1 0 0 0 1 0 1 0 1 0 0 1
0 0 1 0 1 1 0 0 0 1 1 1 0 0 1 0 0 0 1 0 0 1 1 1 0 1 0 1 1 1 1 1 1 1 0 0 1 0 1 1 0 1 0 0 1 1 0 1 0 1 1 0 1 0 1 0 1 0 0 0 1 0 0 1 0 1 1 0 1
1 1 1 0 0 1 1 0 1 1 0 0 0 0 0 0 0 1 1 0 0 1 1 1 0 0 0 0 0 1 0 1 1 0 0 1 0 1 0 0 0 0 0 1 0 1 1 0 0 1 1 0 0 0 0 1 1 0 0 1 0 0 0 0 1 1 0 1 1
1 1 1 0 0 0 1 0 0 0 0 0 1 1 0 1 0 0 0 0 0 0 1 0 1 0 0 1 0 0 1 1 1 0 0 0 0 0 0 1 1 0 0 1 1 1 0 1 1 0 0 1 1 0 1 1 0 1 1 1 1 0 0 1 1 1 1 0 1
1 0 0 0 0 1 1 0 0 1 0 0 0 1 0 1 1 0 0 1 0 1 0 1 0 0 0 0 0 1 0 0 0 0 0 0 0 0 0 1 1 0 1 0 0 1 1 0 1 0 1 1 1 0 0 0 0 1 0 0 1 1 1 1 1 0 1 0 0
1 1 0 0 1 0 0 1 0 0 1 1 1 0 0 1 1 0 0 0 0 1 0 1 0 0 0 1 0 1 1 1 0 1 0 1 0 1 1 1 1 1 0 0 1 1 0 1 1 1 1 1 1 1 1 0 0 1 0 1 0 1 0 1 1 0 1 1 0
0 0 0 0 1 1 0 0 1 0 0 0 1 0 1 0 0 0 0 1 1 0 0 0 0 1 1 1 1 0 0 1 0 1 1 0 0 1 1 0 0 0 0 1 0 0 1 1 1 0 0 0 0 1 1 1 1 0 1 0 1 0 0 0 0 0 0 1 1
0 1 1 0 0 0 0 0 1 0 0 0 0 0 1 1 1 1 0 1 0 1 0 1 1 1 1 1 0 0 1 0 1 0 1 0 0 0 0 0 1 1 0 0 0 0 1 0 0 0 1 1 1 0 1 0 0 1 0 1 0 1 1 0 1 0 0 0 0
1 0 0 1 1 1 1 0 1 0 0 1 0 1 0 0 0 0 1 0 0 0 0 0 0 1 1 0 1 0 0 1 1 0 0 1 0 0 1 1 1 1 0 1 1 1 0 1 1 0 1 0 1 0 0 1 1 1 1 0 0 1 1 1 0 1 0 0 0
1 0 1 0 0 0 1 0 0 1 0 0 1 1 0 1 0 0 1 0 1 0 1 1 1 0 0 0 1 0 0 1 0 1 1 0 0 0 1 0 1 1 1 1 0 0 1 0 1 1 0 0 0 1 1 0 1 1 1 1 0 1 0 1 0 1 0 1 1
0 1 1 1 1 1 0 1 0 0 0 1 0 1 0 1 0 1 0 0 1 0 0 1 0 1 0 0 0 1 0 1 0 0 1 1 1 0 1 1 1 0 1 0 0 0 1 0 0 1 1 1 0 0 1 0 0 1 1 1 0 0 1 0 0 0 0 1 0
1 1 1 1 1 0 0 0 1 1 1 0 1 1 1 0 0 1 0 1 1 0 1 0 0 1 1 1 1 1 0 0 1 0 0 1 0 1 0 1 0 1 0 0 0 0 1 0 0 0 1 0 0 1 0 1 1 1 1 1 0 0 0 0 1 0 1 0 0
0 1 1 0 0 0 1 0 0 1 0 1 1 1 1 0 0 1 0 0 0 1 1 0 0 0 0 0 1 1 0 0 1 1 1 1 1 0 1 0 0 0 0 0 1 0 0 1 0 1 0 1 1 1 1 0 1 0 0 0 0 0 1 1 0 0 0 0 0
0 1 0 1 1 0 0 1 0 1 0 0 1 0 0 0 0 0 0 0 1 0 0 0 1 1 0 0 0 0 1 1 0 1 0 0 0 1 0 1 0 0 1 0 1 0 1 1 1 1 1 0 0 0 0 1 1 1 0 1 0 1 1 0 1 0 0 0 1
0 1 1 1 1 0 0 1 0 1 1 1 1 0 0 1 0 0 0 1 0 0 1 1 1 1 1 0 0 0 0 0 0 0 1 1 0 1 0 1 1 0 0 1 0 1 0 1 0 1 1 1 0 0 1 0 1 1 0 0 0 1 0 1 0 0 1 1 1
0 0 1 1 0 1 0 1 0 1 1 0 0 1 1 1 0 0 0 0 0 0 1 1 0 1 1 1 1 0 1 0 1 1 0 1 1 1 0 0 1 1 1 0 0 1 1 0 1 1 0 1 1 0 0 0 1 1 1 1 0 0 1 1 0 1 0 1 1
1 1 1 0 0 1 1 0 1 1 1 0 0 1 1 1 1 0 1 0 0 0 0 0 0 1 1 0 1 1 1 1 1 1 1 0 0 0 0 1 0 1 1 0 0 1 0 0 0 1 1 1 0 0 0 0 0 0 0 1 0 0 0 1 1 1 1 1 0
0 1 1 0 1 0 0 0 0 1 1 0 0 0 0 1 0 0 0 1 1 1 1 1 1 0 0 0 0 1 0 1 1 0 0 0 0 1 1 0 1 1 0 0 1 1 1 1 0 0 0 0 1 1 1 1 0 1 0 1 0 0 1 1 0 1 0 0 1
0 0 0 1 1 1 0 0 0 0 1 1 0 0 1 1 0 1 1 0 0 0 0 1 1 1 1 1 0 1 0 0 0 0 0 0 1 1 1 0 1 0 1 1 1 1 0 1 1 0 0 0 1 0 0 0 0 0 0 0 1 1 0 0 0 0 1 0 0
1 1 1 0 1 0 1 0 0 1 1 0 1 0 1 0 1 0 1 0 1 0 0 0 0 1 0 1 0 1 0 1 0 1 0 1 0 1 0 1 1 1 1 1 1 0 1 1 0 0 0 1 1 0 0 0 0 0 1 0 0 0 0 1 1 1 1 0 0
0 1 0 1 1 1 0 1 1 0 0 1 0 1 1 0 0 1 0 1 0 1 1 0 1 1 1 0 0 1 1 1 0 0 1 0 1 1 0 0 0 1 0 1 1 1 0 0 0 0 1 0 0 0 1 1 0 0 1 1 1 1 1 0 1 0 0 1 1
0 0 1 1 1 1 1 0 1 1 1 1 1 0 1 0 0 1 0 0 0 1 1 0 1 1 0 0 0 0 0 0 0 1 0 1 0 0 0 0 0 0 1 1 0 1 0 1 1 0 1 0 1 1 0 1 0 1 1 0 0 0 0 1 0 1 0 1 1
0 0 0 1 0 0 0 0 1 1 1 0 1 1 0 0 1 0 0 0 1 1 0 1 0 1 0 1 1 0 0 1 1 0 1 1 0 0 1 0 1 1 0 1 0 1 0 0 0 1 1 0 0 1 0 1 0 0 1 1 1 0 0 1 0 1 1 1 1
0 0 1 0 1 1 0 1 1 1 0 1 1 1 1 1 1 1 1 0 0 1 0 0 0 0 1 0 0 1 0 0 0 0 0 0 1 1 1 0 1 1 0 1 0 0 1 1 0 0 0 1 0 1 1 1 0 0 0 1 0 0 1 0 1 0 0 0 0
0 0 1 1 1 0 1 1 0 0 0 0 0 1 0 1 0 0 1 0 0 0 1 1 0 1 0 1 1 1 1 1 1 1 1 0 0 1 1 1 1 0 0 1 1 1 0 0 1 0 1 1 0 0 1 1 0 0 1 0 1 1 1 0 0 0 0 0 1
1 1 1 1 0 0 1 0 1 0 1 0 0 0 1 1 0 0 0 1 1 0 1 0 0 1 1 1 0 0 0 1 1 0 1 1 0 0 0 0 0 1 1 1 1 1 1 0 1 1 1 1 1 0 1 0 1 1 1 0 1 0 1 1 0 0 1 1 1
1 1 1 1 0 0 0 0 1 0 0 0 1 0 1 0 0 0 0 1 1 1 1 0 1 0 1 1 0 1 0 0 1 0 0 1 1 1 0 0 1 0 0 1 1 0 1 1 0 0 0 1 1 0 0 1 0 1 1 1 0 1 0 0 0 0 0 1 1
1 0 0 1 0 0 0 0 1 0 0 0 1 0 1 1 1 0 0 1 1 0 0 1 1 0 1 1 0 0 0 0 1 1 1 0 1 0 1 1 0 0 1 0 1 0 1 0 0 1 0 0 1 1 1 1 1 1 0 0 0 1 0 1 0 0 1 0 0
0 0 0 1 1 0 0 1 1 1 1 0 0 0 1 0 1 1 0 1 1 1 0 0 0 1 0 0 1 0 1 1 0 1 1 1 0 0 0 1 1 1 1 0 1 0 0 0 1 1 0 1 1 1 1 0 1 1 1 0 0 1 0 0 1 1 0 1 0
0 0 1 0 0 0 1 1 0 0 1 1 1 0 0 1 0 0 0 0 0 1 0 0 0 1 0 0 0 1 1 1 0 0 0 1 1 0 0 0 0 0 0 0 0 1 0 1 0 0 0 0 0 1 1 1 1 1 0 0 1 0 1 0 0 0 1 1 0
0 0 0 0 0 1 1 1 0 0 0 0 0 0 1 0 1 1 0 1 0 1 0 0 0 1 1 1 1 0 1 0 0 1 0 0 1 1 1 1 1 1 1 0 1 1 0 1 0 1 1 0 0 0 1 1 0 0 0 1 0 1 0 0 0 1 1 0 0
0 1 0 1 1 1 1 1 1 0 0 1 0 1 1 0 0 1 1 1 0 0 1 1 1 1 0 1 1 1 1 0 1 1 1 0 1 0 0 0 1 1 0 1 1 0 0 0 0 0 1 1 1 1 0 0 1 1 0 1 1 0 0 0 0 0 1 1 1
0 0 0 0 0 0 0 1 0 0 1 1 0 1 0 1 0 1 0 1 0 0 1 0 1 0 1 1 1 1 0 0 0 0 1 1 0 1 0 1 1 1 1 1 1 0 1 0 0 1 0 1 0 0 1 1 1 0 1 0 1 1 1 1 0 0 1 1 0
1 0 1 0 1 1 0 1 1 0 0 1 1 1 1 0 0 0 1 1 1 1 1 0 0 0 0 1 1 0 0 1 0 0 0 1 1 0 0 0 0 0 1 0 1 1 0 0 1 1 1 1 0 0 0 1 0 1 0 1 1 0 1 1 0 0 0 1 1
1 0 0 1 1 0 1 1 0 1 1 1 1 1 1 1 0 1 0 0 0 0 0 1 0 0 0 1 0 1 0 1 0 1 0 0 1 1 1 0 0 1 1 0 1 1 1 0 0 1 1 1 0 0 0 1 1 1 0 1 0 1 1 1 1 1 1 1 1
0 0 0 1 0 1 0 0 0 0 0 1 0 1 0 1 0 1 0 1 0 1 1 0 1 0 1 0 1 1 0 1 1 1 1 1 1 1 0 1 1 0 0 0 0 0 1 1 1 1 0 0 1 1 0 0 0 1 0 1 0 1 0 0 1 1 1 1 1
1 1 1 0 1 0 1 0 1 1 1 1 1 1 0 1 0 0 0 0 1 0 1 0 0 0 1 0 1 1 1 1 0 0 1 1 1 1 1 1 0 1 1 0 0 0 1 1 1 1 1 0 0 0 1 0 1 0 1 0 0 0 0 0 1 0 0 0 1
1 1 1 1 1 0 0 0 0 1 1 0 1 1 1 1 0 0 1 0 1 1 0 1 1 0 0 0 0 1 1 0 1 0 1 1 0 0 1 1 1 1 0 1 0 0 1 0 0 1 1 1 0 1 1 0 1 0 0 0 1 0 1 1 1 0 0 0 0
0 0 0 1 1 1 0 1 1 1 1 1 0 0 0 0 1 1 1 1 0 1 0 1 0 1 0 1 0 1 1 0 1 1 0 0 0 1 0 0 0 1 0 0 0 1 1 0 0 1 1 0 0 1 1 0 0 0 0 1 1 1 1 0 1 0 1 1 0
1 0 1 0 0 1 0 1 0 1 1 0 1 0 1 0 1 1 0 0 0 1 1 1 1 1 1 1 0 0 1 1 0 0 0 1 0 1 0 1 0 1 0 0 0 0 0 0 1 1 1 0 0 0 0 1 1 1 0 0 1 1 1 0 0 0 0 1 1
0 1 0 1 0 0 1 1 0 1 0 0 1 0 1 1 1 1 1 1 0 0 0 0 0 1 1 0 0 1 1 0 1 1 1 0 0 1 1 1 1 0 0 1 1 1 0 0 0 0 0 1 0 0 0 0 1 1 1 1 1 1 1 1 1 1 1 1 1
0 0 1 0 0 1 1 1 0 1 0 0 0 0 1 1 0 0 1 0 0 0 0 1 1 0 1 0 1 0 0 1 1 0 1 1 1 1 1 1 0 0 0 0 0 0 1 1 0 1 1 0 1 0 1 1 0 0 1 1 1 1 1 1 0 0 0 0 0
0 1 1 1 1 0 0 1 1 1 1 1 1 1 1 0 0 0 1 0 1 1 1 1 1 1 1 1 0 0 1 1 1 1 0 0 0 0 1 1 1 0 0 0 1 0 0 1 1 1 0 1 0 1 0 0 1 0 1 1 0 0 0 0 1 1 0 1 0
0 0 1 0 0 0 0 1 1 0 1 1 1 0 1 1 1 0 1 1 1 0 0 0 0 1 0 1 1 1 0 0 0 1 1 0 1 0 1 1 0 0 0 0 0 0 0 0 1 0 1 1 1 1 0 0 1 1 1 1 0 0 1 0 1 1 0 0 0
1 0 1 1 1 1 0 0 0 1 0 1 1 1 0 0 0 1 1 1 0 0 0 0 1 0 0 1 0 0 0 1 0 1 0 0 0 1 0 1 1 0 0 0 1 0 1 0 1 1 1 0 0 1 1 1 0 0 1 0 1 0 0 1 1 1 1 0 0
1 1 0 1 1 1 1 0 0 0 1 1 1 0 1 1 0 1 0 1 1 0 1 1 0 1 1 0 0 0 1 0 0 0 0 0 0 0 0 1 0 1 1 0 1 0 1 0 0 0 0 1 0 0 0 1 0 0 0 1 0 0 0 0 0 1 0 1 0
0 1 0 0 1 1 1 1 1 0 0 1 0 1 1 0 0 1 0 0 0 0 0 0 1 1 0 0 1 0 0 1 0 1 1 1 0 0 1 0 1 0 1 0 1 1 0 0 1 1 0 1 0 1 0 0 1 0 1 1 1 0 0 1 1 0 1 0 1
0 1 0 1 0 0 0 1 1 0 0 1 1 0 0 0 0 0 0 1 1 1 1 1 0 1 0 1 1 1 0 0 1 1 0 0 1 0 0 0 1 1 1 1 1 0 0 1 0 0 0 0 0 0 1 1 0 0 0 0 0 0 0 0 1 1 0 0 1
0 1 1 1 1 1 1 0 1 1 1 0 0 1 1 1 1 0 0 0 1 0 1 1 1 1 0 1 1 1 0 0 0 0 0 1 1 0 1 1 0 0 0 1 0 0 1 1 0 1 0 0 0 0 0 1 1 1 1 0 0 1 1 0 0 1 1 0 0
1 1 0 0 1 1 0 1 0 1 0 1 1 1 0 0 0 1 0 0 1 1 0 0 1 0 0 1 1 0 1 1 0 0 1 1 1 1 0 0 0 1 0 1 1 0 0 1 1 0 0 0 1 1 0 1 0 0 0 1 1 0 0 0 0 1 0 0 0
0 1 1 0 1 0 0 1 1 1 0 0 0 1 0 1 1 1 0 0 0 0 1 0 0 0 0 1 1 0 0 0 1 0 0 0 1 1 1 1 1 1 1 1 0 0 1 1 1 0 1 0 1 1 0 1 1 0 0 1 1 1 0 1 1 1 1 0 1
0 1 1 1 1 1 0 0 1 0 1 0 1 0 0 0 1 0 1 1 0 1 1 1 0 0 0 0 1 1 1 0 0 0 1 0 1 0 1 1 1 0 1 1 1 1 1 0 1 1 1 0 1 1 1 0 0 1 1 1 0 0 0 0 1 1 1 1 0
0 1 1 0 0 1 1 0 1 0 0 0 1 1 1 0 0 1 0 0 1 1 1 1 0 1 1 0 0 0 1 0 0 1 0 1 1 0 0 0 1 0 1 0 0 0 0 0 1 1 1 0 0 0 0 0 0 1 0 0 1 0 0 0 1 0 1 0 1
1 1 1 1 0 1 1 0 0 1 0 1 0 0 1 0 0 0 0 0 0 0 0 1 0 0 0 0 0 0 1 0 0 1 0 1 1 0 1 0 0 1 1 0 0 0 1 0 1 1 1 0 0 1 1 1 0 0 0 1 1 1 1 0 1 1 0 1 0
0 1 1 1 1 0 1 1 0 1 1 1 0 1 0 0 0 1 1 1 1 1 1 1 0 1 1 0 1 1 0 0 0 0 1 0 1 1 1 0 0 1 0 0 0 1 0 0 1 1 0 0 0 0 0 1 1 0 0 0 1 1 1 0 0 1 0 1 0
0 0 0 1 0 0 1 1 0 1 0 1 1 1 0 1 0 0 0 0 1 1 1 0 0 0 1 0 0 1 0 1 1 1 1 0 1 1 0 0 0 1 1 1 0 0 0 0 0 1 0 1 0 1 0 0 0 1 1 0 1 0 1 0 1 0 1 0 1
1 0 1 1 1 0 0 0 1 0 0 0 0 1 1 1 0 1 1 0 1 0 1 1 0 0 1 0 1 0 0 0 0 0 1 1 0 1 0 0 1 1 1 1 1 1 0 0 0 0 0 0 1 1 1 0 1 1 0 1 0 0 1 0 0 1 1 0 1
1 1 1 0 1 0 1 0 0 0 0 0 1 0 1 0 0 0 0 0 1 1 1 1 0 1 1 1 0 1 0 0 1 1 1 1 1 0 0 1 0 0 0 0 0 1 0 0 1 0 1 1 0 1 1 0 0 0 1 1 0 1 1 1 1 0 1 1 0
1 0 0 1 0 1 1 0 1 0 1 0 0 0 1 0 0 1 0 1 1 1 0 1 0 0 1 0 1 0 0 1 1 1 0 1 0 1 1 1 0 1 0 1 1 1 0 0 0 1 0 0 1 1 1 1 0 0 0 0 1 1 0 1 1 0 1 1 0
0 1 0 1 1 0 1 0 0 0 0 1 0 0 1 0 1 0 0 0 1 0 1 0 1 0 1 0 1 0 0 0 0 0 1 0 1 0 1 1 1 0 1 1 1 0 0 0 1 0 0 1 0 1 0 0 0 1 1 0 1 1 0 0 0 1 0 0 0
1 0 1 1 1 0 1 1 0 0 0 1 0 1 1 0 0 0 1 1 1 1 1 1 0 1 0 1 0 0 0 1 0 0 1 0 1 0 1 1 0 1 1 1 1 1 0 1 0 0 1 0 0 1 0 1 0 1 1 0 0 1 0 0 1 1 1 1 0
1 1 1 1 0 0 1 0 1 0 1 1 1 1 0 0 0 1 0 1 1 1 0 1 0 1 0 0 0 0 0 0 1 1 1 1 0 1 0 0 1 0 0 1 1 0 1 1 1 1 0 1 0 1 1 1 1 0 0 1 0 1 0 0 1 1 0 0 1
0 1 0 1 0 0 1 0 0 0 1 0 1 1 1 0 1 1 0 1 1 1 1 1 1 0 0 0 0 1 1 0 0 1 0 0 1 1 0 0 1 0 0 0 1 1 0 1 1 0 0 0 0 1 0 1 0 0 0 1 1 1 0 1 1 1 1 1 1
1 1 0 0 1 1 0 0 0 0 1 0 0 0 0 1 1 1 1 1 1 0 0 0 1 1 0 1 0 1 1 1 0 0 1 0 0 0 1 1 0 0 1 0 0 1 1 1 0 0 0 0 1 0 0 0 1 1 1 1 1 0 1 1 0 1 1 1 1
1 0 0 1 0 0 0 0 0 1 0 0 1 0 1 0 0 1 1 1 0 0 1 1 0 1 1 1 0 1 1 0 0 0 1 1 1 1 1 0 0 1 1 1 1 0 0 1 0 1 0 1 0 1 1 0 0 0 1 1 0 0 1 1 0 1 0 1 1
1 0 1 1 0 1 0 1 0 0 1 0 1 0 1 0 1 1 0 0 0 1 1 0 0 1 1 0 1 1 0 0 0 0 0 0 1 1 0 1 0 0 1 1 1 0 0 1 0 0 0 0 0 1 0 0 0 1 1 0 1 0 0 1 0 0 1 0 1
1 0 1 1 1 0 0 0 0 0 1 1 1 0 0 0 0 0 0 0 0 0 0 0 1 0 0 1 1 1 0 0 0 1 0 1 0 0 0 0 0 0 1 0 0 0 0 0 0 0 0 1 1 0 1 0 0 1 0 1 0 1 0 1 0 1 1 0 0
0 0 1 1 0 0 0 0 1 0 0 0 1 1 1 0 1 0 0 0 0 0 1 0 1 0 1 1 0 0 1 1 1 1 1 1 1 1 0 0 1 0 1 1 0 1 0 0 0 0 1 0 1 1 1 1 1 0 0 1 0 0 0 0 1 1 1 0 0
0 1 0 0 0 1 1 1 1 1 1 1 1 0 0 0 1 0 1 0 0 1 0 1 1 0 1 0 1 0 0 1 0 0 0 0 0 1 0 0 1 1 1 0 0 1 0 1 1 0 0 1 0 1 1 1 1 0 1 1 1 0 1 1 1 0 1 1 1
0 0 1 1 1 1 1 0 0 1 1 0 0 0 0 1 1 1 0 0 1 0 1 1 0 1 1 1 0 0 1 0 0 1 1 0 0 1 1 1 1 1 1 0 1 0 1 0 1 1 1 0 1 1 0 1 1 1 0 1 0 1 1 0 1 1 0 0 0
0 0 1 0 0 0 1 1 0 1 0 1 0 0 0 1 0 1 0 0 1 0 1 0 1 0 0 1 0 0 1 0 1 0 0 1 1 0 0 1 0 1 1 1 0 0 1 0 1 0 0 1 0 1 1 1 1 1 0 1 0 1 1 0 0 1 1 0 0
0 1 1 0 1 0 1 1 1 1 0 0 1 1 0 1 1 0 0 0 1 0 0 1 1 0 0 1 0 0 1 0 0 1 0 1 1 0 0 0 0 0 1 1 1 1 1 1 0 1 0 0 0 0 1 0 0 0 0 1 1 1 1 1 1 1 1 0 0
1 0 0 0 0 1 1 0 0 0 1 0 0 1 0 0 1 1 0 0 0 0 1 0 0 0 0 1 0 0 0 0 1 0 1 0 1 1 0 1 0 0 0 0 0 1 0 0 1 0 0 0 0 1 0 1 0 0 1 0 1 0 1 0 0 1 1 1 0
0 1 1 1 0 1 1 0 1 0 0 0 1 1 1 1 1 1 0 0 0 1 0 0 1 1 1 0 1 0 0 1 1 0 1 0 1 1 0 0 0 1 1 1 0 1 0 1 0 0 0 1 1 0 1 0 1 0 0 0 1 1 0 1 1 1 1 0 1
0 0 0 1 1 1 0 1 0 1 0 0 1 1 1 1 0 1 1 1 0 0 1 0 1 0 0 0 1 1 0 1 0 0 1 1 1 0 1 1 0 1 1 0 1 1 0 0 0 0 1 0 0 1 1 1 1 1 0 0 0 1 0 0 0 0 1 1 0
0 0 1 1 0 1 0 0 1 0 1 0 0 1 1 1 1 0 0 1 0 1 1 0 0 1 1 0 1 0 1 1 1 1 1 1 0 1 1 1 0 0 1 0 1 0 0 1 0 0 0 1 0 0 0 1 1 1 1 1 0 1 1 0 1 0 0 0 1
0 1 1 0 1 1 0 0 0 0 1 1 1 0 1 0 1 1 1 0 1 0 0 0 0 0 1 1 1 0 0 0 0 0 0 1 0 0 1 1 0 1 0 1 0 1 1 1 1 1 1 1 0 0 1 0 1 0 0 1 0 1 1 1 0 1 0 0 0
0 0 0 0 1 0 0 1 1 0 0 0 0 0 0 1 1 0 1 0 1 1 1 1 0 1 1 0 0 1 0 1 0 1 0 0 0 1 1 0 1 1 0 0 0 1 0 0 0 1 1 1 1 0 1 0 1 0 0 1 1 1 1 0 0 1 0 1 1
0 0 0 0 0 0 1 0 1 0 1 0 0 0 0 1 0 1 1 1 0 0 1 0 0 0 0 0 1 0 1 0 1 1 0 1 1 1 1 1 1 0 0 1 1 0 0 1 1 1 1 1 0 1 1 0 0 1 0 1 1 0 1 1 0 1 0 1 0
1 0 0 0 1 0 0 0 0 0 0 0 0 1 0 0 0 1 0 1 0 0 1 0 0 0 1 0 1 0 0 0 1 0 1 0 0 0 1 1 0 1 1 1 1 0 0 0 1 0 1 0 1 0 1 0 0 0 1 0 1 0 0 0 1 0 0 0 1
1 0 1 0 1 0 1 0 0 1 1 0 0 0 1 1 1 0 1 1 1 1 1 0 1 0 1 0 0 0 1 1 1 1 0 1 0 0 0 1 1 0 0 1 1 1 0 0 0 1 0 0 0 0 1 1 1 0 1 0 1 1 1 0 1 1 1 0 0
0 0 0 1 1 0 1 1 1 1 0 1 0 0 0 0 0 0 0 0 1 1 1 0 0 0 0 0 0 1 1 1 0 1 0 0 0 0 1 0 1 0 0 1 1 1 1 1 0 0 1 1 0 1 1 0 1 1 0 1 1 1 0 0 1 1 1 1 0
1 0 1 1 0 1 1 1 0 1 0 1 0 0 1 1 0 0 0 1 1 1 0 1 1 1 0 0 1 0 0 0 1 1 1 1 1 0 0 1 0 0 1 0 0 0 0 1 0 0 0 1 1 0 1 0 0 0 1 0 0 0 0 0 0 0 1 1 0
1 0 1 1 1 1 1 1 1 0 1 0 1 1 0 1 0 0 0 1 0 1 0 0 1 1 1 1 0 0 0 1 1 1 1 1 1 0 0 1 0 1 0 0 1 1 1 0 1 0 1 1 1 1 0 1 0 1 1 1 1 1 0 0 0 0 1 1 0
0 0 1 1 1 1 1 0 1 1 0 0 0 1 0 0 0 1 0 1 0 0 0 1 1 1 1 0 0 0 1 0 1 0 1 1 0 1 1 1 1 0 1 0 0 1 1 0 1 1 0 0 0 1 1 1 1 0 1 0 0 0 0 1 0 0 1 0 0
1 1 0 1 0 1 0 0 0 1 0 0 0 1 0 0 1 1 0 0 0 0 0 0 1 1 1 1 0 1 1 1 1 0 0 1 1 0 0 1 0 1 1 0 0 0 1 1 1 0 0 0 0 0 1 1 0 0 1 1 0 1 0 1 1 0 1 1 0
0 0 0 1 0 1 1 0 1 1 0 1 0 0 0 1 1 0 0 1 0 1 1 0 0 0 0 1 0 1 1 0 0 0 1 0 0 0 0 0 0 1 0 1 1 1 1 1 0 0 0 0 1 0 0 1 0 0 0 0 0 0 1 0 0 1 1 0 1
1 1 1 1 0 1 1 1 1 0 0 0 0 0 0 0 1 0 1 0 1 0 0 0 0 0 1 1 0 0 1 1 1 0 1 0 0 1 0 1 1 0 0 0 0 0 0 0 0 1 1 0 0 1 0 0 0 1 1 0 1 1 0 1 1 0 1 1 1
1 1 0 1 0 0 1 1 0 0 0 0 1 0 0 0 1 0 0 1 1 1 0 1 1 1 1 1 1 1 1 0 1 0 0 1 0 0 1 0 1 0 1 0 0 1 0 1 1 1 1 0 1 1 1 0 1 1 0 1 0 1 1 1 0 1 0 1 1
0 1 1 0 0 1 0 0 1 1 1 0 0 0 0 0 0 0 0 1 0 0 0 0 1 1 1 0 1 0 0 1 1 1 0 1 0 1 0 0 1 1 0 1 0 0 1 0 1 1 0 1 1 1 1 0 0 1 1 1 1 1 1 1 1 0 1 0 0
0 0 0 0 1 0 1 0 1 1 1 0 1 0 0 1 1 0 0 0 0 0 1 1 0 1 1 0 0 0 1 1 1 1 0 1 0 0 1 0 0 1 1 0 1 0 0 1 1 0 1 1 1 0 1 1 1 0 0 0 0 1 1 0 1 1 1 0 0
0 0 1 0 1 1 1 1 1 0 0 1 0 1 0 1 0 0 0 1 0 1 0 1 1 0 0 1 0 1 0 0 1 0 0 1 0 1 0 0 0 1 1 0 1 1 0 0 0 0 1 0 0 1 0 0 1 0 1 0 0 0 0 1 0 1 0 0 1
1 0 0 0 1 0 0 1 1 0 0 1 1 0 1 1 1 0 0 0 0 0 0 1 0 0 0 0 0 0 1 1 0 0 1 1 0 1 0 1 0 0 1 1 0 0 0 1 1 0 0 1 0 1 0 0 1 1 0 0 0 1 1 1 0 1 0 1 1
0 0 0 0 0 0 1 1 1 1 0 1 0 1 0 0 0 0 1 1 0 1 0 1 1 1 1 1 0 0 0 1 0 1 0 0 0 0 0 0 1 0 1 0 1 0 1 0 0 0 1 0 0 0 0 1 1 1 0 1 1 0 1 0 0 0 0 1 0
1 0 0 1 0 1 1 1 0 0 1 1 0 0 0 0 0 1 1 0 1 0 0 1 1 1 0 0 0 0 1 0 1 1 1 0 0 1 1 1 0 1 1 1 1 1 1 1 0 0 0 1 0 1 0 0 0 1 1 0 0 1 0 0 1 0 1 0 1
0 1 1 1 1 1 1 0 1 1 1 1 0 1 1 1 0 0 1 1 0 0 0 0 0 0 1 1 1 0 1 0 1 1 0 0 1 1 0 1 0 0 0 0 1 0 1 1 0 0 0 0 1 1 1 0 0 1 1 1 0 0 1 0 1 1 1 0 1
1 0 1 1 0 0 1 1 0 0 0 1 0 1 0 0 0 0 0 1 1 0 1 1 1 0 1 0 1 1 1 1 1 0 0 1 1 0 0 1 1 0 0 0 0 0 0 1 1 0 1 1 0 0 1 1 1 0 0 1 1 1 0 0 1 0 0 0 0
1 0 1 1 1 0 0 0 0 1 1 1 0 1 1 0 1 1 1 1 1 0 1 1 1 1 0 0 0 1 1 1 1 0 1 1 1 1 0 0 0 0 1 1 1 0 1 0 0 1 1 1 0 0 1 0 0 1 1 1 1 1 0 1 0 1 1 0 0
1 0 0 0 0 0 1 0 1 0 1 0 1 0 1 1 0 0 1 0 0 0 1 1 1 1 1 0 0 1 1 1 1 0 1 0 0 1 0 0 0 0 0 0 0 1 1 0 0 0 0 1 1 1 1 0 1 0 1 0 0 1 0 1 1 0 0 0 1
0 1 0 1 0 1 0 1 0 1 0 1 1 0 1 0 0 0 1 1 0 1 1 0 0 1 1 1 1 0 0 0 1 1 0 0 0 0 1 0 1 0 0 0 0 1 1 1 0 1 0 0 1 0 0 1 0 0 0 0 1 0 1 1 1 0 1 0 1
0 1 0 0 1 1 1 1 1 1 1 1 0 0 1 1 1 0 0 1 0 0 0 1 1 1 1 1 0 1 1 1 1 1 0 1 1 1 0 1 0 0 1 0 1 1 1 1 1 1 1 1 1 0 0 1 0 1 1 0 0 0 0 0 0 0 0 0 0
0 0 1 1 1 1 1 1 1 1 1 0 0 0 0 1 0 1 1 1 1 0 1 0 0 0 1 1 1 0 1 1 0 0 0 0 1 1 1 0 1 0 1 0 1 0 0 1 0 0 0 1 1 1 0 0 1 1 1 0 0 0 0 1 1 1 1 1 0
1 1 0 1 0 1 0 0 1 0 1 1 0 0 0 0 0 1 1 1 1 0 0 0 0 0 0 0 1 1 1 0 0 1 1 1 0 0 1 0 0 0 1 0 1 0 1 1 1 1 1 0 1 0 1 1 1 0 0 0 1 1 1 0 1 1 1 0 1
0 0 0 0 0 0 1 1 1 1 1 0 1 0 1 0 0 0 0 0 0 0 0 0 0 1 0 1 1 1 1 0 0 1 0 1 0 0 1 0 0 1 1 1 1 1 1 0 1 0 1 0 1 1 1 0 0 0 1 1 1 1 0 1 0 0 1 1 1
0 0 1 1 0 0 1 1 0 1 0 1 1 1 1 0 1 0 1 1 0 1 0 1 0 0 0 1 1 1 0 0 0 1 1 0 1 0 0 1 1 0 0 0 0 1 0 0 1 1 0 1 0 0 0 1 1 0 1 0 0 1 0 0 0 0 1 0 1
1 1 1 1 0 0 0 1 0 0 0 0 0 0 0 1 0 1 0 0 0 0 1 1 0 1 0 1 1 1 0 1 1 1 1 0 0 1 0 0 0 1 0 1 1 1 0 1 1 1 0 0 0 1 1 1 1 1 0 1 0 0 0 1 0 0 0 1 0
0 0 1 1 1 0 1 1 0 1 0 0 1 0 1 0 1 1 0 0 0 1 0 0 1 1 1 1 0 1 1 1 0 0 1 0 1 0 1 1 1 1 1 0 0 1 1 0 1 0 1 1 1 1 0 0 0 1 1 0 1 0 1 0 1 1 1 0 0
1 0 1 0 0 0 0 0 0 0 1 1 1 1 0 1 1 0 0 0 0 1 0 1 0 0 1 1 0 0 0 1 0 1 0 1 1 1 1 0 1 0 1 0 1 1 1 1 1 0 1 1 1 1 0 1 0 0 1 1 0 0 1 0 0 0 1 0 1
1 0 0 1 0 0 1 1 1 0 1 1 1 0 0 1 1 0 0 1 0 1 0 1 0 0 0 0 1 0 0 0 0 0 0 1 0 1 1 1 0 0 0 0 0 0 1 1 1 1 0 1 0 0 0 1 0 1 1 1 1 0 0 0 1 1 1 1 0
1 0 0 0 1 0 1 0 0 1 0 1 0 1 1 0 0 1 1 0 0 1 1 0 0 1 1 0 1 1 1 0 1 1 0 0 0 1 1 0 0 0 1 0 0 0 1 1 1 1 1 0 1 1 0 1 1 0 1 1 1 0 0 1 0 0 1 1 0
1 1 0 0 1 1 0 1 1 0 1 1 1 1 1 0 1 1 0 1 0 0 0 0 0 1 1 1 0 0 0 1 1 0 1 1 1 0 1 0 1 0 0 1 1 0 0 1 0 0 1 1 0 1 1 1 0 1 0 0 0 1 1 1 1 1 1 0 0
1 1 0 1 0 0 1 0 1 1 1 0 1 0 1 1 1 0 1 1 0 0 0 0 1 1 0 1 0 0 0 0 0 1 1 0 1 1 0 0 1 1 1 0 0 0 0 1 1 1 1 1 0 1 0 1 0 1 0 0 1 1 1 0 0 0 1 1 1
0 0 0 0 1 0 1 0 0 1 0 1 0 1 1 0 1 1 0 0 0 0 0 1 1 0 0 0 0 1 1 1 0 0 0 1 0 1 1 1 1 0 1 1 1 0 0 1 1 1 1 0 0 1 1 0 0 0 0 0 0 1 1 0 1 1 0 0 1
1 0 0 1 0 1 0 0 0 1 1 1 1 0 0 0 1 1 0 0 1 0 0 1 0 0 1 0 0 1 1 1 0 0 0 0 0 0 1 1 0 1 1 0 0 1 0 0 0 1 0 0 1 1 0 0 1 0 0 0 1 0 1 0 1 1 1 0 0
0 1 0 1 0 0 0 1 0 1 0 1 0 1 0 1 1 0 1 1 1 1 0 1 0 0 1 1 1 1 1 0 0 0 0 0 1 1 0 1 1 0 0 0 1 0 1 1 0 1 0 0 0 1 1 0 1 1 0 0 0 0 1 0 0 0 1 0 1
1 1 0 1 0 1 1 0 1 0 0 0 0 1 0 0 1 1 1 0 1 1 0 1 0 0 1 1 0 1 0 0 1 1 1 1 1 0 0 1 1 0 0 1 0 1 1 0 1 0 0 0 1 0 0 0 0 0 1 1 0 0 1 0 1 1 0 0 0
1 1 0 1 0 0 0 1 1 1 1 1 1 1 1 1 1 1 0 0 0 1 1 0 1 1 0 0 0 1 1 1 1 0 0 0 0 1 1 1 0 0 0 1 1 0 0 0 0 0 0 0 1 0 0 1 0 0 0 0 1 1 1 1 0 1 0 0 0
0 1 0 1 1 0 0 0 0 1 1 0 0 1 0 0 1 0 1 1 1 1 1 1 0 0 0 1 0 0 0 0 1 1 0 0 1 1 0 1 1 0 0 1 1 1 0 1 1 1 1 1 1 0 0 1 0 1 1 0 1 0 1 1 0 0 1 1 1
1 1 1 0 0 0 1 1 0 1 0 1 1 1 1 1 0 1 0 0 1 1 0 0 1 0 1 0 1 0 1 0 1 0 0 0 0 1 0 0 0 0 1 0 0 1 1 0 0 0 1 0 1 0 1 1 1 1 0 0 1 0 0 0 1 0 1 1 1
1 1 1 0 0 0 0 1 1 1 0 1 0 0 0 0 0 1 1 1 1 1 0 0 0 1 0 1 1 1 1 1 1 1 1 1 1 0 0 1 0 1 1 0 1 1 0 1 0 0 1 1 1 1 1 1 0 1 1 1 1 0 0 0 1 1 0 1 1
0 1 0 0 1 1 1 1 0 0 1 1 0 0 1 0 1 1 0 0 0 0 1 0 1 0 1 0 0 1 1 0 1 1 1 1 0 1 1 0 0 1 0 0 0 1 1 1 1 0 0 1 0 1 1 0 1 1 0 0 1 0 1 1 0 0 1 1 1
0 1 0 0 1 0 0 0 0 0 1 1 0 0 0 0 0 0 1 0 0 1 0 1 1 1 0 1 0 0 0 1 1 0 0 0 0 1 0 0 0 1 1 1 0 0 0 1 0 1 0 0 1 1 0 1 0 0 1 1 1 1 1 0 1 1 1 0 0
0 0 1 1 0 1 0 0 1 1 0 0 1 0 0 0 1 0 0 0 0 0 0 0 1 0 0 0 1 0 1 0 1 0 1 1 1 1 1 1 1 0 0 1 1 1 1 1 1 1 0 0 1 0 0 0 1 1 1 0 1 1 1 0 0 1 1 0 1
0 0 1 0 0 0 0 0 1 1 0 0 0 1 0 0 0 1 0 1 1 1 0 0 0 0 1 0 0 1 0 1 0 1 0 1 0 1 1 1 0 1 1 1 1 0 0 1 1 0 0 0 0 0 0 0 1 1 1 1 1 1 0 0 0 1 1 0 0
1 0 1 0 0 1 0 1 0 1 0 0 1 1 0 0 0 0 0 1 0 0 1 0 0 1 1 0 0 0 0 1 1 0 0 0 1 0 0 0 0 1 1 0 1 0 1 1 0 1 1 1 0 0 1 1 1 1 1 0 1 0 1 0 1 1 0 1 0
1 0 1 1 1 0 1 1 0 1 1 0 0 1 1 1 1 0 0 0 1 1 0 1 1 0 0 1 1 0 1 1 1 0 0 0 0 1 1 0 1 0 0 0 0 0 0 0 0 0 0 0 0 0 0 0 0 0 0 1 0 1 0 1 0 0 1 1 0
1 0 0 0 0 0 1 1 1 0 0 0 1 1 1 0 0 0 1 0 1 1 1 1 0 0 1 1 1 1 1 1 1 1 1 0 1 1 1 0 0 1 1 0 1 0 0 0 0 1 1 0 0 0 1 1 0 0 0 1 1 0 1 1 1 0 0 0 1
0 1 1 0 0 1 1 1 0 0 0 0 1 0 0 1 0 0 1 0 1 0 1 1 1 0 1 0 1 0 1 1 0 0 1 1 0 0 1 0 0 1 1 0 1 1 0 0 1 0 1 1 1 0 0 1 1 1 0 0 0 1 0 1 0 1 0 1 0
1 1 1 1 0 1 1 1 1 1 0 0 0 1 0 0 0 1 0 1 0 0 1 0 0 0 1 1 0 1 0 1 0 1 0 1 1 0 1 1 1 0 0 1 0 1 0 1 1 0 0 0 0 1 1 0 0 1 0 0 1 0 0 0 0 1 0 1 1
1 1 0 1 0 1 1 1 1 1 1 0 1 1 1 1 1 0 0 0 0 0 0 1 0 1 1 0 1 1 1 0 0 0 1 1 0 0 0 0 0 0 0 0 0 0 1 1 1 0 1 0 1 1 0 0 0 1 1 0 0 0 1 1 1 1 1 0 0
0 1 0 0 0 0 1 0 1 1 0 0 1 1 0 1 1 0 0 1 1 1 1 1 1 0 1 1 1 1 0 1 1 0 0 1 0 1 1 0 1 1 0 0 1 0 1 0 1 1 0 1 0 1 1 0 0 0 0 0 1 1 0 0 0 0 1 0 1
0 1 1 0 0 1 0 0 1 0 0 1 0 0 1 1 1 1 0 0 0 0 1 0 0 1 0 1 0 1 0 1 0 0 0 0 1 1 0 1 1 0 1 0 1 0 1 0 0 1 0 1 1 1 1 0 1 1 1 0 1 1 1 0 1 1 1 1 0
0 1 1 0 0 0 1 1 1 0 0 0 1 1 0 0 1 1 1 1 0 0 0 1 1 1 0 0 0 1 0 0 0 1 1 0 1 1 1 0 0 1 0 1 0 0 1 1 1 0 0 0 1 0 1 1 1 1 1 0 1 0 0 0 0 1 1 0 0
0 1 1 1 0 0 0 0 1 1 1 0 1 0 0 0 0 0 0 0 0 0 1 1 1 0 1 0 0 1 0 0 0 0 1 0 1 0 1 0 1 1 0 0 1 0 0 1 0 0 1 0 0 0 0 1 0 0 1 0 0 0 1 1 0 0 1 0 0
0 1 0 0 1 1 0 1 0 1 0 1 1 0 0 0 0 1 0 0 0 1 0 1 0 1 1 1 1 0 1 0 1 1 0 0 1 1 0 1 1 0 1 1 1 1 0 0 1 0 1 1 1 0 0 0 1 0 0 1 1 1 0 1 1 1 0 0 0
1 1 0 1 0 0 1 1 0 0 0 0 0 1 0 1 0 0 1 1 0 1 1 1 1 1 0 0 1 0 1 0 0 0 0 0 1 1 0 1 1 1 1 1 0 0 0 0 1 0 0 0 1 1 0 0 1 0 0 1 0 1 1 1 1 0 1 0 1
1 1 1 0 0 1 1 0 0 1 1 1 0 1 0 1 1 0 0 0 0 1 1 0 0 0 0 1 0 1 0 1 1 1 1 0 0 0 1 1 1 1 1 0 0 0 0 1 1 1 1 0 0 0 1 1 1 1 0 0 0 0 1 0 0 1 1 0 0
0 1 0 0 1 1 1 1 1 0 0 0 1 0 1 1 1 0 0 0 1 0 1 1 1 0 0 1 0 1 1 0 0 1 1 1 0 1 1 1 1 1 0 1 0 1 0 1 0 1 0 0 1 1 0 1 0 0 1 1 1 0 0 1 1 1 0 0 1
0 0 1 0 1 1 0 0 0 0 1 0 0 0 0 0 0 1 1 0 0 1 0 0 1 1 0 1 0 1 1 0 1 0 1 1 1 0 0 0 0 1 1 1 1 0 0 0 1 1 1 1 0 1 0 1 0 0 0 1 0 0 1 1 0 0 1 0 0
0 1 1 0 1 1 0 0 1 1 0 0 1 0 1 0 0 1 0 0 0 1 0 1 0 0 1 1 0 0 0 1 1 0 0 0 1 0 1 0 0 0 0 0 1 0 1 0 1 1 0 1 1 1 0 1 1 1 0 1 0 0 0 1 0 1 1 1 1
1 1 0 0 0 1 0 1 1 0 0 1 1 1 1 0 0 1 0 0 1 0 1 0 1 0 0 1 1 0 1 0 1 0 1 0 0 0 1 1 0 0 0 0 0 0 0 1 0 0 1 0 0 1 1 0 1 1 1 1 0 1 0 0 0 1 0 1 1
0 1 1 1 1 0 1 1 0 1 0 0 0 1 1 1 0 0 0 1 0 1 1 1 0 1 0 0 1 0 0 1 0 1 0 0 0 1 0 0 1 1 1 0 0 0 0 0 0 0 0 1 0 1 1 1 0 1 1 1 1 1 0 1 0 0 0 0 0
0 1 1 1 0 0 1 0 0 1 0 1 1 1 1 1 0 1 0 0 0 0 1 0 0 0 0 1 0 0 1 1 0 0 1 0 0 0 1 1 0 0 0 1 1 0 1 1 1 0 0 0 1 1 0 0 0 0 1 0 0 1 1 1 1 0 1 1 1
1 1 1 0 1 0 1 0 0 0 1 0 1 0 1 0 1 1 1 0 0 0 1 1 1 1 0 0 1 0 1 1 1 1 1 1 1 0 1 0 1 0 1 0 0 0 0 1 0 1 0 1 1 1 1 1 0 1 1 1 0 1 0 1 0 0 0 1 1
0 1 1 1 1 1 0 1 1 1 1 1 1 1 0 1 1 1 1 0 0 0 0 0 1 1 1 1 0 1 1 0 1 0 1 0 0 0 1 0 0 1 1 0 0 0 0 0 1 0 1 0 1 0 0 1 0 1 0 0 0 0 0 0 0 0 0 1 0
1 0 0 0 0 0 1 1 0 0 1 0 0 0 1 1 0 1 1 0 0 1 0 0 1 0 1 0 1 0 0 1 0 1 0 0 1 0 1 0 0 0 1 1 0 1 0 1 1 0 0 1 1 0 1 1 0 1 0 0 1 1 1 1 0 1 0 0 0
0 1 1 1 0 1 0 1 0 1 0 0 1 0 1 1 1 1 0 0 1 1 0 1 0 0 0 1 1 0 0 1 1 0 1 1 1 1 0 1 0 1 0 0 1 1 0 0 0 1 0 0 1 1 0 1 0 1 0 1 0 1 1 1 0 0 1 0 1
0 1 1 0 0 0 1 1 0 0 0 1 1 0 1 1 0 1 0 1 1 1 1 1 1 0 0 0 1 1 0 1 0 0 1 0 1 0 0 1 0 1 1 1 0 1 0 0 1 1 0 0 1 0 1 0 1 1 0 0 1 0 0 0 1 0 1 1 0
0 1 1 0 1 0 1 0 1 0 1 1 1 1 1 1 1 1 1 1 0 1 0 0 0 0 0 0 0 1 0 1 1 0 0 0 1 0 0 1 0 0 0 0 1 1 1 1 1 0 1 0 0 0 1 0 0 0 1 1 1 1 0 1 0 1 1 0 1
0 0 1 0 0 1 1 1 1 1 0 1 0 0 0 0 1 1 0 0 0 0 1 0 0 0 1 0 0 0 0 1 1 1 0 0 1 1 0 0 0 1 0 0 1 0 0 1 1 0 0 1 1 0 0 1 1 1 0 0 0 1 0 0 0 0 0 0 0
0 1 1 0 0 1 1 1 1 1 0 0 0 1 1 1 1 1 1 1 0 1 1 1 0 0 0 0 0 0 1 0 0 1 1 1 1 0 1 0 0 0 1 1 0 1 0 1 1 1 0 0 1 0 1 0 1 1 1 1 0 1 1 1 0 1 1 1 0
0 0 0 0 0 0 0 1 1 0 1 0 0 0 1 0 0 0 1 0 0 0 0 0 1 0 1 1 0 0 1 0 0 1 0 1 0 1 0 0 1 0 0 0 1 1 1 1 1 0 0 1 0 1 0 1 0 1 1 0 0 1 0 1 1 1 1 0 1
1 0 0 0 0 1 1 1 1 1 0 1 1 1 0 0 1 0 1 0 0 0 0 1 1 0 1 0 0 0 1 1 1 1 0 1 1 1 1 0 1 1 1 1 0 1 0 0 1 1 0 1 1 0 0 1 0 0 0 0 1 1 0 1 0 1 1 1 0
0 0 0 1 1 0 0 0 1 1 0 1 1 1 1 1 1 0 0 1 1 0 1 0 1 1 0 0 1 0 0 1 0 0 0 1 1 1 0 1 1 0 0 0 0 1 1 1 1 0 0 1 0 0 1 1 0 0 1 1 1 0 1 1 0 1 0 1 0
0 0 0 0 0 1 0 0 1 1 1 0 1 1 1 0 1 1 1 1 0 1 1 0 1 1 0 1 1 1 1 0 1 1 0 1 0 1 0 0 1 1 0 0 0 1 1 0 1 0 1 1 1 0 0 1 1 0 1 0 1 0 0 0 1 1 0 0 1
1 0 1 0 1 1 1 0 1 0 0 1 0 0 1 1 1 1 1 1 0 1 1 1 0 0 1 1 0 1 1 0 1 0 1 1 1 0 1 0 1 0 1 0 1 0 0 0 1 0 0 1 0 0 1 0 1 1 0 0 1 1 1 0 1 1 0 1 1
1 1 0 0 0 0 0 0 1 0 0 0 1 1 1 0 0 0 0 1 0 0 1 1 1 1 0 1 1 0 0 1 1 1 0 1 1 1 1 1 1 1 0 0 1 1 0 1 1 0 1 0 1 0 1 0 1 1 0 1 0 0 1 0 0 0 1 0 1
1 1 0 1 0 0 0 1 0 0 1 0 0 1 0 0 1 0 1 1 1 0 1 0 0 0 1 1 1 1 1 1 1 1 1 1 0 0 0 1 1 1 1 0 1 1 0 1 1 1 0 0 0 1 0 0 0 1 1 0 0 0 0 1 0 1 1 0 1
0 0 1 0 0 0 1 1 1 1 1 0 1 1 0 1 0 0 0 1 1 0 0 1 0 1 1 0 0 0 0 0 0 1 1 0 0 1 1 0 1 0 1 0 0 1 1 1 0 0 1 1 1 1 1 0 0 0 0 0 1 0 0 1 0 1 0 0 0
1 0 1 1 0 1 0 1 1 0 0 0 1 1 0 1 1 1 0 0 0 1 0 0 0 0 0 0 1 0 0 0 1 1 0 0 0 0 1 1 0 1 0 1 1 1 0 0 1 1 1 0 0 1 1 0 0 1 0 1 1 0 0 1 1 0 1 1 1
0 0 1 0 1 1 1 0 0 0 0 0 0 1 0 0 0 0 1 1 1 0 0 0 1 0 0 1 0 1 1 0 0 0 0 0 1 0 1 1 1 1 1 0 0 0 0 1 0 1 0 1 1 1 1 1 1 0 1 1 1 1 0 0 1 0 0 1 1
1 0 1 0 0 0 1 0 0 0 1 0 1 1 0 1 1 1 0 1 1 1 1 1 0 1 1 0 0 1 1 0 1 1 1 0 0 1 1 1 0 1 0 1 0 0 1 0 0 0 0 0 0 0 1 0 0 1 0 0 0 1 1 1 0 1 1 0 0
0 1 1 1 0 0 0 1 0 1 1 0 0 1 1 0 1 1 0 1 0 1 0 0 1 1 1 0 1 1 0 0 1 1 1 1 1 1 1 1 0 1 1 1 1 1 1 0 1 0 0 1 0 0 0 0 0 0 1 1 0 0 0 0 0 1 0 1 0
0 0 1 1 1 1 1 1 1 1 0 1 1 0 0 0 1 1 1 1 1 1 1 1 1 1 1 1 1 0 1 1 1 0 1 1 1 0 1 0 0 0 1 0 0 0 0 0 0 1 1 0 0 1 1 1 1 1 1 0 0 0 1 0 0 0 0 0 1
0 1 1 0 0 0 0 1 0 0 1 0 0 0 1 0 1 0 0 0 0 1 0 1 1 0 1 0 0 0 1 1 0 1 1 1 0 0 1 1 1 0 1 0 0 1 1 0 1 1 0 0 1 0 0 1 1 0 0 1 1 0 1 1 1 1 0 1 0
0 1 1 0 0 0 0 1 0 0 1 0 1 1 1 0 0 0 1 1 1 0 0 1 0 1 0 1 0 1 1 1 1 0 1 1 1 1 0 1 0 1 1 1 0 0 1 1 0 0 0 1 0 1 0 1 1 0 1 1 1 1 0 1 1 0 1 1 1
0 1 1 1 1 0 0 0 0 0 0 1 0 0 0 1 1 1 0 1 0 1 1 0 0 1 1 0 0 0 1 0 1 1 1 1 0 0 0 0 0 0 1 0 1 1 1 0 0 1 1 0 1 1 1 1 0 0 1 0 1 1 0 1 1 1 0 0 1
0 0 0 1 1 1 0 1 1 0 1 0 0 0 0 1 0 1 1 0 1 0 1 1 0 1 0 0 0 0 0 0 1 1 1 1 1 0 0 0 0 0 1 0 0 0 0 1 1 0 1 0 0 0 1 1 1 1 0 1 1 1 0 1 1 0 1 0 0
0 0 1 0 1 0 0 0 1 0 0 1 1 0 1 1 1 1 1 0 0 0 0 1 0 1 1 0 1 0 1 0 1 1 0 0 1 0 1 0 0 1 0 1 1 0 1 1 1 1 0 1 0 0 0 0 1 0 1 1 1 0 1 0 1 0 1 1 0
0 0 1 1 0 0 0 0 1 0 0 0 0 1 0 0 1 0 1 1 0 1 1 0 1 1 1 0 1 0 1 1 1 0 0 0 0 1 0 0 1 0 1 0 1 0 0 0 0 1 1 1 1 1 0 1 0 0 0 0 0 0 0 1 0 0 0 1 0
1 0 0 1 1 0 1 1 1 0 0 0 0 0 0 1 0 1 1 1 0 1 1 0 0 1 1 1 0 1 1 0 0 1 0 0 0 0 1 1 0 1 1 0 0 0 1 0 1 1 0 0 1 1 0 0 1 1 1 0 0 0 0 0 0 0 0 0 1
1 1 1 0 1 0 0 0 1 1 0 1 0 1 0 0 0 0 0 1 0 1 0 1 1 0 1 0 1 1 0 1 0 1 0 0 0 1 1 0 0 0 1 0 1 1 0 1 0 0 1 1 1 1 0 1 1 0 0 0 1 1 0 1 0 1 0 0 0
0 0 0 1 1 0 0 1 0 0 1 0 0 1 0 0 0 1 0 0 1 1 1 1 0 1 0 1 0 1 1 1 0 0 0 1 0 0 1 0 0 0 0 0 0 1 0 1 0 0 0 0 1 0 0 0 0 0 1 0 0 0 0 0 1 1 0 1 1
1 1 0 0 1 0 0 1 0 0 0 0 1 1 0 1 0 0 0 0 0 0 1 1 0 1 0 0 0 1 0 1 1 0 1 1 0 1 0 0 1 1 1 0 1 1 1 0 0 1 0 0 1 1 0 0 0 0 1 1 0 0 0 0 0 1 1 0 0
0 1 0 1 0 0 1 1 0 0 1 0 1 1 1 0 0 0 1 1 0 1 0 0 0 0 0 1 0 1 0 1 0 0 1 1 0 1 0 0 0 0 0 0 0 0 1 0 1 0 0 1 0 1 1 0 1 1 0 0 0 1 0 0 0 1 0 1 0
0 0 1 0 0 0 1 1 0 0 1 0 1 1 1 0 1 0 1 0 0 1 1 0 1 1 1 1 0 0 0 1 1 0 1 1 1 1 1 0 1 0 1 0 1 0 0 1 0 1 1 1 1 0 0 0 1 1 0 0 1 1 0 1 0 0 1 0 0
0 0 0 0 0 0 1 0 1 1 1 1 0 0 0 0 1 0 1 0 1 0 1 1 0 1 0 0 0 1 1 0 1 1 1 1 1 0 0 1 1 0 0 0 1 1 0 0 0 0 0 0 0 0 0 0 0 0 0 1 0 0 1 0 0 0 1 0 1
1 1 1 0 0 0 0 1 1 1 1 1 1 0 1 1 1 1 0 1 0 1 0 1 1 0 1 1 1 1 1 0 0 0 1 0 1 0 1 0 0 0 1 1 1 1 0 0 0 1 0 1 1 1 0 1 0 1 0 1 1 0 0 0 1 0 1 0 1
1 1 0 1 0 0 1 1 0 0 0 1 0 0 0 0 1 0 1 0 1 0 0 1 1 1 0 0 0 1 0 1 1 1 0 0 1 0 0 1 1 0 0 0 1 0 1 0 0 1 0 1 0 0 1 1 0 0 0 0 1 1 1 1 1 1 1 1 1
0 1 1 1 1 1 1 0 0 0 0 1 1 0 0 1 0 0 0 1 1 0 1 0 0 1 0 0 0 1 1 0 1 1 1 1 1 0 0 1 0 1 0 0 0 0 0 1 1 1 1 0 0 1 0 0 1 0 0 1 1 1 0 1 0 1 0 1 1
1 1 1 1 0 1 0 0 1 1 0 1 1 0 1 0 0 0 1 0 0 0 1 0 0 0 0 1 0 1 1 0 0 0 0 0 0 1 1 0 0 0 1 0 1 1 0 0 1 0 1 1 0 1 1 1 1 1 0 1 1 1 1 0 0 0 0 0 0
0 0 0 1 1 0 0 0 0 1 0 0 0 1 0 1 1 1 0 0 0 0 0 0 0 0 1 1 1 1 0 1 1 0 1 1 1 0 1 1 1 0 1 0 1 1 1 1 0 0 0 0 0 0 1 0 1 1 0 1 1 0 0 0 1 1 0 1 1
0 1 1 0 1 0 0 0 0 0 1 0 0 1 0 0 1 1 0 1 1 0 1 1 1 1 0 0 1 0 1 1 0 0 0 1 1 0 0 1 0 1 1 1 1 1 1 0 1 0 1 1 1 0 0 0 1 1 0 1 1 0 1 0 1 0 1 1 1
1 0 0 0 1 0 1 1 0 0 0 1 0 1 1 1 1 0 0 1 1 1 1 0 1 1 0 0 0 0 0 1 1 0 1 1 1 0 1 1 1 1 1 0 1 0 0 1 1 0 0 1 1 1 0 1 1 0 1 1 0 1 1 0 0 0 0 0 1
0 0 1 1 0 0 0 0 0 0 1 0 1 1 0 1 0 1 1 0 1 0 1 0 0 0 0 1 1 1 1 1 1 0 0 0 0 1 0 0 1 1 1 0 1 0 0 0 0 0 1 1 0 1 1 0 1 0 1 1 1 1 1 0 1 0 0 0 1
0 0 0 0 0 0 0 0 1 1 1 0 1 1 0 1 1 1 1 0 0 1 1 1 0 1 0 1 1 0 0 1 1 0 0 1 1 0 1 1 0 1 0 1 0 0 0 0 1 0 0 1 0 0 1 0 1 1 1 0 1 0 0 1 0 0 1 0 0
1 0 0 0 1 1 0 0 0 0 1 1 0 1 1 1 1 0 0 0 1 1 1 0 0 1 0 1 1 0 0 0 0 0 0 0 0 0 0 1 0 1 1 0 0 0 0 0 0 1 1 0 1 1 1 0 0 0 0 1 0 1 1 1 1 0 0 0 1
0 1 0 0 1 1 0 0 1 0 1 0 1 1 1 0 0 0 1 0 0 1 0 1 1 1 1 1 1 1 0 0 1 1 0 1 0 1 1 1 1 0 0 1 0 1 1 0 0 1 0 0 0 0 1 0 1 0 0 1 1 1 0 1 0 1 0 1 0
1 1 0 1 1 0 1 1 0 1 1 1 1 1 0 1 1 1 1 0 0 1 0 1 0 0 1 1 0 1 1 1 0 0 0 1 0 0 0 0 1 1 0 0 1 1 1 1 0 1 0 1 0 1 0 0 0 0 1 0 1 0 0 1 0 1 0 1 1
1 0 1 0 1 0 0 0 1 0 0 1 0 0 0 1 1 1 0 0 1 0 1 1 1 1 1 0 0 1 0 1 0 1 1 1 0 0 0 1 0 1 0 1 1 0 0 0 0 0 1 1 0 1 1 1 0 1 1 0 0 0 0 0 1 1 1 1 1
1 0 1 1 0 1 1 0 0 0 1 1 0 1 1 0 0 1 1 0 0 1 0 1 0 0 1 1 1 0 1 1 0 1 1 1 0 1 1 0 1 0 1 0 1 0 1 0 1 0 0 0 0 0 0 0 1 0 0 1 0 0 0 1 1 1 0 0 1
1 0 0 0 1 1 1 1 0 0 0 0 1 0 1 0 0 0 0 0 1 1 0 1 0 0 1 1 0 1 1 0 0 0 1 0 1 0 1 1 0 1 1 0 0 1 1 1 0 0 0 0 0 1 0 1 1 0 0 0 0 1 0 1 0 0 0 0 0
0 1 1 0 1 0 1 0 1 1 1 0 0 1 1 0 1 1 1 1 1 1 0 0 0 1 0 0 1 1 1 1 0 0 0 0 1 0 0 0 1 0 1 1 1 1 0 0 0 0 0 0 0 1 1 1 1 0 0 1 1 0 0 1 0 1 0 0 0
1 1 0 0 1 0 0 1 1 0 1 0 1 0 0 0 1 0 1 1 0 1 1 1 1 0 1 0 1 0 1 1 1 1 0 1 1 0 0 1 0 1 1 1 1 1 1 1 0 0 1 0 0 1 1 0 1 0 1 1 0 1 1 1 0 0 1 0 0
1 0 1 1 0 1 1 0 1 1 1 0 0 1 1 0 0 1 1 0 1 0 0 0 0 1 0 1 0 0 0 1 0 0 1 0 1 0 1 0 1 0 1 0 1 1 1 0 0 0 1 0 1 1 1 1 1 0 1 1 0 1 0 0 0 0 0 0 1
1 0 1 0 0 0 1 0 1 1 1 1 0 1 0 0 1 1 0 0 0 1 1 1 1 1 0 0 1 1 1 0 1 0 0 0 1 0 1 1 0 0 0 0 0 1 1 0 1 1 1 0 1 1 1 1 0 0 0 1 0 1 0 0 1 0 0 0 0
1 0 1 0 0 0 0 1 1 1 1 0 0 1 1 1 1 0 1 1 1 1 0 0 0 0 1 0 0 0 0 0 1 0 0 0 0 1 0 1 0 0 1 0 1 0 1 0 1 0 0 0 1 1 1 1 1 0 0 1 0 0 1 0 0 0 0 0 0
1 0 0 0 1 1 0 0 1 0 1 1 1 1 1 1 0 0 0 1 0 0 1 0 0 0 1 0 1 1 1 1 1 0 0 1 0 0 1 1 1 0 0 0 0 0 0 0 0 1 1 1 1 1 1 0 0 1 0 0 1 0 0 0 0 1 0 1 1
1 0 0 0 1 1 0 0 0 1 0 1 0 1 1 1 0 1 0 1 1 1 0 1 0 1 0 1 0 0 1 0 1 1 0 1 1 0 1 1 0 0 1 1 1 1 1 1 1 1 0 1 1 1 1 1 0 0 1 0 1 0 1 0 1 1 1 1 1
1 0 0 0 0 0 0 0 1 1 1 0 0 1 1 0 0 0 1 0 0 0 1 1 1 0 0 1 0 1 0 0 0 1 0 0 1 0 1 0 0 1 0 1 0 0 1 0 0 0 1 1 1 0 1 1 0 1 1 0 1 0 0 1 1 0 1 0 1
0 1 1 1 0 1 0 0 1 0 1 0 0 0 0 0 1 0 0 1 1 0 1 1 1 0 0 1 1 0 0 0 0 1 0 0 1 1 0 0 0 0 0 0 1 0 1 0 0 0 0 0 1 0 0 0 1 1 1 1 0 0 0 0 0 0 0 1 0
1 1 0 0 0 0 0 1 0 1 1 1 1 1 1 1 1 0 1 0 0 0 0 0 0 1 0 1 1 0 1 0 1 1 1 1 1 1 1 0 0 0 1 1 0 1 1 1 0 0 0 0 0 0 1 0 0 1 1 0 1 1 1 0 1 0 0 1 0
0 0 1 1 1 1 1 0 1 0 0 1 1 1 0 0 0 1 1 0 1 0 0 0 0 0 1 0 1 1 1 0 0 0 1 0 1 0 0 0 1 1 1 1 0 1 0 1 0 1 1 0 0 0 0 0 1 0 1 0 1 0 0 1 1 1 0 1 0
1 0 0 0 0 1 1 0 0 0 0 1 0 0 1 1 1 1 0 0 1 0 1 0 0 1 0 1 1 1 0 1 1 1 0 1 0 1 0 0 1 0 1 0 1 1 1 1 0 0 1 1 0 1 1 1 0 1 1 0 1 1 1 0 0 1 1 0 1
1 1 0 1 1 0 1 1 1 0 0 1 1 0 0 1 1 0 1 0 1 1 1 1 1 1 0 0 0 0 1 0 1 0 1 0 0 1 0 0 0 0 1 0 0 1 0 1 0 1 0 0 0 0 0 1 1 1 0 1 0 1 1 1 1 0 0 1 1
1 1 1 1 0 0 1 1 1 1 0 1 1 0 1 0 1 1 0 1 1 0 1 1 0 0 1 0 0 0 0 1 1 0 1 1 1 1 1 1 1 1 0 1 1 1 1 1 0 0 0 1 0 0 1 0 1 1 1 0 0 0 1 1 1 0 0 0 0
1 1 1 0 0 1 1 0 1 1 1 0 0 0 1 0 0 1 0 0 0 1 0 0 0 1 1 0 0 1 0 0 1 1 1 1 1 1 1 1 1 1 0 0 1 0 1 1 1 1 1 1 0 1 1 0 0 1 1 1 0 1 0 1 0 1 1 1 1
0 1 1 0 0 1 0 1 0 0 1 0 1 1 0 0 1 0 1 0 0 0 0 0 0 1 1 0 1 1 0 0 0 0 1 0 0 0 1 0 1 0 1 0 1 0 0 1 1 0 0 0 0 1 1 0 1 0 1 1 0 1 1 1 1 0 1 1 1
1 0 1 1 1 1 1 1 1 1 1 0 1 0 1 0 0 0 0 0 0 0 0 1 0 0 0 1 1 0 1 0 1 0 0 0 0 0 0 0 0 1 1 1 0 1 0 1 0 0 1 1 1 0 0 0 0 1 1 1 1 0 1 0 0 0 0 0 1
1 1 0 0 1 0 1 0 0 0 0 0 1 1 1 1 1 0 0 1 0 1 0 0 1 1 1 1 0 1 1 0 0 1 1 0 1 0 0 0 1 1 0 0 0 0 0 1 0 1 1 0 0 0 0 0 1 0 1 0 0 1 0 0 0 0 0 1 0
0 1 0 0 0 0 0 1 1 1 1 0 0 0 0 1 1 0 0 0 1 1 0 1 1 1 1 1 0 0 1 1 1 1 1 0 1 1 1 0 1 0 1 1 0 0 0 1 1 0 1 1 1 1 0 0 1 0 1 0 1 1 0 0 1 0 0 0 1
0 1 0 0 0 0 0 1 1 1 0 0 0 0 0 1 1 0 0 1 1 0 0 0 1 0 1 0 1 1 1 0 0 0 1 1 0 0 0 1 0 1 0 1 0 1 0 0 1 1 1 0 0 1 1 1 0 1 1 1 0 1 1 1 1 1 0 1 0
1 1 1 0 0 0 0 0 1 0 1 1 0 1 1 1 0 1 1 0 0 0 0 0 0 0 1 0 1 1 0 1 1 0 1 0 1 1 1 0 1 0 0 0 0 1 0 1 1 1 1 0 1 0 1 1 1 1 1 1 1 0 0 1 1 0 0 0 0
0 0 0 0 0 0 1 1 1 0 0 0 1 0 0 0 0 1 0 1 1 0 1 0 1 0 1 1 0 1 0 1 1 0 1 0 1 0 1 1 1 0 1 0 0 0 1 0 1 1 1 1 1 0 0 1 1 0 0 0 0 1 0 0 1 1 1 1 1
1 1 1 0 1 1 0 0 0 1 0 0 0 1 1 1 0 0 1 1 1 1 1 1 1 1 1 0 0 1 0 1 0 1 1 1 1 1 0 1 1 1 1 0 1 1 0 1 1 1 0 0 1 0 1 0 1 1 0 0 1 0 1 1 1 1 1 1 0
0 1 1 0 1 0 0 1 1 1 0 1 1 0 0 1 0 1 1 0 0 1 0 1 0 1 1 1 1 1 0 0 0 1 1 0 0 0 0 1 1 1 0 1 0 0 0 1 1 1 0 1 0 0 0 0 0 1 0 1 1 0 1 1 0 0 1 0 1
1 1 1 1 0 1 1 1 1 0 1 1 0 1 0 1 1 1 0 1 0 0 1 0 0 1 0 0 0 1 1 0 1 1 1 1 0 0 1 1 1 1 1 1 0 1 1 0 0 1 1 1 1 0 0 0 1 1 1 1 0 0 0 0 0 0 1 0 1
1 1 1 0 1 1 1 1 1 0 1 1 0 0 0 1 0 1 1 0 1 1 1 1 1 0 1 1 1 1 1 0 0 0 0 1 1 0 1 1 0 1 0 0 0 1 0 0 0 0 1 1 0 1 1 1 1 0 1 1 1 1 0 0 0 1 1 0 1
1 0 1 1 0 1 0 0 0 0 0 1 0 0 1 1 1 0 1 0 0 0 1 0 0 0 0 1 1 1 1 1 0 0 0 0 1 1 1 1 0 1 0 0 1 1 1 0 0 0 1 1 1 0 0 1 0 1 0 1 0 1 0 0 0 0 0 1 1
0 1 0 1 1 0 0 1 1 1 1 0 0 1 0 0 0 1 1 0 1 0 0 0 1 0 0 1 0 0 0 1 0 0 1 0 1 0 0 0 1 0 0 1 0 1 1 0 0 1 0 0 1 1 1 1 0 1 0 0 1 1 0 0 0 1 1 1 1
1 0 0 0 1 1 0 1 1 0 1 0 0 1 1 1 0 1 1 1 1 0 0 0 1 1 1 1 1 0 1 0 0 0 0 1 0 1 0 0 0 1 0 1 0 0 0 1 0 0 1 1 1 0 1 0 1 1 0 1 0 1 1 0 1 1 1 1 0
1 1 0 0 1 0 0 0 1 1 0 1 1 0 1 1 0 0 1 0 1 0 1 1 1 1 0 1 1 1 0 1 1 0 0 1 1 0 1 1 0 1 1 0 1 1 0 0 0 1 1 0 0 1 0 1 0 0 0 0 0 1 1 0 1 1 1 1 1
0 0 0 1 0 0 1 0 1 1 0 0 1 1 1 0 1 1 1 0 0 1 1 0 0 0 1 0 1 0 0 1 0 1 1 0 0 1 1 0 1 0 0 1 0 0 1 1 1 0 1 0 0 0 0 1 0 1 0 0 0 1 1 1 0 0 0 0 1
1 0 1 1 1 1 1 0 1 1 0 0 0 0 0 1 0 0 0 0 1 1 1 0 1 1 0 1 0 1 0 0 1 1 0 1 0 1 1 1 0 1 1 1 0 1 1 0 1 0 0 0 0 0 0 1 1 0 0 1 1 1 1 1 0 0 0 1 0
0 0 1 1 1 0 1 1 0 1 1 1 1 0 1 0 1 0 1 1 0 1 1 1 1 0 1 0 1 0 1 0 0 1 0 0 1 1 0 1 0 0 1 0 0 0 0 0 0 0 0 0 0 0 1 0 0 0 0 0 1 0 1 0 1 1 0 0 0
0 1 0 0 1 1 1 1 1 1 1 0 1 0 0 0 0 1 0 1 1 1 0 0 0 0 0 1 1 1 0 0 0 1 1 1 1 1 0 1 1 1 1 0 1 0 1 0 0 0 1 0 1 0 1 0 0 1 0 0 0 0 1 1 0 0 0 1 1
0 1 1 0 0 0 1 0 1 0 0 1 1 0 1 1 1 0 1 0 1 1 0 0 1 1 0 1 1 1 1 0 0 0 0 0 1 1 0 0 1 0 0 1 1 1 1 0 1 1 0 1 1 0 1 0 0 1 1 0 1 0 0 1 0 0 0 1 1
1 1 1 1 0 0 0 0 0 1 0 1 1 0 1 1 0 0 1 0 0 1 1 1 0 1 1 1 1 1 1 0 1 0 1 0 0 0 0 0 1 1 0 0 0 0 0 0 1 1 1 0 1 0 1 0 0 0 1 1 0 0 0 0 0 0 1 1 1
1 0 1 0 0 1 1 0 1 0 1 0 1 0 0 1 0 0 1 1 0 1 1 0 1 1 0 0 0 0 0 0 0 0 0 1 0 0 0 1 1 1 1 0 1 0 1 0 0 1 0 0 0 0 1 1 1 1 1 0 1 0 1 1 0 1 1 0 1
1 0 0 0 1 1 1 1 1 0 0 1 1 0 0 1 0 0 1 1 0 0 1 1 1 0 0 0 1 1 0 0 0 1 0 1 1 0 0 1 1 0 0 1 0 1 1 0 1 1 0 0 0 1 0 1 1 1 0 1 0 0 1 1 1 1 1 0 1
1 0 0 1 0 0 0 0 0 0 1 0 0 1 1 1 1 0 1 1 0 0 1 0 0 0 0 0 0 1 0 0 1 1 1 0 1 1 0 1 0 0 0 1 0 0 1 1 0 1 1 0 0 0 1 1 1 0 0 0 0 0 1 0 1 1 0 1 1
0 1 0 0 1 0 1 0 1 0 1 0 0 1 1 1 0 0 1 0 0 0 1 0 1 1 1 1 1 0 0 0 0 1 1 1 1 0 1 1 1 1 1 1 0 1 1 1 1 0 0 1 1 1 0 1 1 0 0 1 0 1 1 1 1 0 0 1 1
1 1 0 0 1 1 0 0 1 1 0 1 0 0 1 1 1 0 0 0 1 1 1 0 1 0 0 0 0 0 1 0 1 0 1 0 1 1 0 0 1 0 0 0 1 0 0 1 0 1 1 0 0 1 1 1 0 0 0 0 1 0 0 0 1 0 0 0 1
0 1 1 1 0 0 1 1 1 1 1 1 1 0 0 0 0 0 0 1 1 1 0 1 0 0 1 1 1 0 1 0 0 1 0 0 1 0 1 1 1 1 1 1 1 0 1 1 0 1 1 0 1 1 0 1 0 0 1 1 0 1 1 1 0 1 1 1 0
0 0 0 0 0 1 0 1 1 1 0 1 0 1 0 0 0 0 1 0 1 1 0 1 1 0 0 0 1 1 0 0 0 1 0 0 0 1 0 1 1 1 0 1 0 1 1 1 0 1 1 0 1 0 0 1 1 1 0 1 1 1 0 1 0 0 0 0 1
1 0 1 1 1 1 0 1 1 0 1 1 0 0 0 1 1 0 1 0 0 0 0 1 0 1 0 1 0 1 0 0 0 0 0 0 1 1 0 1 1 1 1 0 0 1 0 0 0 1 0 1 0 1 1 1 0 1 1 1 1 0 0 1 1 1 0 1 1
0 1 0 1 1 1 1 0 0 1 1 0 0 0 0 0 1 1 1 0 0 1 1 1 1 1 1 0 1 1 0 1 0 0 1 1 0 1 0 1 1 1 1 0 0 1 0 1 0 0 1 1 1 1 0 0 1 0 1 1 0 0 0 0 0 1 0 0 0
1 1 1 1 1 0 1 1 1 0 1 0 0 1 1 0 1 0 0 1 0 1 0 1 0 1 1 0 1 1 0 1 0 0 0 1 0 0 1 0 1 1 1 0 1 0 1 1 1 1 1 1 0 1 0 0 0 0 1 0 1 1 1 0 1 1 0 1 1
0 0 1 1 0 0 0 0 1 1 1 1 1 0 1 0 1 1 0 1 0 0 0 0 1 0 1 0 1 1 0 0 0 0 0 1 0 1 1 1 1 1 0 0 1 1 0 1 0 0 1 1 1 0 1 0 1 1 0 1 1 0 1 1 1 0 0 1 1
1 1 1 1 0 0 0 1 0 0 1 0 1 0 1 1 1 1 0 1 1 0 1 0 0 0 0 0 0 0 0 0 0 1 1 0 1 0 1 1 1 1 1 1 0 1 1 1 1 1 0 0 0 0 1 1 0 0 1 1 1 1 1 0 0 0 1 0 1
0 0 0 0 1 0 1 0 0 1 1 0 1 0 0 1 0 0 1 0 1 0 1 0 1 1 1 0 1 1 1 0 1 0 1 0 1 0 0 0 0 1 1 1 0 1 0 0 1 0 0 0 1 1 1 0 0 0 0 1 1 1 1 1 0 1 1 1 0
1 1 1 0 0 1 0 0 0 1 1 1 1 1 1 1 0 1 0 1 0 0 0 0 1 0 0 1 0 0 1 0 0 0 1 1 1 1 0 1 1 0 1 1 0 1 0 0 1 0 1 1 1 1 0 0 0 0 1 1 0 1 0 1 0 1 0 0 1
1 1 0 0 1 1 1 0 1 1 1 1 1 1 0 0 0 0 1 1 1 0 1 1 1 1 0 0 1 0 1 0 1 0 0 0 1 1 1 0 1 0 0 1 0 1 1 1 0 1 1 1 1 1 0 0 1 0 0 0 1 0 1 0 0 1 0 0 0
1 1 0 0 0 1 0 1 1 0 0 0 1 1 0 1 0 1 1 1 1 1 0 0 1 0 0 0 1 0 0 1 1 0 0 0 1 0 1 0 1 0 0 1 1 1 1 1 0 1 0 1 1 1 1 0 1 0 1 0 0 1 0 1 1 0 1 1 1
1 1 1 1 0 0 1 1 1 0 0 1 0 0 1 0 0 1 1 1 0 0 0 0 1 1 1 1 1 0 1 0 0 0 0 1 1 1 0 0 0 0 1 0 1 0 1 1 0 1 0 0 1 1 0 0 1 0 0 1 1 1 0 0 0 0 0 0 1
1 0 0 1 1 1 1 0 1 1 0 1 1 1 1 0 1 0 1 0 1 1 0 1 1 0 1 0 1 1 0 1 0 1 1 1 0 0 1 0 1 0 0 0 1 1 0 1 1 0 1 1 1 0 0 1 0 1 1 1 1 1 0 0 1 1 1 1 1
0 1 1 0 1 1 0 0 0 1 1 0 1 0 1 0 1 0 0 1 0 1 0 1 1 0 0 0 1 1 1 1 1 1 1 1 0 0 0 1 0 0 0 0 0 0 1 0 1 1 0 1 1 1 1 1 0 1 0 0 0 0 0 0 1 1 0 0 1
0 1 1 1 1 0 0 1 1 0 0 1 0 0 1 0 1 1 0 1 0 0 1 0 0 1 1 1 0 1 0 1 0 1 1 1 0 1 0 1 1 0 1 0 1 1 0 1 1 0 0 0 1 0 1 1 0 0 0 1 0 1 1 1 0 0 1 1 0
0 1 1 0 0 1 1 0 0 0 0 0 1 1 1 0 0 1 0 0 0 0 0 1 1 1 0 0 1 1 0 1 0 0 1 0 0 0 0 1 1 0 0 1 1 1 0 0 0 0 1 1 0 0 1 1 0 1 1 1 0 0 0 1 1 1 1 0 0
1 1 1 0 0 1 0 0 1 1 0 0 0 0 0 1 1 1 0 1 0 0 1 1 0 0 1 1 1 1 0 0 0 1 0 0 0 1 1 1 1 1 1 1 0 0 0 0 0 0 0 0 0 1 1 0 1 1 1 0 1 0 1 1 0 0 1 1 1
0 0 1 1 0 0 0 1 0 1 0 0 0 1 1 1 0 1 0 0 0 1 1 0 1 0 0 1 0 0 1 1 1 1 1 0 0 1 1 0 1 1 0 1 1 0 1 1 0 1 1 1 1 1 1 0 0 0 1 1 1 0 0 0 1 0 0 1 1
0 1 0 0 1 0 1 1 0 0 1 1 0 0 1 1 0 1 0 1 1 0 1 0 0 1 0 1 0 0 0 1 0 1 0 0 1 0 1 1 0 0 0 0 1 1 0 1 0 1 0 1 1 0 1 0 0 1 0 1 0 1 0 1 0 0 1 0 1
0 0 0 1 0 1 0 1 1 0 0 0 1 1 0 0 0 1 1 0 1 0 1 1 0 0 0 1 0 1 1 0 0 0 0 0 0 1 1 1 0 0 0 0 0 1 1 0 1 0 1 1 1 1 0 0 1 0 0 1 0 0 1 1 0 1 1 0 0
1 1 0 1 1 0 0 1 0 1 1 0 0 0 0 1 0 1 1 0 0 0 0 0 1 1 1 0 1 1 0 1 0 0 1 0 1 0 0 1 0 0 0 1 0 0 1 0 1 0 0 1 0 1 1 1 0 1 1 0 0 1 1 0 1 0 0 0 0
1 0 1 0 0 1 1 0 0 0 1 1 0 1 1 0 1 0 0 0 0 0 0 0 0 1 0 0 0 0 0 0 0 1 1 0 0 0 0 0 0 1 1 1 1 1 0 0 1 1 0 1 0 1 1 1 1 1 0 1 0 1 1 0 0 1 0 1 1
0 1 0 0 1 0 1 0 0 1 0 1 0 0 0 0 0 1 1 0 1 0 0 1 1 1 1 1 0 0 0 1 0 0 0 1 1 1 1 0 1 1 0 0 1 1 0 0 0 0 0 0 0 0 1 0 0 1 1 1 1 0 0 0 0 0 1 1 0
1 0 1 1 1 0 1 0 0 0 0 0 1 0 0 0 1 0 1 1 0 0 0 0 1 0 0 1 0 0 1 1 0 1 0 1 1 0 0 0 1 0 0 1 1 0 0 0 0 0 0 1 0 0 0 0 1 0 0 1 1 0 1 1 1 1 1 1 1
1 0 0 1 0 0 0 0 0 0 0 1 1 1 1 1 0 0 0 0 1 1 1 0 0 0 0 1 0 1 1 0 0 0 1 1 1 1 0 1 1 0 1 0 1 1 0 1 1 1 1 0 1 0 1 0 1 0 0 0 0 0 1 1 0 1 1 0 0
0 1 0 1 1 0 0 0 0 1 1 0 0 0 0 0 1 0 0 0 0 1 0 1 0 1 0 1 0 1 0 0 0 0 0 0 0 1 1 1 0 0 1 1 1 1 1 0 1 1 0 1 0 1 0 1 1 0 1 0 0 1 1 1 0 0 0 1 1
1 1 1 0 1 1 0 0 0 1 0 1 0 0 0 0 1 1 1 1 1 0 0 1 1 1 0 0 1 0 0 0 1 1 0 1 0 1 1 1 1 0 1 0 0 0 1 0 1 0 0 0 1 1 1 0 0 1 0 1 0 0 0 0 1 0 0 1 0
1 1 0 1 1 1 1 0 0 1 0 0 0 0 1 1 1 0 0 0 0 0 1 0 0 0 1 0 1 0 0 1 0 0 0 0 1 1 0 0 0 1 0 1 1 1 0 0 0 1 0 0 0 0 0 0 0 0 0 1 1 0 0 1 1 1 1 0 1
1 0 1 1 1 1 1 0 0 1 1 1 0 1 1 0 0 0 0 1 0 0 0 1 1 0 1 0 1 1 1 1 0 0 1 1 1 1 0 1 1 1 0 0 1 0 0 0 1 1 0 1 0 0 0 1 1 0 0 1 0 1 1 1 1 0 1 0 1
0 1 1 1 1 1 0 1 1 1 1 1 0 0 0 0 0 1 1 0 1 0 1 0 0 1 1 0 0 0 1 1 1 1 1 1 1 1 1 1 1 0 0 1 1 1 1 0 0 1 0 0 0 1 0 1 1 0 0 0 1 0 1 1 0 0 0 1 0
0 0 1 1 1 0 0 1 0 0 0 1 0 1 1 0 0 0 0 0 1 0 1 0 1 1 0 0 1 0 0 1 1 1 0 1 0 1 1 0 1 1 0 1 0 0 1 0 0 0 1 0 1 1 1 0 1 1 0 1 0 1 1 1 0 0 1 0 1
0 1 1 1 0 1 1 0 1 0 1 1 0 0 0 0 0 0 1 0 1 1 0 1 1 1 0 0 0 0 1 1 0 0 1 1 1 1 1 1 0 0 0 0 1 1 0 0 1 0 0 1 1 1 1 0 0 1 0 1 1 1 1 1 0 1 0 0 0
1 1 0 0 1 0 1 1 0 0 0 0 1 1 1 0 1 1 1 1 0 0 1 0 1 0 1 0 1 1 1 0 0 1 1 0 1 1 0 1 0 0 1 1 1 0 1 0 1 0 0 0 0 0 0 0 0 0 0 0 0 0 1 0 1 0 1 1 0
0 1 0 1 0 0 0 1 0 0 1 0 0 1 1 1 0 1 0 1 0 0 0 0 1 1 0 1 0 1 1 0 0 1 0 1 1 0 0 0 0 0 1 1 1 0 0 1 0 1 1 0 1 1 1 1 0 1 1 0 1 0 1 0 0 1 0 0 0
1 1 1 1 1 0 0 1 0 0 1 1 0 1 0 1 1 1 0 0 0 0 1 0 0 1 0 1 1 0 1 1 1 0 0 1 0 0 0 0 1 1 0 0 0 1 1 1 0 0 1 0 0 1 0 0 0 0 0 1 1 0 1 0 1 0 0 0 0
0 0 0 1 0 0 0 1 1 1 0 1 1 0 0 1 0 0 1 0 1 0 0 1 1 0 1 1 1 1 1 1 1 0 0 1 0 0 1 1 0 1 1 0 0 1 0 0 0 0 0 0 1 0 1 1 0 1 1 1 0 0 1 1 1 1 1 1 1
0 0 0 0 0 1 0 1 1 1 0 0 1 0 1 0 1 0 0 1 1 1 1 1 0 1 1 0 1 1 1 1 0 1 0 1 1 1 0 0 1 0 0 1 1 1 1 0 1 1 0 0 0 0 1 0 1 0 1 0 0 0 1 1 0 0 0 1 0
0 1 1 1 1 1 1 0 0 1 1 1 0 1 0 1 0 1 1 1 0 1 0 1 1 1 0 1 0 0 1 1 1 0 1 0 0 1 1 0 0 1 0 0 0 1 0 0 1 1 0 1 1 1 1 0 1 1 1 1 0 1 1 0 1 0 0 0 1
1 1 0 1 1 0 1 0 1 1 0 0 0 0 0 1 0 0 0 0 1 1 1 1 1 1 0 0 0 0 0 0 0 0 0 0 1 1 1 0 1 0 1 0 0 1 0 0 0 1 1 1 1 0 0 1 0 1 1 1 0 1 0 0 1 1 0 0 1
0 1 0 0 0 1 1 0 0 1 1 1 1 0 1 1 0 0 0 1 1 0 0 1 0 0 1 0 1 0 1 0 1 1 0 0 1 0 0 0 1 1 1 0 1 0 0 1 1 0 0 1 0 0 0 0 1 1 1 0 0 1 1 1 1 1 1 1 0
1 0 0 1 0 1 0 1 0 0 1 0 0 1 0 0 1 1 1 0 1 1 0 0 1 1 0 0 1 1 0 1 0 1 1 1 1 1 1 1 1 1 0 0 0 1 0 0 0 0 0 0 1 0 1 1 1 0 1 1 0 1 1 1 1 0 1 0 0
1 0 0 1 1 1 0 0 1 0 1 0 1 0 0 1 1 1 0 0 1 0 0 1 1 1 0 0 1 1 0 1 1 0 0 0 1 1 1 0 0 1 1 0 0 0 1 1 1 1 1 0 1 0 1 1 1 1 1 0 1 0 0 1 0 1 0 0 1
1 0 1 0 0 0 0 1 0 0 0 1 1 1 1 0 0 1 1 1 1 0 1 1 1 0 1 0 1 0 0 0 1 0 0 1 0 1 0 0 1 1 0 1 1 0 1 1 1 0 0 1 0 1 0 0 1 1 1 1 1 0 0 0 0 1 1 1 0
1 1 0 0 0 1 0 1 1 0 0 0 0 1 1 1 1 1 0 0 1 0 1 1 0 0 0 0 1 1 0 0 0 1 0 1 1 1 1 0 1 0 1 0 1 1 1 1 0 0 0 1 1 0 0 1 0 0 0 1 0 0 0 1 1 0 0 1 0
0 0 0 1 1 0 0 1 0 0 0 1 1 0 0 1 1 0 1 1 1 0 0 0 1 1 1 1 0 1 0 0 0 0 1 0 0 1 0 0 0 1 1 1 1 0 0 0 1 1 1 0 0 0 0 1 1 1 0 1 1 0 0 0 1 1 1 0 1
1 0 1 1 1 1 1 1 0 0 1 1 0 1 0 1 1 1 0 0 1 1 0 0 1 0 1 1 1 1 1 1 0 0 0 1 0 0 0 1 1 1 1 1 1 1 1 1 0 0 1 1 1 1 0 1 0 1 0 0 0 1 1 1 1 0 1 0 1
0 1 0 1 1 1 1 0 1 1 0 0 1 1 1 1 0 0 1 0 0 1 0 0 1 1 1 1 0 0 0 0 0 1 1 1 1 1 0 1 1 0 1 1 1 0 0 0 0 1 1 1 1 1 0 1 0 0 0 0 1 1 1 1 0 1 0 0 1
0 1 0 0 0 1 1 1 0 1 0 0 0 0 0 0 1 0 1 0 1 1 1 0 1 1 0 1 1 0 0 1 1 0 1 0 0 0 1 1 0 1 0 0 1 1 1 0 0 1 0 1 1 1 0 0 1 1 0 0 0 0 0 0 1 0 0 1 0
1 1 0 1 1 1 0 0 0 0 1 1 1 1 0 0 1 0 1 0 0 0 0 0 0 1 0 1 0 0 1 1 0 0 0 1 1 1 1 0 0 1 0 0 1 1 1 1 0 1 1 0 0 1 0 0 1 0 1 1 0 1 0 0 1 1 1 1 1
0 1 0 0 1 0 0 0 0 1 1 1 0 1 0 0 1 0 1 1 1 0 1 0 0 0 0 1 0 0 0 0 0 0 1 1 0 0 1 0 0 0 1 0 0 0 1 1 0 0 0 1 1 1 0 0 0 1 0 1 1 1 1 0 1 0 1 1 1
1 1 1 1 0 0 0 0 0 0 1 1 1 1 1 0 1 1 0 1 1 0 1 1 1 1 1 1 1 1 1 0 0 0 0 0 0 1 1 0 1 0 1 1 1 1 0 0 1 0 1 1 0 0 1 1 0 0 1 0 1 1 1 0 1 1 1 1 1
0 0 0 1 1 0 0 0 0 1 1 1 0 0 0 0 1 1 1 1 0 0 1 0 1 0 1 1 0 0 0 1 0 1 1 0 1 0 1 0 0 1 0 1 0 1 0 1 0 1 1 1 1 1 1 1 0 0 0 1 0 0 1 0 1 1 0 1 1
0 0 0 1 1 0 0 0 1 0 0 0 1 0 0 0 1 0 1 1 1 0 0 1 1 1 0 0 1 1 0 0 1 0 1 0 1 0 0 0 0 1 1 1 0 1 1 1 0 0 0 1 0 0 0 1 0 1 0 0 1 1 1 1 0 0 0 1 0
1 0 1 1 1 0 0 0 0 1 0 1 1 1 0 1 1 1 1 1 0 1 1 0 1 1 1 0 0 0 0 0 0 0 1 0 0 0 0 1 1 0 0 1 0 0 0 0 1 0 1 1 1 1 1 0 0 0 0 1 0 0 1 0 0 1 1 0 0
0 0 1 1 0 1 0 0 0 0 1 1 0 0 1 0 0 0 1 0 0 1 1 0 1 1 0 0 0 0 0 0 1 0 0 1 1 0 1 1 0 1 0 0 1 1 0 0 0 0 1 1 0 0 0 1 1 0 0 0 0 0 1 0 1 0 1 0 0
1 0 0 0 1 1 1 0 1 0 1 0 1 0 0 1 1 1 1 0 1 1 0 0 1 1 1 0 0 0 0 0 0 0 1 1 1 0 0 1 1 0 0 0 0 0 0 1 0 1 0 0 1 1 1 0 0 0 1 0 1 0 0 1 1 0 0 1 0
0 1 0 1 1 0 0 1 1 0 0 0 0 1 0 0 1 0 1 0 0 0 1 1 0 1 1 0 0 1 1 1 1 0 1 1 1 1 1 1 0 0 1 0 0 1 1 0 1 1 0 0 1 1 1 1 0 1 1 0 1 1 1 1 1 1 1 0 0
1 0 0 0 0 0 1 0 0 0 1 1 1 0 0 0 1 1 0 1 0 1 1 1 1 1 0 0 0 1 0 1 1 1 0 1 1 1 1 1 0 0 1 1 0 1 0 0 1 0 0 0 1 0 0 0 1 0 0 1 0 0 0 0 0 1 1 0 1
0 0 0 0 1 0 1 1 0 1 0 1 1 0 0 1 0 0 1 0 0 0 0 0 0 0 0 1 1 0 0 0 1 0 1 1 0 0 0 1 1 0 0 1 0 0 1 1 0 1 1 0 1 1 1 0 1 1 1 1 0 0 0 0 1 0 1 0 1
0 1 0 1 1 0 0 0 1 1 1 0 1 1 1 1 1 1 0 0 0 1 0 1 1 0 0 0 0 0 0 0 1 1 1 0 0 0 1 1 1 1 1 0 1 0 1 1 1 1 0 0 0 0 1 1 1 0 1 1 0 1 0 0 1 1 0 0 0
0 0 0 0 0 0 0 0 1 1 0 1 0 1 0 1 1 1 1 1 0 0 1 1 0 1 0 0 1 0 1 0 0 0 1 0 1 1 0 0 1 0 1 0 0 1 0 1 0 0 1 1 0 0 0 0 1 1 1 1 1 1 0 0 1 1 1 0 1
1 0 1 0 1 1 0 1 1 0 1 0 1 0 0 1 1 1 0 1 0 1 0 0 0 1 0 1 1 1 0 1 1 0 0 0 0 0 1 0 0 0 0 0 0 1 1 0 0 1 0 1 1 0 1 1 0 0 0 0 0 1 1 0 1 0 1 1 1
1 1 0 1 1 1 1 1 1 1 0 1 1 0 1 1 1 0 0 0 0 1 1 1 1 0 1 1 1 0 0 0 1 1 0 1 0 1 1 0 1 1 1 1 0 0 1 1 1 0 1 0 0 0 1 0 0 1 0 1 0 0 1 1 0 1 1 1 0
0 1 0 1 0 1 0 0 1 0 0 1 1 0 1 1 1 1 1 0 1 1 0 0 1 0 0 1 1 0 1 1 0 0 0 0 0 1 1 0 0 0 1 1 0 0 0 1 0 1 0 1 0 1 0 0 0 1 1 1 0 0 1 1 0 0 0 0 0
0 0 1 1 1 0 1 0 0 0 1 1 1 0 1 1 0 1 1 0 0 1 1 0 0 1 0 1 0 0 0 1 0 0 1 1 0 1 1 1 0 0 1 1 1 0 0 1 0 1 1 1 0 0 0 1 0 0 0 1 1 0 0 0 1 0 0 1 1
0 0 1 1 0 0 1 1 0 1 0 0 0 1 0 1 1 1 0 1 0 1 1 1 1 0 0 1 1 1 0 0 0 1 1 1 1 1 0 0 0 1 0 0 1 1 1 0 1 0 1 1 1 1 0 0 0 1 1 1 0 0 1 1 1 0 0 1 1
0 1 1 0 1 0 1 0 0 0 1 1 0 0 0 1 0 1 1 0 0 0 1 0 1 0 1 0 0 0 0 0 0 1 0 0 1 1 1 1 0 0 0 1 1 0 1 0 0 0 1 1 0 0 1 0 1 1 1 0 0 1 1 0 1 0 0 0 0
1 1 0 0 0 0 0 0 1 1 1 0 0 1 1 1 0 1 1 0 0 1 1 1 1 0 0 1 0 1 0 1 1 1 0 1 0 0 0 1 1 0 0 1 1 0 1 0 1 0 1 0 1 0 1 0 0 0 1 1 0 0 1 1 1 0 0 1 0
1 0 0 1 1 0 1 0 1 1 0 0 1 1 0 1 0 0 1 1 0 1 1 1 0 1 1 1 1 0 0 1 1 1 0 1 0 1 0 1 0 0 1 1 0 1 1 1 0 1 1 1 0 0 0 0 0 1 1 1 0 0 0 1 1 1 1 1 0
1 1 0 0 1 0 0 0 1 0 0 0 0 1 0 0 1 1 1 0 1 0 1 0 0 0 1 0 1 0 1 1 1 1 0 0 1 1 0 1 0 0 0 1 1 1 0 1 0 1 0 1 1 1 1 1 1 0 1 0 0 0 1 0 0 0 0 0 1
1 0 1 0 1 1 0 0 0 1 0 1 0 0 0 0 0 1 0 0 0 1 0 0 0 1 1 1 1 0 0 1 1 0 1 1 0 0 1 1 0 0 1 0 1 1 1 1 1 0 1 1 0 0 0 0 0 1 0 0 0 1 1 1 0 1 1 1 1
1 1 1 0 0 1 0 1 0 0 0 0 1 0 0 0 1 0 1 1 1 0 1 1 1 0 0 0 0 1 1 0 0 0 0 1 0 0 0 0 0 1 0 0 0 0 0 0 1 0 0 0 1 1 1 0 0 0 0 1 1 0 0 0 0 0 1 0 1
0 1 1 0 1 1 0 1 1 1 1 0 1 1 1 1 1 1 1 0 1 1 0 1 1 1 1 1 1 0 1 0 1 1 0 0 0 1 1 0 0 0 0 1 0 1 0 1 0 0 0 1 0 1 1 1 0 1 0 0 0 1 0 1 1 1 0 1 1
1 0 0 0 0 0 0 1 0 1 1 1 1 0 0 0 0 1 1 1 1 0 1 1 1 1 1 0 1 1 0 1 0 0 0 0 0 0 0 0 0 0 0 0 0 1 1 0 1 1 1 0 1 1 0 0 0 1 1 0 0 1 0 0 0 0 1 0 1
0 0 0 1 1 0 0 1 0 1 1 0 0 0 1 0 1 0 1 1 1 1 0 1 1 1 0 0 1 1 0 0 1 1 0 1 0 0 1 0 1 1 1 0 1 0 1 1 0 1 1 0 0 0 0 1 1 0 1 0 1 0 0 1 1 0 0 0 0
1 0 0 0 0 1 1 1 1 0 1 1 1 1 1 1 1 1 0 1 1 0 1 1 1 0 0 1 0 1 1 0 0 0 0 0 1 0 1 0 1 1 0 0 0 0 0 1 1 1 1 1 0 1 1 1 1 0 0 0 0 0 1 1 1 1 1 1 1
1 0 0 1 0 0 0 1 1 1 1 1 1 0 0 1 1 0 0 0 0 0 0 0 1 0 0 1 1 0 0 0 0 0 1 0 0 0 0 0 1 0 0 0 0 0 0 0 0 0 1 0 0 1 0 1 1 0 1 1 1 0 1 1 0 0 1 0 0
1 1 0 0 0 1 0 0 0 0 1 1 1 0 1 0 0 1 1 0 1 1 0 1 1 0 1 0 0 0 1 0 0 1 0 1 1 1 0 1 0 0 0 1 0 0 0 0 0 1 0 0 0 0 1 1 0 1 1 0 0 1 1 1 0 0 1 1 0
0 0 1 0 0 0 1 0 0 1 1 0 0 0 0 1 0 1 0 1 0 1 1 1 1 1 1 1 1 1 1 1 1 0 1 0 1 1 1 1 1 0 1 0 1 1 1 1 1 1 0 1 0 0 1 1 0 0 1 1 1 1 1 0 1 0 0 1 0
0 0 1 0 1 1 1 1 0 0 0 0 1 0 1 0 0 0 1 1 1 1 1 0 0 1 1 1 0 0 0 1 1 1 0 0 0 1 1 1 1 1 1 1 1 1 0 0 1 0 1 1 0 1 0 0 1 1 1 0 1 0 0 1 0 0 1 1 0
0 0 1 1 0 0 0 1 1 1 1 0 0 0 0 1 0 0 0 1 1 1 1 0 1 0 0 1 1 0 0 1 0 1 0 1 0 0 1 1 0 1 1 0 1 0 0 0 0 1 1 1 1 0 0 1 0 0 0 1 1 0 1 0 1 1 0 0 1
1 1 0 0 0 1 1 1 1 0 0 1 1 1 1 0 0 0 1 1 0 1 1 1 1 0 1 1 0 0 0 0 1 1 1 0 0 1 0 1 0 1 1 1 1 0 0 0 1 1 0 1 1 1 1 0 0 0 1 0 0 1 1 0 1 1 0 0 0
1 0 1 0 1 0 1 1 1 0 1 0 0 0 1 1 1 1 0 0 0 0 0 1 1 1 0 0 0 0 0 0 1 0 0 0 1 1 0 1 1 1 1 0 1 1 0 0 0 0 0 0 1 0 0 1 1 0 1 0 0 0 0 0 1 0 1 1 1
0 0 1 1 1 0 0 0 1 0 1 0 1 0 0 0 0 0 0 0 0 0 0 1 0 0 0 1 0 1 1 1 0 0 1 0 0 1 0 1 1 1 0 0 0 0 0 0 1 1 1 0 1 0 0 0 1 1 0 1 1 0 0 1 1 1 0 1 1
0 0 0 1 0 0 1 0 1 1 1 0 0 0 1 1 0 1 0 0 1 0 1 1 1 1 1 0 0 0 1 1 0 1 1 0 1 1 0 1 1 1 0 1 0 0 1 0 1 1 1 0 0 1 0 1 0 0 0 1 1 0 0 0 0 0 1 0 1
1 0 1 1 1 1 1 1 1 0 0 0 1 1 0 1 1 1 1 1 0 1 1 0 1 1 0 1 1 0 1 1 1 0 1 0 1 1 1 0 1 0 0 1 0 0 0 1 0 0 1 0 0 0 0 0 0 1 1 0 1 1 0 0 1 1 0 0 1
0 1 0 1 0 1 1 1 0 1 0 0 0 1 1 1 0 0 0 0 0 0 1 0 0 1 0 0 0 1 1 1 0 1 0 0 1 0 0 1 1 1 1 1 0 0 1 0 0 0 1 1 0 0 1 0 1 0 1 0 0 0 0 1 1 1 0 0 0
0 0 1 1 1 0 1 0 0 0 0 1 1 0 0 0 0 1 1 1 1 0 0 1 0 1 1 1 1 1 0 1 1 1 0 0 1 1 1 1 0 0 0 0 0 1 1 1 1 0 1 0 0 1 1 0 1 1 0 0 1 1 1 1 1 0 1 1 1
0 0 1 0 1 0 0 1 0 1 1 0 0 1 1 0 0 0 1 1 0 0 1 0 0 0 1 0 0 1 1 0 0 0 1 0 0 0 0 0 0 0 1 1 1 1 1 1 1 1 1 1 1 0 0 0 1 0 1 0 0 1 1 0 0 0 0 0 1
1 0 1 0 0 1 0 1 0 0 0 1 1 0 1 0 0 1 0 1 0 1 0 1 1 1 0 0 1 0 0 0 0 0 1 0 0 1 1 0 0 1 1 1 0 0 1 0 1 1 1 0 0 1 0 0 0 0 0 0 0 0 0 0 0 0 0 0 0
1 1 0 0 0 0 1 1 0 1 1 0 0 1 0 0 1 0 1 1 0 0 0 0 0 1 0 0 1 0 1 0 0 0 0 0 0 1 1 0 1 1 1 1 0 0 1 0 0 0 1 1 0 0 1 1 0 0 1 1 0 0 1 0 0 1 1 0 1
1 0 0 0 1 0 1 0 0 0 1 0 0 1 1 0 1 1 1 0 0 0 1 0 1 0 1 1 1 0 0 0 1 0 1 0 0 1 1 0 1 1 0 0 1 0 0 0 0 1 0 0 1 1 0 0 0 0 0 0 0 0 0 1 1 1 0 1 0
1 1 1 1 0 1 0 1 1 0 0 0 0 0 1 0 0 1 1 1 0 1 0 0 0 0 0 1 1 0 1 0 0 0 1 1 0 0 1 1 0 0 0 1 0 0 1 1 0 1 1 0 0 0 1 1 0 0 0 1 1 0 0 1 0 0 1 1 1
0 1 0 1 0 1 0 0 0 0 1 0 1 0 0 0 0 1 0 1 0 1 1 1 0 0 1 0 0 0 1 0 0 0 1 1 1 0 1 0 0 0 1 0 0 1 1 0 0 0 1 1 0 1 0 0 0 0 1 0 1 0 1 1 0 0 0 0 0
0 1 0 1 1 1 0 1 0 0 1 1 1 1 1 0 1 0 0 0 1 1 0 1 0 0 1 1 0 1 1 0 1 0 1 0 1 0 0 0 0 0 1 1 1 1 0 1 0 0 0 1 1 0 1 1 1 1 1 1 0 0 1 1 1 0 1 1 0
0 1 1 0 1 0 1 0 0 0 0 1 1 0 1 1 0 0 1 0 0 0 1 1 1 1 1 1 1 1 1 0 0 0 0 0 0 1 0 1 1 0 0 1 0 0 1 0 1 0 0 0 1 1 1 1 0 1 0 0 1 0 0 1 1 1 0 1 0
1 1 1 0 1 0 1 1 0 0 0 0 0 0 0 1 1 1 0 0 1 0 1 0 1 0 1 1 0 0 1 1 1 0 0 1 1 1 1 0 1 0 0 0 0 0 0 0 1 0 1 0 1 0 0 1 0 0 0 1 1 0 1 1 1 0 1 1 0
1 1 1 0 1 0 0 1 0 0 0 1 1 1 0 1 0 0 1 0 0 0 1 1 1 1 1 0 0 1 1 0 0 1 1 0 1 0 1 0 1 0 0 0 1 0 1 1 1 0 0 0 0 1 1 1 1 1 0 1 0 1 0 1 0 1 1 0 1
0 0 1 0 1 0 0 1 1 0 1 0 1 0 0 0 1 1 0 0 1 0 0 0 1 1 1 1 0 0 0 1 0 0 1 0 1 1 0 1 0 1 1 1 1 1 1 1 0 0 1 1 0 1 0 1 0 0 1 0 0 1 0 0 0 1 0 0 1
1 1 1 1 1 1 1 0 1 0 1 1 1 1 0 1 1 0 1 0 1 1 1 0 1 1 1 1 0 1 1 0 0 1 0 0 0 1 0 1 1 0 1 0 0 1 1 1 1 0 0 1 1 1 0 1 1 1 0 1 1 1 0 0 0 0 1 0 1
0 0 1 0 0 0 1 0 1 1 0 1 1 1 1 1 0 1 0 1 1 1 0 0 1 1 1 1 1 1 0 1 0 1 1 0 0 0 1 0 0 0 0 1 1 0 1 0 0 0 0 0 0 0 1 0 0 1 0 0 1 0 0 0 1 0 1 0 0
1 0 1 1 0 0 0 0 0 1 0 0 0 1 0 0 0 1 1 0 1 1 1 0 0 1 0 0 1 0 1 0 0 0 1 0 1 0 0 1 0 0 0 1 0 0 0 1 1 0 1 0 1 0 1 0 1 1 0 0 0 0 1 0 0 1 0 1 1
0 1 0 1 1 0 1 1 0 0 1 1 1 1 1 0 1 0 0 0 1 0 0 0 0 1 0 1 1 0 1 1 0 0 1 1 0 1 0 1 0 0 1 1 0 1 0 0 1 1 1 1 1 0 1 1 0 0 0 0 0 0 0 0 0 0 1 0 0
1 0 1 0 0 0 1 1 1 1 1 0 0 0 1 1 0 1 1 0 1 0 1 1 0 0 0 0 0 1 0 0 1 1 0 0 0 1 1 0 0 0 1 0 1 0 0 1 0 0 1 0 0 1 0 0 1 0 1 0 1 1 0 0 1 1 0 0 0
0 1 1 0 1 1 0 1 1 0 0 0 0 0 0 0 1 0 1 0 0 1 1 0 0 1 0 1 0 0 0 0 0 0 0 1 0 0 0 0 1 0 0 0 0 0 0 0 0 0 0 1 1 0 0 0 1 0 1 0 1 1 0 1 0 1 0 0 0
1 0 1 0 1 0 0 1 0 0 0 1 1 0 0 1 0 0 0 0 0 1 0 1 0 0 0 0 1 0 0 1 1 1 1 1 0 0 0 0 0 0 0 1 1 1 1 0 1 1 1 0 0 0 1 0 0 1 1 0 1 1 1 0 1 0 1 1 1
0 1 0 0 1 1 1 1 1 0 1 1 1 0 1 1 1 1 0 1 0 0 1 0 1 0 0 1 1 0 0 0 1 0 1 1 0 1 0 0 1 0 0 1 0 0 1 0 0 0 1 0 1 0 0 0 1 0 1 1 1 1 0 0 1 0 0 0 0
1 1 0 1 0 0 1 0 0 1 0 1 1 0 0 1 0 0 1 1 0 1 0 1 0 0 0 1 1 0 0 1 0 0 1 1 1 1 1 1 1 0 1 0 1 0 0 1 0 1 0 0 1 0 0 1 0 1 1 1 1 0 1 1 1 1 0 0 0
1 0 1 0 0 0 1 1 1 0 0 0 1 0 0 0 0 1 0 0 1 0 1 0 0 0 1 1 0 0 0 0 0 0 0 1 0 1 1 0 1 1 1 1 1 0 0 1 0 1 0 0 1 1 1 1 0 1 0 0 1 1 1 1 1 0 0 0 1
1 0 1 1 1 0 1 0 0 0 1 1 1 0 0 0 0 1 0 0 1 0 1 0 1 1 1 0 0 0 0 0 0 1 0 1 1 1 0 0 1 1 0 0 0 1 1 0 1 1 1 1 1 0 0 0 1 0 0 0 0 0 0 1 0 0 0 0 0
0 1 1 0 1 1 1 1 0 0 0 1 1 1 0 0 0 1 1 0 0 1 1 0 0 1 1 0 1 0 0 0 0 1 0 1 0 0 1 1 0 1 0 1 0 1 1 1 0 0 1 1 1 0 0 1 1 0 1 1 1 1 1 0 0 0 1 0 1
1 0 1 0 1 0 1 0 1 0 0 1 0 1 1 0 1 0 0 1 0 1 0 0 0 1 1 0 0 0 1 1 1 0 0 0 0 0 1 1 0 1 0 1 0 0 1 1 1 1 0 1 0 1 0 1 0 1 1 1 1 0 0 1 0 1 0 0 1
1 0 1 0 1 0 1 0 1 1 1 0 0 1 0 0 1 1 1 1 1 0 0 0 0 1 0 1 1 1 0 1 0 1 0 1 1 1 0 0 1 1 0 0 0 1 0 1 1 1 1 0 1 1 0 0 0 1 0 0 1 1 1 0 1 0 0 1 0
0 0 0 1 0 0 0 1 1 1 0 0 0 1 1 1 0 1 0 1 1 1 0 1 0 0 0 0 0 0 0 0 1 0 0 0 1 1 1 0 1 1 0 0 1 0 0 1 1 1 0 1 0 0 0 0 1 1 0 0 1 1 1 1 1 0 0 1 0
0 1 1 1 1 1 1 0 1 0 1 1 0 0 1 0 1 0 1 0 0 0 0 1 1 0 0 0 0 1 1 0 0 0 1 0 1 0 0 1 0 0 0 0 1 0 1 0 0 0 1 1 1 1 0 0 0 0 1 1 1 1 0 0 0 1 1 0 0
0 0 0 0 0 1 1 0 1 1 0 1 1 1 1 0 0 1 1 1 0 0 1 1 0 0 0 1 1 0 0 0 1 0 0 0 0 1 0 0 1 1 1 0 1 1 1 1 1 1 0 1 1 1 1 1 0 0 0 0 1 0 1 0 0 0 1 1 1
0 1 0 1 1 0 1 1 0 0 1 1 1 1 0 0 0 0 0 0 0 1 1 1 0 1 0 1 1 1 0 0 0 1 1 1 0 1 0 0 0 1 0 1 1 0 1 0 0 1 1 1 1 0 1 1 1 1 0 0 0 0 0 1 1 1 1 0 1
0 0 1 0 0 1 0 0 1 1 1 0 0 0 0 1 1 0 0 1 1 1 1 1 0 1 1 0 0 1 1 0 1 0 0 1 0 0 0 0 1 0 1 1 1 0 0 0 0 1 1 1 1 1 1 0 0 0 0 0 0 1 0 0 1 0 0 1 1
0 1 1 1 1 1 0 1 1 0 0 0 0 1 1 0 0 0 1 0 1 0 0 0 0 0 1 0 1 1 0 0 0 0 0 1 1 1 1 1 0 1 1 1 0 0 1 0 1 1 0 0 1 1 0 0 0 0 0 0 1 1 0 0 1 0 0 1 1
1 0 1 1 0 1 0 1 0 0 1 0 0 0 0 1 1 1 1 0 1 0 0 1 1 0 1 1 1 0 0 0 0 1 1 1 0 1 1 1 0 0 0 1 1 0 0 1 0 0 0 0 0 0 1 1 0 1 1 1 1 0 0 0 0 1 0 1 1
0 0 0 0 0 0 0 0 0 1 0 0 0 0 1 1 0 1 1 1 1 0 0 1 0 1 0 1 0 0 0 1 0 0 1 0 0 1 0 1 0 1 1 1 1 1 0 1 0 1 1 1 0 0 0 0 0 0 1 0 1 1 1 1 0 0 0 0 0
1 1 1 1 1 1 1 0 1 1 0 1 1 0 0 0 1 0 0 0 0 1 0 0 1 0 1 0 0 0 1 1 0 0 0 1 0 0 0 1 1 1 1 1 0 1 1 1 0 1 0 0 1 0 1 1 0 1 1 1 0 1 0 0 0 0 0 1 0
0 1 1 0 0 1 0 1 0 0 1 0 1 1 0 0 1 0 1 0 1 0 0 1 0 0 0 0 0 0 1 1 1 1 0 1 1 1 0 1 1 1 1 0 0 0 1 1 0 1 1 1 0 0 1 1 1 1 0 1 1 0 1 0 1 1 0 0 0
0 0 0 1 1 1 0 1 1 0 1 0 0 1 0 1 0 0 1 1 1 1 1 1 1 0 0 1 0 0 0 0 1 1 1 0 0 0 1 1 1 1 0 0 0 0 1 0 0 0 1 1 0 0 1 1 1 1 1 1 0 1 0 0 0 1 1 1 1
0 1 0 0 1 1 1 0 0 1 0 1 0 1 0 0 1 0 1 1 1 1 0 1 0 0 0 1 1 1 1 0 0 1 1 1 1 1 1 0 0 1 0 1 1 0 0 1 1 1 1 1 0 1 0 1 0 0 1 0 0 1 0 1 1 0 1 0 1
1 1 0 0 0 0 0 1 1 0 0 1 0 0 1 0 1 0 1 0 1 1 1 0 1 1 0 1 1 0 1 1 0 1 0 1 0 1 1 1 1 0 1 0 0 0 1 1 1 1 1 1 0 0 0 0 1 1 1 0 0 1 0 1 1 0 0 0 0
1 1 1 1 1 0 1 0 0 1 0 0 0 0 1 0 0 1 0 1 0 0 0 1 0 0 1 1 1 0 0 0 1 0 0 0 0 0 0 1 1 1 0 1 0 0 0 1 1 0 1 0 0 1 0 1 0 1 0 0 1 1 0 0 0 0 1 0 0
0 0 1 1 1 1 1 1 0 1 1 1 0 0 0 1 0 0 1 0 1 0 0 0 1 1 0 1 1 0 1 1 0 1 0 1 1 1 0 1 1 1 1 1 1 0 0 1 1 1 1 1 0 1 1 1 1 0 1 1 1 0 0 1 0 1 0 1 0
0 0 1 1 1 1 0 1 0 1 0 1 0 0 1 0 1 1 1 1 0 1 0 0 0 0 0 0 1 1 1 0 0 1 1 1 0 1 1 0 1 0 1 1 0 1 0 1 0 1 1 1 0 1 0 0 1 1 1 1 1 0 0 1 1 1 0 0 0
0 0 0 1 1 1 0 1 0 1 1 0 0 1 0 0 0 0 1 0 0 0 1 1 1 0 1 1 0 0 0 1 1 1 0 0 0 1 0 0 1 0 1 1 1 0 1 0 0 1 0 0 1 0 0 0 0 0 0 0 0 0 1 0 0 0 0 0 0
1 0 1 1 0 0 1 0 0 1 1 0 1 1 0 0 1 1 0 1 0 1 0 0 0 1 1 1 0 1 0 0 0 1 0 1 1 0 0 0 0 0 1 0 1 0 1 0 1 1 1 0 1 1 0 1 0 0 1 0 1 1 1 1 1 1 0 0 1
1 0 1 0 0 0 0 0 0 0 1 1 0 0 0 0 1 0 1 1 1 1 1 0 1 1 1 0 1 0 0 0 1 1 1 0 1 0 0 0 1 1 0 0 0 1 1 0 1 1 0 0 0 1 1 1 0 0 0 0 1 1 0 0 0 1 1 1 1
0 0 1 0 1 0 1 1 1 1 0 0 0 0 0 0 0 0 1 1 0 0 0 1 1 0 1 1 0 1 0 1 0 0 1 1 0 0 1 1 0 0 1 0 0 0 1 1 0 0 1 1 0 1 1 0 0 1 1 0 0 0 0 0 0 0 0 1 0
0 1 1 1 0 0 1 0 0 0 0 0 0 0 1 1 1 0 0 0 1 1 1 0 1 0 1 0 1 1 1 1 0 0 1 1 1 0 0 0 0 0 0 0 0 1 1 1 0 1 1 0 1 1 0 0 0 1 1 0 0 1 1 0 0 1 0 0 1
0 0 0 1 0 1 0 0 0 0 0 0 1 0 1 1 0 1 0 0 1 0 0 0 0 0 0 1 1 0 0 0 0 1 1 1 0 1 0 0 0 1 0 0 0 1 1 0 1 0 0 1 0 0 0 0 1 0 0 0 1 0 1 0 1 0 1 1 1
0 0 0 0 1 0 1 0 0 1 0 0 0 1 1 1 1 0 1 0 0 0 0 1 0 1 0 1 0 0 0 0 0 0 1 0 1 1 0 1 0 0 1 0 0 0 1 0 1 0 1 1 0 1 1 1 1 0 0 0 1 0 0 1 0 0 1 1 1
1 1 1 0 0 1 0 0 1 0 0 0 0 0 1 0 0 1 0 0 1 0 1 1 1 1 0 0 1 0 1 1 1 1 1 1 1 0 1 1 0 1 0 0 0 1 1 0 0 0 0 1 1 1 0 1 0 0 1 0 1 1 1 0 0 0 0 1 0
0 1 1 1 1 0 0 1 0 1 1 1 1 0 1 0 1 1 0 0 0 0 0 0 0 1 1 1 0 1 1 0 0 1 0 1 1 0 0 1 0 1 1 0 0 0 1 0 1 1 0 0 0 1 0 0 0 0 1 1 0 1 0 1 1 1 1 1 1
0 0 1 0 1 0 1 1 1 0 1 0 1 1 0 0 0 1 1 0 1 1 1 1 1 0 0 0 0 1 0 0 0 1 1 1 0 0 0 0 1 0 1 0 0 1 0 1 0 1 0 1 0 1 1 1 0 0 0 0 0 1 1 1 1 0 1 0 0
1 1 1 1 0 1 0 0 0 0 1 0 1 0 1 1 1 0 1 1 1 0 0 1 0 1 1 0 0 1 0 0 1 0 0 0 0 0 0 0 1 0 1 0 0 1 0 1 0 0 0 0 1 0 0 1 0 0 0 0 1 1 0 1 1 1 0 0 0
1 0 0 1 0 0 1 1 0 1 1 0 0 1 1 1 1 0 1 0 1 0 0 0 0 0 0 0 1 0 1 0 1 0 0 1 1 0 1 0 0 0 0 0 1 1 1 0 0 1 0 0 1 1 0 0 0 1 0 0 0 1 0 0 0 0 0 1 0
0 0 1 0 0 1 0 0 1 0 0 0 0 1 1 0 0 0 0 0 1 1 1 0 0 0 0 1 1 0 0 1 1 0 0 0 1 0 0 1 1 0 1 1 0 0 1 1 0 0 0 0 0 1 1 0 1 0 1 1 0 0 1 0 0 1 1 0 0
0 1 1 1 0 1 0 1 0 0 1 0 0 0 0 1 1 1 1 1 1 1 1 0 1 1 1 0 0 0 0 0 1 0 1 0 0 1 0 0 0 0 1 1 1 1 0 1 0 0 1 0 0 1 1 0 1 1 0 1 1 0 0 0 0 0 0 0 0
1 0 0 0 1 0 0 0 1 0 1 0 1 0 0 0 1 1 1 1 1 0 0 1 0 1 1 0 0 1 1 0 0 1 1 0 0 0 0 1 1 0 0 0 0 1 1 1 1 1 1 1 1 0 1 0 0 1 1 0 1 0 1 1 0 1 0 1 1
0 0 1 1 0 0 1 0 1 0 0 1 1 1 1 1 0 0 0 0 0 0 1 1 1 1 1 0 0 1 0 0 0 0 0 0 1 0 1 1 0 0 0 0 0 1 0 1 0 1 0 1 1 0 1 0 1 0 1 1 1 1 1 1 0 0 0 0 0
1 1 1 1 1 0 1 1 1 0 0 1 0 0 0 0 1 1 0 0 0 1 0 1 1 0 0 0 0 0 0 1 0 1 1 0 1 1 1 0 0 1 0 1 1 0 0 0 0 1 1 0 1 0 0 1 1 0 0 0 0 1 0 1 0 1 0 0 0
1 1 0 0 1 1 0 1 0 1 1 0 0 0 1 1 1 0 0 0 0 1 1 0 0 0 0 0 1 0 0 0 1 0 1 0 1 0 0 0 0 0 1 1 1 1 1 0 1 0 1 1 0 0 0 0 1 0 1 0 0 0 0 0 0 0 1 0 1
0 1 0 1 1 1 0 1 0 1 1 0 0 1 1 1 1 1 0 1 1 0 1 0 0 1 1 1 1 0 1 0 0 0 0 0 1 0 1 0 0 1 0 1 0 0 1 0 0 1 1 0 1 0 0 0 1 1 0 0 1 0 0 1 0 1 0 1 0
1 1 0 0 0 0 1 1 1 1 1 1 0 1 0 0 0 1 0 0 1 0 0 1 0 1 0 0 1 1 0 1 0 1 0 0 1 0 1 0 1 1 0 1 0 1 0 1 1 0 0 0 0 1 0 1 0 0 0 1 0 0 0 0 1 0 0 1 0
0 0 0 0 0 1 0 1 0 0 0 1 1 1 1 0 1 0 0 1 0 0 1 0 1 1 1 1 0 1 0 0 0 0 1 1 0 1 0 1 0 0 0 1 0 0 0 1 0 0 1 0 0 1 1 0 0 1 1 0 1 0 0 1 0 0 1 1 0
0 1 0 0 1 0 1 0 1 1 0 1 1 0 1 1 0 1 1 0 1 0 0 0 0 0 1 0 1 0 0 1 0 0 1 0 0 1 1 1 0 0 0 0 0 1 1 0 1 1 0 0 0 0 0 1 1 1 0 0 0 0 1 0 0 1 0 0 1
1 0 0 0 1 1 1 1 0 1 1 1 0 0 0 0 0 1 1 1 0 0 1 0 0 0 1 0 0 1 0 0 1 0 0 0 0 0 0 0 0 0 1 1 0 0 0 0 1 0 0 0 0 0 0 0 0 0 0 1 0 1 0 1 1 1 0 0 0
1 1 0 1 0 1 0 1 0 1 0 1 0 1 1 1 0 0 0 1 1 1 0 0 1 0 0 0 0 1 1 1 1 1 0 0 0 0 0 1 0 0 1 1 1 0 0 0 0 1 1 0 0 1 0 1 1 1 0 0 0 1 1 1 0 0 1 0 0
0 1 1 0 1 0 0 0 0 1 0 1 1 1 1 0 0 0 1 0 0 0 0 0 0 0 0 1 0 1 1 1 1 1 0 0 0 1 0 0 1 1 0 0 0 0 0 0 0 0 1 0 0 0 0 0 0 0 0 1 0 0 0 0 0 0 0 0 0
C Elapsed Time 258289.460000 
