590 47 2^47 6
1 0 0 1 1 1 1 0 1 1 1 0 1 1 1 0 0 1 0 1 1 0 0 0 0 0 0 1 1 1 1 0 0 1 1 0 0 0 1 0 1 0 0 1 0 0 1
1 0 0 1 0 0 1 0 0 1 0 1 0 0 0 0 1 0 1 0 1 0 1 0 0 0 1 1 1 0 1 1 1 1 0 0 1 1 0 1 0 1 0 0 1 1 1
0 1 1 1 1 0 0 1 1 1 1 0 0 0 0 1 0 0 1 0 1 0 0 1 0 0 0 1 1 0 0 0 1 1 1 0 0 0 1 1 1 1 0 0 0 0 0
0 1 1 1 1 1 1 1 1 1 1 1 1 0 0 0 0 0 1 0 0 1 0 0 1 1 0 1 1 0 0 1 1 0 1 1 1 1 1 0 1 1 1 1 1 1 0
1 1 1 1 0 1 0 1 1 0 0 1 1 0 0 1 1 0 0 0 0 0 1 0 0 1 0 0 1 1 0 0 0 1 0 0 1 1 0 0 1 1 1 0 0 1 0
0 1 1 0 1 1 1 1 1 0 0 1 0 0 1 1 0 0 1 0 1 1 0 1 0 1 1 0 0 1 0 0 0 1 0 0 0 1 0 0 1 1 1 1 1 0 0
0 1 1 1 0 0 1 1 0 0 1 1 1 1 1 0 0 0 0 1 1 1 0 0 0 1 1 1 0 1 1 0 1 0 1 1 0 1 1 0 0 0 1 1 0 1 1
0 1 0 1 0 1 1 0 0 0 0 0 1 0 1 1 1 0 1 1 1 0 0 0 1 1 0 1 1 0 1 1 0 1 1 1 0 0 1 0 0 0 1 0 0 0 1
1 0 1 1 0 1 1 0 1 1 0 0 0 0 1 0 1 0 0 0 1 0 0 0 0 0 1 0 0 1 0 0 0 0 1 1 1 0 1 0 0 0 1 1 0 0 1
0 0 1 1 1 1 1 1 0 1 1 0 1 0 0 1 1 1 1 1 0 1 0 0 0 0 0 0 0 0 1 1 0 0 0 0 0 0 0 1 0 1 1 0 0 1 1
1 0 0 1 1 1 1 0 0 1 0 0 0 1 1 0 0 1 1 0 1 1 0 1 1 0 0 0 1 1 1 1 0 1 0 1 0 0 1 0 0 0 1 1 1 1 0
1 0 0 1 1 0 0 1 1 1 0 0 1 1 1 0 0 0 1 0 1 0 1 0 0 0 1 1 0 0 0 1 0 0 1 0 0 1 1 0 0 0 1 0 0 1 0
0 0 1 1 1 0 1 1 0 1 1 1 0 0 1 0 0 1 1 1 0 0 0 0 0 0 0 1 0 0 0 1 1 1 1 0 1 0 0 0 1 1 0 1 1 1 0
1 0 0 1 0 1 1 0 0 1 1 0 1 1 0 0 0 0 1 0 1 1 1 1 1 1 1 1 1 1 0 1 1 0 1 0 1 1 1 1 1 0 0 1 1 0 0
1 0 0 1 1 1 1 1 0 1 1 0 0 0 0 0 1 0 1 1 0 0 0 1 0 0 1 0 1 1 0 0 1 1 0 0 1 0 0 1 1 0 0 1 0 1 1
1 0 0 1 0 1 0 1 1 0 0 0 1 0 0 0 0 0 0 1 1 1 1 1 1 0 0 0 0 0 1 1 0 1 1 0 1 1 1 1 0 0 0 1 1 1 1
0 1 0 0 0 1 1 1 1 1 1 0 1 1 0 0 0 0 1 0 0 1 0 0 0 0 0 1 1 1 1 0 0 1 1 1 1 0 1 0 1 0 1 0 1 0 1
0 1 1 0 1 1 1 0 1 1 0 0 1 0 0 0 0 0 0 1 0 1 1 1 0 1 0 1 1 1 0 0 0 1 1 1 1 1 1 1 0 1 0 0 0 0 1
1 0 1 0 0 0 0 0 0 1 0 1 1 1 1 0 1 0 1 0 1 1 1 0 1 1 0 0 0 0 1 1 1 0 1 1 0 1 0 1 1 1 1 0 0 0 0
0 0 0 1 1 1 1 0 1 1 1 0 0 1 0 0 1 1 1 0 1 1 0 1 0 0 1 1 0 1 0 1 0 1 1 0 1 0 1 0 0 1 0 0 0 0 1
1 1 0 1 0 1 1 1 0 0 1 0 1 0 0 1 1 1 1 0 0 0 0 1 1 0 1 1 1 0 1 0 0 0 0 1 0 0 1 0 1 0 0 0 1 1 0
1 0 0 0 1 1 0 0 0 1 0 1 0 0 1 1 1 0 0 0 1 1 0 1 0 0 1 1 1 1 0 1 0 1 0 0 0 0 0 1 1 0 1 0 1 1 1
1 1 0 1 0 0 0 0 0 0 1 1 0 0 0 1 0 0 1 1 0 1 1 0 0 0 1 1 0 1 1 1 1 1 0 1 0 0 0 1 1 0 1 0 1 0 1
1 0 1 1 0 1 1 0 0 1 0 1 0 1 0 0 0 1 0 0 1 1 0 1 0 1 0 1 0 0 0 1 0 1 1 0 0 1 1 0 1 0 0 1 0 1 0
1 1 0 0 1 1 0 0 0 0 1 1 1 1 1 0 0 0 1 0 1 1 0 1 1 1 1 0 0 0 0 1 1 1 0 0 1 0 1 0 1 0 0 0 1 0 1
1 1 0 0 0 0 1 0 0 1 1 1 0 1 0 1 0 0 0 1 1 0 0 1 0 1 1 0 0 0 1 1 0 0 1 1 1 0 1 0 1 0 0 1 1 1 1
0 0 1 0 1 0 0 0 1 0 0 0 1 1 0 1 0 0 0 0 1 0 1 0 1 0 0 0 1 1 1 1 1 0 1 1 0 1 0 1 0 1 0 1 0 0 1
0 1 1 1 1 1 1 0 1 1 0 1 1 0 1 1 0 0 1 1 1 1 1 1 1 0 0 0 0 1 1 0 0 1 0 0 1 1 1 1 1 0 1 0 1 1 0
1 1 1 1 0 0 0 1 0 0 0 1 1 1 1 0 1 1 1 0 0 1 1 0 0 1 1 0 0 0 1 0 1 1 1 0 1 1 0 1 0 0 0 1 0 1 0
1 1 1 1 1 0 0 1 0 0 1 0 0 1 0 1 0 0 0 1 0 1 1 0 1 0 1 0 0 1 1 0 0 1 1 0 0 0 0 0 0 1 1 1 1 1 1
0 1 0 0 1 0 0 0 0 1 0 0 0 1 1 0 1 1 1 1 0 0 1 1 0 0 1 1 1 0 1 1 1 1 1 0 0 1 0 0 0 1 0 1 1 0 0
0 0 0 0 1 1 0 1 0 1 0 0 0 1 0 0 1 1 1 0 0 0 0 1 1 0 1 1 1 0 0 1 1 1 0 1 0 1 1 0 1 0 1 0 0 1 0
0 0 0 1 0 1 0 0 0 0 1 1 0 0 0 0 1 0 1 0 0 0 0 0 0 1 1 0 0 0 0 0 1 1 1 0 0 0 1 1 0 1 1 1 1 1 0
1 0 0 0 1 0 1 1 0 0 0 0 0 0 0 1 1 0 0 0 0 0 0 0 0 1 0 1 0 0 0 0 0 0 1 0 0 1 0 1 0 1 1 0 0 1 1
0 0 0 1 0 1 1 1 1 1 1 0 1 1 0 0 0 1 0 1 1 1 1 0 0 0 1 0 0 0 0 0 0 0 0 1 1 1 1 1 1 0 1 0 1 1 1
0 0 0 1 1 0 1 1 1 0 0 1 0 0 0 1 0 0 1 0 0 0 0 1 1 0 1 0 0 1 0 1 1 0 0 1 1 0 1 0 0 1 1 0 1 1 0
1 0 1 1 1 0 1 1 1 1 1 1 0 1 1 1 1 0 0 1 1 1 0 0 1 1 1 0 1 1 0 1 0 0 0 1 1 1 1 0 1 1 1 0 1 1 0
1 1 0 0 1 0 0 1 0 0 0 0 1 0 1 1 1 1 0 0 1 1 1 1 1 1 0 1 1 0 0 1 0 0 0 0 1 0 1 1 1 1 1 0 1 0 1
0 1 0 1 0 1 0 1 1 1 0 0 1 0 1 1 0 1 1 1 0 0 1 0 0 1 1 1 0 0 1 0 1 0 1 0 1 0 1 0 1 1 0 0 0 1 1
0 0 1 0 0 1 1 1 0 1 0 0 1 0 1 0 1 0 0 0 1 0 1 0 1 1 1 1 0 1 1 1 0 0 0 1 0 0 0 1 0 0 1 0 0 1 1
1 0 0 1 1 1 1 0 1 1 1 1 0 0 0 0 1 1 1 0 0 1 1 0 0 0 1 0 1 1 1 1 0 1 1 0 0 1 0 0 1 0 0 0 1 0 0
1 0 0 1 1 0 1 1 0 1 0 1 0 0 0 0 1 1 1 0 1 1 1 1 1 0 1 0 0 0 0 0 0 0 0 0 1 0 1 1 0 1 0 0 0 1 1
1 0 0 1 0 1 0 1 0 1 1 0 0 0 0 1 1 1 0 1 1 1 0 0 0 1 0 0 0 1 0 0 0 1 0 0 0 1 0 1 0 0 0 0 0 0 1
0 1 1 1 1 0 0 1 0 0 1 1 0 0 0 0 0 0 0 1 1 1 1 0 1 1 1 1 1 0 1 1 1 0 0 0 0 0 1 1 0 1 0 0 1 0 0
0 0 1 1 1 0 1 0 1 1 0 0 1 1 1 1 1 1 0 0 0 1 0 1 1 0 1 1 0 1 0 0 0 0 1 0 0 1 1 1 1 0 1 1 0 1 0
0 0 1 1 1 0 0 1 0 1 1 0 0 0 0 1 0 0 0 0 1 1 1 1 0 1 0 0 0 0 1 1 0 0 1 1 1 1 0 0 0 0 1 0 0 1 0
0 0 0 0 1 0 1 0 0 0 1 1 0 0 1 0 0 1 0 0 0 0 1 1 1 1 0 1 0 0 1 0 0 1 0 0 1 0 0 0 0 0 1 1 1 0 1
0 0 0 0 1 0 1 1 1 0 0 0 0 1 0 1 0 1 1 1 1 0 1 1 1 1 1 0 0 0 0 1 1 1 0 0 1 0 1 1 0 0 0 1 0 1 1
1 1 1 1 0 0 1 1 0 1 1 0 1 0 1 1 0 1 0 0 1 0 0 0 1 1 0 0 0 1 0 0 1 0 1 0 0 0 1 0 1 1 1 0 1 0 0
0 1 0 1 0 1 0 0 1 1 1 1 1 1 0 1 1 0 0 0 0 1 0 0 0 0 0 1 0 1 0 1 1 0 1 1 1 0 1 1 1 0 0 1 1 1 0
1 0 1 0 1 1 1 0 0 0 0 1 0 1 0 1 1 1 1 0 1 0 1 0 1 1 1 1 0 1 0 0 0 0 1 0 1 0 1 1 0 0 0 0 1 1 1
1 0 0 0 1 1 1 0 1 0 1 0 0 0 1 0 0 1 0 1 0 1 1 1 0 1 1 0 1 1 1 1 1 1 1 0 1 0 0 0 1 1 1 0 1 1 1
0 1 1 0 0 1 1 0 0 1 0 0 1 1 0 1 0 0 1 1 1 0 1 0 0 0 0 0 0 1 1 0 1 1 0 1 0 1 0 0 0 1 0 1 1 1 0
1 0 1 0 1 0 0 0 0 1 0 0 0 0 1 0 1 0 1 1 1 0 0 0 1 0 1 0 1 0 0 0 0 0 0 1 0 1 0 1 0 0 1 1 0 1 0
1 1 1 0 0 0 0 0 0 0 1 1 0 0 0 0 0 1 1 0 1 1 1 1 1 1 1 0 0 0 1 0 1 1 1 1 1 0 1 0 1 0 0 1 1 1 0
0 1 0 1 0 1 0 0 0 1 0 0 1 0 0 1 1 0 0 0 1 1 1 1 1 0 0 1 1 0 0 0 1 0 0 1 0 1 0 1 1 1 0 1 1 0 1
0 0 1 0 1 1 1 1 1 0 1 0 0 0 1 0 0 1 0 1 0 0 0 1 1 0 1 0 1 0 0 0 0 0 1 1 0 1 0 1 0 0 1 0 1 0 0
0 1 0 1 0 1 1 1 0 0 0 0 0 1 1 0 1 1 0 1 1 1 1 0 0 1 1 1 1 1 0 0 1 1 0 1 1 1 0 1 1 0 1 1 0 1 1
0 0 1 1 1 0 1 0 0 1 0 0 0 1 1 1 1 0 1 1 0 0 0 0 1 0 1 1 1 1 1 1 1 1 1 1 0 0 1 1 0 0 0 0 0 0 0
0 1 0 1 0 0 0 1 1 0 0 1 1 0 1 0 1 1 1 1 0 1 0 1 0 1 0 1 0 0 0 1 1 1 1 0 1 1 0 0 0 1 1 0 0 0 0
0 0 1 1 0 1 0 0 0 1 0 0 1 0 0 1 0 0 0 0 1 0 0 1 0 0 1 1 0 0 0 0 0 1 0 0 0 0 1 1 0 1 1 0 1 0 1
0 1 0 0 1 0 1 1 0 1 1 0 1 1 1 0 0 1 0 0 0 1 0 0 0 0 0 0 1 0 0 1 1 1 1 0 0 1 0 0 1 1 0 1 1 0 1
1 1 0 1 1 1 0 0 1 1 0 1 0 1 0 0 0 1 1 1 0 1 1 0 1 1 1 0 1 0 1 0 0 1 0 1 1 0 0 0 0 0 0 0 0 0 1
1 1 0 1 0 0 0 0 0 0 0 1 0 1 1 0 0 1 1 1 1 1 0 1 0 0 1 0 1 1 0 0 1 1 1 1 0 0 0 1 0 1 0 0 1 0 1
1 1 0 1 1 1 0 0 0 1 0 1 1 0 0 1 1 1 1 0 1 1 1 1 0 1 1 1 0 1 0 0 0 0 1 1 0 1 0 0 1 1 1 0 0 0 1
1 0 1 0 1 1 1 0 0 1 0 1 0 0 0 0 1 0 1 1 0 1 0 0 0 1 0 1 0 1 0 0 1 1 0 1 1 0 1 1 0 1 1 0 0 0 0
1 1 0 1 1 1 0 1 0 1 0 1 1 1 1 1 0 1 1 1 0 0 1 0 0 0 0 1 0 1 1 0 0 0 1 1 0 1 1 0 1 1 0 1 0 0 1
0 1 1 1 1 1 0 1 1 0 0 0 0 1 0 1 1 1 0 1 1 0 1 1 0 1 0 1 0 1 1 0 1 0 1 0 0 0 0 0 1 1 1 1 0 0 0
1 0 1 1 1 0 1 1 0 1 0 1 1 0 0 0 0 1 0 0 0 1 0 0 1 1 0 0 0 1 0 0 1 1 0 0 0 0 1 0 1 0 0 0 1 1 1
0 0 0 0 1 1 0 0 0 1 1 0 0 1 0 1 1 0 1 0 0 0 1 0 1 1 0 0 1 0 0 1 0 0 1 0 1 0 1 0 1 0 1 1 0 0 0
0 1 0 0 0 0 0 1 1 0 1 0 1 1 0 0 1 1 0 0 1 0 1 1 0 1 1 1 1 0 0 1 0 1 1 1 1 1 0 1 1 0 0 0 0 1 1
0 1 1 0 0 0 1 1 1 1 0 0 0 1 1 1 0 1 0 1 0 0 1 0 0 1 0 1 0 0 1 1 0 0 0 1 1 0 1 0 0 0 1 1 0 0 1
0 1 0 0 1 1 0 1 1 1 0 1 0 1 1 1 1 1 1 0 1 0 1 0 0 0 1 1 0 1 0 1 1 1 1 0 1 1 1 0 0 0 0 1 1 1 1
1 1 1 1 1 0 0 0 1 1 0 1 0 0 1 1 1 1 1 0 0 1 0 1 0 0 1 0 0 1 0 1 1 0 0 0 1 0 0 1 1 1 0 1 0 1 0
0 1 0 0 0 0 0 1 1 0 1 1 0 1 0 1 0 1 1 0 1 1 1 1 1 1 1 0 1 1 0 1 0 0 1 1 1 1 1 0 1 0 0 0 0 0 1
1 0 0 1 1 0 1 1 1 0 1 1 0 1 0 1 1 1 0 0 0 1 0 1 1 0 1 1 1 0 0 1 0 1 1 1 0 1 0 1 1 1 1 1 1 1 0
1 1 0 0 0 1 0 0 0 0 1 1 1 1 0 0 1 1 1 0 0 1 1 1 0 1 0 0 1 1 1 1 1 0 0 1 1 0 0 1 0 0 1 0 0 0 1
1 1 0 1 1 1 1 0 1 1 1 1 1 1 0 0 0 0 1 1 1 1 0 1 1 1 0 1 0 0 0 0 0 1 1 0 0 1 0 0 0 1 1 0 0 1 1
0 0 0 1 0 0 1 0 1 1 1 1 0 0 0 0 0 0 1 0 1 0 0 0 0 1 1 1 0 0 1 1 0 0 1 1 0 1 0 1 1 0 1 1 0 1 1
1 1 1 0 1 1 0 1 1 1 0 1 0 1 1 0 1 0 0 0 1 0 1 0 1 0 0 1 1 1 0 0 1 0 0 0 0 0 1 0 0 1 0 0 0 0 1
0 1 0 0 1 1 0 1 0 1 0 1 0 0 0 0 1 0 1 1 0 1 0 0 1 1 1 1 1 0 0 1 1 0 0 0 1 1 0 1 1 0 0 0 1 0 1
0 0 0 1 0 0 0 1 1 1 1 0 1 0 0 0 0 1 1 1 1 0 0 0 1 0 0 0 1 1 0 0 1 1 1 1 1 0 1 1 0 1 1 1 0 0 0
0 1 1 1 0 1 1 0 1 1 0 1 1 0 0 0 1 1 1 1 1 1 1 1 0 0 1 0 1 0 0 0 1 1 0 1 0 0 0 1 1 1 1 1 0 0 1
0 1 0 0 1 1 1 0 1 1 1 0 0 0 1 1 0 0 1 1 0 0 0 0 0 0 1 0 1 0 0 0 0 0 1 1 1 0 0 0 1 1 1 0 1 0 1
1 1 1 1 0 0 1 0 0 1 1 1 1 1 1 1 0 0 0 1 0 1 0 1 0 0 1 0 1 1 1 0 0 0 0 0 0 1 0 1 0 1 1 0 1 1 0
1 1 1 0 0 0 1 0 0 1 0 0 1 1 1 0 0 1 0 0 0 0 0 1 0 0 1 0 1 0 0 1 0 0 0 1 1 0 1 1 0 1 0 0 0 1 1
0 0 1 0 1 1 0 0 1 0 1 1 1 1 0 1 1 1 1 1 0 1 0 0 0 1 1 0 0 1 1 0 1 1 0 1 0 1 1 1 0 1 1 1 1 1 0
1 0 0 0 0 0 1 0 0 0 1 1 0 1 1 0 1 0 1 1 1 1 1 0 1 1 0 1 1 1 0 1 1 1 1 1 0 1 1 0 1 1 1 1 1 0 0
1 1 0 1 0 0 0 1 1 0 0 1 1 0 1 1 0 1 0 0 1 1 0 1 0 1 0 1 1 0 1 1 0 1 1 1 0 1 0 0 1 1 0 0 1 1 1
0 1 1 0 0 1 0 1 0 1 0 1 0 0 0 1 0 0 0 1 1 0 1 0 1 0 1 1 1 1 0 0 1 1 0 1 1 0 1 1 0 0 1 1 0 1 0
1 0 1 0 1 1 1 1 0 1 0 0 0 0 0 0 0 1 0 1 0 1 0 1 0 1 0 1 1 1 1 1 1 0 0 0 0 0 0 0 0 0 1 1 1 0 0
1 0 1 0 1 1 0 1 1 0 1 1 1 0 0 1 0 1 1 0 1 0 1 1 0 1 0 1 1 1 0 0 1 0 1 1 0 1 1 0 0 1 1 0 1 0 1
1 0 0 0 0 1 0 1 1 1 1 1 1 0 1 1 1 0 1 1 0 0 1 1 0 1 1 0 0 1 0 1 1 1 0 0 1 0 1 1 1 0 1 1 0 0 0
1 0 0 1 0 0 0 1 0 1 1 0 1 0 1 1 0 0 0 1 0 1 1 0 1 1 1 1 1 0 0 1 1 0 0 0 1 0 1 0 1 1 1 0 0 1 0
1 1 0 1 1 1 1 0 1 0 0 0 1 1 0 1 0 1 1 0 1 0 1 0 0 1 1 1 1 0 1 1 1 0 0 0 1 1 1 1 0 0 1 0 1 0 1
0 1 1 1 0 0 1 0 1 0 0 1 1 1 0 0 1 1 1 1 0 1 0 0 1 0 0 0 1 0 1 0 1 0 0 0 0 0 1 1 0 0 0 1 1 0 1
0 1 0 0 1 0 1 0 0 1 0 0 0 1 1 1 0 0 0 1 1 1 0 0 1 1 1 1 1 1 0 0 0 0 1 1 1 1 0 0 1 0 1 0 1 0 1
1 1 0 1 1 1 1 1 0 0 1 1 1 1 1 0 1 0 1 0 0 1 1 0 0 0 0 1 0 0 1 0 1 0 0 0 1 0 0 0 0 0 0 0 1 1 0
0 0 1 0 1 0 1 1 1 1 1 0 0 0 0 0 1 0 0 1 1 0 0 1 0 0 1 1 0 1 1 1 0 1 1 0 0 0 0 1 0 1 1 0 1 1 0
0 1 1 1 1 1 0 1 1 0 1 1 1 1 0 1 1 0 1 0 0 0 1 0 1 1 1 0 0 0 0 1 0 1 0 1 0 0 0 0 0 0 0 0 0 0 0
1 1 0 1 0 1 0 1 0 1 0 1 0 1 1 0 1 0 0 1 1 1 0 0 0 1 0 0 0 1 1 0 1 1 1 0 0 0 1 1 1 1 1 0 1 0 1
0 1 1 0 1 0 0 0 1 0 1 1 0 1 1 1 0 1 1 1 1 0 1 1 1 1 1 1 0 1 1 0 0 1 1 0 1 0 1 0 1 1 1 1 0 0 0
0 1 0 1 0 1 1 1 1 0 1 1 0 0 1 1 0 1 0 0 1 1 0 0 0 0 0 0 0 0 1 1 0 1 1 0 1 0 0 0 0 0 0 1 0 0 1
0 0 1 1 0 0 0 1 1 0 1 0 1 0 0 0 1 1 1 0 0 0 0 0 0 0 1 1 1 0 0 1 1 0 0 0 1 0 1 1 0 1 0 0 0 0 0
0 1 0 1 1 1 1 1 0 0 0 1 0 1 0 0 0 0 1 0 1 0 1 0 1 1 0 0 1 0 0 1 1 1 1 1 1 0 0 1 1 0 1 0 0 1 0
0 1 1 1 1 1 1 1 0 0 0 0 0 1 0 0 0 0 0 1 0 0 1 0 0 1 0 1 0 0 0 0 0 0 0 0 0 1 1 1 1 0 0 1 1 0 0
0 0 1 0 0 0 0 1 0 1 0 1 1 0 1 1 0 0 1 0 0 1 0 0 1 0 1 1 0 1 1 1 1 0 1 0 1 0 0 1 1 0 0 1 1 1 1
0 1 0 0 1 1 1 0 0 1 1 0 1 0 0 1 1 0 0 1 1 1 1 0 0 0 0 0 0 0 0 0 0 0 0 1 0 0 1 0 1 0 1 0 0 1 0
1 1 1 1 0 1 1 0 0 0 1 0 1 0 1 0 0 1 0 1 1 1 1 0 1 1 0 1 1 1 0 1 0 0 0 1 1 0 0 0 0 1 0 0 1 0 1
0 0 0 1 0 0 1 1 0 0 0 1 1 1 1 1 1 0 1 1 0 0 1 1 1 1 1 0 1 0 1 0 0 0 0 1 0 1 0 1 1 0 0 1 0 1 1
1 1 1 1 1 0 0 1 1 0 0 0 1 0 0 0 0 1 1 0 1 1 1 1 1 0 1 1 1 1 1 0 1 1 0 1 1 1 1 0 1 1 0 1 1 0 0
0 1 1 1 0 0 0 1 0 1 1 0 0 1 1 0 1 1 1 1 1 1 1 1 1 0 0 1 0 0 0 1 0 1 0 1 0 1 1 0 1 0 0 0 1 1 1
1 1 0 1 0 1 1 1 1 1 0 1 0 0 0 0 0 0 1 0 0 0 0 0 0 0 0 0 1 0 0 0 0 0 0 1 0 1 0 0 0 1 1 1 0 1 0
0 0 0 0 1 0 0 1 1 1 0 0 1 1 1 0 0 1 1 0 0 1 1 1 0 1 0 1 0 1 0 1 1 1 0 1 1 1 0 1 1 1 0 0 0 0 0
0 1 0 0 0 0 1 1 1 0 0 1 0 1 1 0 1 0 0 0 0 0 1 0 1 1 0 0 1 1 1 0 1 0 0 0 1 1 0 1 1 1 1 0 1 1 0
1 0 0 1 1 0 0 0 1 0 0 1 1 0 1 1 1 1 0 0 1 1 1 0 1 0 0 0 1 1 1 0 1 0 1 0 1 0 1 1 0 1 1 0 0 1 0
1 0 1 1 1 1 0 1 0 1 1 1 0 1 0 0 1 1 1 1 1 1 1 0 1 0 0 1 1 1 0 1 0 1 1 0 0 0 0 1 1 1 1 1 1 0 1
1 0 0 0 1 0 1 1 0 1 1 1 0 1 0 0 1 0 0 0 1 0 0 0 0 0 0 0 1 1 0 1 1 0 1 0 1 1 0 1 0 0 1 0 0 1 1
1 0 0 0 0 0 0 1 1 0 0 0 0 1 1 0 0 0 0 1 0 0 1 1 0 1 1 0 0 1 1 0 0 1 0 1 0 0 1 0 1 0 0 0 1 0 0
0 0 1 1 1 0 1 1 0 1 0 0 1 1 0 0 1 0 1 0 1 1 1 0 1 1 1 1 0 0 1 0 0 1 1 1 0 1 1 1 1 1 1 1 0 0 1
0 0 0 0 1 1 0 0 1 0 1 1 1 0 0 0 1 0 0 0 1 0 1 1 0 1 1 1 0 1 0 0 0 1 0 0 1 1 0 1 1 1 0 1 1 1 0
0 0 1 0 0 0 1 0 0 0 1 0 0 0 0 1 0 0 0 1 0 0 0 0 1 0 0 1 0 0 1 0 0 0 0 1 1 1 1 1 1 1 1 1 0 1 0
1 0 0 1 0 1 1 1 1 0 1 0 0 1 0 0 0 1 1 0 0 0 1 0 1 0 1 1 0 1 1 0 1 1 0 0 1 0 1 0 0 1 0 1 0 1 1
1 0 1 0 1 0 0 1 0 1 1 1 1 1 1 0 0 1 1 0 0 1 0 1 0 0 1 1 1 1 0 0 0 1 1 1 1 1 0 0 0 0 1 1 0 1 0
1 1 1 1 0 1 0 0 1 1 1 0 0 1 0 1 1 1 1 1 0 1 0 1 1 1 1 0 1 0 0 1 1 0 1 1 1 0 1 1 1 0 1 0 1 1 0
0 0 1 0 1 1 1 1 1 0 0 1 1 0 1 1 1 0 1 0 0 1 1 0 0 0 0 1 1 0 1 0 0 0 0 1 0 1 0 0 0 0 0 1 0 0 1
0 0 0 0 0 1 1 0 0 1 0 1 1 1 1 0 0 1 0 1 1 0 1 0 0 0 0 0 0 0 1 0 0 0 1 0 0 1 0 0 0 0 1 0 1 0 0
1 0 1 1 0 0 1 0 1 0 1 0 1 0 0 1 1 0 0 1 0 0 1 1 0 1 1 0 0 0 1 1 1 1 1 0 0 1 1 1 1 1 0 1 0 1 0
1 1 1 1 1 0 1 1 0 1 0 1 1 0 1 0 1 0 1 1 1 1 0 0 0 1 0 0 1 0 0 1 0 1 0 0 0 0 1 0 1 0 0 1 0 1 1
0 0 0 0 1 0 0 1 0 0 1 1 1 0 0 0 1 0 1 1 1 0 1 0 1 1 0 0 0 1 1 1 0 0 1 1 0 0 1 0 1 1 0 0 0 1 0
0 1 1 0 0 1 0 1 0 1 1 1 0 0 0 0 1 0 0 0 1 1 1 1 0 0 1 0 0 0 1 0 0 0 0 1 0 1 1 1 0 1 0 0 1 0 1
1 0 1 0 0 0 0 0 0 1 0 1 1 0 0 0 0 1 1 1 0 0 1 0 1 0 1 0 1 1 0 1 0 1 1 1 1 1 0 1 1 0 0 0 0 1 1
0 0 0 0 1 1 0 1 0 1 1 0 0 0 1 1 0 1 1 1 0 1 1 0 1 0 0 1 0 1 1 1 0 0 1 1 1 1 0 1 0 0 0 0 1 1 0
1 0 0 0 0 0 0 1 1 0 1 1 0 0 1 0 0 1 0 0 1 1 1 0 0 1 0 1 0 0 1 0 1 0 0 1 0 1 1 1 0 1 0 1 1 0 0
1 0 1 1 1 1 1 1 0 0 0 1 1 0 0 1 0 1 1 1 0 1 1 1 0 0 1 0 0 1 1 1 1 0 1 0 1 1 1 0 1 0 1 1 0 0 0
0 1 1 1 0 0 1 1 0 0 1 0 1 0 1 1 0 0 1 1 1 0 1 0 0 1 0 1 0 0 1 0 1 1 0 0 0 0 0 1 0 1 1 1 1 1 1
0 1 0 0 0 0 1 1 1 1 1 1 0 0 1 1 1 1 0 1 0 1 1 0 1 0 0 1 1 1 0 1 1 1 1 1 0 1 1 1 0 0 1 0 0 1 0
0 0 1 1 0 0 0 0 1 1 0 1 1 1 0 0 1 0 0 1 0 0 0 1 0 1 0 1 1 1 0 0 0 0 0 1 1 1 1 1 0 0 1 0 0 1 1
1 0 0 0 1 1 1 1 1 0 0 0 0 1 1 0 0 1 0 1 0 0 0 0 1 1 1 1 1 0 1 1 1 0 0 1 0 1 0 1 0 1 0 0 0 0 0
0 1 1 0 1 0 0 0 1 0 1 0 1 0 0 0 1 0 0 1 0 1 1 1 0 0 1 1 1 0 0 1 0 0 1 0 0 1 0 0 1 0 0 0 0 0 0
1 0 0 1 1 0 1 0 0 0 0 0 1 0 0 0 1 0 0 0 1 0 1 1 0 0 0 0 1 1 0 0 1 0 0 0 1 0 0 0 0 0 0 1 1 1 0
0 0 0 1 0 1 1 1 1 1 0 1 1 1 0 1 0 0 0 0 0 1 0 1 0 0 0 0 1 0 1 0 1 1 1 1 0 0 0 1 1 0 1 0 0 1 1
1 0 0 0 0 1 1 0 1 0 0 1 0 0 0 1 0 1 0 1 0 1 0 1 1 0 1 0 0 1 1 1 0 0 0 0 0 1 1 0 0 1 1 0 1 0 0
1 1 1 0 1 1 1 0 1 0 0 1 1 1 0 0 0 0 0 0 1 1 0 1 1 0 0 1 0 1 0 1 0 0 1 1 1 0 0 1 0 0 1 1 1 0 1
0 1 0 0 0 1 1 1 0 1 1 0 1 0 1 0 0 1 1 0 1 1 0 1 1 0 1 0 0 1 1 0 0 1 1 0 1 0 0 1 0 1 0 1 1 1 0
0 1 0 0 0 0 1 1 1 1 1 0 0 1 1 1 0 0 0 0 1 1 1 1 1 0 1 0 1 0 0 1 1 0 1 0 0 1 1 0 0 0 1 1 1 1 1
1 0 1 1 1 0 1 0 1 1 1 0 0 1 1 1 1 1 0 0 1 0 0 1 1 1 0 0 1 0 1 0 0 0 0 0 1 0 0 1 0 1 1 1 0 1 1
1 0 0 1 0 1 1 0 1 1 0 1 1 1 0 1 1 0 0 1 0 0 1 0 1 1 0 1 1 1 0 0 0 1 1 0 1 1 0 1 1 0 1 1 1 0 1
1 1 1 1 1 0 1 0 0 1 0 1 0 1 0 1 1 0 0 0 0 1 0 1 1 1 1 0 0 0 0 0 1 1 1 1 1 0 0 1 1 1 0 0 1 0 0
1 0 0 0 0 1 1 0 0 0 1 0 0 0 0 1 1 0 0 1 1 1 1 1 1 1 1 1 0 0 0 1 1 0 0 1 1 1 0 1 1 0 1 0 0 0 1
1 0 1 1 0 0 1 0 1 0 1 1 0 0 1 1 1 1 0 1 0 1 1 0 0 0 0 0 0 1 0 0 0 1 0 1 0 0 1 0 1 1 0 0 0 0 1
0 0 1 0 0 0 0 1 1 1 1 0 1 1 0 1 1 1 0 0 1 1 1 1 1 0 1 0 1 1 1 0 0 0 0 0 0 0 0 0 0 0 1 0 0 0 0
0 0 1 1 0 0 0 0 1 1 1 0 1 0 0 1 0 0 1 1 0 0 1 1 0 1 0 0 1 1 1 1 0 1 0 1 0 1 0 0 0 1 1 1 1 0 1
0 1 1 0 1 0 0 0 0 1 0 0 1 0 1 0 1 0 0 0 0 1 0 0 1 0 0 1 1 0 1 1 0 1 1 1 0 1 0 1 0 1 1 1 1 1 1
0 0 1 1 1 0 0 0 0 0 0 1 0 1 0 1 1 0 0 1 0 0 1 1 0 0 0 0 0 0 0 0 1 0 0 0 0 0 0 0 0 0 1 0 0 1 0
1 0 1 0 0 1 1 1 1 1 0 0 1 1 1 0 1 0 0 1 1 0 1 0 1 1 1 0 1 0 0 0 1 1 1 1 0 0 0 0 1 1 0 1 1 1 0
0 0 0 1 1 0 0 0 0 0 0 0 1 0 0 0 0 1 1 1 0 1 1 0 0 1 1 1 1 1 0 1 1 1 0 1 1 1 1 0 0 0 0 1 1 1 0
0 1 0 1 1 0 0 1 1 1 1 1 1 1 0 1 1 0 0 1 0 0 0 1 1 0 1 0 0 1 1 1 0 0 1 1 1 1 1 0 0 0 0 1 1 1 0
0 0 1 1 0 0 1 1 1 0 0 0 1 0 1 1 1 1 1 1 1 0 1 0 0 0 0 1 1 1 0 0 0 0 1 0 1 1 0 0 1 0 0 0 0 1 0
1 0 1 0 0 0 0 1 0 1 0 1 0 0 0 0 0 0 1 0 0 0 0 1 1 1 1 1 1 0 1 0 0 0 0 0 1 1 0 0 1 1 0 1 0 0 1
1 0 1 0 0 1 1 0 0 0 0 1 1 0 1 0 1 1 0 1 0 1 1 0 1 1 0 0 0 0 1 1 0 0 1 0 1 0 1 1 1 0 1 1 1 1 1
0 1 0 0 1 0 1 1 1 0 0 1 1 1 1 0 0 1 0 0 1 0 1 1 1 0 0 0 1 0 1 1 1 1 0 0 0 1 1 0 1 0 0 0 0 0 0
0 1 1 0 0 1 0 0 1 0 1 0 1 1 1 0 0 0 0 0 1 0 0 1 0 1 1 1 1 1 1 1 1 0 1 0 0 1 1 0 0 0 0 1 1 0 0
1 1 0 0 0 1 0 1 1 1 1 0 1 0 0 1 1 0 1 0 1 0 1 0 1 1 0 0 0 0 1 1 1 1 0 0 0 0 1 0 1 1 1 1 1 0 1
1 0 0 0 0 0 0 1 1 1 1 1 0 1 1 0 0 0 1 0 0 0 0 0 0 0 1 0 1 0 1 1 1 0 1 1 0 1 1 1 1 0 0 1 0 1 1
1 1 1 0 1 1 0 1 1 1 1 1 0 0 0 1 1 1 1 1 0 0 0 1 0 1 0 0 1 1 0 1 0 1 1 1 0 0 0 1 0 0 0 1 0 0 1
0 0 1 1 0 1 0 0 0 1 1 0 1 1 1 1 1 0 1 0 1 1 0 0 0 0 1 0 1 1 0 1 0 0 0 1 1 1 0 0 0 1 0 1 0 1 1
1 0 0 0 0 1 1 1 1 0 0 0 1 0 0 0 1 1 0 0 0 1 1 1 0 1 1 1 0 0 0 0 1 1 1 0 0 0 1 1 0 0 0 0 1 0 1
1 1 1 0 1 0 0 0 0 0 1 1 1 1 0 0 1 0 1 0 0 0 0 0 0 0 1 1 1 1 1 0 1 1 1 0 0 0 1 1 1 1 0 0 0 0 1
1 1 0 1 0 0 1 1 0 0 0 0 0 0 0 1 1 1 1 1 1 1 1 0 0 0 1 0 0 1 0 1 0 1 0 1 1 0 0 1 0 0 0 1 1 0 1
1 1 0 1 1 1 0 0 1 0 1 0 0 0 0 0 1 0 1 1 1 0 1 0 1 1 0 0 0 1 1 0 1 1 1 1 1 1 1 1 0 1 1 1 1 0 0
0 0 0 0 1 0 1 1 0 0 1 0 0 1 1 1 0 0 1 0 1 0 0 1 1 1 0 1 0 0 1 0 0 1 1 0 0 0 0 1 1 0 0 1 1 0 0
0 0 0 0 0 0 1 0 0 0 1 0 1 1 1 1 0 0 0 0 0 1 1 1 1 0 0 1 1 1 1 0 1 0 0 0 1 0 0 1 0 1 1 0 0 0 1
1 1 0 1 1 0 0 1 0 1 0 0 0 0 1 1 0 0 0 0 0 1 1 0 1 1 0 1 1 1 1 1 0 1 0 1 0 1 0 0 1 0 1 0 0 1 0
1 1 0 0 0 1 1 1 1 0 0 1 0 0 0 1 1 0 0 1 1 1 0 1 1 1 1 0 1 1 1 1 1 0 0 1 0 0 0 1 0 0 0 0 0 1 0
0 0 0 1 1 1 1 0 0 0 0 0 0 0 0 1 0 0 0 0 0 0 1 0 0 1 1 0 0 1 1 0 1 0 1 1 0 1 0 0 1 1 0 1 1 1 1
0 0 0 1 0 1 0 0 1 1 1 1 0 0 0 0 0 0 0 1 1 0 0 1 1 0 0 1 1 0 0 1 1 0 0 0 0 0 0 0 1 0 1 1 0 0 1
0 0 1 1 1 0 1 1 0 1 0 0 0 0 1 1 0 1 1 0 0 1 1 0 0 0 1 0 0 0 1 0 1 1 1 1 0 0 1 1 0 1 1 0 1 0 0
1 0 0 0 1 0 1 1 0 1 1 0 1 1 0 1 1 1 1 1 0 1 1 0 1 1 0 0 1 1 1 0 1 0 0 1 1 1 1 0 0 1 1 1 1 1 1
0 1 1 1 1 0 0 0 0 0 1 0 0 0 0 1 0 0 1 0 0 1 0 0 1 1 1 0 1 1 0 1 1 0 0 0 0 0 0 1 0 0 0 1 0 1 1
1 1 1 1 1 0 1 1 1 1 1 0 1 0 0 1 1 0 1 1 0 0 0 0 1 0 1 1 0 0 0 0 0 1 0 0 1 1 1 1 1 0 0 0 0 0 1
1 1 0 1 1 0 1 0 0 0 1 0 0 0 1 0 1 0 0 1 0 0 1 1 1 0 1 0 1 0 1 0 0 1 1 1 0 0 1 1 1 0 1 0 1 0 1
1 1 0 1 0 1 1 0 1 0 0 1 0 0 1 1 1 1 1 1 0 0 0 1 1 0 1 1 1 0 0 0 0 1 1 0 1 1 1 1 0 1 1 1 1 1 1
0 1 0 0 1 1 1 0 0 1 0 1 0 0 0 0 0 0 1 1 1 1 1 0 0 0 1 0 1 0 1 1 0 0 1 0 1 0 1 0 0 1 1 0 0 1 1
1 0 0 0 1 0 0 0 0 1 0 1 0 0 0 1 0 0 1 0 1 0 1 1 0 0 0 1 0 0 0 1 1 1 1 1 0 0 1 1 1 0 0 0 1 0 0
1 0 1 0 1 0 0 1 1 1 1 1 1 1 0 0 0 1 1 1 1 1 1 1 0 0 1 0 1 1 1 1 0 0 0 0 1 1 1 1 0 0 0 0 1 1 1
1 0 0 1 1 1 0 0 1 1 1 0 1 1 1 1 0 0 1 1 0 1 0 0 0 1 0 1 0 0 0 1 1 0 0 1 0 1 0 0 0 1 1 1 1 0 0
1 0 1 1 1 0 0 1 0 0 0 1 1 1 1 0 1 1 1 0 0 0 1 0 0 1 1 1 0 0 0 1 1 1 0 1 0 0 0 0 1 1 1 0 1 1 1
1 0 0 0 0 0 0 0 0 1 1 0 1 1 0 1 1 1 1 0 0 0 1 1 0 0 0 0 0 0 0 0 0 1 1 1 0 1 1 1 1 1 1 1 0 1 1
1 1 1 1 0 0 1 0 0 1 0 0 0 1 1 0 0 0 0 0 0 1 1 0 1 0 0 1 0 1 1 0 1 1 1 1 0 1 1 1 0 1 0 1 0 1 0
1 0 1 1 1 1 1 0 0 0 1 1 1 0 0 1 0 0 0 0 1 1 1 0 1 0 0 1 1 0 0 0 0 1 1 0 0 1 1 0 0 0 1 1 1 1 0
1 1 0 1 1 1 0 1 1 0 1 1 0 1 0 0 1 0 0 1 1 1 1 0 0 0 1 0 0 0 0 1 0 1 1 0 1 1 0 0 1 1 1 0 0 1 1
0 1 0 0 1 1 1 0 1 1 1 0 0 0 0 0 0 0 0 0 1 0 1 1 1 1 0 0 1 0 0 1 0 1 0 1 0 0 0 0 0 1 0 0 1 0 0
0 1 1 1 1 1 0 0 1 0 1 1 0 1 0 1 0 1 0 1 1 0 1 1 1 0 0 0 1 0 1 1 0 0 0 1 1 1 0 1 1 1 0 0 0 1 1
1 0 1 1 0 1 0 1 1 0 1 0 0 1 1 1 1 1 1 0 1 1 1 0 0 1 0 0 0 0 1 0 0 0 0 0 1 0 1 1 1 0 1 0 0 0 0
0 0 1 0 1 1 1 1 0 1 0 0 1 0 1 1 1 0 0 1 1 1 0 0 1 1 1 1 0 1 1 0 0 0 0 0 1 0 1 0 0 0 0 1 1 1 0
0 0 0 1 0 1 1 1 0 0 0 0 0 0 1 1 0 0 1 1 0 1 0 0 0 0 1 1 1 0 1 0 1 0 0 0 0 0 1 0 1 0 1 1 1 0 0
0 1 1 1 0 0 1 0 1 0 1 0 1 1 1 0 0 0 1 1 0 0 1 0 1 1 0 0 1 0 1 0 0 1 1 0 1 0 1 0 0 1 0 0 0 1 0
0 0 1 0 0 0 1 0 1 1 1 1 0 1 0 0 1 0 0 0 0 1 1 1 1 1 0 1 0 0 1 0 1 1 0 1 0 1 0 0 1 0 0 0 1 1 1
0 1 0 0 1 0 1 0 1 0 0 1 0 0 1 1 1 0 1 0 0 0 0 0 0 1 0 0 1 0 1 1 1 0 1 1 0 0 1 1 1 1 1 0 1 1 1
1 1 0 1 0 1 0 1 0 1 1 0 0 0 1 0 0 1 0 0 0 0 1 1 1 1 1 1 1 0 0 0 1 1 1 0 0 0 0 1 1 0 0 1 0 0 1
1 0 0 1 0 1 1 0 1 0 1 1 0 1 1 1 0 0 1 0 0 0 1 1 0 1 0 0 0 1 0 0 0 1 1 1 1 1 1 1 0 0 1 0 1 1 0
0 1 0 1 1 1 1 0 0 0 0 1 0 0 1 0 1 1 0 1 1 0 0 1 1 0 1 0 0 1 0 1 1 0 1 0 0 0 0 0 0 1 0 1 1 1 0
0 1 0 0 1 0 1 0 0 0 1 1 1 0 0 0 0 1 1 1 1 1 0 1 0 1 1 1 0 0 0 0 1 0 1 0 1 1 1 1 0 0 1 1 1 0 0
0 0 0 1 0 1 0 1 1 1 0 0 1 0 0 1 1 1 0 0 1 1 1 0 1 1 0 0 1 0 1 0 1 0 0 1 0 0 1 1 0 0 0 1 0 1 1
1 1 0 0 0 0 1 0 0 0 1 0 0 0 0 1 0 1 0 0 0 1 0 0 1 0 1 1 1 0 0 0 1 0 0 1 0 0 0 0 1 1 0 1 0 0 0
0 1 1 1 1 1 1 0 1 0 1 0 0 1 0 0 0 1 1 1 1 0 1 0 0 0 1 1 0 0 0 0 1 1 1 1 0 0 1 0 1 0 0 0 1 0 1
1 1 0 0 0 0 1 0 1 0 1 0 1 0 1 0 1 0 0 0 1 1 0 0 0 1 0 0 1 1 1 0 0 1 0 1 0 0 0 0 1 1 1 1 0 1 1
1 0 1 1 0 1 0 1 0 1 0 0 0 0 1 1 0 1 0 0 0 0 1 0 1 0 1 0 1 1 0 1 0 0 1 0 1 1 1 1 0 1 0 1 1 0 0
1 1 0 0 1 1 1 0 1 1 1 1 1 1 1 0 1 0 0 1 0 1 0 1 1 1 0 0 1 0 1 0 1 0 1 0 1 1 1 1 1 0 0 1 1 0 0
0 0 1 1 1 1 1 0 1 0 0 1 1 1 1 0 1 0 0 0 1 1 1 1 0 0 0 0 0 0 0 1 0 0 0 1 0 0 1 0 1 1 1 0 1 0 0
1 1 0 1 1 0 1 1 1 1 0 1 1 0 0 0 0 0 0 1 0 0 1 0 1 1 1 1 0 0 0 0 0 0 1 1 0 0 1 1 0 0 0 1 1 1 1
1 1 0 0 0 0 0 1 1 1 0 0 1 1 1 1 1 1 0 1 1 0 0 1 0 0 1 1 0 1 0 0 1 0 0 0 1 1 0 1 0 1 0 1 1 0 1
1 0 1 0 1 0 1 0 1 1 1 0 0 0 1 1 0 0 1 1 1 1 0 0 0 1 1 0 1 0 1 0 1 1 1 0 0 1 1 0 0 1 0 1 0 0 1
1 1 1 1 1 1 1 0 0 1 0 1 1 0 1 0 1 0 0 0 0 0 1 1 0 1 1 1 1 0 1 1 1 0 1 0 0 1 0 0 0 0 0 1 0 1 1
0 1 1 1 0 1 1 1 1 1 1 1 0 0 1 0 0 1 0 1 0 1 0 0 1 1 1 0 1 1 0 1 0 0 0 1 0 1 0 1 1 0 1 1 1 0 1
0 1 1 0 0 0 1 1 0 1 1 1 0 1 0 1 1 0 1 1 1 1 1 1 0 1 0 1 1 0 0 0 0 0 1 1 0 0 0 1 0 0 1 1 0 0 0
0 1 0 1 0 0 0 0 0 1 0 0 1 0 1 1 0 1 0 1 0 1 0 1 0 1 0 0 0 1 0 0 0 1 0 0 1 1 1 1 1 1 0 1 1 1 1
0 0 0 0 0 0 1 1 1 0 0 0 0 0 1 0 0 1 1 0 1 0 1 0 0 1 1 1 1 1 0 1 0 1 1 0 0 0 1 0 1 1 1 1 0 1 1
0 1 0 1 0 0 1 0 1 1 0 0 0 0 0 1 1 0 0 0 0 0 0 0 1 0 1 0 1 1 1 1 1 1 0 0 1 1 0 0 1 1 0 0 0 0 1
1 0 0 0 0 0 0 0 0 0 0 0 1 1 1 1 0 1 1 0 1 1 1 0 0 1 1 1 0 1 1 1 0 0 1 1 0 0 0 0 0 0 0 1 0 1 1
1 0 1 1 0 0 0 0 0 1 0 0 0 1 0 1 0 1 1 0 0 1 0 1 1 1 0 1 0 0 0 1 1 0 1 1 1 0 1 0 0 1 1 0 0 1 0
0 1 1 0 0 0 0 1 1 1 1 0 0 0 0 0 0 1 1 1 0 0 0 1 0 1 1 0 0 1 0 0 1 0 0 1 0 0 0 0 0 1 0 0 1 1 0
1 0 1 1 0 1 0 1 1 0 0 1 0 1 1 0 0 0 1 0 1 1 0 0 1 1 1 1 1 0 0 1 0 1 0 1 1 1 1 1 0 0 1 0 1 0 1
1 1 1 1 1 0 0 0 1 0 0 0 0 1 1 1 1 0 1 0 1 1 1 0 0 0 0 1 1 1 1 0 0 0 0 1 0 1 0 1 0 0 1 0 1 1 1
0 0 1 1 0 1 1 0 0 0 1 1 1 1 0 0 1 1 0 1 1 0 1 1 1 0 1 0 1 1 0 1 1 1 1 0 1 1 0 1 0 0 0 1 0 0 1
0 1 0 0 0 0 1 1 0 1 0 1 1 0 0 0 1 0 0 1 0 0 1 1 0 0 1 1 0 1 0 1 1 1 0 1 0 1 1 0 1 0 1 1 1 0 1
1 0 1 0 0 0 1 1 0 1 0 0 1 1 0 0 0 0 1 1 1 0 1 1 0 1 1 1 0 0 1 1 0 0 0 0 1 1 0 0 0 1 1 1 1 0 0
1 1 1 0 0 1 0 0 1 1 1 1 0 1 0 0 0 1 0 1 0 0 0 0 0 0 0 1 1 1 1 0 1 1 0 0 0 1 0 1 1 1 1 0 1 1 0
1 1 0 1 0 1 1 0 1 1 0 0 1 0 1 1 0 1 1 0 0 1 1 1 1 1 1 0 1 1 0 0 1 1 0 1 0 1 1 0 1 0 0 1 0 0 0
0 1 0 1 0 0 1 1 0 0 1 0 0 1 0 1 1 1 1 0 1 1 1 1 0 0 1 0 1 0 1 1 1 0 0 0 0 1 1 1 1 1 0 1 0 1 0
0 1 0 0 1 0 1 1 1 1 1 1 0 0 1 1 0 0 1 1 1 1 0 1 1 0 1 1 0 0 1 0 1 1 0 1 0 1 0 0 1 1 1 1 0 1 1
1 1 0 1 1 0 1 0 1 1 0 0 1 0 0 0 0 0 1 0 0 1 0 1 0 1 1 0 0 0 1 0 1 0 0 0 1 0 0 1 1 0 1 1 0 1 0
1 0 1 0 0 1 1 0 1 0 1 1 1 0 1 0 0 1 1 0 0 0 1 0 1 0 1 0 1 0 0 0 1 1 0 0 0 0 0 1 0 1 1 1 1 0 0
1 1 0 1 0 1 1 1 1 0 0 0 0 1 1 0 0 1 1 1 1 1 1 0 1 0 0 0 0 0 1 1 1 0 1 1 1 0 0 0 1 1 1 1 0 1 1
0 1 1 1 1 0 0 0 1 1 1 0 1 0 1 0 0 1 0 0 1 1 1 0 1 1 1 0 0 0 1 1 0 0 1 0 0 1 0 0 1 1 1 1 1 1 0
0 0 1 0 1 1 0 0 0 0 0 1 0 0 1 1 0 1 0 1 0 1 1 1 0 1 1 1 0 0 1 0 0 1 0 0 0 1 1 1 1 0 0 0 0 1 1
1 0 0 1 1 1 0 1 0 0 1 1 1 0 1 1 0 0 0 1 0 1 0 0 1 1 1 1 0 0 0 0 1 1 0 1 1 0 0 0 0 1 0 1 0 0 1
1 0 1 0 0 1 0 1 1 1 0 1 1 0 0 1 0 1 0 1 1 1 0 0 1 0 1 1 0 1 0 1 0 0 1 0 0 0 1 0 1 1 1 0 0 0 1
0 0 0 1 1 0 1 1 0 1 1 1 0 1 0 0 1 1 0 0 0 0 0 1 0 1 1 0 0 1 0 0 0 0 0 0 1 0 1 0 1 0 1 0 0 0 0
0 0 1 1 1 0 0 1 0 0 1 0 1 1 0 0 0 0 0 1 0 1 0 1 0 0 0 1 1 0 1 0 0 0 1 1 1 0 1 0 0 1 0 1 1 0 1
1 1 0 1 0 0 0 0 1 0 1 1 1 1 1 1 0 1 0 1 0 0 1 0 0 1 1 0 1 0 0 0 1 0 1 0 0 1 0 0 1 0 1 1 0 0 1
0 1 0 0 0 1 1 1 1 0 1 1 0 0 0 1 0 0 0 1 0 1 0 1 1 1 0 1 0 0 1 0 1 0 1 0 0 0 1 1 1 0 0 0 0 0 0
0 1 1 1 1 1 0 1 0 0 0 0 1 0 0 1 1 1 1 0 1 1 0 1 0 0 0 1 0 1 0 0 0 1 0 1 1 0 1 1 0 0 1 1 0 1 0
1 1 0 0 1 0 1 0 0 0 1 1 0 1 1 1 0 0 1 0 0 1 0 0 1 1 0 0 0 0 1 1 0 1 0 1 1 0 1 1 0 1 0 0 1 1 1
0 1 1 0 1 1 1 0 0 1 1 0 1 0 0 0 0 1 0 0 0 0 0 0 1 0 1 0 1 0 1 1 1 1 1 1 1 0 1 0 0 0 1 1 0 1 1
0 0 0 0 1 0 0 0 1 0 0 0 0 0 0 0 1 1 1 1 0 0 1 0 0 0 0 0 0 0 1 1 1 1 0 0 1 1 0 1 0 1 1 0 1 0 1
0 0 1 0 1 0 1 1 0 1 0 1 1 1 0 1 0 1 0 1 0 1 0 1 1 1 0 0 1 0 0 1 0 0 1 1 0 0 0 0 0 1 0 1 1 1 0
1 1 0 0 0 1 1 1 0 0 0 1 1 0 1 0 0 1 1 1 1 0 1 1 0 1 0 1 1 1 1 0 0 1 0 1 0 0 1 1 0 1 0 0 1 1 0
0 0 1 0 0 1 0 0 1 1 1 0 1 1 0 0 0 1 1 1 0 0 0 1 0 0 1 0 0 0 1 1 0 1 1 0 1 1 1 0 1 0 1 1 1 0 0
0 0 1 1 1 1 1 1 1 1 1 0 0 0 1 1 0 0 0 0 1 0 1 1 1 0 0 1 0 1 0 1 0 1 1 0 0 1 1 0 1 1 0 1 0 1 1
0 0 1 0 0 1 1 0 1 0 1 1 0 0 0 0 1 0 0 0 1 0 1 0 1 0 1 0 0 0 1 1 1 0 0 0 1 0 1 0 0 0 1 0 0 1 0
1 0 1 1 1 1 0 0 0 1 0 0 0 1 1 0 0 1 0 1 1 1 1 0 0 1 1 1 0 1 0 0 0 1 1 0 1 1 0 1 0 1 1 0 1 0 0
0 0 0 1 1 0 0 1 1 0 1 1 1 1 1 0 1 1 1 0 1 0 0 1 1 1 0 1 1 1 0 1 1 1 0 0 0 0 1 1 0 0 1 1 1 1 1
0 1 1 1 1 0 1 1 1 1 0 1 1 1 1 0 0 0 0 0 1 1 1 0 0 1 1 1 1 1 0 0 1 0 0 1 1 0 0 0 0 1 0 1 0 0 0
1 1 1 0 0 0 0 0 1 0 0 0 1 1 0 1 1 0 1 1 0 1 0 0 1 1 1 1 0 0 1 1 1 0 1 1 1 1 0 0 1 1 1 1 0 1 1
1 0 0 0 1 0 0 0 1 1 0 1 1 0 0 1 1 1 0 1 1 0 0 0 0 1 1 0 1 1 1 1 0 1 0 1 0 1 1 0 0 0 1 0 1 1 1
0 0 0 0 0 0 1 0 0 0 1 1 1 1 0 1 1 1 1 1 0 0 0 1 0 1 1 1 1 1 1 1 1 1 0 1 1 0 0 0 0 0 0 0 1 0 0
0 1 0 0 1 1 1 1 1 1 1 1 0 0 0 1 0 1 1 0 1 0 1 1 0 0 0 1 1 0 1 0 0 0 0 0 1 0 0 1 1 0 0 1 1 0 0
0 0 1 0 1 0 1 1 0 0 1 0 1 1 0 1 0 0 1 0 1 1 1 0 0 0 1 1 0 1 1 1 1 0 0 1 0 0 0 0 1 1 0 0 0 0 0
0 1 0 0 1 1 1 0 0 0 0 0 1 0 0 0 1 1 1 0 1 1 0 1 1 1 0 1 0 0 1 1 1 1 1 0 0 1 0 1 1 1 0 0 1 1 1
1 1 0 1 1 0 1 0 1 1 1 0 1 1 0 1 1 1 0 1 1 0 1 0 0 0 1 1 1 1 0 1 1 1 1 0 1 0 0 0 0 1 1 1 0 1 0
1 0 0 0 1 1 0 1 0 0 1 1 1 1 1 1 0 0 1 1 1 0 0 1 0 0 1 0 0 0 1 0 1 0 0 0 0 0 1 1 0 0 1 0 0 1 1
0 0 0 1 1 1 1 0 1 0 0 0 1 1 1 1 0 1 1 1 0 0 0 0 1 1 0 0 0 1 0 0 0 0 0 0 1 1 0 0 0 0 1 1 0 1 1
0 1 1 0 1 0 0 0 0 0 0 1 1 1 1 0 0 0 1 0 1 0 0 1 0 0 1 0 1 0 1 0 0 0 0 1 1 1 1 0 1 1 1 1 1 1 0
0 1 1 1 1 1 1 0 0 0 1 1 0 1 1 1 1 1 1 1 0 1 1 1 1 1 0 1 1 1 0 0 1 0 0 1 0 0 1 0 1 1 0 1 1 1 0
1 1 1 1 0 1 1 1 1 1 1 0 0 1 1 1 1 1 0 0 0 1 0 1 0 1 1 1 1 0 0 0 0 0 0 0 1 1 0 0 0 0 0 0 1 1 0
0 0 0 1 1 1 0 0 0 1 0 0 0 0 0 1 1 0 1 1 1 1 1 1 1 0 1 1 0 0 0 1 0 1 1 1 1 0 0 0 0 0 0 1 0 1 0
0 0 0 1 0 1 0 1 0 1 1 0 0 1 1 0 1 0 0 1 1 0 0 0 1 0 1 0 1 0 1 0 0 0 1 0 0 1 0 0 1 1 1 0 0 0 0
1 1 1 0 0 1 0 1 1 1 0 1 0 1 0 0 1 0 1 1 1 1 0 1 1 0 0 0 1 1 1 0 0 0 1 1 0 0 1 0 1 1 1 1 1 1 1
1 1 0 1 0 0 1 0 1 1 0 1 0 1 1 1 0 1 0 0 1 1 1 1 0 1 1 1 0 1 1 1 1 0 0 0 0 0 1 0 1 1 1 0 1 0 1
1 0 0 0 0 1 1 1 1 1 1 0 0 1 0 1 0 0 1 1 1 0 0 0 1 0 0 1 1 1 1 0 1 0 0 1 1 0 0 0 0 0 0 0 0 1 1
1 0 0 1 0 0 1 1 1 0 1 0 0 0 0 0 0 1 1 1 1 1 1 0 1 0 0 1 0 0 0 0 0 0 1 0 0 1 0 0 0 0 0 1 1 0 1
1 1 1 0 1 0 1 1 0 1 0 0 1 1 0 0 1 1 0 1 1 0 1 1 1 0 0 1 1 1 1 1 0 0 1 1 1 1 0 1 0 1 0 0 0 1 1
1 0 0 0 0 0 1 0 0 1 0 1 1 1 1 1 1 1 1 0 1 1 1 0 0 0 0 1 0 1 0 0 1 1 0 0 0 0 1 1 1 0 1 1 0 0 1
1 0 1 1 1 1 0 1 1 0 1 0 0 0 0 1 0 1 1 1 1 0 0 0 0 1 0 0 1 0 0 1 0 1 0 1 1 1 0 0 1 1 1 1 0 1 0
0 0 1 1 1 1 0 1 1 1 0 1 1 1 0 1 0 0 1 0 1 0 0 0 1 1 1 1 1 0 1 0 1 0 1 0 1 0 0 0 0 1 0 0 1 1 1
1 0 1 0 1 1 1 1 0 0 0 1 0 0 0 0 1 0 1 0 1 1 1 0 1 0 1 1 1 0 1 1 1 1 1 1 0 1 1 0 0 1 0 0 1 1 1
0 0 1 0 0 0 1 0 0 1 0 0 1 0 1 0 0 0 0 0 0 0 0 1 0 1 1 0 1 0 0 1 1 0 0 0 0 1 0 1 0 0 0 0 1 0 1
1 1 1 1 0 0 0 0 0 1 0 0 1 1 0 0 1 0 1 0 0 1 1 0 1 0 1 0 1 1 0 0 1 0 1 1 1 1 0 0 0 0 1 0 1 0 0
1 1 0 0 1 0 1 1 0 0 1 0 1 0 0 0 0 1 1 0 0 0 1 0 0 1 1 0 0 1 0 1 0 0 1 0 1 1 0 1 0 1 0 0 0 0 0
0 0 1 0 0 1 0 1 1 1 0 1 0 0 1 0 1 1 1 1 0 0 1 0 1 0 0 0 0 0 0 0 0 1 1 1 1 1 1 0 1 1 0 1 1 0 0
0 1 1 1 0 0 1 0 0 0 1 0 0 1 0 0 1 0 1 0 0 0 1 0 0 0 0 1 0 1 0 1 0 0 1 0 1 0 0 0 1 0 1 1 1 1 1
1 0 0 1 1 0 0 0 1 0 0 0 0 1 0 0 1 0 0 0 1 1 0 0 0 1 0 1 0 0 1 1 1 1 0 1 1 1 1 0 1 0 0 1 0 0 1
1 1 1 0 0 0 0 1 1 1 0 0 1 1 1 1 0 1 0 0 1 0 1 1 1 1 0 1 0 0 1 0 0 1 1 1 1 1 1 0 0 0 0 0 1 0 1
0 0 1 0 0 0 1 1 1 0 0 0 0 1 0 1 0 1 0 0 0 0 0 0 1 1 1 1 1 0 0 0 1 1 1 1 1 0 0 1 1 0 0 1 1 0 0
1 0 1 1 1 0 0 0 0 1 1 1 0 0 0 0 1 0 0 0 1 0 0 1 1 1 1 1 1 1 1 1 1 0 0 1 1 0 1 1 1 1 1 1 0 1 0
0 0 1 1 1 1 0 1 0 0 0 0 1 1 1 0 0 1 1 0 0 1 1 1 0 1 0 0 1 0 0 0 0 0 1 0 0 0 0 0 0 1 1 1 1 1 1
1 1 1 0 0 1 0 0 1 0 0 0 1 0 1 0 1 0 1 1 0 0 1 0 1 0 1 1 0 1 1 1 1 1 0 0 0 0 1 1 1 0 0 1 0 1 0
0 0 1 1 0 1 0 0 0 1 1 0 1 0 1 0 0 0 0 1 1 1 1 1 0 0 0 0 1 1 1 0 1 0 1 1 0 0 1 1 1 0 1 1 1 1 0
1 1 1 0 0 0 1 0 1 0 0 1 1 1 0 1 0 1 1 1 0 1 1 1 0 0 0 1 1 0 0 1 1 1 0 0 0 1 0 0 0 1 0 1 1 1 1
1 0 0 0 0 1 0 1 1 0 1 1 1 1 1 0 0 0 1 0 1 1 0 0 0 1 0 1 1 0 1 1 1 1 1 0 0 0 0 0 0 0 1 0 1 0 0
1 0 0 1 1 0 1 0 0 0 1 0 1 0 1 0 0 0 0 1 0 0 0 1 1 0 1 0 0 1 1 0 0 0 0 1 1 1 1 0 0 0 0 0 0 0 0
0 0 0 1 1 1 1 0 1 0 1 0 1 1 0 0 0 0 0 0 1 1 0 1 1 1 1 1 1 0 1 0 0 1 0 1 0 0 1 1 0 1 1 0 0 1 0
1 0 0 0 1 1 0 0 0 1 0 1 1 0 0 1 0 0 0 0 1 0 0 1 1 0 0 0 1 1 1 0 1 0 1 1 1 1 0 0 0 1 1 0 0 0 0
0 1 1 1 0 1 0 0 0 1 0 1 1 1 0 1 0 0 1 1 0 1 1 1 1 1 1 1 0 1 1 0 0 1 0 0 1 0 1 0 0 0 1 1 0 0 1
0 1 1 0 1 0 1 0 1 1 1 1 1 0 1 0 1 1 1 1 1 1 1 0 1 1 0 0 0 1 1 1 0 1 1 1 1 0 0 1 0 0 0 1 1 0 1
0 0 1 0 0 1 1 0 1 0 0 0 0 1 0 0 1 1 1 0 0 1 1 1 0 0 0 0 1 0 1 1 0 0 1 1 1 0 0 1 0 1 0 1 0 1 0
1 1 0 0 0 0 1 1 1 0 0 1 0 1 0 0 0 0 0 0 0 1 1 1 1 0 1 1 1 1 0 0 0 0 0 0 1 0 1 1 1 0 0 1 1 1 0
1 1 1 0 0 1 0 1 0 0 1 0 0 1 0 0 0 0 0 0 0 0 1 1 1 1 0 1 0 1 1 1 0 0 1 0 1 0 1 1 1 1 1 0 1 1 1
0 1 1 0 0 1 0 0 0 1 1 1 1 0 1 1 0 1 1 0 1 1 1 0 0 1 0 0 1 0 0 0 1 1 0 0 1 0 1 0 1 0 0 0 0 1 0
0 1 1 0 1 1 0 1 0 0 0 1 0 0 1 1 0 1 0 1 1 0 0 1 1 0 0 0 1 1 0 0 1 0 0 0 1 1 0 0 1 0 1 0 1 0 1
1 0 0 1 0 1 0 1 0 0 1 1 1 0 1 0 0 1 0 1 1 1 1 1 1 0 1 1 0 1 0 0 0 1 1 1 1 0 0 0 1 1 1 1 0 0 0
0 1 0 1 1 0 0 0 0 1 0 1 1 1 0 0 0 1 0 0 0 0 1 1 0 0 0 1 0 1 1 0 0 1 1 0 1 0 0 1 0 0 0 0 1 1 0
0 1 0 1 0 0 1 1 1 1 1 1 0 1 0 1 1 1 0 0 1 1 0 0 0 0 0 0 0 0 1 0 0 1 1 1 1 1 1 0 0 1 1 0 1 0 0
0 1 0 1 1 0 0 1 0 0 0 1 0 0 1 1 1 1 0 0 0 1 1 1 1 0 1 1 1 0 1 1 0 0 1 1 1 0 1 0 0 0 1 0 1 0 1
1 1 1 0 1 1 1 1 0 0 1 0 1 0 1 1 1 0 1 0 1 0 1 1 0 0 1 0 1 0 0 1 1 0 0 1 1 0 1 0 0 1 1 1 0 0 0
1 1 1 1 0 1 0 1 0 0 1 1 1 0 0 0 1 1 0 0 0 1 0 0 1 0 1 1 0 1 1 0 1 0 0 0 1 1 1 0 0 1 1 0 0 1 1
0 1 0 1 0 0 0 0 0 0 1 0 1 0 1 0 1 1 0 1 0 0 0 0 0 1 1 0 0 0 1 1 0 1 0 1 1 0 0 0 1 1 1 0 1 0 0
1 1 1 0 1 0 1 0 1 0 0 0 0 1 0 0 1 1 1 1 1 1 0 0 1 1 0 1 1 0 0 1 0 0 0 0 0 0 0 0 1 0 1 0 0 0 0
0 0 0 1 1 0 1 1 1 1 1 0 1 0 1 1 0 1 1 1 0 0 1 1 1 0 0 0 0 1 1 1 1 0 1 0 0 0 0 0 1 0 0 0 1 1 1
0 0 1 0 1 1 0 1 0 0 1 1 1 0 0 1 1 0 1 0 0 1 0 1 1 1 1 0 1 0 1 0 0 1 1 0 1 1 0 1 1 0 1 0 0 1 0
1 0 1 1 0 0 1 1 0 0 1 0 0 0 1 1 1 0 0 0 0 0 1 0 0 1 0 1 1 1 1 0 1 1 1 0 1 1 1 1 0 0 0 0 1 1 1
1 1 0 1 1 1 1 1 0 1 1 1 1 0 0 1 0 1 0 1 0 0 1 0 1 1 0 0 1 0 0 1 1 1 0 0 0 1 1 1 1 1 1 0 0 0 1
0 0 1 0 1 1 1 0 0 0 0 0 1 1 0 1 1 0 0 1 0 1 0 1 1 0 0 0 0 1 0 0 1 0 1 1 0 1 1 0 0 0 0 0 1 0 1
0 1 0 0 0 0 0 1 1 0 0 0 0 0 1 1 0 0 0 1 1 1 1 1 1 1 0 0 1 1 0 0 0 0 1 1 1 1 1 1 1 1 1 1 0 1 0
0 0 0 1 1 1 1 1 1 1 0 0 1 1 1 0 1 0 0 1 0 1 1 0 0 0 1 0 0 1 1 1 1 0 0 0 1 1 0 0 0 0 1 0 0 0 0
1 0 0 0 1 1 1 1 0 1 0 1 0 0 1 1 0 1 0 0 1 1 0 0 0 0 0 1 1 0 0 0 0 0 1 1 1 0 1 1 1 1 0 1 1 1 1
0 1 0 0 0 1 0 0 1 0 1 1 0 1 0 1 0 1 1 0 1 0 1 0 1 0 1 1 0 0 0 1 0 0 0 1 0 1 0 1 0 1 1 0 1 1 0
1 1 0 0 1 1 1 1 0 0 0 1 0 0 0 0 1 1 0 0 1 0 0 0 1 0 1 1 0 0 1 1 0 1 1 0 1 1 1 1 1 0 1 1 0 0 0
0 1 1 0 0 0 0 1 0 0 0 0 0 1 0 1 0 1 1 1 0 0 0 0 0 0 1 1 0 1 0 0 0 1 0 0 0 1 1 0 0 0 0 0 0 0 0
1 0 0 0 0 1 0 0 1 1 0 1 1 1 0 1 0 0 0 0 0 0 1 0 0 1 1 1 1 0 1 0 0 0 0 1 1 1 1 0 1 1 0 0 0 1 0
0 0 0 0 0 0 1 0 1 1 0 1 1 0 1 1 0 1 0 0 1 1 0 0 1 0 1 0 0 0 0 1 0 1 0 0 1 1 0 0 0 1 0 0 0 1 1
0 0 0 1 1 0 0 0 0 1 1 0 0 0 1 0 0 1 1 0 1 0 1 0 0 0 0 1 1 0 1 0 1 1 0 1 1 1 1 0 0 1 0 0 0 0 1
1 0 1 1 1 0 1 0 0 1 0 1 1 1 1 0 0 0 1 0 0 0 0 0 0 1 0 0 0 1 1 1 0 1 0 0 1 1 1 0 1 1 1 0 1 0 1
1 1 0 0 0 1 1 1 1 1 1 1 1 0 0 0 1 1 1 1 1 0 1 0 0 1 1 1 0 0 1 0 0 1 1 1 1 0 0 0 0 0 1 1 0 0 1
1 1 1 0 1 1 0 0 0 1 1 1 0 1 1 0 0 1 0 1 1 0 0 0 1 1 0 0 1 0 0 0 1 0 1 1 0 0 1 1 0 1 1 0 0 1 1
1 1 0 1 1 0 0 1 1 1 0 0 0 1 0 1 1 0 1 1 0 1 1 1 0 1 0 0 1 0 1 0 1 1 1 0 0 0 1 0 0 0 0 0 1 1 0
0 1 0 0 1 1 0 1 1 0 0 0 1 0 1 1 1 1 0 1 0 1 0 0 0 1 1 0 1 1 0 0 0 0 1 0 1 0 1 1 0 1 1 0 0 1 0
1 0 1 0 0 1 0 0 0 0 1 0 1 1 1 1 1 1 1 1 1 1 1 1 1 0 1 0 1 0 0 1 0 1 1 0 0 1 1 1 0 1 0 0 0 0 0
1 1 1 1 1 1 0 0 1 1 0 0 0 0 0 0 0 1 0 0 0 1 0 1 0 1 1 1 0 1 1 1 0 1 0 1 0 0 0 1 0 1 0 1 1 1 1
0 0 0 1 0 0 0 0 0 0 1 1 1 0 1 0 0 0 1 0 0 1 1 1 1 0 0 0 0 0 0 1 0 0 0 1 0 0 1 0 1 0 0 1 0 0 1
1 1 1 1 1 1 1 1 1 0 1 0 0 1 1 1 1 0 0 0 0 0 0 0 1 0 0 0 1 1 1 1 1 0 1 1 0 0 0 0 1 0 1 1 1 0 0
0 0 0 1 1 1 1 0 0 1 0 1 1 1 0 1 0 1 0 1 1 0 1 0 1 1 0 1 1 0 1 0 1 1 0 1 0 0 0 0 1 0 1 1 0 0 0
0 0 0 0 0 1 0 1 0 0 0 1 0 1 0 0 1 1 1 0 0 1 0 0 0 1 1 0 0 1 1 0 0 0 0 1 1 1 0 0 0 0 0 1 1 0 1
1 1 1 1 1 1 0 1 1 1 0 0 1 0 0 0 1 0 0 1 1 0 0 1 1 0 1 0 1 0 0 1 1 1 1 0 1 1 1 0 1 1 0 0 1 1 0
0 0 1 1 1 1 1 1 1 0 0 1 0 0 1 1 0 1 0 1 0 0 1 0 0 0 1 1 1 1 0 1 0 0 0 1 0 0 0 0 1 1 0 0 1 1 1
0 1 0 1 0 1 0 0 0 0 0 0 1 1 1 0 0 0 0 0 0 0 1 1 1 0 1 1 0 0 0 1 1 0 1 0 1 0 0 1 1 1 1 0 0 0 0
0 1 1 1 1 1 1 1 0 1 0 1 1 1 1 1 1 1 1 0 1 0 0 0 1 0 1 0 1 1 1 0 1 1 1 1 1 0 0 1 1 1 1 1 1 1 1
1 1 1 0 1 0 1 0 1 1 0 0 0 1 1 0 0 0 1 1 1 0 0 1 1 1 1 0 0 1 0 1 0 1 1 1 0 0 0 0 1 0 0 1 0 0 0
0 0 1 1 0 1 0 0 1 1 1 0 0 1 0 1 1 1 0 1 0 0 0 0 1 1 1 1 0 0 1 1 0 1 1 0 0 1 1 1 0 0 1 0 1 0 1
0 0 1 1 1 0 1 0 1 0 0 1 0 0 1 0 1 0 1 0 1 0 1 1 1 1 1 1 1 0 0 0 1 1 0 0 1 1 0 0 0 0 0 0 0 0 0
0 1 0 0 0 0 0 0 1 1 1 0 0 1 1 0 1 1 1 0 0 1 0 0 1 1 1 1 0 1 1 0 1 0 1 0 0 0 0 1 0 0 1 0 0 0 1
0 0 1 1 1 1 0 0 1 0 1 0 1 1 1 1 1 1 0 1 0 1 0 0 1 0 1 1 1 1 0 1 1 1 0 1 0 0 1 0 1 0 1 0 0 0 1
1 0 0 1 1 0 1 0 1 1 1 1 0 1 0 1 0 0 1 0 1 0 1 0 1 0 1 0 0 1 0 0 0 1 0 0 0 0 0 1 1 1 0 0 0 1 0
1 0 1 0 1 1 1 0 0 0 1 1 0 0 1 1 0 1 0 0 1 0 0 0 0 1 1 1 0 1 1 1 1 0 0 0 1 1 0 1 0 1 0 1 0 0 1
0 0 1 1 1 1 1 0 1 1 1 0 0 0 0 1 1 1 0 0 1 1 1 0 1 1 0 1 0 1 0 1 1 1 0 1 1 0 0 1 0 1 1 0 1 0 1
1 0 1 1 0 0 1 0 1 1 0 0 0 0 0 1 0 1 0 1 0 1 0 1 1 0 0 1 1 1 1 1 0 1 0 1 1 1 0 1 1 0 0 1 1 0 0
0 1 1 1 1 1 1 1 1 1 1 0 1 1 1 0 1 0 1 0 0 0 1 1 0 1 1 0 0 1 1 1 0 1 1 1 0 1 1 1 0 1 1 0 0 1 1
1 1 1 0 1 0 0 1 0 1 0 0 0 0 1 0 0 0 1 1 0 1 1 1 1 0 0 0 0 1 0 1 1 0 0 0 0 0 1 0 0 1 1 1 0 0 1
1 1 1 0 0 0 0 0 0 0 1 0 0 1 1 1 1 0 0 1 1 0 0 1 1 1 0 1 0 1 0 0 0 0 1 0 1 0 0 1 0 0 0 1 0 1 0
0 0 0 0 1 1 0 1 1 1 0 0 1 1 0 0 1 0 1 1 1 0 0 0 0 1 0 0 0 1 1 0 0 0 1 0 0 1 0 1 1 0 0 1 0 1 1
0 0 1 0 0 0 0 1 1 0 0 0 1 0 1 0 1 1 0 1 1 1 0 1 1 1 1 0 1 0 1 1 1 0 0 1 0 1 1 0 0 1 1 1 0 0 1
1 1 1 1 0 1 1 1 0 0 0 1 1 1 0 1 0 0 0 0 1 0 0 0 1 0 0 0 0 0 1 1 0 0 0 0 1 0 1 1 0 0 0 1 1 0 0
0 0 0 1 0 1 1 1 0 1 1 1 0 0 1 0 1 0 1 1 1 1 0 1 0 1 0 1 1 0 1 1 0 0 1 1 1 1 1 0 0 1 0 0 1 1 0
1 0 1 1 0 1 0 0 1 1 0 0 1 0 1 0 0 1 1 1 1 0 0 1 0 1 0 1 0 1 1 0 1 1 0 1 1 1 1 1 1 0 1 0 0 1 1
1 0 1 1 0 0 1 1 1 1 1 1 0 1 1 0 0 1 1 1 1 0 1 1 1 0 1 1 1 1 1 1 1 0 1 1 1 0 1 0 0 0 1 0 1 0 0
0 1 0 0 1 1 0 1 0 1 1 0 0 1 1 1 0 0 1 0 1 1 0 0 1 0 0 1 1 1 1 1 0 0 0 0 1 1 1 1 0 1 1 1 0 0 0
1 0 1 0 1 0 1 1 0 0 1 1 1 1 1 1 0 0 0 0 1 0 1 1 0 0 0 0 0 1 0 1 0 1 0 1 1 1 0 1 1 0 0 1 1 1 1
1 1 0 1 1 0 0 0 0 0 0 0 1 1 1 1 0 1 1 0 1 0 0 1 1 0 1 0 0 1 1 1 1 1 1 0 0 1 0 0 0 0 1 0 0 1 1
0 1 0 0 0 1 1 0 1 0 1 0 1 0 1 1 0 1 1 0 0 1 1 1 0 0 0 1 0 1 1 0 1 1 1 1 0 1 0 1 0 0 1 1 0 0 0
0 0 0 0 0 0 0 0 0 1 1 0 0 1 0 0 0 1 0 1 1 1 0 0 1 0 1 0 0 1 1 1 1 1 0 1 1 0 1 1 1 1 0 1 1 0 1
1 0 1 1 0 1 1 1 0 0 0 0 0 1 1 0 1 1 1 1 0 1 0 0 1 1 1 0 1 1 0 0 0 1 1 1 0 1 1 0 1 1 0 0 0 1 1
1 0 1 0 1 0 1 0 0 1 0 0 0 1 0 0 0 1 0 1 1 1 1 1 0 0 0 0 0 0 0 0 0 0 0 0 1 1 0 0 1 1 0 0 0 0 0
1 1 0 1 1 0 1 1 0 1 0 0 1 1 0 0 1 0 1 0 0 0 1 0 1 0 0 1 1 0 0 1 0 1 0 1 1 0 0 1 1 1 0 1 1 1 0
0 0 1 0 0 0 1 1 0 0 0 1 0 0 0 1 1 0 1 1 1 0 0 0 1 0 0 0 1 0 0 0 1 1 1 0 0 0 1 0 1 0 1 1 0 1 0
0 1 0 1 1 0 0 1 0 1 0 0 0 0 0 0 1 1 0 0 0 1 0 1 1 1 0 1 0 1 0 0 1 0 1 1 1 0 1 0 1 1 0 1 0 0 1
0 0 0 1 1 0 0 0 1 0 1 0 0 0 1 0 1 1 0 0 1 1 0 0 1 0 0 0 1 1 0 0 0 1 1 0 0 1 1 1 1 0 0 0 1 1 0
1 0 0 1 1 0 0 0 1 1 0 1 1 0 1 0 1 1 1 0 0 0 0 0 1 1 0 1 1 1 1 0 0 0 1 0 0 0 0 0 0 1 0 1 0 0 0
0 1 1 0 0 1 1 0 0 0 1 1 1 1 1 0 1 1 0 0 0 0 1 0 1 1 0 1 1 1 0 0 0 0 1 1 0 1 1 0 0 1 1 0 1 0 1
1 0 0 1 0 1 0 1 0 0 1 0 0 1 0 1 1 1 0 1 0 0 1 0 0 0 0 0 1 1 0 0 1 0 1 1 1 0 0 1 1 1 0 0 1 0 0
1 0 0 0 0 1 1 0 0 1 0 0 0 1 1 1 1 0 1 0 0 0 1 1 1 1 1 0 0 1 1 0 0 0 0 1 0 0 1 1 0 1 1 1 1 0 0
0 1 1 1 1 1 1 1 1 1 0 0 1 0 1 1 1 1 0 0 1 0 0 1 0 1 0 0 0 0 1 0 1 1 1 0 0 0 0 0 0 0 1 0 0 0 1
0 1 1 1 0 1 0 0 0 1 0 1 0 0 0 1 1 1 1 1 1 0 1 0 0 1 0 1 0 0 1 1 1 0 1 0 1 1 1 0 0 1 0 0 0 0 0
1 1 0 1 0 1 1 0 0 1 1 1 1 1 1 1 1 1 1 1 1 1 0 0 1 0 1 1 0 0 1 0 1 1 1 1 0 1 0 1 1 0 0 0 1 1 0
1 0 0 1 0 1 0 0 0 0 0 1 0 0 0 1 1 0 1 1 0 0 0 0 0 1 1 0 1 0 0 1 1 0 1 1 1 0 1 0 0 1 0 1 0 0 1
1 0 1 1 0 1 1 1 0 0 1 1 0 1 0 0 0 0 0 1 1 0 1 1 0 1 1 0 1 0 1 0 1 1 0 0 1 1 1 0 1 1 1 1 1 0 1
0 0 0 0 1 1 1 1 0 0 1 1 1 1 0 1 1 1 0 0 1 1 0 0 0 1 1 0 1 0 1 1 0 0 0 0 0 0 0 0 1 0 0 1 1 1 1
0 0 0 1 0 1 0 0 0 0 1 1 1 1 1 1 0 1 0 0 1 1 1 1 1 1 1 0 1 1 1 1 1 1 1 1 1 1 0 1 0 1 0 1 1 1 0
1 1 1 0 1 1 1 0 1 1 1 0 1 1 1 0 0 0 0 1 1 1 1 0 1 0 1 1 1 0 1 1 0 1 0 0 1 1 0 1 1 0 1 1 0 1 1
1 1 0 1 0 1 0 0 1 1 1 0 1 0 1 0 1 1 0 0 1 0 0 0 0 0 0 0 0 0 0 1 1 0 0 1 0 0 0 1 0 0 0 0 0 1 0
0 1 0 0 1 0 0 1 0 0 1 1 1 0 1 1 0 0 0 1 1 0 1 0 0 0 1 0 1 1 0 0 0 1 1 0 0 0 1 0 0 0 0 1 1 0 0
0 1 0 1 1 1 0 0 1 0 0 1 0 1 1 0 0 1 0 0 0 1 0 0 0 0 0 0 1 1 0 0 1 1 0 1 1 0 1 0 0 0 1 1 1 0 0
1 0 1 1 1 0 0 0 1 0 1 0 1 1 0 1 0 1 1 0 1 1 0 1 1 0 0 0 1 0 0 0 1 1 0 0 1 0 0 1 1 0 1 0 1 0 1
1 0 1 0 0 0 1 0 1 1 1 0 1 1 0 1 1 0 0 1 0 1 1 0 0 1 0 0 1 1 0 1 0 0 0 0 0 0 1 1 0 1 0 0 1 0 1
0 1 1 0 0 1 1 0 0 1 1 1 1 0 1 0 1 0 1 0 0 1 0 1 1 0 1 1 1 1 0 1 0 1 0 0 0 0 1 1 0 1 0 0 1 0 0
0 0 0 1 0 1 0 1 0 0 0 0 1 0 0 0 0 0 0 1 1 1 0 0 0 0 0 1 1 1 1 1 1 1 1 0 0 0 0 1 0 0 0 0 0 1 1
1 1 1 1 1 0 0 1 1 0 0 1 1 1 0 0 0 1 1 0 0 0 0 1 0 1 0 0 0 0 1 0 1 0 1 1 0 1 1 1 1 1 0 0 1 0 0
0 0 0 0 0 0 0 0 1 1 0 0 0 0 1 0 1 0 1 1 0 1 1 1 0 1 1 1 1 0 0 0 0 1 0 0 1 0 1 1 1 1 1 0 1 1 0
0 1 1 1 1 0 1 0 0 1 1 1 1 0 1 1 0 1 1 1 0 0 1 1 1 1 1 1 1 0 0 1 0 0 0 0 0 0 0 1 0 0 1 0 0 1 0
0 0 0 1 1 0 1 1 0 0 1 1 0 1 0 0 0 0 1 1 0 1 0 1 1 1 1 0 1 1 1 1 1 1 1 0 0 1 0 0 0 1 1 0 0 0 0
0 1 1 1 1 1 0 1 0 0 0 0 0 0 1 0 0 0 1 1 0 0 0 1 1 1 0 0 1 0 1 1 1 1 0 1 1 0 0 1 1 0 0 1 1 1 1
1 1 0 1 1 0 0 1 1 0 1 1 1 0 0 1 1 1 1 1 1 1 0 1 0 1 0 1 1 1 1 0 1 0 0 0 1 1 0 0 1 0 0 1 0 1 0
1 0 1 1 1 0 0 1 0 1 1 1 0 0 1 1 1 1 0 1 1 0 0 1 1 1 0 0 0 1 1 0 1 1 0 0 0 1 0 0 0 1 0 0 1 0 1
0 1 0 1 1 1 0 0 1 0 1 0 0 1 1 1 1 0 0 0 1 1 1 0 1 0 1 0 0 0 0 0 1 0 1 0 0 0 1 1 0 1 0 1 0 0 1
1 0 1 0 1 0 1 0 1 1 0 0 1 0 1 1 1 1 1 1 1 0 0 1 1 0 0 1 1 0 0 1 1 0 1 1 1 1 1 0 1 0 0 1 0 1 1
1 1 1 0 0 1 0 0 0 1 0 0 0 1 1 1 1 1 0 0 0 0 1 0 1 0 0 0 1 0 0 1 0 1 0 0 0 0 0 0 1 0 1 0 1 1 1
0 1 0 1 0 0 0 0 0 1 1 1 0 1 0 1 0 0 1 0 1 0 0 1 0 1 0 0 1 1 0 0 0 0 1 0 0 1 0 0 0 1 0 0 1 1 1
0 0 0 1 0 0 0 0 1 1 0 1 1 1 1 1 0 1 1 1 1 1 0 0 1 1 1 0 1 0 0 0 0 0 0 1 0 0 1 1 1 1 0 0 1 0 0
0 1 1 1 0 0 1 1 1 1 0 0 1 1 1 1 0 0 0 1 1 1 1 0 0 1 0 0 0 0 0 1 1 1 1 1 1 1 1 1 1 0 0 0 1 0 0
0 1 1 0 1 0 0 1 0 1 1 0 1 1 1 1 1 0 1 1 0 0 0 1 0 1 0 1 1 0 0 0 1 1 0 1 0 1 0 1 1 1 1 0 0 0 0
0 1 0 1 0 1 0 0 1 1 0 0 1 0 0 0 1 1 1 1 1 0 1 1 1 1 1 0 1 1 1 0 0 0 1 0 1 0 0 1 1 0 1 0 1 0 0
0 0 0 0 1 1 1 0 0 0 1 0 0 1 1 0 0 0 0 1 0 1 1 0 0 0 1 0 0 0 0 1 0 1 0 1 0 1 0 1 0 0 0 1 0 1 0
1 1 1 1 1 0 0 0 0 0 0 1 1 1 1 0 1 0 0 1 1 1 0 1 1 1 1 0 0 1 1 1 0 0 0 0 0 1 0 1 1 0 0 0 1 0 1
0 1 1 0 1 1 0 0 1 0 1 1 0 0 1 1 1 0 0 1 1 1 0 0 0 1 0 0 1 0 0 0 1 1 1 1 1 1 0 0 0 0 0 1 1 1 1
1 0 1 1 0 1 1 1 0 1 1 1 0 0 1 0 1 0 1 0 0 1 0 1 1 0 0 0 0 0 0 0 0 0 0 1 1 1 0 1 1 1 1 0 1 0 1
0 1 0 0 0 1 0 1 0 0 0 0 0 1 0 1 0 0 0 0 1 1 1 1 0 1 1 0 0 0 0 0 1 1 0 1 1 1 1 0 0 1 1 0 0 1 1
0 0 0 1 0 0 1 1 0 0 1 0 0 0 1 0 0 0 1 0 1 1 0 1 0 1 0 0 0 1 0 1 1 0 1 1 1 0 1 1 0 0 0 0 0 0 0
0 0 1 1 1 1 0 1 1 1 0 1 0 1 1 0 0 1 1 1 1 1 0 1 1 0 0 0 0 0 1 0 1 0 0 0 0 1 1 1 0 0 0 1 0 1 0
1 1 1 0 0 0 1 0 0 0 0 0 0 0 0 0 0 1 0 0 1 1 1 1 1 1 0 0 1 1 1 0 0 1 1 0 0 1 1 1 0 0 1 1 0 0 1
1 1 0 0 0 0 0 0 0 0 1 1 0 0 1 1 1 0 1 1 1 0 1 0 1 0 0 0 1 0 1 1 1 0 0 0 1 1 0 0 0 0 0 1 1 0 0
0 0 1 1 1 1 0 0 0 1 1 1 1 1 0 0 1 1 1 0 0 0 1 1 1 0 1 1 0 0 1 0 1 0 0 1 0 1 0 1 0 0 0 1 1 0 0
0 1 1 0 0 1 1 1 0 1 1 1 1 1 0 1 0 0 1 1 0 0 1 0 1 0 1 0 0 0 0 0 1 0 1 0 1 1 0 1 0 1 1 1 0 0 1
1 1 1 0 0 0 0 1 1 0 0 1 1 0 1 0 1 0 1 1 0 0 0 1 0 0 0 0 0 1 0 1 0 0 1 0 0 1 0 1 0 0 1 0 1 1 0
1 1 1 1 1 0 0 0 1 0 0 1 1 0 1 1 0 0 0 1 1 0 0 0 1 1 0 1 1 1 0 1 1 1 1 0 1 0 1 1 1 1 1 1 1 0 1
1 0 0 0 0 1 0 0 0 0 0 0 1 1 1 1 0 0 0 0 0 1 0 0 1 0 0 0 0 0 1 0 1 0 0 0 0 1 0 0 1 1 0 0 1 1 0
0 0 1 0 1 1 0 1 0 0 1 0 0 1 1 0 1 0 1 1 1 0 1 1 1 0 1 0 1 1 0 0 0 1 0 1 1 0 0 0 0 0 1 0 1 1 1
1 1 0 1 0 0 1 0 1 0 1 0 0 1 0 0 1 0 1 0 1 0 0 1 0 0 1 1 0 1 0 0 0 1 0 1 0 1 0 0 0 1 0 1 1 0 1
1 1 1 0 0 1 0 1 1 1 0 1 0 0 0 1 0 1 1 0 1 1 1 0 1 1 0 0 0 1 0 1 1 0 1 0 0 1 0 1 0 0 1 1 1 1 0
1 0 1 0 1 1 1 0 1 0 0 1 1 1 0 1 1 1 0 0 0 0 1 0 1 1 0 0 0 1 1 1 0 1 1 1 1 0 1 0 1 0 0 0 0 1 0
0 1 1 0 1 0 0 1 1 0 1 0 1 0 1 1 0 0 1 0 1 0 1 0 1 1 1 0 0 1 1 0 1 0 0 1 1 1 1 1 1 0 1 0 1 0 1
1 1 0 0 0 0 0 1 0 1 1 1 1 1 0 1 0 0 0 0 1 1 0 0 1 1 1 1 1 1 0 0 0 1 0 1 0 1 1 1 0 0 0 1 0 0 1
1 0 0 0 1 1 0 1 0 0 0 0 1 1 0 0 0 1 0 0 0 0 0 0 1 0 1 0 0 1 0 1 0 0 0 1 0 0 1 1 1 1 1 1 1 0 1
1 0 0 1 0 0 1 1 0 0 1 0 1 1 0 0 1 1 0 1 0 0 0 1 1 1 0 0 0 0 0 1 1 1 0 1 0 1 1 1 0 0 1 1 1 1 0
1 0 1 0 0 0 1 1 1 0 1 1 1 1 0 0 0 1 0 1 0 1 0 1 0 1 0 0 0 1 0 1 0 0 0 0 1 0 0 1 1 1 1 1 0 1 0
1 0 0 0 1 0 1 0 0 1 0 0 1 0 1 1 1 0 1 0 0 1 0 0 0 1 1 1 0 0 0 1 1 1 1 1 1 0 0 1 0 0 1 1 1 1 1
1 0 1 0 0 0 1 1 1 0 1 0 1 0 1 1 0 0 0 1 0 1 0 0 0 0 1 1 0 1 0 1 1 1 1 1 1 1 1 0 0 1 1 0 1 1 1
0 1 0 1 1 0 1 0 0 1 1 1 1 0 0 1 1 0 0 0 1 1 0 1 0 0 0 0 0 1 1 1 1 0 1 0 0 1 1 1 0 1 1 1 1 0 1
1 0 1 0 1 0 1 0 1 1 1 1 0 0 0 0 1 1 1 0 1 1 0 0 0 0 1 1 0 0 1 1 0 0 0 1 0 0 1 0 0 0 1 1 1 1 0
0 0 0 0 0 1 1 0 0 1 0 0 0 1 0 0 0 1 1 1 0 0 0 1 0 1 0 1 1 1 0 1 1 0 1 1 0 1 0 1 1 1 1 1 1 0 1
0 0 1 0 0 0 0 1 1 1 0 1 0 1 0 0 0 0 0 0 0 1 1 0 0 1 1 0 0 0 0 1 0 1 1 0 0 0 0 1 1 1 1 1 0 0 1
1 0 0 1 1 0 0 1 1 0 1 0 0 0 0 1 1 1 1 1 1 1 0 1 1 0 1 0 0 1 0 1 0 0 1 1 0 1 0 1 1 0 1 1 0 0 1
1 0 0 0 0 1 1 1 0 1 1 0 0 0 1 0 1 1 1 0 0 0 1 1 0 0 0 1 1 1 0 0 1 0 1 0 0 1 0 0 1 1 1 0 0 1 0
1 1 1 1 1 1 1 1 0 1 1 0 0 0 1 1 1 0 1 1 0 1 1 0 1 1 1 1 1 0 1 1 0 0 1 1 1 0 0 1 1 1 0 0 0 0 1
0 0 0 1 0 0 1 0 0 1 0 1 0 0 1 1 1 1 0 1 1 0 1 1 1 1 1 0 0 0 0 0 1 0 1 1 1 1 0 0 1 0 1 0 1 1 1
1 0 1 1 1 0 0 1 1 0 1 0 1 1 1 0 1 0 1 1 1 1 1 1 1 1 0 1 0 0 0 0 1 0 1 1 1 0 0 1 1 1 0 0 0 1 1
1 1 0 0 1 1 1 1 0 1 1 0 1 1 0 1 0 1 0 1 1 1 1 1 0 1 0 1 0 1 0 1 0 1 1 1 0 0 1 0 1 0 1 0 1 1 0
0 1 0 1 1 0 1 0 1 0 0 1 1 0 1 1 1 1 0 1 1 0 1 1 0 1 0 1 0 0 0 1 0 0 0 1 0 1 1 1 0 1 0 1 0 0 0
1 0 1 1 1 1 0 1 0 1 1 1 0 1 1 0 1 0 0 1 1 0 1 0 0 1 0 1 1 1 0 0 0 0 0 1 1 0 1 1 1 0 0 1 1 0 0
0 1 0 0 1 1 0 1 1 1 0 1 1 1 0 1 0 1 1 1 0 1 1 1 1 0 1 1 1 0 1 1 1 1 1 1 0 0 1 1 1 1 1 1 1 0 0
0 0 0 0 0 1 1 0 0 0 1 1 1 0 0 0 0 1 1 1 1 0 0 0 1 0 0 1 1 1 0 1 0 0 0 1 1 1 1 0 1 1 0 0 1 1 1
1 0 1 0 1 0 0 1 1 1 0 1 1 0 1 1 0 0 0 1 0 1 0 0 1 0 0 0 0 0 1 0 0 1 0 1 1 0 0 1 0 0 1 0 0 0 0
0 0 0 0 1 1 1 0 1 1 1 1 0 1 0 1 1 1 0 1 0 0 0 1 1 0 1 1 1 1 1 0 0 1 1 1 0 1 1 1 0 1 0 1 0 1 1
0 0 1 0 0 0 0 0 0 0 1 0 0 0 1 1 0 1 0 1 1 0 0 1 0 0 0 1 0 0 1 1 1 1 1 1 0 0 0 1 0 1 1 0 0 1 1
1 1 0 0 1 1 0 0 1 1 1 1 0 1 1 0 1 1 1 1 0 0 0 1 0 0 1 1 0 0 1 1 0 0 0 1 1 0 1 1 1 1 0 0 0 0 1
1 1 0 0 1 1 0 1 1 0 0 0 0 0 0 0 0 0 0 1 0 0 1 1 0 0 1 1 1 0 1 0 1 0 1 1 1 1 0 1 0 0 1 1 0 1 0
1 1 0 0 0 0 0 0 1 0 0 1 1 1 0 0 1 1 0 1 1 1 0 0 0 0 0 0 0 0 0 0 0 1 1 1 0 0 1 0 0 0 0 1 0 1 0
1 1 0 0 1 0 0 0 0 1 0 1 0 1 1 0 1 1 0 1 0 0 1 0 1 1 1 0 0 1 0 1 0 1 0 0 1 1 1 0 0 1 1 1 0 1 0
0 0 0 0 0 0 0 0 1 1 1 1 1 1 1 0 0 0 0 1 1 0 1 0 1 1 0 1 0 1 0 1 1 0 0 0 1 1 1 0 0 0 0 0 0 1 0
0 0 1 0 0 0 0 1 0 0 1 1 0 0 0 0 1 1 0 1 0 1 1 0 1 1 0 1 1 0 0 0 0 1 0 0 1 0 0 1 0 1 0 1 0 1 1
1 0 0 1 0 0 0 0 1 0 0 0 0 1 1 0 0 1 0 1 1 0 0 0 0 1 1 0 1 0 1 1 0 0 1 0 1 0 0 1 1 0 0 0 1 1 0
0 0 0 0 1 1 0 0 1 0 1 0 0 0 1 0 1 0 1 1 1 1 0 1 0 1 0 1 0 1 0 0 0 0 0 0 0 1 1 0 1 0 1 0 0 0 1
0 1 1 0 0 0 1 0 0 1 1 0 1 1 1 0 1 1 0 1 0 0 1 0 0 1 1 1 1 0 1 0 1 0 0 0 0 0 1 0 1 1 0 1 1 1 1
0 0 0 1 0 0 0 1 0 0 0 1 1 1 0 1 1 0 1 1 1 1 1 1 1 0 0 1 0 1 1 1 0 1 0 0 1 1 1 1 1 1 1 0 1 1 0
0 0 0 0 0 0 1 1 0 1 0 1 0 1 1 0 1 0 0 1 0 0 0 1 1 0 0 1 1 0 0 1 0 1 1 0 1 0 1 0 0 0 0 0 0 0 1
1 1 0 0 1 1 0 0 0 0 0 0 1 0 0 1 1 1 0 1 0 0 0 1 1 0 0 0 0 0 1 0 0 1 0 0 0 0 0 0 1 1 0 1 0 0 1
0 0 1 1 0 0 0 1 1 1 1 1 0 1 1 1 1 0 0 1 1 1 0 1 0 0 1 0 0 0 0 1 1 1 0 0 1 0 0 1 0 0 1 1 1 0 0
1 1 0 1 0 1 1 1 1 1 0 0 1 1 1 1 0 0 1 1 0 1 0 1 0 0 0 1 0 0 0 1 0 0 1 0 0 0 0 1 1 1 0 1 0 1 0
1 0 1 0 0 0 0 1 0 1 0 0 1 0 0 0 1 1 0 1 1 1 0 0 0 0 0 1 1 0 1 0 1 0 1 0 1 0 0 0 1 0 1 0 1 0 1
0 0 1 1 0 0 0 0 1 0 0 1 0 1 1 0 0 0 1 1 0 1 1 1 0 0 1 1 0 1 1 0 1 0 1 0 1 1 0 1 1 1 0 1 1 0 1
0 0 0 0 0 1 0 1 1 1 0 0 1 0 1 0 1 1 0 0 0 0 0 1 1 1 0 1 0 0 1 1 0 0 0 1 1 0 0 0 1 0 1 1 1 1 0
0 1 1 0 0 1 1 0 0 1 1 0 0 0 0 1 1 1 1 0 1 0 0 1 1 1 0 0 0 1 1 1 0 1 0 1 1 1 1 1 1 0 0 0 0 0 0
1 1 1 0 0 1 0 0 0 0 1 1 0 1 1 1 1 0 0 0 0 1 0 1 0 1 1 1 0 0 0 1 0 1 1 1 0 1 1 0 1 1 1 1 1 0 0
1 0 1 0 1 1 1 0 1 1 1 0 0 1 1 0 1 1 1 0 1 0 1 0 0 1 1 0 0 1 0 1 1 0 0 1 0 1 1 1 1 1 0 1 1 1 0
0 1 1 1 0 1 0 0 1 1 1 1 0 0 1 1 0 0 1 0 0 0 0 0 0 1 1 1 0 1 1 0 0 1 1 1 0 0 0 0 1 0 1 0 0 1 0
0 0 1 1 0 0 1 1 1 0 1 1 1 0 0 1 0 1 0 0 1 0 0 1 0 1 1 0 1 1 1 0 0 1 1 1 1 0 1 1 1 1 0 0 0 0 1
0 1 1 1 0 0 1 0 1 1 0 1 0 0 0 0 0 0 1 0 0 0 1 1 1 0 0 0 0 1 0 1 1 1 0 1 0 1 1 1 0 0 1 0 0 1 1
1 0 1 1 0 1 0 1 1 0 0 1 0 1 1 1 1 0 1 0 0 0 0 1 1 0 0 1 0 1 0 1 1 1 0 1 0 1 0 1 0 1 0 0 0 0 0
0 1 0 1 1 0 1 1 0 0 0 1 0 0 0 0 0 1 1 0 1 1 0 0 1 0 0 1 0 1 1 0 0 0 0 1 0 0 0 1 1 1 1 0 0 0 1
0 1 1 1 1 1 1 0 0 0 0 1 1 0 1 0 0 1 0 0 0 0 0 0 1 0 0 1 0 0 0 0 1 0 1 1 1 1 1 1 1 0 0 1 0 1 1
0 1 1 0 0 1 0 1 0 0 0 0 1 0 0 1 0 1 1 0 0 1 0 0 0 0 0 0 1 0 1 1 0 1 1 1 0 1 1 1 1 0 1 0 0 0 1
0 1 0 0 0 0 1 1 1 1 0 0 1 0 1 0 1 0 0 0 1 0 0 0 0 0 1 1 1 1 1 1 0 0 1 1 0 1 1 1 1 1 0 0 1 0 0
1 1 1 1 0 0 0 0 1 1 1 1 1 0 0 1 0 1 0 0 0 0 1 1 0 0 0 1 0 0 0 0 1 0 0 1 1 0 1 0 0 0 1 1 1 1 1
0 0 0 0 1 1 0 0 0 1 0 0 0 1 1 1 1 0 0 0 1 1 1 1 0 0 1 1 1 1 1 0 1 1 1 1 1 0 1 0 1 0 0 0 0 0 0
1 1 1 0 0 0 1 1 1 0 1 1 1 1 1 1 1 0 1 0 1 0 0 1 1 1 1 1 0 0 0 1 0 0 0 0 0 0 1 0 1 1 1 0 0 1 1
0 1 0 0 0 1 0 1 1 0 0 0 0 0 1 1 1 0 1 0 0 1 1 0 1 1 0 1 0 1 0 1 0 1 1 0 0 0 0 0 0 1 0 0 1 0 0
0 1 1 0 0 1 1 0 1 1 0 0 0 1 0 0 1 1 0 0 1 1 0 1 1 1 0 1 1 0 1 0 1 1 0 0 1 1 0 0 0 1 1 1 1 1 0
0 1 1 1 0 1 0 1 0 0 1 0 1 1 0 0 1 0 0 0 1 1 0 0 1 1 0 0 0 1 0 0 1 1 0 0 0 1 0 0 1 1 0 1 0 0 0
0 1 1 1 0 1 0 1 0 0 0 0 1 1 0 1 1 0 0 0 1 0 0 0 0 1 1 1 1 1 0 1 1 0 0 0 0 1 1 1 1 0 1 0 1 1 0
0 0 1 0 1 1 0 1 1 1 0 1 1 1 1 1 0 0 0 0 0 0 0 1 0 1 0 0 1 1 1 1 1 1 0 0 1 0 1 1 0 1 0 1 0 1 0
1 1 0 0 0 1 0 0 0 1 1 0 1 0 0 0 0 0 0 0 0 0 0 0 0 1 0 0 0 0 0 0 0 1 0 0 1 1 0 1 0 0 1 1 1 0 0
1 0 1 0 0 1 0 0 1 0 0 1 0 0 1 0 0 0 0 0 1 0 1 0 0 1 0 0 0 1 0 0 1 0 0 0 0 0 0 0 1 0 0 0 0 0 1
0 1 1 1 0 0 1 1 0 0 1 0 0 0 1 0 0 1 1 0 0 1 1 1 1 0 1 1 0 0 0 1 1 1 0 0 1 1 0 1 1 0 1 0 1 1 0
1 0 1 0 0 0 1 1 0 1 1 1 1 0 0 1 1 0 0 0 0 1 1 1 1 0 0 1 0 0 1 1 1 1 1 0 1 0 0 0 0 1 0 1 0 0 0
1 1 0 0 0 0 0 0 1 1 0 0 0 0 0 0 0 0 1 0 0 0 0 0 1 0 1 0 0 0 1 0 0 0 1 0 0 1 1 0 0 0 0 0 1 1 1
1 1 1 0 0 1 1 0 1 0 0 0 0 0 0 1 0 0 1 0 1 1 0 1 0 0 1 0 1 1 0 1 1 1 1 0 1 0 0 1 1 1 1 0 1 1 0
0 1 0 1 0 1 0 1 0 0 1 1 0 0 1 0 1 1 0 0 0 0 1 1 0 0 0 0 1 1 1 1 0 0 0 0 0 1 1 0 0 1 0 1 0 1 1
0 0 0 1 1 1 0 1 1 0 1 0 1 1 1 1 1 1 0 0 0 0 1 0 0 0 0 1 1 0 1 0 0 1 0 0 1 1 0 1 1 1 1 1 1 0 1
1 1 1 1 0 0 0 0 1 1 1 1 1 0 1 0 1 0 1 0 1 1 1 1 0 0 1 0 1 0 1 0 0 1 1 0 1 0 1 1 0 0 0 0 0 1 1
0 1 0 0 1 0 0 0 1 0 0 1 1 0 0 0 1 0 1 1 0 0 0 0 1 0 1 1 1 1 1 0 0 1 0 0 0 0 0 0 1 0 1 1 0 1 1
1 1 0 0 1 1 1 1 1 1 1 1 0 0 1 0 1 0 0 0 0 1 1 1 1 1 1 1 1 1 0 0 1 1 1 1 1 1 1 0 0 0 0 1 1 0 1
1 0 1 0 0 0 1 0 0 0 0 1 0 0 0 0 0 0 0 0 0 0 0 1 1 1 1 0 0 0 1 0 1 0 1 1 0 0 0 0 1 0 1 1 1 0 1
1 0 1 1 0 1 1 1 0 1 1 1 1 0 0 0 0 1 0 1 1 0 1 1 0 0 1 1 0 0 1 0 0 1 0 0 0 1 0 0 0 0 0 0 0 1 0
0 0 1 1 0 1 1 0 0 0 0 1 0 1 1 0 1 1 1 0 1 0 0 1 0 1 0 0 1 1 1 1 1 0 1 0 1 0 1 1 1 0 0 1 0 0 1
0 1 0 1 1 1 1 0 0 1 0 0 0 1 1 1 0 0 0 1 1 0 0 0 0 1 0 0 1 1 0 0 1 1 0 0 0 1 1 1 1 1 0 0 0 0 1
1 1 1 1 0 0 0 1 0 1 0 0 1 1 0 0 0 1 0 1 1 0 1 1 0 0 1 0 1 1 0 1 0 0 0 1 0 0 1 1 1 0 0 1 0 0 0
1 1 1 0 1 0 1 0 0 0 0 1 0 1 1 1 1 1 1 1 0 1 0 0 0 0 1 0 1 1 0 1 1 0 0 1 1 1 1 1 1 0 1 0 0 1 0
1 0 0 0 0 0 1 1 1 0 1 1 1 1 0 0 1 1 1 0 1 0 0 1 0 0 0 0 0 0 0 1 1 0 1 0 1 0 0 0 1 1 0 1 1 0 1
1 1 1 1 0 0 1 0 0 0 0 1 1 0 0 1 1 1 0 1 0 1 1 0 0 1 1 0 1 0 1 0 0 0 1 1 1 1 0 1 0 1 1 1 1 0 0
1 1 0 0 1 1 1 1 0 0 1 0 1 1 0 0 1 1 1 1 0 1 1 0 1 0 0 1 1 0 0 1 0 0 1 0 0 1 1 0 0 0 0 1 0 1 0
1 0 0 1 0 1 0 0 1 0 1 1 1 0 1 1 0 0 1 0 0 0 1 1 1 0 0 0 1 1 0 1 1 0 1 1 0 1 1 1 1 0 0 0 1 1 1
1 1 1 0 0 0 0 0 0 0 0 1 1 0 0 0 0 0 0 1 0 0 1 1 1 1 1 1 0 0 0 0 0 1 1 1 0 1 1 1 1 1 0 0 1 1 0
1 1 0 1 0 1 1 1 0 0 0 1 1 1 1 0 1 1 0 0 0 1 0 0 0 0 1 1 1 0 1 0 0 1 0 0 0 0 1 1 0 1 1 1 0 0 0
0 0 1 1 0 0 0 1 0 0 0 1 0 1 0 0 1 1 0 1 1 0 0 0 1 1 0 1 1 1 1 1 0 1 1 1 0 1 0 0 0 0 1 1 1 1 0
1 0 1 1 1 1 1 1 1 0 0 1 1 1 0 0 0 0 1 1 0 1 1 0 1 1 0 1 1 1 1 0 0 0 1 0 0 1 0 1 1 0 1 0 0 0 0
1 1 1 1 1 0 0 0 1 0 1 0 0 1 1 0 0 1 1 1 1 1 0 1 0 1 0 1 1 0 1 0 0 1 0 1 1 0 0 1 0 0 0 1 1 1 0
0 0 0 0 1 0 0 0 1 0 1 1 0 1 0 1 0 1 1 0 0 1 1 0 1 0 0 1 1 0 0 0 1 1 1 0 1 1 1 0 1 1 1 0 1 1 1
1 0 0 0 0 0 0 1 1 1 1 1 0 1 1 1 1 1 0 0 0 0 1 1 0 0 0 1 1 0 1 1 0 0 1 0 0 0 0 1 0 1 1 1 1 0 0
1 1 0 0 1 1 0 1 0 1 0 0 1 1 1 1 0 1 0 0 0 0 1 0 0 1 1 0 0 1 1 0 1 1 0 1 1 1 0 1 1 0 0 0 1 0 1
1 1 1 0 1 1 1 1 1 0 1 0 0 1 1 0 1 1 0 1 0 1 0 1 0 0 0 1 0 1 0 1 1 1 0 0 0 0 1 1 0 0 0 1 1 1 1
1 0 0 1 0 1 0 0 0 1 1 0 0 0 1 1 1 1 0 1 0 1 0 1 0 0 0 0 0 0 1 1 1 1 1 0 1 1 1 0 1 0 1 1 0 1 1
1 1 1 0 1 1 1 1 0 0 0 1 1 1 1 1 1 0 1 1 1 0 1 1 1 1 0 1 0 1 0 1 1 1 0 0 1 1 0 0 1 1 0 0 0 0 1
0 1 0 1 1 0 1 0 0 0 0 1 0 1 0 0 0 1 0 1 0 1 1 0 0 1 0 0 0 1 1 1 0 0 1 0 0 0 1 1 1 0 1 1 0 1 1
0 0 0 1 1 0 0 0 0 1 0 1 0 0 1 1 1 0 0 0 0 1 1 0 0 1 0 0 1 1 0 0 1 0 0 0 1 1 0 1 1 1 1 1 0 0 0
1 1 1 0 1 0 0 1 1 0 0 0 0 1 1 0 1 1 0 1 0 0 0 0 0 0 0 0 0 1 0 0 0 1 1 0 1 1 0 1 0 0 0 0 0 0 1
1 1 0 0 0 1 1 1 1 0 1 1 1 0 0 0 0 0 0 1 1 1 0 0 0 0 0 0 0 1 1 1 1 1 0 1 1 1 1 1 1 1 0 0 0 0 0
0 1 0 1 1 0 0 1 0 1 0 0 1 1 1 0 1 1 1 1 1 0 1 1 0 1 0 0 1 0 0 1 0 1 1 1 1 1 1 1 0 0 1 1 1 0 1
0 0 0 0 0 1 1 0 0 0 0 1 0 1 1 1 0 1 1 1 1 1 0 0 0 1 1 0 1 1 1 1 0 1 1 0 1 0 0 1 1 1 1 1 0 0 0
1 1 0 0 0 0 1 0 1 1 1 1 0 0 0 0 0 1 1 1 0 1 0 0 0 1 0 1 0 1 0 0 1 0 1 1 1 0 0 1 0 1 0 0 0 1 0
1 0 1 1 0 1 0 1 0 1 0 0 1 1 1 1 1 0 1 0 1 0 1 1 0 0 1 1 1 0 1 1 1 1 0 1 0 0 0 0 1 0 0 1 1 0 1
0 0 1 1 1 0 0 0 0 0 1 0 0 0 1 1 1 1 1 0 1 0 0 0 1 0 1 0 0 0 0 1 0 0 1 0 0 0 1 0 1 1 0 1 1 0 1
1 1 0 0 0 0 1 0 0 1 0 1 1 0 1 1 0 0 0 1 0 0 0 0 0 1 0 1 0 1 1 1 1 1 1 0 1 0 0 0 1 1 1 1 1 1 0
0 0 0 1 1 1 0 1 0 0 1 1 0 0 0 1 0 1 0 1 1 1 0 1 0 1 1 0 0 0 1 1 1 1 0 1 1 0 1 1 1 1 0 0 1 0 0
0 1 1 1 0 0 1 1 0 1 1 1 1 1 0 1 1 1 1 1 0 1 0 1 0 0 0 0 1 1 1 1 1 1 0 1 0 0 0 0 1 0 1 1 0 1 0
1 1 0 1 0 0 0 1 0 1 1 1 0 1 0 1 1 1 1 0 1 0 0 0 1 1 1 1 0 0 0 0 1 1 0 0 1 0 0 0 0 1 1 1 1 1 0
1 1 1 1 0 1 1 1 1 1 1 1 1 0 1 1 1 0 1 1 1 0 0 1 0 1 0 1 0 1 1 1 1 0 0 1 0 1 1 0 0 0 1 1 1 0 1
1 0 1 0 0 1 0 0 1 0 0 0 0 1 1 1 1 1 0 0 1 1 0 1 0 0 1 1 0 1 1 0 0 0 0 1 1 1 0 0 0 0 0 1 0 0 0
1 1 0 0 1 0 0 1 1 0 1 0 0 0 0 1 0 0 0 0 0 0 0 1 0 0 0 1 1 1 0 1 0 1 0 0 1 0 1 0 0 0 1 0 0 0 1
0 0 1 1 0 1 0 0 1 0 0 1 0 1 0 0 0 1 0 1 0 0 1 1 1 0 0 1 0 1 1 1 0 1 0 0 1 0 0 0 0 1 0 0 1 1 1
0 0 1 0 0 1 1 1 1 1 0 1 0 1 0 1 1 1 1 0 1 1 1 1 0 0 1 0 0 0 0 0 1 0 1 0 1 1 1 1 0 1 1 0 1 1 1
0 0 0 0 0 0 1 1 1 0 0 1 1 0 0 0 1 0 1 0 1 1 0 0 1 0 0 0 1 1 0 1 0 1 0 1 1 1 0 0 1 0 1 1 1 0 0
1 1 1 0 1 0 1 1 0 0 0 0 0 0 1 0 1 1 0 0 1 0 0 1 0 0 1 0 0 0 1 0 0 1 0 1 1 0 0 0 0 1 0 0 0 1 0
1 0 1 1 1 0 0 1 1 1 0 0 0 1 0 1 0 0 0 1 1 0 1 0 1 0 1 1 0 0 0 0 1 0 0 1 0 1 1 0 1 1 1 0 1 0 1
0 0 0 1 0 1 1 1 0 1 1 1 1 1 0 0 0 0 1 1 0 1 1 0 1 1 1 0 0 1 0 1 0 1 1 1 0 0 0 0 0 0 1 0 1 1 1
0 0 0 1 0 0 1 0 1 0 0 0 1 0 0 1 1 1 1 1 1 1 0 1 1 1 0 1 0 1 0 0 1 1 0 0 0 0 0 0 1 1 1 0 1 1 0
0 1 0 0 1 0 0 1 0 1 0 0 1 1 0 0 1 0 0 1 1 0 0 1 1 1 0 1 0 1 1 0 1 0 1 1 0 0 0 0 0 0 1 0 1 1 0
0 0 0 0 1 0 1 0 1 0 0 0 1 1 1 0 1 0 1 1 1 0 0 0 1 0 0 1 0 0 0 0 0 0 0 1 1 0 1 1 0 1 1 0 1 1 0
0 1 1 0 0 1 1 1 1 1 1 1 0 0 0 1 0 0 1 1 0 1 1 0 0 1 1 0 1 1 1 1 0 0 0 0 1 1 1 1 1 0 0 1 1 1 1
1 1 1 0 0 0 1 0 1 1 1 0 0 0 0 0 0 1 1 0 1 0 1 0 1 0 0 0 1 0 1 0 1 0 0 0 0 1 1 1 1 0 1 1 0 0 0
0 0 0 0 1 1 1 0 0 0 1 1 1 1 1 1 0 1 0 0 0 1 0 1 0 1 1 1 0 0 0 0 1 0 1 1 1 1 0 1 1 1 1 0 0 1 1
1 0 1 0 1 1 0 0 1 0 1 0 1 0 0 0 0 0 1 0 0 0 0 0 0 1 1 1 0 0 0 0 0 0 0 1 1 0 1 0 0 0 0 1 0 1 1
1 0 0 1 1 0 1 0 1 1 0 1 0 0 1 1 0 0 1 1 1 0 1 1 0 0 0 0 1 0 1 1 0 1 1 1 1 1 0 1 0 1 1 1 0 0 1
1 1 1 1 1 1 1 1 0 1 1 1 0 1 0 1 0 0 0 0 0 1 0 1 0 0 1 0 0 0 0 1 1 0 1 1 0 1 0 0 0 0 0 0 0 0 1
1 1 0 0 0 1 0 0 1 1 1 1 1 0 1 1 1 0 0 1 0 1 1 1 1 0 1 0 0 1 0 0 0 0 1 1 1 0 0 0 1 1 0 0 1 1 1
0 1 1 1 1 1 1 0 1 0 0 0 0 0 0 0 0 1 1 0 1 1 0 0 0 1 0 0 0 1 0 1 1 0 1 1 0 1 1 0 0 1 1 0 0 1 0
1 0 1 1 0 1 0 0 0 0 1 1 0 1 0 1 0 0 1 0 0 0 1 1 0 0 0 1 1 0 1 1 0 1 0 0 0 0 1 1 0 1 1 1 0 1 0
1 0 0 1 0 1 0 1 1 1 0 1 1 0 1 0 0 1 0 0 0 1 1 0 1 1 1 0 1 0 1 1 1 1 1 1 0 1 1 0 1 0 1 1 1 1 1
0 1 1 0 0 1 1 1 0 0 0 0 1 0 1 0 1 0 1 1 0 1 0 1 0 0 0 0 0 0 0 0 1 1 1 1 1 0 1 1 1 1 0 1 0 0 1
1 0 1 0 1 0 0 1 1 0 0 0 1 1 0 1 1 0 0 0 0 1 1 0 0 1 0 0 1 0 0 1 1 1 0 1 1 1 1 1 0 0 0 1 1 0 0
0 1 1 0 0 0 0 0 0 0 1 0 0 0 1 0 1 0 1 0 0 1 1 0 0 0 0 1 1 1 1 0 0 1 1 1 1 0 1 0 0 1 1 1 1 0 0
1 0 0 0 0 0 0 1 0 0 0 0 0 1 0 1 1 0 1 0 1 0 0 1 1 1 0 0 1 0 1 0 1 1 1 0 1 1 1 0 0 0 0 0 1 1 0
0 1 0 0 0 1 0 0 1 0 0 1 1 1 0 0 0 0 1 1 1 0 1 1 1 1 1 1 0 1 0 0 1 0 0 1 0 0 1 1 0 1 0 1 0 1 1
0 0 1 1 1 0 1 0 1 0 0 0 0 0 0 1 1 0 1 0 0 1 1 1 1 1 1 0 1 0 0 1 0 0 0 0 1 1 1 0 1 1 0 1 1 0 1
0 1 1 0 1 0 1 1 0 1 1 0 0 0 0 0 1 1 0 1 1 1 1 0 0 1 1 0 1 1 1 0 1 1 1 1 0 1 0 1 1 0 0 0 0 0 0
1 0 1 0 1 0 0 0 1 1 0 1 0 0 0 1 1 1 0 0 0 0 1 1 0 0 1 0 1 1 1 0 1 1 0 0 0 1 1 1 1 0 1 1 1 0 0
1 1 0 1 1 1 0 0 1 1 1 0 0 0 0 1 1 0 1 1 0 1 1 1 0 0 0 1 0 1 1 1 0 0 0 0 0 0 1 0 0 1 0 0 1 0 0
0 0 0 0 1 1 0 0 0 0 1 1 0 1 0 0 1 0 0 1 0 0 1 1 1 0 0 0 0 1 1 0 1 1 1 1 0 0 0 1 1 0 1 1 0 0 1
1 1 1 0 1 1 1 1 1 0 0 1 0 1 1 1 1 0 0 1 0 0 1 0 1 1 1 1 0 0 1 0 0 1 1 0 1 0 0 0 0 1 1 0 1 0 0
1 1 1 0 1 0 1 1 0 1 0 0 0 1 0 1 0 1 1 0 1 0 1 1 1 1 1 1 1 1 0 0 1 1 0 1 0 1 1 1 0 0 1 1 0 1 1
1 0 0 0 1 0 0 1 1 0 1 0 1 0 1 1 1 0 1 0 0 1 1 1 1 0 1 0 1 1 1 0 1 1 0 1 0 1 0 1 0 1 0 1 1 1 1
0 1 1 1 1 0 0 0 0 1 1 1 1 1 0 1 0 1 1 0 0 1 0 0 0 0 0 1 1 0 1 1 0 0 1 0 1 1 0 1 1 0 0 0 0 0 0
0 0 1 0 0 0 0 0 0 0 0 1 0 0 0 0 1 1 0 0 1 1 0 1 0 0 1 1 1 1 0 1 1 0 1 1 0 1 0 1 1 1 0 0 1 1 0
0 1 1 0 1 0 0 0 1 0 0 0 0 1 1 1 1 1 0 0 0 1 0 0 0 0 0 1 0 1 1 1 1 0 1 0 1 0 1 0 1 1 0 0 1 1 0
1 0 1 0 1 1 0 0 0 0 1 0 1 0 0 1 0 1 1 1 1 0 0 0 1 1 1 1 1 1 1 0 0 0 1 0 0 1 0 1 1 1 0 1 1 1 0
1 1 1 0 1 0 0 1 1 0 1 1 0 0 1 1 1 1 0 0 0 0 1 0 1 1 0 1 0 0 1 0 1 0 0 1 0 1 0 1 1 0 1 1 0 1 0
0 1 1 0 1 0 0 0 1 1 1 0 1 0 0 1 1 0 1 1 1 1 1 1 0 0 1 0 1 1 0 1 1 1 0 1 1 1 0 0 1 1 0 0 0 1 1
0 0 1 0 1 0 1 1 1 0 1 1 1 0 0 0 0 1 0 1 1 0 0 0 1 0 1 1 0 0 1 0 1 1 1 1 1 1 0 0 1 1 0 0 0 0 1
0 1 0 1 0 1 1 1 0 1 1 0 1 1 1 0 0 1 1 1 0 0 0 1 1 1 1 1 0 1 1 1 1 0 1 0 1 1 1 1 0 1 0 0 0 0 0
0 1 0 0 0 0 0 1 0 0 1 1 0 1 1 1 1 0 0 0 0 0 0 1 0 0 1 0 1 1 1 0 1 1 1 1 0 0 1 0 0 1 1 0 0 1 1
1 1 1 0 1 0 0 1 0 0 1 1 1 0 1 0 0 0 0 0 0 1 0 1 1 0 0 1 1 1 0 0 1 0 1 1 0 0 0 0 1 0 1 0 1 1 0
1 1 1 0 1 1 1 1 1 0 1 0 1 0 1 1 1 1 1 0 0 0 0 0 0 0 0 1 1 0 1 0 0 1 1 0 0 1 1 1 0 1 1 1 1 0 0
0 1 1 0 1 1 0 1 1 1 1 1 1 0 1 0 1 1 0 1 1 0 1 1 0 0 1 0 1 0 0 1 1 0 1 1 0 0 0 1 1 0 0 0 1 0 1
1 1 0 1 1 0 1 0 0 1 1 0 0 1 0 1 1 1 0 0 0 1 1 1 1 1 0 0 0 1 1 1 1 0 1 0 1 1 0 0 1 0 0 0 1 0 1
0 0 1 0 1 1 0 0 0 0 1 0 1 1 1 1 0 0 1 0 0 0 1 0 0 1 0 0 0 0 1 1 0 0 1 0 0 1 1 0 0 0 0 0 1 1 1
0 0 0 0 1 0 1 0 1 0 0 0 1 1 0 0 0 1 0 1 0 1 0 0 1 0 0 1 0 1 0 1 1 0 0 0 0 1 1 1 0 1 1 1 0 0 0
1 0 1 0 1 1 0 0 0 1 1 0 1 0 1 0 0 0 1 1 1 0 0 1 1 0 0 1 1 1 1 1 1 1 0 0 0 1 0 0 1 1 0 0 0 0 0
1 0 1 0 1 0 1 1 1 0 0 1 1 0 1 1 1 1 1 0 0 1 0 1 0 0 1 1 0 1 1 0 0 1 1 0 0 0 1 0 1 0 1 1 1 0 1
1 0 0 1 1 0 1 1 0 1 1 1 1 0 1 0 1 0 1 0 1 1 0 0 0 0 1 0 1 1 0 0 0 0 1 0 1 1 0 1 1 0 1 0 1 0 1
0 1 0 0 1 1 0 0 1 0 1 1 1 1 0 0 0 0 0 1 0 1 1 1 1 1 0 1 1 1 1 1 1 0 1 0 1 1 1 0 1 1 0 1 0 1 1
0 1 0 0 1 1 1 1 1 0 0 0 0 1 0 0 1 0 1 1 1 1 1 1 0 1 1 0 1 0 1 1 0 1 0 0 1 1 1 1 1 1 0 1 0 0 1
0 1 1 1 0 1 0 0 1 1 0 1 0 1 1 0 1 0 0 1 0 1 1 0 0 0 0 1 1 0 1 1 1 1 0 1 0 0 0 0 1 1 1 0 0 1 0
0 1 0 1 0 0 1 0 1 0 1 1 0 1 1 1 0 0 0 1 1 0 0 1 1 0 0 1 0 1 1 1 0 0 0 1 1 0 0 0 1 0 0 1 0 1 0
0 0 1 0 0 0 1 1 1 0 0 0 1 1 0 1 0 0 1 0 0 0 1 1 1 1 1 1 1 0 0 0 0 1 1 1 0 1 0 0 1 1 1 0 0 0 0
0 0 0 1 1 0 0 0 0 1 0 1 1 1 1 0 1 0 1 0 1 0 1 1 1 1 0 0 0 0 1 0 1 1 0 0 1 0 1 0 0 0 1 1 1 0 1
1 0 0 1 1 1 1 1 0 0 0 0 1 1 0 1 1 0 0 1 1 0 0 1 0 1 1 1 1 0 0 1 0 0 1 0 0 1 0 1 0 1 0 0 0 0 0
1 1 0 0 0 0 1 1 1 0 0 0 0 0 0 1 0 1 1 1 0 0 1 1 0 1 0 0 1 0 1 0 0 0 1 0 1 0 0 0 1 1 1 0 1 0 1
0 0 1 1 1 0 0 0 1 1 1 0 0 0 0 0 1 0 0 1 0 1 1 0 1 0 0 1 0 0 0 0 0 1 1 1 1 0 0 0 1 0 1 0 0 0 1
0 1 0 0 1 0 0 1 1 1 1 0 0 1 1 0 0 1 0 0 1 1 0 0 1 1 1 0 0 0 0 1 1 0 1 1 1 0 1 0 1 1 1 0 0 0 1
1 0 1 1 0 0 1 0 1 1 1 1 0 0 0 1 0 1 0 0 0 1 1 1 1 1 1 1 1 1 0 0 1 0 1 0 0 0 0 0 0 0 0 1 0 1 0
1 0 0 1 0 0 0 1 1 0 0 0 0 1 1 1 1 0 0 1 0 0 0 0 1 1 1 1 0 0 1 1 0 0 1 1 0 0 1 0 1 1 0 1 1 1 1
C Elapsed Time 1998.860000 
