650 56 2^56 6
1 1 0 1 0 1 0 1 1 0 1 1 1 0 0 0 0 1 1 1 0 1 1 0 1 1 1 1 0 0 0 0 1 0 0 0 0 1 0 0 1 0 1 1 0 1 1 1 1 1 0 1 0 1 0 1
1 0 1 0 1 1 1 1 1 0 0 0 0 0 0 0 0 1 1 1 0 0 1 0 0 1 1 0 1 0 0 0 1 1 1 1 0 0 1 1 0 0 1 1 0 0 1 0 1 1 0 1 1 0 0 0
0 1 1 1 0 1 0 0 0 1 1 1 1 1 0 0 0 0 0 1 1 1 0 0 1 0 0 0 1 1 0 1 1 1 1 1 0 1 0 0 0 0 0 0 1 1 1 1 1 0 1 0 0 1 0 1
1 1 0 0 1 0 1 1 0 0 1 0 0 0 1 1 0 0 1 0 0 0 0 0 1 0 0 1 0 0 0 0 1 0 0 0 0 1 0 0 0 0 1 0 1 0 1 0 0 0 1 1 0 1 0 1
0 0 1 1 1 1 0 0 0 0 0 0 0 1 0 1 0 1 1 1 0 1 1 0 0 1 0 1 0 1 0 1 0 0 1 1 0 1 1 1 1 1 1 1 0 1 0 1 0 1 0 0 0 1 0 0
1 0 0 1 0 0 0 0 1 1 1 1 0 1 1 1 0 0 1 1 1 1 0 0 0 1 1 0 0 0 0 1 1 0 0 1 0 0 0 1 0 1 0 0 1 1 1 1 0 1 1 0 1 0 0 1
1 0 0 1 1 0 1 0 0 0 0 1 0 0 0 0 0 1 1 0 1 0 0 0 0 0 0 1 1 0 0 0 0 0 0 0 0 1 1 0 1 0 0 0 1 1 1 0 0 1 1 0 0 0 1 0
1 1 1 1 1 0 0 1 1 0 0 1 0 0 1 0 1 0 1 1 0 0 0 1 1 0 0 1 1 1 0 1 1 1 1 1 0 0 1 1 1 0 1 1 1 1 0 1 1 0 0 0 0 0 1 0
1 0 1 0 1 0 1 1 0 1 1 1 1 0 1 0 0 1 0 0 1 0 1 1 0 0 1 0 1 1 0 1 1 1 0 1 0 0 0 1 1 1 0 0 0 0 1 1 1 0 1 0 0 0 1 0
0 1 1 1 0 0 1 0 0 1 0 0 1 0 1 1 0 0 0 0 0 1 1 1 0 0 1 0 1 0 0 1 0 1 1 0 0 0 1 1 1 0 0 0 0 0 1 1 0 1 0 0 0 0 1 0
1 0 1 1 0 1 1 1 0 0 0 0 1 1 1 1 0 1 1 1 1 1 1 1 1 0 0 1 1 0 0 1 1 0 1 0 0 0 1 0 0 1 1 0 1 1 1 1 1 0 1 0 1 0 1 0
0 1 0 1 1 0 0 1 1 1 1 0 1 0 0 0 1 0 1 1 0 1 1 1 0 1 0 1 1 1 0 1 0 1 0 0 1 0 0 0 0 1 1 0 1 1 0 0 1 0 0 0 0 1 0 0
0 1 1 0 0 0 1 1 1 1 1 1 1 1 1 0 0 1 0 0 0 0 1 0 1 0 0 1 0 0 0 0 0 1 1 1 1 0 0 1 1 1 1 0 1 0 1 0 1 0 1 0 0 1 0 0
0 1 1 1 0 0 1 1 0 1 0 1 0 0 1 0 0 1 1 0 1 1 0 0 0 0 0 0 1 1 0 0 0 0 0 1 1 0 0 1 1 0 1 0 1 0 1 1 1 0 0 1 1 1 0 1
1 0 1 0 1 0 1 1 1 1 0 1 0 1 0 1 1 1 1 0 0 0 0 0 0 0 1 0 1 0 0 1 1 0 0 0 1 0 1 0 1 1 0 1 1 1 1 1 0 0 0 1 1 1 0 0
0 1 1 0 1 1 0 0 0 1 0 1 1 1 0 1 1 1 1 0 1 0 0 0 0 0 1 0 0 0 0 0 0 1 1 0 1 0 0 1 0 1 1 1 0 0 1 0 0 0 0 1 1 0 0 1
1 1 0 1 1 1 1 0 1 0 0 1 0 0 0 1 0 1 1 1 0 0 1 1 1 0 1 0 1 1 0 1 0 1 1 1 1 1 0 1 0 1 0 1 1 0 0 1 0 0 0 0 0 0 0 1
1 1 1 1 1 0 1 1 0 0 0 1 0 1 1 1 0 1 0 1 1 0 0 0 1 1 1 1 0 0 0 1 1 1 0 1 1 0 0 0 0 0 0 1 1 0 1 1 0 0 0 1 0 0 0 1
1 0 1 1 0 1 0 1 0 1 1 1 1 1 0 0 0 1 1 1 0 0 0 0 1 0 1 0 0 1 0 0 0 1 1 0 1 0 0 1 1 0 1 1 0 1 0 1 1 1 0 1 1 1 1 0
1 1 0 1 1 1 0 0 1 1 1 0 0 0 1 0 0 1 0 0 1 0 0 0 1 0 1 1 1 1 0 0 1 1 0 0 1 0 0 0 0 1 1 1 1 0 1 1 0 1 0 0 0 1 1 1
1 0 1 1 0 1 1 1 1 1 1 0 0 0 0 0 0 0 0 1 1 1 1 1 0 0 0 0 1 1 0 0 0 0 1 1 1 1 1 0 0 1 0 1 0 0 1 1 0 1 1 0 0 1 1 0
1 0 0 1 0 1 0 1 0 1 1 0 1 0 0 1 0 1 1 1 0 1 0 0 0 1 0 0 0 0 0 1 1 0 0 0 1 1 1 0 0 0 1 1 1 1 1 1 0 1 1 1 1 1 1 1
1 0 0 0 0 1 1 0 1 0 0 0 0 0 1 1 1 0 1 0 1 0 1 1 1 1 0 0 0 1 0 1 1 0 0 0 1 1 1 1 0 1 1 1 1 0 1 1 0 1 0 0 1 0 1 0
1 0 1 1 1 0 1 1 0 1 0 1 1 1 1 1 0 0 1 1 0 0 1 0 0 0 0 1 1 1 0 0 0 1 0 1 1 0 0 0 0 0 1 0 1 1 1 1 0 1 0 0 1 0 1 1
1 1 1 0 1 0 1 0 1 1 1 1 0 0 1 0 0 1 0 1 0 1 0 1 1 1 1 0 0 0 1 1 0 1 1 0 0 0 1 0 0 1 1 1 1 1 0 1 0 0 1 1 0 1 0 1
1 1 0 0 0 0 0 0 0 1 0 0 1 0 0 0 0 0 0 0 1 1 1 0 0 0 0 1 0 0 1 1 0 0 0 0 0 1 0 1 1 1 1 0 0 1 0 1 1 0 1 1 1 1 0 0
0 1 1 0 0 0 0 0 1 1 0 1 0 1 1 0 0 1 1 1 0 1 0 1 1 0 1 1 1 1 1 0 1 0 1 1 0 1 1 1 1 1 0 0 0 0 1 0 0 0 0 0 0 1 0 1
0 0 1 1 0 1 0 0 1 0 1 1 1 0 1 0 0 0 0 1 1 1 1 1 1 0 1 1 0 1 1 1 0 0 0 1 0 0 1 1 0 0 0 1 1 1 0 1 0 1 1 0 0 0 0 0
1 1 0 1 1 0 0 0 0 1 0 0 0 0 1 1 1 1 0 1 0 0 1 0 0 0 0 0 1 1 1 0 0 0 1 0 0 1 1 0 1 0 1 0 1 0 1 0 0 0 0 1 1 0 0 0
0 1 0 1 0 1 1 1 0 1 0 1 1 0 1 1 0 1 0 1 1 1 1 1 0 1 1 0 0 1 1 0 1 1 1 1 0 0 0 1 1 1 1 1 0 1 0 0 0 0 1 0 0 0 0 1
1 0 0 0 0 1 0 1 1 1 1 0 0 1 1 0 0 0 0 0 0 0 1 1 0 1 0 1 0 0 1 1 1 0 1 0 0 0 1 0 1 1 1 0 1 0 1 1 1 1 1 1 1 0 1 0
0 1 1 0 0 0 0 0 1 1 1 1 1 0 1 0 0 1 1 0 0 0 0 1 1 0 1 0 0 0 1 0 1 0 0 1 0 1 0 0 0 0 1 0 1 1 0 0 1 0 1 0 1 1 1 0
0 0 1 1 0 0 1 1 1 1 0 0 0 0 0 0 0 1 0 1 1 1 1 0 0 0 1 1 1 1 1 1 1 0 0 1 0 1 1 0 0 0 1 0 1 1 0 0 0 1 0 1 1 1 1 0
0 1 0 1 0 0 0 0 0 0 0 1 0 0 1 1 0 1 1 0 0 1 1 0 0 1 0 0 0 0 1 0 1 0 1 0 0 0 1 1 0 1 0 1 1 1 0 1 1 1 0 1 1 0 1 0
0 1 1 1 1 1 1 0 0 0 0 0 1 1 1 1 1 1 0 1 1 1 0 1 1 0 1 1 1 0 1 0 1 0 1 0 0 1 0 0 1 1 0 1 0 0 1 0 0 1 0 1 0 1 1 1
1 0 0 0 1 0 1 1 1 0 0 0 1 0 1 1 0 1 0 0 0 0 0 1 1 1 0 1 0 0 1 1 1 1 0 1 0 0 0 0 1 1 0 1 1 1 0 0 0 1 0 0 0 0 1 0
0 1 0 1 0 0 1 1 1 0 1 0 0 0 1 1 1 0 0 0 1 0 1 1 0 1 0 1 0 0 1 0 1 1 1 1 0 1 1 0 0 0 0 1 1 1 1 0 0 0 0 0 1 0 1 0
0 1 0 0 0 1 1 0 0 0 1 1 0 0 0 0 1 0 1 1 1 0 0 0 1 1 0 0 1 0 1 1 1 0 0 0 1 1 1 1 0 1 1 0 0 1 1 0 1 0 0 0 0 1 0 0
1 1 1 0 0 1 0 1 1 1 1 1 0 0 1 0 1 0 1 1 0 0 1 1 1 0 0 1 1 0 1 0 0 0 1 1 1 1 0 0 0 1 1 1 1 1 1 0 0 1 0 1 1 0 0 1
1 1 0 1 1 1 0 0 1 0 0 1 1 0 0 0 0 0 1 1 1 0 0 0 0 0 0 0 0 1 1 1 1 0 1 1 1 0 0 0 0 1 1 0 1 0 0 1 0 1 0 1 1 1 0 0
1 0 1 1 1 1 1 1 0 0 1 1 0 1 0 1 1 0 0 1 0 0 1 1 1 0 0 1 1 1 1 0 1 1 1 0 1 0 1 0 0 1 1 1 1 0 0 0 1 1 0 1 1 1 0 0
0 1 1 1 0 1 0 0 1 0 0 1 0 0 1 1 1 1 0 0 1 1 0 0 1 0 0 1 0 1 1 0 0 0 0 0 1 1 0 1 1 0 1 1 0 1 0 1 0 0 0 0 0 0 0 0
0 1 0 1 0 0 0 1 0 1 1 1 0 0 1 1 1 1 0 1 1 1 0 1 1 1 0 1 1 1 1 1 0 0 1 1 1 0 1 1 1 1 1 1 1 0 1 0 1 0 1 0 1 1 0 1
0 1 0 0 0 0 0 1 1 1 0 1 1 0 1 0 1 1 0 0 0 0 1 1 0 1 1 1 1 0 1 0 0 1 0 0 1 1 1 1 0 1 0 1 0 1 0 1 1 1 1 0 0 0 1 0
0 1 0 0 1 1 1 1 1 0 0 1 1 1 1 0 1 1 1 1 0 0 1 0 1 1 1 0 0 1 1 0 0 0 1 1 1 0 1 0 1 1 0 1 1 0 1 0 0 0 0 0 1 0 1 0
1 0 0 1 1 0 0 1 0 1 0 0 1 1 1 0 1 0 1 1 1 1 0 1 0 1 0 1 1 1 1 0 1 1 0 1 1 1 0 1 1 1 0 0 1 0 1 0 0 1 1 0 1 1 1 0
0 1 0 0 1 0 0 0 1 1 0 1 1 0 0 1 1 0 1 1 0 1 1 1 1 1 1 0 0 0 1 1 1 0 1 0 1 1 0 1 1 1 0 0 0 1 0 1 0 1 0 1 0 1 1 1
1 1 0 0 1 1 1 0 1 1 1 0 1 1 0 1 0 1 1 1 1 0 1 0 0 1 1 1 0 1 1 1 1 0 0 0 1 0 0 0 0 0 0 1 0 1 0 0 0 0 1 1 1 1 1 0
1 1 0 0 1 1 0 0 1 1 1 1 0 1 0 1 0 1 0 0 0 1 1 0 0 1 1 1 1 1 1 0 0 0 1 1 1 1 1 1 0 1 1 0 1 1 1 1 1 1 0 1 0 1 1 1
0 1 0 0 1 1 1 0 1 1 0 0 0 1 1 0 0 0 1 1 1 0 1 0 0 1 0 1 1 0 0 1 1 1 1 0 0 1 0 1 0 1 0 0 0 0 0 0 1 1 0 0 1 1 0 1
0 1 0 0 0 1 1 0 0 1 1 1 1 0 0 1 1 0 1 1 1 1 1 0 1 0 1 0 0 1 1 0 0 1 0 1 1 1 1 1 0 0 0 0 1 0 0 0 0 1 0 1 1 1 0 1
1 1 0 1 1 1 0 0 0 1 1 1 0 0 0 0 0 1 0 0 1 1 0 1 1 1 0 1 0 0 0 0 0 0 1 1 0 0 1 1 0 0 0 1 0 0 0 1 0 0 0 1 0 1 1 0
0 1 0 0 1 0 0 1 0 0 1 0 1 1 1 0 1 1 0 0 1 1 1 0 1 0 0 1 0 0 0 0 1 0 0 1 1 1 1 0 0 1 1 1 1 0 0 1 0 1 1 0 1 0 0 1
1 1 0 0 1 1 1 1 0 0 0 1 1 1 0 0 1 0 0 1 1 1 1 0 0 0 1 1 0 1 0 1 0 1 1 1 0 0 1 0 1 0 1 1 1 0 1 0 0 1 1 1 0 1 0 0
1 1 0 1 0 0 0 0 1 0 1 1 0 1 0 0 1 1 0 0 1 1 1 0 0 0 0 1 0 1 0 1 1 0 0 1 1 1 1 0 1 1 0 0 1 1 0 0 1 0 1 1 0 1 1 1
1 0 1 0 0 0 0 0 0 1 0 1 0 1 0 0 0 1 0 1 1 1 0 1 1 0 0 0 1 0 1 0 1 1 1 1 0 0 1 1 1 0 0 1 1 1 0 1 0 1 0 0 1 0 1 0
1 1 1 1 0 1 1 1 0 0 0 1 0 1 1 1 0 1 0 1 1 0 1 1 0 0 1 0 0 0 1 1 1 0 0 1 1 1 1 1 1 0 0 0 0 0 0 0 0 1 1 0 1 0 1 0
0 1 0 0 0 1 0 1 0 1 1 1 0 0 1 1 1 0 0 0 1 0 0 1 0 0 0 0 1 0 0 0 0 1 1 1 1 1 1 1 1 0 0 0 0 0 0 0 0 0 1 1 1 0 0 0
1 1 1 1 1 1 1 1 0 0 1 1 1 0 0 1 0 1 0 0 0 1 0 1 0 0 0 1 0 1 0 0 0 1 0 0 1 1 1 1 1 1 0 1 0 0 1 0 1 1 0 1 0 0 1 0
1 1 0 0 0 1 1 1 1 1 1 1 1 0 0 1 1 0 1 0 1 0 0 0 1 1 0 0 0 1 0 1 0 1 0 0 1 0 0 1 1 0 1 0 1 1 1 1 0 1 1 1 0 0 1 1
0 0 0 1 0 1 0 1 0 1 0 0 0 1 0 1 1 1 1 0 0 0 1 1 1 1 0 0 1 1 0 0 1 1 0 1 1 1 0 0 1 0 1 1 0 1 0 1 0 0 0 0 1 1 1 0
1 0 0 1 0 1 1 0 0 0 1 0 1 1 1 0 0 0 0 1 0 0 1 1 1 0 1 0 0 0 0 0 0 1 1 0 1 1 1 0 0 1 0 0 1 0 1 0 0 1 1 1 0 0 0 1
0 0 0 1 1 1 0 0 1 0 1 0 1 0 0 1 1 1 1 1 1 0 1 1 0 1 0 0 1 0 1 0 1 1 0 0 1 0 0 1 0 0 0 0 0 1 0 1 1 1 1 1 0 0 0 1
0 1 1 1 0 0 0 1 1 1 0 1 1 0 1 1 1 0 0 0 1 0 0 0 1 0 1 0 0 1 1 1 0 1 1 1 0 1 1 0 1 1 0 1 1 1 1 1 1 0 1 1 0 1 1 0
1 0 1 0 0 1 1 0 1 0 0 1 0 0 0 0 0 0 1 1 1 0 1 0 1 0 0 0 0 0 1 0 1 1 0 1 0 1 0 1 1 0 0 1 0 0 1 1 0 0 1 0 0 1 0 1
0 0 0 0 1 0 1 0 0 0 1 1 0 1 1 1 0 0 1 0 1 0 0 1 0 1 0 1 1 1 1 1 0 0 1 0 0 0 1 1 1 0 0 1 1 1 1 1 0 1 0 1 0 1 0 1
1 1 0 0 0 0 1 0 0 0 1 1 0 0 0 1 1 0 1 1 0 0 1 1 0 1 1 1 1 0 0 1 0 0 0 0 1 0 1 0 1 1 1 1 1 0 0 1 0 1 1 0 1 0 0 1
0 0 0 0 0 0 1 1 0 1 1 1 1 1 1 0 0 1 1 0 1 1 0 1 1 1 1 1 1 0 1 0 1 0 0 0 1 0 0 1 1 0 0 0 0 1 0 0 0 1 1 1 1 0 0 0
0 1 1 1 1 1 0 1 0 1 0 0 0 1 0 1 1 0 1 0 0 1 0 0 0 0 1 1 0 0 0 1 1 1 0 0 0 1 0 1 1 0 0 1 1 1 0 1 0 0 1 1 1 0 1 0
1 0 1 0 1 1 1 0 1 0 0 0 1 0 1 1 0 0 0 0 0 0 1 0 0 1 0 0 0 1 1 1 0 0 0 1 0 1 1 0 0 0 1 1 0 1 1 0 1 1 1 0 0 0 0 1
0 0 0 1 1 1 1 1 0 0 0 1 1 1 1 1 0 1 0 1 1 1 0 0 0 1 0 0 0 0 0 0 0 1 0 0 0 1 1 0 0 0 1 0 0 0 1 1 1 0 0 1 1 1 1 0
0 0 1 0 1 1 1 1 1 0 0 1 1 0 1 1 1 1 1 1 0 1 0 1 1 0 1 1 1 0 1 1 1 0 0 0 0 0 1 1 0 0 1 1 0 0 0 1 0 0 0 0 1 0 0 1
1 1 1 0 1 1 0 1 1 0 0 1 1 1 1 0 0 1 0 1 0 1 0 0 0 0 1 0 0 0 0 1 0 1 0 1 1 0 0 1 0 0 0 0 0 1 0 0 0 1 0 0 0 1 1 1
1 0 1 1 1 0 1 1 0 0 1 0 1 0 0 0 0 0 0 1 1 1 0 1 0 1 0 0 1 1 0 1 1 0 1 0 1 0 0 1 0 0 0 0 0 1 1 0 0 0 0 1 0 0 1 0
1 0 1 0 0 1 1 0 1 1 0 1 0 1 1 1 0 1 0 1 1 1 1 0 0 0 1 1 1 0 0 0 0 0 1 0 1 1 0 1 0 0 0 1 0 1 0 1 0 1 1 1 0 0 0 1
0 0 1 1 1 1 1 0 1 0 0 0 1 0 0 0 1 1 0 0 0 1 1 0 1 0 0 0 1 1 1 1 1 0 0 0 1 0 1 0 0 0 0 1 1 1 1 1 1 1 1 1 0 1 1 0
0 1 1 1 1 0 1 0 1 0 1 1 0 1 1 0 1 1 1 0 0 1 0 1 0 1 0 0 1 0 1 0 1 0 0 1 1 0 1 0 0 0 0 0 1 0 0 0 0 1 0 0 0 0 0 0
1 0 0 0 0 0 0 0 0 1 1 1 1 0 1 1 0 0 0 1 1 0 1 0 1 1 1 0 1 0 1 0 0 1 0 0 0 0 0 0 1 0 1 0 0 1 1 0 1 0 1 0 1 1 1 1
1 0 0 1 1 1 1 1 1 1 0 1 1 1 0 0 0 1 0 0 0 1 0 1 1 1 1 1 0 1 1 1 0 0 0 1 1 0 0 1 1 0 0 0 0 1 1 1 0 0 1 0 0 1 1 0
0 0 0 0 1 1 0 1 1 1 1 1 1 0 0 1 0 1 0 0 0 1 0 1 1 0 1 1 0 1 1 0 0 0 1 0 1 0 0 0 1 0 0 1 1 0 0 0 1 0 1 0 1 0 1 1
1 1 1 0 0 0 1 0 0 0 0 0 1 0 0 0 0 1 1 1 0 0 0 1 0 0 1 1 0 1 0 0 1 1 1 0 0 0 0 0 0 0 0 1 1 0 1 0 1 1 1 1 0 1 1 1
1 0 0 0 0 1 0 1 0 1 1 1 0 1 0 0 1 0 1 1 0 0 1 0 0 0 1 1 1 0 1 1 1 1 0 0 0 1 1 1 0 0 0 0 1 1 0 0 1 1 0 1 0 0 0 1
0 0 1 1 0 0 0 0 1 1 0 0 0 0 0 1 0 0 1 0 1 0 1 1 0 1 0 1 1 1 0 0 1 0 0 1 0 1 0 0 0 0 0 0 1 0 1 1 1 0 1 1 1 0 0 0
0 1 1 0 1 1 0 1 1 0 1 1 1 0 0 1 1 1 1 0 0 1 1 1 1 1 1 0 1 1 0 1 0 0 1 0 0 0 1 0 0 0 0 0 0 0 1 0 0 1 0 1 0 1 0 0
0 0 1 0 1 1 0 1 0 1 0 0 1 1 1 0 0 1 1 1 0 0 1 1 1 0 0 0 0 0 0 1 0 0 1 1 0 1 1 1 1 0 0 1 0 1 0 0 0 1 1 1 1 1 0 1
1 1 0 1 0 0 1 0 1 0 0 0 1 0 1 1 1 0 1 1 0 0 1 0 0 0 1 1 0 1 1 1 0 1 1 0 0 1 0 1 0 0 1 1 0 0 0 1 0 1 1 1 1 0 1 0
1 0 1 0 0 1 1 0 0 1 0 0 1 0 1 0 1 1 1 1 0 1 1 0 1 0 1 0 0 1 1 1 1 1 0 0 0 1 1 1 1 1 1 1 0 1 1 0 1 1 0 0 1 0 1 1
0 0 1 0 0 0 1 1 0 1 1 0 1 0 0 1 1 0 0 0 1 0 0 1 1 1 1 1 0 1 1 1 0 0 1 0 1 1 1 1 0 1 0 0 1 0 0 1 0 0 1 1 0 0 0 0
1 0 1 1 0 0 0 0 1 1 0 1 0 0 0 1 1 0 1 1 0 0 0 0 0 0 1 0 1 0 1 1 1 0 0 1 1 0 1 1 0 0 1 0 0 1 1 1 1 0 1 1 0 0 1 1
1 0 1 1 0 0 1 0 0 0 1 0 0 1 1 1 1 0 1 1 1 1 0 1 0 0 1 0 0 0 1 1 0 1 1 1 0 0 0 1 0 0 1 1 0 0 0 0 1 1 0 0 0 1 1 1
1 0 1 1 0 0 1 1 1 0 1 0 1 0 1 0 1 1 1 0 0 0 1 1 1 1 0 1 1 1 0 1 1 1 0 1 0 0 1 1 0 1 0 1 0 1 1 0 0 0 1 1 1 1 0 1
0 1 1 0 0 0 0 1 1 0 0 1 1 1 0 1 1 0 1 0 1 0 1 1 1 0 0 0 0 0 1 1 1 0 1 0 1 0 0 0 1 1 0 0 1 1 1 0 0 0 1 0 0 0 0 1
1 1 1 1 1 1 0 0 0 1 1 1 1 1 0 0 0 0 1 1 0 1 1 0 1 1 1 1 1 0 1 1 0 0 1 0 1 0 1 0 1 0 0 1 0 0 1 1 1 0 0 1 1 0 0 1
1 0 0 0 1 1 1 1 0 1 0 1 0 0 0 0 1 1 0 1 0 0 0 1 1 0 1 0 0 0 0 1 0 0 1 0 1 1 0 1 1 0 1 1 0 0 1 1 0 0 1 0 1 1 1 1
1 1 0 1 1 1 0 0 0 0 0 1 1 0 0 0 0 1 0 0 0 1 0 0 0 0 1 0 1 0 1 1 1 1 0 1 0 0 0 1 1 1 1 0 0 0 0 0 1 0 0 1 0 1 0 0
0 1 1 1 1 0 0 1 1 0 1 1 0 1 0 1 0 0 0 1 0 1 1 0 0 0 0 1 1 0 0 0 0 1 1 1 0 0 0 0 1 1 0 1 0 0 1 1 1 1 1 0 0 0 0 1
0 0 0 0 1 0 0 1 0 1 1 0 0 1 0 1 0 0 1 1 0 0 1 0 0 0 1 0 1 1 0 0 1 0 0 0 1 1 0 1 1 1 1 0 0 0 1 0 1 1 1 0 1 1 0 1
0 0 1 0 0 0 0 1 0 0 0 1 0 1 1 0 0 0 1 0 0 1 1 1 1 1 0 1 0 1 1 0 0 1 1 1 0 1 0 0 1 0 0 0 0 0 0 1 1 1 1 1 0 0 1 0
0 1 1 1 1 1 0 0 0 1 0 1 1 0 1 1 1 1 1 1 1 1 0 1 1 0 1 0 0 1 0 1 0 0 0 0 0 1 0 0 1 0 0 0 0 1 0 1 1 1 1 1 1 0 0 1
1 1 0 1 1 1 0 1 0 0 0 1 0 1 0 0 1 0 1 0 1 1 1 0 0 0 0 1 1 0 1 1 0 1 1 0 1 1 0 0 0 1 0 1 1 1 0 1 0 0 0 0 0 0 1 1
0 1 0 1 1 1 0 1 1 0 1 0 1 0 1 0 1 0 1 0 0 0 0 0 0 1 0 0 0 1 1 0 0 1 0 0 0 1 1 1 1 0 0 1 0 0 1 0 1 1 1 0 0 1 0 0
1 0 1 1 0 1 1 0 1 1 1 1 1 1 1 1 1 0 0 0 1 1 0 1 1 1 0 1 1 0 1 0 1 0 0 1 0 1 1 0 1 1 1 0 0 1 1 1 1 1 0 1 0 0 0 0
0 1 1 0 0 0 1 0 1 1 0 1 1 0 0 1 0 1 1 0 1 1 1 1 0 1 0 1 0 0 0 1 0 0 1 1 1 1 0 0 1 0 1 1 1 0 0 1 0 0 0 0 0 1 1 1
0 1 1 0 0 1 0 0 0 1 1 0 1 1 0 0 1 1 1 0 0 1 1 1 0 0 0 0 1 1 0 0 1 0 0 1 0 0 1 1 1 0 1 1 0 0 0 0 1 1 1 1 1 0 1 0
1 1 0 1 1 1 1 1 0 1 1 0 1 1 1 0 0 0 0 1 1 0 0 1 0 1 1 0 1 0 1 1 0 0 1 0 0 1 1 1 0 0 1 1 0 1 0 1 1 1 1 1 0 0 1 0
0 0 0 0 1 0 0 1 0 0 1 0 0 0 0 0 0 0 1 0 0 0 1 1 0 0 1 0 1 1 1 1 0 0 1 1 1 1 1 0 0 0 0 1 0 1 0 0 1 0 0 1 0 1 1 1
0 0 1 1 0 1 1 0 1 1 1 1 1 1 1 1 0 0 1 0 0 1 1 1 0 0 1 1 1 1 1 1 1 0 0 0 1 1 0 0 1 1 1 1 0 0 1 0 0 1 1 0 1 1 0 1
1 1 0 0 0 1 1 1 0 0 0 0 1 0 0 0 0 0 0 0 0 0 1 0 0 1 1 1 1 1 1 1 0 0 1 1 0 0 0 0 0 1 1 1 0 1 1 1 0 0 0 0 1 1 1 1
1 1 1 0 1 1 0 1 0 0 1 1 1 0 1 1 1 1 1 0 0 1 0 0 1 1 1 0 0 0 1 1 0 0 1 1 0 1 0 1 0 1 1 1 1 0 1 1 1 1 1 0 0 0 1 0
1 0 1 0 0 1 0 0 1 0 1 1 0 1 1 1 0 0 1 1 1 0 1 1 0 1 0 1 1 1 0 0 0 1 1 0 1 1 1 0 0 0 1 0 0 0 0 0 0 0 1 0 0 0 1 1
1 1 0 0 1 1 0 0 0 0 0 1 0 0 0 0 0 0 0 1 1 1 1 1 0 1 0 0 1 0 0 1 0 1 0 1 1 1 0 0 1 0 1 1 1 1 1 0 1 1 0 1 1 0 1 1
1 0 1 0 0 1 0 0 0 1 0 1 0 0 0 0 0 1 0 0 0 0 1 1 0 1 0 0 1 1 1 1 0 1 1 0 1 1 0 1 0 0 0 0 1 1 0 0 1 1 1 0 1 1 0 0
0 0 1 1 0 0 1 0 1 0 0 1 1 1 0 0 1 1 1 1 1 0 0 1 1 1 1 1 0 1 1 0 0 0 1 1 1 1 1 0 0 0 1 1 0 1 0 0 1 0 0 1 0 1 0 1
1 1 1 0 1 1 0 0 1 0 0 0 0 0 0 1 1 0 1 0 0 0 1 0 1 0 1 1 0 0 0 0 0 1 1 0 0 1 1 0 1 1 1 1 0 0 0 0 1 0 0 0 1 1 1 1
1 1 1 1 0 1 1 1 1 1 0 1 1 0 1 1 1 0 0 0 0 1 1 0 1 0 1 0 0 0 0 0 1 1 0 0 0 0 0 0 0 0 0 0 0 0 0 0 1 1 1 0 1 1 0 0
1 1 0 0 1 0 0 1 0 1 0 0 0 0 1 1 1 1 1 1 0 1 1 0 0 0 1 1 0 0 0 1 0 1 1 0 1 0 1 1 0 1 0 0 0 1 1 0 0 0 0 1 1 1 1 0
0 0 1 1 1 0 0 1 0 1 0 0 1 1 0 1 0 1 0 0 1 0 1 0 0 0 0 0 0 1 1 1 1 0 0 0 0 0 1 1 0 0 0 1 0 0 0 1 1 0 0 0 0 1 0 1
0 0 1 1 1 1 0 0 0 1 0 1 0 1 1 1 1 1 0 0 0 0 1 1 0 1 1 1 0 0 0 0 1 0 1 1 1 1 1 1 1 1 0 0 1 1 1 0 1 0 1 0 0 0 0 1
1 0 1 0 1 0 1 0 0 1 0 0 1 1 0 0 1 0 1 1 0 1 0 1 0 1 0 1 0 0 1 0 0 0 1 0 0 1 0 0 0 0 0 0 1 1 0 1 0 0 0 0 1 0 0 0
1 1 0 1 0 0 1 1 1 1 1 0 0 1 0 1 0 1 1 0 0 1 1 1 0 0 1 0 1 0 1 0 1 1 1 0 1 1 0 1 0 0 0 0 1 0 0 1 1 0 0 1 1 1 1 1
1 0 1 1 0 0 0 1 0 1 1 1 1 0 1 1 0 1 1 0 0 1 0 1 0 0 0 1 0 0 1 1 0 1 1 1 1 0 1 0 0 0 1 0 0 1 0 0 0 1 1 1 1 0 0 0
0 0 1 1 1 1 1 0 1 0 1 0 1 0 0 1 1 0 1 1 1 0 0 1 0 0 1 0 0 1 0 1 1 1 0 1 0 1 0 0 1 0 1 0 0 0 1 0 0 0 0 1 1 1 0 1
0 1 0 1 0 0 1 0 1 1 0 1 1 1 0 0 1 0 0 1 0 0 0 1 0 1 0 0 0 1 0 0 1 1 0 1 1 1 1 1 1 0 0 1 1 1 0 1 0 1 1 1 0 0 0 0
0 1 0 0 0 1 1 1 1 0 0 1 1 0 0 1 1 0 1 0 1 1 0 1 0 0 0 1 1 1 0 0 0 1 1 1 0 0 1 1 0 1 1 0 1 1 1 0 1 1 0 0 0 0 0 1
1 0 1 0 0 0 0 1 1 0 1 0 1 1 0 1 0 1 1 1 1 0 0 1 1 1 1 1 0 0 1 1 0 1 0 1 1 1 0 1 0 1 1 1 1 1 0 1 1 1 1 0 1 1 0 1
1 0 1 0 1 0 1 0 0 0 0 1 0 1 1 0 1 0 0 0 1 0 1 0 0 0 0 0 0 1 0 0 1 0 1 0 0 1 0 1 0 1 0 0 0 0 0 0 0 0 0 1 0 1 1 0
0 0 0 0 0 0 1 1 1 0 0 0 1 1 0 0 0 0 1 1 0 1 1 0 0 0 1 1 1 0 1 0 1 0 1 1 1 0 0 1 0 1 1 1 1 1 0 0 1 1 1 0 0 1 1 1
1 1 1 0 0 1 0 1 0 0 0 1 1 1 0 1 0 0 0 0 0 0 0 1 0 0 1 0 1 1 0 0 0 0 0 1 0 1 1 1 1 0 1 1 1 1 1 1 0 0 1 0 0 0 0 0
0 0 1 0 0 1 1 1 1 0 1 0 1 0 0 1 0 0 0 1 1 1 1 0 1 0 0 0 0 0 1 1 0 0 1 1 1 0 1 1 1 0 1 0 0 0 0 1 1 0 0 1 1 0 1 0
1 0 0 0 0 0 1 0 0 1 0 1 1 0 0 0 1 1 0 0 0 0 1 1 1 0 0 1 1 0 1 0 1 1 0 0 0 0 1 1 1 0 1 0 1 0 0 0 0 0 0 1 0 1 1 1
0 0 0 0 0 1 0 0 1 0 0 1 1 0 0 1 0 0 1 1 0 0 1 1 0 0 0 0 0 1 1 0 1 1 0 0 0 1 1 0 0 1 0 0 0 1 1 1 0 1 0 0 0 1 1 0
1 1 0 0 1 0 0 1 1 0 0 0 0 0 0 1 1 0 0 1 1 1 0 0 0 1 0 1 0 0 1 1 0 1 1 1 0 1 1 1 0 0 0 0 0 0 1 1 0 0 0 1 0 0 0 1
0 0 0 1 0 1 1 1 1 0 1 1 0 1 1 0 1 1 0 1 1 0 1 1 1 1 1 1 1 0 0 0 1 1 1 1 1 0 0 1 1 0 1 0 0 0 1 1 0 1 0 1 0 1 1 1
1 1 1 1 0 1 0 0 0 0 0 1 1 1 0 1 1 1 0 0 1 1 1 0 1 1 1 1 1 1 0 1 0 1 1 1 1 0 0 0 0 1 0 0 1 1 0 1 0 1 1 1 1 0 1 0
1 0 0 0 1 0 1 0 1 0 1 1 1 1 0 0 1 1 1 0 0 0 0 0 0 0 0 0 1 1 0 1 0 1 1 1 0 1 1 0 0 1 1 1 0 1 0 1 0 1 0 1 1 0 1 0
1 1 0 1 1 0 0 0 0 1 1 1 1 1 1 1 1 0 1 0 0 0 0 1 1 1 1 1 0 1 0 0 1 1 1 0 0 1 0 0 0 0 0 1 0 0 0 0 0 1 0 0 0 0 0 1
1 0 0 1 1 0 0 1 1 1 1 0 0 0 1 1 1 1 1 0 1 1 1 1 1 0 1 0 1 1 1 1 0 1 0 1 1 0 0 0 1 1 0 0 0 0 0 1 1 1 0 1 1 0 0 0
0 0 0 0 1 0 0 0 1 0 1 1 0 0 0 1 0 1 1 0 1 1 1 1 1 0 0 1 0 0 0 1 0 1 0 0 0 0 0 0 0 1 1 0 0 0 1 0 0 1 0 1 1 1 1 1
0 1 0 0 1 0 1 0 0 1 0 1 0 0 1 0 1 0 0 0 0 1 0 1 0 0 1 1 0 1 0 0 0 0 0 1 0 0 0 0 1 1 0 1 1 1 1 1 1 1 0 0 1 1 0 0
1 1 0 0 0 1 0 1 1 0 1 0 1 1 1 0 0 0 0 0 1 0 1 0 1 0 1 1 1 0 0 0 0 1 0 0 1 1 1 0 0 0 0 0 0 1 0 1 0 0 0 1 0 1 0 0
0 1 0 1 1 0 1 0 1 0 1 0 1 1 0 1 1 0 0 1 0 0 1 0 1 1 1 0 0 0 0 1 0 0 0 0 0 0 0 0 0 1 0 1 0 1 0 1 1 0 0 0 0 0 1 1
0 1 0 1 1 0 1 1 0 0 1 1 0 0 0 1 0 0 0 0 1 0 1 1 1 0 1 1 1 1 1 0 0 0 0 1 0 0 0 0 0 1 1 0 0 0 0 1 0 1 1 1 1 1 1 0
1 0 1 1 1 1 0 0 1 1 1 0 1 1 1 1 1 1 1 1 0 0 0 1 1 0 0 1 0 0 1 1 0 1 0 1 1 1 1 0 0 0 0 0 1 0 1 1 0 0 0 0 0 1 1 1
1 1 1 1 1 0 0 0 1 1 1 1 1 1 1 1 1 0 0 0 1 0 1 1 0 0 1 1 1 1 0 1 1 1 1 0 1 0 1 1 1 0 1 1 0 1 1 1 1 0 1 1 1 1 0 1
1 0 0 0 0 1 0 0 1 1 1 1 0 0 0 1 0 1 0 1 1 0 0 1 0 1 1 0 1 0 0 1 0 0 1 1 0 0 0 0 1 1 0 0 0 1 1 0 0 0 0 0 0 1 0 0
0 0 1 0 1 0 1 1 1 1 0 0 0 0 1 0 1 0 0 0 0 0 0 1 0 1 1 1 1 1 1 0 0 1 1 0 1 1 1 1 1 0 1 1 0 0 1 0 0 1 0 1 1 1 0 1
1 1 1 0 0 1 0 0 1 1 1 0 0 1 0 0 1 0 1 0 0 0 0 0 1 1 1 0 1 1 1 0 1 1 1 1 1 0 0 1 0 1 0 1 0 0 0 1 1 0 1 1 0 0 0 0
1 1 0 1 0 0 1 1 0 1 1 0 1 0 0 1 1 1 1 1 0 0 1 0 1 0 1 1 1 0 1 1 1 0 1 1 0 1 0 1 1 0 0 0 1 1 1 1 1 0 1 0 0 1 0 0
0 0 0 0 1 1 1 0 0 0 1 0 0 0 1 0 0 1 0 0 0 1 1 1 0 0 0 0 1 0 0 0 0 1 0 0 1 0 1 1 0 0 1 1 1 1 0 0 0 0 1 1 1 0 1 1
1 1 1 0 0 0 0 0 1 1 0 0 0 1 0 1 1 0 1 0 1 0 1 1 1 0 1 0 1 1 0 1 0 1 0 1 1 1 1 1 0 0 1 0 0 0 1 1 1 1 1 0 0 1 0 0
1 1 1 0 1 1 0 1 1 0 1 1 0 0 1 0 1 1 1 0 1 1 1 0 1 0 0 0 1 1 1 1 1 1 1 0 0 0 0 1 1 0 0 0 0 1 1 0 1 0 0 0 1 1 1 0
1 1 1 1 0 1 0 1 0 0 0 0 0 0 1 0 1 0 0 1 0 1 1 1 1 1 1 1 0 1 1 1 1 0 0 0 0 1 0 1 0 0 1 0 1 0 1 0 1 0 1 0 0 1 1 1
1 0 1 0 0 0 0 1 1 0 0 1 1 0 0 1 1 0 0 0 1 0 0 1 0 0 0 1 1 0 1 1 1 0 1 0 1 1 0 0 0 0 0 1 0 0 1 1 1 1 0 1 1 1 1 0
0 0 0 0 1 0 0 1 1 1 0 0 1 1 0 1 0 1 0 1 1 0 0 0 0 0 1 1 0 1 0 1 0 1 1 0 0 1 0 1 1 0 0 0 1 0 1 1 0 1 1 0 1 1 1 0
1 1 1 1 0 0 1 1 1 1 0 0 0 1 0 0 1 1 0 0 1 0 0 1 0 0 1 1 0 0 0 0 0 1 1 1 0 1 0 0 1 0 1 1 1 1 0 1 0 0 1 1 0 0 1 1
0 1 0 1 0 1 0 0 1 1 0 0 0 1 0 0 1 1 0 0 0 0 0 1 0 0 1 1 0 0 1 1 1 0 1 1 0 0 1 1 0 1 0 1 0 1 0 1 0 1 1 0 1 1 0 1
0 0 0 1 0 1 1 1 1 0 0 0 1 0 1 0 1 1 0 0 0 0 0 0 0 1 1 1 0 0 0 1 0 0 1 0 1 0 0 0 0 1 1 0 1 1 0 0 1 1 0 1 1 0 0 1
1 1 1 1 0 1 0 1 0 0 1 1 0 0 1 0 0 0 1 0 1 0 1 0 0 0 1 0 1 0 0 1 1 0 1 0 0 0 1 1 0 0 0 1 1 0 0 0 0 1 1 0 0 1 1 1
1 0 0 1 0 1 1 1 0 0 1 0 0 0 0 0 0 0 1 0 0 0 0 1 0 0 0 0 0 1 1 0 0 1 0 0 0 0 0 1 0 1 0 0 0 0 1 1 0 0 0 0 1 0 0 1
0 1 1 1 1 1 1 1 0 1 1 1 0 0 0 0 1 1 1 1 1 0 1 0 1 1 0 1 0 1 0 1 0 1 0 0 0 1 1 0 0 0 1 1 0 0 0 1 1 0 1 0 1 0 0 0
0 0 1 0 1 1 0 1 1 0 0 0 0 1 1 0 0 1 1 0 1 0 0 1 1 1 0 1 0 1 1 0 0 1 0 1 1 0 1 1 0 1 1 0 0 1 1 1 0 0 0 1 1 0 1 0
0 0 1 1 1 1 1 1 1 1 1 1 1 1 0 1 1 1 0 0 1 0 1 0 0 0 0 0 1 0 0 0 0 0 0 1 0 1 1 1 0 1 1 1 1 1 1 0 0 0 0 0 1 1 0 0
0 0 1 0 1 0 1 0 0 0 1 1 1 0 1 1 0 1 1 0 1 0 0 1 1 1 0 0 1 1 0 0 1 0 1 1 1 0 0 0 0 1 0 1 0 0 1 0 0 1 1 0 1 0 0 1
0 1 1 0 1 0 1 0 1 0 1 0 0 1 0 0 1 0 1 0 1 1 1 1 1 1 1 1 1 0 1 1 0 1 0 1 0 0 0 1 1 0 1 0 1 1 0 0 0 0 0 0 0 0 0 0
1 0 0 0 0 0 1 1 1 1 0 1 1 0 1 1 0 1 1 1 1 1 0 0 1 1 0 0 0 1 1 0 1 1 1 0 1 0 1 1 0 0 0 0 1 0 1 0 1 0 0 0 0 1 1 0
0 0 1 0 0 1 1 1 0 0 0 0 0 1 1 1 1 0 1 1 0 1 1 1 0 0 0 0 1 1 1 1 0 1 0 0 1 0 0 0 1 0 0 0 0 0 0 1 0 0 1 1 0 1 0 1
0 1 1 1 0 1 1 1 0 1 0 1 0 1 0 1 1 0 1 0 1 0 0 0 0 1 1 1 1 1 1 1 0 0 1 1 0 1 0 1 1 0 0 1 0 0 1 0 1 1 0 1 1 0 1 0
1 0 1 1 1 1 1 1 1 0 0 1 0 1 0 0 0 0 1 0 0 0 1 0 0 1 1 0 0 1 0 1 1 1 0 0 0 1 0 1 0 1 1 0 1 1 0 1 1 1 1 1 0 1 1 0
1 0 0 1 1 1 1 0 0 1 1 1 0 0 0 1 1 0 1 1 1 1 1 0 0 0 0 0 1 1 0 0 1 0 0 0 0 0 0 1 1 0 1 1 1 1 0 1 1 1 0 0 0 1 1 1
0 1 1 0 1 1 0 0 1 1 0 0 0 1 1 1 1 1 0 1 0 0 0 0 1 1 1 1 0 1 1 1 1 1 0 1 0 0 0 0 1 0 1 0 1 0 0 0 0 1 1 1 1 1 0 1
0 1 1 0 0 1 0 0 0 1 0 0 1 1 0 1 1 0 0 0 1 1 1 1 1 0 0 0 0 0 1 0 0 0 0 1 0 1 0 0 0 1 0 0 0 0 1 1 1 0 0 0 1 0 1 1
0 1 0 1 1 1 0 0 1 1 1 0 0 0 1 0 0 0 1 0 1 0 1 0 0 0 1 0 0 0 1 0 0 0 1 1 1 0 0 0 1 0 1 0 0 1 1 0 0 1 1 0 1 0 1 0
0 0 0 0 1 1 1 1 0 0 1 0 0 0 1 1 0 0 0 0 1 1 1 0 1 0 1 0 1 0 0 1 1 1 1 0 0 1 0 1 1 1 1 1 1 1 1 1 0 1 0 1 1 0 0 0
0 0 1 0 0 0 0 1 1 0 1 0 1 1 1 0 1 1 1 1 1 0 1 0 0 1 0 0 1 1 0 1 0 0 1 1 1 1 1 1 1 0 0 0 1 1 1 1 1 1 0 0 0 0 0 1
0 1 0 0 1 1 0 1 0 1 0 0 0 1 1 0 0 1 0 1 1 0 0 0 1 1 0 0 0 1 1 0 0 0 0 0 1 1 0 1 0 0 0 0 1 1 1 0 1 0 1 1 1 0 1 1
1 0 1 0 1 1 0 1 1 0 1 0 0 0 1 1 1 0 0 1 1 1 1 0 0 1 1 0 0 1 0 0 0 0 0 1 1 0 0 1 0 1 1 1 0 1 1 0 1 0 1 1 1 1 0 0
0 1 1 1 1 0 1 1 0 0 0 0 1 1 0 0 0 1 1 0 1 1 1 1 1 0 1 1 0 1 0 0 0 0 1 0 1 0 0 1 0 0 1 1 1 1 1 0 0 1 1 0 1 1 0 0
0 0 1 1 0 0 0 0 0 0 0 1 0 0 1 0 1 0 1 1 0 0 0 1 0 1 1 1 0 0 0 0 1 1 0 0 0 0 0 0 1 1 1 1 0 1 1 0 0 0 1 0 1 1 0 0
1 1 1 0 0 1 1 0 1 1 0 0 1 0 1 1 1 1 0 1 1 0 0 0 0 0 0 0 1 1 1 1 0 1 0 0 0 0 0 1 0 1 0 1 1 1 1 1 1 0 1 1 1 0 0 0
1 0 0 0 1 0 1 0 1 0 1 1 0 1 0 0 0 1 0 1 1 1 0 1 0 0 1 1 0 1 1 0 1 1 1 0 0 1 0 0 1 0 1 1 0 0 1 1 1 1 1 0 0 0 0 0
0 1 1 1 0 0 0 1 1 1 0 0 1 0 1 0 0 1 1 0 0 1 0 0 0 1 0 1 1 1 0 1 1 0 0 0 0 0 0 0 1 0 0 1 0 1 1 1 1 1 0 0 1 0 1 1
0 1 1 0 0 0 1 1 0 1 0 1 0 0 1 1 0 1 1 1 1 0 0 1 0 1 0 0 1 0 0 0 1 1 1 1 0 1 0 1 0 1 1 0 1 1 1 1 0 1 1 1 0 1 1 0
0 0 0 0 1 1 0 1 0 1 1 1 0 1 1 1 0 0 1 1 0 1 0 1 1 1 0 0 0 0 0 0 1 1 0 0 0 1 1 1 0 1 0 1 1 1 1 0 1 0 1 0 0 0 0 0
0 0 0 0 0 0 0 0 0 0 0 1 0 1 1 0 0 0 0 1 0 1 1 1 1 1 0 0 1 0 0 0 1 0 1 1 1 0 1 0 0 0 1 0 0 1 0 1 1 0 0 0 1 1 0 1
0 1 0 1 0 1 0 0 1 0 0 1 1 1 1 1 1 0 1 0 0 1 1 0 1 1 0 1 0 0 1 0 0 1 0 1 1 0 1 0 1 0 1 1 1 1 1 1 0 1 1 1 1 1 1 1
1 1 1 1 1 1 0 1 0 0 1 0 0 0 0 1 0 0 1 1 1 1 0 1 0 1 1 1 1 1 1 0 0 1 0 0 0 0 1 0 1 1 1 1 1 1 1 1 0 0 0 1 0 0 1 1
0 0 0 0 1 1 1 0 0 0 0 0 1 0 1 1 1 0 0 1 1 0 0 0 1 0 0 1 1 1 0 1 0 1 1 0 1 1 0 0 1 0 1 1 1 1 0 0 1 0 0 0 0 1 0 0
0 1 0 1 0 1 1 0 0 0 0 0 0 1 0 0 0 0 1 1 0 1 0 1 1 1 0 0 0 1 1 1 1 0 1 1 0 1 1 0 1 1 0 1 1 0 1 1 1 0 1 1 1 0 0 1
1 1 0 1 0 1 0 1 1 1 1 1 0 0 0 1 0 1 0 0 0 0 1 0 1 1 0 0 1 0 1 1 1 1 0 1 0 1 1 0 1 1 1 0 1 0 1 1 0 0 0 0 0 0 0 1
0 0 0 0 0 1 1 0 0 0 1 0 0 1 0 0 1 1 0 1 0 1 0 1 0 0 1 1 1 1 0 1 0 0 0 1 1 1 0 1 0 0 0 1 1 0 1 1 0 1 0 1 1 1 0 0
0 1 0 0 0 1 0 0 1 0 0 0 0 0 0 0 1 0 0 1 1 1 0 1 0 1 1 0 1 0 0 0 1 0 1 0 0 0 1 1 1 0 0 0 1 0 0 1 1 0 1 1 1 1 1 1
0 0 0 0 0 1 0 1 0 1 1 1 1 0 0 1 1 0 1 1 1 0 1 0 0 0 1 1 0 0 0 1 1 1 1 1 1 1 1 0 0 1 1 1 0 1 0 1 1 1 0 0 0 0 1 0
1 0 1 1 0 0 0 0 0 1 1 1 0 1 0 1 0 0 1 0 0 0 0 1 1 0 0 0 0 1 0 1 0 0 0 0 1 0 1 1 0 1 0 0 0 1 0 1 1 0 1 0 1 1 1 0
1 1 0 1 1 0 1 0 0 0 0 0 1 1 0 0 0 1 1 0 0 0 0 1 0 1 0 1 1 1 1 1 1 1 1 0 1 0 1 0 1 0 1 0 0 0 1 1 1 0 1 0 0 0 0 1
1 1 0 1 1 0 1 1 1 0 0 0 1 0 1 1 0 1 0 1 0 0 0 1 1 1 0 1 0 1 0 0 0 0 0 0 1 1 0 1 1 1 1 0 1 1 1 1 0 0 1 1 1 1 1 0
0 1 1 1 0 1 1 1 0 1 0 0 1 0 1 0 1 0 1 0 0 1 1 1 1 0 1 0 0 0 0 1 0 0 0 1 1 1 1 0 0 1 1 0 0 1 0 0 0 0 0 1 0 0 1 0
0 1 1 1 0 1 1 1 1 1 0 0 0 0 0 1 0 0 1 0 0 0 1 0 1 1 0 1 1 0 1 0 0 0 1 0 1 0 1 1 0 0 0 1 1 1 0 1 0 0 1 0 1 1 0 1
1 1 0 0 0 0 1 0 0 0 1 1 0 1 0 0 1 1 1 0 0 0 0 0 0 1 0 0 0 0 0 0 0 1 1 1 0 1 0 1 1 0 0 0 0 1 1 0 0 1 0 0 1 1 1 1
0 1 1 1 1 0 1 0 0 1 1 1 1 1 0 0 1 1 0 0 0 1 1 0 0 1 0 1 0 0 1 1 1 1 0 0 1 0 0 1 0 0 1 0 0 0 1 1 1 1 0 0 1 1 1 0
0 1 1 0 0 0 1 0 0 0 1 0 0 0 1 1 0 1 0 0 1 1 1 1 0 1 1 1 0 0 0 1 0 1 0 0 1 1 0 0 1 0 0 0 0 1 1 1 1 0 1 0 0 1 0 1
1 1 1 1 0 1 1 1 0 0 1 0 1 1 1 1 1 1 1 0 0 1 1 0 0 1 0 0 1 0 0 1 1 0 1 1 1 1 0 1 0 1 1 1 0 0 0 1 1 0 1 1 0 1 0 1
0 0 0 0 0 1 0 0 0 0 1 0 1 0 1 1 1 1 0 0 0 0 0 1 1 0 1 1 1 1 0 1 1 0 1 0 0 0 0 1 1 1 1 1 0 1 0 1 1 0 1 1 0 1 1 1
1 0 0 1 1 1 1 0 0 1 0 0 1 0 1 0 1 0 0 0 1 0 0 0 1 0 1 0 1 1 1 0 1 0 1 1 1 1 1 1 0 0 0 0 1 1 0 1 1 1 0 0 1 0 1 1
1 0 1 1 1 1 0 1 1 1 0 1 1 1 1 0 0 1 0 0 1 1 1 1 0 1 0 1 0 1 0 1 0 1 0 0 0 1 1 0 1 1 0 1 1 0 0 0 0 0 0 1 1 0 0 1
0 0 0 0 0 0 1 1 1 1 1 1 0 1 1 0 1 1 0 0 1 1 1 1 0 0 0 0 0 1 1 1 1 1 0 1 1 1 0 0 0 0 0 1 0 1 1 1 1 0 0 0 1 0 0 1
1 1 0 1 0 1 0 1 0 0 1 1 1 1 0 1 1 0 1 1 0 0 0 1 1 1 0 0 0 1 1 1 1 0 0 1 0 0 1 1 0 0 0 0 1 1 0 0 0 0 0 1 1 0 1 1
1 1 1 0 1 1 1 0 0 0 0 1 1 1 1 1 1 0 1 1 0 0 1 1 0 1 1 1 0 0 1 0 1 1 1 1 1 1 0 1 1 1 1 0 0 1 1 1 1 0 0 1 1 1 0 0
1 0 0 0 0 1 1 0 0 0 0 0 1 1 0 1 0 1 1 0 0 1 0 0 1 1 1 0 0 0 1 0 0 0 0 0 0 1 1 1 0 1 0 0 0 0 0 0 0 1 1 1 1 1 0 1
0 1 1 0 1 1 1 0 0 1 1 1 0 0 0 1 1 0 1 0 0 0 1 1 0 0 0 1 1 0 1 1 1 0 0 1 0 0 0 1 0 1 0 1 0 1 1 0 1 0 1 1 0 0 1 1
1 0 1 1 0 0 1 0 0 1 1 0 0 1 1 0 1 1 0 0 0 1 1 0 1 1 1 1 1 0 0 0 0 1 0 1 0 1 1 0 0 0 1 1 1 0 0 0 1 1 1 0 1 1 0 1
1 1 0 0 0 1 0 1 1 1 1 0 1 1 1 0 0 0 1 1 1 1 0 1 1 1 1 1 0 1 0 1 0 1 1 1 0 1 0 0 0 1 1 1 0 0 1 0 0 0 1 1 1 0 1 0
1 0 0 1 1 1 0 0 1 1 1 0 0 1 1 0 1 1 0 1 0 1 0 0 1 1 0 0 1 0 1 1 1 1 1 1 0 1 0 0 0 0 1 0 0 1 0 0 1 1 0 1 1 1 1 0
0 0 1 0 1 0 0 1 0 1 0 0 1 0 0 1 0 0 1 1 1 1 1 1 1 0 0 1 1 0 1 0 1 1 1 0 1 1 1 1 0 0 1 1 0 0 1 1 1 0 1 1 0 1 0 1
0 0 1 1 1 0 0 1 0 0 1 0 1 0 1 0 0 0 1 1 1 0 0 0 0 0 1 1 1 1 0 0 0 0 1 0 0 0 0 0 1 1 0 0 1 0 0 1 0 0 1 1 0 0 0 0
0 1 0 0 0 1 1 0 1 0 1 0 0 1 1 0 0 0 1 1 0 1 1 1 1 0 1 1 1 1 0 0 1 0 0 0 0 1 0 1 0 1 0 0 0 1 1 1 1 1 1 0 1 0 1 0
0 0 1 0 1 0 0 1 1 1 0 0 0 1 1 1 1 1 0 1 0 1 1 1 0 1 1 0 1 1 1 1 1 1 1 0 1 0 1 0 0 1 0 1 1 0 1 1 1 1 1 0 1 0 1 1
1 0 1 0 1 1 1 1 1 1 1 0 1 0 1 0 1 0 1 1 1 0 0 1 0 0 0 0 0 0 0 0 1 0 1 0 1 0 1 0 1 0 1 1 0 1 1 1 1 0 1 0 0 0 0 1
1 1 0 0 1 1 1 0 1 0 0 0 0 1 1 1 1 0 0 0 1 0 0 1 1 0 1 0 1 1 1 0 1 1 0 0 0 0 1 0 1 0 0 0 0 1 0 0 0 0 0 1 1 0 1 1
1 0 0 1 1 1 1 0 0 1 1 1 1 0 1 0 0 1 1 1 0 0 1 1 1 0 0 0 0 0 0 0 1 0 0 1 1 0 0 1 1 1 0 0 1 1 1 0 1 1 0 1 1 1 1 0
1 0 0 0 0 0 0 1 1 0 1 1 1 0 1 0 1 1 0 1 1 0 0 1 0 0 0 0 1 1 1 1 1 0 0 0 0 1 0 1 1 0 1 1 0 0 0 0 0 1 0 1 0 0 0 1
1 0 0 1 1 1 0 0 0 0 1 0 1 1 0 0 1 1 0 0 1 0 1 1 1 1 1 1 0 1 1 1 1 1 1 1 0 1 1 0 1 1 0 0 0 1 1 0 1 1 0 0 1 1 0 0
1 0 0 0 1 1 0 0 0 1 1 0 1 1 1 0 1 1 0 0 0 1 0 1 0 1 0 0 0 1 0 1 0 1 1 1 1 0 0 1 1 1 1 0 0 0 0 1 0 1 0 0 0 0 0 1
0 1 1 0 1 1 1 1 0 1 1 1 1 0 1 1 1 1 1 0 0 0 0 0 0 0 0 0 1 1 1 0 1 1 1 0 0 1 1 0 1 1 1 0 0 0 0 1 1 1 1 0 1 1 1 1
0 0 1 0 1 0 0 1 0 1 1 0 1 1 1 0 0 0 0 1 0 0 0 0 0 0 1 1 0 1 1 0 0 0 0 1 1 1 1 0 0 0 1 1 0 1 1 0 0 1 1 1 0 1 1 0
0 0 0 0 0 1 1 0 0 1 1 0 1 0 1 0 1 1 1 1 1 1 1 0 0 1 1 1 1 1 0 0 0 1 1 0 1 1 0 0 1 1 0 1 1 0 1 0 1 0 0 1 1 1 1 1
1 1 1 1 1 0 0 0 0 0 1 0 0 1 1 0 0 1 1 1 0 0 1 1 0 0 0 0 0 1 1 1 0 1 0 1 1 0 0 0 1 1 1 1 1 1 0 0 1 1 1 0 1 0 1 1
1 1 1 1 1 1 1 1 0 0 1 0 1 0 0 0 1 0 1 0 1 0 1 0 1 0 0 1 0 1 1 0 1 1 0 1 1 1 0 0 1 0 1 1 1 0 0 0 1 0 1 1 1 0 1 0
1 1 1 0 1 1 1 0 0 1 1 0 0 0 1 1 0 1 1 0 1 1 1 1 1 0 0 0 0 1 1 1 1 0 1 1 1 0 1 0 1 1 1 0 1 1 1 1 0 0 0 1 0 1 1 1
1 0 0 1 0 0 0 1 1 0 0 1 1 0 0 1 1 1 0 1 1 0 1 1 1 0 1 0 0 0 0 1 1 1 0 1 0 0 1 1 1 1 0 1 1 0 0 0 1 1 1 1 1 0 1 1
1 0 1 1 0 1 1 0 1 0 1 1 1 0 0 0 1 1 1 0 1 1 0 1 0 1 1 1 1 0 1 0 0 1 1 0 0 1 0 0 0 1 0 0 0 1 0 1 0 0 1 0 1 1 1 0
0 0 1 1 0 1 1 1 1 1 0 0 1 1 1 1 1 0 0 1 0 0 0 0 1 1 1 1 1 1 0 0 1 1 1 1 0 0 1 1 0 1 0 0 0 0 0 1 0 1 0 1 0 1 0 0
1 0 0 1 1 1 1 1 0 1 1 0 0 0 1 0 0 1 0 1 1 0 0 1 1 0 0 1 1 0 1 0 0 0 0 1 0 0 1 0 1 0 1 0 1 1 0 1 0 1 1 0 1 1 0 1
1 0 1 1 0 0 0 1 1 0 0 1 1 1 1 0 0 0 0 1 0 0 0 0 0 1 0 0 1 0 1 0 1 1 1 0 1 1 0 1 1 1 1 1 1 0 1 0 1 0 1 0 1 0 1 1
1 0 1 1 0 0 1 0 0 0 0 1 0 0 1 0 1 0 0 0 1 0 1 0 1 1 0 0 0 0 1 1 0 0 1 1 0 0 0 0 0 0 1 0 1 1 0 0 0 0 1 1 1 0 0 1
0 1 0 1 1 0 0 1 0 0 1 0 0 1 0 1 1 0 1 0 1 0 0 0 0 0 0 1 1 0 0 1 1 0 0 1 1 0 1 0 1 0 1 0 0 1 1 1 1 1 0 1 1 1 0 0
0 1 1 1 0 1 0 0 1 1 1 1 1 1 1 0 0 0 0 0 1 1 1 1 0 0 0 0 1 1 1 0 0 1 1 1 0 0 1 0 0 0 1 1 0 1 0 0 1 0 0 0 1 0 1 1
0 0 0 1 1 1 0 1 1 0 0 1 0 1 1 1 1 1 1 0 0 1 0 1 0 0 0 0 0 1 0 0 1 0 1 1 1 1 0 0 0 0 1 1 0 1 1 0 0 1 1 1 0 0 1 1
0 1 0 1 0 0 0 1 0 0 0 1 1 0 0 0 1 1 0 1 1 1 1 0 0 0 1 0 1 1 0 0 1 1 0 0 1 0 1 1 1 1 0 0 1 1 1 1 0 0 0 0 1 0 0 1
1 1 0 0 0 1 0 1 0 1 0 1 0 1 1 1 0 0 0 1 0 1 0 0 1 0 0 0 1 1 1 1 0 0 0 0 0 0 0 1 0 1 1 1 0 0 1 0 0 1 0 0 0 1 1 0
1 1 1 0 0 1 1 0 1 1 1 0 0 0 0 0 0 1 1 0 1 0 0 1 1 1 1 0 0 1 1 1 0 0 0 0 0 1 1 0 1 0 0 1 1 0 1 0 1 1 0 1 1 1 1 0
1 0 0 0 0 0 0 1 0 1 1 0 0 1 0 0 1 0 0 1 1 0 1 1 0 0 1 1 0 0 0 0 0 1 0 0 0 0 0 1 0 0 0 1 0 1 0 0 0 1 0 0 1 0 1 0
0 1 0 0 0 0 0 1 0 1 1 0 1 0 0 1 0 1 1 0 0 1 0 0 1 0 0 1 1 1 1 0 0 1 1 1 0 1 0 1 1 1 0 1 1 0 0 1 0 0 0 1 1 1 0 0
1 1 1 1 1 0 0 0 1 0 1 0 0 1 0 1 1 1 0 1 1 0 1 1 1 1 0 0 1 1 1 1 1 0 1 0 0 1 0 1 0 1 1 1 0 1 1 1 0 0 1 0 0 1 1 0
1 0 1 1 0 1 0 0 1 0 1 0 0 0 1 1 1 1 1 0 0 1 0 0 0 0 1 0 1 1 1 1 0 0 1 0 1 1 1 1 1 1 0 1 1 1 0 0 0 1 0 1 0 0 1 0
0 0 0 1 0 1 1 1 1 1 1 1 0 0 1 0 1 0 0 1 0 1 0 0 0 1 0 0 1 1 1 0 1 0 0 0 0 0 0 0 0 1 1 1 1 0 0 1 0 0 0 1 1 0 1 0
1 1 1 0 1 0 1 0 1 1 1 0 1 0 0 1 1 0 0 0 1 1 0 0 1 1 1 1 0 0 0 0 1 0 1 1 0 0 1 0 1 0 1 0 0 0 1 1 0 1 1 0 1 1 1 0
0 0 0 1 0 1 0 0 1 0 1 1 0 1 0 1 0 1 0 0 1 0 0 0 1 1 0 0 1 0 0 1 0 0 1 0 0 1 1 0 1 0 0 1 1 0 0 1 1 1 1 0 1 0 0 1
0 1 1 0 1 1 0 0 0 1 1 1 0 1 1 0 1 0 0 1 1 1 0 0 1 0 1 1 0 0 0 1 1 0 0 0 0 1 1 0 1 0 1 0 1 1 1 0 0 0 0 0 0 0 1 1
1 0 0 1 0 0 1 0 1 1 1 0 1 1 0 1 1 1 1 1 1 1 0 0 1 0 0 1 0 1 1 1 1 0 1 0 1 0 1 1 0 1 1 1 1 0 1 0 0 1 0 1 0 0 0 1
1 0 1 1 0 0 1 1 1 1 1 0 0 1 0 1 0 0 0 1 0 1 0 0 1 1 1 1 1 1 0 1 0 1 0 0 1 1 1 0 1 0 0 0 0 0 1 0 1 0 0 0 1 0 1 1
0 0 0 1 0 1 1 0 0 1 0 1 0 0 1 0 0 1 1 0 1 0 0 1 1 0 0 1 1 0 1 1 1 1 1 0 0 1 0 0 0 1 1 1 0 0 1 1 1 1 1 0 1 0 0 0
1 1 1 0 1 1 0 1 0 1 0 0 0 0 1 1 1 1 0 0 1 0 1 1 0 1 0 1 1 1 0 0 0 0 0 1 0 0 1 0 1 0 0 0 0 1 0 0 1 1 0 0 0 1 1 1
0 1 1 1 0 0 1 0 0 0 1 1 1 1 0 1 0 1 0 1 0 0 1 1 0 1 1 0 1 0 1 1 0 1 0 1 0 0 1 0 1 0 0 1 1 1 0 1 1 1 0 1 1 1 0 0
0 1 1 1 0 0 1 1 1 0 1 1 1 0 1 1 0 0 1 0 1 1 0 0 1 0 1 0 1 0 0 0 0 0 0 1 1 1 0 1 0 1 0 1 1 1 0 1 1 0 1 1 0 0 1 1
0 1 1 0 1 0 0 0 0 0 1 0 0 0 1 0 0 0 0 1 0 0 0 0 1 0 0 1 0 0 1 1 1 1 1 0 1 0 0 1 0 0 0 0 1 1 1 1 0 1 1 0 1 0 1 1
1 0 0 0 0 1 0 1 0 0 0 0 0 0 1 1 0 0 0 1 1 1 0 1 0 0 1 1 0 1 0 1 1 0 1 1 1 1 0 0 0 1 0 0 1 1 0 1 0 0 0 0 1 1 1 1
0 1 1 0 0 0 0 0 1 0 1 0 1 0 0 0 0 0 0 0 0 1 0 1 0 1 0 0 0 1 0 0 1 1 0 1 1 1 1 0 1 1 1 0 0 0 0 0 0 0 0 1 1 1 1 1
0 0 0 1 0 1 1 0 0 1 1 0 0 1 0 1 0 1 0 0 0 0 1 0 1 0 1 1 0 1 0 1 0 1 1 1 0 0 0 1 0 0 1 0 1 1 1 0 1 0 0 1 0 0 0 0
0 1 0 1 1 0 0 1 1 1 1 0 1 1 0 0 0 1 1 0 1 0 0 0 1 1 0 0 0 0 0 0 1 1 1 1 0 0 1 1 0 1 0 0 1 0 0 0 1 0 0 1 1 1 1 1
0 1 1 1 0 1 0 0 1 1 1 0 1 1 0 0 1 1 1 1 0 0 1 0 0 0 0 0 0 0 0 1 1 0 1 0 1 1 0 1 0 0 1 0 1 1 1 1 0 0 0 0 1 0 0 0
1 0 0 0 1 1 1 1 0 1 1 0 0 1 0 1 1 1 1 1 0 1 1 0 1 1 1 0 0 1 0 0 0 0 1 1 0 0 1 0 0 0 0 0 1 1 0 1 1 0 1 1 0 0 1 1
1 1 0 1 1 0 1 1 0 1 0 0 0 0 0 1 1 0 0 0 1 1 0 1 1 1 0 0 0 1 0 1 1 1 1 0 0 0 0 0 0 1 0 1 0 1 0 0 1 1 0 1 1 1 0 1
0 1 0 0 0 1 0 1 0 1 1 1 0 0 1 0 0 1 1 1 0 0 0 1 0 1 1 1 0 0 1 0 0 1 0 1 1 1 1 1 1 0 0 0 1 0 1 1 1 0 0 0 1 0 0 0
1 0 1 0 0 1 0 0 0 0 0 1 1 1 0 0 0 0 1 1 1 1 1 1 0 1 0 1 0 1 0 0 0 0 0 0 1 0 1 1 0 1 0 1 0 0 1 1 1 1 0 0 0 1 1 1
1 0 0 0 1 1 1 0 1 1 1 1 0 1 1 1 0 1 1 0 1 1 0 0 1 0 1 1 1 0 1 0 0 1 0 1 1 0 1 1 0 0 0 1 1 0 1 1 1 1 1 1 1 0 1 0
0 1 1 0 1 0 1 0 1 0 1 0 0 1 1 0 1 0 0 1 0 0 1 0 0 1 1 1 1 0 0 1 1 0 0 1 0 1 1 0 1 1 1 1 0 0 1 1 1 0 0 1 0 1 1 0
0 1 1 1 1 1 1 1 1 0 1 0 1 1 0 0 1 0 0 0 0 1 0 0 1 0 0 1 0 1 1 1 0 0 1 0 0 1 1 0 0 0 1 0 1 0 0 1 1 1 0 1 0 1 1 1
0 1 1 0 1 0 1 0 1 0 1 1 1 0 0 0 0 0 1 1 0 0 1 1 1 0 0 1 0 1 1 1 0 1 1 0 0 1 1 1 1 1 0 0 1 1 1 0 0 0 1 1 1 0 0 0
1 1 1 0 1 1 0 1 1 1 0 0 1 1 1 0 1 0 1 1 1 1 1 1 1 1 1 0 1 0 0 0 0 0 1 1 1 0 0 0 1 0 0 1 1 0 0 1 0 0 1 0 0 0 0 0
0 0 0 1 0 1 0 0 0 1 0 1 0 0 0 0 0 0 0 0 1 1 0 0 0 1 1 0 0 1 1 1 0 1 0 1 1 1 0 0 0 1 1 1 0 0 1 0 0 1 1 1 0 0 0 1
0 1 0 0 0 0 1 1 1 1 0 1 0 1 0 1 1 1 0 1 0 1 1 1 1 0 0 1 1 0 1 1 0 0 0 0 0 1 1 0 1 0 1 1 1 1 1 0 1 1 1 0 0 1 1 0
0 1 0 0 1 0 1 1 1 0 1 1 0 0 1 1 0 1 0 0 0 0 0 0 0 1 1 1 1 1 0 0 0 1 1 1 0 1 1 1 0 0 0 0 1 1 0 1 1 0 1 0 1 1 0 0
0 0 1 1 1 0 0 0 1 1 0 0 1 1 0 0 0 0 1 0 1 1 1 0 1 0 0 0 0 0 0 0 1 1 1 0 1 1 1 0 1 0 1 0 0 0 1 0 1 1 0 1 0 0 1 0
0 1 1 1 1 1 0 1 0 1 1 0 1 1 1 0 1 0 0 0 0 0 0 1 1 1 1 0 1 0 1 1 0 0 0 0 1 0 0 0 0 1 0 0 1 0 1 1 0 1 1 1 1 1 0 1
1 1 1 0 1 1 1 0 0 1 1 0 0 1 1 1 0 0 1 0 0 1 0 0 0 0 0 0 0 1 0 1 0 0 1 0 1 1 1 0 0 1 0 0 1 0 1 0 1 1 0 0 1 0 0 0
1 1 0 0 1 1 0 1 0 0 0 1 1 0 1 1 0 0 1 0 0 1 1 0 1 1 1 1 1 1 0 1 1 0 0 0 1 0 1 1 1 0 1 0 1 0 0 0 1 0 0 1 1 0 1 0
1 0 0 1 1 0 0 0 0 0 1 0 0 0 1 1 1 0 1 0 0 1 0 1 1 1 1 1 1 0 1 0 0 0 0 0 1 1 0 0 0 0 1 1 0 1 1 0 1 0 0 1 1 0 1 1
0 0 0 0 1 1 1 0 0 1 0 1 0 1 0 1 1 0 0 0 1 1 0 1 1 1 1 0 1 0 1 0 0 1 0 0 0 1 0 1 1 1 1 1 1 0 0 1 1 0 0 0 0 1 1 1
0 1 1 1 1 1 1 1 1 0 0 1 0 1 0 0 0 0 0 1 1 0 0 1 1 1 1 0 1 1 0 0 1 1 0 0 1 1 0 0 0 0 0 1 1 1 0 0 0 1 1 0 0 1 1 1
1 0 0 0 1 0 0 1 1 1 0 1 0 1 1 0 1 0 1 0 1 0 1 0 1 0 0 1 0 1 0 1 1 0 1 1 1 0 0 0 0 0 1 1 0 0 1 0 1 0 1 1 0 1 1 1
1 0 1 1 0 0 1 0 0 1 0 0 0 1 0 1 0 1 0 1 0 1 1 1 1 1 0 1 0 0 0 1 1 0 0 0 1 0 0 0 0 1 1 1 0 0 0 1 0 1 1 1 0 0 1 0
0 0 1 1 0 1 0 1 1 0 0 0 0 1 1 1 0 0 1 0 0 0 0 1 1 1 1 0 0 0 1 0 1 0 1 0 0 0 0 0 1 0 1 0 1 1 1 1 1 1 0 0 0 1 1 1
0 0 1 0 0 1 0 1 1 1 1 0 0 1 1 0 0 1 1 0 1 1 0 0 0 0 1 0 1 1 1 1 0 0 0 0 0 0 1 1 0 1 1 0 1 0 0 0 1 0 1 0 0 0 0 1
1 1 0 1 1 0 1 0 1 0 0 0 0 0 0 0 0 1 0 1 1 1 1 0 1 0 1 0 0 0 1 1 0 0 0 1 0 0 0 1 1 1 0 1 1 1 1 0 0 0 0 0 1 1 1 1
0 0 0 1 1 0 0 0 0 1 1 1 1 1 0 0 1 1 1 0 0 0 1 0 0 0 1 0 1 0 1 0 0 0 1 1 1 0 1 0 1 1 1 1 0 1 0 1 0 0 1 0 0 1 0 1
1 1 0 1 0 0 1 0 0 1 0 0 1 1 1 1 0 0 1 0 1 1 1 0 1 0 0 0 0 0 0 1 0 1 0 1 1 0 1 1 1 0 0 1 1 1 0 0 1 0 1 0 0 0 0 1
1 1 1 0 1 0 0 1 1 1 0 1 1 0 0 0 0 0 0 0 1 1 1 1 1 1 1 0 1 1 0 0 0 0 0 0 0 1 0 1 0 0 1 0 1 1 0 1 0 1 0 0 1 0 1 1
1 1 0 0 0 0 1 0 0 1 0 1 1 0 1 1 1 1 0 1 0 0 0 1 1 1 1 0 1 1 1 0 1 0 1 1 1 0 0 0 0 0 1 1 0 1 1 1 1 1 0 1 1 0 0 0
0 0 0 1 0 1 0 0 0 0 0 0 1 1 0 1 1 0 1 1 0 0 0 0 1 1 0 1 1 0 0 0 0 0 1 1 1 0 0 0 0 0 0 0 0 0 1 0 1 1 1 0 0 0 1 0
0 1 1 1 0 0 1 0 0 1 1 0 1 0 0 0 1 0 1 0 1 1 1 1 1 1 1 0 1 0 1 0 1 0 1 1 0 1 0 1 0 0 0 1 0 1 1 0 0 1 0 1 0 1 0 0
1 0 0 1 0 0 1 1 0 0 0 0 1 1 1 1 1 0 1 0 1 1 0 0 0 1 1 0 1 1 0 0 1 0 0 0 0 1 1 0 1 1 0 1 0 0 0 1 1 1 1 0 0 1 0 0
0 1 0 1 1 1 1 1 1 0 0 1 0 1 0 1 0 0 1 0 0 1 0 1 0 1 1 1 0 0 0 1 1 1 1 0 1 1 1 0 0 1 1 0 0 0 1 1 0 0 0 0 0 1 0 0
1 1 0 1 0 0 1 1 0 1 0 1 0 0 0 0 0 1 1 1 1 0 1 1 0 1 0 1 0 1 0 0 1 0 1 0 1 1 1 0 1 0 0 0 0 0 0 0 0 1 0 1 1 1 0 1
1 0 1 1 1 0 0 0 0 1 1 0 0 0 1 0 1 1 1 0 1 0 1 1 0 1 1 0 0 0 0 1 1 0 1 1 1 1 0 1 1 1 0 1 0 0 0 1 0 0 1 1 1 0 1 1
1 1 0 0 0 0 1 0 1 0 0 0 0 0 1 0 1 0 0 0 1 1 0 1 1 0 1 1 1 1 1 1 0 0 1 1 1 1 1 0 1 1 0 0 0 0 0 0 0 1 1 0 0 0 1 1
0 1 1 1 0 0 0 1 0 1 0 1 1 0 0 0 1 1 1 1 0 0 0 0 0 1 0 1 0 1 0 1 0 0 0 1 1 1 0 0 0 1 0 1 1 0 0 0 0 0 1 0 0 1 0 1
0 0 1 0 1 1 0 1 0 0 1 0 1 1 1 0 1 1 0 0 1 1 0 0 0 1 0 1 1 0 1 0 1 1 1 1 0 0 0 0 0 0 1 1 1 1 1 0 1 0 0 1 0 1 0 1
0 1 1 1 1 0 0 1 1 1 0 0 0 0 1 0 0 0 0 0 1 1 1 1 1 1 1 1 1 0 1 1 1 0 1 1 1 0 0 0 0 1 1 1 0 0 0 1 1 0 0 0 0 0 0 0
1 0 0 1 0 1 1 1 1 0 1 1 0 1 1 1 0 1 0 1 1 0 1 0 1 0 1 0 1 1 1 0 1 0 1 0 0 1 1 0 0 1 0 1 0 1 1 0 1 0 1 1 1 1 0 1
1 1 1 1 1 0 0 1 1 1 1 1 0 1 0 1 1 1 0 1 1 0 1 0 0 1 1 0 0 0 1 0 0 0 0 0 1 1 0 0 0 0 1 0 1 0 1 0 1 1 1 1 0 1 0 0
1 0 1 1 1 0 1 1 0 1 1 1 0 1 1 1 1 1 1 0 0 0 1 0 1 0 1 1 0 1 1 0 0 0 0 0 0 1 0 1 1 1 0 0 0 1 1 1 0 1 0 1 0 0 0 1
1 0 1 0 0 1 0 0 0 0 1 1 0 0 1 1 1 0 0 0 0 1 0 0 0 0 1 0 0 1 0 1 1 1 0 1 0 0 1 0 0 0 0 0 1 0 1 1 1 1 0 1 0 0 1 1
0 0 0 0 0 1 1 1 0 0 0 0 0 1 0 1 1 1 0 0 1 1 1 1 0 1 0 1 0 1 1 1 1 1 1 0 1 1 1 1 1 0 1 0 0 1 0 0 1 1 1 1 1 0 1 1
0 0 0 1 0 0 0 1 1 0 1 1 0 1 0 0 1 0 0 0 1 1 0 0 0 1 1 1 0 1 0 1 0 0 1 0 1 0 0 1 0 0 1 0 0 0 0 1 0 0 1 0 1 1 0 1
0 0 0 1 0 0 0 1 1 1 1 0 0 1 1 0 1 0 1 1 1 1 1 0 1 0 0 0 0 1 0 0 0 1 0 0 0 1 1 1 1 1 1 1 1 1 0 1 0 0 1 1 1 1 1 1
0 1 0 0 1 1 0 0 0 1 0 0 1 0 0 1 0 1 1 1 1 0 0 0 1 0 1 1 1 0 1 1 0 0 0 1 0 0 1 0 0 1 0 1 1 0 0 0 1 1 0 1 0 0 0 0
0 1 0 0 1 0 0 1 1 1 0 0 1 0 0 0 1 1 0 0 0 1 1 1 1 0 0 0 0 1 0 1 1 1 1 1 0 0 0 0 0 0 1 0 1 1 1 1 0 0 1 0 1 1 0 0
1 0 1 1 0 1 0 1 1 0 0 0 1 1 0 1 0 1 0 0 1 0 1 0 0 0 1 0 1 1 1 0 0 0 1 1 1 0 0 0 1 1 1 0 0 0 1 0 1 0 0 1 0 1 1 1
1 1 1 1 0 1 0 0 1 1 0 1 0 0 1 1 1 0 1 1 1 0 1 1 0 1 0 0 1 0 1 1 0 1 0 0 1 0 1 0 0 0 1 1 0 0 0 0 0 1 0 1 0 1 0 0
0 1 0 0 0 0 1 0 0 1 1 0 0 1 1 0 1 1 0 0 0 0 0 0 0 1 1 0 1 1 0 1 1 1 1 0 1 0 1 0 0 0 1 0 0 0 0 0 0 0 1 1 0 1 1 0
0 0 0 0 1 0 0 0 0 0 1 1 1 1 0 1 0 1 0 1 0 1 1 0 1 0 0 0 1 1 1 1 1 1 0 1 1 1 0 1 0 0 1 1 1 0 1 0 1 0 0 0 0 0 1 0
1 0 1 1 0 1 1 1 1 0 0 1 1 0 1 0 1 0 1 1 1 0 1 1 0 1 1 1 0 0 0 0 0 0 0 1 1 0 1 1 1 0 0 0 1 1 1 0 1 0 1 1 1 1 1 1
1 1 0 1 0 0 1 0 1 1 0 0 0 0 0 1 1 1 1 0 1 1 0 0 0 1 1 1 0 1 0 0 1 1 0 1 0 1 0 1 0 1 1 0 0 0 1 0 1 0 0 0 0 0 1 0
0 1 0 1 0 1 0 0 1 1 0 1 1 1 1 1 1 1 0 1 0 0 0 1 0 0 0 0 0 1 0 0 0 0 0 0 0 0 1 1 0 1 1 0 1 0 0 0 0 1 1 0 0 1 1 1
0 0 1 1 1 0 1 1 0 0 0 1 1 0 1 1 1 1 1 0 1 0 1 0 1 1 1 0 1 0 1 1 0 1 1 0 1 1 1 0 0 0 1 0 1 1 1 0 0 1 1 0 0 1 1 1
1 1 1 1 1 0 0 0 0 0 1 1 1 1 1 0 0 1 1 0 0 1 1 0 0 1 1 0 0 1 1 0 0 1 0 1 1 1 1 1 0 0 0 0 0 1 1 0 0 0 1 1 1 0 0 1
0 0 1 1 0 0 0 1 0 1 1 1 0 0 0 0 1 0 0 0 0 0 1 1 0 0 0 0 0 0 0 1 0 1 1 0 0 1 0 0 1 1 1 1 1 0 1 1 1 1 0 1 0 1 0 1
1 0 0 0 1 1 1 1 1 0 1 0 1 0 0 0 1 1 0 0 1 0 0 1 1 1 1 1 0 0 0 0 1 0 0 0 0 1 0 1 1 1 0 0 1 0 0 0 0 0 0 0 0 1 0 1
1 0 1 1 1 1 0 1 0 0 1 1 0 1 0 0 0 1 1 1 0 1 1 0 1 1 0 0 1 0 0 1 0 0 0 0 0 1 0 1 1 1 0 0 1 0 0 0 0 0 1 1 1 1 1 0
0 1 0 0 1 1 1 0 1 1 1 0 1 0 0 0 0 1 0 0 0 1 1 1 0 0 1 1 1 1 0 0 1 1 1 1 1 0 1 0 1 0 0 0 1 1 0 1 1 1 0 1 0 0 0 1
0 0 1 1 1 1 0 1 0 0 0 1 0 0 0 0 0 1 1 1 1 0 0 1 0 1 1 0 1 1 0 0 1 0 1 1 0 1 1 0 0 1 1 1 0 0 0 1 1 1 0 0 0 0 1 1
0 1 1 1 0 1 0 0 0 0 0 1 0 0 1 0 1 1 0 1 0 0 1 0 1 0 0 1 1 1 1 0 0 1 0 1 1 1 1 1 0 0 0 1 0 0 1 1 1 1 0 1 1 1 1 1
1 1 1 0 0 1 1 1 1 1 1 1 0 0 1 0 0 0 0 0 0 0 0 1 1 0 0 1 0 0 0 1 1 0 0 1 1 1 1 1 0 0 1 1 0 0 0 0 1 1 0 1 0 1 0 1
1 0 0 0 0 0 0 0 1 1 1 0 0 0 0 1 0 0 0 1 0 1 1 0 1 1 0 1 1 1 1 0 1 1 1 0 1 1 0 0 1 0 0 1 1 1 1 0 0 1 1 1 0 1 0 0
0 0 0 0 1 1 0 1 0 0 0 1 0 0 0 0 1 0 0 1 0 1 1 0 1 1 1 1 1 1 1 0 0 1 1 1 0 1 0 0 0 1 1 0 0 1 1 0 0 1 1 0 0 0 0 1
0 1 0 1 1 0 1 1 1 1 0 0 1 1 1 1 1 0 1 1 0 0 0 1 1 1 0 0 0 0 0 1 0 0 0 1 0 0 0 1 1 0 1 1 0 0 1 0 1 0 0 0 1 0 0 0
0 1 1 0 1 0 0 1 1 1 0 1 0 1 1 1 0 1 1 0 1 1 1 0 0 1 0 0 1 0 1 0 1 0 0 1 0 1 1 0 1 0 1 1 0 1 0 1 0 0 1 1 1 1 1 0
0 0 0 0 0 0 1 0 0 1 1 0 0 0 0 1 0 1 0 1 0 0 0 0 0 0 0 1 0 0 0 0 0 0 1 0 0 1 1 1 0 1 1 1 0 1 0 1 1 0 0 1 0 0 1 1
0 0 1 0 1 0 1 0 1 1 0 0 1 1 1 0 0 1 1 0 0 0 1 0 1 1 1 0 0 1 1 0 1 1 0 0 0 0 0 1 1 1 0 0 1 1 0 1 1 0 0 0 1 1 0 1
1 1 0 0 1 1 1 1 0 0 1 0 0 0 0 1 1 1 1 0 0 0 1 1 1 0 1 1 0 1 1 0 1 1 0 1 1 0 1 1 1 0 1 1 0 1 1 0 0 1 1 0 0 1 0 0
0 0 0 1 1 0 1 1 0 0 1 0 0 0 0 0 1 0 1 0 0 1 0 0 0 1 1 0 0 0 1 1 1 1 0 1 1 0 1 0 1 1 0 0 1 0 0 0 1 0 1 0 1 0 1 1
0 1 0 1 0 1 0 0 1 1 1 0 1 1 1 1 0 0 0 0 0 0 1 1 1 1 0 1 1 0 1 1 1 0 1 0 1 1 1 1 1 0 0 0 1 0 0 0 1 0 1 0 0 1 1 0
0 0 1 1 1 0 1 0 1 0 1 1 0 0 1 1 1 0 1 1 0 1 1 0 1 1 0 0 0 1 0 1 1 1 1 0 1 1 1 1 1 0 1 0 1 0 0 0 1 1 1 1 0 0 0 1
1 1 1 0 0 1 0 0 0 0 1 0 1 0 1 1 0 1 0 1 1 1 1 1 1 1 0 1 0 1 0 0 0 1 0 0 0 0 0 1 1 0 1 0 1 0 0 0 1 1 0 0 1 0 0 0
0 0 0 1 1 0 0 1 1 1 0 0 0 1 1 0 0 1 0 0 0 1 1 0 1 1 1 0 0 1 1 0 0 1 1 0 1 1 0 0 0 0 0 1 0 0 0 1 0 1 0 0 1 0 0 0
0 1 0 0 0 0 1 0 0 1 1 1 1 1 1 1 0 0 0 1 1 1 1 0 0 1 0 0 1 1 1 1 0 0 0 1 1 1 0 0 0 1 0 0 1 1 0 0 0 1 0 1 0 0 1 0
1 1 0 1 1 1 0 0 0 1 1 1 0 1 1 1 1 0 0 1 0 1 1 1 0 0 0 1 0 1 0 1 0 0 1 0 1 1 0 0 0 0 0 1 0 1 1 1 0 0 1 0 0 1 1 0
0 0 0 0 1 0 0 0 1 0 0 1 1 1 1 1 1 1 0 1 1 0 1 1 1 0 1 1 0 1 0 0 1 0 1 0 0 1 1 0 0 0 1 0 1 1 0 1 1 1 0 1 1 0 1 0
0 1 1 0 0 0 1 1 1 0 1 0 1 1 1 1 0 1 0 1 1 1 0 1 1 1 0 1 0 1 0 1 1 0 0 1 0 0 1 1 0 0 0 0 0 0 1 0 1 1 1 1 0 1 0 0
1 1 0 1 1 0 1 1 1 1 0 1 1 1 1 0 1 0 0 0 0 0 0 1 0 0 1 1 1 1 1 1 0 1 1 0 0 0 0 0 0 1 0 0 1 0 1 0 1 0 0 1 0 0 1 0
1 0 1 0 1 0 0 0 0 0 0 1 1 1 1 1 1 1 1 1 1 1 0 1 1 0 0 0 1 0 0 0 0 1 0 1 1 1 1 0 1 1 0 1 0 1 1 1 0 0 1 1 0 1 0 0
1 1 1 0 1 0 1 1 0 0 1 0 0 1 0 1 0 1 1 1 1 1 0 0 1 0 0 0 1 1 1 0 0 1 1 1 0 1 0 0 0 0 1 1 0 0 0 0 0 0 1 0 1 0 0 0
1 0 1 1 0 0 0 0 0 1 0 1 0 1 1 0 0 0 1 1 1 1 0 1 1 0 1 1 1 1 0 1 1 0 0 0 1 0 0 1 1 0 0 1 1 0 0 0 1 0 0 1 0 1 0 0
0 0 1 0 1 0 0 0 0 0 0 0 1 1 0 0 1 1 0 1 0 0 1 0 0 1 1 0 0 0 0 1 1 1 0 0 0 1 1 0 1 0 0 0 0 1 0 0 1 0 1 0 0 0 0 0
0 0 1 0 0 1 1 0 0 1 1 0 0 0 0 0 1 1 1 1 0 1 1 0 1 1 0 0 0 0 1 0 0 0 0 1 0 0 0 0 1 1 0 0 0 0 1 1 1 1 0 0 0 1 0 0
1 1 1 0 0 0 0 1 0 0 1 1 1 1 0 1 1 1 0 0 0 0 1 1 0 1 1 0 1 1 1 0 1 1 0 0 0 1 0 0 0 1 0 1 1 0 0 1 0 0 1 1 1 1 1 1
0 0 1 0 1 1 1 0 1 0 1 1 0 1 1 1 1 1 0 0 0 0 0 1 1 0 1 0 1 0 1 1 0 0 1 1 1 1 0 1 0 1 1 0 0 0 0 0 1 0 0 0 1 0 1 0
0 1 0 0 0 1 1 1 0 0 0 1 0 0 0 0 0 0 0 1 1 0 1 1 1 0 1 1 0 0 1 0 1 1 0 0 1 0 0 0 1 1 0 1 1 1 0 1 1 0 0 1 0 0 1 0
0 0 1 1 0 1 1 1 1 0 0 1 0 1 0 1 0 0 0 0 1 1 1 0 1 1 0 1 0 1 1 1 1 1 0 1 1 0 0 1 0 1 0 1 1 0 1 0 1 1 0 0 1 1 0 0
1 1 1 0 0 1 1 1 0 1 1 0 0 1 1 0 1 0 0 1 1 1 0 0 0 1 1 0 1 1 1 1 0 1 0 1 0 1 1 1 1 0 1 1 0 1 0 1 0 0 0 0 1 1 0 1
1 1 0 0 0 0 1 1 1 0 0 1 0 0 0 0 0 0 0 0 0 1 0 0 1 1 0 0 0 0 0 1 0 1 1 0 1 0 1 1 0 1 1 1 0 0 0 0 0 1 1 0 1 0 1 0
1 1 1 0 0 0 1 0 1 0 0 1 0 0 0 1 1 1 0 0 0 1 0 0 0 1 0 1 1 1 1 0 1 1 0 1 1 0 0 1 0 1 1 0 1 1 0 0 0 1 1 0 1 1 0 1
0 1 0 0 0 1 1 0 0 0 1 1 1 0 1 0 0 0 1 1 0 1 1 0 0 1 0 1 1 0 0 0 0 0 1 0 1 0 0 1 0 0 1 1 1 0 1 1 0 1 1 1 0 0 0 0
1 1 1 0 1 1 0 1 0 1 0 0 1 0 0 1 1 0 0 0 0 0 1 0 0 1 0 0 0 0 1 0 1 1 1 1 1 0 0 1 1 0 1 1 1 0 0 0 0 1 0 0 0 1 1 1
0 1 0 1 1 0 1 0 1 1 1 0 1 1 0 0 1 1 1 1 1 1 0 0 1 0 0 0 1 1 0 0 0 1 1 0 0 0 1 1 0 0 0 1 0 0 1 1 0 0 1 0 0 0 1 1
0 1 0 1 0 0 1 1 0 1 1 1 0 1 1 0 0 0 1 1 0 0 1 0 1 1 1 0 0 1 1 1 1 0 1 1 0 1 1 0 1 0 1 0 1 0 0 1 0 1 0 0 0 1 1 0
1 1 1 0 1 1 1 0 1 0 0 0 0 1 0 0 1 1 0 0 0 1 1 0 1 1 0 0 1 1 0 0 0 0 0 0 1 0 1 1 1 1 1 1 0 0 0 1 1 0 0 1 0 0 0 1
1 1 1 1 0 0 0 1 0 0 1 0 0 1 0 1 0 1 0 0 0 0 0 1 1 1 1 1 1 0 0 1 1 1 1 0 0 1 1 1 0 1 1 0 0 1 0 0 0 1 0 1 1 0 0 1
1 1 1 0 0 1 1 1 0 1 0 1 0 1 0 1 0 1 0 0 1 0 0 0 0 0 0 0 0 1 1 0 1 0 1 0 1 0 1 0 0 1 1 0 0 1 0 1 0 1 0 0 0 0 0 0
0 0 0 1 1 1 1 0 0 0 1 0 1 1 0 0 0 1 0 1 0 0 0 0 0 1 1 1 1 0 1 0 1 0 0 0 0 1 0 1 1 1 1 1 1 0 0 1 0 1 0 0 1 0 0 0
1 0 0 1 0 0 0 0 0 1 0 1 1 0 0 1 1 0 0 1 1 1 1 1 0 1 1 1 1 0 1 0 0 1 1 1 0 1 1 1 0 1 0 1 1 0 0 1 1 1 1 1 1 1 0 1
0 1 1 0 0 0 0 1 1 0 0 1 1 1 1 1 1 1 1 0 1 1 1 0 1 1 1 0 0 1 0 1 1 1 1 0 0 1 0 0 1 0 1 1 1 1 0 0 1 0 0 0 1 1 0 0
0 0 1 1 0 1 1 0 1 1 0 1 0 0 1 0 1 0 1 1 0 1 0 1 1 1 0 1 0 0 0 1 0 1 1 1 1 0 0 1 1 1 0 0 0 1 0 0 0 0 0 0 1 0 1 1
0 1 1 0 0 0 1 0 0 0 0 0 0 1 0 0 0 0 0 0 1 0 0 0 1 0 1 1 1 0 0 0 1 0 1 0 1 1 1 1 0 0 0 1 1 0 1 0 1 0 0 0 0 0 0 1
0 1 1 1 1 1 1 1 1 1 0 0 1 0 0 1 0 1 0 1 0 1 1 1 0 1 1 1 0 0 1 0 1 0 0 1 1 0 0 1 0 1 0 0 1 0 1 1 0 1 1 1 1 0 0 1
0 1 0 0 1 0 0 0 1 0 0 0 1 1 0 1 0 1 1 0 0 1 0 0 0 1 1 0 1 0 1 0 0 1 1 1 1 1 0 0 1 1 1 0 1 1 1 1 1 1 1 1 1 0 1 0
1 0 1 1 1 1 0 0 1 1 0 0 1 1 1 1 0 0 0 1 1 0 1 0 1 0 1 0 0 1 1 1 1 1 1 0 0 1 0 0 0 1 0 0 0 0 0 0 0 0 1 0 1 0 1 1
1 0 1 1 0 1 1 0 0 1 0 0 0 1 1 0 0 0 1 0 1 0 0 0 0 0 0 1 0 1 1 0 1 1 1 1 0 1 1 0 1 1 1 1 1 1 1 0 0 0 1 0 0 1 1 0
0 1 0 0 0 1 0 1 0 1 0 0 1 1 0 0 1 0 0 0 1 1 1 0 0 1 0 1 1 1 1 0 1 0 0 0 1 0 0 0 1 0 0 0 0 0 1 0 0 1 0 0 0 0 0 0
0 0 1 0 0 1 0 0 1 1 1 1 0 0 0 1 0 0 1 0 0 1 0 0 0 0 0 1 0 1 0 1 1 1 0 1 0 0 1 1 1 1 1 1 0 1 0 1 0 0 1 1 0 1 0 1
0 1 0 0 1 0 1 1 0 1 0 1 0 1 0 0 1 1 1 0 0 0 0 1 0 1 1 0 1 0 1 0 0 0 0 0 0 0 1 1 0 1 0 0 0 0 1 1 0 0 1 0 0 0 1 0
0 1 0 1 0 0 0 0 0 1 0 1 1 1 1 1 1 1 0 0 1 0 0 1 0 1 1 0 1 0 0 1 1 0 0 1 1 0 0 1 0 0 0 1 1 1 1 0 1 0 0 0 0 1 1 1
1 1 1 0 1 0 0 0 0 1 1 0 0 1 0 1 0 0 0 1 1 0 0 0 0 0 0 0 0 0 0 1 0 0 0 0 1 1 1 0 0 0 1 1 1 0 0 1 0 0 1 1 0 1 1 0
0 0 1 0 1 0 1 0 1 0 1 0 1 0 1 0 1 1 0 0 1 1 1 0 0 1 0 1 1 1 1 1 0 0 1 1 1 1 1 0 1 1 0 1 0 0 0 1 0 1 1 1 1 1 1 0
1 1 0 1 0 0 0 0 1 0 0 0 1 1 1 0 0 0 0 0 0 1 0 0 1 0 1 1 1 1 0 0 0 0 0 1 0 0 1 1 0 0 1 1 1 1 1 0 0 1 0 1 1 1 0 0
0 0 1 1 0 0 0 1 1 1 1 0 1 0 1 1 1 1 0 1 1 0 0 1 1 1 0 0 0 1 1 0 0 1 1 0 0 0 1 0 0 1 1 1 0 1 1 1 0 1 0 0 1 1 1 1
0 0 0 1 0 1 0 1 1 1 0 1 1 0 1 0 0 1 1 0 1 1 1 1 0 0 1 1 1 0 1 1 0 1 1 1 0 1 0 1 0 0 1 1 1 0 1 0 0 0 1 1 0 1 1 0
0 0 1 0 0 0 0 1 1 1 0 1 1 0 0 1 1 1 1 1 1 1 1 0 0 1 0 0 0 1 0 0 0 0 1 1 0 1 0 1 1 1 0 0 0 1 1 0 1 0 1 1 1 0 1 0
0 0 1 1 0 0 0 0 0 0 1 0 0 0 0 1 1 0 0 0 0 0 1 1 1 1 1 0 1 1 0 0 0 0 0 1 1 0 0 1 1 0 0 1 1 0 1 1 0 1 0 0 0 0 1 1
1 1 0 1 0 1 0 0 0 0 1 1 1 1 1 0 1 1 1 1 1 0 1 0 1 0 0 1 0 0 1 0 1 1 1 1 0 0 0 1 0 1 1 0 0 0 0 1 0 1 1 0 0 1 0 0
1 1 0 0 0 1 0 0 1 0 0 0 0 1 0 0 1 1 1 0 0 1 1 1 0 1 1 0 1 0 0 1 1 0 0 0 0 1 0 1 1 1 1 1 1 1 1 0 0 1 1 0 0 0 0 1
1 0 1 0 1 0 1 1 0 1 0 1 1 1 0 0 0 0 1 0 0 1 0 0 1 0 1 0 1 0 1 1 0 1 1 1 1 1 0 1 1 1 1 1 1 1 1 0 0 1 0 0 0 0 0 0
0 0 0 0 0 0 1 0 1 1 1 0 1 1 0 1 1 0 0 0 1 1 0 1 0 0 0 1 0 1 1 0 0 1 0 0 1 0 0 0 0 1 0 0 0 1 1 0 1 0 1 1 0 1 1 0
1 1 1 1 1 1 1 0 1 1 1 1 0 0 1 0 1 1 0 0 0 0 0 1 0 1 0 1 1 1 0 1 1 1 0 0 1 1 0 1 1 0 1 0 1 1 1 0 0 0 1 1 1 0 1 0
1 1 0 0 0 0 0 1 0 0 0 1 0 1 1 1 0 1 0 0 0 1 1 1 1 0 1 0 0 0 1 1 0 0 0 0 0 0 1 0 1 0 1 1 0 0 1 1 1 0 1 1 1 0 0 1
1 0 1 1 0 0 1 1 0 0 0 1 1 0 0 1 0 0 0 1 0 1 0 0 1 1 1 0 1 0 1 0 1 0 0 1 0 1 1 1 1 0 1 1 1 1 0 0 0 0 1 1 0 1 0 0
1 1 1 0 0 0 0 1 1 1 1 0 0 0 1 1 0 0 1 0 1 1 0 0 0 1 1 1 0 1 1 1 1 0 1 1 0 1 0 1 1 1 0 0 0 1 0 0 1 1 0 0 0 0 1 0
0 0 0 1 1 1 0 1 1 1 1 1 0 0 0 0 0 1 1 1 1 0 1 0 1 1 0 1 1 1 1 1 0 1 0 1 0 1 1 1 1 0 0 1 0 1 0 0 0 1 0 0 0 0 1 1
1 1 0 0 1 0 1 0 1 0 1 1 0 1 1 1 1 0 1 1 1 0 0 0 1 0 0 0 1 0 1 0 0 0 0 0 1 0 0 1 0 0 0 0 0 0 0 1 1 1 1 0 1 1 0 1
0 1 1 0 1 0 1 1 0 0 1 1 1 1 0 0 0 1 0 1 1 1 1 1 1 1 0 1 1 1 0 1 1 0 1 0 0 0 0 1 0 0 1 1 0 1 0 1 0 0 1 1 1 1 0 1
0 0 1 0 0 0 0 0 0 0 0 0 0 1 1 0 1 0 0 1 1 1 0 0 0 0 0 1 1 0 1 1 0 1 0 1 0 1 1 1 0 1 1 0 1 0 0 1 1 0 1 0 1 0 1 0
1 0 0 1 1 0 0 1 0 0 1 1 1 0 1 1 0 1 1 0 1 0 0 0 0 1 0 1 1 1 1 1 1 1 0 0 1 0 1 1 0 1 0 1 1 1 1 1 1 0 0 0 0 0 0 0
0 1 1 1 1 1 1 0 1 1 0 0 1 0 0 0 0 1 0 1 0 1 0 0 1 0 1 0 0 1 0 0 1 0 1 1 1 1 0 1 1 1 1 1 0 0 1 0 1 0 1 1 1 1 1 0
1 1 0 1 1 1 1 1 1 1 0 0 1 1 0 1 0 1 1 0 1 1 1 1 1 1 0 0 0 0 1 1 0 1 1 1 1 1 1 0 0 1 0 1 0 0 0 0 1 1 1 0 0 1 1 1
0 0 1 0 1 1 0 0 1 1 1 1 0 1 1 0 1 0 0 0 1 1 0 1 0 1 0 0 0 1 0 0 1 0 1 0 1 0 0 0 1 1 0 1 1 1 0 0 0 1 0 1 1 1 1 0
0 0 1 0 0 0 0 1 0 0 1 1 1 1 1 1 1 0 0 1 0 1 1 0 0 1 1 1 0 0 0 0 1 0 1 0 0 1 0 1 0 0 0 1 0 1 0 0 0 0 0 1 1 1 1 1
1 0 0 0 0 0 1 0 0 1 1 1 1 1 1 1 1 0 0 0 0 0 0 0 1 0 0 0 0 0 1 1 0 0 1 0 1 0 0 1 1 1 1 1 1 1 0 1 0 1 0 0 1 1 0 0
1 1 1 0 0 0 1 1 0 1 1 1 0 1 0 0 0 1 1 0 0 1 1 0 1 1 0 1 1 1 1 0 1 1 0 1 0 0 1 0 1 1 1 1 0 1 1 1 1 1 1 1 0 0 1 1
1 0 1 1 0 0 1 0 1 1 1 0 0 1 1 0 1 1 1 0 0 1 0 1 0 0 0 1 0 0 0 1 0 0 1 0 0 0 1 1 1 0 0 0 0 0 1 0 1 1 1 1 1 1 0 0
1 0 1 1 0 0 0 1 0 0 1 0 0 1 0 1 1 0 0 1 1 0 0 0 1 0 1 0 0 1 0 1 1 1 1 1 1 0 0 1 0 0 0 1 1 1 0 0 0 0 1 0 0 0 0 1
0 1 0 1 1 0 0 0 0 1 1 0 1 0 0 1 0 0 1 0 1 0 1 1 0 0 1 1 0 0 0 1 1 0 1 0 0 1 1 1 0 1 1 1 1 1 1 0 0 1 1 0 1 0 1 1
0 0 1 0 0 1 0 0 1 0 1 1 1 1 0 1 0 0 1 0 1 0 1 0 0 1 0 1 1 0 0 0 1 1 0 1 1 0 0 1 1 1 1 0 1 0 0 1 0 0 0 1 0 0 1 0
0 0 1 0 0 0 1 0 0 1 0 1 1 0 1 1 0 1 0 1 0 1 1 0 0 1 1 1 1 1 0 1 0 0 1 0 1 0 1 0 1 1 1 0 0 0 1 0 1 0 1 1 0 0 0 0
1 1 0 0 1 0 1 1 1 1 0 1 0 0 0 1 0 1 0 0 0 0 0 0 1 1 1 0 1 1 0 1 1 1 0 1 1 1 0 0 1 0 0 1 0 0 0 0 1 1 1 1 0 1 0 1
0 1 1 1 1 0 0 1 0 0 1 1 1 0 0 0 1 1 0 1 0 1 0 0 0 0 1 0 1 1 1 1 0 0 1 1 1 1 0 1 0 1 1 1 0 1 0 0 0 0 0 0 1 0 1 0
0 0 1 1 1 0 1 0 0 1 1 0 0 0 1 1 1 1 0 1 1 1 1 1 1 0 1 0 0 1 0 0 1 0 1 1 1 1 1 1 0 1 0 1 0 1 0 0 1 1 1 0 1 1 0 0
0 1 1 1 1 1 0 1 0 0 1 0 0 1 1 1 1 0 1 1 0 1 1 1 1 0 1 1 1 0 0 0 0 1 0 1 0 0 0 0 0 1 0 1 1 1 0 0 1 1 0 0 1 1 1 0
0 0 1 1 1 0 1 1 0 0 0 1 1 0 1 1 1 0 0 1 1 0 0 0 1 0 1 0 0 0 0 1 1 1 0 1 0 0 1 1 1 0 1 1 0 0 1 1 1 1 1 1 0 0 0 0
0 1 1 0 1 0 0 0 1 1 0 0 0 1 0 1 0 0 0 1 0 0 0 1 1 0 1 0 1 1 1 0 1 1 0 1 1 0 1 0 0 1 1 1 0 1 1 0 0 1 0 0 0 0 0 0
1 0 1 0 1 1 0 0 0 0 0 0 1 0 0 1 1 0 0 1 1 0 1 1 0 0 0 1 0 0 1 1 1 1 0 0 1 0 1 1 1 1 1 0 1 0 1 0 0 0 1 0 0 1 1 0
0 1 0 0 0 0 0 1 1 1 1 0 0 0 1 1 0 1 0 1 0 1 0 0 1 0 1 0 0 0 1 1 1 0 1 1 0 1 1 1 0 0 0 0 0 0 1 1 1 1 1 1 1 0 0 1
1 1 1 0 0 1 0 1 0 0 0 0 0 0 1 0 1 0 1 1 1 0 0 0 1 1 1 1 0 1 0 1 1 0 1 0 1 1 1 0 1 1 0 1 0 1 1 1 0 1 1 1 1 0 0 0
0 0 0 0 0 0 0 0 1 0 0 1 0 1 1 1 0 1 1 1 1 1 0 1 0 1 0 0 0 1 0 1 0 1 1 0 0 0 0 0 1 1 1 0 1 1 0 0 1 1 0 1 0 0 0 0
0 0 0 0 0 1 0 1 1 1 0 1 1 1 1 0 0 0 0 1 0 0 1 1 0 0 1 0 1 0 0 1 0 1 0 1 0 0 1 0 0 1 1 0 0 0 0 1 1 0 0 1 1 1 1 1
0 0 0 0 1 0 1 0 0 0 0 0 1 0 1 0 1 1 1 1 1 1 0 0 0 1 1 1 0 1 0 0 1 0 0 1 1 0 0 1 0 0 1 0 0 1 0 1 0 1 0 0 0 1 1 0
1 0 1 1 1 1 1 0 0 1 1 1 0 0 0 1 0 0 0 0 0 0 0 0 0 1 0 1 0 0 1 0 1 1 0 1 1 1 0 0 1 0 0 1 0 1 0 1 1 0 0 1 1 1 0 1
0 0 1 0 1 1 1 1 1 1 0 1 1 1 0 0 1 0 0 0 0 0 1 1 1 1 0 1 1 0 0 1 1 1 1 1 1 1 1 0 0 0 0 0 1 0 0 1 0 1 1 0 1 0 1 1
0 0 0 1 1 0 1 1 1 1 0 1 1 0 1 0 0 0 1 1 1 0 0 0 1 0 1 1 1 0 1 1 1 1 0 0 1 1 0 0 1 1 1 0 0 1 0 1 0 0 0 1 1 0 1 1
1 0 1 0 0 1 0 1 1 0 0 0 0 0 1 0 1 1 0 0 0 1 1 1 1 1 0 1 0 0 0 0 0 1 1 0 0 1 0 1 0 1 0 1 1 0 1 1 1 0 0 1 0 0 0 0
1 0 0 0 0 0 0 1 0 1 0 1 0 1 0 0 1 1 1 0 1 1 0 1 0 1 1 0 0 1 1 1 1 1 0 1 0 0 1 0 0 0 1 1 1 0 1 0 0 0 0 0 1 1 1 0
1 1 0 0 1 1 0 1 1 1 1 0 1 1 1 1 0 0 0 1 1 0 1 1 1 0 0 0 0 1 0 0 1 0 1 1 0 1 0 1 1 1 0 1 1 0 1 1 0 1 0 1 0 0 1 1
1 1 0 1 0 0 0 0 1 1 1 0 1 0 0 1 0 1 0 1 1 1 0 0 0 1 1 0 1 0 1 0 0 1 1 0 1 1 1 1 1 1 0 1 0 1 0 0 0 1 0 0 1 1 0 0
1 0 0 1 1 1 0 1 1 1 0 0 1 1 1 0 1 0 1 0 0 1 1 0 0 0 1 1 0 0 1 0 1 0 0 1 0 1 1 1 1 0 0 1 1 0 1 1 1 0 0 1 0 0 1 1
0 0 1 0 0 1 1 0 0 1 1 1 1 1 0 0 0 0 1 0 1 0 1 0 1 0 1 1 0 0 0 0 1 0 0 1 1 0 1 0 0 1 1 1 0 0 0 0 0 1 0 1 0 1 1 1
1 0 0 1 0 1 1 1 1 0 0 0 0 1 0 1 1 1 0 0 1 1 1 1 0 1 0 0 0 0 1 0 0 1 1 0 1 0 0 1 0 0 0 1 1 1 0 1 0 1 0 0 0 1 0 0
1 0 0 0 1 1 0 1 1 1 0 0 1 0 0 1 0 1 0 0 0 1 1 1 1 0 1 0 0 1 1 0 1 1 1 1 1 1 1 1 0 1 1 0 1 1 0 0 0 0 1 0 0 0 1 0
0 1 1 0 0 1 1 1 1 1 1 1 0 1 0 1 1 1 0 1 1 1 1 1 1 0 1 1 0 1 0 0 1 1 0 0 0 0 1 0 1 1 0 0 0 0 0 1 0 0 0 0 1 1 0 0
0 0 1 1 1 1 0 0 0 0 1 1 0 0 1 1 1 1 1 0 1 1 0 1 0 1 1 0 0 1 1 0 1 1 1 0 0 1 1 1 0 0 1 0 1 0 1 1 0 1 1 1 1 1 0 0
1 0 1 1 1 0 0 1 0 0 0 1 1 0 0 1 0 0 0 0 1 0 0 0 1 0 1 1 0 0 1 0 0 1 1 1 1 0 1 1 1 0 0 0 0 1 0 0 1 1 0 0 1 1 0 1
1 1 1 0 1 0 0 0 0 0 0 0 0 1 1 1 1 1 1 1 0 1 0 0 0 0 0 1 0 1 1 0 1 0 1 1 1 0 1 1 1 0 0 1 1 0 0 1 1 0 1 0 1 1 1 0
1 1 1 1 1 1 1 0 0 1 1 1 1 0 1 0 1 1 0 1 0 0 1 0 1 1 0 0 1 0 0 0 1 1 1 0 0 0 1 0 1 1 0 1 1 1 0 0 0 0 1 0 0 0 1 0
0 0 0 0 1 0 1 0 0 0 0 1 1 0 0 1 0 0 0 0 1 1 0 0 1 1 0 1 1 1 0 1 1 1 0 1 0 1 1 1 0 0 0 1 0 0 1 1 0 0 1 0 1 1 1 0
0 1 0 1 0 1 1 0 1 0 1 1 1 0 1 1 0 0 1 1 0 1 0 1 0 1 1 0 1 1 0 1 1 1 1 1 1 0 1 0 1 0 1 1 0 1 1 0 1 1 1 0 1 1 1 0
1 0 0 0 1 0 0 0 0 0 0 1 0 1 0 0 1 0 1 0 1 1 1 1 0 0 1 1 1 1 1 0 1 0 1 1 0 0 0 1 1 0 1 0 1 0 0 1 0 1 0 1 1 0 0 1
1 0 0 1 1 0 0 1 1 0 1 0 1 1 1 1 1 0 0 0 0 1 1 0 0 0 0 1 1 1 1 0 1 1 0 0 0 0 1 1 1 1 1 0 0 1 0 1 0 0 1 0 0 0 1 0
0 1 1 1 0 0 0 0 1 0 0 1 1 1 0 0 0 1 0 0 1 0 0 0 1 1 1 0 0 1 1 1 1 0 1 0 0 0 1 1 1 1 1 0 0 0 1 1 0 1 1 1 0 0 1 1
0 0 1 1 1 0 1 0 1 0 1 0 0 0 0 0 1 0 1 1 1 1 0 1 0 0 0 1 0 0 0 0 1 1 0 0 1 1 1 1 1 1 0 1 1 1 0 1 1 1 0 0 1 1 0 1
1 1 0 0 0 1 1 0 0 0 1 0 1 1 1 0 0 1 1 1 1 0 0 1 0 1 0 1 0 0 1 0 0 0 1 1 0 1 1 1 1 1 1 0 1 1 0 0 0 0 1 0 0 0 1 1
1 1 1 1 1 1 0 0 1 0 1 1 1 1 0 1 0 1 1 1 0 1 0 0 0 0 0 1 1 0 0 0 1 1 1 0 0 0 1 1 1 0 1 0 1 1 1 0 0 1 1 0 1 1 0 1
0 1 1 0 1 1 1 1 0 1 0 0 1 0 0 1 0 0 1 1 0 1 0 1 1 1 0 1 0 1 0 0 0 1 0 1 1 0 0 1 0 0 0 1 1 1 1 0 1 0 0 1 1 1 1 1
0 0 0 0 0 0 1 1 0 0 0 0 1 0 0 0 1 0 1 1 1 0 0 0 1 1 0 0 1 1 0 1 0 1 1 0 1 0 0 1 0 1 0 1 1 0 0 1 1 1 1 1 1 1 1 1
0 0 1 0 0 0 0 0 1 0 1 0 1 1 0 1 1 0 1 1 0 0 1 0 0 0 1 0 1 0 1 1 1 1 1 1 0 0 1 0 0 0 0 1 1 0 1 0 0 0 1 0 1 1 0 0
0 0 0 1 0 1 1 1 0 0 0 0 1 1 0 1 0 1 1 1 0 1 1 0 0 0 1 1 0 1 1 1 0 1 1 0 1 0 0 1 1 1 0 0 0 0 0 1 1 0 1 0 0 0 1 1
0 1 1 1 1 1 1 1 1 0 1 0 0 1 1 0 0 1 0 0 1 1 0 0 1 0 0 0 0 0 1 1 1 1 1 1 1 1 1 1 1 1 0 0 0 1 0 1 0 1 1 1 0 1 0 0
0 0 1 1 1 0 0 0 0 1 0 0 1 1 0 1 1 1 0 0 1 0 0 1 0 1 1 1 1 1 1 1 0 0 0 0 1 0 1 0 1 1 1 1 1 0 0 0 1 1 0 0 1 0 1 0
0 0 0 1 0 0 1 0 1 1 1 1 1 1 0 0 0 1 0 0 1 1 1 1 1 1 1 0 1 0 0 1 1 1 0 0 1 0 1 1 0 1 0 0 0 1 1 0 1 0 0 1 1 0 1 0
1 0 0 1 1 1 1 1 1 0 1 1 1 0 1 1 0 0 1 1 0 1 1 1 1 1 0 0 1 1 1 0 0 0 1 1 0 1 0 0 1 0 0 0 1 0 0 1 1 1 0 0 1 1 0 1
1 1 0 1 0 1 1 0 0 0 0 1 1 1 1 1 0 1 1 0 0 0 0 0 0 0 1 1 0 0 0 1 1 0 1 1 0 1 1 0 1 0 1 1 1 1 0 0 1 0 0 1 0 1 1 1
1 0 0 1 1 0 1 0 1 0 0 0 0 1 1 0 0 1 0 1 1 1 0 0 1 1 0 0 1 1 0 1 0 1 0 0 1 0 1 0 1 1 1 0 0 0 1 0 0 1 0 0 1 1 0 1
1 0 0 1 1 0 0 1 1 1 1 1 0 0 0 0 0 1 1 1 1 1 1 0 1 1 0 1 0 0 1 0 1 0 1 0 0 0 0 0 0 1 0 0 0 1 0 0 1 0 1 0 0 0 0 1
0 0 1 1 1 1 0 0 0 1 0 1 1 0 0 0 1 0 1 1 1 0 1 1 1 1 1 0 0 1 1 1 0 1 1 0 0 0 1 1 0 1 1 0 1 0 0 1 0 0 0 0 1 1 1 0
1 1 0 0 1 1 0 1 0 0 0 0 0 1 1 0 0 1 0 1 0 0 0 0 1 0 0 1 1 1 0 0 1 1 0 0 0 1 1 0 1 1 0 0 1 0 0 1 1 1 1 1 0 1 1 0
0 0 0 1 0 0 0 1 1 0 0 0 0 1 1 1 0 1 1 1 0 0 1 1 0 0 0 1 0 0 1 0 0 0 0 1 0 0 0 1 0 1 0 1 0 0 0 0 1 0 0 1 0 1 0 0
1 0 0 1 0 0 1 0 1 0 1 0 1 1 0 1 0 0 1 0 0 1 0 0 1 0 0 1 0 1 0 0 1 0 1 1 0 0 0 0 1 0 0 1 0 1 0 1 0 0 0 1 1 0 0 0
1 0 0 1 1 1 1 1 0 1 1 1 1 0 0 0 1 0 1 0 0 1 1 1 1 0 0 1 1 1 0 1 0 0 0 1 1 1 0 1 0 0 1 0 0 0 0 0 1 1 1 0 0 0 0 0
0 1 0 0 1 0 0 1 0 1 0 1 0 0 1 0 0 0 1 0 0 1 1 1 1 0 0 1 1 1 0 1 1 1 0 1 1 0 1 0 1 1 0 1 1 1 1 0 0 1 1 1 0 1 0 0
1 0 1 0 1 1 1 0 1 1 1 1 1 0 0 1 1 1 0 1 0 1 1 1 0 0 1 0 0 0 1 0 0 1 0 1 0 1 0 0 1 0 1 1 1 0 1 1 0 0 1 1 0 0 1 0
1 0 1 1 0 1 0 0 1 1 0 1 1 0 0 0 1 1 1 1 0 1 0 1 1 0 1 0 0 0 1 0 1 0 0 1 1 1 1 0 0 1 1 1 1 0 0 1 1 1 1 0 1 0 0 1
1 0 1 0 1 0 0 1 0 1 1 1 0 0 0 1 0 1 1 1 1 1 1 1 1 0 1 1 1 1 1 1 1 0 0 1 0 1 0 0 0 0 0 0 1 1 1 1 1 1 1 1 1 0 1 1
1 1 0 0 1 0 1 0 1 0 0 1 0 0 1 0 0 1 1 1 1 0 1 1 1 1 0 1 0 1 0 0 0 0 1 1 0 1 1 1 1 1 1 1 1 0 0 0 1 1 1 1 1 1 0 0
0 1 0 0 1 1 1 0 1 0 0 1 1 1 1 0 1 1 1 0 1 0 1 1 0 0 0 1 0 0 0 1 1 1 0 1 0 1 0 1 0 0 0 1 1 1 0 1 1 1 0 1 0 1 0 0
1 1 0 0 0 1 1 1 1 1 1 1 1 1 0 0 0 1 0 0 1 1 1 1 0 0 0 0 0 0 1 1 1 0 1 0 0 1 0 0 0 0 1 1 0 0 0 0 1 0 1 1 0 0 0 0
0 1 0 0 1 0 1 1 1 0 0 0 0 1 0 1 0 1 0 0 1 0 1 1 0 0 0 0 1 0 0 0 0 1 1 0 1 0 0 0 1 1 0 1 0 0 1 1 1 1 1 1 1 1 1 0
1 1 0 0 1 0 0 0 0 1 0 0 0 1 0 0 0 0 1 0 1 0 1 1 0 1 1 0 0 0 0 0 1 1 0 1 0 0 1 0 0 1 0 0 0 1 1 1 0 1 1 1 0 1 0 1
1 1 0 1 0 1 1 0 1 0 1 0 0 0 0 0 1 1 0 1 0 0 1 1 0 1 0 1 0 0 1 1 0 0 1 1 0 0 1 0 0 1 1 0 0 0 1 0 1 0 1 0 1 0 0 1
1 0 1 1 0 0 0 0 0 0 1 1 1 0 1 0 0 0 0 1 0 1 1 0 1 0 0 1 1 0 0 1 1 0 0 0 0 1 1 0 1 1 0 1 0 1 0 1 0 1 1 1 1 1 1 1
0 0 1 0 1 1 1 0 1 1 0 1 0 0 1 1 1 0 1 0 1 1 1 0 0 1 1 0 0 1 0 1 0 1 1 0 0 0 1 0 0 0 0 1 0 1 0 0 1 0 0 0 0 0 1 0
1 0 1 0 0 1 1 1 0 1 1 0 0 0 0 1 1 1 1 1 1 0 1 1 0 0 0 1 1 0 0 1 1 0 0 1 1 0 0 1 0 1 1 0 1 0 0 0 1 0 0 0 1 0 0 0
0 1 1 0 0 1 0 0 1 1 0 0 0 0 1 1 1 1 1 1 1 1 0 0 0 0 0 0 0 0 0 1 1 1 0 1 1 1 0 0 1 1 0 1 1 0 1 1 1 1 1 0 0 1 1 0
0 0 0 1 1 1 0 0 1 0 0 0 0 0 1 1 0 0 0 0 0 1 1 0 1 1 0 0 1 1 0 0 0 1 1 1 0 0 0 1 0 1 0 0 1 0 1 0 0 0 1 0 0 1 1 1
0 0 0 0 0 1 0 1 0 0 1 1 0 1 1 1 1 1 0 0 0 0 0 0 1 1 1 1 0 0 1 0 1 0 0 0 1 1 1 1 1 1 0 1 0 0 1 0 0 0 1 1 0 1 1 0
0 1 0 0 1 0 1 0 1 1 1 1 1 1 1 1 1 0 0 0 1 1 1 0 0 0 1 0 0 0 1 0 0 1 1 0 1 1 0 1 1 0 0 0 1 1 0 0 1 1 1 1 0 1 1 0
0 0 0 0 0 0 0 0 1 1 1 0 1 0 1 0 1 0 1 1 1 0 1 1 1 0 0 1 0 0 1 1 0 0 0 1 1 0 0 1 1 0 0 1 1 0 1 1 0 1 1 0 1 1 1 0
0 1 0 1 1 1 1 0 0 1 0 1 1 1 0 1 1 0 0 1 0 1 1 0 0 0 0 0 1 0 0 1 1 0 1 1 0 0 0 0 1 1 1 0 1 0 1 0 0 0 1 1 1 0 1 1
0 0 0 0 0 1 1 1 0 0 1 1 1 1 0 0 1 1 0 1 1 1 0 0 0 0 0 0 0 0 1 1 0 0 0 0 0 0 1 0 1 1 0 1 0 1 1 0 0 1 1 0 1 1 1 1
1 0 1 0 1 1 0 0 1 1 0 1 1 1 1 1 0 0 1 0 0 1 0 1 0 0 0 1 1 0 0 0 0 0 1 0 0 1 0 1 1 0 1 0 0 1 1 1 1 0 1 0 1 1 1 1
1 0 0 0 0 1 1 1 0 1 1 0 1 1 1 1 0 0 1 0 0 0 0 0 0 0 0 0 1 0 1 0 1 1 1 1 1 1 0 0 1 1 0 1 1 1 0 0 1 1 1 1 1 0 0 1
1 1 0 1 0 0 0 1 0 0 1 1 1 1 0 1 1 1 0 1 1 1 0 1 1 0 1 0 1 0 0 0 1 0 1 0 1 0 0 0 1 1 1 0 1 0 0 0 1 1 0 0 0 0 1 0
1 0 0 0 1 1 0 0 0 0 0 0 1 1 0 1 0 1 1 1 1 0 1 1 1 1 1 0 1 1 0 0 0 0 0 0 0 0 1 1 1 0 1 1 1 0 1 1 0 0 1 1 0 1 0 1
1 0 0 1 0 1 0 1 1 0 1 1 0 1 1 1 1 0 1 0 0 0 0 1 0 0 1 1 0 1 1 0 0 1 0 1 1 0 0 0 0 1 1 0 1 0 0 1 1 0 0 0 0 1 0 1
1 1 0 0 0 0 1 1 1 1 0 0 1 1 1 1 1 0 0 1 0 0 1 0 1 0 0 1 0 1 1 1 1 0 0 1 1 1 1 0 1 1 0 0 0 1 0 1 1 0 0 0 1 1 0 1
0 0 1 0 1 1 1 1 0 0 1 0 0 0 1 0 0 1 1 0 0 0 0 1 1 1 0 1 1 1 0 0 1 0 1 0 1 1 0 0 1 1 1 1 0 1 0 0 1 0 0 0 0 0 1 0
1 1 1 1 1 0 0 1 1 0 0 1 0 1 0 0 1 0 1 1 0 1 1 1 1 0 0 0 1 0 1 1 1 1 0 1 0 1 1 1 0 1 1 0 0 0 1 1 0 1 1 1 1 0 0 0
0 0 1 1 0 1 1 1 1 0 0 1 1 1 0 1 1 1 1 1 1 1 0 0 1 1 1 1 0 1 1 0 1 1 0 0 0 0 0 0 1 0 0 0 1 1 1 1 0 0 1 0 0 1 0 1
0 0 0 0 0 0 1 0 1 1 1 0 1 1 1 0 1 0 0 0 1 1 0 1 1 1 1 1 0 0 1 1 1 1 1 0 0 1 1 0 1 1 0 0 1 1 1 1 0 0 1 1 0 1 0 1
1 0 1 0 0 0 1 0 0 0 1 1 0 1 0 0 0 0 0 0 1 1 1 0 0 1 1 0 0 1 1 0 0 0 1 0 1 1 1 0 1 0 1 1 1 1 1 1 1 0 1 0 1 0 1 0
0 1 0 0 1 1 1 1 1 0 1 1 1 0 1 0 1 0 0 1 0 1 0 1 1 1 0 1 0 0 1 0 1 1 0 1 0 1 0 1 1 0 1 0 0 1 0 1 1 1 1 1 1 0 0 1
0 0 1 1 1 1 0 1 1 0 1 1 0 1 0 0 0 0 0 1 0 0 0 1 0 0 0 1 0 0 1 0 1 0 1 1 1 1 0 0 1 1 0 0 1 1 1 1 1 0 0 1 1 0 0 0
1 0 1 1 0 0 0 1 0 0 0 0 0 0 0 0 1 1 0 1 1 0 0 0 1 0 0 0 0 1 0 0 0 1 0 1 0 1 0 0 0 1 0 0 1 1 1 0 1 1 0 0 0 0 0 0
0 0 1 0 1 0 1 0 0 1 0 1 0 1 0 0 0 1 0 1 1 0 0 1 0 0 0 1 1 0 1 1 0 1 1 1 1 0 1 0 0 1 0 0 1 0 0 0 1 0 1 1 1 1 1 1
1 1 0 1 0 0 1 1 0 1 0 0 1 1 1 0 0 1 0 1 0 1 0 1 0 0 1 1 1 0 0 0 1 0 0 1 1 1 1 0 0 1 0 1 0 0 0 1 0 0 0 0 1 1 1 0
0 0 1 1 0 1 0 1 0 1 0 0 0 1 0 0 0 0 0 1 1 1 0 1 1 0 0 1 1 0 0 0 0 1 0 0 1 0 0 1 1 1 1 0 0 1 1 0 1 1 1 1 0 1 0 1
0 1 0 0 1 1 0 0 0 0 0 0 0 0 1 0 1 1 0 1 1 0 1 1 0 1 1 0 0 1 1 1 1 0 0 0 0 0 0 0 0 0 1 1 1 0 0 1 0 0 0 0 0 0 0 0
0 1 0 1 1 0 1 1 0 1 1 1 0 0 1 1 0 0 1 1 0 0 0 1 0 0 0 0 0 0 1 0 1 0 1 0 1 0 0 0 1 1 0 1 0 0 1 1 0 0 1 0 0 0 1 0
0 0 0 0 1 0 1 1 0 0 1 1 0 1 1 0 1 1 1 0 1 0 0 1 1 1 1 0 1 1 0 1 0 0 0 1 0 1 0 0 1 1 1 0 1 1 1 0 1 0 1 1 1 0 1 1
1 1 0 1 1 0 0 1 1 0 1 1 0 1 1 0 0 0 1 0 1 1 1 1 0 0 1 0 1 0 0 0 0 0 1 0 0 1 1 1 1 1 1 1 0 0 1 0 1 0 0 0 1 0 0 0
0 0 1 0 0 1 1 0 1 1 0 1 0 1 0 1 0 0 0 0 1 0 0 1 1 1 0 0 0 0 0 1 1 1 1 0 0 0 0 1 0 0 1 1 0 1 1 0 1 0 1 0 0 0 1 0
0 1 1 0 0 1 1 1 1 0 1 1 0 1 1 1 0 0 0 1 1 0 0 1 0 0 1 1 1 0 1 1 0 0 1 1 0 0 0 1 1 1 1 0 1 1 1 0 0 1 0 0 1 1 1 1
0 1 0 0 0 1 0 1 0 0 1 0 0 0 1 1 0 0 1 1 0 0 1 0 0 1 1 1 1 1 0 1 1 1 0 1 1 1 0 1 0 0 1 0 0 1 1 0 0 1 1 0 1 1 1 1
0 0 0 1 0 1 0 1 1 0 0 0 0 0 0 0 1 1 1 0 1 1 0 1 1 0 1 0 1 0 0 1 0 1 0 0 1 0 1 0 0 0 0 1 0 1 1 0 1 0 1 0 1 0 0 0
1 0 0 1 1 0 1 0 1 0 1 1 0 0 1 0 0 1 0 0 0 1 1 1 0 1 1 0 0 0 0 1 1 0 0 0 0 1 1 1 1 0 1 1 0 1 1 1 0 0 0 0 0 1 1 1
1 1 0 0 0 0 0 1 0 0 1 1 1 0 0 0 0 1 0 1 1 0 1 1 1 1 1 0 0 1 0 1 1 0 0 1 1 1 1 0 0 0 1 0 0 1 0 0 1 0 0 0 1 0 0 0
1 1 1 0 1 1 1 1 1 1 1 1 1 1 0 1 0 0 1 1 0 1 0 1 0 1 1 1 1 0 0 1 0 1 0 1 0 1 0 0 1 1 0 0 0 1 0 0 1 1 1 1 0 1 1 1
0 0 0 0 1 0 1 1 0 0 0 0 0 1 0 1 1 1 0 0 0 1 1 1 0 1 0 0 1 0 0 0 1 0 1 1 0 1 1 1 1 1 0 0 1 0 1 0 1 1 0 0 1 1 0 1
1 1 0 1 1 0 0 1 1 0 1 0 1 1 0 1 1 0 0 0 1 1 0 1 0 0 0 0 1 0 0 1 0 0 0 1 0 1 0 0 0 0 0 1 1 1 1 0 0 1 1 1 0 0 0 1
0 1 1 0 0 1 0 1 0 0 0 1 0 0 0 0 0 0 0 0 0 0 1 0 1 0 1 0 0 0 0 1 0 0 1 1 0 0 0 1 1 1 0 0 0 1 0 1 1 1 0 0 1 0 0 1
1 0 0 1 0 1 0 0 1 0 0 0 1 1 0 0 1 0 1 1 1 0 1 0 1 1 1 1 1 1 0 1 0 0 0 0 0 0 0 0 1 0 0 0 0 0 1 1 0 0 0 1 1 1 1 0
0 1 0 1 0 0 1 1 0 0 1 1 0 0 0 0 1 0 1 0 1 1 1 1 1 0 0 0 1 1 1 1 1 1 1 0 1 0 1 0 1 0 1 1 1 0 0 1 0 1 1 0 1 0 1 1
1 1 0 1 0 0 1 1 1 0 0 0 0 1 1 0 1 0 1 1 0 1 0 0 0 1 1 0 1 0 1 0 0 1 1 0 1 0 0 0 0 1 1 0 1 1 1 1 0 0 0 1 0 1 1 0
1 0 1 1 0 1 1 0 0 1 0 1 0 1 1 1 0 1 1 1 1 0 1 1 1 1 1 0 1 1 1 0 0 1 0 0 0 1 1 0 1 1 0 1 1 1 0 0 1 0 0 1 0 1 0 0
1 1 0 0 1 1 0 1 0 0 1 1 1 0 1 1 0 0 0 0 1 0 0 0 0 1 0 0 1 1 1 1 0 0 1 1 0 1 0 0 1 1 0 0 0 1 0 0 0 1 1 0 0 0 0 1
1 0 0 1 0 1 1 0 1 1 0 0 1 1 0 1 1 0 1 1 0 0 1 1 0 1 0 0 1 1 1 1 0 1 1 1 0 1 0 1 1 1 0 1 0 1 1 1 0 0 0 1 0 0 1 1
0 0 0 0 0 0 1 1 0 0 1 1 1 0 0 1 0 0 1 0 1 0 1 0 0 0 1 1 0 1 0 0 1 0 0 1 0 1 0 0 1 1 1 1 1 0 1 0 1 0 1 1 1 1 0 0
0 0 1 1 0 0 1 0 0 0 1 1 0 0 0 0 1 1 1 1 0 1 0 0 1 0 1 1 1 0 0 0 1 1 1 1 1 1 1 0 0 1 1 0 1 0 1 1 0 0 1 1 1 0 1 0
1 0 0 1 1 0 1 1 0 1 1 0 0 1 1 0 0 0 1 1 1 0 1 0 0 1 0 1 0 0 1 1 0 1 0 1 1 0 1 1 1 1 0 1 0 0 1 0 0 0 1 1 0 0 0 0
1 0 1 0 0 0 0 1 1 1 1 0 0 0 1 1 1 1 0 0 0 0 1 0 0 0 0 1 0 1 0 0 0 1 1 1 0 0 1 0 0 0 0 0 1 0 0 1 0 1 1 1 1 1 0 1
0 0 1 0 0 0 0 1 0 1 1 0 0 0 0 0 1 1 0 0 0 1 0 0 1 0 0 0 1 0 0 0 1 0 0 0 1 1 1 0 0 1 0 0 0 1 0 1 0 1 0 1 0 0 1 1
0 0 1 1 1 0 1 1 1 1 1 0 0 1 1 1 0 1 0 0 0 1 0 0 1 1 1 1 1 0 0 1 1 0 1 1 0 0 0 1 1 0 1 1 1 1 0 0 1 0 1 1 1 1 1 0
0 0 0 1 1 0 0 0 1 1 0 1 0 0 0 0 1 1 1 0 0 0 1 0 0 1 0 1 1 0 1 0 0 1 0 0 1 0 0 0 0 0 1 1 1 0 0 1 1 0 1 1 0 0 0 1
1 1 0 0 0 0 0 0 1 1 0 0 0 0 1 1 0 1 1 1 1 0 1 0 1 0 0 1 1 0 0 0 1 0 0 1 1 0 1 1 1 1 1 0 0 1 0 0 0 0 1 0 1 0 1 0
1 1 1 1 0 0 0 0 0 1 1 0 1 1 1 0 0 0 1 0 1 0 1 0 1 1 0 0 1 0 1 0 0 0 0 0 1 1 1 1 1 1 1 1 0 1 1 0 0 1 0 1 1 1 1 1
0 1 1 1 0 0 1 0 1 0 1 1 0 1 1 1 0 1 1 1 1 0 1 0 0 0 1 1 0 1 0 0 0 1 0 0 0 0 1 0 0 1 0 1 0 1 1 0 0 1 0 0 0 0 1 0
0 1 0 1 1 1 0 1 1 0 0 1 0 1 0 0 0 0 0 1 1 1 0 0 1 0 0 0 1 0 0 1 1 0 1 0 1 0 1 1 1 1 0 1 0 1 0 0 0 0 0 1 0 0 0 0
0 0 0 1 1 0 1 1 1 0 0 1 0 0 1 1 1 0 0 0 1 1 1 0 0 0 0 1 0 0 0 0 1 0 1 1 1 0 1 0 1 1 1 0 1 0 1 1 0 0 1 0 0 1 0 0
1 0 1 1 0 1 1 0 1 0 1 0 1 0 0 0 1 1 0 1 0 1 0 1 0 0 0 0 0 1 1 0 1 0 1 0 1 0 0 0 1 1 1 0 1 1 1 1 0 0 0 1 1 1 0 1
0 1 1 1 0 0 0 0 0 0 0 0 1 1 1 1 0 0 1 0 0 0 0 1 1 0 0 1 1 1 1 1 1 1 0 0 1 1 0 1 0 1 1 0 0 1 0 0 1 1 0 1 0 0 0 1
1 0 1 0 0 1 0 0 1 0 0 1 1 0 1 0 0 1 0 0 0 0 1 0 1 0 1 0 1 0 0 1 1 0 0 1 1 1 0 0 1 0 0 0 0 0 1 0 0 1 0 0 1 0 0 0
1 1 1 0 0 0 1 1 1 1 1 0 1 1 1 1 1 1 0 1 1 1 1 0 0 1 0 1 1 0 0 1 0 0 1 1 1 0 0 0 1 0 1 1 1 0 1 0 1 1 0 1 1 0 1 1
1 1 0 0 1 0 1 0 1 0 0 1 1 0 1 0 0 0 1 0 1 1 1 1 1 1 1 0 0 1 0 0 1 1 0 0 1 1 0 0 0 1 1 0 1 0 1 1 1 0 1 1 0 0 0 1
1 0 1 0 1 1 1 1 0 1 0 1 0 1 1 0 1 1 1 0 1 1 0 0 1 1 1 1 1 0 0 1 1 0 1 0 1 0 1 1 1 1 0 1 0 1 1 1 1 1 1 0 0 0 1 1
0 1 0 1 0 0 0 0 0 1 0 0 0 0 1 0 0 0 1 1 1 1 1 1 0 0 1 1 0 1 1 0 1 1 0 0 1 0 1 1 1 0 1 0 0 0 1 1 1 1 0 0 1 0 0 1
1 0 0 0 1 1 0 0 1 1 0 1 1 1 0 1 1 1 0 0 1 0 0 0 1 1 0 1 0 1 1 0 1 0 0 1 0 1 0 1 0 0 1 1 0 1 1 0 1 0 0 0 1 1 0 0
1 1 1 0 0 1 1 1 0 0 1 0 0 1 0 0 1 0 1 0 1 1 0 0 1 0 1 0 1 0 0 1 1 1 1 1 1 0 0 0 0 0 0 0 0 1 1 1 0 0 0 0 1 1 1 1
1 0 1 0 1 0 0 0 0 1 0 1 1 1 0 0 1 0 0 1 0 0 0 0 1 1 0 1 1 1 0 0 0 0 0 0 0 0 1 1 0 1 1 1 1 1 1 0 1 1 1 1 1 0 0 1
0 1 0 1 1 0 1 0 0 1 0 1 0 1 0 1 0 0 1 1 0 1 0 0 1 0 1 1 0 1 1 0 0 1 0 1 1 1 1 0 0 1 1 0 1 1 0 1 1 0 1 0 1 0 0 0
0 1 1 1 1 1 1 0 1 1 0 1 0 0 0 0 1 1 0 1 1 0 1 1 0 0 0 1 0 1 1 1 0 0 1 0 1 1 0 1 1 1 0 0 1 0 1 1 1 1 0 0 0 0 1 1
1 1 1 1 1 1 1 1 1 0 1 0 1 1 1 0 0 1 1 1 0 0 0 1 1 1 1 1 0 1 0 1 0 0 1 1 1 0 0 0 1 0 0 1 1 0 0 1 0 1 0 0 0 1 1 0
1 0 1 1 1 0 1 1 0 0 1 1 0 1 0 0 1 1 0 1 0 1 1 1 1 1 0 0 1 0 1 0 0 0 1 1 0 0 1 1 0 0 0 0 0 1 1 0 1 0 0 1 0 0 1 1
0 1 0 0 0 1 0 0 1 1 1 0 0 1 0 0 1 1 1 0 1 0 0 0 1 0 0 1 0 1 1 0 0 0 1 0 1 0 0 0 1 0 0 0 1 1 1 0 1 1 1 1 0 1 0 1
1 0 1 0 0 1 0 1 1 1 0 1 1 0 1 0 0 1 0 1 1 1 0 0 0 1 1 1 1 0 1 1 1 1 0 0 1 0 1 0 1 0 1 0 1 0 0 1 1 1 1 0 0 1 0 0
1 1 0 0 1 0 1 0 1 1 1 1 0 1 0 1 0 0 0 1 0 0 1 0 0 1 1 0 0 1 1 0 1 0 0 0 1 0 1 1 1 1 1 1 0 0 0 0 1 0 1 1 0 0 1 1
0 1 0 1 1 1 0 1 0 1 0 0 1 0 1 1 0 1 0 0 1 0 1 0 1 1 0 1 1 1 0 1 0 0 1 1 0 1 1 1 1 0 1 0 0 0 1 0 0 1 1 1 0 0 0 1
1 0 0 0 1 0 0 1 0 1 0 1 0 1 0 1 0 0 0 1 1 0 0 0 1 1 0 0 0 0 0 1 0 1 1 1 1 1 0 0 1 0 0 1 1 0 1 1 1 0 0 0 1 0 1 0
0 0 1 1 0 0 1 0 1 1 0 0 1 0 0 1 1 1 0 1 0 1 0 0 0 0 0 0 1 0 1 1 0 1 1 1 0 1 0 0 1 1 1 0 1 1 0 1 1 1 0 0 0 0 0 1
0 1 0 1 0 1 1 1 1 0 0 1 1 0 0 1 1 1 1 0 1 1 0 1 1 1 0 0 1 0 0 0 0 0 0 1 0 1 0 0 1 1 0 0 0 1 0 1 0 1 0 1 1 1 1 0
1 1 0 0 1 1 0 1 1 1 0 1 1 0 0 0 1 0 1 0 0 1 0 0 0 0 0 1 1 1 0 0 1 0 1 0 1 1 1 1 0 1 0 1 0 1 0 0 1 0 1 1 1 1 0 0
1 0 0 0 1 1 0 0 1 1 0 0 1 1 1 1 0 0 1 0 1 1 0 1 1 1 1 1 1 0 1 1 1 0 1 1 1 1 1 1 0 0 1 0 1 1 1 0 0 0 0 1 1 1 0 1
1 0 0 1 1 1 0 0 0 0 0 0 0 0 1 1 0 0 0 0 0 0 0 1 1 1 1 0 1 0 1 0 1 1 1 1 0 0 0 0 0 1 0 1 1 1 0 1 0 0 1 1 1 0 0 0
1 1 0 1 1 1 1 0 0 0 0 0 1 0 1 1 0 0 0 0 1 0 0 1 0 0 1 0 0 0 1 0 1 1 0 1 1 0 1 1 0 1 1 1 0 0 0 1 1 0 1 0 1 1 1 0
0 1 0 0 0 0 1 1 1 0 0 0 1 1 0 0 0 1 1 1 1 0 1 1 1 0 1 1 1 1 0 1 0 1 0 1 1 1 1 1 1 0 1 1 0 0 1 1 1 0 1 1 0 0 1 1
1 0 0 0 1 0 1 0 1 0 1 0 1 1 0 0 0 0 0 0 0 0 1 0 0 0 1 0 0 1 1 1 0 1 0 0 0 0 1 0 1 0 1 0 1 1 1 0 1 1 1 1 1 0 0 1
1 0 0 1 1 0 0 1 0 1 0 1 1 0 1 0 0 1 1 1 0 1 0 0 1 0 1 1 0 0 0 1 0 0 1 0 0 0 0 0 0 1 0 0 0 0 1 1 1 1 0 0 0 1 0 1
0 0 1 0 0 0 1 1 1 0 0 1 1 1 1 0 1 0 1 0 0 1 0 1 0 1 0 0 1 1 0 0 0 1 1 1 0 0 0 0 0 0 0 0 1 0 0 0 0 1 1 0 0 1 0 1
1 1 0 0 1 1 0 0 1 0 1 1 0 1 0 1 1 0 1 1 1 0 0 0 0 1 1 1 0 1 1 0 1 0 0 1 0 0 0 0 1 1 0 1 0 0 1 1 1 1 0 0 1 0 1 1
0 0 1 0 1 1 0 0 1 1 1 0 1 0 0 0 1 1 0 1 1 1 0 1 1 1 0 1 1 1 1 0 1 0 1 0 1 1 1 1 1 0 0 0 1 1 0 0 0 1 0 0 1 1 0 1
1 1 1 0 0 0 1 1 1 1 0 0 1 0 1 0 1 1 1 0 1 1 1 0 1 0 0 0 1 0 1 0 0 1 0 0 0 0 0 0 0 1 0 0 0 0 0 0 0 1 0 1 0 0 1 1
0 0 0 1 0 0 1 1 0 0 0 0 1 0 1 1 0 1 1 0 1 0 1 1 0 0 0 0 0 1 0 1 1 0 0 0 0 1 0 1 0 0 0 0 1 0 0 0 0 0 1 0 0 1 1 1
0 0 1 0 0 1 1 1 0 0 1 0 0 1 1 1 1 1 1 1 1 0 0 1 0 1 0 0 0 0 1 0 1 1 0 0 0 1 0 1 0 1 0 0 1 0 1 1 0 1 0 1 1 0 1 1
1 1 1 1 0 1 0 0 0 0 1 0 1 0 1 1 0 0 0 1 0 1 1 0 0 1 1 1 1 1 1 0 1 0 0 1 1 0 1 0 0 1 0 0 0 1 0 0 0 0 0 0 0 1 0 1
1 0 1 0 1 0 0 1 1 0 0 1 0 0 0 1 1 0 1 1 0 0 0 0 0 0 0 1 1 1 0 0 1 0 0 0 0 1 0 0 0 0 0 1 1 0 1 0 0 0 0 0 0 0 0 0
0 0 0 1 1 1 0 0 1 1 0 0 1 0 1 0 0 0 0 1 0 0 1 1 1 1 1 0 1 1 0 1 0 0 0 1 1 1 1 1 1 1 1 0 1 1 0 1 1 0 1 1 0 0 0 1
1 0 0 0 0 0 1 0 0 0 0 1 1 0 0 1 1 0 1 0 0 0 0 1 1 1 0 1 0 1 0 1 0 1 1 1 1 0 1 0 1 0 1 0 0 0 0 1 1 0 0 1 0 1 0 0
1 0 0 0 0 0 0 0 1 1 1 1 1 0 1 0 1 1 1 0 0 1 1 0 1 0 1 1 0 1 0 1 1 1 1 1 1 1 1 1 0 0 0 1 1 1 1 1 0 0 0 0 1 0 0 1
0 1 0 1 1 0 1 0 1 1 1 0 1 0 1 1 0 0 0 1 1 1 0 0 0 0 0 1 1 1 1 0 1 1 0 1 0 1 0 1 0 1 1 1 1 0 1 0 1 0 0 1 0 1 0 1
1 0 0 0 0 0 0 0 1 0 1 0 1 1 0 0 0 0 0 0 0 1 0 1 1 1 1 1 0 0 0 1 0 1 1 0 1 0 1 1 1 1 0 1 1 1 1 1 1 0 0 0 0 0 1 0
0 0 1 0 1 0 0 0 0 1 1 0 0 0 0 0 0 1 1 0 0 0 1 0 1 1 1 1 1 1 1 1 0 0 1 0 0 0 0 1 1 1 1 1 1 0 1 0 1 1 0 1 1 1 1 1
1 0 0 0 0 0 0 1 0 1 1 0 1 1 1 1 0 1 1 0 1 0 1 0 1 1 0 0 1 0 0 1 1 0 0 1 0 0 0 0 0 0 1 1 0 0 0 1 0 1 0 0 0 0 0 0
0 0 1 1 1 1 0 0 0 0 0 0 1 1 1 1 0 1 0 0 1 0 1 0 0 1 0 1 0 0 0 1 0 1 0 1 1 0 0 1 1 0 1 1 0 1 0 1 1 1 1 0 1 0 0 0
0 0 0 0 0 0 0 1 1 1 0 0 0 0 0 1 0 0 1 1 0 1 0 0 0 1 1 0 0 0 0 0 0 0 0 1 1 0 1 0 1 0 0 1 1 0 0 0 0 1 0 1 0 0 0 1
0 0 0 0 0 1 1 1 1 0 1 0 0 1 1 1 1 0 1 1 0 0 0 0 0 0 1 0 0 0 1 0 0 1 0 0 1 1 0 0 1 0 1 0 1 1 0 0 0 1 0 0 0 0 0 0
0 1 1 1 1 1 0 0 1 0 0 0 0 1 0 1 1 0 0 1 1 0 0 0 0 1 0 0 0 0 0 0 0 0 1 1 0 0 1 0 0 0 1 1 1 1 0 0 0 1 1 1 1 0 1 0
1 1 0 1 1 0 1 0 0 0 0 0 0 0 0 1 0 0 1 1 1 1 1 0 1 1 1 1 0 1 1 1 1 0 1 0 0 0 1 1 0 0 0 1 0 1 0 0 0 1 1 0 0 0 0 1
0 0 1 0 0 1 0 1 1 0 1 0 1 0 0 1 0 1 0 1 0 0 0 1 1 1 0 0 1 0 1 1 1 1 1 0 1 0 1 0 1 1 0 1 0 0 1 0 0 0 1 1 0 0 1 1
1 1 0 1 1 1 0 0 1 0 0 0 1 1 0 1 1 1 0 1 1 1 0 1 0 0 1 1 1 0 0 0 1 1 0 1 1 1 0 0 0 0 1 0 0 0 0 0 1 0 1 0 1 0 0 1
1 0 1 1 0 0 0 1 1 1 1 0 0 0 0 0 0 0 1 1 0 0 0 1 1 1 0 0 0 0 1 0 0 1 0 0 0 1 0 1 0 0 1 0 0 0 0 0 0 0 1 0 0 0 1 0
0 1 1 1 1 0 1 1 0 1 0 0 0 0 1 1 1 1 0 1 0 0 1 1 1 0 0 1 0 0 1 1 1 1 0 1 0 1 1 1 1 1 1 1 1 1 0 1 1 0 0 0 1 1 1 1
1 0 1 0 0 0 1 1 1 1 1 0 1 1 0 1 1 0 0 0 0 1 0 1 1 0 1 1 1 1 1 0 1 1 0 1 0 0 0 1 0 0 0 1 0 1 0 1 1 1 1 0 0 0 1 1
0 1 0 0 0 1 0 1 1 0 0 0 0 1 0 1 1 1 1 1 1 1 0 1 1 0 1 1 1 1 1 1 1 1 1 0 1 1 0 0 0 0 1 0 1 0 0 0 0 1 0 1 1 1 1 0
0 0 0 1 1 1 1 0 1 1 0 1 0 0 0 0 1 0 1 0 1 0 1 1 1 1 1 0 1 1 0 0 0 0 1 0 0 0 1 1 1 1 1 0 0 1 0 0 1 1 1 1 1 0 0 0
1 0 0 1 1 0 1 1 1 1 0 0 0 0 1 0 1 1 1 1 0 0 0 1 0 1 0 0 1 0 1 0 1 1 0 0 0 1 1 0 0 1 1 1 0 1 1 0 1 1 1 1 0 1 1 0
0 0 0 1 1 0 0 0 1 1 0 1 0 0 1 1 1 1 0 1 0 1 1 0 0 0 0 1 0 0 0 1 1 0 0 1 0 0 1 1 1 0 0 0 0 0 0 0 1 0 0 0 0 0 1 1
0 1 0 1 0 1 1 0 0 0 1 0 0 0 1 0 0 1 0 0 1 0 1 1 1 1 1 0 0 1 0 0 1 1 1 0 0 1 0 1 1 0 0 1 1 0 1 1 1 0 1 0 1 0 1 0
1 1 1 1 1 0 1 0 0 0 0 0 1 0 0 1 0 1 1 0 1 1 0 0 1 1 1 1 0 0 1 1 1 1 1 0 1 1 0 0 1 1 0 0 1 1 0 1 0 1 0 1 0 1 1 0
1 0 1 1 1 1 1 1 1 1 1 1 0 0 1 1 0 0 1 0 1 0 0 1 0 1 1 0 1 0 0 0 0 1 1 1 1 0 1 1 0 0 1 0 1 0 0 1 1 0 0 0 0 0 0 1
1 1 1 0 0 0 1 0 0 0 1 1 1 0 1 0 1 1 0 0 1 0 1 0 0 0 0 1 0 0 1 0 1 0 1 0 1 1 1 0 0 0 0 0 1 0 0 1 1 0 0 0 0 0 0 1
0 0 0 1 1 0 0 0 1 0 0 0 0 1 0 1 1 1 1 1 1 1 1 0 1 1 0 0 1 1 1 1 0 0 0 1 1 0 0 1 0 1 1 0 1 0 0 1 0 0 1 1 1 1 1 0
1 1 1 0 1 0 0 1 0 0 0 0 0 0 0 0 1 1 1 1 0 1 0 1 0 0 1 0 0 0 1 0 0 0 1 0 1 0 1 1 1 1 1 0 1 1 0 1 1 1 1 1 0 1 0 0
0 1 1 0 0 0 1 1 1 0 1 0 1 1 1 0 0 0 1 0 1 1 0 1 0 0 1 0 0 0 1 1 1 1 0 0 1 0 1 1 0 1 1 1 1 0 1 1 0 1 0 1 0 1 1 0
0 1 0 1 0 0 1 0 0 0 1 0 1 0 0 0 1 0 0 1 0 0 1 1 0 0 0 0 1 1 0 0 0 0 1 1 0 1 0 1 1 1 0 0 0 0 0 0 1 0 0 0 0 1 0 0
1 1 1 1 0 0 0 1 1 1 0 0 1 0 0 1 1 0 0 1 1 0 1 1 0 1 1 0 0 1 1 0 0 0 0 0 0 0 1 0 1 0 1 0 0 1 0 0 1 0 1 1 0 0 1 1
1 1 0 1 1 0 1 0 0 1 1 0 1 0 1 0 1 0 1 1 0 1 1 0 1 1 0 1 0 1 1 0 0 1 1 1 1 0 0 0 1 0 0 0 1 1 1 1 1 1 0 1 0 0 0 0
0 1 0 1 1 1 0 0 1 0 1 1 1 0 1 0 0 0 0 1 0 1 0 1 0 0 1 0 1 0 1 1 0 1 0 0 1 1 0 0 0 0 0 1 0 0 1 0 1 0 0 1 1 1 0 1
0 1 1 0 1 1 1 1 0 1 1 0 0 1 1 1 1 0 0 1 1 0 0 1 0 0 0 1 0 1 1 0 1 0 0 0 0 0 1 0 0 0 0 0 0 0 0 1 0 0 0 1 0 0 0 1
1 1 1 0 0 0 1 1 0 1 1 1 1 1 0 0 0 0 0 1 0 0 1 1 0 1 1 0 0 1 0 1 1 0 1 1 0 0 1 1 0 0 1 0 1 0 1 0 0 1 0 0 1 0 0 1
0 0 1 0 0 0 0 0 0 0 0 0 1 0 0 0 0 1 0 0 0 1 1 0 1 0 0 1 0 0 1 1 1 1 1 0 1 1 0 0 0 1 0 1 0 1 1 0 0 0 0 1 1 1 1 1
1 1 0 1 0 0 0 0 1 0 0 0 0 0 1 0 1 1 0 1 0 1 0 1 0 1 0 0 0 0 0 0 0 1 1 1 0 0 1 0 0 1 1 0 0 1 1 1 1 1 0 0 0 0 0 1
0 0 1 1 1 0 0 0 1 1 1 1 0 0 1 1 0 0 0 1 0 0 0 0 1 1 1 1 0 0 0 1 0 0 0 0 0 1 1 1 0 1 0 0 1 0 1 0 1 1 0 1 1 1 1 0
1 0 0 0 1 1 1 0 0 1 1 1 1 0 0 0 0 0 0 1 0 1 1 0 0 1 1 0 0 0 0 1 1 1 1 1 1 0 1 0 0 1 0 1 1 0 0 1 1 0 1 0 1 1 0 0
1 0 1 1 1 0 0 0 1 0 0 0 1 0 0 0 0 0 1 0 1 1 0 1 1 0 0 0 1 0 0 1 0 0 0 1 0 1 0 1 1 1 1 1 1 0 0 0 1 1 1 0 0 1 1 1
1 0 0 1 0 0 0 0 0 0 1 1 0 0 1 1 1 1 1 0 0 1 1 1 0 1 0 1 1 1 1 1 0 0 0 0 0 1 1 0 1 1 0 0 0 0 1 1 0 0 0 0 1 1 1 0
0 0 1 1 1 1 1 0 0 0 0 1 1 0 1 0 0 0 0 0 0 1 0 0 0 0 1 1 0 0 1 0 0 1 0 0 0 0 0 1 1 0 0 0 1 0 0 0 0 1 0 1 1 0 1 1
1 1 1 0 1 0 0 0 0 0 1 1 1 0 0 0 1 0 1 1 1 1 0 1 0 0 1 1 1 1 1 0 0 1 1 1 1 0 1 1 1 1 1 0 0 0 0 1 1 1 1 0 0 1 1 1
1 1 1 1 0 1 0 0 1 1 0 0 1 1 0 0 1 0 1 0 0 0 0 1 1 0 1 1 1 0 1 0 1 1 0 0 0 1 1 0 1 1 1 0 1 0 0 0 1 1 0 0 1 0 1 0
0 1 0 1 1 0 0 0 0 0 0 0 0 0 1 1 0 1 1 0 1 1 0 1 0 1 1 1 1 0 1 0 1 1 0 1 1 0 0 1 1 0 0 1 0 0 0 0 0 1 1 0 0 1 1 1
0 1 0 1 0 1 1 1 0 1 1 0 1 0 0 1 1 0 0 1 0 1 0 0 1 1 1 0 1 0 0 1 0 1 1 0 1 1 1 1 1 1 1 0 0 0 1 1 1 0 1 0 1 0 0 1
0 1 0 0 0 0 0 0 0 1 1 1 0 1 1 1 0 0 1 0 1 0 1 1 1 1 1 0 0 1 0 0 0 0 1 0 1 1 0 1 0 1 1 0 0 0 1 1 1 0 0 1 1 1 0 0
1 0 0 0 0 1 1 0 1 1 0 0 0 0 0 1 0 0 1 0 0 1 0 1 0 0 0 0 1 1 0 1 1 0 1 0 0 1 1 0 1 0 1 0 1 0 0 0 0 0 1 0 0 0 0 0
0 0 1 0 0 0 0 1 1 0 1 1 0 0 0 0 0 1 0 0 1 0 0 0 1 0 1 1 1 0 0 0 0 0 0 0 1 0 0 0 0 0 0 0 0 0 0 1 0 0 1 1 0 0 1 0
1 0 0 1 1 0 1 0 0 0 0 0 0 0 1 0 0 0 0 1 1 0 0 0 1 1 1 1 0 1 1 0 0 1 1 1 1 0 1 0 1 0 1 0 0 0 0 1 1 1 1 1 0 0 1 1
0 1 0 1 0 1 1 1 1 1 0 1 0 0 0 0 0 0 0 1 0 1 0 0 0 0 0 1 0 1 1 0 1 1 1 0 0 0 1 0 0 0 0 0 0 1 1 0 0 0 1 1 1 1 1 0
1 1 1 1 1 0 0 1 0 0 0 0 1 0 1 0 0 0 0 0 0 1 1 1 1 0 0 0 0 0 1 0 1 0 0 0 1 1 1 0 1 0 0 1 1 0 1 0 0 0 0 0 1 1 0 0
0 0 0 1 1 0 0 0 0 0 0 1 0 0 0 0 1 0 0 0 0 0 1 1 1 0 0 0 0 0 1 0 0 1 0 0 1 1 0 1 0 0 0 0 1 1 1 1 0 0 1 1 1 1 0 0
0 1 0 0 1 0 1 0 1 1 1 0 1 0 1 1 0 1 1 1 0 0 1 1 1 0 0 0 1 1 0 0 0 1 0 0 1 0 1 0 0 0 0 0 0 1 0 1 0 0 0 0 1 1 0 0
1 0 0 1 0 1 1 1 0 0 0 1 0 1 1 0 1 0 1 0 1 0 0 0 1 0 0 0 1 1 0 0 0 0 1 0 1 1 1 1 1 1 1 0 1 0 1 1 1 1 1 0 1 1 0 1
1 1 0 1 1 1 1 0 1 0 1 0 0 1 0 1 1 1 0 1 0 1 1 0 1 1 0 1 1 0 0 0 0 1 0 0 1 1 1 1 0 1 0 1 1 1 1 0 1 1 1 0 0 1 1 0
1 1 0 0 0 1 1 0 1 0 1 1 0 1 1 0 0 1 1 1 0 0 0 0 0 0 0 1 0 0 0 1 0 0 0 1 0 0 0 0 1 0 0 0 0 0 0 1 1 0 1 1 0 0 1 0
1 1 1 0 1 0 1 1 0 1 1 1 1 1 1 1 1 1 1 0 0 1 1 1 0 1 1 1 0 0 0 0 0 0 1 0 1 0 1 1 0 1 1 0 1 1 0 1 0 0 0 1 0 1 0 0
1 0 1 0 0 0 1 0 1 0 0 1 0 0 1 0 0 0 0 1 0 0 1 1 1 1 0 0 1 1 1 0 0 0 1 1 0 0 0 1 1 0 0 1 0 1 1 0 1 1 0 1 0 0 1 0
1 0 1 0 1 0 1 0 1 1 0 1 1 0 1 1 0 0 1 1 0 1 1 1 0 0 1 1 1 0 1 0 0 0 1 0 0 0 1 0 0 0 1 0 1 0 1 0 1 1 0 0 0 1 0 0
0 1 0 1 0 1 0 0 0 1 1 0 0 0 1 1 1 1 1 0 1 0 1 0 1 0 0 0 0 0 1 0 1 1 0 0 0 0 1 0 1 1 1 1 1 0 1 0 1 0 0 1 0 0 0 1
1 0 1 0 1 0 1 0 1 1 1 0 0 1 0 0 0 1 0 1 1 0 0 0 0 1 0 1 1 1 0 1 1 1 0 1 1 1 0 1 1 1 0 0 0 0 1 1 0 1 0 1 1 0 0 1
0 0 1 0 1 0 0 0 1 1 0 0 1 0 1 0 0 0 1 0 0 0 0 0 1 1 0 0 1 0 0 1 0 1 0 0 0 1 0 0 0 0 0 1 1 0 0 1 0 0 0 1 0 0 1 0
0 0 0 0 1 1 1 1 1 0 1 0 1 0 0 0 0 0 0 0 0 0 0 1 1 0 0 0 1 0 0 1 0 1 0 1 0 0 1 0 1 1 1 0 1 0 1 1 1 1 1 0 0 1 1 0
0 1 1 0 1 1 1 0 1 0 0 0 1 1 0 0 0 0 0 0 1 0 0 1 0 1 0 1 0 0 1 0 0 0 0 0 0 0 0 0 1 0 1 1 0 0 0 0 0 0 1 0 1 1 0 0
0 1 1 1 1 0 0 1 0 1 0 0 1 1 1 1 1 0 1 0 1 0 0 0 0 0 0 1 0 1 1 1 0 0 1 1 0 0 1 0 0 0 0 0 0 1 0 1 1 0 0 1 1 0 1 0
1 1 1 1 1 1 1 0 1 1 1 1 0 1 1 0 0 0 1 0 0 1 0 0 0 1 0 0 1 0 1 1 0 1 0 0 0 0 1 0 0 1 0 1 0 1 1 1 0 0 1 0 1 1 1 1
0 0 0 0 1 0 0 1 0 0 0 1 1 0 0 1 0 0 0 1 0 1 0 1 0 1 0 0 0 1 1 1 1 0 0 0 1 0 1 0 0 0 1 0 1 1 1 1 0 1 0 0 0 0 0 1
1 1 1 0 0 0 1 0 1 1 0 0 1 0 0 0 1 1 1 1 1 0 0 1 0 0 0 0 1 0 0 1 0 0 0 0 1 0 0 0 1 1 1 1 0 1 0 0 1 1 0 0 0 1 0 0
0 1 1 0 1 1 1 0 0 1 1 1 1 1 0 0 0 1 1 0 1 0 1 1 0 1 1 0 1 0 1 0 1 1 0 1 1 1 1 0 1 0 0 0 1 0 1 1 0 0 1 0 1 0 1 1
0 1 0 1 1 0 1 1 0 0 0 1 0 1 1 0 1 0 0 1 0 0 1 0 0 0 1 0 1 1 0 0 1 1 1 1 0 0 1 1 0 0 0 1 0 0 1 0 1 1 0 1 1 0 1 1
0 1 1 1 1 1 0 0 0 1 1 0 0 1 0 0 0 1 0 0 0 1 0 1 0 1 1 0 0 0 1 0 1 1 0 1 1 0 1 1 1 0 0 0 0 0 0 0 1 1 1 1 0 1 1 1
0 0 0 1 1 1 1 0 0 1 1 1 0 1 0 1 0 1 1 0 0 1 1 0 0 1 1 0 1 0 0 1 0 0 0 0 1 1 0 0 0 0 0 0 0 0 0 0 0 1 0 0 0 1 0 0
1 1 0 0 1 0 0 1 0 1 1 0 1 0 1 0 1 1 0 1 1 0 1 0 1 0 0 0 1 0 1 0 0 1 0 0 0 0 1 0 0 0 0 0 0 1 1 1 0 1 0 0 0 0 1 0
1 1 1 1 0 0 1 0 0 1 0 0 1 1 1 0 1 1 0 1 1 1 0 0 0 0 1 1 1 1 0 0 0 0 1 0 0 1 0 0 0 1 1 0 0 1 0 0 0 1 1 0 0 0 0 1
1 1 1 0 0 0 0 1 1 0 1 0 0 0 1 0 1 1 0 1 0 0 1 1 0 0 1 0 1 0 1 1 0 0 0 0 1 0 0 1 1 0 0 1 1 0 1 0 1 0 0 1 0 1 0 1
0 1 1 1 1 0 1 0 0 1 0 0 0 1 1 1 0 0 0 1 1 0 0 1 1 1 1 0 0 0 0 0 0 0 0 0 1 0 0 1 1 1 0 0 1 1 0 1 0 0 0 0 0 1 0 0
1 1 0 1 0 0 0 1 1 1 0 1 0 0 1 1 1 1 0 0 0 1 0 1 0 0 0 0 1 0 0 0 0 1 1 0 1 1 1 0 1 0 0 1 0 1 1 0 0 1 0 0 0 0 1 1
1 0 1 0 0 1 1 0 0 1 0 0 0 1 1 1 0 0 1 1 0 1 0 1 1 1 0 0 0 1 0 0 0 1 1 0 1 1 0 0 0 0 1 0 0 1 1 0 0 0 1 1 0 1 1 0
0 0 1 1 1 1 1 0 1 0 1 0 1 0 0 0 0 0 0 1 1 0 1 0 0 0 1 1 1 0 1 0 0 1 0 0 1 1 0 1 0 0 0 1 0 1 1 0 1 0 0 0 0 0 0 0
1 0 0 1 0 1 1 0 1 1 1 0 1 0 0 0 0 0 0 1 0 0 1 0 1 1 0 1 0 0 0 0 0 0 1 0 0 0 0 0 0 1 1 1 0 0 0 0 0 1 0 0 0 0 1 1
0 1 0 0 1 1 1 0 0 0 0 0 1 0 0 0 0 0 1 1 1 1 0 1 0 1 0 0 0 0 1 1 1 0 1 0 0 0 1 1 1 0 0 0 1 1 0 0 0 1 0 0 1 0 0 0
0 0 0 0 1 0 0 1 1 1 0 0 0 0 0 0 0 1 1 0 0 0 0 1 0 0 0 0 0 1 1 1 1 1 0 1 0 1 0 1 0 0 1 1 1 0 0 0 0 0 0 1 0 1 0 0
0 0 0 1 0 0 0 1 0 1 0 1 0 0 0 0 0 0 1 1 1 0 0 0 1 0 1 1 1 1 1 0 1 1 1 0 0 1 0 0 1 0 0 0 0 0 0 0 0 0 0 0 1 0 1 1
1 0 0 0 1 1 1 1 1 1 0 1 0 0 1 1 0 1 1 0 0 0 0 0 1 1 0 0 1 0 0 1 0 0 1 1 1 1 0 0 0 0 0 0 0 0 0 0 0 0 1 0 1 0 0 0
1 0 0 1 0 1 0 1 0 0 0 0 1 1 1 0 0 0 0 0 0 0 0 1 0 1 0 0 0 1 0 0 0 0 0 1 1 0 1 1 0 0 0 1 1 1 0 1 0 0 1 0 1 0 1 0
0 1 0 0 0 1 0 1 0 0 1 1 1 0 1 1 0 1 0 1 1 0 0 0 0 0 1 1 0 1 0 1 0 0 0 0 0 0 1 0 0 1 0 1 1 1 1 0 0 0 0 0 0 0 0 1
0 0 0 1 0 0 1 1 0 0 1 0 1 1 1 1 0 0 0 0 1 0 1 0 0 0 0 1 0 0 0 0 0 0 0 1 1 0 0 0 0 1 1 0 0 0 1 0 0 0 0 0 0 0 1 0
1 0 1 1 1 1 0 1 0 1 1 1 0 1 0 0 1 0 0 0 0 1 0 0 0 1 0 0 1 1 0 1 1 0 1 1 0 0 1 0 1 0 0 0 0 0 0 1 1 0 0 0 0 0 0 0
1 0 1 0 0 0 1 0 1 0 0 0 0 0 1 1 0 1 0 0 0 0 1 0 1 0 0 0 1 0 1 1 0 1 0 0 1 0 1 1 1 1 0 0 1 0 0 0 0 1 0 1 1 0 0 1
1 1 1 1 1 0 0 1 0 0 0 0 0 1 1 0 0 0 0 0 0 0 0 1 1 0 1 1 0 0 0 1 0 0 0 1 0 0 0 0 0 0 0 0 0 1 0 1 0 1 1 0 0 0 0 0
C Elapsed Time 45839.910000 
