357 24 2^24 6
1 0 0 0 1 1 0 1 1 1 1 0 0 1 1 1 1 1 1 1 1 0 1 1
1 0 1 1 1 0 0 1 0 0 1 0 1 0 1 0 0 0 0 0 1 0 0 0
0 0 1 1 1 0 1 1 0 0 0 1 0 1 0 0 0 1 0 0 1 0 1 1
0 0 0 0 0 0 0 0 1 1 0 1 1 0 1 1 0 0 1 1 0 1 0 1
1 1 0 1 0 1 0 1 1 0 1 0 1 1 1 0 1 0 0 1 1 1 0 1
1 0 1 1 1 1 1 0 1 0 0 0 0 1 0 1 0 1 1 1 1 0 1 0
0 0 0 1 0 1 1 1 0 1 1 0 1 1 1 1 1 1 1 0 0 1 1 1
0 1 1 0 1 0 1 0 0 0 0 0 1 0 1 1 0 1 0 0 1 1 0 1
0 0 0 0 1 1 1 1 0 0 1 0 1 1 0 0 1 0 1 1 1 1 0 0
1 1 0 1 0 0 0 0 1 1 0 1 0 0 0 0 0 1 1 0 0 0 1 0
0 1 1 0 0 1 1 0 1 1 1 0 0 1 0 0 1 1 0 0 1 0 1 1
0 1 1 1 0 0 1 1 0 1 0 1 0 0 1 0 1 0 1 0 0 1 0 0
0 1 0 1 1 1 0 0 1 0 1 0 0 0 1 1 0 0 0 1 0 0 0 0
0 1 1 0 0 1 1 1 1 1 1 0 1 1 1 1 0 0 1 1 1 1 0 1
1 1 1 1 1 1 0 1 1 0 1 1 0 1 1 1 1 1 0 1 0 0 1 1
1 0 1 0 0 1 0 0 0 0 0 0 1 0 1 1 1 0 1 0 0 0 0 0
1 1 0 1 1 1 0 1 1 1 0 0 1 0 0 1 0 1 0 0 1 0 1 0
0 1 0 1 1 0 1 0 1 0 0 1 0 0 0 0 1 0 0 0 1 0 0 0
1 1 0 0 0 0 0 0 0 0 1 0 1 1 0 1 0 0 0 1 1 1 1 0
1 0 0 1 0 1 1 0 1 0 1 0 1 0 0 0 0 1 0 0 1 1 0 0
0 1 0 0 1 0 0 0 1 0 1 1 1 1 0 0 1 0 0 0 0 0 0 1
0 0 0 1 0 0 1 1 1 0 1 0 1 1 0 1 0 0 1 0 0 0 0 0
1 1 1 0 1 0 1 0 1 0 1 1 1 1 0 0 0 1 0 1 0 0 1 1
0 1 0 0 0 1 0 1 0 1 0 0 1 1 1 0 0 1 0 0 1 1 1 0
0 0 1 0 0 0 0 0 1 1 1 0 0 1 1 0 1 1 1 0 0 0 0 0
1 0 0 1 0 0 1 1 1 0 1 1 0 0 1 1 0 0 0 1 1 1 0 0
0 1 1 1 1 1 1 1 1 0 0 0 1 0 1 0 1 1 1 1 1 1 0 1
0 1 1 0 0 1 0 0 0 0 1 1 0 1 1 1 1 0 1 1 0 1 0 0
0 1 0 1 1 0 1 1 1 0 0 0 1 1 1 1 0 1 0 1 1 1 1 0
1 0 0 1 1 0 1 0 0 1 0 1 0 1 1 1 0 0 1 0 1 0 1 0
1 1 1 0 1 0 1 0 0 0 1 1 0 0 0 0 0 1 0 0 0 1 0 0
0 0 0 0 1 0 0 0 1 1 1 0 1 0 1 1 0 0 1 0 1 1 1 0
1 1 1 0 0 1 1 1 1 1 0 1 0 1 0 1 0 1 1 1 0 1 0 0
0 0 1 1 0 1 1 0 1 1 1 1 0 0 0 0 1 0 0 0 1 1 0 0
0 1 0 0 0 1 1 1 1 0 0 0 0 0 0 0 1 1 0 1 0 1 1 0
0 1 0 1 1 0 1 1 0 0 0 1 0 1 1 1 0 0 1 1 1 1 0 1
1 1 0 1 0 1 1 0 0 1 0 1 1 0 0 1 1 0 0 0 0 0 0 1
0 0 1 0 1 0 0 1 0 1 0 1 1 1 1 1 0 1 1 0 1 1 1 1
1 0 1 0 1 1 1 0 1 1 0 0 1 1 1 0 1 1 0 1 0 0 0 0
1 1 0 0 1 0 1 0 1 1 0 0 0 1 0 1 1 1 0 1 1 0 1 0
0 0 0 1 1 1 0 1 0 0 1 0 0 0 0 0 1 0 1 0 0 1 1 1
0 1 0 0 1 0 1 1 1 0 1 0 0 1 1 0 1 0 0 0 1 1 1 0
0 1 1 1 0 0 1 0 1 0 0 0 1 1 1 0 1 0 0 1 0 1 1 0
1 1 0 1 0 1 0 1 0 0 1 0 1 0 1 0 1 1 0 0 0 0 1 0
0 1 0 1 0 0 1 0 1 1 1 0 1 0 1 0 0 1 0 0 0 0 0 1
0 1 0 1 1 0 0 1 1 1 1 1 1 1 0 1 1 1 1 1 1 1 1 0
1 1 0 1 1 0 1 1 0 0 0 0 1 0 0 0 1 1 0 1 0 0 0 1
1 0 0 1 1 0 0 0 1 0 1 1 0 0 1 0 1 0 1 0 0 1 0 0
1 1 1 0 1 1 0 0 0 1 0 1 0 0 1 1 1 1 1 1 1 0 0 0
1 1 1 1 1 1 1 1 0 1 0 0 0 0 1 0 0 0 1 1 0 0 0 0
0 0 0 0 1 1 1 1 0 0 0 0 1 1 0 1 1 1 1 0 0 0 1 1
1 1 0 0 0 1 0 1 1 1 0 1 1 1 0 1 1 1 1 1 0 0 0 1
0 1 1 0 1 0 1 1 1 1 0 1 1 1 1 1 1 1 0 0 0 0 1 0
0 0 0 0 0 0 0 1 1 0 1 0 1 0 0 1 1 1 0 1 1 0 1 1
1 1 0 0 1 0 0 0 0 1 0 1 1 1 1 0 1 0 1 1 1 0 1 1
0 1 1 1 1 0 0 1 0 0 1 1 1 0 1 0 0 0 1 0 0 0 0 1
1 0 0 0 0 1 0 1 1 0 0 0 0 1 0 0 1 0 0 0 0 0 1 1
1 1 0 0 0 1 1 1 1 0 0 0 0 0 1 1 1 0 1 1 0 0 0 0
1 1 0 0 0 0 0 1 0 1 1 0 0 0 0 1 1 1 0 0 1 1 0 0
0 0 0 0 0 1 0 1 1 1 0 1 0 1 1 1 1 0 1 0 1 1 0 0
0 0 0 1 1 0 0 0 0 0 0 0 1 1 1 0 1 0 0 0 1 0 0 0
1 0 1 1 1 0 0 1 1 1 1 1 0 0 0 1 1 1 0 0 0 0 1 1
1 0 0 0 1 0 0 1 1 0 1 0 1 1 1 1 0 1 1 1 0 1 0 0
0 1 0 0 1 0 1 0 0 0 0 1 1 1 0 0 1 1 1 1 1 1 0 1
1 0 0 0 0 0 1 1 0 1 0 0 1 1 1 0 0 0 0 1 0 1 0 1
0 1 1 1 1 0 1 0 1 0 0 1 1 1 0 1 0 0 0 1 1 1 1 1
0 1 1 1 0 1 0 0 1 1 0 1 1 1 1 0 1 0 1 0 1 0 0 1
1 0 1 1 0 1 1 1 0 1 0 1 0 1 1 0 1 1 0 0 1 0 0 1
0 1 1 1 1 1 0 1 1 0 0 0 0 1 0 0 1 1 1 0 1 0 0 0
0 1 0 0 0 0 0 0 0 1 0 0 0 1 1 1 1 0 1 0 0 0 1 1
1 0 0 1 1 0 1 0 1 1 0 0 0 1 0 0 1 0 1 0 0 0 0 1
0 1 0 1 0 0 1 0 0 0 0 1 1 0 1 1 1 1 1 0 1 1 1 0
0 1 0 0 1 1 0 1 1 1 0 0 1 0 1 0 1 0 0 1 1 0 1 0
0 0 1 0 1 0 0 0 0 0 1 0 0 1 0 1 1 1 0 1 0 1 0 1
0 1 1 1 1 0 0 0 0 1 0 0 0 0 0 0 1 0 0 0 1 0 1 0
1 1 1 1 0 1 0 0 1 1 1 0 0 1 0 1 1 0 1 1 1 0 1 0
0 0 1 0 1 1 1 1 1 0 1 1 0 0 1 1 0 1 1 1 1 1 1 0
1 1 0 0 0 1 1 0 0 1 1 1 0 1 1 0 1 1 1 0 0 0 1 0
1 1 1 0 1 0 1 0 1 1 1 0 1 0 1 0 1 1 1 0 1 0 1 0
0 0 1 0 0 1 0 0 0 1 1 0 0 0 1 0 0 0 0 1 0 0 0 1
1 1 1 0 0 0 1 0 1 0 0 1 0 1 1 0 0 0 0 1 0 0 0 0
1 0 1 0 1 1 0 0 1 0 1 1 0 1 0 0 0 0 1 1 0 0 1 0
1 0 1 1 0 0 0 0 0 0 1 0 1 0 0 0 0 1 1 1 1 0 1 1
1 0 1 1 1 1 0 0 0 0 1 1 0 1 1 1 1 0 0 1 1 1 0 1
1 0 0 1 1 0 1 1 1 1 1 0 0 0 0 0 0 0 0 1 0 1 1 1
1 0 0 1 1 0 0 0 0 1 0 0 1 0 0 1 1 0 0 1 0 1 0 0
1 1 0 1 0 0 0 0 0 1 1 1 1 1 1 0 0 1 1 1 1 1 0 0
0 1 0 0 1 1 0 0 0 1 1 0 1 0 1 0 1 1 1 1 0 1 1 1
0 0 0 1 1 0 1 1 0 1 0 0 0 0 1 1 1 1 0 0 0 1 0 0
0 0 1 0 1 0 1 0 0 0 1 0 0 0 0 1 1 0 1 0 1 1 1 0
1 0 0 1 0 1 0 1 0 1 1 0 0 1 0 0 0 1 0 1 0 0 0 0
0 1 1 1 0 1 0 0 0 1 0 0 0 1 1 1 0 1 0 1 0 1 0 1
1 0 0 0 0 0 1 1 1 1 0 0 1 0 0 0 1 0 1 1 1 0 1 0
0 0 1 1 0 1 1 1 1 0 1 1 0 1 1 0 1 0 1 1 0 1 1 1
1 1 1 0 1 0 0 0 1 1 1 0 1 0 1 0 1 0 0 1 1 1 0 1
1 1 1 1 1 0 1 0 1 0 1 1 1 0 0 1 1 1 1 1 0 1 0 0
1 1 1 0 0 0 0 1 1 0 1 1 0 1 0 0 0 1 0 1 1 0 0 1
0 0 0 1 0 1 1 0 0 1 1 1 0 0 0 1 0 1 1 1 0 1 0 1
0 1 0 1 0 0 1 1 1 1 0 1 1 1 0 1 0 1 0 1 1 0 0 0
0 1 1 0 0 0 1 1 0 1 0 1 0 0 1 0 1 1 0 1 1 0 1 1
0 0 0 0 0 1 1 0 1 0 1 0 0 1 1 1 0 0 0 1 0 1 1 0
1 1 0 0 1 1 0 0 1 0 0 0 0 1 1 0 0 0 1 0 1 1 0 1
1 1 0 0 0 1 1 0 0 0 1 0 1 1 1 1 1 1 0 1 1 0 0 1
1 0 1 0 1 0 0 1 0 0 0 0 0 0 1 0 0 0 0 1 0 1 1 0
0 0 0 1 0 0 0 0 1 0 1 1 0 1 0 0 1 0 1 1 1 0 1 1
1 1 0 0 1 1 1 0 0 0 0 0 0 1 0 0 1 0 0 1 0 0 1 0
1 1 0 1 1 1 0 0 1 1 1 1 0 0 0 0 0 0 0 1 1 0 0 1
0 1 0 1 0 1 1 1 0 0 0 0 0 1 0 1 0 0 0 0 0 1 0 0
0 0 0 1 1 0 1 0 1 1 1 1 0 1 1 0 1 1 0 1 0 0 1 0
1 1 0 1 1 0 0 1 0 1 0 1 0 1 1 0 1 0 0 1 0 1 1 1
1 0 1 1 1 1 1 1 0 0 0 0 1 0 0 1 1 0 0 0 1 1 1 0
1 0 1 1 1 0 0 0 1 1 0 1 1 0 1 0 0 1 0 1 1 0 0 1
1 1 0 0 1 0 0 1 1 1 1 0 0 1 0 0 0 0 1 1 0 1 0 1
1 0 0 1 0 1 1 0 1 0 0 1 0 0 1 0 1 1 1 1 1 0 0 0
1 0 0 0 0 1 0 1 0 0 0 1 1 1 1 1 1 1 0 1 0 1 0 0
1 1 1 0 1 1 0 1 1 0 1 0 1 0 0 1 1 0 0 0 0 0 0 0
0 0 1 0 1 0 0 1 1 0 0 0 0 0 1 0 1 1 1 1 0 0 0 1
0 0 0 0 1 0 1 1 1 1 0 0 1 1 0 1 0 0 0 1 1 0 0 1
0 1 0 0 1 0 1 0 0 1 1 1 1 1 1 1 1 0 0 1 0 1 0 0
0 1 0 1 0 0 0 1 0 0 1 0 1 1 1 1 1 0 1 1 0 0 1 0
0 0 0 0 0 0 1 1 1 0 1 1 1 1 1 0 1 1 1 0 0 0 0 1
1 0 0 0 0 1 1 1 1 1 1 1 1 0 1 0 1 0 0 0 0 1 0 0
1 1 1 1 1 0 0 0 0 0 0 1 1 1 0 1 1 1 0 0 0 0 0 0
1 1 0 1 0 1 0 0 1 1 1 0 1 0 0 0 1 0 0 1 0 1 1 0
1 1 1 0 1 0 1 1 1 1 0 1 0 0 0 0 1 0 1 0 1 1 1 1
0 0 1 1 1 1 1 0 0 0 1 1 1 1 1 0 0 1 0 1 1 0 0 0
0 0 1 0 1 1 1 0 0 1 0 0 0 1 1 0 1 0 1 1 1 1 1 1
0 0 1 1 0 0 0 0 1 0 0 0 0 1 0 1 0 0 0 0 1 1 0 1
0 0 1 0 1 0 0 0 1 0 0 1 1 1 1 1 1 0 1 1 1 0 1 0
1 1 0 1 0 0 0 0 0 0 0 1 1 1 0 0 0 0 1 0 0 1 0 0
1 1 1 0 0 1 1 0 0 1 0 0 1 0 0 0 0 1 0 1 1 1 1 1
1 0 1 0 0 0 0 0 1 0 0 0 0 1 1 0 0 1 1 1 1 1 1 0
0 0 1 1 0 0 0 1 1 1 1 0 0 0 0 0 0 1 0 0 1 1 1 0
0 0 1 0 0 1 0 0 1 1 0 0 0 0 0 1 0 1 0 1 1 0 0 0
1 1 0 0 0 0 1 1 1 1 1 1 1 0 1 1 1 1 0 0 1 1 1 1
0 0 0 0 0 1 0 0 0 1 1 0 1 1 0 1 0 0 1 0 1 0 0 0
0 0 0 0 0 0 1 1 0 1 1 1 0 1 0 1 0 1 0 0 0 1 1 1
0 0 0 1 0 0 1 1 1 1 0 1 1 0 0 0 1 1 1 0 1 1 0 1
0 0 0 0 0 1 1 0 1 1 0 0 0 0 1 1 0 1 0 0 1 0 1 1
0 0 0 0 0 0 1 0 0 0 0 0 0 0 0 0 0 1 1 1 0 0 1 0
0 0 1 0 1 1 0 1 0 0 1 0 0 1 1 1 0 0 0 0 1 0 1 0
1 1 1 1 0 1 0 1 0 0 0 1 0 0 0 0 1 0 1 1 1 0 1 0
0 0 1 0 0 1 1 1 0 0 1 0 0 1 1 0 0 1 1 1 1 0 1 0
1 0 0 0 1 0 0 1 1 0 1 1 1 1 0 0 0 0 0 0 1 1 1 0
1 1 0 0 1 0 0 1 0 1 0 0 0 0 1 1 0 1 0 0 0 0 0 1
1 0 1 1 0 0 1 1 0 0 1 1 1 1 0 1 0 0 1 1 0 0 0 1
1 1 1 1 0 1 1 1 0 0 0 1 1 1 0 0 0 1 0 0 0 0 1 0
0 0 1 1 0 0 1 0 0 1 0 0 1 1 0 1 1 1 1 1 1 0 0 0
0 1 0 1 1 1 1 0 0 1 0 1 1 1 1 0 0 0 1 1 0 0 1 0
1 1 0 1 1 1 1 1 1 0 1 1 0 1 0 1 1 0 1 0 0 1 1 0
1 0 1 0 0 0 0 0 0 1 0 1 0 1 0 0 1 0 0 0 0 1 0 1
0 0 0 0 1 1 1 0 1 1 1 0 0 0 0 1 1 1 1 0 0 0 0 0
0 1 1 1 0 1 0 0 0 0 1 1 0 1 0 0 0 1 0 0 1 1 1 0
0 1 0 0 1 0 1 0 1 0 0 1 0 0 1 1 0 0 1 0 0 0 0 1
0 1 1 0 0 1 1 1 1 0 0 0 1 1 1 0 0 0 1 0 0 0 1 1
1 0 1 0 0 0 1 0 1 1 1 0 0 0 1 1 1 1 1 1 0 1 1 1
0 0 1 0 1 1 0 0 0 0 0 1 1 0 0 0 0 0 1 0 0 1 0 0
1 0 0 0 0 1 1 0 1 0 1 1 1 1 0 1 1 0 1 1 1 1 1 1
1 1 1 0 0 0 0 1 0 0 1 1 0 1 1 1 1 0 1 0 0 1 1 1
0 1 0 0 1 1 0 0 1 0 1 1 1 1 1 1 0 1 0 1 0 0 1 1
0 1 1 1 1 1 1 0 1 1 0 1 0 0 0 1 1 1 1 1 0 0 1 1
0 0 1 0 0 0 1 0 0 0 1 1 1 1 1 0 0 0 0 0 1 1 1 1
0 0 0 1 1 1 0 1 1 0 0 1 0 1 0 0 0 1 0 1 0 1 0 1
0 1 0 1 1 1 0 1 0 1 1 1 1 1 0 1 1 0 0 0 1 1 0 1
1 1 0 0 0 0 0 0 0 0 0 1 1 0 1 0 0 0 0 0 1 0 1 1
1 0 0 0 0 1 0 0 1 0 1 1 0 0 0 1 0 1 0 0 0 0 0 1
1 1 0 1 1 1 1 0 1 0 0 1 0 0 1 0 1 1 0 0 0 1 1 1
1 0 0 1 1 1 0 1 0 0 0 1 0 1 1 0 0 1 1 0 0 0 1 1
1 0 1 0 1 1 1 1 0 0 0 1 1 0 1 1 1 1 0 1 0 0 1 1
1 1 0 0 1 0 1 0 0 1 1 0 0 0 0 1 0 0 0 0 1 1 1 1
0 1 1 0 0 0 0 0 0 1 1 1 1 0 0 1 0 1 0 1 0 0 1 0
1 0 0 0 1 0 0 0 0 0 1 1 0 1 0 0 1 1 1 1 0 0 0 0
0 0 1 1 0 1 0 1 1 0 1 1 1 1 0 1 1 1 1 0 0 0 1 0
1 1 0 0 0 0 0 0 1 0 1 0 1 1 0 1 0 1 1 0 0 1 1 1
0 1 0 1 0 0 0 1 1 0 0 0 0 0 0 1 1 1 1 1 0 1 0 1
0 0 0 1 1 0 1 0 0 0 1 1 1 0 0 1 0 0 0 0 0 0 1 0
1 0 1 1 0 1 1 0 0 1 1 0 0 1 0 1 1 1 0 0 0 1 1 0
1 1 1 1 0 0 1 0 0 0 0 1 0 1 1 1 1 1 1 1 0 0 0 1
1 0 1 1 0 0 1 1 1 1 0 0 0 1 1 1 0 0 0 0 0 0 1 0
1 1 1 1 0 0 0 1 1 1 0 0 1 1 1 1 1 1 0 0 1 1 0 1
1 1 0 1 0 0 1 1 0 1 1 0 1 1 0 0 1 0 1 0 1 0 1 1
1 0 1 0 0 0 1 0 0 1 0 1 0 1 0 1 0 0 1 1 1 0 1 1
0 1 0 0 1 0 0 1 0 0 1 1 0 0 0 1 0 1 1 0 1 0 1 1
1 0 0 1 0 0 1 0 0 0 1 0 0 1 0 0 1 1 0 0 1 1 0 1
0 0 1 1 0 0 0 0 0 0 0 1 0 0 1 1 1 1 0 1 0 0 0 0
1 1 0 0 1 1 1 1 1 1 0 1 1 0 1 0 0 1 1 0 0 1 0 1
1 0 0 0 1 1 1 0 0 0 1 0 0 1 1 1 0 1 1 0 0 0 0 1
1 1 1 1 0 1 1 0 0 0 1 1 0 0 1 1 0 0 1 0 1 0 1 1
1 1 0 1 0 1 1 0 1 1 0 0 1 1 1 1 0 1 1 1 0 1 1 1
0 1 1 1 0 1 1 0 0 0 1 0 0 0 0 0 1 0 0 1 0 0 0 1
1 0 1 0 1 1 0 0 1 1 1 1 1 1 0 1 0 1 1 1 1 1 0 1
0 0 0 1 0 1 0 0 1 1 0 1 0 1 0 1 0 0 1 0 0 1 1 0
1 1 0 1 1 0 1 1 1 0 1 0 0 0 1 0 0 1 1 0 1 0 1 0
0 1 1 1 1 1 0 1 0 1 1 1 0 1 1 0 1 1 1 0 0 1 0 0
0 1 0 1 1 1 1 1 0 0 1 1 0 0 0 1 1 1 0 1 1 0 0 0
0 1 1 0 1 0 0 1 1 0 0 1 1 0 0 0 1 1 1 0 0 1 1 0
1 0 1 1 1 0 0 1 0 1 0 1 0 0 0 1 0 1 1 1 1 1 0 0
0 0 0 0 1 1 0 0 1 1 0 1 0 1 0 0 1 1 0 1 1 1 0 0
0 0 1 1 1 1 0 1 0 1 1 0 1 0 1 1 1 0 1 1 0 0 0 1
1 1 1 1 0 0 0 1 1 1 0 0 1 0 1 1 0 0 1 0 0 1 0 0
0 1 1 1 1 0 1 0 1 1 1 1 0 1 1 1 0 1 1 0 1 0 0 1
1 0 0 1 0 0 0 0 1 1 1 1 1 1 1 1 1 0 0 1 0 0 0 1
1 1 0 1 0 0 0 0 0 0 1 0 0 0 1 1 1 0 1 1 1 0 0 1
0 0 0 0 0 0 0 1 0 1 1 1 1 0 1 0 1 1 1 1 1 0 0 0
0 1 1 1 1 0 1 0 0 1 1 0 0 1 0 0 0 0 1 1 1 1 0 0
0 1 0 0 1 0 0 0 1 1 0 0 1 1 0 0 1 1 0 0 0 1 1 1
1 1 0 1 1 1 1 0 1 1 0 0 1 1 1 1 1 0 1 0 1 1 0 0
1 1 1 0 1 1 0 0 1 1 0 1 0 0 1 1 0 0 0 0 0 1 1 0
0 0 1 0 1 1 1 1 0 1 0 1 0 1 0 1 1 0 0 1 0 0 0 1
1 0 1 0 0 1 0 1 1 1 1 1 1 0 1 0 0 1 1 1 0 1 1 1
1 0 1 1 1 0 0 0 1 0 0 0 0 0 0 1 0 0 0 1 0 0 1 1
1 0 1 0 0 1 0 0 1 0 0 1 1 0 1 0 1 1 0 0 1 1 1 0
0 0 1 0 1 1 1 0 1 1 1 1 0 0 1 0 1 0 0 0 0 0 1 1
0 1 0 0 0 0 0 1 0 0 0 1 0 0 0 1 1 0 0 1 0 1 1 1
1 1 1 1 0 0 1 1 0 0 1 0 0 0 1 1 0 1 0 1 0 1 1 1
0 1 0 1 0 1 1 1 1 1 0 0 0 1 0 0 0 1 1 1 1 0 1 1
1 1 1 1 1 1 0 0 0 1 0 0 1 1 0 1 0 1 1 0 1 0 0 1
0 1 0 1 0 1 0 1 1 1 1 1 0 0 1 1 0 0 0 0 0 1 1 1
0 0 1 0 1 1 0 0 0 1 1 1 1 1 0 0 1 1 0 0 1 0 1 1
0 1 1 0 1 1 0 0 1 0 1 1 1 0 1 0 0 1 1 1 1 0 0 0
0 0 1 0 0 0 0 1 0 1 1 0 1 1 0 0 1 0 0 1 0 1 1 0
1 1 0 1 1 1 0 1 1 0 0 1 1 0 1 1 1 0 1 0 1 0 1 1
1 0 0 1 0 0 1 1 1 0 0 0 0 1 0 1 1 1 1 0 1 1 1 0
1 0 1 0 0 0 1 0 0 1 1 0 0 0 1 1 0 0 0 1 1 0 0 0
1 0 0 1 1 1 1 0 0 1 1 1 1 0 0 0 1 1 1 1 1 0 1 0
1 0 1 0 0 1 1 1 0 0 0 0 0 0 0 1 1 0 1 1 1 1 0 1
1 1 1 0 1 1 1 1 0 0 1 1 1 1 1 0 1 0 1 0 1 0 0 0
1 0 0 0 0 1 1 1 0 1 0 1 0 0 0 0 0 0 0 0 1 0 0 0
1 1 1 1 1 1 0 0 0 1 1 0 1 1 1 0 0 0 0 0 0 0 1 1
0 1 1 0 0 1 1 0 0 0 0 1 0 1 0 1 0 1 1 0 0 1 0 1
0 1 1 1 1 0 1 1 0 1 0 0 1 1 0 1 1 0 1 1 0 1 1 1
1 0 1 1 0 1 0 1 0 1 0 1 1 1 1 1 0 0 0 1 1 1 1 0
1 0 0 1 0 1 0 0 0 1 0 0 0 0 1 0 0 1 1 0 1 1 1 1
0 1 0 0 0 1 1 1 0 0 1 1 1 0 0 0 0 0 1 1 1 1 1 0
0 1 1 1 0 0 1 0 1 0 1 0 1 0 0 1 1 0 1 0 0 0 1 1
0 0 0 1 0 1 0 1 1 1 1 0 0 0 1 0 1 0 1 0 1 0 0 0
1 1 1 0 1 1 0 1 0 0 0 0 1 1 0 1 1 1 1 1 1 1 1 1
1 0 0 1 0 0 1 1 0 1 0 1 1 1 0 0 1 1 0 1 1 1 1 0
0 0 0 0 1 1 0 1 0 0 0 1 1 0 1 1 0 0 0 1 1 0 0 1
0 1 1 0 1 0 0 1 0 1 1 0 0 1 0 1 0 0 1 0 0 0 1 0
0 0 1 1 1 1 1 1 1 1 0 0 1 0 0 1 0 1 0 1 0 1 1 0
0 0 0 1 0 0 1 0 0 0 0 0 0 1 1 0 0 0 1 0 0 1 0 0
0 1 0 0 0 1 0 0 0 0 0 0 0 0 0 0 1 1 1 0 1 0 0 1
0 1 1 0 1 1 1 1 0 0 1 1 1 1 0 0 0 0 0 1 0 1 1 1
0 1 1 1 0 0 0 0 0 1 1 1 1 0 0 0 1 0 1 1 1 1 0 1
1 1 1 1 1 0 0 1 0 1 1 1 1 0 1 1 0 1 0 0 0 1 0 1
1 1 0 0 1 0 1 1 0 1 1 1 1 0 1 1 0 0 1 1 0 0 1 0
0 1 0 1 1 1 0 0 1 0 1 0 1 1 0 0 0 1 1 1 0 1 0 0
0 1 0 0 0 0 0 0 0 1 1 1 0 1 1 1 0 0 0 0 1 0 0 0
0 0 0 1 1 0 0 0 0 1 1 0 1 1 0 1 0 1 0 1 1 0 1 1
1 0 1 0 0 0 0 0 1 1 0 0 1 1 0 1 0 1 0 0 0 0 1 1
1 0 1 1 1 1 0 1 1 1 0 0 1 1 0 0 1 0 1 1 0 1 0 0
1 1 1 0 0 0 1 0 1 1 0 0 1 1 0 0 0 0 0 0 1 1 0 0
1 0 0 1 0 1 0 1 0 0 1 1 1 0 1 1 0 1 1 0 1 1 0 1
1 0 1 1 1 1 1 0 1 0 1 0 1 0 1 1 0 0 1 1 0 1 1 0
1 1 1 0 1 1 1 1 1 1 1 0 0 1 0 1 0 1 0 0 1 1 0 0
1 0 1 0 1 0 1 1 0 0 1 0 0 1 1 0 1 1 1 0 1 1 0 1
0 0 0 1 1 0 0 1 1 0 0 1 0 0 1 0 1 0 0 1 1 1 1 1
1 0 0 0 0 0 0 0 1 0 1 0 0 0 1 0 1 0 0 0 0 0 1 0
1 1 0 0 1 1 0 0 0 0 0 0 0 0 0 1 0 1 1 1 0 1 1 0
1 0 1 1 1 1 1 1 1 0 0 1 1 1 1 1 0 0 0 0 0 1 0 1
0 0 0 1 0 1 0 1 1 0 0 1 1 0 0 0 0 0 0 1 0 0 1 0
1 0 1 0 1 0 1 1 0 1 1 1 1 0 0 1 1 0 1 0 1 0 0 1
0 0 1 1 0 0 0 1 1 0 0 0 1 1 1 0 0 1 0 1 0 0 1 1
0 0 0 1 1 1 1 1 1 1 1 1 1 1 1 0 0 0 0 0 1 0 1 1
1 0 1 1 0 1 1 1 1 0 1 0 0 0 0 0 0 1 1 0 0 0 0 1
1 1 0 0 0 0 1 0 0 1 1 0 1 0 0 0 0 1 1 0 0 0 0 0
0 0 1 1 1 1 1 0 1 0 1 1 1 1 0 0 1 1 1 0 1 1 1 1
0 1 1 1 0 1 1 1 0 1 1 0 1 0 1 1 0 1 1 0 1 0 1 0
0 0 0 1 0 0 0 1 0 1 0 1 1 0 0 0 0 0 0 0 0 0 0 1
0 0 1 1 0 1 0 0 0 0 0 1 1 0 0 0 1 1 0 1 0 1 1 1
1 1 1 0 0 0 1 1 0 0 1 0 1 0 0 0 1 1 1 1 0 1 0 0
1 0 0 0 0 0 1 0 1 0 0 1 0 0 0 1 1 1 0 1 1 1 0 1
1 0 0 0 1 0 0 0 0 0 0 1 0 1 1 1 1 1 0 0 1 1 1 0
1 0 0 0 1 0 1 0 0 0 0 1 1 0 1 0 1 0 1 1 0 0 1 1
1 1 0 1 1 0 0 1 1 0 0 0 1 1 1 0 0 1 1 1 1 0 1 1
0 0 1 0 1 0 1 1 1 1 0 0 1 1 1 0 0 1 1 0 0 1 0 0
0 0 1 0 1 0 1 1 1 1 1 1 1 0 0 0 1 0 0 1 0 0 0 0
0 1 1 0 0 0 1 1 1 0 1 1 0 1 0 1 1 0 1 1 1 0 0 0
0 0 0 0 1 0 1 0 1 1 1 0 0 0 1 0 0 1 0 1 1 1 0 1
1 0 1 1 0 0 0 1 1 1 1 1 0 1 1 0 0 0 1 0 1 0 0 1
0 1 0 1 0 1 0 0 1 0 0 0 1 0 0 1 0 0 1 1 1 1 0 0
0 1 1 0 0 1 0 1 1 0 1 1 0 0 1 1 1 1 0 0 1 1 0 1
1 0 1 0 0 0 1 1 1 0 0 1 1 0 0 1 0 1 1 0 1 0 0 0
1 0 1 1 1 0 1 0 0 1 0 1 1 0 1 0 0 0 1 1 0 1 1 1
1 0 0 0 1 1 0 1 0 1 1 1 0 0 0 1 1 0 1 1 0 1 1 0
1 1 0 0 0 1 1 0 0 0 1 1 0 0 1 0 1 0 0 1 1 1 1 1
1 0 1 1 1 0 0 0 0 0 0 0 1 1 1 0 1 1 1 0 0 1 1 0
0 0 1 0 1 1 0 0 1 1 0 0 1 0 0 0 0 0 1 0 1 0 1 1
1 1 1 1 1 0 0 1 0 0 1 1 1 1 1 0 1 0 0 1 1 0 1 0
0 0 1 0 0 0 1 0 1 1 0 1 1 0 0 1 1 0 1 0 0 1 1 0
0 0 1 1 0 0 1 1 0 0 0 0 0 0 1 1 1 0 0 0 1 0 0 1
0 1 1 1 1 1 1 0 0 0 0 0 0 0 1 0 0 1 0 0 0 0 1 0
0 1 0 0 1 1 1 1 0 1 1 0 0 0 1 0 0 0 1 0 1 0 0 1
1 0 0 1 0 1 1 0 1 0 0 1 1 1 1 1 0 0 0 1 0 0 1 1
1 1 0 1 0 1 0 1 0 1 1 0 0 1 0 0 0 0 1 0 1 1 0 1
0 0 0 1 0 0 1 1 0 0 0 0 1 0 1 0 0 0 1 0 1 1 1 1
0 0 1 1 0 0 0 0 1 0 1 1 1 1 1 1 0 1 0 0 0 1 0 0
1 1 1 1 1 1 1 1 1 1 1 0 1 1 0 1 0 1 0 1 0 0 0 1
0 1 1 1 0 1 1 1 1 1 1 1 1 0 1 0 0 1 0 1 0 1 0 0
1 0 0 0 1 1 0 0 0 1 0 1 1 1 1 0 0 1 0 0 1 0 0 0
0 0 1 1 1 1 0 1 1 0 0 1 0 0 0 1 0 0 1 0 1 0 0 0
0 1 0 0 0 1 1 0 1 0 0 1 1 1 0 1 1 0 0 0 1 0 1 0
0 1 0 1 1 1 1 1 0 1 0 1 1 0 0 1 0 1 0 0 0 1 1 0
1 0 0 0 1 1 1 0 1 0 1 0 1 0 0 0 0 0 1 1 1 0 0 1
0 0 0 1 1 1 0 0 1 0 0 0 1 0 1 1 1 1 0 0 0 1 0 1
0 0 0 0 1 1 1 1 0 0 1 0 1 0 0 0 0 1 0 0 0 1 0 1
0 1 1 0 1 0 0 0 1 0 1 0 0 0 0 0 0 0 1 1 0 1 1 1
0 1 1 0 0 0 0 1 0 0 0 0 1 1 0 0 0 0 0 1 1 0 0 1
0 0 0 1 1 0 0 0 0 1 1 1 0 0 1 0 0 1 0 1 0 1 1 0
1 0 0 0 0 0 1 1 0 0 1 1 0 0 1 0 0 0 1 0 0 1 1 0
0 1 1 0 0 1 0 1 1 1 0 1 1 0 0 1 0 0 0 1 1 0 1 1
1 1 1 1 0 0 0 0 1 1 1 1 0 1 1 0 1 1 1 1 0 1 1 1
0 0 0 1 0 1 0 0 0 0 0 0 0 1 1 1 1 1 1 1 1 0 1 0
1 0 1 1 0 1 1 0 1 1 1 1 1 0 1 1 1 1 0 0 1 0 1 0
1 1 1 0 0 0 0 1 0 0 0 0 0 1 1 1 0 1 1 0 1 0 1 0
1 0 1 1 1 0 1 1 1 0 1 0 1 1 1 1 1 0 0 1 1 0 1 1
1 1 1 1 0 1 1 1 1 0 0 1 0 0 0 0 0 0 0 1 1 1 0 1
1 0 1 0 1 0 0 1 1 0 0 0 0 1 0 1 1 0 0 1 1 1 0 0
0 1 0 0 0 1 0 1 1 0 0 1 0 1 1 0 0 1 0 0 0 0 0 0
1 0 0 0 1 1 1 1 1 1 0 1 0 1 0 0 0 1 1 0 1 1 1 1
0 0 0 1 0 1 1 0 0 1 0 0 1 0 1 1 1 0 0 1 1 1 1 1
0 1 1 0 1 1 0 1 1 1 0 0 0 0 0 0 0 0 0 0 0 1 0 1
1 0 1 0 0 1 1 0 0 1 1 0 1 1 0 0 1 0 1 0 0 1 0 1
1 1 1 0 0 1 0 1 1 1 1 1 1 0 0 0 1 1 1 0 1 1 0 0
1 0 1 1 1 1 1 1 0 1 1 0 0 0 1 0 1 1 0 1 1 1 1 0
0 1 0 0 0 0 0 0 1 1 0 1 0 0 1 0 0 0 1 1 1 1 1 0
0 1 1 1 1 1 0 0 1 0 1 0 0 1 1 1 1 1 0 0 1 1 1 1
1 1 0 0 1 1 1 1 0 1 1 1 0 1 1 0 1 1 0 1 1 1 0 1
0 1 1 1 0 0 0 1 1 1 1 1 0 0 1 1 0 0 0 1 1 0 1 0
0 1 1 1 1 1 0 1 0 1 0 0 0 0 0 1 0 0 1 1 1 1 1 1
1 0 1 1 1 0 1 1 0 1 1 1 0 1 0 0 0 1 1 1 0 0 1 1
0 1 0 0 1 0 0 1 0 1 0 0 1 1 0 0 0 1 1 1 0 0 0 0
0 1 1 0 0 1 1 0 1 1 0 0 0 0 0 0 1 1 1 0 0 1 0 1
0 0 0 1 1 0 1 1 1 0 0 1 1 0 1 1 0 1 1 1 0 0 0 0
0 1 1 1 0 0 0 1 0 0 0 0 0 0 1 0 0 1 1 1 1 1 0 0
1 1 0 1 1 1 1 0 1 1 1 1 0 1 0 1 0 0 0 0 0 0 0 0
0 1 1 0 1 1 1 0 0 1 0 0 1 0 1 1 1 0 0 0 1 1 0 0
1 0 0 1 1 0 0 0 1 1 1 0 1 0 0 1 1 1 1 0 1 1 0 1
0 1 0 1 0 0 1 1 1 1 1 0 0 1 1 1 1 0 0 1 0 0 0 1
0 0 1 0 0 0 1 1 0 0 1 1 0 0 1 1 1 1 0 0 0 1 0 0
1 0 1 0 0 1 0 1 0 0 1 0 1 0 0 1 0 0 1 0 0 1 1 1
0 0 0 0 0 1 1 0 1 1 1 1 1 1 0 0 0 0 1 1 0 0 1 0
0 0 0 1 0 1 0 1 0 1 0 1 1 0 0 1 1 1 1 0 0 0 1 1
1 0 0 0 0 0 0 1 0 1 0 0 0 0 1 1 0 1 1 1 0 0 1 0
1 1 1 1 1 1 0 0 0 0 1 0 0 0 1 0 0 0 1 0 1 1 1 0
1 1 0 1 1 1 1 0 0 0 0 1 1 1 0 1 0 1 0 0 1 1 0 1
0 1 1 1 1 0 1 0 0 1 1 1 1 0 0 0 0 0 0 0 1 1 1 0
0 0 0 1 1 0 0 0 0 1 0 0 0 0 0 1 1 0 1 0 1 0 1 1
1 1 1 0 0 0 1 0 0 1 1 1 0 1 0 0 1 1 0 1 1 1 1 0
1 1 0 0 0 1 1 1 1 0 0 1 1 0 1 1 0 1 1 1 1 0 1 0
1 0 0 1 0 1 1 1 0 0 1 0 1 0 0 0 0 0 0 0 0 0 1 1
0 0 1 1 1 0 0 0 1 0 1 1 0 1 0 0 1 0 0 0 1 0 0 0
1 0 1 1 0 1 1 1 1 1 0 0 0 0 1 0 1 0 0 0 0 1 1 1
1 1 0 1 1 1 1 1 1 0 0 0 1 0 0 0 1 0 1 1 1 1 0 0
0 0 0 1 0 1 0 1 1 0 1 0 1 1 1 0 1 1 0 1 1 0 0 0
0 1 0 0 1 1 1 0 0 1 1 1 1 1 1 1 0 1 1 0 1 1 1 1
C Elapsed Time 215646.230000 
