C By Cinvestav
C 
565 44 2^44 6
0 1 0 1 1 1 1 0 0 1 0 0 1 0 1 0 0 1 1 0 1 0 0 1 1 1 0 1 1 1 1 1 1 1 1 0 0 0 0 0 1 0 1 0
1 1 0 0 0 1 1 1 0 0 1 1 1 1 1 0 0 1 0 1 1 1 1 1 0 1 0 0 0 0 1 0 1 1 0 0 1 0 1 0 1 1 0 1
1 0 0 0 0 0 1 0 0 1 1 0 1 0 1 0 0 0 1 0 1 0 1 1 1 0 0 1 0 0 1 0 1 0 0 0 1 1 1 1 1 0 0 1
0 1 0 1 1 1 0 0 1 0 0 1 0 1 0 0 0 0 0 1 1 0 1 0 1 0 0 1 1 1 0 0 0 1 1 1 1 1 0 1 0 1 1 0
0 1 1 1 0 0 0 1 0 0 0 0 1 1 0 0 0 0 1 0 0 0 0 0 0 0 0 1 1 1 0 0 0 0 0 0 0 0 0 0 1 0 1 1
0 1 1 0 0 1 0 1 1 0 1 1 0 0 1 0 0 1 1 1 0 1 0 1 1 0 0 1 0 1 0 1 0 0 1 0 0 0 1 1 0 1 1 1
1 0 1 1 0 0 0 0 1 1 0 1 1 0 0 0 0 1 0 0 0 1 0 1 1 1 0 0 0 1 1 1 1 1 1 1 1 1 1 0 0 0 0 0
1 0 1 0 0 1 1 0 1 0 1 0 0 1 1 0 0 0 0 1 0 1 0 0 1 1 0 1 1 0 1 0 1 1 1 1 0 1 0 0 0 1 1 1
0 1 0 1 1 0 0 0 0 1 0 0 0 0 1 1 0 0 0 1 0 0 1 0 0 0 0 0 0 0 0 0 1 0 0 1 0 0 0 1 1 0 0 0
0 0 0 1 0 1 0 0 0 0 0 0 0 1 0 1 0 1 0 0 0 0 1 0 0 1 0 0 0 0 1 1 0 1 0 0 0 0 1 0 0 1 0 1
1 1 0 0 0 1 0 1 0 1 0 1 1 0 1 1 0 1 1 0 1 0 1 0 1 1 0 1 0 0 0 1 0 1 0 1 1 1 1 1 0 0 0 0
1 0 0 0 1 1 1 1 0 0 0 1 0 1 0 1 0 1 1 1 1 1 1 1 0 0 0 1 0 0 0 0 0 0 0 1 0 1 0 1 0 1 1 1
1 0 1 0 1 0 1 1 0 0 0 0 0 0 0 1 0 1 0 1 0 0 1 1 0 1 0 0 0 0 1 0 0 0 1 1 1 0 1 1 0 0 0 1
0 1 1 0 1 0 0 1 1 0 1 0 1 1 0 1 0 0 1 0 1 1 1 1 1 1 0 1 0 0 0 1 0 1 1 1 1 0 1 0 0 1 0 1
1 1 1 0 0 0 0 0 0 0 0 1 0 1 1 1 0 1 0 0 0 1 1 1 0 1 0 0 1 1 0 0 1 0 1 0 1 1 0 1 0 0 0 0
0 0 0 0 1 0 0 1 0 0 0 1 1 0 1 0 0 0 1 1 1 1 1 1 1 1 1 0 0 1 0 1 0 1 1 1 0 0 0 1 0 0 1 0
0 1 0 1 0 0 1 0 0 1 1 1 0 1 0 0 0 1 1 0 0 1 0 0 1 0 1 1 0 0 1 1 1 1 0 1 1 0 1 0 1 1 0 0
1 1 0 0 1 1 0 0 1 0 0 0 1 1 1 0 0 1 1 1 1 1 0 1 0 0 1 0 0 1 0 1 0 0 0 0 1 1 0 1 0 0 1 1
1 0 0 0 0 1 0 0 0 0 1 1 1 0 0 0 0 1 1 1 1 0 1 0 0 1 1 0 1 1 0 0 0 0 1 0 0 1 0 0 1 0 0 1
0 0 1 0 0 1 1 0 1 1 1 0 0 0 1 0 0 1 1 1 0 1 1 0 0 0 1 1 0 1 0 0 0 1 0 1 0 0 1 0 1 0 0 1
1 0 1 0 1 1 1 0 1 1 1 0 1 0 0 0 0 0 0 1 0 1 0 0 0 0 1 0 1 0 0 0 0 0 0 0 1 0 0 1 1 1 0 0
1 1 1 1 0 1 1 1 0 1 0 1 0 0 1 0 0 0 0 0 0 1 1 1 1 1 1 0 1 0 0 0 0 0 0 1 1 1 0 1 0 0 0 1
0 1 1 0 0 1 1 0 1 1 0 0 0 0 0 0 0 0 1 0 0 0 0 0 1 1 1 1 1 0 0 1 1 0 0 1 0 1 0 1 1 1 0 1
1 1 0 0 1 1 1 0 1 1 1 1 1 0 0 1 0 1 1 1 1 0 0 0 1 1 1 0 0 1 1 0 0 1 0 0 1 0 0 1 1 0 1 0
0 1 0 0 0 0 1 0 0 1 0 1 1 0 1 1 0 0 0 1 0 1 1 0 0 1 1 1 1 1 1 1 0 0 0 0 0 0 0 1 0 1 1 0
0 0 0 1 0 0 0 1 0 1 0 1 0 1 1 1 0 0 1 1 0 1 1 0 1 1 1 0 0 1 1 0 0 0 1 0 1 1 1 0 0 1 1 1
0 0 1 0 1 1 0 0 1 0 1 1 1 0 0 1 0 0 1 1 0 0 1 1 1 1 1 0 1 0 1 1 0 1 0 0 0 1 0 1 0 0 0 1
1 1 1 0 0 0 0 0 0 0 1 0 1 1 1 1 0 1 0 1 0 1 1 1 1 0 1 1 0 0 0 1 0 1 0 0 0 1 1 0 0 1 0 0
0 1 0 0 0 1 1 1 0 1 0 0 1 1 1 0 1 0 0 1 0 1 0 0 1 0 0 0 1 1 0 0 1 1 1 1 1 0 1 1 1 0 1 1
1 0 0 1 1 0 0 0 0 0 1 0 1 1 0 0 1 1 0 1 1 1 0 1 0 0 0 0 0 1 0 1 0 1 1 1 0 0 0 0 1 1 0 0
1 1 0 0 1 1 1 1 0 1 0 1 0 1 1 0 1 0 0 0 0 0 0 1 1 1 1 0 0 0 1 1 0 1 1 1 0 1 1 0 0 1 1 0
0 0 1 1 0 0 0 0 0 0 1 1 1 0 0 0 1 1 0 1 0 0 1 1 1 1 0 0 0 0 0 0 0 0 0 0 1 0 1 0 1 0 0 0
1 0 1 1 0 0 1 1 0 0 1 1 1 1 0 0 1 0 0 0 0 0 0 0 0 1 0 1 0 1 1 0 1 0 1 0 1 0 1 1 1 1 1 0
1 0 1 0 1 1 1 1 0 1 0 1 1 1 0 0 1 1 1 1 0 1 0 1 1 1 0 1 1 0 0 0 1 1 1 0 1 1 0 1 0 1 0 1
0 0 0 0 0 0 0 1 1 0 1 0 1 1 1 1 1 1 1 1 1 1 0 1 0 0 0 1 0 0 1 1 1 0 0 1 1 0 1 0 1 0 1 0
0 1 0 0 1 0 0 0 0 0 0 0 0 0 1 1 1 0 1 1 0 1 1 1 1 0 0 0 1 0 1 0 0 0 1 0 0 0 0 1 1 1 0 1
0 1 0 1 1 1 1 1 0 0 1 0 1 1 1 1 1 0 0 1 1 0 0 0 0 0 0 1 0 1 0 0 0 1 0 0 0 1 0 0 0 0 1 0
0 0 0 1 0 0 1 0 0 0 1 1 1 0 1 1 1 0 1 1 0 0 1 1 1 1 0 1 0 1 1 1 0 1 1 1 0 1 1 0 1 1 0 1
1 0 1 0 0 1 0 0 0 1 1 0 0 0 0 1 1 0 0 0 1 1 0 1 0 1 0 1 0 0 1 0 1 1 1 0 1 0 1 0 1 0 0 0
0 1 1 1 0 0 1 1 1 1 0 0 0 0 0 1 1 1 0 0 0 1 1 0 1 1 0 1 1 1 1 1 0 0 1 1 1 0 0 0 1 1 0 1
0 1 1 0 1 0 0 1 0 1 0 0 0 0 1 1 1 1 1 0 0 1 0 0 0 0 0 1 0 0 1 1 1 1 0 1 0 1 0 1 0 0 0 1
0 0 1 1 0 0 0 1 0 1 1 0 0 0 1 1 1 0 1 0 0 0 0 1 0 1 0 1 0 0 0 1 1 1 0 0 1 1 1 1 0 1 1 1
1 1 0 1 0 1 0 0 0 0 0 0 1 0 0 0 1 0 0 0 1 1 1 0 1 0 1 1 0 1 0 0 1 1 0 1 0 0 1 0 0 1 1 1
0 1 0 1 0 1 0 1 0 1 1 0 1 0 1 0 1 0 1 1 0 1 1 1 1 0 1 0 1 0 1 1 0 1 0 0 1 1 0 0 1 0 1 0
0 0 0 0 1 1 0 0 0 0 1 1 1 0 1 0 1 0 0 0 0 1 0 0 1 1 1 1 0 1 1 0 0 0 0 1 1 1 0 0 1 1 0 0
0 1 1 0 0 1 0 1 1 1 1 1 1 0 0 0 1 0 1 0 1 1 1 1 1 1 1 1 0 1 1 1 0 0 0 0 1 0 1 1 1 0 1 1
1 1 1 1 0 1 0 0 0 1 0 1 1 0 1 0 1 1 0 0 0 0 0 0 0 1 1 0 0 0 0 1 0 1 1 0 0 0 0 0 0 1 0 0
1 1 1 0 0 1 0 1 0 1 1 1 1 1 0 0 1 1 1 1 1 1 1 0 1 1 1 0 1 1 0 1 1 0 1 1 1 1 1 0 0 1 1 0
1 0 0 1 1 1 1 1 0 1 0 0 0 1 1 1 1 0 1 1 1 1 1 1 0 0 1 0 0 0 1 1 1 1 0 0 0 0 1 1 0 0 0 0
0 1 0 0 1 1 1 0 1 1 1 1 0 0 1 1 1 1 1 0 0 1 0 1 1 0 1 0 0 0 0 0 1 0 0 0 1 1 1 0 0 0 0 1
1 0 0 1 1 0 0 1 1 0 1 1 0 1 0 1 1 1 1 1 0 1 1 0 1 1 1 1 0 1 1 1 1 0 1 0 0 1 0 1 0 1 0 0
1 1 1 1 1 1 1 1 0 0 0 0 0 0 1 1 1 1 0 1 0 1 0 1 1 0 1 1 1 1 1 0 1 1 1 1 1 0 0 0 1 0 0 0
1 0 1 0 1 0 1 1 0 1 1 0 1 1 0 1 1 0 0 0 1 1 0 0 0 1 1 1 0 1 0 0 0 0 0 0 0 1 1 1 0 1 0 1
1 0 0 1 0 0 0 0 1 0 1 0 0 0 1 0 0 0 0 1 1 1 1 1 1 0 0 1 1 1 1 1 1 0 0 1 1 0 0 1 0 1 0 1
1 1 1 1 1 1 1 0 0 0 1 1 0 0 0 0 1 0 0 1 0 0 0 1 1 0 1 0 1 1 1 0 0 0 1 0 0 1 1 1 1 1 1 1
1 1 0 0 0 1 0 1 0 1 0 0 0 0 0 1 0 0 0 1 0 0 0 0 0 1 0 0 0 1 0 1 1 0 1 0 1 1 1 0 1 1 1 0
0 0 0 0 0 1 0 1 1 0 1 0 0 1 0 1 1 0 0 1 1 1 1 0 1 0 1 0 1 1 0 1 0 0 0 1 1 1 1 1 1 1 0 1
0 0 0 0 1 1 1 0 0 1 0 1 1 1 0 0 0 1 1 0 0 0 0 1 1 0 0 0 0 1 1 1 0 0 1 1 1 1 1 1 1 1 0 1
1 1 0 1 0 0 0 0 1 0 0 0 0 1 1 0 1 1 1 0 0 1 0 0 0 1 1 1 0 1 1 0 0 1 1 1 1 1 0 1 1 1 1 1
1 1 0 0 0 1 0 1 1 1 1 0 0 0 0 1 1 1 0 1 0 0 1 0 1 0 0 1 0 0 1 0 0 1 1 0 1 1 1 1 0 1 0 0
1 0 1 1 0 1 1 1 1 0 1 0 0 1 0 1 1 1 1 0 0 0 0 1 1 1 1 1 0 0 1 0 0 0 0 1 0 1 1 0 0 1 0 1
1 0 1 1 0 1 0 1 0 0 1 0 0 1 0 0 0 1 1 1 0 0 1 0 0 0 1 0 0 0 0 0 0 0 0 0 1 1 1 1 1 1 1 0
1 0 1 1 1 1 0 1 0 1 0 1 0 0 0 1 0 1 1 0 1 1 0 0 0 1 1 0 0 0 1 1 0 0 1 0 0 0 1 1 1 0 1 1
1 1 1 0 1 1 0 0 0 0 0 1 1 1 1 0 0 1 1 1 0 0 0 0 0 0 1 0 1 0 1 0 1 1 0 1 0 0 0 1 1 1 1 1
0 1 1 1 0 0 0 1 1 1 1 1 1 0 0 1 0 1 1 1 0 0 1 1 0 1 1 1 0 1 0 0 1 1 0 0 0 1 0 1 0 0 0 0
0 1 0 1 1 0 1 1 1 0 0 0 0 1 0 0 0 0 0 0 0 1 0 1 1 1 1 0 1 0 1 0 0 0 0 0 1 0 1 1 1 0 1 1
0 0 1 1 0 0 0 1 0 0 0 1 1 1 1 0 0 1 0 1 0 0 1 0 0 0 0 1 0 0 0 0 0 0 1 0 1 0 0 0 0 0 0 1
0 1 1 1 1 1 1 0 0 1 0 1 0 1 1 1 1 1 1 1 1 1 0 0 0 1 0 0 0 1 0 0 0 1 0 1 1 1 1 1 1 1 0 0
1 1 0 1 0 1 0 0 0 1 0 0 0 1 1 0 1 1 0 0 0 0 0 1 1 0 0 1 1 1 0 0 0 0 0 0 0 1 0 1 0 1 0 1
1 0 1 0 0 1 0 1 1 1 0 1 0 0 0 0 1 0 0 0 0 0 1 0 0 0 0 0 1 1 1 1 1 1 0 1 1 0 1 0 1 1 1 1
0 0 1 1 1 0 0 0 0 1 0 1 1 1 1 0 1 0 0 0 1 0 0 1 0 0 0 0 1 0 1 0 1 1 0 1 0 1 1 0 0 0 0 1
0 0 1 1 1 1 0 0 1 0 1 0 1 0 0 1 0 0 1 0 1 0 0 0 1 1 0 0 0 1 0 0 1 0 1 0 0 0 1 1 1 1 0 1
1 1 1 0 1 1 1 1 0 1 1 0 1 0 1 0 1 0 1 0 0 0 1 0 1 0 0 1 1 0 0 1 0 0 1 1 0 0 1 0 0 0 0 1
1 0 0 1 1 1 1 0 1 0 0 0 0 0 1 1 0 0 1 0 0 0 0 0 1 0 1 0 1 1 1 0 0 1 1 1 0 1 0 1 0 0 0 0
1 0 0 0 1 0 0 1 0 0 0 1 0 0 0 1 0 0 1 0 0 0 1 0 1 1 1 1 0 0 0 0 1 1 1 1 1 0 0 0 1 1 1 1
1 0 1 1 0 1 1 0 1 1 0 0 0 1 1 0 0 0 0 1 0 0 1 1 1 0 1 0 1 0 1 1 0 1 1 0 1 0 0 0 1 1 0 1
0 1 0 0 1 0 0 0 0 0 0 1 0 1 1 1 1 0 0 0 1 0 1 1 0 1 1 1 0 1 1 0 0 1 1 1 0 0 1 0 1 0 0 1
0 0 1 1 1 1 1 1 0 1 0 0 1 1 1 1 1 1 0 1 0 0 0 1 1 0 0 0 0 0 0 0 0 0 1 0 0 1 0 1 1 0 1 1
0 0 0 0 0 1 0 1 1 0 0 0 0 0 1 0 1 0 0 0 0 0 1 0 0 1 1 1 0 0 1 0 1 0 1 0 0 1 1 0 0 0 1 1
0 1 1 0 1 1 1 0 0 0 1 0 1 1 0 1 1 1 0 1 1 0 1 1 1 0 0 0 1 1 0 0 1 1 0 0 0 0 0 1 0 1 1 0
1 0 0 0 0 1 0 1 0 0 0 1 0 0 1 1 1 1 0 1 1 1 0 1 1 1 1 0 1 0 1 1 0 0 0 1 1 0 0 0 0 1 0 1
0 1 1 0 1 1 1 1 0 1 1 1 0 1 1 1 1 1 1 1 1 0 0 0 0 0 1 0 1 0 0 1 0 0 1 0 1 0 0 0 0 0 1 0
0 0 0 0 1 0 1 1 0 1 0 1 0 1 0 1 0 0 0 0 1 0 0 0 1 0 0 1 1 1 1 1 0 0 0 0 1 0 0 1 1 0 0 1
0 0 1 1 0 0 0 1 0 0 1 1 0 1 1 0 0 0 0 1 1 0 1 1 0 1 0 1 0 0 0 1 1 0 0 0 0 1 0 0 1 1 0 0
0 1 1 1 1 0 0 0 1 0 1 1 0 0 1 0 1 1 1 1 1 1 0 1 1 0 1 1 1 1 0 1 0 1 0 1 0 1 1 0 1 0 0 1
1 1 0 1 1 0 0 1 1 1 1 0 0 1 0 0 0 1 1 1 0 0 0 1 1 0 0 0 1 1 1 0 0 1 0 1 1 1 1 0 1 0 0 0
1 0 1 1 1 0 1 0 0 1 1 1 1 1 1 1 1 0 0 0 0 0 0 1 1 1 0 0 0 0 1 1 0 0 0 1 1 0 0 1 1 0 0 1
1 1 0 1 1 0 1 0 0 1 1 1 1 0 0 1 1 1 0 1 1 1 0 1 1 0 0 1 1 0 1 0 0 1 1 1 0 0 1 1 0 0 0 1
1 0 1 0 0 1 1 0 0 0 0 0 1 1 1 1 1 0 0 1 1 0 1 0 1 1 1 1 1 0 0 0 0 1 0 1 0 1 1 0 1 0 0 0
1 0 1 0 0 0 1 1 1 1 0 0 1 0 0 1 1 0 0 0 1 0 0 0 1 1 0 0 1 1 1 0 0 0 1 1 1 1 0 1 0 1 1 1
0 0 1 0 0 1 1 0 1 1 1 1 0 0 1 1 1 1 0 0 1 1 0 0 1 0 0 1 1 0 1 1 1 0 0 0 0 1 0 0 0 1 1 0
0 1 0 0 0 1 0 0 0 0 0 0 0 1 1 0 1 0 1 1 1 1 0 1 1 1 0 1 1 0 0 1 1 1 1 0 1 0 0 0 0 1 1 0
1 1 0 0 1 0 0 1 0 1 1 1 0 1 1 0 0 0 1 0 0 1 1 1 0 1 0 1 1 1 0 1 1 1 0 1 0 1 1 1 1 0 1 1
0 1 1 0 1 1 0 1 1 0 0 0 0 1 1 0 1 1 1 0 0 1 1 1 0 0 1 1 1 0 0 0 0 1 0 1 1 0 0 0 0 1 0 0
0 1 0 0 1 1 1 0 1 1 1 0 0 0 0 0 1 1 0 1 1 0 1 1 1 1 1 0 1 0 0 1 1 0 1 1 1 0 1 0 1 0 1 0
1 1 0 1 0 1 1 1 0 1 1 0 1 1 0 1 0 1 1 1 0 0 0 0 1 0 1 0 1 1 0 0 0 0 0 1 1 0 0 0 0 0 0 1
0 0 1 0 0 1 0 0 1 1 0 0 0 1 1 0 0 1 1 1 1 1 1 1 1 1 0 0 1 0 1 1 0 0 1 0 1 1 0 1 0 0 1 0
1 1 0 1 0 1 0 1 1 0 0 1 0 1 0 1 1 1 1 0 1 0 0 1 0 0 0 0 0 0 1 1 1 0 1 0 1 1 0 1 1 0 0 0
0 1 1 1 1 1 1 1 0 0 1 1 0 1 0 0 0 1 0 1 1 0 0 0 1 1 0 0 1 0 1 0 0 1 1 1 0 0 0 0 1 1 0 0
0 0 1 1 0 0 0 0 1 1 0 0 1 0 0 1 1 0 1 0 0 1 1 1 0 1 1 0 1 0 0 1 0 1 1 1 1 0 0 1 0 1 0 0
1 0 0 0 1 0 0 0 0 1 0 1 0 1 1 0 1 1 1 0 1 0 0 0 0 1 0 0 0 1 1 0 1 0 0 0 0 0 1 1 0 0 1 0
0 1 0 1 1 1 1 0 0 0 1 0 0 0 1 0 0 1 0 0 0 0 1 1 0 0 1 1 0 0 1 1 0 0 0 1 0 1 0 0 0 0 0 0
0 1 1 1 1 1 0 1 1 0 0 0 1 0 1 0 1 1 0 1 1 1 1 0 0 1 0 1 0 0 1 1 1 1 1 0 0 1 1 0 1 1 1 1
0 0 1 0 1 1 1 1 0 1 1 1 1 1 1 1 0 1 0 0 1 0 1 0 1 1 1 1 0 1 1 0 1 1 1 1 1 1 1 1 0 0 1 1
0 0 1 1 1 1 0 0 0 1 0 0 1 0 1 1 0 1 0 1 0 0 0 1 0 0 1 0 1 1 0 1 1 0 1 1 1 1 0 0 0 1 0 1
1 0 0 1 0 1 1 1 1 1 1 0 1 0 1 0 1 1 1 0 1 1 1 1 0 1 0 0 0 0 0 0 0 0 1 0 1 0 1 0 0 1 1 0
1 0 0 0 1 0 0 1 1 1 1 1 1 1 0 1 0 1 0 1 1 0 1 1 0 0 0 1 0 0 1 0 0 0 1 0 0 1 1 0 1 0 1 1
1 0 0 1 1 0 1 1 1 1 0 0 1 1 0 1 1 0 1 1 1 0 1 0 1 1 0 0 0 0 1 0 1 1 0 1 1 0 1 0 1 1 1 1
0 0 0 1 0 0 1 1 0 1 0 1 0 0 0 1 1 0 1 0 1 0 1 0 0 0 1 0 1 1 0 0 0 1 0 1 1 1 1 0 1 0 1 0
0 0 1 1 1 1 1 1 1 1 1 1 1 1 1 0 1 1 0 1 0 1 1 1 0 1 1 1 1 1 1 1 0 0 1 1 0 0 0 0 0 0 1 1
0 0 0 0 1 0 1 0 0 1 1 1 1 0 0 1 1 0 1 0 0 1 1 1 0 0 0 0 1 1 0 1 1 1 0 1 1 1 0 0 0 0 0 1
1 1 0 0 1 0 1 0 1 0 1 1 1 0 1 1 0 1 0 0 0 0 1 1 1 1 0 0 0 1 0 1 0 0 0 1 0 0 0 0 1 1 0 0
0 0 1 1 0 1 0 1 1 0 0 1 1 1 1 1 0 0 0 0 0 0 1 1 1 0 1 0 1 0 0 1 1 0 0 0 1 0 1 1 0 1 1 0
0 0 0 1 0 1 0 1 0 1 1 0 1 0 0 1 0 1 0 0 1 0 1 1 1 0 1 0 1 0 1 0 1 1 1 1 0 1 0 1 1 1 0 0
0 1 0 1 1 1 1 1 1 1 0 1 1 0 1 0 1 0 0 0 1 0 0 0 1 1 1 0 1 1 0 1 1 1 0 0 1 1 1 0 1 1 0 1
0 0 1 0 0 0 0 1 1 1 1 0 0 1 1 1 0 1 1 0 1 1 1 1 0 0 1 0 0 1 1 0 1 0 0 0 1 0 0 1 1 1 0 1
0 1 1 1 0 0 1 0 0 1 1 0 1 0 1 1 0 1 0 0 1 1 0 1 0 0 0 0 1 1 0 1 0 0 0 0 1 0 1 1 0 0 0 0
0 1 1 0 1 1 1 0 0 0 1 0 0 1 1 0 0 0 1 1 1 0 0 1 0 1 0 1 0 1 1 0 0 0 1 0 0 0 0 1 0 0 0 1
0 0 1 0 1 0 0 0 1 1 0 1 0 0 0 0 1 0 1 1 1 0 0 1 0 1 0 1 1 1 0 0 0 0 0 1 0 0 1 0 0 1 0 0
1 0 1 1 0 1 1 1 1 0 0 0 0 1 0 0 0 1 0 1 1 1 0 1 0 1 1 1 1 0 0 1 1 1 0 0 1 1 1 0 0 0 0 0
1 0 1 1 0 0 1 1 0 0 1 0 0 0 1 1 1 0 1 1 1 0 1 1 0 1 1 1 1 1 0 0 0 0 1 0 1 0 0 1 1 0 1 1
0 0 1 0 1 1 0 1 0 0 1 0 1 1 0 0 1 0 1 1 0 0 0 0 0 1 1 0 0 0 1 1 0 1 1 1 1 1 1 1 1 0 1 0
0 1 0 0 0 1 0 0 1 0 1 1 1 0 1 0 0 1 0 0 0 1 1 0 1 1 1 0 1 1 1 0 1 0 1 1 0 0 1 1 0 1 0 1
0 0 1 1 1 0 1 1 0 0 1 1 1 0 1 0 0 1 0 0 0 0 0 0 1 1 0 1 1 1 0 0 0 0 0 1 0 1 0 1 1 1 1 1
1 0 0 1 1 1 0 1 1 1 0 1 0 1 1 0 0 1 0 1 0 0 0 0 1 1 1 1 0 0 1 0 1 1 0 0 0 1 1 1 1 0 0 1
1 0 1 0 1 1 0 1 0 0 0 1 1 0 1 0 0 0 1 0 1 1 1 0 0 0 0 0 1 0 1 1 0 1 1 0 1 1 1 1 0 1 0 1
1 1 1 1 1 0 1 1 1 1 1 0 1 1 1 0 1 0 1 0 1 1 0 0 1 0 1 0 1 1 1 1 1 1 0 1 0 1 0 1 0 1 1 0
0 1 0 1 1 1 1 0 0 0 1 0 1 0 1 1 1 1 1 1 0 1 1 0 1 1 1 1 1 0 0 1 0 1 0 1 0 0 0 1 1 1 0 1
1 0 0 1 0 1 0 0 1 0 0 1 0 0 0 1 0 0 0 0 0 1 0 1 0 0 0 1 0 1 0 0 0 0 0 0 1 0 0 0 1 1 0 1
1 0 0 0 1 0 1 0 1 1 0 0 1 1 1 1 1 0 1 0 0 1 1 1 1 0 1 1 1 1 1 1 0 1 1 0 1 1 0 0 0 0 1 1
1 0 1 1 1 1 1 1 1 1 0 1 1 1 0 0 0 1 1 0 0 0 1 0 0 0 0 0 0 0 0 0 0 1 0 0 0 1 1 0 0 0 0 0
1 1 1 0 1 0 0 0 0 0 1 0 1 1 1 1 1 1 1 0 1 0 0 0 1 0 1 0 0 0 0 0 0 0 1 1 1 1 1 0 1 1 1 1
1 1 0 0 1 1 0 1 0 0 0 0 1 0 0 0 1 1 0 1 0 0 1 1 0 0 0 1 1 1 0 1 0 0 0 0 0 0 1 1 1 0 0 1
1 1 0 0 0 1 1 1 1 0 0 0 1 0 1 1 0 1 1 0 0 0 1 1 1 1 1 1 1 1 1 1 1 0 0 0 1 1 0 1 1 1 1 1
0 1 1 1 0 1 1 0 1 0 1 1 1 1 0 0 1 0 0 1 1 1 0 0 1 1 1 0 0 0 0 1 0 1 1 0 0 1 1 1 0 0 0 1
0 1 1 0 1 1 1 0 1 0 1 1 0 1 0 1 0 0 0 0 0 1 1 1 0 1 1 0 0 0 1 1 1 1 1 1 1 1 0 1 1 1 0 0
0 0 0 1 1 1 0 0 1 1 1 1 1 0 1 1 0 0 0 0 0 1 1 0 0 0 0 0 0 0 1 0 0 1 0 1 0 1 1 1 1 0 1 1
0 1 1 1 1 1 1 1 1 1 0 1 0 0 0 0 0 0 0 1 0 0 0 0 0 1 0 1 1 0 1 1 1 0 0 0 1 0 0 1 0 0 1 0
0 1 1 1 0 0 1 1 0 0 1 1 0 0 1 0 1 1 1 1 1 1 1 1 0 1 1 0 0 0 1 0 1 0 1 1 0 1 0 1 1 1 1 0
0 1 1 0 0 1 0 1 0 0 1 0 1 0 1 1 0 0 0 0 0 1 0 1 0 0 0 0 1 1 1 1 0 0 1 1 0 0 0 1 1 1 1 0
0 1 0 1 1 0 1 0 1 0 0 0 0 0 1 0 0 0 1 0 0 0 1 1 0 0 1 0 0 1 0 1 0 1 0 0 0 0 1 1 1 1 1 0
0 1 1 0 1 0 1 0 1 1 0 0 0 0 1 1 0 0 0 0 1 1 0 1 1 1 0 0 1 0 0 0 1 1 0 1 0 0 0 0 0 0 1 1
0 1 1 0 0 1 1 1 0 0 1 1 1 1 0 1 1 0 1 0 0 1 1 1 0 1 0 0 0 1 1 1 0 0 0 0 0 1 0 0 1 1 1 1
0 1 1 1 1 0 0 1 1 0 0 0 0 0 1 1 1 0 0 1 0 0 0 0 1 1 1 0 1 1 0 1 0 0 0 1 0 1 1 1 0 0 1 0
1 0 1 0 1 1 1 1 1 1 1 1 1 1 1 0 0 1 0 1 1 0 1 1 0 1 1 1 1 1 0 1 0 1 0 1 1 0 1 1 1 1 1 0
0 0 1 0 0 1 1 1 0 0 0 0 0 0 1 0 0 1 0 1 0 1 1 0 1 0 0 0 0 1 0 0 1 1 0 1 1 1 0 0 0 1 1 0
1 1 0 0 0 0 1 0 1 1 0 1 0 1 1 0 1 0 0 1 1 1 1 0 0 0 1 1 0 0 0 0 1 0 0 0 1 1 0 1 1 0 1 0
1 1 1 0 1 1 1 0 0 0 1 0 0 0 0 0 1 1 1 0 1 0 1 0 0 1 1 0 1 1 1 1 0 1 0 0 1 1 1 1 0 1 0 0
1 1 1 1 1 0 1 0 0 0 0 0 0 1 0 0 1 1 1 1 1 0 1 1 1 1 0 1 0 1 0 1 0 1 0 1 1 1 0 0 0 0 1 1
1 0 0 0 0 0 0 1 0 1 1 0 1 1 0 1 0 0 0 0 0 0 1 1 0 0 1 0 1 0 0 0 0 1 1 0 0 0 1 1 0 0 1 1
1 1 1 1 0 0 1 1 1 0 0 1 1 1 1 0 0 0 0 1 1 0 1 1 0 0 1 0 0 1 1 0 0 0 0 1 0 1 1 1 0 1 0 0
0 0 1 0 0 0 1 0 0 1 0 0 0 0 1 0 0 1 1 1 0 0 0 0 1 0 1 0 1 0 1 0 1 0 1 0 0 1 1 0 1 0 0 0
0 1 0 1 0 1 1 0 0 0 1 0 1 1 0 1 0 0 0 0 0 1 1 0 1 1 1 1 0 0 0 1 0 0 1 0 1 1 1 1 1 0 1 0
0 0 1 1 1 1 0 1 0 0 1 1 0 0 1 0 1 1 1 0 1 0 1 1 1 1 0 0 1 1 1 0 1 0 1 0 1 1 0 0 0 0 1 1
1 1 0 1 0 0 1 1 0 0 0 1 1 1 0 1 1 0 1 0 1 0 0 1 1 1 0 1 1 1 0 1 1 0 1 1 1 0 0 0 0 0 0 0
0 0 1 1 1 1 0 1 0 1 1 0 0 0 1 1 1 0 1 0 1 0 1 0 0 0 1 1 0 1 1 1 0 0 0 1 1 0 0 0 1 1 0 0
1 0 0 1 1 0 1 1 1 0 0 1 1 1 1 0 0 1 0 1 1 1 1 1 1 1 1 0 1 0 0 0 1 0 0 1 0 1 1 0 1 0 1 0
1 0 1 1 1 0 0 0 1 0 1 1 0 1 1 1 0 1 1 1 0 0 0 0 1 0 0 0 0 1 0 1 0 0 0 1 1 0 0 1 0 1 0 0
1 1 0 0 1 0 0 0 1 1 1 0 1 0 0 1 1 1 0 0 0 1 1 1 0 0 1 0 1 1 1 0 1 1 0 0 0 0 1 0 1 1 1 0
0 0 0 1 0 0 1 1 1 1 0 0 1 1 1 1 0 1 1 1 0 0 0 0 0 1 0 0 1 0 0 1 0 1 0 0 1 1 0 1 1 1 0 1
1 0 0 0 0 0 1 1 1 1 1 0 0 1 1 0 1 0 0 1 0 1 0 0 0 1 0 1 1 1 1 1 0 1 0 1 1 1 1 0 0 0 0 0
0 0 0 0 1 0 1 0 0 0 1 0 1 0 1 0 0 0 1 0 1 1 0 0 0 1 1 0 1 0 1 1 1 1 0 1 1 0 0 0 1 0 0 1
0 1 0 0 1 0 0 0 1 1 1 1 0 0 1 0 0 1 0 0 0 0 0 0 0 1 0 1 0 0 0 1 0 1 1 0 1 1 0 0 1 0 1 1
0 1 0 1 0 0 0 1 0 1 0 1 1 0 0 1 0 1 1 1 1 1 1 1 0 0 1 1 0 0 0 1 1 1 0 0 1 0 0 0 0 0 1 1
1 0 0 0 0 1 1 0 0 1 0 0 0 1 0 1 0 0 1 0 0 0 1 1 0 1 0 1 1 1 1 0 0 0 0 1 1 0 1 0 0 1 1 0
1 0 0 0 0 0 0 1 0 0 1 1 0 0 0 0 1 0 1 0 0 1 0 0 0 1 0 0 1 0 0 0 0 0 0 0 0 0 0 1 0 0 1 1
0 1 0 1 0 1 0 0 0 1 1 1 1 1 0 0 0 0 1 1 1 0 0 1 1 1 0 0 0 0 0 1 1 0 0 1 0 0 1 1 0 1 1 1
1 1 0 0 0 0 0 1 1 0 1 1 1 0 1 1 1 0 1 0 0 1 0 0 0 0 1 0 0 0 0 1 1 1 0 0 0 1 1 1 1 1 0 0
0 1 1 0 1 1 0 1 0 1 1 1 0 1 0 0 0 0 0 0 0 1 1 0 0 0 1 1 1 0 1 0 1 0 0 0 1 1 0 0 0 1 1 1
1 0 0 1 1 1 0 0 0 1 1 1 0 1 1 0 0 0 1 1 1 1 1 0 0 0 1 1 0 1 0 1 0 1 1 0 1 0 1 0 1 0 0 0
1 1 0 0 0 0 1 1 1 0 0 0 1 0 1 0 1 1 0 0 0 0 1 1 0 0 0 0 0 0 0 1 1 1 1 1 0 1 0 1 0 1 1 1
1 1 1 0 1 1 0 0 0 0 0 1 0 0 1 1 1 0 1 1 1 0 0 0 1 0 1 1 0 1 0 0 1 0 1 0 1 0 1 1 0 1 0 1
0 0 1 0 0 0 0 1 1 0 0 1 0 1 0 0 1 1 1 0 0 0 1 1 1 0 1 0 1 1 0 0 0 0 1 1 0 0 0 1 1 0 0 1
1 0 1 1 0 1 1 0 1 1 1 1 0 0 0 1 1 1 1 1 1 0 1 0 0 1 0 0 0 0 1 1 1 0 0 1 1 1 0 0 1 1 0 1
1 0 0 1 0 1 1 0 1 0 0 1 1 1 1 1 0 0 1 0 1 1 0 1 0 1 0 1 0 1 1 0 1 1 0 1 0 0 0 1 1 0 0 1
0 1 1 0 0 0 1 0 1 0 1 1 1 1 1 0 1 1 0 1 0 0 0 0 1 0 0 1 1 1 1 1 1 0 0 1 0 1 0 1 1 0 0 0
0 1 1 1 1 0 0 1 1 0 1 0 0 0 0 1 1 0 0 1 1 1 0 1 0 0 0 0 1 0 0 0 0 0 1 0 0 1 0 0 0 1 0 0
1 1 1 1 0 1 1 0 0 1 1 0 1 0 0 0 0 1 1 0 0 1 1 1 0 0 0 1 0 0 1 0 0 1 1 1 1 0 0 1 1 1 1 1
1 0 0 1 1 0 0 0 1 0 0 1 0 0 1 1 0 1 1 0 1 0 1 1 1 0 1 0 1 0 1 0 1 1 0 1 1 1 1 0 0 1 1 0
1 0 1 0 0 0 1 0 0 1 1 1 1 1 1 0 0 0 1 0 1 1 0 1 1 0 1 0 0 1 0 0 1 1 1 0 0 1 0 0 1 1 1 0
0 0 0 0 0 1 1 1 0 1 1 0 1 1 0 0 0 1 0 0 0 1 0 0 1 1 0 1 0 1 0 1 1 1 0 0 0 0 0 1 0 0 0 0
1 0 1 1 1 0 1 0 0 1 1 0 0 0 1 0 1 1 0 1 0 1 1 0 1 1 1 0 0 1 1 0 1 1 1 0 1 0 1 1 0 1 1 0
1 0 1 1 1 0 0 0 0 1 1 1 0 1 1 0 1 0 0 1 1 1 1 0 1 0 0 0 0 0 0 0 0 1 0 1 0 0 0 1 1 1 0 1
0 0 0 0 1 0 0 0 0 1 1 1 0 0 1 1 0 1 1 1 1 0 1 0 0 0 0 1 1 0 1 1 1 1 1 1 0 0 0 0 0 0 0 0
1 0 1 1 0 1 0 1 0 0 0 0 1 1 0 1 0 0 1 1 0 1 1 0 1 0 0 1 0 1 1 0 1 1 0 0 1 1 0 1 1 1 0 1
1 1 1 1 0 1 0 1 1 1 0 0 0 1 0 0 0 0 1 1 1 1 0 0 1 0 0 1 0 0 0 0 1 1 1 0 0 0 1 1 0 0 1 0
0 1 0 0 0 1 0 1 1 0 1 0 1 0 0 0 0 0 0 0 1 0 1 1 1 0 1 1 1 1 0 0 1 1 1 0 1 1 1 0 0 0 0 0
0 1 1 0 1 1 0 0 1 1 1 0 1 1 1 1 1 1 0 0 0 0 0 1 0 1 1 0 1 1 1 1 1 1 1 0 0 1 1 1 1 0 0 0
0 0 1 0 0 0 1 1 0 1 0 1 1 0 1 1 1 1 1 0 0 1 1 0 1 1 0 0 1 0 0 1 1 1 1 0 0 0 1 1 1 1 1 0
0 1 1 1 1 0 0 0 0 1 0 1 1 0 0 0 0 1 0 0 1 0 1 0 1 0 1 0 0 1 0 1 0 1 0 1 1 0 0 1 0 1 0 1
0 0 1 1 0 0 1 0 1 0 0 0 1 0 1 0 1 1 1 0 0 0 0 0 1 0 1 0 0 0 1 0 0 1 0 0 0 0 0 1 0 0 1 1
0 1 0 1 0 0 0 1 1 1 1 1 0 1 0 0 1 1 0 0 1 1 0 0 1 1 0 1 1 0 0 0 1 0 1 1 1 1 1 0 1 0 0 1
0 0 0 0 1 1 1 0 0 0 0 0 1 1 1 0 1 1 1 1 1 0 1 0 1 0 1 1 0 1 1 1 1 0 1 1 0 0 1 1 0 1 0 0
1 0 0 1 0 0 1 1 1 1 1 1 0 0 0 0 0 0 0 0 0 0 1 0 1 0 1 0 0 1 1 1 0 0 1 1 0 1 0 0 1 0 1 1
1 0 0 0 0 0 1 1 0 0 1 0 0 1 1 1 0 1 0 0 1 0 1 0 1 0 0 1 1 1 0 0 1 0 1 0 1 0 1 0 1 1 0 0
0 0 1 1 1 1 1 0 0 1 0 0 1 0 0 1 0 0 1 1 1 1 0 1 1 0 1 1 0 0 1 1 0 1 0 1 1 1 1 1 0 1 1 0
1 1 1 0 0 1 0 1 1 0 1 1 0 1 0 1 0 0 0 1 1 1 0 0 0 1 1 0 0 1 0 0 0 1 0 1 0 0 1 0 0 0 1 0
0 0 0 0 1 0 0 1 1 0 0 1 1 1 0 0 1 1 0 0 1 0 1 0 0 1 1 1 1 0 0 1 1 0 0 1 1 0 1 1 0 0 0 1
0 1 0 1 1 0 1 1 0 0 0 0 1 0 0 1 0 0 1 1 0 1 0 1 0 1 1 0 0 0 0 0 0 1 1 1 0 1 1 0 1 0 0 1
0 0 0 0 0 0 1 1 1 0 0 0 0 1 0 0 0 0 0 1 0 1 0 1 0 0 0 1 1 1 1 0 1 1 0 0 0 1 1 1 1 1 0 0
1 1 1 0 0 0 0 0 0 1 1 0 0 1 1 0 1 0 1 1 0 0 1 1 0 1 1 0 1 1 0 1 1 1 0 0 1 0 1 0 0 0 0 1
1 0 0 1 0 1 0 0 1 0 1 0 0 0 0 1 0 1 0 0 0 0 0 0 0 0 0 0 1 1 1 0 1 1 0 0 1 1 0 1 0 0 1 1
1 0 0 0 1 1 0 0 1 0 1 0 1 0 0 1 1 0 0 1 1 0 0 1 0 1 1 1 0 1 1 1 1 0 1 1 0 0 0 1 0 0 1 1
0 0 1 1 0 0 1 1 0 0 0 0 0 1 0 0 0 1 0 0 1 0 0 1 0 0 1 0 1 1 0 1 1 1 1 1 0 0 0 1 0 1 1 1
0 0 0 0 0 1 0 0 1 0 0 0 0 1 1 1 0 1 0 0 1 0 0 0 1 0 0 0 0 0 0 1 0 0 0 1 0 1 0 0 1 0 1 1
1 1 1 0 1 0 1 1 0 1 0 1 1 1 0 1 0 1 0 0 1 1 1 0 0 0 0 1 1 1 0 1 0 1 0 1 1 0 0 0 1 0 1 0
1 1 0 1 1 0 1 0 0 0 1 1 0 0 0 1 1 0 0 1 1 0 1 0 0 1 1 1 1 0 1 0 0 1 0 0 1 1 1 0 0 1 0 1
0 0 0 1 1 1 0 1 1 1 1 1 0 0 1 0 0 1 1 1 0 1 0 1 0 1 0 0 1 0 0 1 1 0 1 1 0 0 1 1 1 1 0 0
0 0 0 1 0 1 0 1 1 1 1 1 0 0 1 0 1 0 1 1 1 0 0 1 0 0 1 1 1 0 0 0 0 1 1 1 0 1 0 1 0 1 1 1
1 1 1 1 1 0 1 0 1 0 1 0 0 1 0 0 1 0 0 0 0 1 0 0 0 0 0 0 1 1 1 0 1 0 1 0 0 0 1 0 1 0 0 1
0 1 0 1 0 0 1 0 1 1 1 0 1 1 0 0 0 0 0 1 1 0 1 1 0 1 0 0 1 1 1 1 1 0 1 0 0 1 1 1 0 0 1 1
1 1 1 1 1 0 0 1 1 0 0 1 1 0 0 0 1 0 0 0 1 1 1 0 0 0 1 1 1 0 1 1 0 1 0 1 0 0 0 1 1 0 0 0
0 1 0 1 0 0 0 0 1 0 1 0 1 0 1 0 1 0 0 1 1 0 1 0 1 1 0 1 0 1 1 0 1 1 1 1 1 1 0 1 1 0 1 0
1 1 1 1 1 0 0 1 0 1 0 0 1 1 0 0 1 0 1 1 1 0 1 1 1 0 1 1 1 1 0 1 0 0 1 0 1 0 1 1 1 1 0 0
1 0 1 0 1 0 1 1 0 0 0 0 1 0 1 0 1 0 0 1 1 1 1 1 1 0 0 0 0 1 1 1 0 0 0 0 1 0 0 0 0 1 1 1
0 0 1 0 1 0 1 0 0 0 0 1 0 0 0 0 1 0 0 0 0 1 1 1 1 1 1 1 1 1 0 1 1 1 1 0 0 1 1 0 0 0 1 0
0 0 0 0 1 0 1 0 0 0 0 1 0 1 0 0 0 1 1 0 0 1 1 0 1 1 0 0 0 0 0 1 0 0 0 0 1 0 0 0 1 1 1 0
1 1 0 1 0 0 1 1 1 0 1 1 0 1 1 1 0 0 0 0 1 1 1 1 1 0 0 1 0 0 1 1 0 1 1 0 0 0 0 0 0 0 1 1
0 0 0 0 1 0 0 1 0 1 0 0 1 1 1 0 0 1 1 1 1 0 0 0 1 0 1 1 1 0 0 0 0 1 0 0 1 0 1 0 0 1 1 1
0 1 1 0 0 0 1 1 1 0 1 1 0 0 1 1 1 1 0 0 0 0 1 0 0 0 0 1 1 0 0 0 0 1 0 0 0 0 1 1 1 1 0 1
1 0 0 0 0 1 1 1 1 0 1 1 1 0 0 0 1 1 0 0 0 0 1 1 0 0 0 1 1 0 1 1 0 0 1 0 1 1 0 0 1 1 0 0
1 0 0 1 1 1 0 1 0 1 0 1 1 0 1 0 1 1 1 0 0 0 1 0 1 0 0 1 1 0 1 0 0 0 0 1 0 0 0 0 1 1 1 0
0 1 0 1 1 0 1 1 1 0 1 1 0 0 0 0 1 1 0 0 1 1 0 1 0 1 0 1 0 1 1 1 1 1 0 1 1 1 1 1 0 1 1 0
0 0 1 0 1 1 0 0 1 0 1 0 1 1 0 1 0 1 0 1 0 1 1 1 1 1 0 1 1 1 0 0 0 0 1 1 1 1 0 0 1 0 0 1
0 0 1 1 1 1 0 0 0 0 1 1 1 1 0 1 1 1 1 1 1 1 1 0 0 0 0 1 1 1 1 0 0 0 0 0 1 0 1 1 0 0 1 1
1 1 0 0 1 1 0 0 1 1 1 1 1 1 0 0 0 0 0 1 1 1 1 0 1 0 0 0 1 0 1 1 1 1 0 1 0 0 1 0 1 0 0 0
0 0 0 1 1 0 1 0 0 1 1 1 0 0 0 1 0 1 0 1 1 1 1 1 1 0 1 0 1 1 0 1 1 0 1 0 1 0 0 1 1 1 1 1
0 0 0 0 0 0 0 1 1 1 1 1 1 1 0 1 1 1 0 0 1 1 0 1 1 1 1 0 1 0 1 0 0 1 0 1 0 1 0 1 0 0 1 0
1 1 0 0 1 0 1 1 1 1 0 0 0 0 1 1 0 1 0 0 1 1 0 0 0 0 1 0 0 0 0 1 1 1 1 1 1 0 1 1 0 0 1 0
1 1 1 0 1 0 1 0 1 0 0 1 0 0 1 0 0 0 1 1 0 1 1 0 1 1 0 1 0 1 1 1 1 0 0 0 1 1 1 1 1 0 0 1
0 1 0 0 1 0 0 1 0 0 1 0 1 1 0 0 1 1 1 1 0 0 1 0 1 1 0 0 1 1 0 1 0 1 0 0 0 1 1 0 0 1 1 1
1 0 0 1 1 1 0 0 1 1 1 0 1 1 1 1 1 1 1 0 1 1 1 0 1 1 1 1 1 0 0 0 1 0 0 0 1 0 0 1 0 0 0 0
1 0 1 0 0 0 0 0 1 1 1 1 0 1 0 1 1 1 0 0 1 0 0 0 1 0 1 1 0 1 0 1 0 0 1 0 1 1 1 0 0 0 0 0
0 0 1 0 0 0 0 0 1 0 1 0 1 0 0 0 0 1 1 0 1 0 1 0 0 1 1 1 0 1 1 1 0 1 0 1 0 1 1 0 1 1 1 0
0 0 1 1 0 1 0 1 1 1 0 1 1 1 1 1 0 0 1 0 0 0 0 0 0 1 1 1 1 0 1 0 0 1 1 0 1 1 0 0 1 0 0 1
1 1 1 0 0 1 0 0 1 1 0 1 1 0 0 1 1 0 1 1 0 1 1 0 1 0 0 0 0 1 1 0 0 0 1 1 0 0 0 0 0 0 0 0
0 1 0 1 0 0 1 1 0 1 1 1 0 0 1 1 1 1 0 1 1 0 0 0 0 0 0 0 0 1 1 0 1 0 0 1 0 0 1 0 1 1 1 1
1 0 0 0 0 0 1 1 0 0 0 0 1 1 0 0 1 1 1 0 1 1 0 0 1 0 1 0 0 1 1 0 0 1 1 1 1 0 1 0 1 0 0 0
1 0 0 0 0 0 1 1 1 1 1 0 0 0 0 1 0 0 1 1 0 0 0 1 1 0 0 0 0 0 1 1 0 1 0 0 0 0 0 1 0 1 1 0
1 1 1 1 1 0 0 0 0 1 1 1 0 0 0 0 1 1 1 1 0 1 1 0 0 0 0 0 0 1 0 1 0 0 1 0 1 1 0 1 1 0 1 0
0 0 0 0 0 1 0 0 0 1 1 1 1 0 1 1 1 0 1 1 0 1 1 0 1 1 0 1 0 0 0 0 1 0 1 0 0 0 0 0 1 0 1 1
0 1 1 0 1 0 1 0 0 0 1 0 1 1 1 1 0 1 0 1 0 0 0 0 0 0 0 1 0 1 1 1 1 0 1 0 1 1 1 0 0 1 1 1
1 1 1 1 1 0 1 1 1 0 1 0 1 0 1 0 1 0 0 1 0 0 1 0 0 0 1 1 1 1 0 0 1 1 1 1 1 1 1 0 1 1 0 0
0 1 1 1 0 1 0 0 1 1 1 0 0 1 1 0 0 1 0 0 1 0 1 0 0 1 0 0 1 0 1 0 1 0 0 1 1 0 1 0 0 1 1 0
0 1 0 1 0 1 1 0 1 0 0 0 1 0 0 1 0 1 0 1 0 0 0 0 1 0 0 1 1 0 0 1 0 1 1 1 0 0 1 0 0 1 1 0
1 1 1 0 1 0 0 0 1 1 0 1 1 0 1 0 1 0 0 1 0 1 0 0 1 1 1 1 1 0 1 1 0 0 1 1 1 0 1 0 1 1 1 1
0 1 0 1 0 1 0 1 0 1 1 0 1 1 0 0 1 0 0 1 1 1 1 0 0 1 0 1 0 0 1 1 0 0 0 1 1 0 0 1 0 1 0 1
1 0 0 1 1 0 0 1 1 0 0 0 1 1 0 1 1 1 0 0 0 1 0 0 1 0 0 0 1 0 0 1 1 1 0 0 1 1 1 0 0 1 1 1
1 0 0 0 0 0 0 0 1 1 0 0 0 1 0 0 1 1 1 1 0 1 0 1 1 1 1 0 0 0 0 1 1 0 0 1 0 1 1 1 1 1 1 1
0 0 1 0 1 1 1 1 1 1 1 0 0 0 0 0 1 1 0 0 1 0 1 1 1 1 0 0 0 1 1 0 1 1 0 1 0 1 1 1 1 0 1 1
0 1 0 1 1 1 1 1 0 0 0 1 1 1 1 0 0 0 0 0 1 1 0 1 0 0 1 1 1 0 0 0 1 0 1 0 0 0 0 1 1 1 0 1
1 1 1 1 1 1 1 0 0 1 0 0 0 1 1 1 0 0 1 0 1 1 1 0 0 1 1 0 1 0 0 0 0 1 1 0 0 1 0 0 1 1 1 1
1 1 0 0 0 0 0 0 0 0 1 0 0 1 0 1 1 0 0 0 0 0 0 0 1 0 1 1 1 0 1 1 0 1 0 1 1 0 0 1 0 0 1 0
0 0 1 1 0 0 1 1 0 0 1 1 0 0 0 1 0 0 1 0 0 1 0 0 1 0 1 1 1 1 0 1 0 1 1 1 1 1 0 0 0 1 0 0
0 0 0 1 1 0 0 1 0 0 1 1 1 0 1 1 0 1 0 0 0 1 0 0 0 0 1 1 1 1 0 0 1 0 1 0 0 1 1 1 1 0 1 0
1 1 1 0 0 0 1 0 1 0 0 1 1 0 0 0 0 0 0 1 1 0 0 1 0 1 0 0 0 0 0 1 0 1 0 1 1 1 0 1 1 0 1 1
1 1 0 0 0 1 1 0 1 1 0 0 0 0 0 1 1 1 1 1 1 1 1 0 0 0 1 1 1 0 1 1 1 1 1 1 1 1 1 0 0 1 0 1
1 1 0 0 1 0 0 0 1 0 1 0 0 0 1 1 0 0 1 1 1 1 0 0 0 1 0 1 1 1 0 0 1 0 0 0 1 1 1 1 1 1 1 0
1 0 0 1 1 0 0 0 1 0 1 0 1 0 1 0 0 0 0 1 0 0 0 1 1 1 1 1 0 0 0 0 0 1 0 1 1 0 0 0 0 0 1 0
0 1 1 0 0 0 0 1 0 1 1 1 0 1 0 0 0 0 1 1 1 1 0 0 0 1 0 1 1 1 1 0 1 1 1 1 1 0 0 1 1 1 0 1
1 1 1 0 0 1 1 0 1 1 1 0 0 1 1 1 1 0 0 1 0 0 1 0 0 0 1 0 0 0 1 1 0 0 1 0 0 1 1 1 1 1 1 1
0 0 0 1 0 0 1 0 1 1 0 0 1 0 1 1 0 1 0 0 1 1 1 1 1 0 0 1 0 1 0 1 1 0 0 1 0 1 1 0 1 0 1 1
0 1 0 1 1 0 0 0 1 0 0 1 1 0 1 1 1 0 1 0 1 0 0 0 0 1 0 0 1 1 1 1 0 0 1 1 1 0 1 0 1 0 1 1
1 1 0 1 1 1 0 1 0 0 1 1 0 1 1 0 1 1 0 0 0 1 0 1 1 0 0 0 0 0 0 1 0 1 0 1 1 0 1 1 1 0 1 1
1 1 1 1 0 1 1 0 1 1 0 0 0 1 0 1 1 1 1 0 0 1 0 0 0 0 1 1 0 1 0 1 1 0 0 0 0 0 1 0 1 0 1 0
0 1 0 0 1 0 1 1 1 1 0 0 0 1 1 0 0 1 1 1 0 0 1 1 1 0 1 0 0 0 0 0 1 0 1 0 1 1 0 0 0 1 0 0
0 0 0 1 0 1 1 0 0 1 0 1 1 1 0 0 1 0 0 1 0 1 0 0 0 1 1 0 1 0 1 0 1 0 1 1 0 1 0 1 1 1 0 0
0 1 1 1 0 1 0 1 1 1 0 0 1 1 1 1 1 1 1 1 1 0 1 1 1 0 0 0 0 1 1 1 0 1 1 1 0 0 1 0 0 0 0 1
1 0 1 1 0 1 1 0 0 0 1 1 0 1 1 0 0 0 1 0 1 0 1 0 0 0 0 0 0 1 0 1 1 1 0 0 1 1 1 1 0 0 1 1
0 1 0 1 1 0 0 0 1 0 0 0 1 0 1 1 0 1 0 1 1 0 0 1 0 1 1 1 0 1 1 0 0 0 1 0 1 0 1 1 1 1 0 0
0 1 0 0 1 0 1 1 1 0 1 0 0 1 0 0 1 0 1 1 0 1 1 0 0 1 1 0 1 1 1 0 1 0 0 1 0 0 0 0 1 0 1 0
0 0 1 1 0 0 0 0 1 0 1 1 0 0 0 0 0 0 0 1 1 1 0 0 0 0 1 0 0 0 1 0 0 0 1 1 1 0 1 0 0 0 1 1
0 0 0 0 1 1 0 0 1 1 1 0 0 1 0 1 1 1 1 0 0 1 0 0 1 0 0 0 1 1 1 0 0 1 1 1 0 0 0 0 0 1 1 1
0 1 1 1 0 0 1 1 0 1 1 0 1 0 0 1 1 0 0 0 0 0 1 0 0 1 1 0 1 0 0 1 1 1 1 0 0 0 0 0 1 0 1 0
1 1 1 1 0 1 1 1 1 1 0 1 1 0 0 1 1 1 0 1 1 1 1 0 0 0 0 0 1 1 0 0 1 0 1 0 0 0 0 1 0 1 0 1
0 1 0 0 0 1 0 0 1 1 0 1 1 1 1 1 0 0 1 1 1 0 0 1 0 0 1 1 1 1 0 1 0 0 0 1 1 1 0 0 1 1 0 0
0 1 1 0 0 0 0 1 1 1 0 0 1 1 0 1 0 0 0 1 0 1 0 1 1 1 1 1 0 0 1 1 1 0 1 1 0 0 0 0 1 0 0 1
0 1 1 0 0 0 1 1 1 0 0 0 1 0 1 1 1 1 1 0 1 0 0 0 0 1 0 1 1 1 1 0 1 1 0 0 1 0 0 0 0 0 0 0
0 0 0 0 0 0 1 0 1 0 0 1 1 1 1 0 1 0 1 1 1 1 1 0 0 0 0 0 1 0 0 0 0 0 1 1 0 0 1 0 0 1 1 0
1 1 0 0 1 1 1 1 0 0 1 1 1 0 0 1 1 0 0 1 0 1 0 1 1 1 0 0 0 1 0 0 1 0 0 1 1 0 1 1 0 1 0 0
1 0 1 0 1 0 0 0 1 0 0 0 1 1 1 1 1 1 1 0 0 1 1 1 0 0 0 1 0 0 0 1 0 1 1 0 0 0 1 1 0 0 1 0
0 1 1 0 1 1 1 1 0 1 1 1 1 0 0 0 1 0 0 1 1 0 1 0 1 0 1 1 0 0 1 0 1 1 0 0 1 1 0 0 1 0 0 1
0 1 1 0 1 0 0 0 1 0 0 0 0 1 0 1 0 0 0 0 1 0 1 0 1 1 1 0 0 0 1 1 1 0 0 0 1 1 0 0 0 0 0 0
0 0 1 1 1 0 1 0 1 1 0 1 0 1 0 0 0 1 1 0 1 1 1 0 0 1 0 1 0 1 1 0 1 0 1 0 0 0 1 0 0 1 0 1
0 0 1 1 0 1 1 1 1 0 0 0 1 0 1 0 0 0 1 0 0 1 0 0 0 1 1 1 0 1 0 1 1 0 1 1 1 0 1 1 0 0 0 1
1 0 0 1 0 0 1 1 0 1 1 0 0 1 0 1 0 1 0 1 0 1 0 1 0 1 1 1 1 0 0 0 1 0 0 1 1 1 0 0 1 1 1 0
0 1 0 1 0 0 1 1 0 0 0 1 0 1 1 1 1 1 0 0 0 1 1 0 0 0 1 0 1 0 1 1 0 0 1 1 1 1 1 0 0 1 0 1
0 0 1 1 1 0 1 1 1 0 1 0 1 1 1 0 0 0 1 0 1 0 1 0 1 1 1 1 1 0 0 1 0 0 1 0 0 1 0 1 0 1 0 0
0 0 0 1 1 1 0 0 0 1 0 1 0 1 0 0 0 0 1 1 0 1 0 0 1 1 1 0 1 1 0 1 1 0 0 1 0 1 0 0 0 0 0 0
0 0 0 0 1 0 0 0 1 1 0 0 1 0 0 0 1 0 1 0 1 0 1 0 0 0 0 1 1 1 0 1 1 1 1 0 1 1 0 1 1 1 1 0
0 1 1 1 0 1 1 0 1 1 1 1 0 1 1 0 1 0 1 0 1 1 1 1 1 1 0 1 1 1 0 0 0 1 0 0 1 0 1 0 1 1 1 1
0 0 1 1 0 1 1 0 1 0 0 0 1 1 1 0 1 0 1 1 1 0 0 1 1 1 1 0 0 1 1 0 1 0 0 0 0 0 0 0 1 1 1 0
1 1 1 1 0 1 1 0 1 0 0 1 0 0 0 0 1 1 1 1 0 1 0 1 0 1 0 0 1 0 1 1 0 1 0 0 0 0 0 0 1 0 1 1
0 0 1 0 0 1 1 0 0 0 0 1 0 0 0 1 0 0 0 0 1 0 0 0 0 0 0 1 1 0 1 0 0 0 1 1 0 1 1 1 1 0 1 0
1 0 1 1 0 0 0 1 1 0 1 1 1 1 0 1 1 0 1 0 1 0 0 1 0 0 1 1 1 0 1 1 1 1 1 0 1 0 1 1 1 1 0 1
1 0 0 0 0 1 1 0 1 0 1 1 1 1 1 0 0 0 1 0 0 0 0 0 0 1 1 0 1 1 0 1 1 0 1 1 1 0 0 0 0 1 1 0
1 1 0 1 0 0 0 0 1 1 1 1 1 1 1 1 1 1 1 1 0 1 0 1 1 1 0 1 1 1 0 0 0 1 1 0 0 0 1 1 1 1 1 0
0 1 1 0 1 0 1 0 0 1 0 0 0 0 0 0 1 0 0 1 1 1 1 0 1 0 0 0 0 0 1 1 0 0 0 1 0 1 1 0 1 1 0 0
0 1 0 0 1 0 0 1 0 0 1 1 1 1 1 0 0 0 1 1 0 0 0 1 1 0 0 1 0 1 0 0 0 1 1 1 1 1 0 1 0 0 0 0
0 0 1 0 1 0 1 0 1 0 0 1 1 0 1 1 1 1 1 0 1 1 1 1 0 1 1 0 1 1 0 0 0 0 0 0 1 1 0 0 1 1 0 0
0 0 1 0 0 0 0 1 0 1 0 0 1 0 1 0 1 0 0 1 0 0 1 1 1 1 1 0 0 1 1 0 1 0 0 1 0 0 1 1 1 1 0 0
0 1 0 0 0 1 0 0 1 0 0 0 0 0 0 1 1 1 1 0 1 1 1 0 1 1 0 0 0 1 0 1 1 1 1 0 1 0 0 1 1 0 0 1
0 0 0 0 0 0 1 0 1 0 0 1 1 1 0 1 0 0 0 1 0 0 1 0 0 0 1 1 0 1 0 0 1 1 0 1 1 0 1 1 1 0 1 1
1 1 1 1 1 1 0 0 1 1 0 1 1 0 0 1 1 0 0 0 1 0 1 1 1 0 1 1 0 0 0 0 0 0 1 1 0 1 0 1 0 0 1 0
1 0 0 0 1 1 1 1 0 0 1 0 0 1 1 1 0 0 1 0 1 0 0 1 1 1 1 0 1 1 0 1 1 1 0 0 0 1 1 0 1 1 0 1
0 0 1 0 0 1 0 1 1 0 1 1 1 0 1 0 0 1 0 0 1 1 0 0 1 0 0 0 0 0 1 0 1 1 1 1 1 0 0 1 1 1 0 0
0 1 1 1 1 1 1 0 0 0 0 0 1 1 0 1 1 0 1 0 0 0 1 1 0 1 1 0 1 1 1 0 1 1 0 1 1 0 1 1 0 1 0 1
0 0 0 1 0 1 0 1 0 1 0 0 1 0 0 0 0 1 1 1 1 1 0 1 0 1 0 0 1 1 1 0 0 0 0 1 1 0 0 1 1 0 1 0
1 1 0 1 0 1 0 0 1 0 1 0 0 1 0 1 0 1 1 0 0 1 1 1 1 1 0 0 0 1 0 0 1 0 1 1 0 0 0 0 1 0 1 0
0 0 0 0 1 0 1 1 0 0 0 1 0 0 0 0 0 1 0 1 1 0 1 1 0 0 1 1 1 0 1 1 0 1 1 0 1 1 1 1 1 0 1 1
0 0 0 1 0 1 1 1 0 1 0 1 1 0 0 1 0 0 1 0 1 1 1 0 1 1 0 1 1 0 1 0 1 0 0 0 0 1 1 0 0 1 0 0
1 1 0 1 0 1 0 0 0 1 1 1 0 0 0 1 1 0 0 0 1 0 1 1 1 1 1 0 1 1 1 1 0 0 0 0 0 1 1 1 1 0 0 0
1 1 0 1 0 1 0 1 0 1 0 0 1 0 1 0 0 0 1 1 1 0 0 0 0 0 1 1 1 1 1 1 0 0 0 1 0 1 1 0 1 0 1 1
1 1 1 1 1 0 0 0 0 0 0 1 1 1 0 1 0 1 1 1 0 0 1 1 0 1 0 0 1 0 1 1 1 0 0 1 1 1 1 0 1 0 0 0
0 1 0 1 0 1 1 0 0 0 0 1 1 1 0 0 1 0 1 0 0 1 1 1 1 0 0 0 1 0 1 1 1 1 1 0 1 1 0 1 0 0 0 0
1 1 1 0 1 0 0 1 1 1 1 0 1 0 1 0 0 1 1 1 1 0 0 0 1 1 0 0 0 0 0 0 1 0 0 1 0 1 0 0 0 0 0 1
1 0 1 1 0 0 0 0 0 1 0 0 1 0 0 1 0 0 0 1 1 1 0 0 1 0 0 0 1 0 0 1 0 1 0 0 1 0 1 0 1 0 1 1
1 1 0 0 1 0 1 0 1 0 1 1 0 0 1 0 1 1 0 1 1 1 0 1 0 0 0 1 1 1 0 0 1 1 0 0 0 0 0 1 0 0 0 1
1 1 1 0 0 0 1 1 0 1 0 1 1 1 0 0 1 1 1 0 0 0 0 1 0 0 1 1 0 1 1 1 0 1 0 0 0 1 1 1 0 0 1 1
0 0 0 0 0 0 1 0 0 0 1 0 0 1 0 1 1 1 1 0 1 1 0 0 0 1 1 1 1 0 0 0 1 0 1 1 0 1 1 1 0 0 1 1
1 1 1 1 1 0 0 1 1 0 0 0 0 1 1 1 1 1 0 1 1 0 1 1 0 1 1 1 0 1 0 1 1 0 0 1 1 0 1 0 0 0 1 0
0 1 0 0 0 0 1 0 0 0 0 1 1 1 0 1 1 1 0 0 1 0 0 0 1 1 1 0 1 0 1 1 1 0 0 0 1 1 1 1 1 1 1 1
1 1 1 0 1 0 0 1 0 0 1 1 1 0 0 0 0 1 0 0 1 0 0 1 1 0 0 0 0 0 1 1 1 0 1 0 0 0 0 1 0 1 1 0
0 1 0 1 0 0 1 0 1 1 1 1 0 0 1 0 1 0 1 1 0 0 0 1 0 1 1 0 0 0 1 0 1 0 1 0 1 0 0 1 0 0 0 0
1 0 0 0 1 0 1 1 1 1 0 0 1 0 1 1 1 0 1 0 0 1 0 0 0 0 1 1 0 1 1 0 0 0 1 1 0 0 1 1 1 1 1 1
0 0 1 1 1 1 0 0 1 0 0 1 0 0 0 1 1 0 0 1 0 1 1 1 1 0 1 0 0 0 1 0 1 1 1 1 0 1 0 0 1 1 1 1
0 1 1 1 1 1 1 1 1 0 1 1 1 0 1 1 0 0 0 0 1 0 0 1 1 0 0 1 0 0 1 1 0 1 0 0 1 0 1 0 1 1 0 0
1 1 1 0 1 0 0 1 1 0 0 1 0 1 1 0 0 0 1 0 1 0 0 0 1 0 0 1 0 1 1 1 1 0 1 1 0 1 1 0 1 1 1 0
1 0 1 0 1 1 0 0 1 0 1 0 1 1 1 0 0 1 0 0 0 0 1 0 1 1 0 1 1 1 1 1 0 1 1 0 1 0 1 1 0 0 1 0
0 1 1 1 1 1 0 1 1 1 0 0 0 1 0 0 0 1 0 0 0 1 1 0 1 0 1 0 0 1 0 0 0 1 1 0 0 1 1 1 1 1 0 0
0 1 1 1 0 0 0 0 1 1 1 1 1 1 0 0 1 0 1 0 0 0 1 0 1 0 0 0 0 0 0 0 0 0 1 0 1 1 0 1 0 1 1 1
1 1 0 0 0 1 1 1 1 1 0 1 0 0 0 0 0 1 0 1 1 0 1 0 1 1 1 1 0 1 0 0 0 0 1 1 0 0 0 0 1 1 0 0
0 0 0 1 1 0 1 0 1 0 0 0 0 1 0 0 0 1 0 0 1 0 0 1 1 0 0 1 0 0 0 0 1 1 0 1 0 0 1 1 0 0 0 0
0 0 1 1 1 1 1 1 1 1 1 1 0 1 0 1 1 0 1 0 0 1 1 1 0 0 0 1 1 1 0 0 1 0 0 0 0 0 0 1 1 0 1 0
1 1 1 1 0 1 1 1 1 0 1 0 1 0 1 1 1 0 0 0 1 1 1 0 0 0 1 0 0 0 0 0 0 0 0 1 1 1 0 0 0 0 1 1
1 1 1 0 0 1 0 0 1 1 1 1 0 0 1 0 1 0 1 0 1 1 0 1 0 1 1 1 0 1 1 1 1 0 1 1 0 1 0 1 0 1 0 1
1 0 0 1 0 0 1 0 1 1 1 1 1 0 0 0 1 1 1 1 0 0 1 0 1 0 0 0 1 1 0 0 1 1 1 1 0 1 1 1 0 1 1 1
1 0 0 1 0 1 0 0 0 1 1 0 1 1 1 1 0 0 1 0 0 1 0 0 0 0 1 0 0 0 1 1 1 1 1 1 0 0 1 1 0 0 0 1
1 0 0 0 1 0 1 0 0 0 0 1 1 0 0 1 0 0 0 0 0 0 0 0 1 0 1 1 0 1 1 1 1 1 1 0 0 1 0 0 0 1 0 1
1 0 0 0 1 1 0 0 0 1 0 0 1 1 0 0 0 0 0 0 0 0 1 1 1 0 1 0 0 0 1 1 1 0 1 0 1 0 0 0 1 0 1 1
1 0 1 0 1 0 0 0 0 1 0 0 1 0 0 1 1 1 1 1 0 0 0 1 0 0 1 1 1 1 1 0 1 0 0 0 1 1 0 1 0 0 0 0
1 0 0 1 1 0 1 0 1 1 0 0 0 0 1 1 1 1 1 1 1 0 0 1 0 1 0 1 1 0 0 1 0 0 1 0 0 1 1 0 1 0 0 0
1 1 0 0 0 0 0 0 1 1 0 0 1 0 1 0 1 1 0 0 1 1 1 1 0 0 1 0 1 0 0 0 1 0 1 0 0 0 1 0 1 0 0 1
0 0 1 1 0 0 0 0 0 1 0 0 0 1 1 1 0 1 0 1 1 1 0 0 1 0 1 1 0 1 1 0 0 0 1 1 0 1 0 1 0 1 0 0
1 0 0 1 0 0 0 1 0 1 1 0 0 0 1 0 0 1 0 0 1 1 0 0 1 1 1 1 1 1 1 1 0 1 1 0 0 0 1 1 0 1 1 1
1 1 1 1 0 0 1 1 1 0 1 0 1 0 0 0 0 0 1 0 0 1 1 0 1 1 1 1 1 0 1 0 1 1 0 1 1 0 1 1 1 0 1 0
1 0 1 0 1 1 1 1 1 0 0 0 1 0 0 1 0 1 1 1 0 1 0 1 0 1 1 0 1 1 0 1 1 0 1 0 1 0 1 0 1 1 1 1
1 0 0 1 1 1 0 1 1 1 0 0 0 0 0 0 0 0 0 0 1 0 0 1 0 0 0 1 0 1 1 1 0 1 0 1 0 1 0 1 1 1 0 1
1 1 1 0 0 1 0 1 1 1 0 0 1 1 1 1 0 0 0 1 1 0 0 1 0 0 0 1 0 0 0 0 1 1 0 1 1 0 0 1 0 1 0 1
1 1 0 0 0 1 0 1 0 0 1 0 0 0 1 1 0 1 0 1 0 1 0 0 1 1 1 0 1 0 0 1 1 1 1 1 1 1 0 1 0 0 0 1
0 0 1 0 0 1 1 1 1 0 0 1 1 0 1 0 1 0 1 0 1 1 0 1 0 1 1 0 1 1 0 1 0 0 0 1 0 1 0 1 0 0 1 0
1 0 1 0 1 0 1 1 0 0 1 0 0 1 1 0 1 0 1 1 0 1 0 1 1 1 0 1 1 0 1 1 1 0 1 0 0 1 0 0 1 0 0 1
1 0 1 0 0 1 0 0 0 1 0 1 1 1 1 0 0 1 0 1 0 1 0 0 0 0 0 1 1 1 0 1 0 1 1 1 0 1 1 1 1 0 1 0
1 1 0 1 1 0 1 1 1 1 0 1 1 1 1 1 0 1 1 0 1 0 1 1 1 0 1 0 1 0 0 1 0 0 0 1 0 1 1 1 1 1 0 1
0 0 1 1 0 0 0 0 1 1 0 0 1 1 0 1 0 0 0 1 0 0 0 0 1 0 1 0 0 1 0 0 0 0 0 1 0 0 1 0 1 1 1 0
1 1 0 0 1 1 0 1 1 0 1 0 0 0 1 1 0 0 0 1 1 1 1 1 0 1 1 1 0 0 0 0 1 1 1 1 0 0 1 1 1 1 1 1
1 1 0 0 0 1 1 0 0 1 1 0 0 0 0 0 0 1 1 0 1 1 0 1 0 0 0 0 1 0 1 0 0 1 0 1 1 1 0 0 0 0 1 0
0 1 1 0 1 0 0 1 0 1 1 1 1 0 1 1 1 0 1 0 0 1 0 0 1 1 0 0 1 1 1 0 1 1 0 0 1 0 1 0 0 1 1 0
1 1 1 0 0 0 1 1 0 1 0 1 0 0 0 1 0 1 0 0 0 0 1 1 0 1 1 0 1 0 1 0 1 0 0 0 0 1 0 0 0 0 1 0
1 1 0 1 1 1 0 0 1 0 0 0 1 1 0 0 1 0 0 0 0 1 0 1 1 1 0 1 0 1 1 1 0 0 0 0 1 1 0 1 0 1 0 0
1 0 0 1 0 0 1 1 1 1 0 0 1 1 1 0 0 1 0 0 0 1 1 1 1 0 0 1 1 0 1 0 1 1 1 1 0 0 0 0 0 0 0 0
1 1 0 1 1 1 1 1 1 1 0 0 1 0 0 0 1 1 1 1 0 1 1 0 0 0 1 0 0 0 1 0 0 1 1 1 1 0 0 1 0 0 0 1
0 1 1 0 0 1 1 1 1 1 1 0 1 1 0 0 1 0 1 0 1 0 0 1 0 0 0 0 1 0 0 1 0 0 1 1 0 0 1 0 1 0 0 0
1 1 0 1 0 1 0 0 0 1 0 1 0 0 1 1 1 1 1 1 0 0 1 0 1 1 0 0 1 1 1 1 1 1 0 1 0 1 0 1 0 1 1 0
1 0 0 1 0 0 1 0 1 0 1 0 1 1 0 1 1 0 0 0 1 1 1 1 1 1 0 0 0 0 0 1 0 0 1 1 0 1 1 1 0 0 0 0
1 1 0 1 1 0 1 0 0 1 1 1 1 1 1 1 0 1 0 1 1 1 0 0 1 1 1 1 0 1 0 0 0 0 1 0 1 1 0 0 1 0 0 1
1 0 1 0 0 0 1 0 1 1 1 1 0 1 0 0 0 0 1 0 0 0 0 0 1 1 1 1 1 0 0 0 0 1 0 1 1 1 0 1 0 1 1 0
1 1 0 1 0 0 0 1 0 1 0 0 0 0 1 0 0 0 1 0 1 1 1 1 1 0 0 0 0 0 0 1 1 0 1 1 1 0 0 1 1 0 0 0
1 1 1 1 1 0 0 1 1 1 0 1 0 0 1 1 0 1 1 1 1 1 0 1 1 0 0 1 1 0 1 0 0 0 0 0 1 1 0 0 1 1 1 0
1 0 1 1 1 0 0 0 1 1 0 0 1 1 0 0 0 0 1 0 1 1 1 0 0 1 1 1 1 1 0 0 1 0 1 1 1 1 0 0 1 0 1 1
0 0 1 1 1 1 0 0 0 1 1 0 0 0 0 0 1 1 0 1 1 0 0 0 0 1 1 1 1 1 0 0 1 1 0 0 0 0 0 1 1 0 1 1
1 1 0 0 1 0 0 0 1 1 0 1 0 1 0 1 0 0 0 1 0 0 1 0 1 1 0 0 1 0 0 0 0 0 1 0 0 0 1 1 0 1 1 1
0 0 0 1 1 0 0 0 0 1 0 1 0 1 1 1 1 1 0 0 1 1 1 1 0 0 1 0 0 1 1 1 1 0 1 1 1 1 0 1 0 1 0 1
1 1 1 1 0 0 0 1 0 1 1 1 1 0 1 1 0 0 0 0 0 0 0 1 0 0 1 1 1 0 1 0 1 0 0 1 0 0 1 0 0 1 0 1
0 0 1 1 1 1 0 1 0 0 0 1 0 0 1 1 1 0 0 0 0 1 0 1 1 0 0 1 0 1 1 0 0 1 0 0 0 0 1 1 0 0 0 0
1 1 1 1 1 0 0 1 0 0 1 1 1 1 1 1 0 1 1 0 0 1 0 0 1 1 1 0 0 1 0 1 1 1 0 0 1 0 0 0 1 0 0 1
1 0 0 1 1 1 1 1 0 1 0 0 0 1 1 1 1 0 1 1 0 0 1 1 0 1 0 1 0 1 0 1 0 0 1 1 1 1 0 1 1 1 1 0
0 1 0 1 0 0 0 0 0 0 0 1 0 0 0 0 0 0 1 0 1 1 0 0 1 1 0 0 0 0 1 0 0 1 0 0 0 1 0 1 1 1 0 0
0 0 0 0 0 1 1 1 0 1 1 1 1 0 0 0 0 0 0 1 1 1 0 0 0 0 0 0 0 1 1 1 0 1 1 0 0 1 0 0 0 0 0 1
1 0 1 1 0 0 1 0 1 1 1 0 0 1 0 1 0 1 1 1 0 0 0 0 0 1 0 1 0 0 0 1 0 1 1 1 0 0 0 1 1 0 0 0
0 0 0 0 0 0 1 0 0 0 1 0 1 1 1 1 1 1 0 1 0 0 0 1 0 1 1 0 0 0 1 0 0 1 0 0 1 1 0 1 0 1 1 0
0 0 0 0 1 1 0 1 1 1 1 0 1 1 1 0 1 1 0 0 1 0 1 0 0 0 0 0 0 1 0 1 1 0 0 0 0 0 0 0 0 1 0 1
0 1 0 1 1 1 1 1 1 0 1 1 1 0 0 1 0 1 1 0 1 1 1 0 0 0 0 0 1 1 0 0 1 1 0 1 0 1 0 0 1 1 1 1
0 1 1 1 1 0 0 1 0 1 0 0 0 0 0 1 1 1 1 0 0 1 1 0 1 0 1 1 1 0 0 0 1 0 0 1 1 0 1 1 1 0 1 0
1 0 0 1 0 1 0 1 0 0 1 1 1 1 0 1 0 1 0 1 0 0 1 0 0 1 1 1 0 0 0 1 1 1 0 1 0 0 0 1 1 0 1 1
1 0 1 0 0 0 0 1 1 1 0 0 0 0 1 0 1 0 1 0 0 1 0 1 1 1 0 0 0 1 0 1 0 1 0 0 0 1 0 0 1 0 0 0
1 0 0 1 0 0 1 1 0 1 1 1 1 0 1 0 1 1 1 1 0 1 1 1 0 0 1 0 1 1 1 1 0 0 0 0 1 0 1 1 1 0 0 1
0 0 0 1 0 1 0 1 1 0 1 1 0 0 1 0 0 0 1 0 1 0 0 0 1 1 1 1 0 0 0 1 0 1 0 0 1 1 0 0 1 0 1 0
1 0 1 1 0 0 1 0 0 0 0 0 1 0 1 1 0 0 0 1 1 1 0 0 0 1 0 1 0 0 0 1 1 0 1 0 0 1 0 1 0 1 1 1
1 0 0 1 0 1 1 1 0 1 0 0 0 0 1 1 0 1 0 0 0 0 0 1 0 1 0 1 1 1 0 0 1 1 1 1 0 0 1 0 0 0 1 1
1 0 1 0 0 1 1 1 1 0 1 1 1 1 1 1 1 1 1 0 0 1 1 0 1 0 0 0 1 1 1 1 0 1 0 1 1 1 0 0 0 1 0 1
0 1 0 1 1 0 1 1 1 0 1 0 1 1 0 1 1 1 0 1 1 1 0 0 0 0 1 1 0 0 1 1 0 0 0 0 0 0 0 1 0 0 0 0
0 1 0 1 1 0 0 0 0 1 1 1 1 1 0 1 1 1 1 0 1 0 0 1 0 1 1 1 0 0 0 1 0 0 0 0 0 1 0 1 1 1 1 1
0 0 0 0 0 1 0 0 1 0 0 1 1 0 0 0 1 0 1 1 0 1 0 1 0 0 1 1 0 0 1 0 0 1 0 0 1 0 1 0 0 1 0 1
0 0 1 1 1 1 1 1 0 1 0 1 1 1 0 1 0 0 0 1 0 1 0 1 0 1 0 1 0 0 1 1 0 1 0 1 1 0 1 0 0 1 1 0
1 1 1 0 1 0 0 0 1 1 0 0 0 1 0 0 0 1 0 1 1 0 0 1 0 1 1 0 1 0 1 0 0 1 1 1 0 1 1 0 0 1 0 1
0 1 0 0 0 0 0 0 1 0 0 1 0 1 1 0 1 1 0 1 1 0 1 0 0 0 0 0 1 1 1 1 0 1 0 0 1 0 0 0 1 1 1 0
1 1 1 1 0 0 0 1 1 1 0 1 1 1 1 1 1 0 0 0 0 1 1 1 0 1 0 1 0 1 0 0 1 1 0 0 0 0 0 0 0 1 1 0
1 1 1 1 1 1 1 0 0 1 0 0 1 1 0 0 1 1 1 0 0 0 1 0 1 1 0 1 0 1 0 0 1 1 0 0 0 1 1 0 1 0 0 1
0 0 1 1 0 0 1 0 1 0 1 0 1 1 1 1 0 0 1 1 0 1 0 1 1 0 0 0 0 1 0 1 1 1 0 1 1 0 0 1 1 0 0 1
1 1 0 1 0 1 1 1 1 1 0 1 0 0 1 0 1 1 0 1 0 1 1 0 1 0 0 1 1 1 0 1 0 0 1 0 1 1 1 0 0 0 0 0
0 0 0 1 1 1 1 1 0 0 1 0 0 1 1 1 1 0 0 0 0 1 1 0 0 1 0 0 0 1 0 1 1 1 1 0 1 0 0 1 0 1 1 0
1 0 1 0 1 0 1 0 1 0 0 1 0 1 0 0 0 1 1 0 1 1 1 1 1 0 1 0 0 0 0 0 0 0 0 1 1 0 0 1 0 0 0 1
0 1 0 1 1 1 1 1 0 1 1 0 0 1 1 0 1 0 0 0 1 1 0 1 1 1 1 1 1 0 1 0 0 0 1 0 0 1 1 0 0 0 0 0
1 1 1 1 1 1 1 0 0 1 0 0 1 1 0 1 1 0 1 0 1 1 0 0 0 0 0 0 0 0 1 0 1 0 1 1 1 1 0 0 0 0 1 0
1 0 0 1 0 1 0 1 0 0 1 1 0 1 0 0 1 0 0 0 1 0 1 1 0 0 1 0 0 1 1 0 1 1 0 1 1 0 0 1 0 0 0 0
1 0 1 1 1 1 1 0 0 0 1 0 0 0 1 1 0 0 0 1 1 1 0 0 1 1 0 0 0 1 1 1 1 0 0 1 0 0 1 0 1 0 1 0
1 1 0 0 1 1 1 0 1 0 0 1 1 1 1 1 1 1 0 0 0 1 0 0 0 1 0 1 1 0 1 0 1 0 0 1 1 0 1 0 1 1 0 0
1 0 0 1 0 1 1 0 1 0 0 0 0 0 0 0 1 0 1 1 1 0 1 1 1 0 0 1 1 0 1 1 0 1 0 1 0 0 1 1 1 1 1 0
0 1 0 1 0 0 0 0 0 0 0 0 0 0 0 1 0 1 1 0 0 1 1 1 0 0 1 1 1 0 1 0 0 1 0 0 0 1 1 1 1 0 1 0
1 1 0 0 1 1 1 1 1 0 1 0 0 1 0 0 1 1 1 1 0 0 1 0 0 0 1 1 0 0 1 0 1 1 1 0 0 0 0 0 1 1 1 1
1 0 1 0 1 1 0 1 1 0 1 0 0 0 1 1 0 1 0 0 0 0 1 0 0 0 0 0 1 1 0 1 0 1 1 0 1 0 0 0 0 0 0 0
0 0 0 0 1 0 0 1 0 0 0 1 1 1 0 1 1 1 1 0 1 0 0 1 0 1 0 0 0 0 0 0 1 1 1 0 0 0 0 0 1 1 0 0
1 1 1 0 1 1 1 1 0 1 1 0 0 1 1 1 0 1 1 0 1 1 0 1 1 1 0 1 1 0 1 0 0 0 0 0 0 1 1 1 1 1 0 0
0 0 1 0 0 0 1 1 1 1 1 1 0 1 1 1 1 0 1 1 1 1 1 1 1 0 1 1 1 0 1 0 1 0 1 1 1 0 1 1 0 0 0 0
1 0 0 0 1 1 1 0 0 0 1 1 0 0 0 0 0 1 1 0 0 1 0 1 1 1 1 1 1 0 0 0 0 1 1 0 0 0 1 1 0 1 0 0
0 1 0 0 0 1 1 1 0 1 0 0 0 0 0 1 1 1 1 0 1 1 0 1 1 0 1 1 0 1 0 1 0 1 0 0 0 0 0 1 1 1 0 1
0 0 0 0 1 1 1 0 1 1 0 0 1 1 0 1 1 1 0 1 0 0 1 1 1 1 1 0 1 1 0 0 0 1 0 0 1 1 1 1 0 0 1 0
1 1 0 0 0 1 0 0 0 0 1 1 0 0 1 1 1 1 1 0 0 0 1 1 0 0 0 1 0 1 0 0 0 0 1 1 1 0 1 1 0 0 1 0
1 1 1 0 1 1 0 1 1 0 1 1 0 0 0 1 1 0 1 0 0 0 0 0 1 1 0 1 1 0 0 1 1 1 0 1 0 1 1 0 1 0 1 0
1 1 0 1 1 1 0 1 0 1 1 0 1 1 0 0 1 1 1 0 1 0 0 0 1 0 0 1 1 0 1 1 1 1 1 0 0 1 0 1 1 0 1 1
0 1 0 0 1 1 0 0 0 1 0 1 0 1 0 1 0 1 0 1 0 1 1 1 1 1 0 1 0 0 1 0 1 1 0 0 1 0 1 1 1 0 1 1
1 1 0 1 1 1 1 1 0 0 1 1 1 0 1 1 0 0 1 1 0 0 1 1 0 1 0 0 1 0 1 0 1 1 1 0 0 0 0 0 0 1 0 0
0 0 1 0 0 0 0 1 0 0 0 0 0 0 0 1 0 1 1 1 1 0 1 1 0 0 0 0 1 1 1 1 1 1 0 0 0 1 1 1 0 1 0 0
0 1 0 0 0 1 1 1 0 1 0 1 0 1 0 0 0 1 1 1 0 1 1 1 0 0 1 1 0 1 1 1 1 1 1 1 0 1 1 1 1 0 0 0
0 0 0 1 1 0 0 1 1 0 1 0 0 0 0 0 1 0 0 1 0 0 0 0 1 0 0 0 0 0 0 1 1 1 1 0 1 0 0 1 0 0 0 1
1 0 1 0 0 1 0 0 0 1 0 1 1 0 1 1 0 1 0 1 1 0 1 1 1 1 0 1 1 1 1 0 0 1 1 0 0 0 0 0 0 1 1 1
0 1 1 0 1 0 0 0 1 1 0 0 1 0 0 0 0 0 1 0 0 0 1 1 0 0 0 1 0 0 1 0 1 1 0 1 0 1 0 0 0 1 1 1
0 0 1 0 1 0 1 0 1 0 1 0 0 1 1 0 1 0 0 0 0 0 1 1 1 0 0 1 0 1 0 0 0 0 1 1 1 1 1 1 0 1 1 0
0 0 0 1 0 1 0 1 0 1 1 0 0 0 0 0 0 1 1 1 0 0 0 1 1 1 1 1 1 1 1 1 1 0 0 0 1 0 1 0 1 1 0 1
0 1 1 0 1 1 0 1 0 0 0 1 1 0 0 0 0 1 0 0 1 0 0 0 0 0 1 0 0 1 0 0 1 0 0 1 1 1 1 1 1 0 0 1
1 0 0 1 1 0 0 0 1 1 1 0 1 0 0 0 1 1 0 0 0 1 1 0 1 1 1 1 0 0 1 1 1 0 0 0 0 0 0 0 0 1 1 1
1 0 1 0 0 1 0 1 0 1 0 1 0 1 0 1 1 0 0 1 1 1 1 1 0 0 0 0 1 0 0 1 0 1 1 1 0 1 0 0 1 0 1 1
1 1 1 0 0 0 0 1 1 0 0 1 0 0 0 1 0 1 0 1 0 1 0 0 1 1 1 0 1 1 0 0 1 1 0 0 1 0 0 0 0 1 1 1
0 0 0 0 1 1 1 1 1 0 0 1 0 0 1 1 1 0 1 1 1 0 1 0 0 1 0 0 0 0 0 1 0 0 0 0 1 0 0 1 1 0 0 1
1 0 0 0 0 1 0 1 1 1 1 1 0 0 1 1 0 1 1 1 0 1 0 0 0 0 1 1 0 1 1 0 1 1 0 0 1 0 0 0 1 1 1 0
0 0 1 1 1 1 1 1 1 0 0 0 0 1 0 1 0 1 1 1 1 1 1 0 1 0 0 0 1 1 1 1 1 1 1 1 0 1 1 1 1 0 1 1
0 0 1 0 0 0 0 0 1 1 1 0 1 0 1 1 0 0 0 0 0 1 0 0 1 1 0 0 0 0 1 0 1 1 0 0 1 1 1 0 1 1 0 0
1 1 0 1 0 0 0 0 1 0 1 1 0 1 0 1 1 0 1 1 1 0 0 0 1 0 1 0 1 0 0 0 1 1 1 0 0 0 0 0 1 1 0 0
1 0 0 0 0 1 1 0 0 0 0 0 0 1 0 1 1 0 1 1 0 1 1 0 1 0 0 0 0 0 0 0 1 0 0 0 0 0 1 0 0 0 0 1
1 0 0 0 1 1 1 0 0 0 0 0 0 0 0 0 1 1 0 0 1 1 1 0 0 1 0 1 0 1 0 0 0 0 1 1 0 1 0 1 1 0 0 0
0 1 1 0 0 0 0 1 0 0 0 1 1 0 0 1 1 1 0 1 0 1 0 1 0 0 1 1 1 1 0 0 0 1 1 1 1 1 1 0 1 1 1 1
1 1 0 0 1 1 0 1 0 0 1 1 0 0 0 1 0 1 1 1 1 1 0 1 1 1 0 1 0 1 1 0 0 1 0 0 0 1 1 0 1 0 1 1
0 0 0 0 1 1 0 0 1 0 0 1 0 0 0 0 1 1 1 1 0 0 1 1 0 0 0 1 0 0 0 1 1 0 1 0 0 0 0 0 0 1 0 0
1 0 0 0 1 1 0 1 1 1 0 1 0 0 0 1 0 0 0 0 1 1 0 1 1 0 1 0 1 1 1 1 1 0 1 0 0 0 1 1 0 1 0 0
1 0 1 1 1 1 0 0 1 1 1 1 1 0 1 0 0 0 1 1 0 1 1 1 0 1 0 0 0 1 0 0 0 1 0 0 0 1 1 0 0 1 1 1
0 0 0 0 1 1 0 1 0 1 1 1 1 0 1 1 1 0 0 1 1 0 1 1 0 1 1 0 1 0 0 0 0 1 1 0 1 1 1 1 0 1 1 0
1 0 0 1 1 1 1 0 1 0 1 1 0 1 0 0 1 0 0 0 0 0 0 1 0 1 1 0 1 0 0 0 1 1 1 0 0 1 1 1 1 0 1 0
1 0 1 1 0 0 1 0 0 0 0 1 0 0 1 1 1 1 1 1 1 1 0 0 0 0 1 1 0 0 1 1 1 1 1 1 1 1 0 0 0 1 1 0
1 0 1 1 0 0 1 0 0 0 1 1 1 1 0 0 0 1 1 1 1 1 1 1 1 0 1 1 1 1 1 0 0 0 0 0 0 0 0 0 0 0 1 0
0 0 0 0 0 0 1 1 0 1 0 1 0 0 0 0 1 0 0 0 0 0 0 1 1 0 1 1 0 0 0 0 1 0 0 1 1 0 0 0 0 1 0 0
0 1 1 0 1 1 1 1 0 0 0 1 0 0 1 0 0 0 1 0 0 1 1 1 0 0 0 0 0 1 1 0 1 0 1 1 1 0 1 0 1 0 1 0
0 1 0 0 0 0 1 1 0 1 0 0 1 0 1 0 1 0 1 1 1 1 1 1 0 1 1 1 0 0 0 0 1 0 1 1 1 1 0 0 0 1 0 0
1 0 1 0 1 1 0 1 1 0 0 1 1 1 1 1 0 0 0 1 0 1 0 0 1 1 0 0 1 1 1 0 0 0 0 0 0 0 1 0 0 0 0 0
1 0 1 0 0 0 1 1 0 1 0 0 0 1 0 1 1 1 0 0 0 0 1 0 0 1 1 1 1 1 1 1 1 0 1 0 0 1 0 1 1 1 0 0
0 0 1 0 0 1 1 1 0 0 1 0 1 1 0 0 0 1 0 0 0 1 1 1 1 0 1 0 1 0 1 1 1 0 0 1 0 0 1 0 0 0 1 1
0 0 1 1 1 0 0 0 0 1 1 0 1 1 0 1 0 0 1 1 0 0 0 0 1 1 1 1 1 1 1 1 1 1 1 1 0 0 1 0 0 0 1 0
1 1 1 0 0 0 1 0 0 0 1 1 1 0 0 1 0 0 0 1 1 0 0 1 1 1 1 0 0 1 0 1 0 1 1 1 1 0 1 1 1 1 0 0
1 0 1 1 0 1 1 0 1 0 0 1 0 0 1 1 1 1 0 0 0 0 1 0 0 1 1 0 0 0 1 0 0 1 0 1 1 0 1 0 1 0 0 0
1 0 1 1 1 1 1 1 1 0 1 0 1 0 0 0 1 1 0 0 1 1 0 1 1 0 1 1 0 1 0 1 1 1 0 0 1 1 0 1 1 0 0 1
1 1 1 1 0 1 1 0 1 0 0 1 1 0 1 1 1 0 0 1 1 1 1 1 0 0 0 0 1 1 1 1 1 1 1 0 1 1 1 0 1 0 1 0
1 0 1 0 1 0 0 1 0 0 0 0 0 1 1 0 1 0 0 0 1 0 1 1 1 1 0 1 1 0 1 0 1 1 0 0 0 1 0 1 1 1 1 0
0 0 0 1 0 1 1 0 1 1 0 1 1 1 1 0 1 1 0 0 1 0 0 0 1 0 0 1 0 0 1 1 0 1 1 0 1 0 0 1 1 1 1 1
1 1 1 0 0 0 1 0 1 0 1 0 1 1 0 1 0 1 1 1 1 0 1 0 0 0 0 1 0 1 0 1 0 0 1 1 1 1 0 0 1 0 1 1
0 0 0 0 0 1 1 0 0 0 1 1 0 1 1 1 1 1 0 1 0 0 0 0 1 1 0 1 1 0 0 1 0 1 1 0 1 0 1 1 1 0 0 1
1 1 0 1 0 1 0 1 1 0 1 0 1 1 1 0 1 0 1 0 0 1 1 1 1 1 0 1 0 0 1 0 0 0 1 1 0 1 1 1 1 0 0 0
1 0 1 1 1 0 0 1 0 0 0 0 0 0 0 1 0 0 1 0 0 0 0 1 1 1 0 1 1 1 0 1 0 0 0 1 0 0 1 0 0 1 0 1
1 1 0 1 1 0 1 0 0 0 0 1 0 0 1 0 0 1 1 0 0 1 0 0 0 0 0 1 1 1 0 1 1 0 0 0 0 0 1 0 0 1 1 1
0 1 0 1 1 0 0 0 1 1 1 1 1 1 0 0 0 0 1 0 0 1 0 1 0 0 1 1 1 0 1 1 0 0 1 0 0 1 1 0 0 1 1 0
0 0 1 0 0 1 0 0 0 0 0 0 1 1 1 0 0 1 0 0 0 1 0 1 0 1 1 1 0 1 0 1 0 0 1 0 1 1 1 0 1 1 1 1
0 1 0 1 0 1 1 0 1 0 0 1 1 0 0 1 1 1 1 1 0 0 0 1 1 1 0 1 0 1 1 0 1 0 1 1 1 1 1 0 0 0 1 1
0 0 0 0 0 1 1 0 0 1 0 1 0 0 1 1 0 0 0 1 1 0 0 1 0 0 0 0 1 0 0 0 1 1 1 1 1 0 1 1 0 1 0 1
0 1 1 0 1 1 1 1 1 0 0 0 1 0 0 1 0 1 1 0 1 1 1 0 1 1 1 1 0 0 1 0 0 0 1 0 1 0 0 0 0 1 1 0
1 1 0 0 1 1 1 0 0 0 0 0 0 0 0 0 1 0 1 0 1 1 0 0 1 1 0 0 1 1 1 1 0 0 1 1 1 1 1 0 0 0 0 0
1 1 0 0 1 0 0 1 0 0 0 0 1 1 1 1 0 1 0 0 1 1 1 0 0 1 0 0 1 1 1 0 0 0 1 1 0 1 0 0 0 1 0 0
1 1 1 1 0 1 0 0 0 0 0 1 1 1 1 0 0 1 0 0 1 0 0 1 1 1 1 1 1 0 1 0 1 0 1 1 1 0 1 1 1 0 1 1
1 0 0 1 1 1 0 1 0 1 1 1 1 1 1 0 0 0 0 0 1 1 0 1 0 0 0 0 0 1 1 1 1 0 1 0 1 1 1 0 0 1 1 1
0 1 1 1 0 0 1 0 1 0 1 1 0 0 1 1 0 1 1 1 1 0 1 0 1 1 1 0 1 0 0 1 1 0 1 0 0 0 1 1 0 0 1 1
0 0 1 0 1 0 0 0 1 1 1 0 0 1 0 0 1 1 1 1 1 1 1 0 0 0 0 1 1 0 1 0 0 1 0 0 1 1 1 1 1 0 0 1
1 0 1 0 1 1 0 0 0 1 0 1 0 0 0 0 1 0 0 0 1 1 1 0 0 1 1 1 0 0 0 1 1 1 0 1 0 0 0 1 0 1 1 0
0 1 0 1 0 1 1 1 1 1 0 1 0 1 1 1 0 0 1 0 1 0 1 0 1 0 1 1 1 1 1 0 0 1 0 0 0 0 0 1 0 1 0 1
1 0 0 1 1 0 0 1 1 1 0 0 0 0 1 1 0 0 0 1 1 0 1 0 0 1 1 0 0 1 0 0 1 1 0 1 0 1 0 0 0 0 0 1
0 1 0 0 0 0 1 0 0 1 1 0 0 0 1 1 1 1 0 0 0 1 0 1 1 1 1 0 1 1 0 0 0 1 1 1 0 1 0 0 0 1 0 1
0 0 1 1 1 0 0 0 0 0 0 0 1 0 1 0 1 1 0 1 1 1 1 0 0 1 0 0 1 0 1 0 0 1 1 1 1 1 0 1 0 0 0 1
0 0 1 0 0 1 0 0 0 1 0 0 0 1 0 1 1 1 1 1 0 1 0 0 1 1 1 1 0 1 0 0 0 0 0 1 1 0 0 0 0 0 1 1
1 0 1 0 0 0 0 0 0 0 1 1 1 1 1 0 1 0 0 1 0 1 1 0 0 0 1 1 1 1 1 1 1 1 0 0 0 1 0 0 0 0 0 1
0 0 0 1 1 0 1 1 0 1 0 0 0 1 0 0 1 0 0 0 1 0 0 0 0 1 1 0 1 1 0 0 0 1 1 0 1 0 0 0 1 0 1 0
1 1 1 0 0 1 1 0 1 1 0 1 1 1 0 1 1 0 0 1 1 0 1 1 1 1 0 1 0 0 0 1 1 0 1 0 0 1 0 0 1 1 0 1
0 1 1 0 0 0 0 0 0 1 0 0 1 0 0 0 1 1 0 1 1 1 0 1 0 1 0 1 0 0 0 0 0 0 0 0 0 0 1 1 1 1 1 0
0 1 1 0 0 0 1 0 1 0 0 1 0 1 0 1 0 0 1 0 1 0 0 1 1 0 0 0 1 0 0 0 1 1 1 0 1 1 1 0 1 0 1 1
0 1 0 0 0 0 0 0 0 0 0 0 0 0 0 0 1 1 0 1 1 1 0 1 1 0 0 1 0 1 1 0 1 0 1 0 0 1 0 0 0 0 1 1
1 1 1 1 0 0 0 0 1 1 0 0 1 1 1 1 0 0 0 0 1 1 1 1 1 1 1 0 0 1 1 1 0 1 1 1 1 0 0 1 1 0 0 1
0 0 0 1 1 0 1 1 1 1 1 0 0 0 0 1 0 0 1 1 0 1 1 0 1 1 0 1 0 1 0 1 0 1 1 0 0 1 1 0 0 0 1 1
1 0 1 1 0 0 0 0 0 0 0 0 0 0 1 0 1 0 1 0 0 0 0 0 1 0 0 0 1 0 0 1 1 0 1 1 1 1 1 1 1 1 0 0
0 1 1 1 1 1 1 0 1 1 1 1 1 0 1 0 0 1 1 0 1 0 0 0 0 0 0 1 0 1 0 0 1 1 1 1 1 0 0 1 0 1 0 0
1 1 1 1 1 0 1 1 0 0 0 1 0 1 0 0 1 0 1 1 0 1 0 0 0 0 1 0 0 0 0 1 1 0 0 1 1 0 1 0 1 1 0 1
1 1 0 1 0 0 0 1 1 0 1 0 0 0 1 1 1 1 1 1 1 0 1 0 1 1 0 1 1 1 1 1 1 0 1 0 0 0 0 0 0 0 1 1
1 1 0 1 0 0 0 1 0 0 0 0 1 1 1 1 0 0 1 1 0 0 0 0 1 1 0 0 0 1 1 0 1 0 0 0 0 0 0 1 0 0 1 0
1 1 1 1 0 1 0 0 0 0 0 0 1 0 1 0 1 1 1 1 0 1 1 1 0 1 0 1 1 0 0 0 1 0 0 1 0 1 1 1 0 0 1 0
0 0 1 0 0 1 1 1 1 1 1 0 1 0 0 1 1 0 1 1 0 0 0 0 0 0 0 1 0 1 0 0 1 0 1 1 0 1 0 1 0 1 0 0
1 1 1 1 1 0 1 0 0 0 1 0 1 0 0 0 0 1 1 1 1 1 1 1 1 1 0 0 1 0 0 1 1 1 1 1 1 0 1 1 0 1 1 1
0 0 1 1 1 1 0 0 0 0 0 0 0 0 1 0 1 0 0 0 1 0 0 1 0 0 1 1 1 0 0 1 0 0 0 0 1 0 1 0 0 1 1 1
0 0 0 1 1 1 0 0 0 1 1 0 0 1 1 1 0 1 0 0 0 1 1 1 1 1 0 0 1 1 1 1 0 1 0 1 0 0 0 0 1 0 1 0
1 0 0 0 1 1 1 1 1 0 1 1 1 0 0 0 0 0 1 1 1 0 0 1 1 0 0 1 1 0 1 0 1 0 0 1 1 1 1 0 0 0 1 1
1 0 1 0 0 1 1 1 1 1 0 1 1 1 1 1 1 1 0 1 1 0 0 1 1 0 1 1 1 0 0 0 1 0 0 0 0 0 1 1 1 0 1 1
1 1 1 0 1 0 0 1 0 1 1 1 0 0 0 1 0 0 1 1 1 0 0 1 1 0 1 0 1 1 1 1 1 1 1 0 0 1 0 1 1 0 1 1
0 0 0 0 1 0 1 1 1 1 1 0 1 0 1 1 0 0 1 1 1 0 1 1 1 0 0 0 1 1 0 0 0 1 0 1 0 1 1 1 1 0 0 0
1 1 0 0 1 1 0 0 1 1 1 1 0 1 0 1 0 0 1 0 1 1 1 1 1 0 0 0 1 1 1 1 1 1 1 1 1 0 0 0 1 1 1 1
1 1 1 1 0 0 1 1 0 0 1 0 0 1 0 0 0 0 0 1 1 1 0 1 1 0 1 0 0 1 1 0 0 0 1 0 1 0 1 0 0 1 1 1
1 1 0 0 1 0 1 1 1 1 0 1 1 1 0 0 0 0 1 0 0 0 0 1 0 1 1 0 0 1 1 1 0 1 1 0 1 0 0 0 0 1 0 1
0 0 1 0 1 0 1 1 1 1 1 1 1 0 0 1 1 1 0 1 1 1 1 0 0 1 1 0 0 0 1 1 1 0 0 1 0 0 1 0 0 1 0 0
0 1 1 0 0 0 1 1 0 1 1 0 0 1 1 0 0 0 1 0 1 0 1 0 0 1 1 0 0 0 0 0 0 1 1 1 0 0 1 1 0 1 0 0
0 0 1 0 1 0 1 0 1 1 1 1 0 1 1 1 1 0 0 1 0 0 0 1 1 0 1 1 0 1 0 1 1 1 0 1 0 0 0 0 1 1 1 1
0 1 0 1 1 0 1 1 1 1 1 1 1 1 1 1 1 0 1 1 1 1 0 0 1 0 0 0 0 0 0 1 1 0 1 1 1 1 0 1 1 1 1 0
0 1 0 0 0 1 0 0 0 0 1 0 1 1 0 0 1 0 0 0 0 0 0 1 0 1 0 0 1 0 0 0 1 1 0 1 1 1 0 0 1 1 0 1
0 1 0 1 1 0 1 1 0 1 0 0 0 0 0 0 1 0 0 1 0 0 1 1 0 1 0 1 0 1 1 0 1 1 1 0 1 1 0 0 1 1 0 1
1 1 0 0 0 1 0 1 0 0 1 0 0 0 1 0 1 0 0 0 0 0 0 0 0 1 1 0 0 1 0 0 0 1 0 0 0 0 0 1 1 0 0 0
1 0 1 0 1 0 0 1 0 1 1 1 0 0 1 1 1 1 0 0 0 1 1 1 1 1 0 0 0 0 0 0 1 1 0 1 1 1 1 1 1 1 0 1
1 0 0 0 1 0 0 1 1 0 0 1 1 0 0 0 0 1 0 1 0 1 0 0 0 0 1 0 1 0 1 0 1 0 1 1 1 1 0 1 0 0 1 0
0 0 1 0 1 0 0 1 1 0 0 1 0 1 1 1 1 0 0 1 1 1 0 0 0 1 1 0 0 1 1 1 0 1 1 0 0 0 0 1 1 1 1 1
0 0 0 0 0 0 0 1 0 0 1 0 1 1 1 0 1 0 0 0 1 1 0 1 1 1 0 0 1 1 0 1 1 0 0 1 1 1 1 0 0 0 1 1
1 0 1 0 0 1 0 0 1 0 1 0 1 0 1 1 0 1 0 0 0 1 1 1 0 0 1 1 0 0 0 1 1 0 0 0 0 1 0 1 1 1 1 0
0 0 0 1 0 1 0 0 1 0 0 1 0 1 1 1 0 1 0 1 1 1 0 1 0 1 1 1 1 1 0 1 0 1 1 1 0 1 1 0 1 1 1 0
0 0 1 1 1 0 1 0 1 0 1 1 0 1 1 1 1 1 0 1 0 1 0 1 0 1 0 1 1 0 1 0 0 0 1 1 1 0 0 1 0 1 1 0
1 1 1 0 1 1 1 0 0 0 1 1 1 0 1 1 0 1 1 0 1 0 1 1 0 0 1 1 0 0 0 1 1 0 1 1 0 0 1 0 1 0 0 0
0 0 0 1 0 1 0 0 0 1 1 1 1 1 1 0 0 1 1 1 0 0 1 0 0 0 0 0 0 0 0 0 1 1 1 0 0 1 1 0 1 1 0 0
0 0 0 0 1 1 1 0 0 1 1 0 0 1 0 0 0 0 0 1 1 1 0 1 1 0 1 1 0 1 0 0 0 0 1 1 1 1 1 1 0 0 1 1
0 1 1 1 0 1 1 0 0 0 0 1 0 1 1 0 0 1 0 1 1 0 1 0 1 0 1 1 1 0 1 0 1 0 0 1 0 1 0 1 1 0 0 1
0 0 1 1 0 1 0 1 1 1 0 1 0 1 0 1 1 0 0 1 1 0 0 1 1 1 0 0 0 0 0 1 0 1 1 1 1 0 0 1 1 0 1 0
1 1 1 1 1 1 0 0 0 1 1 1 0 1 0 1 0 0 0 0 0 0 1 0 0 0 0 1 1 1 0 1 1 0 1 1 0 1 1 1 0 1 0 1
1 1 0 0 1 1 1 1 1 0 0 1 0 1 1 1 1 1 1 1 0 0 0 0 0 1 1 0 0 1 0 1 1 1 1 1 0 1 0 0 0 0 0 1
0 1 1 1 0 0 0 0 0 1 0 1 1 1 1 0 1 1 0 1 0 0 1 1 1 0 1 1 0 1 1 1 1 1 1 0 1 0 0 1 1 0 1 0
1 0 0 1 0 1 1 1 0 0 1 0 0 0 0 0 1 1 1 1 1 0 0 0 1 0 1 0 0 0 0 1 1 0 1 0 0 1 1 0 0 0 1 0
1 1 1 1 1 0 0 1 1 1 1 0 0 0 1 0 1 1 0 1 0 0 0 0 1 0 0 0 0 1 1 0 0 0 0 1 1 0 0 0 0 0 1 1
0 1 1 1 0 1 1 1 0 0 1 1 0 1 0 1 1 0 1 1 1 0 1 1 1 0 1 1 0 1 1 1 0 1 1 1 0 0 0 0 0 0 1 0
0 1 0 1 1 1 0 1 1 0 1 0 0 1 1 1 0 0 1 1 0 0 1 1 0 0 1 1 1 0 1 1 1 0 0 1 1 1 1 1 0 0 0 1
1 0 1 1 1 1 1 0 1 1 1 1 0 0 0 0 0 0 1 0 0 0 0 1 1 0 1 1 0 0 0 1 1 1 1 0 1 0 0 0 1 0 1 0
0 0 1 1 0 1 1 0 1 1 1 1 1 1 0 1 1 1 0 0 1 1 0 1 0 0 1 0 0 1 0 0 1 1 1 0 1 0 1 0 0 1 1 1
1 1 0 1 0 0 1 0 1 1 1 0 0 0 0 0 0 0 0 0 1 0 1 1 0 0 0 1 1 0 0 1 0 0 0 0 1 0 1 1 0 1 0 1
0 0 1 0 1 1 0 0 0 0 0 1 1 0 0 0 1 0 0 1 0 1 1 1 1 0 1 0 0 0 0 1 0 0 1 0 1 0 1 0 1 0 0 1
0 0 1 0 1 0 0 0 0 0 1 1 0 1 1 0 0 0 1 1 0 1 0 1 0 0 0 0 1 1 1 0 0 0 0 0 1 1 1 1 1 1 1 0
0 0 0 1 1 0 1 0 1 1 0 1 1 1 0 1 1 0 1 0 0 0 0 0 1 0 1 0 0 1 1 1 0 0 0 0 0 1 1 0 1 0 1 0
1 1 1 1 0 1 1 1 0 1 0 0 1 1 1 1 1 0 1 1 0 1 0 1 0 1 1 1 1 0 0 0 0 1 1 0 1 0 1 1 1 0 0 0
0 1 0 1 1 0 0 1 0 1 1 0 0 0 0 0 0 1 1 0 0 0 1 1 0 1 1 1 0 1 1 0 0 0 1 1 0 0 1 0 0 0 0 0
1 0 0 0 0 0 0 1 1 0 0 0 1 1 0 0 0 1 1 1 1 1 1 0 1 1 1 0 1 0 1 1 0 1 1 0 0 0 0 1 1 1 0 0
0 1 0 0 1 0 1 0 1 0 1 0 0 0 0 1 0 0 1 0 0 0 1 0 0 0 1 0 1 1 0 1 0 0 1 1 1 1 0 1 0 1 1 1
1 1 0 0 1 0 1 0 1 1 1 1 1 0 1 0 0 0 0 0 0 0 1 0 0 1 0 0 0 1 1 0 0 0 1 0 1 1 1 0 1 0 1 0
1 1 0 1 0 1 0 0 1 0 1 1 1 1 0 0 0 1 1 0 1 0 0 0 0 1 1 0 0 0 1 1 0 0 0 1 1 1 1 0 0 1 0 1
0 0 0 0 0 0 0 0 1 1 0 1 1 1 0 1 1 0 1 0 1 1 1 0 0 1 0 1 0 0 1 1 0 1 1 0 0 1 1 1 1 0 0 0
1 0 1 1 0 0 0 0 0 0 1 0 0 0 0 0 1 1 1 0 1 1 1 1 0 0 0 1 1 1 0 0 1 0 1 1 0 1 1 0 1 1 0 1
0 1 0 0 1 0 0 0 0 0 0 0 1 1 1 1 0 1 1 0 1 1 1 0 1 0 1 0 0 1 1 0 1 1 0 1 0 1 1 1 0 0 1 1
0 1 1 1 0 0 0 1 0 1 1 0 0 1 1 1 0 1 1 1 0 0 1 0 1 1 0 0 1 0 1 0 0 1 1 1 1 1 0 0 1 0 1 0
0 1 1 1 0 1 1 1 1 1 0 1 0 1 0 0 1 1 0 1 0 1 1 1 0 1 0 0 0 1 0 1 1 1 0 0 0 0 1 1 0 1 0 1
1 0 0 0 0 0 0 1 1 1 0 1 0 1 1 0 1 1 1 1 1 0 1 0 1 1 0 0 0 1 1 0 0 1 0 1 1 0 1 1 0 1 0 1
0 1 0 0 0 1 0 1 1 1 0 1 1 1 0 1 1 1 1 0 0 0 0 1 0 1 1 0 1 0 1 0 0 0 1 1 1 0 0 1 0 1 1 0
1 1 0 1 0 0 1 0 0 1 1 1 1 0 1 0 0 0 0 1 0 0 0 1 0 0 0 1 1 0 0 1 1 1 1 1 1 1 1 1 0 0 1 0
0 1 0 0 1 1 1 0 1 1 0 0 1 0 0 1 0 0 0 1 1 1 0 0 0 0 1 1 1 1 1 0 1 0 0 0 0 1 0 0 1 1 0 1
1 1 0 0 1 1 0 1 0 1 1 0 0 0 1 1 1 1 0 1 1 0 0 1 1 0 1 0 0 1 1 1 0 0 0 1 1 1 0 1 1 1 1 0
0 1 1 0 0 0 1 1 1 1 1 0 1 1 0 0 0 1 0 0 0 1 1 0 1 1 0 1 0 0 0 1 1 0 0 0 1 1 0 1 0 0 1 0
0 0 1 1 1 0 1 0 1 0 1 0 1 1 1 1 0 1 0 0 1 1 1 0 0 0 0 0 0 0 1 0 0 1 1 0 1 1 0 0 1 0 0 0
0 1 0 2 0 2 1 1 1 0 0 2 0 0 2 2 2 0 0 2 2 1 2 2 2 0 2 2 2 2 2 2 2 2 2 2 2 2 2 2 2 2 2 2
1 1 0 0 2 0 1 0 0 0 2 0 0 2 2 2 1 2 0 1 1 0 2 2 2 1 1 2 2 2 0 2 2 2 1 2 2 2 2 2 2 2 2 2
2 1 2 1 1 2 0 2 0 2 2 0 0 2 2 2 2 0 2 1 2 2 1 2 1 2 2 2 2 2 1 1 2 2 2 1 0 2 1 2 2 2 2 2
1 0 1 0 2 1 2 0 2 2 2 2 2 0 2 2 2 2 0 0 2 2 0 2 2 2 1 0 2 2 2 0 2 2 2 2 1 0 2 2 2 1 1 1
2 0 2 0 1 2 2 1 2 1 1 2 2 2 2 2 2 2 2 2 2 2 1 2 1 2 2 2 2 2 2 2 0 2 2 2 1 2 0 2 2 2 2 0
