710 68 2^68 6
0 1 0 1 0 0 1 1 1 0 0 1 0 0 1 0 0 1 1 1 0 0 1 1 0 1 1 1 0 0 1 1 0 0 1 0 1 1 1 1 0 1 0 1 1 0 1 0 1 1 0 0 1 0 0 1 0 0 0 0 0 0 1 0 1 1 1 0
0 0 1 0 0 0 0 0 0 0 1 0 0 0 1 1 0 1 0 0 1 0 0 1 0 1 1 0 0 1 1 1 0 0 1 0 1 1 1 1 0 1 0 1 1 1 0 0 0 0 1 1 1 0 1 0 0 1 1 0 0 0 0 0 0 0 1 1
1 0 0 1 0 1 1 0 1 0 1 0 1 1 1 0 1 1 1 1 1 0 1 1 1 0 0 1 1 1 0 1 1 0 0 0 0 1 0 0 1 0 0 0 0 0 1 0 1 1 1 1 0 0 1 1 1 0 0 0 1 0 1 1 0 1 0 0
1 0 0 1 0 1 0 0 1 1 0 1 0 1 0 0 1 1 1 0 0 0 0 0 0 0 1 0 1 0 0 1 0 0 0 0 0 0 0 0 0 1 0 1 0 1 0 1 1 1 0 0 1 0 0 1 0 1 0 1 0 0 1 1 1 0 1 0
0 0 0 1 0 0 0 1 1 0 0 0 0 1 1 1 0 0 0 0 1 1 1 1 0 1 0 1 1 1 0 1 1 0 0 1 1 0 1 0 1 0 0 0 1 0 0 0 1 0 1 0 0 1 0 1 1 1 1 1 1 1 1 0 1 1 1 0
1 1 0 1 0 0 0 1 0 1 0 0 1 1 1 0 0 0 1 1 1 0 0 1 1 1 0 1 0 1 1 0 1 0 1 1 0 0 1 1 1 1 0 0 0 1 1 0 1 0 0 1 1 1 1 0 0 0 1 1 0 0 0 0 1 1 0 1
0 0 0 0 0 1 0 0 1 0 0 1 1 1 1 1 1 1 0 1 1 0 1 0 0 0 0 1 1 0 1 1 1 0 0 0 1 0 0 1 0 1 0 1 1 0 1 1 0 1 0 1 0 1 0 0 1 1 0 1 1 0 0 1 0 1 0 1
0 1 0 0 0 1 1 0 0 0 1 0 1 1 0 0 1 0 1 0 1 0 0 0 1 0 1 0 1 1 0 0 0 1 1 1 1 0 0 1 0 1 0 0 0 1 0 1 0 0 1 0 0 0 0 0 1 0 0 0 0 0 1 0 0 1 0 0
1 1 0 0 0 1 0 1 0 1 1 0 0 1 0 0 1 1 1 1 0 0 1 0 0 1 0 0 1 0 1 0 0 1 0 1 0 0 0 0 0 1 0 1 0 1 1 0 0 0 0 0 0 0 0 0 0 1 1 0 1 0 0 1 1 0 0 0
1 1 1 0 0 0 0 1 0 1 1 0 1 1 1 0 1 0 0 1 1 1 1 0 0 0 0 0 1 1 0 1 0 1 1 0 1 1 0 0 1 1 0 1 0 1 1 1 0 0 1 1 1 0 1 1 0 0 1 0 0 1 1 0 1 1 1 1
0 1 1 0 0 1 1 1 1 1 1 1 1 1 0 0 1 1 0 0 1 1 1 0 1 1 0 0 0 1 0 1 0 1 0 1 0 1 1 0 1 0 0 1 1 1 0 1 0 0 1 1 0 1 0 0 1 1 0 0 1 0 0 1 0 1 1 1
1 0 0 1 0 1 1 1 0 0 1 1 1 1 0 0 0 1 0 0 0 1 0 0 0 0 0 1 0 1 1 0 0 1 0 0 0 0 1 0 0 0 0 0 1 0 1 1 0 0 1 0 0 0 1 1 1 1 1 1 0 0 0 0 0 1 0 1
1 1 0 1 0 0 1 0 0 0 1 1 1 0 1 1 1 1 0 1 0 1 0 1 1 1 0 1 1 1 0 1 1 1 0 1 0 1 1 0 0 1 0 1 0 0 1 1 0 0 0 0 1 1 1 0 0 1 1 1 1 0 1 1 1 1 1 0
0 1 0 1 0 0 0 0 0 1 1 0 0 0 0 0 1 1 0 0 1 0 0 1 1 0 0 1 1 0 0 0 0 1 0 0 1 0 1 1 1 0 0 0 0 1 1 1 1 1 1 1 0 1 1 0 0 0 0 1 0 0 1 1 0 0 0 1
1 0 0 1 0 1 1 1 1 0 0 0 0 1 1 0 0 1 1 0 1 1 0 1 1 0 1 0 1 0 1 1 1 1 1 1 1 0 1 0 1 0 0 1 0 1 0 1 0 1 0 1 0 1 1 1 1 0 0 1 1 0 1 0 0 1 1 1
0 0 1 1 1 1 1 0 1 1 1 1 1 0 1 0 0 0 0 1 0 1 0 0 1 0 0 1 1 0 0 0 0 0 0 1 1 1 1 1 1 1 0 0 0 1 1 0 1 0 1 0 1 1 0 1 1 0 0 0 0 1 0 0 1 0 1 0
0 0 1 0 1 1 0 1 0 0 0 0 1 1 1 1 1 1 1 1 0 0 0 1 1 0 1 0 0 1 1 1 0 0 1 1 0 0 0 1 1 1 0 1 1 0 0 1 0 0 0 0 0 1 1 1 0 0 1 0 1 0 1 1 1 1 1 0
0 0 1 0 1 1 0 1 0 1 1 0 0 1 0 1 1 1 0 0 1 0 1 0 1 1 1 1 1 1 0 0 0 0 0 1 0 1 0 0 1 1 0 0 0 0 1 1 1 1 0 1 1 0 0 1 1 1 0 0 1 0 0 0 0 1 1 1
0 0 0 1 1 0 0 0 0 0 1 0 1 0 1 0 1 0 1 0 0 1 1 1 1 1 0 0 1 0 0 0 0 0 1 1 1 0 1 0 1 1 0 1 1 1 1 0 0 1 1 1 0 1 1 1 0 1 0 1 0 0 1 0 0 1 0 1
0 0 1 0 1 1 0 0 0 1 0 1 1 0 1 0 0 1 0 0 0 0 1 0 1 1 1 0 1 1 0 1 1 0 1 1 0 0 0 1 0 0 0 1 1 1 1 1 0 1 1 1 0 0 0 1 0 1 0 1 1 0 1 0 1 1 1 0
1 0 1 0 1 1 1 1 1 1 0 0 0 0 1 1 1 0 0 1 0 0 1 1 0 1 1 0 0 1 1 0 1 1 1 0 0 1 0 0 1 1 0 1 1 0 1 0 1 0 1 0 1 0 1 0 1 0 0 0 0 0 1 0 0 1 1 1
0 0 1 1 1 1 1 0 1 0 1 0 1 1 0 1 0 0 1 0 1 1 1 1 0 0 0 0 1 1 1 1 1 1 0 0 1 0 1 1 0 0 0 0 0 1 0 0 0 1 1 1 0 0 1 0 1 1 1 0 0 1 1 1 1 1 1 0
0 0 1 0 1 0 0 0 1 0 1 1 0 0 1 0 1 1 1 0 1 1 0 1 1 0 0 1 1 1 1 0 0 1 1 0 1 0 1 0 1 0 0 1 0 0 1 0 1 0 0 1 0 1 1 0 1 1 1 0 1 0 0 1 0 1 1 0
1 0 1 1 1 1 1 0 1 1 0 0 1 1 1 1 0 1 1 1 0 0 0 1 1 1 1 1 1 0 1 1 0 1 1 0 0 0 0 1 0 1 0 1 0 0 1 0 1 1 0 0 1 0 0 0 1 0 1 1 0 0 0 1 0 1 1 0
1 1 0 1 1 0 0 0 0 0 0 1 1 0 0 1 0 1 1 0 0 1 0 1 0 0 0 0 1 0 1 1 0 1 1 0 1 0 1 1 1 1 0 1 0 0 0 1 0 0 0 0 1 1 0 0 0 1 1 1 1 1 1 0 0 1 0 1
0 0 1 0 1 0 1 0 0 1 1 0 0 1 1 1 0 1 0 1 0 0 1 0 1 0 0 0 1 1 1 0 1 1 0 0 0 0 1 0 1 1 0 1 0 1 1 1 0 1 1 1 1 0 0 0 1 1 0 1 0 0 0 0 1 1 1 0
1 0 1 1 1 0 0 1 0 0 1 1 0 0 1 1 1 0 0 1 0 0 0 0 1 1 0 0 0 0 0 1 0 1 0 0 1 0 1 0 0 1 0 1 0 0 0 0 0 0 0 1 1 1 0 1 1 0 1 1 1 0 1 1 1 0 0 1
0 0 1 1 0 1 0 0 1 0 0 0 1 0 1 0 1 0 0 1 0 1 1 0 0 1 1 1 1 1 0 0 0 0 1 0 1 0 0 1 0 0 1 1 1 1 0 1 1 1 1 0 1 1 1 1 1 1 1 0 0 0 1 1 0 1 0 0
1 0 0 0 0 1 1 1 0 0 0 1 1 1 0 1 0 0 1 1 1 0 0 0 0 0 1 1 0 0 0 0 0 0 0 0 0 1 1 0 0 0 1 1 0 0 0 0 1 0 0 0 1 1 0 1 1 0 0 0 1 0 0 1 1 1 0 1
1 1 1 0 0 1 0 1 0 0 1 1 0 0 1 0 1 1 1 0 1 1 1 0 0 1 0 1 0 1 0 1 1 0 0 1 1 0 0 0 1 1 1 0 1 0 0 1 1 1 0 1 0 1 1 1 1 0 1 0 0 0 1 0 1 0 0 1
1 0 0 1 0 1 1 0 1 1 0 1 1 0 1 0 1 0 0 1 0 1 1 1 0 0 0 1 1 1 1 0 0 0 1 1 1 0 1 0 1 0 1 0 1 0 1 1 0 0 0 1 0 0 0 0 0 0 1 0 1 0 1 1 1 1 0 1
1 1 1 1 0 0 0 1 0 1 1 0 0 0 1 1 0 1 1 0 0 0 0 0 1 1 1 0 1 0 0 0 0 0 0 0 0 0 1 0 1 0 1 1 0 1 1 1 0 0 0 0 1 0 1 1 1 0 1 1 0 1 0 0 0 0 0 0
0 0 0 0 0 0 0 0 1 0 0 0 0 1 0 1 1 1 1 0 0 1 0 1 1 1 1 1 1 1 1 1 0 0 0 0 0 0 0 1 1 1 1 0 1 1 1 1 1 0 1 0 1 0 1 0 0 0 1 1 1 1 0 1 0 1 0 1
0 0 0 0 0 0 0 0 0 0 0 0 0 1 1 0 1 0 0 1 1 1 0 0 1 1 1 0 0 0 0 0 1 0 1 1 1 1 1 0 0 1 1 0 0 0 1 1 1 0 0 1 0 1 0 0 0 0 0 1 0 0 0 0 1 0 1 1
1 1 1 1 0 0 1 1 0 1 0 1 0 1 1 0 1 0 0 1 1 1 1 1 1 1 0 1 0 0 0 1 0 0 1 1 0 0 1 1 1 0 1 0 1 0 1 1 0 1 1 1 1 1 1 1 1 1 0 1 1 0 0 1 0 0 1 1
1 1 1 1 0 0 0 1 1 1 0 1 1 0 0 1 0 1 0 0 1 1 0 1 1 0 1 0 1 0 1 1 1 1 0 0 1 1 1 1 0 0 1 1 0 0 0 1 0 0 0 0 1 1 1 0 1 0 1 0 0 0 0 1 1 1 1 0
0 1 1 0 0 0 1 0 0 1 1 0 0 0 1 0 0 0 0 0 0 0 0 0 0 1 1 1 0 1 1 0 0 1 0 1 1 0 1 0 0 1 1 1 0 0 0 1 0 1 1 0 0 1 0 1 1 1 0 0 1 1 1 0 0 0 1 0
0 0 1 0 0 0 1 0 1 0 0 1 0 0 0 1 0 0 1 1 1 1 1 0 1 1 0 0 1 1 0 1 0 1 0 1 1 1 0 0 0 1 1 0 1 0 0 1 1 0 0 1 1 0 0 1 1 0 0 0 0 0 1 1 0 0 0 0
0 1 1 0 0 1 0 0 0 0 1 1 1 1 1 1 1 0 1 1 1 0 0 0 1 1 1 1 1 1 1 1 0 1 0 1 1 0 1 0 1 0 1 0 1 0 1 0 1 0 0 1 1 0 0 0 1 1 1 0 1 0 0 0 1 0 1 0
0 1 1 1 0 1 0 0 0 1 0 0 0 1 0 1 0 0 0 1 0 0 1 0 0 1 1 1 1 0 1 1 0 1 1 1 0 1 1 1 0 1 1 0 0 0 1 1 0 0 0 0 0 1 1 1 0 0 1 1 0 0 0 0 0 1 0 1
1 1 0 0 0 0 0 0 1 0 0 0 0 1 0 1 0 1 1 1 0 1 0 0 1 0 0 0 1 0 0 1 0 1 1 1 1 0 1 1 0 0 1 0 0 0 1 1 0 0 1 1 0 0 1 1 0 1 1 1 1 1 0 0 1 0 1 0
1 0 1 1 1 0 0 0 1 1 1 0 1 1 1 0 0 1 1 1 1 0 1 1 0 0 0 0 0 0 0 1 0 0 0 1 0 1 0 1 0 1 1 0 0 0 0 0 1 0 0 0 1 1 0 1 0 1 1 0 1 1 1 0 0 0 0 1
1 0 0 1 1 1 0 0 1 1 1 1 0 0 1 1 0 0 0 0 1 1 1 1 0 0 1 0 1 1 1 1 1 0 1 0 0 1 1 0 1 0 1 1 0 1 1 0 1 0 1 0 1 1 1 0 0 1 1 1 0 1 1 0 1 0 1 0
0 1 1 1 1 0 0 1 0 1 0 1 0 0 0 0 0 0 1 1 0 0 1 1 1 1 0 1 0 1 0 0 0 0 1 0 1 0 0 0 1 0 1 0 0 0 1 1 0 0 0 0 1 0 0 1 0 0 0 1 1 1 1 0 1 1 0 1
1 1 0 1 1 0 1 1 0 0 1 0 0 1 0 1 1 0 0 1 0 0 0 1 0 0 1 0 1 0 1 1 1 0 1 0 0 1 0 0 0 1 1 1 0 0 0 1 0 1 1 1 0 1 1 0 1 1 0 1 0 0 0 1 0 0 1 0
1 0 0 1 1 0 0 1 1 0 1 0 1 1 1 1 0 1 0 0 0 1 1 0 1 1 0 1 1 0 0 0 0 0 1 0 0 1 0 1 1 0 1 0 0 0 1 1 1 1 0 1 1 1 1 1 1 0 1 1 1 1 1 1 1 0 1 1
0 1 0 1 1 1 1 0 0 0 1 0 0 0 0 0 1 0 1 1 0 1 1 0 0 1 0 0 0 0 1 0 0 1 1 1 1 1 1 1 0 0 1 0 1 0 0 1 0 0 1 0 0 1 0 1 1 0 1 0 0 1 0 1 1 1 1 1
0 1 0 1 1 1 0 1 1 0 0 1 0 1 0 1 1 1 1 1 0 0 1 0 1 0 0 1 1 1 0 0 1 1 1 0 0 1 1 1 1 0 1 1 1 0 0 0 1 0 0 0 1 0 1 0 0 1 1 0 1 0 0 1 0 1 0 0
1 1 0 1 1 1 1 1 0 1 1 1 0 1 1 1 0 1 1 0 0 1 0 0 0 0 0 1 1 0 1 1 1 1 0 1 0 0 0 1 1 1 1 1 0 1 1 1 1 0 1 1 0 1 0 0 1 0 0 0 1 1 0 1 1 0 1 1
1 1 0 0 1 0 1 1 0 0 0 0 1 1 1 0 1 0 1 1 0 1 1 0 0 0 1 1 0 0 1 1 0 1 0 0 1 0 1 1 0 1 1 0 1 1 0 0 1 1 0 0 0 1 1 1 1 0 0 1 0 1 1 0 0 1 0 1
0 1 0 1 1 0 1 0 1 0 0 0 1 0 1 1 0 0 0 1 0 0 0 1 1 1 1 0 0 0 0 1 1 1 1 1 1 0 1 1 1 1 1 1 1 1 0 0 1 0 0 0 0 0 0 1 1 1 0 1 1 0 0 1 1 0 0 0
0 0 0 1 1 0 1 0 0 0 0 1 0 0 0 1 0 0 0 0 0 1 0 1 0 0 0 0 0 0 0 1 0 1 1 0 0 1 0 0 0 0 1 1 1 1 1 1 1 0 1 1 1 1 0 1 0 1 1 1 1 0 0 1 0 1 0 1
0 1 0 1 0 1 0 0 0 1 1 1 1 1 1 1 1 0 1 0 1 0 0 1 0 0 0 0 0 0 1 1 1 0 0 1 1 1 1 1 0 1 0 0 0 1 0 1 1 1 1 0 0 1 1 1 1 1 0 0 1 0 0 0 1 0 0 1
1 0 0 1 1 1 1 0 1 0 0 0 0 1 1 1 0 0 1 0 0 0 1 1 0 0 1 1 1 0 1 0 0 0 0 0 0 0 1 0 1 1 1 0 1 0 0 0 1 1 1 1 0 0 0 1 1 1 1 1 1 1 1 0 0 0 0 1
0 0 0 1 0 1 0 0 1 1 0 1 0 1 0 0 0 0 0 0 1 1 1 1 0 1 1 1 0 0 0 0 0 1 1 0 0 0 0 1 0 0 0 1 0 1 1 0 1 0 0 1 0 0 1 1 1 0 1 0 1 0 1 0 1 1 0 1
1 0 0 0 1 0 0 0 0 1 1 1 1 1 1 1 1 0 0 0 0 1 1 0 1 1 1 0 1 1 0 0 1 1 0 1 0 1 0 0 0 0 1 0 0 1 0 0 1 1 1 1 0 1 1 0 1 1 1 0 1 0 0 1 1 0 0 0
0 1 0 0 1 0 1 0 1 0 0 1 0 1 0 1 1 0 1 0 1 0 0 0 1 1 0 1 1 0 1 1 1 0 1 0 0 0 1 0 0 0 0 0 0 1 0 1 0 1 0 1 1 1 0 1 0 0 1 0 1 1 1 1 1 1 1 0
0 0 0 1 1 1 0 1 1 0 0 1 1 0 0 0 1 0 1 1 0 0 0 1 0 1 1 1 0 1 1 1 1 0 0 1 1 0 0 0 0 0 1 0 0 1 1 1 1 0 1 1 0 1 1 1 0 1 0 0 1 0 1 1 0 1 1 1
1 1 0 1 1 0 0 1 1 1 0 0 1 0 0 0 0 0 1 1 1 0 1 0 0 1 1 1 1 0 0 1 1 1 0 1 1 1 1 0 1 0 0 1 0 0 1 0 1 1 0 1 0 1 0 1 0 0 1 0 1 1 0 1 1 0 0 0
1 0 1 1 0 0 0 1 0 0 1 1 0 1 1 1 0 0 0 1 0 1 1 0 0 1 0 1 1 1 1 1 1 1 1 1 0 0 0 0 0 0 1 1 0 0 0 0 0 0 1 1 0 0 1 0 1 0 1 0 1 0 1 0 0 1 0 1
1 0 1 0 1 1 0 1 0 1 0 0 1 1 1 1 0 0 1 0 0 1 1 1 1 1 0 0 0 1 1 1 1 1 0 0 0 0 1 0 0 0 1 1 1 0 1 1 0 0 0 1 0 0 0 1 0 1 1 1 1 0 0 1 0 0 1 1
0 1 0 0 1 1 1 1 1 0 0 1 0 1 0 0 1 1 1 0 1 1 1 1 1 1 1 1 0 1 1 0 0 1 1 1 0 1 0 0 1 0 0 1 0 1 1 0 0 0 1 0 0 1 0 1 0 1 1 1 0 0 0 0 1 0 1 1
0 1 1 1 1 0 1 1 1 1 0 1 1 0 0 0 0 1 0 1 1 0 1 1 1 0 1 0 1 0 1 0 0 1 0 0 1 0 0 1 1 1 0 1 0 0 0 0 0 1 1 0 1 0 0 1 1 1 0 1 1 1 1 1 0 1 1 1
0 1 1 1 1 1 0 1 0 0 1 0 0 1 0 1 0 0 1 1 1 1 0 1 1 1 0 0 0 0 0 1 1 1 1 1 0 0 1 1 1 1 0 0 0 0 1 0 1 0 1 1 1 0 0 0 1 0 0 1 0 1 1 0 0 1 1 0
1 0 1 0 0 0 1 0 0 1 1 1 1 1 0 1 0 1 1 0 0 0 1 0 1 0 0 1 0 0 0 1 0 1 1 1 0 0 0 1 1 0 0 0 0 1 0 0 1 1 1 1 0 0 0 0 0 1 1 1 1 0 1 1 1 1 0 1
1 0 0 0 1 0 1 0 1 1 1 0 0 1 1 0 1 0 0 1 1 1 0 0 1 1 1 0 0 0 1 1 0 0 0 1 1 1 1 1 0 1 1 0 0 1 1 0 0 1 1 0 0 0 0 0 0 0 0 1 1 1 0 1 0 1 0 1
1 1 1 0 0 0 0 1 0 0 1 0 1 0 0 0 1 0 1 0 1 1 0 1 1 0 0 1 1 0 0 1 0 0 0 1 1 0 0 0 1 1 0 1 0 0 0 0 0 0 0 0 1 0 1 0 1 1 0 1 0 0 0 1 0 0 0 0
1 1 1 1 0 0 0 1 1 1 1 1 1 0 0 0 1 1 0 1 1 1 1 0 0 0 1 0 1 0 1 0 1 0 1 1 0 0 0 1 1 1 1 0 0 1 0 1 1 1 0 0 0 0 1 0 0 1 1 1 1 0 0 0 1 1 0 1
1 1 0 1 1 0 0 1 1 0 1 0 1 1 1 1 1 0 0 0 1 1 1 0 1 0 0 0 1 0 1 0 0 0 1 0 0 0 1 1 0 1 0 1 1 0 0 0 0 1 0 0 1 1 0 1 0 1 1 1 0 1 0 1 1 1 0 0
1 0 1 1 0 1 0 1 0 1 0 0 1 0 0 1 1 0 1 1 1 0 0 1 1 0 1 1 1 1 0 1 1 1 1 1 0 0 0 0 0 1 0 0 1 1 1 0 0 0 1 0 0 0 0 1 1 0 0 1 0 1 0 1 1 1 1 1
0 1 0 0 0 1 1 0 0 1 0 1 1 0 0 0 0 1 1 1 1 0 0 1 1 0 0 0 0 1 1 0 0 0 1 0 1 1 1 1 1 0 1 1 0 1 0 1 0 1 0 1 1 0 0 0 0 1 1 1 0 0 0 1 0 0 0 0
1 1 1 0 0 0 1 0 0 1 0 1 0 0 1 1 0 1 1 0 1 0 1 1 0 1 1 1 0 0 0 0 1 1 0 1 0 1 0 1 0 0 0 0 0 1 1 1 1 0 1 0 1 0 0 0 0 1 1 1 1 0 0 0 0 1 1 0
1 0 0 1 0 1 1 0 0 0 1 0 1 1 1 1 1 0 0 0 0 1 1 1 1 1 0 1 0 1 0 1 0 0 1 0 1 0 0 0 0 1 1 0 1 1 0 1 0 1 0 0 1 0 0 0 0 1 1 1 0 1 1 0 1 1 1 1
0 0 0 0 1 0 1 0 1 1 1 0 1 1 1 0 0 1 0 1 1 1 0 0 0 0 1 1 0 1 0 1 0 1 0 0 0 0 0 1 1 0 0 1 0 1 1 0 0 0 0 0 0 0 1 0 0 1 0 0 1 0 0 0 0 0 1 1
1 0 0 1 1 1 0 0 0 1 1 0 0 0 1 0 0 0 1 1 1 0 1 1 0 1 1 1 0 1 1 0 1 0 1 1 1 0 1 0 0 0 0 1 1 0 0 1 0 1 0 0 0 0 1 0 1 1 0 1 1 0 0 1 1 1 0 1
1 0 1 0 1 1 1 0 0 0 1 0 1 0 0 0 0 1 0 1 0 0 0 1 1 1 1 1 1 1 1 1 0 1 1 1 1 1 1 0 1 0 1 0 0 1 1 0 1 0 0 0 0 0 0 0 0 1 1 0 0 1 1 1 0 1 0 0
0 1 0 1 1 0 0 0 1 1 1 1 0 1 0 0 0 0 0 0 1 1 1 0 0 1 0 1 1 1 1 1 1 0 0 0 1 0 0 1 0 1 1 0 0 1 1 1 0 0 0 1 0 0 0 1 0 1 1 0 0 1 0 0 0 0 0 0
1 0 0 1 0 1 1 1 1 1 1 0 0 0 1 1 0 1 0 1 0 0 1 0 0 0 0 0 0 0 0 0 0 1 0 1 0 1 1 1 0 0 1 1 1 0 0 1 1 1 1 0 1 0 0 0 1 0 0 1 1 0 1 1 0 0 0 0
1 0 1 1 1 1 0 1 0 1 0 0 1 0 1 0 0 1 0 0 0 1 1 1 0 1 0 0 1 1 1 0 0 1 0 0 1 1 1 0 1 0 1 0 0 1 1 0 0 1 0 0 0 1 1 1 1 1 0 0 1 1 0 0 1 1 0 1
1 0 0 0 1 1 1 1 0 0 0 1 1 1 0 0 1 1 0 1 1 1 1 1 1 1 0 1 0 0 0 0 1 1 0 1 1 0 0 1 1 0 1 1 1 1 1 0 1 0 0 1 0 0 0 0 1 1 0 0 0 0 1 1 1 1 1 1
0 0 1 0 1 0 1 1 1 1 0 0 0 1 0 1 0 0 0 0 0 1 1 1 0 1 0 1 1 0 0 0 0 1 1 0 1 1 0 0 1 0 1 0 1 1 0 0 0 1 0 0 0 0 1 0 1 0 0 1 0 0 1 1 1 0 1 0
0 1 0 1 0 1 1 0 0 1 0 1 0 0 1 0 0 1 0 0 1 1 0 0 1 1 1 0 1 1 1 1 0 1 1 0 0 1 0 0 1 1 0 1 1 0 0 0 1 1 1 0 0 0 1 1 0 1 0 0 0 0 0 1 1 0 0 0
1 0 0 0 0 1 0 0 1 1 1 0 1 1 1 0 1 0 1 1 1 0 1 1 1 0 1 0 1 0 1 1 1 0 0 1 0 1 1 0 0 1 1 1 1 0 0 0 0 1 1 0 0 0 0 0 1 0 1 0 0 1 0 0 1 0 1 1
1 1 1 1 0 0 0 0 0 1 1 1 0 1 0 1 0 1 1 0 0 1 0 0 0 0 1 0 1 1 0 1 0 0 0 0 1 1 1 1 1 1 0 0 0 0 1 0 0 0 0 1 0 0 0 0 1 0 0 1 1 0 0 1 1 1 0 0
0 0 1 0 0 0 1 0 1 1 1 1 1 1 0 0 1 1 0 0 0 1 1 1 1 1 1 1 0 1 1 0 0 0 0 0 1 0 1 1 1 1 0 0 1 1 0 0 1 0 0 0 0 0 1 1 0 0 1 1 0 1 1 0 0 0 1 0
1 1 1 0 0 0 1 1 0 1 0 1 1 0 1 1 0 0 1 1 1 1 0 1 1 1 1 0 0 1 1 0 1 0 1 0 0 0 1 0 0 1 0 0 0 1 0 1 1 1 0 1 0 0 1 0 1 0 1 0 0 0 1 1 0 0 1 1
1 0 1 0 0 0 1 0 0 1 0 0 1 0 1 1 0 0 1 0 1 0 0 0 0 0 1 0 0 0 1 0 0 1 1 1 1 0 1 0 1 1 1 1 1 0 1 1 0 0 1 0 1 0 1 1 0 1 0 1 0 1 0 1 1 1 0 1
0 1 0 1 1 1 0 0 0 1 1 1 1 1 1 0 0 1 0 1 0 0 1 0 1 0 1 0 0 1 0 1 0 1 0 0 1 1 0 0 0 1 1 1 1 0 1 0 0 1 0 1 1 0 0 0 1 0 1 1 0 1 0 1 0 1 0 1
1 0 1 1 0 1 0 0 1 1 0 0 1 0 1 0 1 0 0 0 0 1 0 0 1 0 0 1 0 1 1 0 1 1 1 1 0 1 0 0 0 1 1 1 1 0 1 1 1 1 1 1 1 0 1 0 0 1 0 1 1 1 0 0 0 0 0 1
1 0 1 1 0 1 0 0 1 0 0 0 0 1 1 0 1 0 0 1 0 0 1 0 1 1 0 1 0 1 0 1 0 0 0 1 1 1 1 1 0 1 1 1 0 1 1 0 0 1 0 0 0 1 1 0 1 0 0 0 1 0 1 1 1 0 1 0
1 0 0 0 1 0 1 1 1 0 1 1 1 0 1 1 0 1 0 0 1 0 1 1 0 0 1 1 0 1 0 0 1 0 1 1 0 1 1 1 0 1 1 1 1 1 1 0 0 1 0 0 0 0 1 1 1 0 1 0 0 0 1 0 1 1 0 0
1 1 1 1 1 0 0 1 0 1 0 1 1 0 1 1 1 1 1 0 0 1 1 1 0 1 0 0 0 0 0 0 0 1 1 1 0 0 0 0 0 0 0 1 1 1 0 0 1 1 0 0 1 0 1 0 1 1 0 0 0 1 1 1 0 1 1 1
1 1 1 1 0 0 1 1 0 1 1 0 1 0 0 0 1 0 0 0 0 0 1 1 0 1 1 1 0 0 0 1 0 0 0 1 0 1 0 0 0 0 1 1 1 1 1 0 1 0 1 1 1 1 0 1 0 0 0 0 0 0 0 0 0 0 0 1
0 0 0 0 0 1 0 1 0 1 0 1 0 1 0 0 1 0 1 0 1 1 1 0 0 0 1 1 0 1 1 0 1 1 0 1 0 1 1 1 1 1 1 0 0 0 0 1 0 0 1 1 0 0 1 0 0 0 0 0 0 0 1 1 1 1 1 0
0 1 0 1 0 1 1 1 0 1 0 1 1 1 1 1 1 0 1 1 1 1 1 1 0 1 1 1 0 1 1 0 0 0 0 1 0 1 0 0 1 1 0 0 1 1 1 1 0 1 0 0 0 0 0 1 1 0 0 1 1 1 1 1 0 1 0 0
0 0 1 0 1 0 0 0 0 0 1 0 1 1 0 0 0 0 1 1 0 0 1 1 0 0 0 1 1 0 0 0 1 1 1 0 0 0 1 0 0 1 1 1 0 1 1 0 0 1 1 0 0 1 1 1 0 0 0 0 1 1 0 0 1 1 1 0
0 1 0 0 1 0 0 0 0 0 1 1 1 0 0 1 1 1 0 1 1 1 0 1 1 1 0 1 0 0 0 0 0 0 1 1 1 1 0 0 0 1 0 0 1 0 1 0 0 0 1 0 0 0 0 0 0 0 1 0 1 1 1 1 0 0 1 0
0 1 0 1 1 0 1 1 0 1 1 0 1 1 0 1 0 1 1 0 1 0 1 1 1 1 0 0 0 1 1 1 0 0 0 1 1 0 1 0 0 0 0 1 1 0 0 1 0 0 0 1 0 0 0 0 0 0 0 0 0 0 1 0 1 0 0 0
1 1 1 0 0 1 1 1 1 0 1 0 0 0 0 0 0 1 1 1 0 1 1 1 0 0 1 1 0 1 1 1 1 0 0 0 1 1 0 1 0 0 1 1 0 0 1 1 0 0 0 1 1 1 0 0 1 1 1 1 1 1 1 0 1 1 0 0
1 0 0 1 1 0 1 1 1 0 1 0 1 1 1 1 0 0 0 1 1 1 1 1 0 0 0 1 0 0 1 1 0 1 1 1 1 1 0 1 1 1 0 0 1 0 1 1 1 0 1 1 1 0 1 1 0 1 1 1 0 0 0 1 0 0 0 0
1 0 0 0 0 1 0 1 1 1 1 0 0 0 0 1 1 1 1 0 1 1 1 0 1 0 0 1 0 0 0 0 1 0 1 1 1 1 1 0 0 1 0 1 1 0 1 1 0 0 0 0 1 1 1 1 0 0 1 0 1 0 0 0 0 0 1 1
1 0 1 1 1 1 0 0 1 0 1 0 1 1 0 0 0 0 1 1 0 1 0 0 0 0 1 0 0 0 0 0 0 1 1 0 0 1 1 0 1 1 1 0 1 1 0 0 1 1 0 1 0 0 1 0 0 0 1 0 0 0 0 0 0 0 1 0
0 0 1 1 1 1 1 1 1 1 1 0 1 1 0 1 1 1 1 0 0 1 1 1 0 0 0 1 0 1 1 1 1 0 1 1 1 0 1 0 1 1 1 0 1 0 1 1 1 1 0 0 1 1 0 0 1 1 0 1 0 0 0 1 1 0 0 0
0 0 0 0 0 1 1 0 0 0 1 0 1 1 0 1 1 1 0 1 1 0 0 1 0 0 0 0 0 0 0 0 0 1 1 1 0 0 1 1 1 0 1 1 1 0 0 0 1 1 0 1 1 1 1 1 0 1 0 0 0 0 0 0 1 1 1 0
1 0 1 1 0 1 1 0 1 0 0 1 1 0 0 0 0 1 1 0 1 0 1 1 0 1 0 1 1 1 1 0 0 1 1 0 0 1 0 1 0 1 1 1 1 1 0 1 0 0 0 1 1 1 1 1 0 0 0 1 0 1 1 1 0 1 1 1
0 1 1 1 1 0 0 0 1 0 1 1 0 0 1 0 1 0 1 0 0 1 1 1 0 0 0 0 0 1 0 0 1 1 0 0 1 0 1 1 1 1 0 1 0 0 0 1 0 1 1 0 1 0 1 0 0 0 1 1 1 0 0 1 1 0 0 0
0 1 0 0 1 1 0 1 0 1 1 0 1 0 1 1 1 1 1 1 1 1 1 1 1 0 1 1 1 0 1 0 0 1 1 0 0 1 1 1 0 0 0 1 0 1 0 0 0 1 1 1 1 0 0 1 0 0 0 0 1 0 0 0 0 0 0 0
0 1 1 1 1 1 0 0 0 1 1 0 1 0 0 1 0 0 1 1 1 1 1 1 0 1 0 0 1 1 1 0 0 0 0 0 0 1 1 1 1 0 1 1 0 0 0 0 1 0 1 0 0 0 1 0 1 0 0 0 0 0 0 1 0 0 0 1
0 0 0 1 1 0 1 0 0 0 0 0 0 1 1 0 1 0 1 1 0 1 1 0 0 1 1 0 0 1 0 0 1 0 1 1 1 1 0 1 1 1 1 0 1 0 1 0 1 1 0 1 1 0 1 0 0 1 1 0 1 1 1 0 1 0 0 0
0 1 1 0 0 1 0 1 0 1 0 1 0 0 0 1 0 0 1 0 0 0 0 1 0 0 0 0 0 1 0 0 0 1 1 1 1 1 1 0 0 1 0 1 1 1 0 0 1 1 1 0 1 1 1 1 0 0 1 1 0 1 1 0 1 0 0 0
0 1 1 0 0 0 1 0 0 0 0 1 0 1 0 1 0 0 0 0 1 0 1 1 1 0 0 1 0 1 1 1 0 0 0 0 1 1 1 0 0 0 0 1 1 0 1 1 1 0 1 0 0 0 0 1 1 1 0 1 0 1 1 1 0 0 1 0
1 1 0 0 0 1 1 0 0 0 0 1 1 1 0 0 0 0 0 0 0 0 0 0 0 1 0 0 0 1 0 1 1 0 1 1 0 1 1 0 1 0 1 0 0 1 1 0 1 1 0 0 0 0 0 0 1 0 1 1 1 0 0 0 0 1 1 1
1 1 0 1 1 1 0 1 0 0 0 1 0 0 0 0 1 1 1 1 0 1 1 1 0 1 0 0 1 1 0 1 1 0 0 0 0 1 1 1 0 0 0 0 1 1 1 1 0 1 0 1 0 1 1 0 1 0 1 1 0 1 0 1 1 0 0 1
0 0 0 1 1 1 0 0 1 0 1 1 0 1 0 1 0 0 1 0 1 1 0 0 1 1 1 1 1 0 0 1 1 1 0 0 1 1 1 0 0 1 1 1 1 0 1 0 1 1 1 0 0 0 1 1 1 1 0 1 0 0 0 0 0 1 1 1
1 1 1 1 1 1 1 0 1 0 0 1 1 0 0 1 1 0 0 1 1 1 1 0 0 1 1 1 0 1 1 0 0 0 0 0 0 0 0 0 0 1 1 1 0 0 1 1 0 0 1 1 1 0 1 0 1 0 1 1 0 0 0 1 1 0 1 0
0 0 0 0 1 1 0 1 0 0 1 0 1 1 1 1 1 1 0 0 0 0 1 0 0 1 0 1 0 0 1 0 1 0 0 0 1 0 0 1 1 0 0 1 0 1 1 1 1 1 1 0 1 1 0 0 0 1 1 0 1 0 1 0 0 0 0 0
0 1 0 0 0 1 1 1 1 0 0 1 1 0 1 1 0 1 1 0 0 1 0 1 0 0 1 0 0 1 0 1 0 0 0 1 1 0 0 0 1 1 0 0 1 1 1 0 1 1 1 1 1 0 0 0 0 1 0 1 1 1 0 0 0 0 0 0
0 0 0 0 1 1 1 1 0 1 0 1 0 1 1 0 0 0 1 1 1 1 1 0 1 0 1 0 1 0 1 1 1 0 1 0 1 0 0 1 1 0 0 0 0 0 1 0 0 0 1 1 0 0 0 1 1 1 1 0 0 1 0 1 0 1 0 1
1 0 1 1 0 0 1 0 0 1 1 1 0 1 0 0 0 1 0 1 1 1 1 1 1 0 0 1 1 0 1 0 0 0 0 0 1 1 0 0 1 1 0 0 0 0 0 0 0 1 1 1 1 1 1 1 0 1 1 1 1 1 0 0 1 0 1 1
1 1 1 1 1 0 1 0 1 0 0 1 1 1 1 1 1 0 1 1 0 1 0 0 1 1 0 0 1 1 1 0 1 0 1 1 1 1 0 1 0 1 1 1 1 0 0 0 1 1 1 1 1 1 0 0 0 0 0 1 1 0 1 1 1 1 1 1
1 0 0 1 1 0 1 1 0 1 1 1 1 1 1 1 0 0 1 1 1 0 1 0 0 0 1 0 0 0 0 1 0 1 0 0 1 0 0 0 0 1 1 0 1 1 1 1 0 1 1 0 1 1 0 0 1 1 0 0 1 0 1 0 1 1 1 0
0 0 1 1 0 1 0 0 0 1 0 0 0 0 0 0 0 0 1 0 0 0 1 0 0 0 1 0 0 1 0 1 1 1 0 1 0 0 1 0 1 0 0 1 0 1 0 1 1 0 0 0 0 1 1 0 0 1 0 0 1 1 0 0 0 0 0 1
1 1 0 0 1 1 1 0 0 1 1 0 0 0 1 0 0 0 0 1 0 0 0 0 0 0 0 1 1 0 1 1 1 1 1 0 1 1 1 0 0 1 1 0 1 0 0 0 1 1 0 1 1 1 1 0 0 1 0 0 0 0 0 1 1 0 1 1
0 1 0 0 0 0 1 1 0 0 1 0 0 0 0 0 0 1 1 1 0 1 1 1 0 0 0 0 1 1 0 0 1 0 1 1 0 0 0 0 1 0 0 1 1 0 0 0 0 0 0 1 1 0 0 1 0 0 1 1 0 0 0 1 0 1 1 1
0 1 1 1 1 1 1 1 1 0 0 0 1 1 1 1 0 0 0 0 1 0 0 1 1 0 1 1 0 1 0 0 0 1 0 0 1 1 1 0 0 0 1 0 0 0 0 0 0 0 0 1 1 0 1 0 0 1 1 1 1 0 1 0 0 1 1 1
0 0 1 1 0 1 1 0 0 1 0 1 0 1 1 0 1 1 1 1 1 1 1 1 0 0 0 0 0 0 1 1 0 1 0 1 1 0 1 0 1 1 1 0 0 0 0 0 1 0 1 0 0 1 0 0 0 0 1 1 0 0 0 0 0 1 0 0
1 1 0 1 0 0 0 0 0 0 0 1 1 0 1 0 1 1 1 0 1 0 0 0 1 0 1 1 0 0 0 0 0 0 0 0 1 0 0 1 0 0 1 1 0 1 0 0 0 1 1 1 0 0 1 1 0 0 1 1 1 1 0 0 1 1 1 1
1 1 1 1 0 0 1 0 1 1 0 0 0 1 0 0 0 0 1 0 0 1 1 0 1 0 0 0 0 0 1 1 1 0 1 1 0 0 0 1 1 1 0 1 1 1 1 1 0 1 1 0 0 0 1 1 1 0 0 1 0 1 1 0 1 0 0 0
0 0 0 1 0 0 0 0 1 0 0 0 1 0 0 1 0 1 0 0 1 1 1 0 1 1 1 1 0 0 1 0 0 1 0 1 1 0 1 0 0 1 0 0 0 1 0 0 1 1 1 0 1 1 0 0 0 0 0 1 1 0 1 0 1 0 0 0
1 1 0 1 0 0 0 1 0 0 0 0 0 1 0 1 1 1 0 1 0 1 1 0 1 0 0 1 1 0 1 0 0 0 1 1 0 1 0 0 1 0 0 0 1 1 0 1 1 0 0 1 0 1 0 1 1 1 0 0 0 1 0 0 1 1 0 0
0 1 1 0 1 0 1 0 1 1 1 0 0 0 0 0 1 0 1 1 1 0 0 1 1 0 1 0 0 0 0 0 1 0 0 0 1 0 1 0 0 0 0 1 1 0 0 1 1 0 1 0 0 0 0 1 0 0 1 0 1 0 1 0 1 1 1 0
1 1 0 0 1 0 1 0 1 0 0 0 1 0 1 0 0 1 1 0 1 1 0 1 0 1 0 0 1 1 0 0 1 1 0 0 1 0 0 0 0 1 1 1 0 1 1 1 1 1 1 1 0 0 0 0 1 0 1 1 0 1 1 0 1 1 0 0
0 1 0 0 1 0 1 1 1 0 1 0 1 0 0 1 1 1 0 1 1 1 1 0 1 0 1 0 0 1 0 1 1 0 1 1 1 1 1 0 1 0 0 1 1 1 1 1 1 1 1 0 1 0 1 1 1 0 1 1 1 1 0 1 1 1 0 1
0 1 0 0 1 1 0 0 1 1 1 0 0 1 0 0 0 0 0 0 0 0 0 1 1 0 1 0 0 1 0 1 1 0 1 1 1 1 0 1 1 1 1 1 1 0 0 0 0 0 1 1 0 1 1 1 1 0 0 0 0 1 1 1 0 1 0 1
0 1 1 1 0 1 1 1 1 0 1 0 1 1 1 0 0 1 1 1 0 0 0 0 0 1 0 0 1 0 0 1 0 0 0 1 0 1 1 0 0 1 1 1 1 0 1 0 1 0 0 1 0 0 1 1 1 1 0 1 0 1 1 1 1 1 1 1
1 1 1 0 1 0 0 0 1 1 1 0 0 0 1 1 1 1 1 0 0 0 1 0 0 1 1 1 1 1 0 1 0 1 0 1 0 0 0 0 0 1 0 0 1 0 1 0 0 0 1 1 1 1 1 0 0 0 1 0 0 1 1 1 1 1 0 0
1 1 1 0 0 1 1 1 1 0 1 1 0 1 1 1 1 0 1 0 0 1 1 1 1 0 0 1 1 0 1 0 0 0 0 1 1 1 1 1 1 1 1 1 0 1 1 1 1 1 0 1 0 0 1 0 0 1 0 1 0 0 0 0 0 1 1 0
0 1 1 0 0 0 0 0 0 1 0 1 1 0 1 0 1 1 1 0 1 1 0 1 1 0 0 1 1 1 0 1 0 1 0 1 0 1 1 1 1 0 1 1 1 0 1 1 1 1 0 0 1 0 0 1 0 0 0 0 0 1 1 1 1 0 1 1
0 0 0 1 0 1 1 1 0 0 0 1 1 0 1 1 0 1 1 0 0 0 0 0 1 1 0 0 1 0 1 0 1 1 0 0 1 0 0 0 1 0 0 0 1 1 0 0 1 0 1 0 0 0 1 0 1 0 0 1 1 0 0 1 1 1 1 1
0 0 1 0 0 0 0 1 0 0 0 1 0 1 0 0 0 0 1 1 1 1 0 0 1 1 1 0 1 1 0 0 1 1 1 0 1 0 0 0 0 0 0 1 1 0 1 0 0 1 1 1 1 0 1 1 1 1 0 0 1 1 0 1 1 1 1 0
1 0 1 0 0 1 0 0 0 1 0 0 1 1 0 1 1 0 0 1 0 1 0 1 0 1 0 0 0 0 1 1 1 0 1 0 1 0 0 0 0 0 1 0 1 0 1 0 1 1 0 1 0 1 1 1 1 0 1 0 0 1 0 1 1 1 0 1
1 0 1 1 1 0 1 0 0 1 0 0 1 1 0 1 1 0 0 1 0 0 0 1 1 1 1 0 1 0 1 0 0 0 0 1 1 1 0 1 0 0 0 0 1 0 1 1 0 1 0 0 1 1 1 0 0 1 0 0 0 1 0 0 1 0 1 0
1 1 0 0 0 1 1 1 1 1 0 0 0 0 0 1 0 0 0 1 1 0 0 0 0 0 1 1 0 0 0 1 1 0 1 0 1 0 0 0 1 1 0 1 0 0 1 0 0 0 0 1 0 0 1 0 0 1 0 1 0 0 1 0 1 0 0 0
1 1 0 1 0 0 0 0 1 0 1 1 1 1 0 0 0 0 0 0 1 0 1 1 1 0 0 0 1 1 1 1 0 1 1 1 0 0 1 0 0 1 0 1 1 0 1 1 1 1 0 0 0 0 1 1 0 0 1 0 1 0 0 1 0 0 1 1
1 1 1 1 0 0 0 0 1 0 0 0 0 1 0 1 0 1 0 0 1 1 0 1 1 0 0 0 0 0 0 0 0 0 0 1 0 0 0 0 1 1 1 1 0 0 1 0 0 1 1 0 0 1 0 0 0 1 0 0 0 0 0 0 0 1 1 1
0 1 0 1 0 1 0 0 1 1 0 0 1 0 1 1 1 0 1 0 0 0 1 1 1 1 0 0 0 1 0 0 0 0 1 1 0 1 1 1 1 1 0 0 0 1 1 0 0 0 1 0 1 0 0 1 1 1 1 0 1 1 1 1 1 1 1 0
1 1 1 0 1 1 0 0 0 1 0 0 0 0 0 1 1 1 0 1 0 1 0 1 0 1 1 0 0 1 0 0 1 1 0 1 1 0 0 1 1 1 1 0 0 1 0 1 0 0 1 1 1 1 0 0 0 0 1 0 1 0 1 0 1 1 1 1
1 1 1 1 0 1 1 0 1 1 1 0 0 1 0 1 1 1 1 1 0 0 1 1 1 1 0 0 1 1 0 0 1 0 1 0 1 0 1 0 0 0 0 0 0 1 1 0 1 0 0 1 1 1 0 0 1 1 1 1 1 1 0 0 0 0 1 1
0 0 0 1 1 0 1 0 1 0 1 1 0 0 0 1 0 1 0 0 0 1 1 0 0 1 0 0 0 1 1 1 0 0 1 1 0 0 0 1 1 1 0 0 0 1 0 1 0 1 0 1 0 1 1 0 0 1 0 1 1 0 1 1 0 0 0 0
0 1 0 1 1 0 1 0 0 0 1 0 0 1 0 1 1 0 1 1 1 0 1 1 1 0 1 1 0 0 0 1 0 0 1 0 1 1 0 0 1 1 0 1 0 1 0 0 1 0 0 0 0 1 1 1 1 0 1 0 0 1 0 1 1 0 1 1
1 0 0 1 0 0 0 1 1 0 1 0 1 0 0 0 1 0 0 1 0 1 0 0 0 0 0 1 1 1 0 0 1 0 0 1 1 0 1 1 0 1 1 0 1 1 0 0 0 0 1 1 1 0 0 1 0 1 0 0 1 1 1 0 1 0 0 1
0 0 0 0 1 0 0 1 0 1 1 1 1 1 1 0 0 0 0 0 0 1 0 1 1 0 1 1 0 1 0 0 1 0 0 0 0 0 1 0 1 1 1 0 0 0 0 1 1 1 1 0 0 0 0 0 0 1 0 1 0 1 0 1 0 1 1 0
0 1 1 1 0 1 0 1 0 0 1 1 1 0 0 1 1 1 1 0 0 0 1 1 1 0 1 0 0 1 1 0 1 1 1 0 0 1 0 1 1 1 1 0 1 0 1 0 0 0 0 1 0 0 1 1 1 1 0 1 1 1 0 0 1 0 1 1
1 1 0 1 0 0 0 0 0 0 0 1 1 1 0 0 1 0 1 1 1 0 1 1 0 0 1 0 1 1 1 1 1 1 0 1 1 1 1 1 1 1 0 1 1 1 1 0 1 0 1 0 1 1 0 0 0 1 0 0 0 0 0 1 0 1 1 1
0 1 0 1 0 1 0 1 0 1 0 0 1 0 1 1 1 0 0 0 1 0 0 1 0 1 1 0 1 1 1 1 1 0 0 0 1 0 0 1 1 0 1 0 1 0 0 1 1 1 1 1 1 0 0 1 1 0 0 1 0 1 1 1 1 0 0 0
0 0 0 0 0 0 1 0 0 1 0 0 0 0 0 1 1 1 1 0 0 1 0 1 1 0 0 1 0 1 0 0 1 1 0 1 0 1 1 0 0 0 1 0 0 0 0 0 0 1 0 1 0 1 0 1 1 0 0 1 1 1 1 0 0 1 0 0
0 1 0 0 1 1 0 1 1 0 0 0 0 1 0 1 1 1 0 1 0 0 0 1 0 0 0 0 0 0 1 0 0 1 0 0 1 0 1 0 0 1 1 0 1 1 1 1 0 0 0 1 1 0 1 1 1 0 0 0 1 0 0 1 0 0 0 0
0 1 1 1 0 0 0 1 1 1 1 0 1 1 0 1 1 1 1 1 1 0 0 1 0 0 1 1 1 0 1 1 0 0 1 0 0 0 1 0 0 0 0 0 1 1 0 1 0 0 1 0 1 1 1 0 0 1 0 1 1 0 1 0 0 1 1 1
0 1 0 0 1 0 1 1 1 0 1 0 1 1 1 0 0 1 1 1 0 0 0 0 0 1 0 0 1 1 1 0 1 0 0 1 1 1 1 1 1 1 0 0 0 0 0 1 0 1 0 1 0 0 1 0 0 0 1 0 1 1 0 0 0 1 1 1
1 1 1 0 1 1 0 0 0 0 0 1 0 1 1 1 0 1 1 1 0 0 0 1 1 1 1 0 1 0 0 0 1 1 0 0 0 1 0 1 1 0 1 0 0 1 0 1 0 1 0 0 0 0 0 1 1 0 0 0 1 0 1 1 0 0 1 1
1 1 0 1 1 0 0 0 1 1 0 1 0 1 1 1 1 1 0 1 0 0 0 1 0 0 1 1 0 1 0 0 0 0 1 1 1 1 1 1 1 0 0 1 1 1 0 1 1 0 0 1 1 1 0 0 0 0 0 1 1 1 0 1 0 0 1 1
0 0 1 1 1 1 1 0 0 1 0 0 0 1 0 1 0 1 0 1 1 1 0 0 1 1 0 1 1 1 1 0 1 0 1 0 0 0 1 0 1 1 0 0 1 1 1 0 1 0 0 0 1 0 1 1 0 1 0 0 1 0 1 1 1 0 1 1
1 0 0 0 0 0 0 1 0 1 0 1 0 0 1 1 1 1 0 1 0 1 1 0 0 0 0 0 0 1 0 1 0 0 1 0 0 0 0 1 0 1 0 0 1 0 1 1 1 0 1 0 1 1 0 0 0 0 0 0 0 1 0 1 1 0 0 0
0 1 0 0 1 1 1 1 1 0 1 0 0 0 1 1 0 0 1 1 1 0 0 0 0 1 0 1 0 0 1 0 0 0 1 0 1 0 0 1 0 0 1 1 1 0 1 0 1 0 1 0 0 1 1 1 1 0 1 1 1 0 0 0 0 0 0 1
0 0 1 1 0 0 1 0 0 0 1 1 1 1 1 1 0 1 0 1 1 0 0 1 0 1 1 0 1 1 0 0 0 0 1 1 1 1 0 0 1 0 1 1 0 0 0 1 0 0 1 0 0 1 0 1 1 1 0 1 1 1 0 1 0 1 0 1
0 1 1 0 0 0 0 1 1 1 0 0 0 1 1 0 0 1 1 0 1 1 1 0 0 1 0 1 0 0 1 1 1 0 1 1 1 1 0 0 1 0 1 1 1 1 0 0 0 0 1 0 1 0 1 0 0 1 0 0 1 0 0 1 1 1 0 0
1 1 0 1 0 1 0 0 0 0 1 0 0 0 1 0 1 1 1 1 0 1 1 0 1 1 1 0 1 1 1 1 0 1 0 0 0 0 0 1 0 1 0 0 0 0 0 1 1 0 1 1 1 1 1 1 1 1 0 1 1 0 0 1 0 1 1 1
0 0 1 0 0 0 0 0 1 1 0 0 0 0 1 0 0 1 1 1 0 1 1 1 0 0 0 1 1 0 0 1 1 0 1 0 0 1 0 1 0 1 0 0 0 1 0 1 0 0 1 0 0 1 0 0 1 0 1 1 0 0 1 1 0 0 1 1
1 0 0 0 1 0 0 0 0 1 1 0 0 0 1 1 1 0 0 1 1 1 1 0 1 0 0 1 0 0 0 1 1 0 0 0 0 1 1 1 0 0 0 0 0 0 0 1 1 1 0 1 1 0 1 0 0 0 1 0 0 0 1 0 0 1 0 0
1 1 1 0 1 0 1 1 0 0 0 1 0 1 0 1 1 1 0 1 0 0 1 1 1 0 1 1 1 0 1 0 1 1 1 1 1 0 1 1 0 1 1 0 0 0 1 1 1 1 1 1 1 0 0 1 0 0 1 1 0 1 1 1 1 1 0 0
1 0 1 0 1 1 1 1 0 0 1 0 1 1 1 0 1 0 1 1 0 0 0 1 1 0 0 0 1 0 0 0 0 0 1 1 0 1 0 0 1 0 0 0 0 1 0 1 1 0 1 0 1 0 1 0 0 1 0 1 1 1 1 0 1 0 0 0
0 0 1 0 1 0 1 1 1 0 1 0 0 1 1 0 1 0 0 0 0 1 1 0 1 1 0 1 1 0 1 1 1 1 0 1 0 1 0 0 0 0 0 1 1 0 1 0 0 0 0 0 1 1 1 1 0 0 0 1 1 1 1 0 0 0 1 0
1 1 1 1 1 1 0 1 1 0 0 0 0 0 1 0 0 0 1 1 1 0 0 1 0 0 0 0 1 0 1 0 1 0 0 1 1 0 0 0 0 1 1 0 1 0 0 1 0 0 1 0 1 0 0 0 0 1 0 1 0 1 0 0 0 0 1 0
0 0 0 0 0 1 1 1 0 0 1 0 1 0 0 0 0 0 1 0 0 1 0 0 0 0 0 1 1 1 1 0 0 1 1 0 1 1 0 0 0 1 0 1 0 1 1 0 1 1 0 1 1 1 0 0 0 0 0 0 1 0 1 1 0 0 0 1
0 0 1 1 0 0 0 1 0 0 0 0 1 0 1 1 0 1 1 1 0 1 0 1 0 0 1 1 1 0 0 1 1 0 1 1 0 1 0 1 1 1 1 0 0 0 1 0 0 1 0 1 0 1 1 1 0 1 1 0 0 0 1 1 0 1 0 0
1 0 1 0 1 1 1 1 0 1 1 1 1 1 1 0 0 0 0 0 0 0 1 1 0 0 0 1 1 1 1 1 0 0 0 0 1 1 0 1 0 0 1 1 1 0 0 1 1 0 1 0 1 0 0 0 1 0 1 0 1 0 0 1 1 1 1 0
1 1 1 0 1 0 0 0 1 1 1 1 1 1 1 1 0 1 1 0 1 1 0 1 1 1 1 1 1 0 1 0 1 0 1 1 0 0 0 0 1 0 0 0 1 0 0 0 1 0 0 1 0 0 0 0 0 1 0 0 0 1 0 0 1 1 0 1
0 0 0 0 0 1 0 1 0 0 1 1 0 1 1 1 1 0 0 0 0 1 0 1 0 0 1 1 1 0 0 1 0 1 0 1 1 1 0 1 0 0 0 0 1 0 0 0 1 1 0 0 0 0 1 1 0 0 1 0 1 1 0 1 0 1 0 1
0 0 0 0 1 0 1 0 1 1 0 1 1 0 1 0 0 0 1 1 1 0 1 1 1 0 0 0 0 0 1 1 0 1 1 1 0 1 1 0 0 1 0 0 1 0 0 0 0 0 1 1 1 1 1 0 1 0 1 1 1 1 0 0 1 1 1 0
0 0 0 1 1 0 0 0 1 1 0 0 1 1 0 1 1 0 0 1 1 1 1 0 0 0 0 0 0 1 0 0 1 1 0 0 0 1 0 0 1 1 0 1 0 0 1 0 1 0 0 0 0 1 0 0 1 0 1 1 0 0 1 1 0 1 0 1
0 1 0 1 1 0 1 1 0 0 1 1 1 1 0 0 1 1 0 0 0 1 0 0 1 1 0 0 0 0 0 1 1 0 0 1 0 1 0 1 1 1 1 1 0 1 1 0 0 1 1 0 1 0 1 1 0 1 1 0 0 0 0 1 1 1 0 0
1 0 0 1 1 1 1 0 0 1 0 0 1 0 0 0 1 0 1 1 1 1 0 1 1 0 1 1 0 1 0 0 0 1 0 0 0 0 1 0 0 1 0 0 1 0 1 1 0 0 0 1 1 1 0 1 1 1 1 0 0 1 1 0 0 0 1 0
1 0 1 0 0 0 0 0 0 0 0 0 0 0 0 0 0 1 0 1 0 1 0 0 0 0 1 0 0 0 1 1 1 0 0 1 0 0 1 1 0 1 0 1 1 1 0 0 1 1 1 1 0 1 0 1 1 0 1 0 1 0 0 1 0 1 0 0
1 0 0 1 1 0 0 0 0 1 1 1 0 0 0 1 0 0 0 1 1 0 0 1 0 0 0 0 1 1 0 0 0 0 1 0 1 0 1 1 0 1 1 0 0 0 1 0 1 1 0 0 0 0 1 1 1 1 1 1 0 0 1 1 1 1 1 1
0 0 1 0 0 0 0 1 1 0 0 0 0 1 0 1 1 1 1 1 0 0 1 0 1 1 0 0 0 0 1 0 1 1 0 0 0 0 0 1 0 1 0 1 0 0 0 0 1 1 1 1 0 0 1 1 0 1 0 0 0 1 0 0 0 0 0 1
1 0 0 0 1 1 1 0 1 0 0 0 1 0 0 1 1 1 0 0 1 0 1 0 1 1 0 1 0 1 1 1 1 1 0 0 0 1 1 1 0 0 1 0 0 1 1 0 1 0 1 0 1 0 0 1 1 1 0 0 0 1 0 0 1 1 0 1
0 1 1 1 1 1 0 1 1 0 0 0 1 1 0 0 0 1 1 1 1 1 0 0 0 1 0 1 0 1 0 0 0 0 0 1 0 1 1 1 0 0 0 0 1 0 0 1 1 1 1 0 0 0 0 1 0 1 0 1 1 0 0 1 1 1 0 0
1 0 0 1 0 0 0 1 1 0 0 0 1 0 1 0 1 0 0 0 0 0 1 1 0 1 1 0 0 0 0 0 1 1 0 0 1 1 0 0 0 1 0 1 0 0 0 1 0 0 0 1 0 0 0 1 0 1 0 0 0 0 0 1 1 1 0 0
0 1 0 1 0 0 1 1 1 0 1 1 1 1 0 0 0 0 0 1 1 1 0 1 0 1 1 0 0 0 0 1 0 1 1 0 0 1 0 0 1 0 0 0 1 0 0 1 1 1 0 0 1 1 1 0 0 0 0 1 0 1 1 1 1 1 0 1
1 1 1 1 1 1 1 0 0 0 1 0 0 0 0 1 1 0 1 1 1 0 0 1 1 0 0 0 1 0 1 1 0 1 0 1 0 1 0 0 1 0 1 1 1 1 1 1 0 1 0 1 0 0 1 0 1 1 1 0 1 1 1 0 0 1 0 1
0 0 0 1 0 1 1 1 0 0 0 1 1 1 0 1 1 0 1 0 0 1 1 1 1 1 1 1 1 1 0 0 1 0 1 0 1 0 1 1 1 0 0 1 0 1 1 1 0 1 1 0 0 1 0 0 1 0 1 0 1 0 0 0 1 0 1 0
0 0 1 1 1 0 0 0 1 0 0 0 1 0 0 1 1 1 1 1 1 1 1 0 1 1 0 1 0 0 0 1 1 0 1 0 1 1 1 0 1 0 1 0 0 0 0 1 0 1 1 1 0 0 0 0 1 1 0 0 1 1 0 0 0 1 1 0
0 1 0 0 0 0 1 0 1 0 0 1 1 0 1 1 1 0 0 1 0 1 1 1 1 0 1 0 1 0 0 1 1 1 0 0 0 0 0 1 1 1 1 1 0 0 1 0 0 1 0 1 0 0 0 1 0 0 1 1 0 1 1 0 0 0 1 1
1 0 1 1 1 1 1 1 0 1 0 1 0 1 1 1 0 1 1 1 1 1 1 1 1 0 1 0 0 1 0 1 1 0 0 1 0 1 1 1 0 1 1 1 1 1 0 1 1 0 1 1 1 1 1 1 0 1 0 1 0 1 0 0 1 1 0 1
1 1 1 1 0 0 0 0 1 1 1 1 1 0 0 0 0 1 0 1 1 1 1 1 0 0 1 1 0 1 0 1 0 1 1 1 0 1 1 0 0 1 1 0 0 1 0 0 0 1 0 1 0 1 0 1 1 1 0 1 0 1 0 1 1 0 0 1
1 0 0 1 0 1 0 0 1 0 1 1 0 0 0 1 0 0 1 0 0 0 0 0 1 1 0 1 1 1 1 0 1 0 1 1 0 1 1 1 0 0 0 1 1 0 1 1 1 1 1 1 1 0 0 0 1 1 1 0 0 1 1 1 1 0 0 0
0 0 1 0 1 0 1 0 0 0 1 0 1 0 0 0 0 0 1 1 0 1 0 0 0 1 1 0 0 1 1 1 1 0 0 0 0 1 0 0 1 1 1 0 0 0 0 1 0 1 1 0 1 1 0 1 0 0 0 1 0 0 1 0 1 0 0 1
1 0 0 0 0 0 1 0 1 0 0 1 1 1 1 1 1 1 1 0 1 1 0 1 0 0 1 1 0 0 0 0 1 1 1 0 1 0 0 1 1 1 0 1 1 0 0 1 0 0 1 1 1 1 1 1 1 0 0 0 1 0 1 1 1 0 1 0
0 0 1 0 0 0 0 0 1 1 1 1 1 0 1 1 1 0 1 1 0 0 0 1 0 1 1 1 0 0 1 1 1 1 0 1 1 1 0 1 0 0 1 1 0 1 1 1 1 0 1 1 1 0 1 0 1 0 0 0 0 1 1 0 0 0 0 0
1 0 1 0 1 0 1 0 1 0 1 1 0 1 1 0 0 0 0 1 0 0 0 1 1 0 0 1 0 1 0 1 0 0 0 0 0 0 1 1 1 0 1 1 1 0 1 1 1 1 0 1 0 1 0 1 0 0 1 1 0 1 0 0 1 0 0 0
0 1 1 1 0 1 1 1 1 0 1 1 0 1 1 0 0 0 0 0 1 0 0 0 1 0 1 0 1 1 0 0 0 0 0 1 0 0 0 0 1 1 0 0 1 1 1 1 0 0 0 0 0 1 1 0 0 0 0 0 1 0 0 1 1 1 1 0
0 0 1 0 1 1 0 0 1 1 1 0 0 0 1 1 0 1 1 1 1 1 0 1 1 0 0 1 0 0 1 1 1 1 0 0 1 1 1 0 1 1 0 0 1 0 0 1 0 0 0 0 0 1 0 1 0 1 0 0 0 0 1 1 1 1 0 1
1 1 1 0 1 0 0 0 0 0 1 1 1 1 1 1 0 1 0 0 1 1 0 0 1 1 0 1 1 1 1 1 1 1 1 1 1 1 1 1 1 0 1 0 1 1 0 1 0 1 1 0 0 1 1 0 1 0 1 1 0 1 0 1 0 1 1 0
1 0 0 0 1 1 1 1 1 1 0 1 0 1 1 0 0 1 0 1 0 1 0 1 0 0 0 0 0 1 0 1 0 0 1 1 1 1 0 0 0 1 0 1 0 1 0 1 0 1 0 0 1 0 1 0 1 1 1 0 1 1 0 1 0 1 1 0
1 0 0 1 0 0 0 1 0 1 1 1 0 1 0 1 1 0 0 1 1 1 0 1 1 0 1 0 0 0 0 1 1 1 0 1 1 0 0 0 1 0 1 1 1 1 0 1 0 1 1 0 0 0 0 1 0 1 1 1 1 1 1 0 0 0 0 0
0 1 0 0 0 1 0 1 0 0 1 0 0 0 0 1 1 0 0 0 1 1 1 0 1 0 1 1 1 1 1 1 1 0 0 0 0 0 1 0 1 1 1 1 1 1 0 0 0 1 0 1 1 0 1 0 0 0 0 0 1 1 0 0 1 1 0 1
0 0 1 0 1 1 1 1 1 1 0 1 0 1 1 0 0 1 0 1 0 1 1 1 1 1 1 0 1 0 1 1 0 1 0 1 0 1 1 0 0 1 0 1 0 1 1 1 1 0 0 1 0 1 0 0 1 1 0 0 0 0 1 0 0 0 0 1
0 0 0 1 0 1 1 1 1 1 1 0 1 1 1 0 1 0 1 0 0 1 1 0 1 1 1 0 0 0 1 1 0 0 1 0 1 0 0 0 1 0 1 1 0 0 0 1 0 1 0 0 1 0 0 0 0 0 0 0 1 1 0 0 0 0 1 1
0 0 1 1 0 0 1 1 1 0 0 0 1 1 0 1 1 1 1 1 1 1 0 1 1 1 0 0 0 0 1 1 1 0 0 0 0 1 1 1 1 0 1 1 1 1 1 0 1 0 1 1 0 1 1 0 0 0 1 0 1 1 1 0 1 0 0 0
0 0 1 0 1 0 1 1 1 0 0 1 1 0 0 0 0 0 0 0 1 1 0 1 0 1 0 1 0 0 1 0 1 0 0 0 0 0 0 1 1 0 0 1 0 1 0 1 0 1 1 1 1 1 1 0 1 0 0 0 0 1 0 0 0 1 0 1
1 0 1 1 0 1 1 1 1 0 1 0 0 0 0 1 0 0 1 0 0 0 1 1 1 1 0 0 0 1 1 1 0 1 0 1 0 1 0 0 1 1 1 0 0 1 0 1 1 1 1 0 1 1 1 1 1 1 1 1 0 1 0 1 0 1 1 0
0 1 0 0 0 0 1 0 0 1 1 0 0 0 1 1 1 1 0 1 1 0 1 0 1 0 1 0 1 1 1 0 1 0 1 1 0 1 0 1 1 0 0 1 0 1 0 0 0 1 0 0 1 1 0 0 1 0 1 0 0 1 1 1 1 0 0 1
1 0 1 1 1 1 0 1 1 0 0 1 1 1 1 1 0 0 0 1 0 1 0 0 0 1 0 0 1 1 1 0 1 1 1 0 0 1 1 0 1 1 1 1 0 1 1 1 0 1 1 1 1 1 0 1 0 0 0 0 0 0 0 1 0 0 0 0
1 1 1 0 1 0 0 1 1 0 0 0 1 1 0 0 0 1 0 1 1 1 0 1 1 1 1 1 1 1 0 1 0 1 0 0 0 0 1 0 1 1 1 1 0 1 0 1 1 1 0 1 1 1 1 1 1 1 1 1 1 0 1 0 0 1 0 0
0 0 1 1 0 1 1 1 0 1 0 0 1 0 1 1 0 0 0 0 1 1 1 0 0 1 1 0 1 0 1 1 0 1 1 1 1 1 1 0 0 0 0 1 1 0 1 0 0 1 1 1 0 1 0 0 0 0 1 1 1 1 1 1 0 0 1 1
1 0 1 1 0 0 1 0 0 0 1 1 0 0 1 0 1 0 0 0 0 0 0 1 1 0 1 0 0 1 1 1 1 0 0 1 1 0 0 1 1 0 0 0 1 0 1 1 1 0 1 1 0 1 1 0 1 1 1 1 0 1 1 0 1 1 1 1
1 1 1 1 1 1 1 1 0 0 1 0 0 1 1 1 1 1 1 0 1 0 1 0 0 0 0 0 1 1 0 1 1 1 1 1 1 1 0 1 0 0 1 1 0 0 1 1 0 1 1 0 1 1 1 0 0 0 0 0 0 0 0 1 0 0 1 1
0 1 0 1 1 1 0 1 0 0 0 0 0 0 1 1 1 0 0 0 0 0 0 0 0 1 0 1 1 1 0 1 1 1 1 1 0 1 0 0 1 1 1 1 0 1 0 1 1 0 0 1 0 0 1 1 0 0 1 1 0 1 0 1 1 1 0 1
0 1 1 1 0 0 0 0 0 0 0 0 1 1 0 1 0 0 0 1 1 0 1 0 0 0 1 0 1 1 0 0 0 0 0 0 0 0 1 1 0 0 1 1 0 0 1 1 0 1 0 1 1 0 1 0 0 1 0 0 1 1 1 1 0 0 0 0
1 0 1 0 1 1 0 1 1 0 1 1 1 1 0 1 1 1 0 1 0 0 0 0 0 0 1 0 0 0 1 1 1 0 0 1 0 1 0 0 0 1 0 0 0 1 1 0 1 0 0 1 1 0 0 1 0 0 1 1 1 1 0 0 1 1 1 0
0 1 1 0 1 1 0 0 0 1 0 0 0 0 0 0 1 1 1 1 1 1 1 1 0 1 1 1 0 0 1 1 1 1 1 0 1 0 0 0 1 1 0 0 0 1 1 1 0 1 0 1 1 0 1 0 0 0 0 1 0 1 0 1 0 0 1 0
1 0 1 0 0 1 0 0 0 0 1 0 1 0 1 0 0 1 0 0 0 0 1 1 1 0 0 1 0 0 1 0 1 1 1 1 0 0 0 0 1 0 1 1 0 0 0 1 1 0 0 0 1 1 0 1 1 0 0 1 0 0 1 0 0 0 1 1
0 0 1 1 0 0 0 0 0 1 1 0 1 1 1 1 1 1 1 0 0 1 1 0 1 0 1 1 0 1 1 1 1 0 0 0 1 0 1 0 0 1 1 1 0 1 1 0 0 0 1 1 1 1 0 1 0 0 1 0 0 1 1 1 0 1 1 1
1 1 0 1 0 1 0 1 1 1 0 0 1 1 0 1 1 1 1 0 0 1 0 1 0 1 1 0 1 1 1 0 0 1 1 1 1 1 0 1 1 1 1 1 1 0 0 0 1 0 0 0 0 0 0 1 1 1 1 0 1 0 1 0 0 0 0 0
1 1 0 0 1 0 0 1 0 0 0 1 0 0 1 0 0 0 0 1 1 1 0 0 1 1 1 1 1 1 1 0 0 0 0 1 0 1 0 0 0 1 1 1 1 1 0 0 1 0 0 0 1 1 1 1 0 0 1 0 0 1 0 1 0 1 1 1
0 1 0 1 0 1 0 0 1 1 0 1 0 1 1 1 1 0 0 1 0 1 0 0 0 0 0 0 0 0 1 0 1 1 1 0 0 0 1 0 0 0 0 1 1 0 0 0 0 0 1 0 0 0 0 0 1 0 0 0 1 1 0 0 1 0 1 1
0 0 0 0 0 1 0 0 1 1 1 1 1 0 1 0 0 1 1 1 1 1 0 0 1 1 0 0 0 1 0 1 1 1 1 1 1 0 1 1 1 0 1 1 0 1 1 0 1 0 0 0 1 1 1 1 0 0 0 1 1 1 1 1 0 1 0 1
0 0 1 0 1 0 0 0 1 1 1 0 1 1 0 0 0 0 1 1 1 0 0 1 1 1 1 1 1 1 1 0 0 1 1 1 1 0 0 0 1 1 1 1 1 0 1 1 0 0 0 0 0 1 1 0 0 0 1 1 0 1 0 0 0 0 0 1
1 1 0 0 0 1 0 0 1 1 1 0 0 1 1 1 1 0 0 0 0 0 1 1 0 0 1 1 1 0 0 1 0 1 1 1 1 0 0 1 1 0 1 0 0 0 1 1 0 0 0 0 1 1 0 0 1 1 0 0 0 1 0 0 0 1 1 0
1 0 1 1 0 0 1 1 1 1 0 0 0 0 0 1 1 1 0 0 1 0 0 0 1 0 0 1 0 1 1 1 0 1 0 1 1 0 0 1 0 0 0 1 1 1 0 0 1 0 0 1 1 0 1 1 1 1 1 1 1 1 1 1 1 1 0 0
0 0 1 0 1 1 1 0 0 1 1 1 1 1 0 1 0 1 1 1 0 1 0 1 1 0 1 1 1 0 0 1 1 0 0 1 1 0 0 1 0 1 1 1 1 1 0 1 1 1 0 1 1 0 1 0 1 0 1 1 1 0 1 0 0 0 0 1
1 1 0 0 0 0 0 1 1 0 1 1 1 0 0 1 0 0 1 0 1 0 1 1 0 1 0 0 1 0 1 0 1 0 1 0 1 1 0 1 0 0 0 0 0 0 1 0 0 1 0 0 0 0 1 0 0 0 1 1 1 0 1 1 0 1 0 0
0 0 1 1 0 1 0 1 1 0 0 1 1 1 1 0 0 1 1 1 0 0 1 1 1 0 0 1 1 1 0 1 1 1 0 1 0 0 0 0 0 0 0 0 1 1 0 1 0 1 0 0 1 0 0 1 1 0 1 0 1 1 1 0 1 0 0 0
1 0 1 0 1 0 1 0 1 1 0 1 1 1 1 0 0 1 0 0 1 0 0 0 1 1 1 1 1 0 1 1 1 0 1 0 1 0 0 0 1 1 1 1 0 0 1 0 0 1 0 0 1 1 1 0 1 1 1 1 1 1 1 0 1 0 0 1
1 1 1 1 0 1 1 0 1 1 0 0 1 0 1 1 1 1 0 0 0 1 1 0 0 0 0 0 1 1 1 1 1 0 0 0 0 1 1 1 1 0 0 1 1 0 0 0 0 1 0 1 1 0 1 1 1 1 1 0 0 0 0 0 0 0 1 1
0 0 1 0 0 1 0 0 0 1 1 1 1 1 0 1 0 1 1 0 1 1 1 1 1 1 0 0 0 0 1 1 0 0 1 0 0 1 0 0 0 1 1 0 0 0 1 1 0 0 1 0 1 1 1 0 1 1 0 0 1 0 1 1 1 1 0 0
0 0 0 1 0 1 1 1 1 1 0 0 0 1 1 0 1 0 1 1 1 1 0 1 1 1 0 0 1 0 0 0 1 1 0 0 0 0 0 1 0 1 1 1 0 0 0 1 0 1 0 1 1 1 1 1 0 1 1 0 1 0 0 1 1 0 0 1
0 1 1 0 1 1 0 1 1 0 0 1 1 0 1 0 0 1 0 0 0 0 0 0 1 0 1 0 0 0 0 0 1 0 1 0 0 0 1 1 0 1 1 1 0 1 1 1 0 0 1 1 0 1 0 0 1 1 1 0 1 0 0 1 1 0 1 1
0 0 0 1 0 1 0 1 0 0 1 0 0 0 0 0 0 0 0 1 1 1 0 1 1 1 0 0 0 1 1 0 0 1 0 0 0 1 1 1 1 0 0 1 0 1 0 1 1 1 0 1 0 0 0 1 1 0 1 1 1 1 0 0 1 0 1 0
0 1 1 1 0 0 1 1 1 1 1 0 1 0 1 1 0 0 0 1 1 1 1 0 1 1 1 0 1 1 1 0 1 0 1 1 0 1 1 1 0 0 1 0 1 0 1 0 1 0 1 1 0 0 0 1 0 1 1 1 0 0 0 0 0 1 0 0
1 1 0 1 1 0 1 0 0 1 0 0 0 1 0 0 1 1 1 0 0 1 1 0 0 0 1 1 1 0 0 1 0 0 0 0 1 1 1 1 1 1 0 1 1 1 0 1 0 1 1 0 1 1 0 1 0 1 0 0 1 1 1 1 0 1 0 0
1 0 0 0 1 0 1 0 1 1 1 1 0 1 0 0 1 0 1 1 0 0 1 0 0 0 1 1 1 1 0 0 0 1 1 1 1 1 0 0 0 1 0 0 1 0 1 1 0 1 0 1 0 1 0 1 0 1 0 1 1 0 1 1 0 1 1 1
1 1 1 1 1 0 0 0 1 1 0 1 1 1 1 1 0 1 0 1 1 0 0 0 0 0 0 1 1 1 1 1 0 1 0 0 0 0 0 0 0 0 1 0 0 1 0 1 0 1 1 0 1 0 1 1 0 0 0 0 0 0 1 1 1 1 0 1
1 1 1 0 1 1 0 0 0 1 0 1 1 0 1 1 0 0 1 1 1 1 0 1 0 0 0 1 1 0 0 1 0 1 0 1 0 0 0 0 1 0 0 1 1 0 0 1 1 1 0 1 0 1 1 0 0 0 0 1 1 0 0 0 1 1 1 0
0 1 1 1 1 0 1 1 1 1 0 0 0 1 0 1 1 0 1 0 0 1 0 0 1 0 1 1 0 1 0 1 0 1 0 0 1 0 0 1 1 0 0 0 0 0 0 0 1 1 1 1 1 1 0 1 0 0 1 0 0 0 0 0 0 0 0 0
1 0 0 0 0 0 0 0 1 1 0 1 1 0 0 0 0 1 0 1 1 0 0 1 1 1 1 0 1 0 0 0 1 0 0 1 0 1 1 0 1 0 0 0 1 0 1 0 0 0 1 1 1 0 1 0 1 1 0 1 0 0 1 0 1 0 0 1
0 0 1 1 0 0 0 1 0 1 0 0 0 0 1 1 0 1 0 1 0 0 1 1 1 0 1 1 0 0 0 1 0 1 0 1 1 0 0 0 1 0 1 0 1 0 1 0 0 0 1 0 0 0 1 1 1 1 1 0 0 0 0 1 1 0 1 0
0 0 1 1 1 0 1 0 1 1 0 0 1 1 1 1 1 1 1 1 1 0 0 1 0 1 0 0 1 1 0 1 1 0 0 1 1 0 1 0 0 1 0 0 0 0 1 0 0 0 0 0 1 0 1 1 1 0 0 0 0 1 0 0 0 1 0 1
0 1 1 1 0 0 0 0 1 1 0 1 0 1 1 0 0 0 0 1 1 0 0 1 0 1 1 1 1 0 0 0 1 1 0 1 0 1 1 1 1 1 0 1 1 1 0 0 0 1 0 1 0 0 1 0 1 1 1 1 0 1 1 1 0 1 1 0
1 0 1 0 0 1 0 0 0 1 0 1 1 0 0 1 1 0 0 1 0 1 0 0 1 0 1 1 0 0 1 1 0 0 1 0 0 1 0 1 1 0 0 1 0 1 1 0 1 1 1 0 0 1 1 1 1 1 0 1 1 1 1 0 0 0 1 0
0 0 0 1 1 1 0 0 1 0 1 0 0 1 0 1 1 1 0 0 1 0 1 1 1 1 1 1 1 0 1 0 1 1 1 1 1 1 0 0 0 1 1 1 1 1 0 1 0 0 1 1 0 0 0 0 1 1 1 1 1 0 1 1 1 1 0 1
0 0 0 0 0 0 0 1 1 0 1 0 1 1 1 0 0 1 1 0 0 0 0 0 1 0 1 0 0 1 0 1 1 1 1 0 1 1 1 1 0 0 0 0 1 1 0 1 1 0 0 1 1 1 0 1 0 1 1 0 0 1 0 0 1 1 0 0
0 1 0 1 0 0 1 0 1 1 0 0 1 1 0 0 0 0 1 0 1 0 0 1 1 0 1 1 1 1 1 0 1 1 0 1 1 1 0 0 1 0 1 0 0 1 1 0 1 1 0 0 1 0 1 1 0 1 1 0 0 1 1 0 1 1 1 0
0 1 0 0 0 1 1 1 1 0 0 0 1 1 1 1 1 1 1 1 0 1 1 0 1 0 1 0 1 1 0 0 0 0 0 0 1 0 1 0 1 1 1 0 0 1 0 0 0 0 1 0 0 1 1 1 0 1 1 0 0 0 1 1 1 0 0 1
0 0 0 0 0 0 1 1 0 1 1 0 1 0 1 0 1 0 1 1 1 0 0 0 1 1 0 1 1 1 1 0 0 0 0 0 1 1 0 0 0 0 1 0 0 0 1 0 0 1 1 1 1 1 1 0 1 1 0 1 0 1 0 0 0 1 0 0
0 0 1 1 1 0 0 1 1 0 0 0 0 1 0 0 0 1 1 0 0 0 1 1 0 1 1 0 0 0 0 1 1 1 1 1 0 0 0 1 0 0 1 0 1 0 0 1 1 0 0 0 0 1 0 0 0 0 1 1 0 1 1 1 1 0 1 1
1 0 0 0 1 0 0 0 0 0 0 1 1 1 0 0 0 1 1 0 0 0 1 1 1 0 1 1 0 0 1 0 0 0 1 1 0 0 0 1 1 0 1 0 1 0 1 0 0 1 1 1 1 1 0 0 1 0 0 0 1 0 0 1 0 0 0 0
1 1 0 0 0 1 0 0 1 1 1 0 0 1 0 1 0 0 1 1 1 0 1 0 1 1 0 0 1 0 0 0 0 0 0 0 1 1 0 1 1 0 0 0 1 1 0 1 1 0 1 1 0 0 1 1 0 1 1 1 0 0 0 1 1 1 1 1
1 0 1 0 1 1 1 1 0 0 0 1 0 0 0 0 0 1 1 0 0 0 0 0 1 0 1 1 0 1 1 1 1 1 0 0 1 1 1 0 0 1 0 0 0 1 1 0 0 0 1 0 1 0 1 0 1 0 1 0 1 0 1 0 0 0 0 0
1 1 0 1 1 1 1 0 1 0 1 0 1 0 0 1 0 1 0 0 0 1 0 1 1 0 1 0 1 1 1 0 1 0 0 0 0 0 0 1 0 0 1 0 1 1 1 1 1 1 0 0 0 1 0 1 1 0 0 0 0 1 1 1 0 1 1 0
0 1 0 0 1 1 1 1 0 0 1 0 1 0 0 1 0 0 0 0 1 0 1 1 0 0 1 1 1 0 0 1 0 1 0 1 0 1 1 1 1 1 0 1 1 1 0 1 0 0 0 0 1 0 0 1 0 0 1 1 0 0 1 0 1 0 1 1
0 0 0 0 0 1 1 1 1 0 0 1 1 0 1 1 0 1 0 1 1 0 1 1 0 1 0 1 0 0 1 0 1 1 1 1 0 0 0 0 0 0 1 0 0 0 0 0 1 1 0 0 0 1 0 0 0 1 1 0 1 1 0 1 0 0 1 0
0 0 1 0 1 0 0 0 1 0 1 1 0 0 0 1 1 1 1 1 1 1 0 0 1 0 1 1 0 0 0 0 0 1 1 0 0 1 0 1 0 1 1 1 1 1 1 1 0 1 0 0 1 0 0 0 0 0 0 1 0 1 1 0 1 0 0 0
0 1 0 0 0 1 0 1 0 1 1 0 0 1 0 0 1 0 1 0 1 1 1 1 0 0 0 1 1 0 0 0 1 1 1 0 0 1 0 1 0 0 1 0 1 1 0 0 1 1 1 0 1 1 0 0 1 1 0 1 1 1 1 0 0 1 0 1
0 1 0 1 1 0 0 0 0 1 1 0 0 0 1 0 0 0 1 1 0 1 1 1 1 0 0 0 1 1 1 1 1 1 1 1 1 0 0 1 1 0 0 0 1 1 1 0 1 1 1 0 0 0 0 1 0 1 0 0 1 0 1 1 0 0 1 0
0 1 0 0 1 0 0 0 0 1 0 1 1 1 1 0 1 0 0 0 1 1 0 0 0 1 1 1 0 1 1 1 1 1 1 1 0 0 1 1 0 0 0 1 0 0 1 0 0 0 0 0 1 1 0 0 1 1 0 1 0 0 1 1 1 1 0 0
0 0 1 1 1 0 1 1 1 1 1 1 0 0 0 0 1 0 0 1 1 0 1 0 1 1 0 0 0 0 0 0 1 0 1 1 0 0 1 0 0 1 1 0 1 1 1 0 1 1 0 1 1 1 1 0 1 0 1 0 0 1 0 1 0 1 0 0
0 1 0 0 1 0 1 1 0 1 0 0 1 1 0 0 1 0 0 1 0 0 0 0 1 0 0 1 1 0 0 0 1 0 1 1 0 1 1 0 0 1 0 1 0 0 1 1 0 1 1 1 0 0 0 1 1 1 1 1 1 0 1 1 0 0 0 1
0 0 1 0 0 0 1 1 1 0 1 1 0 0 0 0 1 0 0 1 0 0 0 0 0 0 0 1 0 0 0 1 1 1 0 0 1 0 1 0 1 0 1 1 0 1 0 1 0 0 1 0 1 1 0 0 0 0 1 1 0 1 0 1 1 1 1 1
1 0 1 0 0 0 1 0 0 1 1 1 0 1 0 1 0 0 1 1 1 1 1 0 0 0 0 1 1 1 1 0 0 1 0 1 1 0 1 1 1 0 0 1 1 1 0 0 0 1 0 0 1 0 0 1 1 0 0 0 1 0 1 0 0 1 1 1
1 1 0 1 1 1 1 0 0 0 1 0 0 1 1 0 0 1 0 0 1 0 0 1 1 0 0 0 0 0 1 0 1 1 0 1 0 1 0 1 0 1 0 0 0 0 1 0 0 0 0 1 0 0 1 0 0 0 0 1 0 1 1 1 1 0 0 0
1 1 0 1 0 0 1 0 1 1 1 1 0 0 0 0 0 1 1 1 1 1 0 0 1 0 1 1 0 1 1 1 0 0 1 1 0 0 1 1 0 1 1 0 1 0 1 0 1 0 0 1 0 0 1 1 1 1 0 0 1 1 1 0 0 0 0 1
0 0 0 1 0 1 1 1 0 1 1 0 0 0 0 0 1 0 1 0 1 0 0 0 1 0 0 1 0 0 1 1 1 0 1 1 0 1 0 1 1 1 0 1 1 0 1 1 1 0 0 0 0 1 0 0 0 1 1 1 1 1 0 1 0 1 1 0
1 1 0 0 1 0 0 1 0 0 0 0 0 0 1 1 0 0 1 0 1 1 1 0 1 1 1 0 0 0 1 1 0 0 0 1 0 0 1 1 1 1 0 1 0 0 1 0 1 1 0 0 0 0 1 1 1 1 1 0 1 0 0 0 1 0 1 0
0 1 0 0 1 1 0 1 0 0 1 1 1 0 0 0 0 0 1 0 0 1 0 0 1 0 0 1 0 0 1 0 0 1 0 1 1 0 0 0 1 0 1 1 1 0 0 1 0 1 0 1 0 1 1 1 0 1 1 0 1 1 1 1 1 0 0 0
0 1 0 1 0 1 1 1 1 1 0 0 0 0 1 1 0 0 1 1 1 1 1 1 1 0 1 1 0 0 1 1 0 0 1 1 0 1 0 1 0 0 1 0 0 1 0 1 0 1 1 1 1 0 0 1 0 1 0 0 0 1 1 1 1 1 1 1
0 0 1 0 1 1 1 0 0 1 0 0 1 1 1 0 0 0 1 0 1 0 1 0 0 1 0 0 1 1 0 0 0 0 1 1 0 0 0 1 1 1 0 0 0 0 1 0 1 1 0 1 0 1 0 1 1 0 0 0 0 1 0 1 1 0 1 0
0 1 1 1 0 1 1 0 1 1 1 1 0 1 0 0 0 1 0 1 0 0 0 1 1 1 1 1 1 1 0 1 1 0 1 1 0 1 0 1 0 0 1 0 0 1 0 1 1 1 1 1 1 0 1 0 0 0 0 0 1 1 0 0 1 0 1 0
0 1 1 1 0 0 0 0 1 1 1 1 0 1 1 1 1 1 1 1 0 0 1 1 1 1 1 0 0 0 0 1 1 0 1 0 1 1 1 0 1 0 1 1 1 0 1 1 1 1 0 0 0 1 1 0 0 1 1 1 1 0 1 1 0 0 1 0
0 0 0 0 1 1 0 0 1 1 0 0 0 1 1 0 0 1 1 0 1 0 1 0 1 1 1 0 1 1 1 0 1 0 0 0 1 1 1 1 0 0 1 1 1 1 1 0 1 0 0 0 1 0 0 1 1 0 0 1 1 1 0 1 0 0 1 0
1 0 0 0 0 0 0 1 1 0 0 0 0 0 0 0 1 1 1 1 1 0 1 0 1 1 1 0 0 1 1 0 1 0 0 0 0 0 1 0 1 1 1 1 1 1 1 1 0 1 0 0 0 1 0 0 1 1 0 1 0 1 1 0 1 1 1 1
0 1 1 1 0 0 0 0 1 0 0 0 1 0 0 0 1 1 0 0 0 0 1 1 0 0 1 1 1 1 1 1 0 1 0 0 0 1 0 0 1 0 0 1 1 0 0 1 0 1 1 1 0 0 0 0 0 0 1 1 0 1 0 0 0 1 0 0
0 1 1 1 1 0 0 1 0 0 1 0 0 0 1 0 1 1 0 1 0 1 0 1 0 0 1 1 0 1 1 0 1 0 0 1 0 1 0 0 0 0 0 0 0 0 1 0 1 1 1 0 1 1 0 0 1 0 0 0 1 0 1 1 1 0 1 1
0 0 1 1 1 0 0 0 1 1 0 0 1 0 0 1 0 0 0 0 0 0 1 0 0 0 0 1 0 0 0 0 1 0 0 1 1 0 0 1 1 0 0 0 1 0 1 0 1 1 0 0 1 0 1 0 0 0 0 0 1 1 0 1 1 1 1 1
1 1 0 1 0 1 0 1 1 0 0 0 0 0 1 1 0 0 1 1 1 0 0 0 1 0 1 1 1 0 0 0 1 1 1 1 1 0 1 0 1 1 0 0 0 0 1 1 1 1 1 0 1 1 0 0 1 0 1 0 1 1 1 1 0 1 1 1
1 0 0 0 0 0 1 0 0 1 1 0 1 1 1 0 0 0 0 0 1 0 0 1 0 1 1 0 1 0 1 0 0 0 1 0 0 1 0 0 0 1 1 0 1 1 0 0 0 0 0 1 0 1 0 1 1 0 1 1 1 0 1 0 1 0 0 0
0 1 0 0 0 0 1 0 0 1 0 0 1 0 0 1 0 1 0 1 0 1 0 0 0 1 0 1 0 0 0 1 0 0 0 1 1 0 1 0 1 0 0 0 0 1 0 0 1 0 1 1 1 0 1 1 1 0 0 0 0 1 1 1 0 1 1 0
0 0 1 1 1 0 0 0 0 0 1 0 1 1 1 0 1 0 0 0 1 1 1 1 0 0 1 0 0 1 1 0 0 0 1 1 1 0 1 1 0 1 1 1 0 0 1 1 1 0 1 0 1 0 0 1 1 0 1 1 1 1 0 0 0 0 0 0
1 1 0 0 1 1 0 0 1 0 1 1 1 1 0 0 0 0 0 0 1 0 0 0 1 1 1 0 0 0 0 1 1 1 0 1 0 0 0 1 1 0 0 0 1 0 0 1 1 0 1 0 1 0 1 1 1 1 1 0 0 1 0 1 0 0 0 0
1 1 0 1 1 0 1 0 1 1 1 1 1 1 1 0 1 1 1 0 0 0 1 0 0 1 0 1 1 0 0 1 1 1 1 0 0 1 1 0 1 0 1 0 0 1 0 0 0 0 1 1 1 0 0 0 0 0 0 1 0 0 1 0 0 0 0 1
1 0 0 0 0 1 0 0 0 0 0 1 0 1 0 0 1 1 1 0 0 0 0 0 0 1 0 1 0 0 0 1 0 1 0 1 1 1 0 1 1 1 0 1 1 0 1 0 0 0 1 1 1 1 0 1 1 1 0 1 1 1 0 0 1 0 0 1
1 1 0 0 0 1 0 1 0 0 0 1 1 1 1 0 0 0 0 1 0 1 1 0 0 1 1 1 1 0 1 0 1 0 0 0 1 1 0 1 1 1 0 0 0 0 0 1 0 0 1 0 1 1 1 0 0 0 0 1 1 0 0 0 0 0 0 0
1 1 0 0 0 1 1 0 0 1 0 1 0 0 1 0 1 0 0 0 0 1 1 1 1 1 0 0 1 0 1 0 1 1 0 1 1 0 0 0 1 0 0 0 0 0 1 1 1 1 0 0 1 1 0 1 1 0 1 1 0 1 0 1 0 0 0 1
0 0 0 0 1 1 1 0 0 0 1 1 1 0 0 0 1 1 1 1 0 0 1 0 0 1 0 0 1 1 1 0 0 1 0 1 0 0 1 1 0 1 1 0 1 1 1 1 1 1 1 0 1 0 1 0 0 1 1 1 1 1 1 1 0 0 1 0
1 1 0 0 0 0 0 1 1 1 0 0 1 1 0 0 1 1 1 0 1 1 1 0 0 0 1 0 1 1 1 0 0 0 1 1 0 1 1 0 0 0 0 0 0 0 1 0 1 1 1 0 1 1 1 0 1 0 0 0 0 1 0 0 0 1 1 0
1 0 0 0 0 0 1 1 1 0 0 1 0 0 0 0 0 0 1 0 1 1 0 1 1 1 0 0 1 0 0 1 0 0 0 1 1 0 0 1 0 0 0 1 1 1 0 0 1 1 0 0 0 1 0 0 0 1 0 0 1 1 1 0 1 0 1 1
1 1 1 1 0 0 0 1 1 0 1 0 1 1 1 1 0 0 1 0 0 0 1 1 0 1 1 1 1 1 0 0 1 1 0 0 0 0 1 1 0 1 0 1 0 1 1 0 1 0 0 0 0 1 0 0 0 0 0 0 0 0 1 1 0 0 1 1
1 1 0 0 1 1 1 1 1 1 1 1 0 0 0 0 1 0 0 1 0 1 0 1 1 1 1 1 1 0 1 1 0 0 0 0 1 1 1 0 1 0 0 0 1 1 0 0 0 1 1 1 0 0 1 1 1 1 1 0 0 0 0 0 1 1 0 0
1 0 1 0 0 0 0 0 0 0 1 1 0 0 1 0 1 0 1 0 0 1 1 1 1 1 0 0 0 1 1 1 0 1 1 0 0 1 0 1 1 1 0 0 1 1 1 0 0 1 0 1 1 1 0 0 0 0 1 0 1 0 0 0 0 1 1 0
0 0 0 0 1 0 0 0 0 0 1 1 0 1 1 1 0 1 1 0 1 0 1 1 0 1 1 0 0 1 1 0 0 1 1 0 0 1 1 0 1 0 1 0 0 0 1 1 1 1 1 1 0 0 0 1 0 0 1 0 0 1 1 0 1 1 0 1
1 1 0 0 1 1 0 0 1 0 0 1 1 1 0 0 0 0 1 0 0 1 1 1 0 0 1 0 0 1 1 1 0 0 1 0 1 1 0 0 0 0 0 1 0 0 0 1 1 1 0 1 1 0 0 1 1 1 1 0 0 0 1 0 1 0 1 1
0 1 0 0 1 0 0 1 1 0 1 1 0 1 1 0 1 1 1 1 0 0 0 0 0 0 1 1 1 0 1 1 0 0 1 1 1 0 1 1 1 0 1 1 0 0 0 0 1 0 1 0 1 0 1 0 1 0 0 1 0 0 1 1 1 0 0 0
0 1 1 1 0 0 1 1 0 1 1 1 1 1 0 0 1 1 1 0 0 0 0 1 0 1 1 0 0 0 1 0 0 1 0 1 0 0 1 1 1 0 0 0 0 1 1 1 0 1 0 1 1 0 1 1 1 0 1 1 1 0 1 1 1 0 1 1
0 0 1 1 0 1 0 0 0 0 1 1 0 0 1 0 0 1 1 1 0 0 1 1 0 0 0 1 0 0 1 0 0 0 0 0 0 0 1 1 1 0 1 0 1 1 0 0 0 1 1 1 1 1 1 0 0 0 0 0 0 1 1 1 1 0 1 0
0 1 0 1 0 0 1 1 1 1 1 1 1 1 1 0 1 1 0 0 0 1 0 1 0 0 0 0 1 0 1 0 0 1 0 0 1 1 0 0 0 0 0 0 0 1 0 0 1 0 1 1 1 1 0 0 0 1 1 0 0 0 1 1 0 1 1 0
0 0 0 1 0 0 1 1 0 1 0 1 1 1 1 1 0 1 0 0 1 1 0 0 0 0 0 0 0 0 0 0 1 0 1 1 1 1 0 1 0 1 0 0 0 1 1 1 0 0 0 1 1 0 0 1 1 1 0 1 0 1 1 0 0 0 1 1
0 0 1 0 0 1 0 0 1 0 0 0 0 0 1 0 0 0 1 1 0 0 0 0 1 1 1 0 0 0 0 0 0 1 1 1 0 1 0 0 0 0 0 0 0 0 0 0 0 1 0 0 1 1 1 0 1 1 1 1 0 0 0 0 1 1 0 1
0 0 1 0 0 1 1 1 0 1 0 0 0 0 0 1 0 0 0 1 1 0 0 0 0 1 0 0 1 1 0 1 1 0 0 0 1 1 1 1 1 1 1 0 1 1 0 1 1 1 1 0 0 1 0 0 1 1 0 0 0 0 1 0 0 1 0 1
0 1 0 1 1 1 0 1 1 0 0 0 1 1 0 1 1 0 0 0 1 0 0 0 0 0 0 1 1 0 0 1 0 1 0 1 0 1 0 1 0 1 1 0 1 1 1 0 0 1 1 1 0 1 0 0 0 1 1 0 0 1 0 1 0 0 1 0
0 0 0 0 1 1 1 1 1 1 1 0 1 0 0 0 1 0 1 0 0 1 0 1 1 0 0 0 1 0 0 1 1 1 0 1 1 1 1 1 0 0 1 0 0 0 1 1 1 0 0 0 0 0 1 1 1 0 1 1 0 0 1 1 1 0 0 1
0 0 0 1 0 1 0 0 0 1 0 0 1 0 1 0 0 0 0 0 1 1 0 1 1 1 0 0 1 0 0 1 0 0 1 0 0 0 1 1 1 0 1 0 1 1 0 1 0 0 0 0 0 0 0 1 0 0 0 0 1 1 0 0 0 1 0 0
0 0 0 0 1 1 0 1 0 1 0 1 0 1 0 0 0 1 0 0 1 0 1 1 0 0 1 1 1 0 0 1 0 0 0 1 1 0 1 0 0 0 0 0 0 1 1 1 1 0 0 1 1 1 1 0 0 1 1 1 1 1 0 1 1 1 0 0
1 0 0 1 1 1 0 1 0 1 0 0 0 1 1 0 1 0 0 0 0 0 0 0 1 0 1 0 0 0 1 0 0 1 0 0 0 1 0 1 1 0 1 1 1 1 1 1 0 1 1 1 1 0 1 0 0 1 1 0 1 0 1 1 1 1 0 0
1 0 1 1 1 1 0 1 1 0 0 1 1 0 1 0 0 0 1 0 1 0 1 0 1 0 1 1 1 1 1 1 0 0 0 1 1 1 1 1 1 1 0 0 0 1 1 1 0 1 1 0 1 0 1 0 0 1 1 1 0 1 1 1 0 0 0 1
1 0 0 0 0 1 1 1 1 1 0 1 0 1 1 1 0 0 0 0 0 1 0 1 1 1 0 1 1 1 1 0 0 0 0 1 0 1 1 1 1 0 0 1 0 0 0 1 0 0 1 0 1 0 0 1 0 0 0 1 1 0 1 0 1 0 0 1
1 0 0 1 1 0 0 0 0 0 0 0 0 1 0 1 1 0 1 0 0 0 0 0 1 1 0 1 0 0 1 0 1 0 1 1 1 0 1 1 1 0 1 0 1 1 1 1 0 0 1 0 0 0 1 0 1 0 0 0 0 0 1 0 0 1 1 0
0 0 0 0 1 0 1 0 1 1 0 1 1 0 0 0 1 1 0 0 0 1 0 0 1 0 1 1 1 1 1 1 1 1 1 1 1 0 0 0 0 1 1 0 1 0 0 1 1 0 1 0 1 1 0 1 0 1 1 0 1 0 0 0 0 1 1 1
1 1 1 1 1 0 1 0 1 0 1 0 1 1 1 0 1 0 1 1 1 0 1 0 1 0 1 1 1 0 1 0 1 1 0 1 0 0 1 1 1 0 1 0 0 0 0 1 0 0 0 1 0 1 0 1 1 1 0 1 1 0 0 0 0 0 0 0
1 1 0 1 1 0 0 0 1 0 0 1 1 1 1 0 0 1 1 1 1 1 1 1 0 0 0 1 0 0 0 0 1 1 1 1 0 0 1 0 1 0 0 1 0 1 1 1 1 0 0 0 0 0 1 1 1 0 0 1 0 1 0 1 1 1 0 0
1 0 1 0 0 1 0 1 0 0 1 1 0 1 0 0 0 0 1 1 1 1 1 1 1 1 1 0 1 1 0 0 1 1 1 1 0 1 1 1 1 1 1 1 1 0 1 1 1 0 1 0 0 1 0 0 1 1 1 1 1 0 1 1 1 0 0 0
1 0 0 0 0 1 0 0 1 1 0 1 1 0 0 1 0 1 1 1 0 0 1 0 1 1 0 1 1 0 0 1 0 0 1 0 1 0 1 0 1 1 0 1 1 0 0 1 0 1 1 1 0 0 1 0 1 0 1 0 0 1 1 0 1 1 0 1
0 0 0 1 0 1 1 0 0 0 0 0 0 0 1 1 1 0 1 1 0 1 1 0 0 1 1 0 1 0 1 1 1 1 0 0 1 1 1 0 1 0 0 0 1 1 0 1 0 0 0 0 1 0 1 0 0 0 1 1 1 1 1 0 1 1 0 0
0 1 1 0 0 1 1 1 1 1 1 1 0 0 1 1 0 1 0 1 1 0 1 1 0 1 0 1 1 1 1 1 1 0 0 1 1 0 0 0 0 1 0 1 0 1 1 0 1 1 1 0 1 0 1 1 0 0 1 1 0 0 0 1 1 0 0 1
0 0 1 0 0 1 1 0 0 0 1 0 1 0 0 0 0 1 0 0 1 1 1 0 0 0 1 0 1 0 0 0 1 1 0 1 1 1 0 0 1 0 1 1 1 1 1 1 0 0 1 0 0 1 1 1 1 1 0 0 0 1 0 0 1 0 1 0
1 1 0 0 1 1 1 1 0 0 1 1 0 1 1 0 1 1 1 1 1 1 1 0 1 1 1 1 0 1 0 0 1 0 1 0 0 0 0 0 0 1 0 1 0 1 0 1 1 0 1 1 0 1 0 0 0 0 1 1 1 1 1 1 0 1 0 0
0 0 0 0 0 1 0 0 1 1 1 0 0 1 1 1 0 0 1 0 1 0 0 0 1 1 0 1 0 1 0 0 1 0 1 1 0 0 0 0 1 1 1 1 0 1 0 0 0 0 1 1 1 0 1 1 0 1 0 1 1 0 1 1 0 0 1 0
1 1 1 1 0 0 1 1 0 1 0 1 1 1 1 0 1 0 1 1 0 0 0 0 1 1 0 0 0 1 0 1 1 0 0 1 0 1 1 1 0 0 0 0 1 1 0 0 0 0 1 0 0 0 0 0 0 0 1 0 0 1 0 1 0 0 0 0
1 1 1 0 1 1 0 1 0 0 1 0 0 0 0 0 0 0 0 0 1 1 0 0 1 1 1 1 0 0 1 1 0 1 1 0 0 0 0 1 0 1 1 0 1 1 1 1 1 1 1 1 0 0 0 1 0 0 0 1 1 0 0 1 1 0 0 1
0 1 0 0 0 1 0 1 1 1 0 1 0 1 1 0 1 1 0 0 0 0 0 1 1 1 0 1 0 1 1 0 0 0 0 0 0 1 1 1 0 1 1 0 0 0 0 0 1 0 0 1 0 1 0 0 1 1 0 0 0 1 1 0 0 1 0 0
1 1 1 0 0 1 1 0 1 0 1 1 0 0 0 1 1 1 1 0 0 1 1 0 0 1 1 0 1 1 0 1 1 1 1 0 0 0 1 1 1 0 1 1 1 0 0 0 1 1 1 0 0 1 0 1 0 0 0 1 0 1 0 1 0 1 1 0
1 1 1 0 1 0 0 0 1 0 1 1 1 1 0 1 1 0 1 0 1 1 1 1 0 1 0 0 0 1 0 0 1 1 0 1 1 1 0 0 0 0 1 0 1 1 0 1 0 0 0 1 1 1 1 0 0 1 0 1 0 1 1 0 0 0 0 1
0 1 0 1 1 1 0 1 0 0 0 0 0 1 1 0 0 0 0 1 0 1 1 1 1 0 1 1 1 1 0 1 0 1 1 0 0 1 1 0 0 0 1 0 1 0 0 0 0 0 1 0 0 1 0 1 0 1 0 0 1 0 1 0 1 1 1 0
1 1 0 0 1 1 0 0 0 0 0 0 1 0 0 1 1 1 0 0 1 0 1 1 0 0 0 1 1 1 1 1 1 0 1 1 1 1 1 1 1 0 1 0 0 0 1 0 1 0 1 1 0 1 0 0 0 1 0 1 1 0 1 0 1 0 1 1
1 0 0 1 0 0 1 1 0 0 0 0 1 0 0 0 0 1 0 0 1 0 1 0 1 1 1 0 0 1 1 1 1 1 0 0 1 0 0 1 1 0 1 0 1 0 1 0 0 1 0 0 1 1 1 1 0 0 1 0 1 0 1 1 0 1 0 1
1 1 0 0 0 0 0 1 1 1 1 1 1 0 1 1 1 0 1 1 1 0 0 1 0 0 0 1 0 1 0 0 1 0 1 0 0 0 0 1 1 0 1 1 1 0 0 1 1 1 1 1 1 0 0 1 1 1 1 0 1 1 0 0 0 1 1 1
1 0 0 0 1 0 0 0 0 1 0 0 1 1 0 1 1 0 1 0 1 0 1 0 1 0 0 1 0 0 1 0 0 1 1 0 1 0 0 1 0 0 0 1 0 0 0 0 0 0 1 0 1 1 1 1 0 1 1 0 0 0 1 1 0 0 1 1
0 1 1 0 1 0 1 0 0 0 0 0 0 1 1 0 1 0 0 1 0 0 0 0 0 1 0 1 0 0 1 1 0 1 0 0 0 0 0 1 1 1 0 0 1 1 0 1 1 0 0 1 1 0 0 0 0 1 0 0 1 1 0 0 1 1 0 1
1 1 1 0 1 1 1 0 1 1 0 1 0 1 0 0 1 0 1 0 1 0 1 0 1 1 0 0 1 1 0 1 0 0 0 0 1 1 1 0 0 0 1 1 0 0 0 1 0 1 0 0 0 0 1 1 0 1 1 1 1 1 0 0 1 1 0 0
1 1 1 0 1 0 0 1 1 1 0 0 0 1 0 1 0 0 1 1 0 0 1 1 0 1 1 0 0 1 0 1 0 0 1 0 0 1 0 1 0 0 1 1 0 1 1 0 1 1 1 1 0 0 0 0 1 1 0 1 0 0 0 0 1 1 0 0
1 1 1 1 0 0 1 0 1 0 1 0 0 1 1 0 1 1 0 0 0 0 0 0 0 1 0 1 0 0 0 0 1 1 1 0 1 0 0 0 1 1 0 0 0 1 1 0 0 1 1 0 0 0 1 1 1 1 1 0 1 1 1 1 0 1 0 1
1 1 1 0 0 1 0 1 1 1 0 0 1 1 1 0 0 0 1 0 0 0 1 0 0 0 0 0 1 0 1 1 1 1 0 0 0 0 1 1 1 1 1 0 1 0 1 1 1 0 0 1 1 0 1 1 1 1 1 0 0 0 1 0 0 1 1 0
1 1 1 0 0 0 1 1 0 0 1 1 0 1 0 1 1 0 0 0 1 1 0 1 1 0 0 0 0 1 0 0 1 0 1 0 1 0 0 1 0 0 1 0 0 1 0 0 1 0 0 0 1 0 0 1 0 1 0 0 1 0 0 1 1 0 0 0
1 0 1 1 1 1 0 1 0 1 1 1 0 1 0 0 1 0 0 0 1 0 0 1 1 1 1 1 0 1 0 0 1 0 1 0 1 1 1 1 1 0 0 1 0 1 0 0 0 1 0 0 1 1 0 1 0 1 1 0 0 1 1 0 0 1 0 1
0 1 1 0 1 0 0 1 1 1 0 1 0 1 1 1 1 0 1 1 0 1 0 0 0 0 0 1 1 1 1 1 0 0 1 0 1 1 0 0 0 1 0 0 0 1 1 0 1 1 1 0 0 1 0 0 0 1 1 0 1 1 0 0 1 1 0 1
1 1 0 1 0 0 0 0 1 1 1 0 1 1 0 1 0 0 1 1 1 1 0 0 0 1 1 0 0 1 1 1 1 0 0 1 0 0 0 1 0 0 0 1 1 0 1 0 0 1 1 0 1 1 1 1 0 0 1 1 0 0 1 0 1 0 1 1
0 0 0 1 1 0 0 0 0 0 0 1 0 1 0 0 1 0 0 1 0 0 1 1 0 1 0 0 0 1 1 1 1 0 0 0 0 0 0 0 1 0 1 1 0 0 0 0 0 0 0 0 1 1 1 1 1 1 1 1 1 0 0 0 0 1 1 0
0 0 0 0 0 0 1 1 1 1 1 1 0 0 1 0 1 0 0 1 1 0 1 1 0 1 0 0 1 1 1 1 0 1 1 0 0 0 1 1 0 0 0 1 0 1 1 1 0 0 1 0 0 1 1 1 1 1 1 0 0 1 1 1 0 0 0 0
1 0 0 1 0 0 0 0 1 0 0 1 0 0 1 0 0 0 1 0 0 1 0 0 1 0 0 0 0 1 0 0 0 1 0 0 1 0 0 1 0 1 1 0 0 0 1 0 0 0 1 0 1 0 0 0 1 0 0 0 0 0 1 1 0 0 1 1
0 0 1 0 0 0 1 0 0 0 0 1 1 1 0 0 1 0 1 1 0 1 1 1 0 1 1 0 1 0 1 1 1 0 1 1 0 1 1 0 0 1 0 0 0 1 0 1 1 0 1 1 0 0 0 1 0 1 0 0 1 1 0 0 1 1 0 1
0 0 0 0 1 0 1 0 0 0 0 1 0 0 1 1 1 1 0 1 0 1 0 1 0 0 1 1 1 1 0 0 0 1 1 0 0 1 0 1 1 1 0 0 0 1 0 0 1 1 1 1 0 0 0 1 1 1 0 1 0 0 1 0 0 0 1 1
0 1 1 0 0 1 1 0 0 0 1 0 0 0 1 1 0 0 1 0 0 1 1 0 1 0 1 1 1 0 1 0 0 0 1 0 0 1 1 1 0 0 1 1 1 0 1 0 1 1 1 1 0 1 1 0 1 0 1 1 1 1 0 1 1 1 0 1
0 0 1 0 0 1 0 0 0 0 0 0 1 1 0 0 1 1 0 1 0 1 1 1 1 0 0 0 0 1 0 1 1 1 1 1 1 1 1 1 0 0 0 0 0 0 0 0 0 0 1 0 1 0 1 0 1 1 0 1 1 0 1 1 0 0 0 1
0 0 1 1 1 0 0 0 0 0 1 0 0 0 0 0 1 1 1 0 0 0 0 0 0 0 0 0 1 1 0 1 1 0 1 0 0 1 0 0 0 0 0 0 1 0 0 0 0 1 0 0 0 0 1 1 0 1 1 0 1 0 1 0 1 0 0 1
0 1 1 0 1 0 1 0 0 0 0 1 0 0 1 1 0 1 0 0 0 1 0 1 0 1 1 1 1 1 1 1 0 0 0 1 1 0 1 1 0 0 1 0 1 1 1 0 0 1 0 1 0 1 0 1 1 1 0 1 0 0 0 1 1 1 1 1
1 0 0 0 1 1 0 1 1 1 0 1 0 0 1 0 1 0 0 0 1 1 1 0 0 0 1 0 0 0 0 1 1 1 1 1 1 1 1 1 1 0 1 1 1 1 0 0 0 1 0 0 1 0 0 1 1 1 1 1 0 0 0 0 0 0 0 1
0 0 0 0 1 0 1 1 0 1 1 1 0 0 0 1 1 1 1 1 1 0 0 0 0 1 1 1 1 0 1 0 1 1 0 1 1 1 0 1 0 1 1 0 1 1 0 0 0 0 1 1 1 1 1 1 0 0 0 1 0 0 0 1 0 1 0 0
1 0 0 0 0 1 1 0 1 0 0 0 0 1 0 1 1 0 0 0 1 0 0 0 0 1 1 0 1 1 1 0 0 0 0 1 1 0 1 0 1 1 0 1 0 0 0 1 1 1 1 1 0 0 1 0 1 0 1 1 0 1 0 1 1 1 1 0
1 0 0 1 1 0 1 1 0 1 1 0 0 0 0 0 1 1 0 0 1 0 0 1 0 0 0 1 0 0 1 1 1 0 0 0 0 0 1 1 1 0 1 0 0 0 0 0 0 0 0 0 0 0 0 1 1 0 0 0 1 1 0 0 1 0 1 0
1 0 1 0 0 1 0 1 1 0 0 1 1 1 0 0 1 0 0 1 1 0 1 1 1 0 1 1 0 1 0 1 0 0 1 0 1 0 0 0 1 1 0 0 0 0 0 0 1 1 1 1 1 1 0 0 1 0 1 1 0 0 0 1 1 1 0 1
1 0 1 1 1 1 1 1 0 1 1 1 1 0 1 0 0 1 1 0 0 1 0 0 0 1 1 0 0 0 0 0 1 1 1 1 1 1 1 0 1 1 0 0 1 0 0 0 0 1 1 1 1 0 0 1 0 1 1 0 1 0 1 1 1 1 1 1
0 1 1 1 1 0 1 0 1 0 1 1 1 0 1 1 0 1 0 1 0 1 1 0 0 1 1 1 0 0 0 1 1 1 0 0 1 1 1 1 0 0 0 0 1 0 1 1 0 0 1 0 0 1 0 0 1 1 1 0 1 0 1 0 0 0 0 1
0 1 1 1 0 1 1 0 1 1 0 1 0 1 1 1 0 1 0 1 1 1 0 0 0 1 0 0 0 1 1 0 0 1 1 0 1 0 0 1 1 0 1 0 0 0 1 1 1 1 1 0 1 1 1 0 1 0 1 1 1 1 1 0 0 1 1 0
0 1 0 0 0 0 1 0 0 1 1 0 1 0 0 0 0 1 1 0 0 1 1 1 0 1 1 1 1 0 0 0 0 1 1 0 1 0 1 0 0 1 1 0 1 0 1 1 1 0 1 1 1 0 1 0 1 0 0 0 1 0 0 1 1 0 1 1
1 0 1 0 0 0 1 1 0 0 0 0 0 0 1 1 1 1 1 1 1 0 1 0 0 1 1 1 0 1 0 0 0 1 0 1 1 1 1 1 1 1 0 0 0 0 0 0 0 0 0 1 0 1 1 0 1 0 0 1 1 1 0 1 0 0 1 1
1 0 1 0 1 1 0 1 1 1 1 0 0 0 0 0 0 1 0 0 0 1 0 0 1 0 0 0 1 1 1 0 0 1 1 1 0 0 1 1 1 0 0 0 1 0 1 0 0 1 0 1 0 0 0 0 0 0 0 1 0 1 1 0 0 1 0 1
1 1 0 0 0 1 1 0 1 0 0 0 0 0 1 0 0 0 0 0 0 0 1 1 1 1 0 0 0 0 1 1 1 0 0 1 0 0 1 0 0 1 1 1 0 0 1 1 1 0 1 1 1 1 1 1 0 0 0 0 1 1 1 1 1 1 0 1
1 0 0 1 0 1 0 0 0 0 0 0 0 0 1 1 0 0 0 1 0 0 0 1 1 0 1 0 1 1 1 0 1 1 1 1 1 0 0 1 0 0 0 0 0 1 1 0 0 0 0 1 1 1 1 1 0 0 1 1 1 1 0 1 0 0 0 0
0 0 1 0 1 1 1 1 0 1 0 0 1 0 0 0 0 0 0 0 0 1 1 0 1 1 1 0 0 0 0 0 0 0 0 0 0 1 0 1 1 1 0 1 0 0 0 0 1 0 1 1 1 0 1 0 0 1 1 1 0 1 1 0 1 1 0 0
1 1 1 0 1 0 1 1 0 1 1 1 1 0 0 0 0 1 1 1 0 0 1 0 1 0 0 1 1 1 1 0 1 0 1 1 0 0 0 0 0 1 1 1 1 1 0 0 0 0 1 1 1 1 1 0 1 1 0 0 0 0 1 0 0 0 1 1
0 1 0 0 1 1 0 0 1 1 1 0 1 1 1 0 0 1 1 1 0 0 0 1 0 1 1 1 1 0 1 0 1 1 1 0 1 1 1 1 0 0 0 1 0 1 1 0 1 0 1 0 0 1 0 1 0 1 1 1 0 1 1 1 1 0 0 1
1 0 0 1 1 0 0 1 1 1 1 1 1 1 0 1 1 1 1 1 0 1 1 1 1 1 1 0 1 1 0 1 0 1 0 0 1 0 0 1 1 0 0 1 0 1 1 1 0 0 1 0 1 0 0 1 1 1 0 0 0 1 0 1 1 0 0 1
0 0 1 1 0 0 1 0 1 0 1 0 1 0 1 0 1 1 1 1 0 1 0 0 0 0 1 1 1 0 1 0 0 0 1 1 1 0 0 0 0 0 0 1 0 1 1 0 0 1 0 1 0 0 0 1 1 0 0 1 0 1 0 1 0 0 1 0
1 1 1 0 0 1 1 1 1 1 1 0 1 0 0 1 0 1 1 1 0 1 1 0 1 1 1 0 1 0 0 0 1 1 0 1 0 1 0 1 1 1 0 0 1 1 0 1 0 1 0 1 1 1 0 0 0 1 0 0 1 1 1 1 0 0 1 0
0 1 0 1 0 0 0 1 1 1 0 1 1 1 0 0 0 0 1 1 1 0 0 0 1 0 0 1 0 1 1 1 0 1 0 0 1 1 0 1 1 1 1 1 1 0 0 1 0 0 0 1 0 1 1 1 1 0 0 1 1 0 0 0 1 0 1 1
0 0 1 0 0 1 0 1 1 0 1 0 1 0 1 0 0 0 1 1 1 0 1 1 0 1 0 0 0 0 1 0 0 1 1 0 1 0 1 1 1 1 1 0 0 1 1 0 0 1 1 1 0 0 0 0 1 0 1 0 1 0 1 0 1 0 1 1
0 1 0 1 0 1 0 1 1 0 0 1 0 0 0 0 1 1 0 0 0 0 0 1 0 1 1 0 1 0 0 1 0 0 1 0 0 1 1 0 0 1 1 0 0 0 1 1 0 1 1 0 1 1 0 1 1 0 1 1 1 1 1 0 0 0 0 0
0 0 0 1 1 0 1 1 0 0 1 0 1 0 1 1 0 0 1 0 1 0 1 0 1 0 1 0 1 0 1 0 0 1 1 1 0 1 0 1 1 1 0 0 0 0 0 0 1 1 1 0 0 1 1 0 0 1 0 0 1 1 1 1 0 1 1 1
0 0 1 1 0 1 0 0 0 1 1 1 1 0 1 1 0 0 1 0 1 0 0 0 1 0 0 1 1 1 0 0 1 1 0 1 0 1 0 0 0 0 1 0 0 0 0 1 0 0 1 1 1 1 0 0 0 0 1 0 1 1 0 1 1 1 0 1
1 0 1 0 1 0 0 1 1 0 0 0 0 0 0 1 0 0 0 1 1 1 1 1 1 0 1 1 1 1 1 1 1 1 1 0 1 0 0 1 1 0 0 0 0 1 0 1 1 0 0 0 0 1 1 0 1 0 0 0 1 1 0 0 0 0 0 0
0 0 0 1 0 0 1 0 1 0 0 1 0 1 1 1 0 0 1 1 1 0 1 0 1 0 1 1 0 1 0 1 1 0 1 0 0 0 1 1 0 0 0 0 1 0 0 1 0 1 0 0 0 0 1 0 0 0 0 1 0 1 0 0 1 0 1 1
0 0 0 1 1 0 1 0 1 0 1 0 1 0 0 0 1 0 1 0 1 1 1 1 0 0 0 1 0 0 1 0 0 0 0 0 0 1 1 0 1 1 0 1 0 1 1 0 0 0 0 1 1 0 0 0 1 1 0 0 0 1 1 1 1 0 1 1
0 1 0 1 1 1 0 1 1 0 0 1 0 0 1 1 1 1 1 1 1 1 1 1 1 1 1 0 1 1 0 1 1 0 0 1 1 1 0 0 0 0 0 0 0 1 1 0 0 0 0 1 0 0 1 0 0 0 0 0 0 0 0 0 1 1 1 0
0 1 0 0 0 0 0 0 0 0 1 1 0 1 1 1 0 0 0 1 1 1 0 1 1 0 1 0 1 0 0 1 0 0 1 1 0 0 0 1 0 0 1 1 1 1 1 1 0 0 1 1 1 1 1 0 0 0 0 0 0 0 1 1 0 1 1 0
1 1 0 1 0 1 1 1 0 1 1 0 1 0 1 0 1 1 1 1 0 1 0 1 0 0 1 0 0 0 0 0 1 1 1 0 1 0 1 1 1 1 1 1 0 0 1 0 0 1 1 1 0 1 1 0 1 1 0 1 0 1 0 0 0 1 0 1
0 1 1 1 1 1 1 0 0 0 0 0 1 1 1 0 0 1 0 1 0 1 1 0 1 0 0 1 1 0 1 1 0 0 0 1 0 1 0 1 1 0 1 0 0 1 0 0 0 1 0 0 1 0 0 0 1 0 1 1 0 0 0 0 1 1 1 1
0 1 0 1 0 1 0 1 1 1 1 0 0 1 0 0 0 1 0 1 0 0 1 0 1 1 1 1 0 1 1 1 1 1 1 0 0 1 1 1 1 1 1 1 0 0 0 0 0 1 1 1 1 1 0 1 1 1 1 0 0 0 1 1 1 1 1 0
1 1 1 0 0 1 1 0 1 0 0 0 1 0 0 1 1 1 1 1 1 1 0 0 1 0 0 0 1 0 1 1 0 1 1 0 0 0 1 0 0 1 0 0 1 1 1 0 0 1 0 0 1 1 1 1 1 0 1 1 1 0 0 1 1 0 0 1
1 1 0 0 0 0 0 0 0 0 1 0 0 0 0 0 0 1 1 0 0 1 0 1 1 1 1 1 1 1 0 0 0 0 1 0 1 1 1 1 0 0 0 1 0 0 0 1 0 0 1 0 0 1 1 0 0 0 0 0 0 1 1 0 1 1 1 1
0 0 0 0 0 0 0 1 0 0 1 1 1 0 1 1 0 1 0 1 1 1 1 1 0 0 0 0 1 1 1 0 1 1 0 0 1 0 0 0 0 0 1 0 1 0 0 1 1 1 0 1 1 1 1 1 0 1 0 1 1 0 0 0 1 0 1 1
0 0 0 1 1 1 1 1 0 1 1 0 1 0 1 0 1 1 0 0 0 0 1 0 0 1 1 1 0 1 0 0 0 0 0 0 0 1 1 1 1 0 0 0 1 0 0 1 0 0 0 0 1 1 1 0 1 1 1 1 0 0 0 1 1 0 0 0
0 0 0 0 1 0 0 0 0 0 1 0 0 0 1 1 1 1 1 0 1 0 1 1 0 1 1 0 0 0 0 1 1 1 0 1 0 0 1 0 0 0 1 1 0 0 1 0 0 0 0 1 1 0 0 0 1 1 0 1 1 1 1 1 1 0 0 1
1 0 1 1 1 1 0 0 0 0 0 1 0 1 0 1 0 1 1 1 1 1 1 0 0 0 1 0 1 0 0 0 0 0 0 1 1 0 0 0 0 0 1 0 0 1 1 0 1 0 1 0 0 0 0 0 0 0 1 0 0 1 1 0 0 1 0 1
1 1 0 1 0 0 0 0 0 1 0 0 1 1 0 1 0 1 0 0 1 1 1 0 1 1 0 1 1 0 0 1 1 1 1 0 0 0 0 1 0 1 1 1 1 0 0 0 1 0 1 1 1 0 0 0 1 0 1 0 1 1 0 0 0 0 1 0
0 0 1 1 1 0 1 1 0 0 0 1 1 0 0 0 0 0 1 1 1 0 0 0 1 1 1 1 1 1 1 1 0 1 0 0 0 0 0 1 0 1 1 1 1 1 1 0 1 0 1 0 0 0 0 1 0 0 0 1 1 1 1 0 0 1 0 0
0 1 1 1 1 1 1 0 1 0 1 1 1 0 1 1 0 0 1 1 0 0 1 0 0 1 0 1 0 1 0 0 0 1 1 1 0 0 0 0 1 0 1 0 1 1 1 0 0 0 0 1 1 1 1 1 0 0 0 0 0 1 0 0 0 0 1 1
0 1 1 0 1 0 1 1 1 1 0 0 1 1 1 1 1 1 0 0 1 1 1 0 0 0 1 0 1 0 1 0 0 1 1 1 1 0 1 0 0 0 1 0 0 0 0 1 1 0 0 1 0 0 0 0 1 0 0 0 1 1 1 1 1 1 0 1
0 1 0 0 0 0 0 1 1 0 1 0 1 0 0 1 1 0 0 0 0 0 0 0 1 1 1 1 1 1 0 1 1 0 1 1 1 0 0 1 0 0 0 0 1 1 0 1 1 0 0 1 1 0 1 0 1 1 1 1 0 0 1 1 1 0 1 1
1 1 1 1 0 1 0 0 0 0 0 1 0 1 1 0 1 1 0 1 0 1 0 0 1 1 0 1 0 0 1 0 0 0 0 1 1 1 0 1 0 0 0 1 0 0 1 1 0 1 1 1 1 1 1 1 0 0 1 0 0 1 0 0 0 1 0 0
1 1 0 1 0 1 1 0 1 0 1 1 1 0 0 0 0 0 1 0 0 1 1 1 0 1 1 1 0 0 0 1 1 0 1 1 1 1 1 0 0 0 1 1 0 0 0 0 0 0 0 0 1 0 1 1 1 1 0 0 1 0 0 1 0 0 1 0
1 0 1 0 0 0 0 1 0 0 0 1 0 0 1 0 1 0 1 0 1 0 0 1 1 1 1 1 1 0 1 1 1 1 0 1 0 1 0 1 1 0 0 1 0 1 0 1 1 0 1 0 0 1 0 1 0 0 1 0 0 0 1 1 1 1 0 0
1 0 0 0 1 1 1 1 1 1 1 0 1 0 0 0 1 0 1 1 0 0 1 1 0 0 0 0 0 0 1 0 0 0 0 0 0 0 0 1 1 0 1 1 0 1 0 1 0 1 0 1 0 1 1 1 0 0 0 1 1 0 0 1 0 0 1 0
0 0 0 0 1 0 1 1 0 1 0 1 0 0 0 1 1 1 0 1 0 1 0 0 0 1 1 0 1 0 0 0 0 0 1 0 0 1 0 1 1 0 1 1 0 0 1 1 1 0 0 1 0 0 0 0 0 0 1 0 0 0 0 1 0 1 1 0
0 1 1 1 1 1 0 0 0 1 0 1 0 0 0 0 1 0 0 1 0 1 0 1 0 1 0 1 1 0 1 0 1 0 1 1 1 0 1 1 0 0 1 1 0 0 1 0 1 0 1 0 0 0 1 0 0 1 0 1 1 1 0 0 0 1 1 1
1 1 1 0 1 0 0 0 1 1 0 1 0 1 1 0 1 1 0 1 0 0 0 0 1 1 0 0 0 1 1 0 1 1 1 1 1 0 1 0 1 1 0 0 1 0 1 1 0 0 1 0 0 1 0 1 0 1 1 1 1 0 0 0 1 0 0 0
1 1 0 0 1 1 1 0 1 0 1 1 1 0 0 1 1 1 0 1 1 0 0 0 0 1 1 1 1 1 1 0 1 1 1 0 1 1 0 1 0 0 0 1 0 0 1 1 0 1 0 1 1 0 1 1 1 1 0 0 1 1 0 0 1 0 1 1
1 1 1 0 0 1 0 0 1 0 1 0 0 1 1 1 1 0 0 1 1 1 0 1 0 0 0 0 1 1 1 0 1 1 1 1 0 1 1 0 0 1 0 0 1 1 1 1 1 1 1 1 0 1 0 1 0 0 0 0 0 1 1 0 1 0 1 0
1 1 0 0 0 0 1 1 0 0 0 0 1 0 1 0 0 1 0 0 1 0 1 0 0 0 1 0 0 1 1 1 0 0 1 0 0 1 0 0 0 0 0 0 1 1 1 1 0 0 1 1 1 0 0 0 0 1 1 1 1 1 1 1 0 1 1 1
0 1 0 1 1 1 0 0 0 0 1 0 0 1 1 0 1 1 0 1 1 1 0 0 1 0 0 0 0 1 1 1 1 0 1 0 1 1 0 0 1 0 1 0 1 1 0 0 0 0 1 1 1 1 0 1 1 0 1 1 0 0 1 0 0 0 0 0
0 1 1 0 1 0 0 1 0 0 1 1 1 0 1 0 1 0 0 1 1 0 1 1 1 0 1 1 0 0 1 1 1 0 1 1 1 0 0 0 0 0 0 0 0 1 1 0 0 0 0 0 0 1 1 1 0 0 1 0 1 0 1 0 0 0 1 1
0 0 0 1 1 1 1 1 0 1 0 0 1 1 0 1 0 1 1 0 0 0 1 0 0 0 0 0 1 0 0 0 1 0 1 1 0 1 0 1 0 0 0 1 0 1 0 0 0 0 1 1 0 0 1 0 1 0 0 1 1 0 1 0 0 1 1 0
1 0 1 0 0 1 1 1 0 1 1 0 0 1 1 0 1 1 0 0 1 1 0 1 0 1 1 0 1 0 0 0 1 0 1 0 0 0 1 1 1 1 0 1 1 1 1 0 1 1 0 0 1 0 0 0 0 0 1 1 1 0 1 1 0 1 0 1
1 1 0 0 1 1 0 0 0 0 1 0 0 0 0 1 1 0 0 0 0 0 0 0 0 1 1 0 0 1 0 0 0 1 0 0 1 0 0 0 1 0 0 1 1 0 1 0 1 0 0 0 0 0 0 0 0 0 0 1 1 0 1 1 1 1 1 0
1 1 1 0 1 0 0 1 1 1 1 0 1 0 1 1 0 1 1 0 0 0 0 0 1 0 1 0 0 1 1 1 1 0 0 1 1 0 0 0 1 0 0 1 0 1 1 0 0 1 1 1 0 1 0 0 1 1 0 0 1 0 0 0 1 1 0 1
0 0 0 1 0 0 0 1 1 0 0 1 1 0 0 1 1 1 0 1 1 0 0 0 1 0 1 0 1 0 1 0 1 0 0 1 1 1 1 0 1 0 1 1 1 1 0 0 0 1 0 0 1 0 0 0 0 1 1 0 0 0 1 1 0 0 1 0
1 0 1 0 0 0 1 0 1 0 0 0 0 1 1 0 1 1 1 1 0 1 1 1 0 1 0 0 0 1 0 0 0 0 1 1 1 0 1 1 0 0 1 1 0 0 1 0 0 1 1 0 0 0 1 1 1 1 1 0 1 0 0 0 1 0 1 1
1 0 1 1 1 0 1 1 1 1 0 1 0 0 0 0 0 0 1 1 0 0 1 0 1 0 1 1 1 0 1 0 1 1 1 0 1 1 1 0 0 0 1 0 1 1 0 1 1 0 1 0 0 0 1 1 0 1 0 1 1 1 0 1 0 0 0 1
0 0 1 1 0 1 0 1 1 0 1 0 0 1 0 0 1 1 1 0 1 0 1 0 0 0 0 1 1 1 0 1 0 0 1 1 1 0 0 1 1 1 0 1 0 1 0 0 0 0 0 1 0 1 0 0 0 0 0 1 0 1 0 0 1 0 0 0
1 0 0 0 1 1 0 0 0 1 1 1 1 1 0 0 1 1 1 0 1 1 0 0 0 0 0 0 0 1 1 0 1 0 0 1 1 1 1 0 1 1 0 1 1 0 0 0 1 0 1 1 1 0 1 1 1 0 1 1 1 1 1 1 0 1 0 1
1 0 1 0 1 0 1 1 1 1 0 1 0 1 0 1 1 0 1 0 1 0 0 1 0 0 1 0 1 1 0 1 0 1 1 1 0 1 1 0 1 1 1 1 0 1 1 0 0 0 1 1 1 0 0 1 0 1 0 0 1 1 1 1 1 0 1 0
0 1 1 1 1 1 1 0 1 1 0 1 0 0 0 0 1 0 0 0 1 0 1 1 0 0 1 0 0 1 1 1 1 1 1 0 0 0 0 0 0 1 0 0 1 0 0 0 1 1 0 1 1 1 0 0 1 1 1 0 1 0 1 0 1 0 0 0
0 0 0 1 1 1 1 1 0 1 0 0 1 1 1 0 1 1 0 0 0 1 0 1 1 0 0 0 1 1 0 1 0 1 1 0 0 0 1 0 0 0 1 1 0 1 0 0 1 0 1 0 1 1 0 0 0 0 1 1 1 1 0 1 1 0 0 1
0 0 1 1 1 1 1 0 0 0 0 0 0 0 1 1 0 1 0 1 1 1 1 1 1 0 1 0 1 1 0 0 0 1 0 0 1 1 1 1 0 1 0 1 1 0 1 1 1 1 0 1 0 0 0 1 0 1 1 0 1 1 0 1 1 0 1 1
1 1 1 1 0 0 0 0 0 0 1 1 0 0 1 1 1 1 1 1 1 1 0 0 0 1 1 0 0 0 1 1 0 1 1 0 1 1 0 1 0 1 1 1 0 1 1 1 1 0 1 0 1 1 0 1 1 1 1 0 0 1 0 1 0 0 1 0
1 1 0 1 1 0 1 1 1 1 0 0 0 0 0 0 0 0 0 0 1 1 1 0 1 0 1 1 1 1 0 0 0 0 1 0 1 1 1 1 1 1 1 0 0 0 1 0 0 1 0 1 0 1 0 0 0 0 0 1 0 1 0 1 1 1 1 0
0 1 0 0 0 1 1 0 1 1 1 0 0 1 0 1 0 0 0 1 0 1 1 1 0 0 0 1 0 1 0 0 1 1 1 1 1 1 1 0 1 0 1 0 0 0 1 1 0 1 1 1 1 0 1 1 1 0 1 0 1 0 0 0 0 0 0 0
0 1 1 0 1 1 0 0 1 1 1 0 1 0 1 1 0 0 0 1 1 1 0 1 0 1 0 0 1 1 0 1 0 0 1 0 0 1 1 0 0 1 0 1 0 0 0 0 0 0 0 1 1 1 0 1 1 1 0 1 1 1 0 0 1 0 1 1
1 0 1 0 0 0 1 1 0 0 0 1 1 1 0 1 1 0 1 1 1 0 1 0 0 1 0 1 1 1 0 1 1 0 1 0 1 1 1 1 1 1 0 0 1 0 0 1 1 0 1 0 1 0 1 1 1 0 0 1 1 1 1 0 0 0 1 0
0 1 0 0 0 1 1 1 0 0 0 1 1 1 0 0 1 0 1 1 1 0 1 1 1 1 1 0 1 0 0 1 1 1 1 0 1 1 0 0 0 1 0 1 1 0 1 1 1 1 0 1 1 0 1 1 0 1 1 1 0 0 0 0 1 0 0 0
1 0 0 1 0 0 1 0 0 1 0 1 1 1 1 1 0 0 1 1 0 0 0 0 0 1 0 1 0 1 1 1 1 0 0 0 1 0 0 0 1 1 0 1 0 0 1 1 1 1 1 1 1 1 1 1 1 1 0 0 1 1 0 1 1 0 1 0
1 1 1 0 0 0 1 1 0 0 1 0 0 1 0 0 0 0 0 0 1 1 1 0 1 1 1 0 1 0 0 1 0 1 0 0 0 0 1 0 0 0 1 1 0 0 0 0 1 1 1 0 1 0 0 0 1 1 1 0 0 1 1 0 1 0 0 1
1 0 1 1 0 1 0 1 0 0 1 0 0 0 0 1 0 1 1 0 0 1 0 0 0 1 0 1 1 0 1 1 1 0 0 1 0 1 1 1 0 0 0 0 0 1 0 0 1 1 0 1 0 1 0 0 0 1 1 1 0 1 0 0 0 0 1 1
1 0 1 1 1 0 1 0 0 1 1 0 1 0 0 1 0 1 0 1 1 0 0 1 1 1 1 0 0 1 1 0 1 0 1 0 0 1 1 0 0 0 0 0 0 1 1 1 0 0 1 1 1 0 0 0 0 0 0 0 1 0 0 1 1 1 0 0
1 1 1 1 0 0 1 0 1 0 1 0 0 1 0 0 0 0 1 1 1 1 0 0 1 0 0 1 0 1 1 1 1 1 1 1 1 1 0 0 1 0 1 1 1 0 0 0 0 1 1 1 0 0 0 0 1 1 0 1 0 1 1 1 1 1 1 1
0 1 1 1 1 0 0 0 1 0 0 0 0 0 0 1 1 1 1 0 1 0 1 0 1 0 1 0 0 0 0 0 1 0 0 1 0 1 1 1 1 1 0 0 1 0 0 1 1 0 0 0 1 1 1 1 1 0 1 1 1 0 1 0 0 1 0 1
0 0 0 1 0 1 0 1 1 1 1 1 0 0 1 0 1 1 0 0 0 0 1 0 0 0 0 1 0 1 1 0 1 0 1 0 1 1 1 0 0 0 0 0 1 1 1 0 0 1 1 1 0 1 1 1 0 0 0 1 0 0 0 1 1 1 1 0
1 1 0 1 1 1 0 0 0 0 0 1 1 0 0 1 1 1 1 1 0 0 0 0 1 1 1 1 0 1 0 1 0 1 1 1 0 0 1 0 0 0 0 0 0 0 0 0 1 1 1 0 0 1 1 0 0 0 0 0 0 0 1 0 1 0 0 0
0 1 0 1 1 0 1 0 1 0 1 0 0 0 0 0 0 1 1 0 1 0 0 0 1 0 1 1 1 0 0 1 0 0 1 1 0 1 0 0 1 0 1 0 0 1 1 1 1 1 1 1 1 1 0 1 1 1 0 1 1 0 0 0 1 0 1 0
1 0 0 1 0 0 1 0 1 1 0 0 0 0 1 0 1 1 1 1 1 0 0 0 1 0 1 0 0 1 1 0 1 1 1 1 0 0 0 0 1 0 1 0 1 1 0 1 1 0 0 1 1 0 0 0 1 0 1 0 0 0 0 1 1 0 1 0
1 0 1 0 0 1 1 1 0 1 1 0 0 1 1 0 1 0 1 1 1 0 1 0 0 0 1 1 1 1 0 1 0 0 1 1 0 0 0 1 0 0 1 1 1 0 1 0 1 0 0 1 1 0 0 0 0 1 1 1 0 0 1 1 0 0 1 1
0 0 0 1 1 1 1 0 0 0 0 0 1 1 1 0 0 0 0 0 1 0 1 1 1 1 0 1 0 1 1 0 1 1 0 1 1 0 0 0 0 0 0 1 1 1 0 1 1 1 1 1 0 0 0 0 0 0 0 0 0 0 0 0 0 0 1 1
0 1 1 0 1 0 1 1 0 0 1 1 1 0 0 1 0 0 0 0 1 1 0 0 0 1 0 0 1 1 1 0 1 1 1 1 0 1 0 1 1 0 1 0 1 0 1 0 0 0 0 0 1 1 0 0 1 0 1 1 1 1 0 0 1 0 0 0
0 1 0 0 1 0 1 0 0 1 0 1 0 0 1 0 1 1 0 0 1 0 1 1 0 1 0 1 1 0 0 1 0 1 0 1 1 1 0 1 1 1 1 1 0 0 0 1 1 0 1 0 0 0 1 0 1 1 1 1 1 0 1 0 0 0 1 1
0 0 1 1 0 0 1 1 1 1 1 1 0 0 0 1 1 0 1 0 0 0 0 0 1 1 1 1 1 0 0 0 0 1 1 0 0 0 0 0 1 1 1 0 0 0 0 0 1 0 1 1 0 1 1 1 1 0 0 1 0 0 1 0 1 1 1 1
1 1 1 0 1 1 0 0 0 1 1 1 0 0 0 0 1 0 0 0 0 0 1 0 1 1 1 0 1 0 0 0 0 0 1 1 1 1 1 1 0 1 1 0 0 1 1 0 1 0 1 0 1 0 0 0 1 0 0 0 0 1 0 1 1 1 0 0
1 1 0 0 0 1 1 1 0 0 0 0 0 0 1 0 0 1 0 1 0 0 1 1 1 0 0 1 1 1 0 1 1 0 0 0 1 0 0 1 1 1 1 0 1 0 1 0 1 1 1 0 0 0 0 0 0 1 0 1 1 1 1 1 1 1 1 0
1 1 1 1 0 1 1 0 0 0 0 1 1 0 1 1 1 1 0 0 1 1 1 1 1 0 0 0 1 1 0 0 0 1 0 1 0 0 1 1 1 1 1 0 1 1 1 0 1 0 1 0 1 1 1 0 1 0 1 0 1 1 1 0 0 1 0 1
0 1 0 1 1 0 0 1 0 0 1 0 1 0 0 1 0 1 0 1 0 0 1 0 0 1 1 0 1 1 0 1 1 0 1 0 1 0 0 0 0 1 0 1 1 1 0 0 1 0 0 0 0 1 0 0 1 1 1 1 0 1 0 0 0 1 1 0
1 0 1 1 0 0 1 1 0 1 1 0 0 1 0 1 1 1 1 1 0 1 1 1 0 0 1 1 0 1 0 0 1 1 0 1 1 1 0 0 0 1 0 1 0 1 0 1 1 1 0 0 0 0 1 0 1 1 0 1 0 0 0 0 1 1 0 1
1 1 1 0 1 1 1 1 0 0 1 0 1 0 1 0 1 0 0 0 1 0 0 0 1 1 0 1 0 0 0 1 1 1 0 0 0 1 1 0 1 1 1 1 1 0 0 0 0 1 1 0 0 1 1 0 0 0 0 1 0 0 0 1 1 1 1 1
1 1 1 1 0 0 0 0 0 0 1 1 0 1 0 0 1 0 0 0 1 1 1 0 0 1 0 1 1 1 1 0 0 0 0 1 1 1 0 1 1 0 0 0 0 0 0 1 1 1 1 1 1 0 0 0 0 1 0 0 0 1 0 1 0 1 1 0
0 1 1 0 0 0 0 1 1 1 0 1 0 1 1 1 1 1 0 0 1 0 1 1 0 1 0 0 0 0 1 1 1 1 1 1 1 1 0 1 1 1 1 1 1 1 0 0 0 1 0 1 0 1 0 1 0 0 0 1 1 1 0 0 1 1 0 0
1 0 1 0 0 1 1 0 1 0 1 1 1 0 1 1 0 0 0 1 1 1 1 0 0 1 1 1 0 1 0 1 1 0 1 0 0 0 1 1 1 0 0 0 0 1 0 0 1 1 0 0 1 0 1 1 0 1 0 0 1 0 1 1 1 1 1 1
0 0 1 1 1 0 0 1 0 0 1 1 1 1 0 0 0 0 1 0 1 0 1 0 0 1 1 0 0 0 1 1 0 0 1 0 1 1 0 1 1 0 0 1 1 1 0 0 1 1 1 1 0 0 0 1 1 1 0 1 0 0 1 1 0 0 1 0
0 0 1 0 0 0 1 1 0 0 0 0 0 0 0 1 1 1 0 0 0 0 1 0 1 0 1 0 1 0 0 1 0 0 0 0 1 1 1 0 0 1 0 0 1 0 0 0 0 0 0 1 1 1 0 1 0 1 0 1 1 0 0 1 0 0 1 0
1 0 0 1 0 1 0 0 0 1 0 1 0 0 1 0 0 1 1 1 1 0 0 0 0 1 0 0 1 1 1 0 0 0 0 0 0 1 0 0 1 0 0 1 0 0 1 0 0 0 1 1 0 1 0 0 0 0 0 0 1 1 1 0 0 0 1 0
1 1 1 0 1 1 0 1 1 1 1 0 1 0 0 1 0 0 0 0 0 1 0 0 0 1 1 1 0 0 1 0 0 0 0 1 1 1 1 0 1 1 1 1 1 1 1 1 0 0 1 1 0 1 0 0 1 0 1 1 1 1 1 0 0 1 1 0
1 0 0 0 1 1 1 0 1 0 0 0 1 0 0 1 0 0 0 0 1 0 1 1 1 0 0 1 1 0 0 1 0 0 1 1 0 1 1 0 0 0 0 1 1 1 0 0 1 0 1 1 0 1 1 0 1 1 0 0 0 0 0 1 0 1 0 0
0 0 0 1 0 1 0 1 1 1 1 0 0 0 1 0 0 1 0 1 0 1 0 1 0 0 1 1 1 1 0 0 0 1 1 1 0 0 0 1 1 1 1 1 1 1 1 0 0 1 1 0 1 1 0 1 0 0 1 1 1 0 0 0 1 1 1 0
1 1 0 0 0 1 1 0 1 1 0 1 0 0 0 1 1 0 0 0 0 0 0 0 1 1 1 0 1 0 0 1 1 1 0 0 1 1 0 1 0 1 0 0 0 1 1 0 1 1 1 1 0 1 1 1 1 0 1 0 1 0 1 0 0 0 1 1
0 1 1 1 0 1 0 1 1 0 0 1 1 1 0 1 0 1 0 0 0 1 0 0 1 1 1 1 0 1 1 0 1 0 0 0 1 0 0 0 0 1 0 1 0 0 1 1 1 0 0 0 0 0 1 0 1 1 1 0 0 1 0 1 1 0 0 1
0 1 1 0 0 0 1 1 0 1 1 0 0 1 1 0 0 1 1 1 0 0 1 0 1 0 0 1 0 1 1 0 0 1 0 1 1 0 1 1 0 0 1 0 1 1 1 0 1 0 0 0 1 1 0 0 0 1 1 1 0 1 0 1 0 1 0 0
0 1 1 0 1 1 0 0 1 1 0 1 1 0 1 0 0 0 1 0 0 0 0 0 0 0 1 0 1 1 0 0 1 1 1 0 0 0 0 0 0 0 0 1 0 1 0 0 1 0 0 0 1 0 0 1 1 0 1 1 1 0 0 1 0 1 0 0
0 0 0 0 0 0 1 1 0 1 1 1 1 1 1 1 1 1 0 0 0 0 0 1 1 0 1 0 0 0 0 0 1 1 0 1 1 0 1 0 1 1 0 1 1 0 1 0 1 0 0 0 1 0 0 0 0 0 0 0 1 1 1 0 1 1 0 1
0 0 0 1 1 0 0 1 1 0 0 1 0 1 1 0 1 0 0 1 0 1 0 0 1 0 0 0 1 1 0 0 1 1 0 1 0 0 0 1 1 0 0 0 0 1 1 1 1 1 0 0 0 1 1 1 1 1 0 1 1 0 1 0 0 1 0 1
1 0 1 0 1 0 1 1 1 0 0 0 0 1 0 0 0 1 0 0 0 0 1 0 0 1 0 0 1 1 1 0 1 0 0 0 1 1 1 0 0 0 0 0 0 0 0 1 1 0 1 1 1 1 1 1 1 1 0 0 0 0 1 1 1 0 1 1
1 1 1 1 0 1 0 1 1 1 1 0 1 1 1 0 0 1 0 1 0 1 1 1 1 1 0 0 0 0 0 0 0 0 0 0 1 0 0 1 0 0 0 1 1 0 0 0 1 0 0 1 0 1 1 0 1 0 0 1 1 0 0 0 0 0 0 0
1 1 1 1 1 1 1 1 1 1 0 1 1 0 0 0 1 1 0 1 1 1 0 0 0 0 0 1 1 0 0 0 1 1 1 1 1 1 0 1 0 0 0 1 1 0 0 0 0 0 1 0 0 1 1 0 0 0 1 0 0 1 1 0 1 1 0 1
0 0 1 0 1 1 0 0 1 1 1 1 0 0 1 1 0 0 0 0 0 0 1 0 1 0 0 0 0 0 1 0 1 0 0 0 1 1 0 0 0 1 1 1 0 1 0 1 1 1 0 0 0 0 0 1 0 1 0 1 1 1 1 1 0 1 0 1
0 1 1 1 1 1 1 0 0 1 1 1 1 1 0 1 1 0 0 1 0 0 1 1 1 1 1 1 1 1 1 0 1 1 0 0 0 0 1 1 1 0 0 1 1 1 1 0 0 0 1 1 0 1 1 1 0 0 0 1 1 1 1 1 1 1 0 0
0 0 1 1 1 0 1 1 0 1 0 1 1 0 1 1 1 0 1 1 0 0 0 0 0 0 1 0 0 0 0 1 1 0 0 1 1 1 1 0 1 0 1 1 0 0 0 1 1 1 0 1 0 1 0 1 1 1 1 1 0 1 1 0 1 1 1 0
1 0 1 0 1 0 0 1 1 1 0 0 1 1 1 0 0 0 0 0 1 1 1 0 1 1 1 1 0 0 1 1 1 0 0 1 1 0 0 0 1 1 1 0 0 1 0 0 0 0 0 1 1 0 0 1 1 0 0 0 0 0 1 1 1 0 0 1
0 0 0 0 0 0 1 1 1 1 0 1 0 0 0 1 0 0 1 0 1 1 1 0 1 0 0 1 1 0 1 1 1 1 0 0 0 0 1 0 1 0 1 0 0 1 1 0 1 0 1 1 1 1 1 0 1 0 1 1 0 0 0 1 0 0 1 0
1 1 1 1 1 0 0 0 0 1 0 0 1 1 1 0 1 1 1 1 1 0 1 1 1 1 0 1 1 1 0 0 0 0 1 0 0 0 0 0 1 0 1 1 1 0 0 1 1 1 1 0 0 1 1 0 0 1 1 1 0 1 0 1 1 0 1 0
1 1 0 0 1 1 1 0 0 0 0 0 0 1 0 1 0 1 0 0 1 0 1 1 0 1 1 0 0 1 0 0 0 0 1 0 0 0 0 0 0 1 0 0 1 1 0 0 0 1 1 0 1 1 1 1 1 0 0 1 1 1 0 0 0 0 0 1
1 1 1 0 1 0 1 0 0 1 0 0 0 1 0 0 0 1 0 0 0 1 1 1 1 0 0 1 0 1 1 0 1 1 1 0 0 1 1 1 1 1 0 1 0 0 0 0 1 1 0 0 0 1 0 0 0 0 1 0 1 0 0 0 1 1 0 1
1 0 1 1 1 0 1 0 1 0 1 0 1 0 0 0 1 1 0 1 1 0 1 0 1 1 0 0 1 0 0 1 0 0 1 0 0 1 0 1 1 1 1 1 0 1 1 1 0 0 1 0 0 1 0 0 0 0 1 1 1 0 0 0 1 1 1 1
1 1 0 0 1 1 1 0 0 0 0 0 0 1 1 1 0 1 1 1 1 1 1 1 0 1 0 1 1 1 1 1 0 0 1 1 1 1 1 0 0 1 1 1 1 1 1 0 0 1 0 1 1 1 0 0 1 1 1 0 0 1 1 1 0 1 0 0
0 1 1 1 0 0 0 0 0 1 0 1 0 0 1 1 0 0 1 0 0 1 1 0 0 1 0 0 1 0 1 0 0 0 1 1 1 1 1 1 1 1 0 1 0 1 0 1 1 0 0 1 1 1 1 1 0 1 1 0 1 0 1 1 1 0 0 1
0 1 1 1 0 1 0 1 1 0 1 1 0 0 1 0 0 0 0 1 1 0 1 1 0 0 0 1 1 0 1 1 0 1 1 0 0 1 1 0 1 1 0 1 0 1 1 0 1 1 0 0 1 0 1 0 1 1 0 1 1 1 0 0 0 1 0 1
0 0 1 0 1 0 0 1 0 1 0 0 1 0 1 0 1 1 0 1 0 0 1 0 1 0 0 0 1 0 1 1 0 1 1 0 0 1 1 1 0 0 1 1 1 1 0 1 1 1 0 1 0 0 1 0 1 1 1 0 1 0 1 0 1 0 1 1
1 0 0 1 1 0 0 1 0 1 1 1 1 0 1 0 0 0 0 0 0 1 1 0 1 0 1 1 1 1 0 1 1 0 1 0 0 1 0 0 1 1 0 1 1 0 1 1 1 0 0 0 0 0 0 0 1 0 0 0 0 0 1 0 1 0 0 1
1 0 1 1 0 1 1 0 1 0 0 0 1 1 1 0 0 0 0 1 1 0 0 0 0 0 0 0 0 0 0 0 1 1 1 0 1 1 1 1 0 0 0 0 1 1 1 0 0 1 0 0 0 1 0 1 0 1 0 1 0 1 1 0 0 1 0 0
0 0 0 0 1 1 0 1 0 1 1 0 0 0 0 1 0 1 1 1 1 1 0 0 1 0 1 0 0 1 1 0 0 0 1 0 1 0 0 1 1 0 1 0 1 1 0 1 1 1 1 0 1 0 1 0 1 1 1 0 0 1 0 0 1 0 1 1
0 1 1 1 0 1 1 1 0 1 1 1 1 1 1 1 1 1 0 0 1 0 1 1 1 0 1 1 1 0 0 1 1 1 0 0 0 0 1 0 0 0 0 0 0 1 1 0 1 1 0 1 1 1 1 1 1 1 0 1 0 1 0 1 0 0 0 0
1 1 0 1 1 1 0 1 1 0 1 0 1 0 1 0 1 1 0 0 0 0 0 0 0 1 1 0 1 1 0 0 0 1 1 1 0 0 1 1 0 0 0 0 0 0 0 1 1 1 1 0 0 0 1 1 0 0 0 0 0 1 0 0 0 0 1 1
0 1 1 0 0 0 1 1 0 0 0 0 1 1 1 1 1 1 1 1 0 0 0 1 0 1 0 1 0 1 1 1 0 1 1 1 0 1 1 0 1 1 0 1 1 0 0 1 0 1 1 0 1 1 0 0 1 1 1 0 0 1 1 1 0 0 0 1
0 1 0 0 1 0 0 1 1 0 1 1 0 1 1 1 0 1 1 0 1 0 0 0 0 0 0 0 0 0 1 1 1 0 0 0 0 1 1 0 1 1 0 0 1 1 0 0 1 1 0 0 1 1 0 0 1 0 0 0 0 1 0 1 0 0 1 1
1 0 0 0 0 1 0 1 0 0 1 1 0 1 0 1 0 0 1 1 0 0 1 0 0 1 1 1 0 1 0 1 1 1 1 0 1 0 1 1 0 1 1 0 0 1 0 1 1 0 0 1 1 0 1 1 1 0 1 1 1 0 0 1 0 1 1 0
1 1 1 0 0 1 1 1 1 1 0 0 0 1 0 0 0 1 1 0 1 0 0 1 0 0 0 0 0 0 1 0 0 0 1 0 1 1 0 1 1 1 1 0 0 1 1 1 1 0 1 0 0 0 0 1 0 0 1 0 0 1 0 1 0 0 1 1
1 0 1 0 0 1 1 0 1 0 1 1 1 0 1 1 1 1 0 0 1 0 0 0 0 0 0 0 1 0 0 1 1 0 1 0 1 0 1 0 0 1 1 0 1 0 0 0 1 0 1 1 0 0 1 0 0 0 1 1 0 1 0 1 0 0 0 0
0 0 0 1 1 1 0 1 0 0 0 1 0 0 1 1 0 1 0 0 1 0 0 1 0 0 0 1 0 0 1 1 1 0 1 1 0 1 1 1 1 1 1 0 1 0 1 1 0 1 1 1 1 0 0 0 1 0 1 0 1 0 0 0 1 1 0 1
0 0 1 0 0 1 0 1 1 0 1 1 1 0 0 0 1 1 1 0 1 0 1 1 1 1 0 0 1 0 0 1 0 0 0 1 1 0 1 1 0 0 1 1 0 0 1 0 0 1 1 1 1 1 0 1 1 0 1 1 0 0 1 0 0 1 1 1
0 1 1 1 0 0 0 0 0 1 0 1 1 0 1 0 0 0 0 1 1 0 1 0 1 0 0 1 0 1 0 0 0 1 1 0 1 1 1 1 1 1 0 0 1 1 1 1 0 0 0 0 0 0 1 0 1 1 1 0 1 1 0 0 1 0 0 0
0 0 1 1 0 1 0 0 0 1 1 1 0 1 0 0 0 1 0 0 0 1 1 0 1 1 0 0 0 0 1 0 1 1 0 1 0 1 0 1 0 1 1 0 1 1 0 0 0 0 0 0 0 1 0 1 1 1 1 0 0 1 0 1 0 1 1 1
0 0 1 0 1 1 0 1 1 1 1 1 1 0 0 1 1 0 0 0 0 1 1 0 0 0 0 1 0 0 1 1 0 1 1 1 0 0 1 0 1 1 1 0 0 0 1 0 0 1 1 0 1 0 1 1 0 1 1 0 1 0 1 1 0 1 1 0
0 0 1 1 1 1 0 0 1 1 0 0 0 1 1 1 1 0 1 0 1 1 0 0 1 1 0 1 0 1 1 1 0 0 1 1 0 1 1 0 1 0 0 0 1 1 1 1 1 0 0 1 0 1 1 0 1 1 1 1 1 1 1 1 0 0 0 1
0 1 1 0 1 0 1 0 1 1 1 0 1 0 0 0 0 0 1 0 0 0 0 1 1 1 1 1 0 1 0 1 1 0 1 0 0 1 1 1 0 1 0 1 0 0 1 1 1 1 0 1 1 1 1 1 0 1 0 1 0 1 0 1 0 1 1 1
1 1 1 1 1 0 1 0 1 1 1 0 0 0 1 1 0 0 0 1 0 1 0 1 0 1 0 0 0 0 0 1 0 0 0 1 1 0 1 0 1 1 0 0 0 1 0 1 1 0 1 0 0 1 1 1 0 1 1 1 0 0 1 0 0 1 0 0
1 0 1 1 0 0 0 1 0 1 0 1 1 1 1 1 1 1 0 1 1 0 0 0 1 1 0 1 1 0 0 0 0 0 1 0 1 0 1 0 0 0 1 1 1 1 1 0 1 1 0 1 0 1 0 1 0 1 0 0 1 0 1 0 0 0 0 1
1 0 0 1 0 0 0 0 1 0 1 0 1 1 1 1 0 1 1 0 1 1 0 1 0 1 1 0 1 1 1 1 0 0 0 1 0 1 1 1 1 0 1 0 1 0 0 0 0 0 0 1 1 1 1 0 1 1 0 1 1 1 0 0 1 1 1 0
1 0 1 1 1 0 1 1 1 0 1 1 0 0 1 1 1 1 1 0 1 0 0 1 0 1 1 1 1 0 0 0 0 1 1 0 0 1 1 1 1 1 0 0 1 0 1 0 1 1 1 0 0 1 1 0 1 1 0 0 1 1 0 0 1 0 0 0
0 1 0 1 1 0 0 1 0 1 0 0 0 0 1 0 1 1 0 0 1 1 0 0 0 1 1 0 1 0 1 0 1 1 0 0 0 0 1 0 1 1 1 0 0 1 0 0 1 1 1 1 1 1 1 0 1 1 0 1 1 1 1 0 1 0 1 1
0 0 0 1 1 1 0 0 1 1 0 1 1 0 0 1 1 1 1 0 0 0 0 1 1 0 0 1 1 1 1 0 1 0 0 1 0 1 0 0 1 1 0 1 0 1 0 1 0 1 0 0 0 1 1 1 1 1 1 1 0 0 0 0 0 0 0 0
1 1 1 1 0 1 1 1 0 0 0 0 1 1 1 0 1 1 0 0 0 0 1 1 0 0 1 1 1 0 1 0 1 0 1 1 0 0 1 0 1 0 0 1 1 1 0 0 1 0 1 1 1 0 1 1 0 1 1 0 1 1 0 1 1 0 1 0
0 0 1 1 1 1 1 0 0 0 0 0 0 0 0 0 0 0 1 0 1 1 0 1 0 0 1 0 0 1 0 1 0 0 0 1 1 1 0 1 0 1 1 1 0 1 1 0 0 1 0 0 1 1 1 0 1 1 0 1 1 0 0 1 1 1 1 0
1 1 1 1 0 0 1 0 0 0 1 1 1 0 1 1 0 0 0 1 0 1 1 1 1 0 1 0 0 0 0 0 1 1 1 0 1 1 1 0 0 0 0 0 1 0 0 1 1 1 1 1 1 1 0 0 1 0 1 0 0 0 0 0 0 1 1 0
0 1 0 1 1 1 0 1 0 1 1 0 0 1 1 0 0 1 0 1 1 1 0 1 0 1 1 1 0 0 1 1 0 0 1 1 1 0 0 0 0 0 1 1 1 1 0 1 1 1 0 1 0 1 0 0 1 0 1 0 1 0 0 1 0 1 1 0
1 0 1 1 1 0 1 1 0 0 1 1 1 0 0 0 0 1 0 0 1 0 0 1 0 1 1 0 0 1 0 0 1 1 0 0 1 1 1 0 1 0 1 1 1 0 1 0 1 1 0 1 1 1 1 0 0 0 0 1 1 0 1 0 0 0 1 0
0 0 0 0 1 0 1 1 1 1 1 0 0 1 0 0 0 0 0 0 1 0 1 1 0 0 1 0 1 1 0 1 1 1 0 0 1 0 1 1 0 1 0 0 0 0 0 0 0 0 1 1 1 1 0 1 0 0 0 1 1 0 0 0 1 1 0 1
0 0 0 0 0 0 0 0 0 0 0 1 1 1 1 0 0 0 0 0 0 0 0 0 0 0 0 1 1 0 1 1 0 1 0 1 0 0 1 0 1 1 1 1 1 1 1 0 0 1 0 0 0 0 1 1 0 0 1 1 1 0 1 1 1 1 0 1
0 1 0 0 0 1 1 0 1 0 1 0 0 1 0 1 0 1 1 1 1 1 1 1 0 1 1 1 1 0 1 0 0 0 1 1 1 0 0 1 1 1 0 0 0 0 0 0 1 0 0 1 0 1 0 1 0 1 0 1 1 1 1 1 0 1 1 0
1 1 0 0 0 0 1 1 0 1 1 1 1 0 0 1 0 1 0 1 0 0 0 0 1 1 0 1 0 1 1 1 0 1 1 0 1 1 1 1 1 1 0 0 0 0 1 1 0 1 0 0 0 0 0 1 1 0 0 0 0 0 0 0 1 1 1 0
1 1 1 1 1 1 0 1 1 1 1 1 0 0 0 1 0 0 1 0 1 1 1 1 0 0 1 0 0 0 0 0 0 0 0 1 0 0 0 0 0 0 0 0 0 0 0 1 0 0 1 1 0 0 1 1 1 0 1 1 1 1 0 1 0 0 1 1
0 1 0 0 1 0 1 1 0 1 0 1 0 1 0 1 0 0 0 1 0 0 1 0 1 0 0 0 0 1 1 0 0 0 0 1 0 1 0 0 0 0 1 1 1 1 1 0 1 1 1 1 0 0 1 0 0 0 1 1 1 0 1 0 1 0 1 1
1 1 1 0 1 1 0 0 1 1 1 0 1 1 0 0 1 0 0 0 0 1 0 0 0 0 0 1 0 1 0 1 0 0 1 0 1 1 1 1 0 0 1 0 1 1 1 1 0 0 0 1 1 1 1 1 1 0 0 0 1 0 1 0 1 1 1 0
0 1 1 1 1 0 1 0 1 0 0 0 0 0 0 1 0 1 1 1 0 0 1 0 0 1 1 1 0 1 0 0 1 0 0 1 0 0 1 1 1 1 1 1 1 1 1 1 0 1 1 1 0 0 0 1 0 0 1 0 0 0 0 1 0 0 0 1
0 0 1 0 1 1 1 0 1 0 1 1 0 1 1 0 1 1 0 0 0 0 1 1 1 0 1 1 1 0 1 0 0 0 1 1 0 0 1 1 0 1 0 0 0 0 0 1 0 0 0 0 1 0 1 1 0 1 0 0 0 0 0 1 1 1 0 1
1 0 0 0 1 0 1 1 0 1 0 1 0 0 1 1 0 1 0 0 0 0 1 1 1 1 0 0 1 1 0 0 1 1 1 0 1 0 1 1 1 1 1 0 1 1 0 1 0 0 0 1 0 1 1 1 0 1 1 0 0 1 1 0 0 0 1 0
1 0 1 0 1 0 1 0 0 1 1 1 1 0 0 0 0 1 0 1 1 1 1 0 0 1 0 0 1 0 0 1 1 1 0 0 0 1 0 1 0 0 0 0 1 0 1 1 1 1 0 1 0 0 0 1 1 0 0 1 1 1 0 0 0 0 0 1
0 0 1 0 0 0 1 1 1 1 1 0 1 0 0 0 1 1 1 1 1 1 1 0 0 0 1 1 1 0 0 1 1 0 0 1 1 1 0 1 0 0 1 0 1 0 0 1 1 1 1 0 0 1 1 1 1 1 1 0 1 1 1 1 1 1 0 0
0 1 0 1 1 1 1 1 1 1 1 1 0 1 0 1 1 1 1 1 0 0 0 0 0 0 1 0 0 1 1 0 1 1 1 0 0 0 1 1 0 1 1 1 0 0 1 1 1 1 0 0 1 1 0 1 0 0 0 0 1 0 1 0 0 0 0 1
1 0 0 0 0 0 1 1 0 0 1 0 1 0 0 1 0 1 0 1 1 0 0 1 1 1 0 1 0 0 0 1 0 0 0 1 0 0 1 0 0 1 1 1 0 1 0 1 0 0 1 1 0 1 1 0 0 1 1 0 1 1 0 1 1 0 0 1
1 1 0 0 1 0 0 0 1 0 1 0 0 0 0 0 0 1 1 1 0 0 1 1 0 1 1 1 1 0 1 0 1 1 0 1 1 1 1 1 1 0 1 1 1 1 0 0 1 1 0 1 1 1 1 1 1 0 1 1 0 0 0 0 1 1 0 1
1 1 1 1 1 1 1 0 1 1 0 1 1 1 1 1 1 1 1 0 0 1 1 1 1 0 1 1 0 0 0 0 0 0 1 0 1 1 0 0 0 0 1 0 1 1 1 1 1 1 1 0 0 0 1 1 0 0 0 0 0 0 0 1 0 0 0 0
1 1 0 1 1 1 1 1 0 1 0 0 0 0 1 1 0 1 1 0 1 0 0 1 1 1 0 1 0 1 0 1 0 1 1 0 1 1 0 0 1 0 0 0 1 1 1 0 1 0 0 1 1 1 1 1 1 1 0 0 0 0 1 1 0 0 0 1
0 1 1 1 1 1 1 1 0 1 1 0 0 0 1 0 1 0 0 0 0 1 0 1 1 0 0 1 1 1 0 0 1 0 1 0 1 0 1 0 0 1 0 1 1 1 0 1 0 0 0 1 0 0 1 1 1 0 0 0 1 1 1 1 0 0 1 0
0 1 1 1 0 1 1 1 0 1 0 1 1 0 0 0 0 0 0 1 0 1 0 1 1 1 0 0 1 0 1 1 0 1 1 0 1 0 0 1 0 0 1 1 0 1 0 1 0 0 1 1 0 1 0 0 0 1 0 1 0 0 1 0 1 0 1 0
1 0 0 1 0 0 0 1 0 1 1 1 1 0 1 0 1 1 1 1 1 1 1 0 1 1 0 1 1 0 1 0 1 1 1 0 1 1 1 0 0 0 1 0 0 0 0 0 1 0 0 0 1 0 0 1 1 1 1 1 0 1 1 1 1 0 1 0
1 0 1 1 1 0 1 1 0 1 1 1 1 0 1 0 0 1 0 0 0 0 1 1 0 1 0 1 1 1 0 0 1 1 0 1 0 0 0 1 1 1 1 1 0 0 1 1 0 1 1 1 1 1 0 0 0 1 1 0 0 1 0 1 0 1 0 1
1 0 1 0 1 1 1 1 1 1 1 0 1 0 1 0 1 1 0 0 1 1 0 1 1 1 1 0 0 1 0 1 0 0 1 1 0 0 0 1 0 0 1 0 0 0 0 0 0 1 1 0 0 1 1 0 0 0 1 1 0 0 1 0 0 0 1 0
1 0 0 1 1 0 1 1 0 0 0 1 0 1 0 0 1 0 0 0 0 0 0 1 1 0 0 0 1 1 1 1 0 1 1 1 0 0 1 1 0 0 1 1 0 1 0 0 1 1 1 1 1 0 1 1 1 0 0 1 0 1 0 0 0 0 1 1
1 1 0 0 1 1 1 0 1 0 0 1 0 0 1 1 0 1 1 1 1 1 1 0 1 0 0 0 0 0 0 1 0 0 0 1 0 1 1 1 1 0 0 1 1 0 0 0 0 0 0 1 1 1 0 1 0 0 1 0 1 0 1 0 0 0 1 0
0 1 0 0 1 0 0 1 0 1 1 1 0 1 0 1 1 0 1 0 0 1 0 1 0 0 0 0 1 0 0 0 0 0 0 0 0 0 1 0 0 1 1 0 1 0 0 0 0 0 1 1 1 0 1 0 0 1 1 1 0 1 1 0 0 0 0 0
0 1 1 1 1 0 0 1 0 1 0 1 1 1 1 0 0 1 1 0 0 0 0 1 1 1 0 0 1 1 1 1 0 1 0 0 1 1 0 0 0 1 0 0 0 0 0 1 1 0 1 1 0 0 1 1 1 0 0 1 1 1 1 1 0 1 0 0
1 0 0 0 0 0 0 1 0 1 0 0 0 1 0 0 0 1 0 1 0 1 0 1 1 0 0 0 1 1 1 1 1 1 0 1 1 1 0 1 0 1 1 0 1 0 1 1 1 1 0 0 1 0 1 0 0 0 0 1 0 0 1 0 0 1 1 0
0 1 1 0 1 1 0 0 0 1 1 0 0 0 0 1 1 0 0 1 1 0 1 1 0 0 0 0 0 1 0 0 0 1 0 1 1 0 0 1 0 1 0 1 1 1 1 1 0 1 1 1 1 1 1 1 1 1 1 1 1 1 0 0 0 1 1 0
0 1 1 1 0 0 1 1 1 0 1 0 1 0 0 0 0 0 1 0 1 0 1 0 0 1 0 0 1 1 1 1 0 1 1 0 1 0 1 0 1 1 1 0 1 1 1 1 1 0 1 1 1 1 0 1 1 1 1 0 1 0 0 0 0 1 0 1
1 1 0 0 1 0 0 1 0 1 0 0 1 1 0 1 1 0 1 1 0 1 0 1 0 1 1 1 0 0 1 1 1 1 0 0 0 1 1 1 1 0 1 0 0 0 0 0 0 1 1 0 1 0 1 1 0 1 1 1 1 1 0 1 1 0 1 1
1 1 0 0 0 0 1 1 0 1 1 0 0 1 1 0 1 1 1 0 0 1 0 1 0 1 1 1 0 1 1 1 1 1 1 0 0 0 0 0 0 0 1 0 1 1 1 1 1 1 0 0 0 1 1 1 0 1 0 1 1 1 1 0 1 0 0 0
0 1 1 1 1 1 0 0 1 1 1 1 1 0 0 1 1 1 1 1 1 0 0 0 1 0 0 0 0 0 1 1 1 1 0 1 0 0 1 1 1 1 0 0 1 0 0 1 1 1 1 1 1 0 0 1 0 0 0 1 0 0 0 1 0 0 1 1
0 1 1 1 0 1 1 0 0 0 0 1 0 0 0 1 1 0 1 0 0 0 0 1 1 1 1 1 0 0 1 0 1 0 0 0 0 0 0 1 0 1 1 1 1 0 0 0 1 1 0 0 0 1 0 0 0 1 1 1 0 0 1 1 0 0 0 1
0 0 1 1 0 0 1 1 1 1 0 0 1 0 1 1 0 1 0 1 0 1 0 1 1 0 1 1 0 1 1 0 0 0 0 0 0 0 1 0 0 0 0 1 0 0 1 0 1 0 1 0 0 0 0 0 0 1 1 1 0 1 1 1 1 1 0 1
1 1 0 1 1 1 0 1 1 0 1 1 0 1 1 0 1 1 0 0 1 1 1 1 1 1 1 0 0 0 1 1 1 1 0 0 1 0 1 1 0 0 0 0 1 0 1 1 1 1 1 1 1 0 1 0 0 1 0 0 1 1 1 0 1 1 1 1
1 0 1 1 1 0 1 1 0 0 0 0 1 0 0 1 1 1 1 0 1 1 0 0 0 0 0 1 1 1 0 1 0 0 1 1 0 0 1 0 0 0 1 1 0 1 1 1 1 0 0 0 0 0 0 1 0 0 1 0 0 0 1 0 0 0 1 0
0 0 0 0 1 0 0 0 0 1 1 0 0 0 0 1 1 0 0 1 0 0 1 0 1 1 0 0 1 1 1 1 0 0 0 1 1 0 0 1 1 0 1 1 0 0 0 0 1 1 1 1 1 1 0 1 0 1 0 1 0 1 0 1 1 0 0 1
1 0 0 0 1 0 0 0 1 1 1 0 0 1 0 0 0 0 0 1 1 1 0 0 0 0 0 1 0 0 1 0 1 0 1 0 1 1 1 1 0 0 0 1 1 0 0 1 0 0 1 0 0 1 0 0 1 1 1 1 0 0 1 1 1 0 1 0
1 0 0 0 1 1 0 0 1 0 1 1 0 1 0 0 1 0 1 1 1 0 0 0 0 1 1 0 0 1 1 1 0 1 0 0 0 0 0 0 0 0 0 0 0 0 0 0 0 1 0 0 0 1 0 0 0 0 1 0 0 1 0 0 0 1 1 0
1 0 1 1 0 0 1 1 0 1 0 1 1 1 0 0 1 1 1 1 0 0 1 0 0 0 1 0 1 1 0 0 0 1 1 0 1 1 0 0 1 0 1 0 1 0 1 1 1 0 1 1 0 1 1 1 1 0 1 1 1 1 1 1 0 1 1 0
1 0 1 1 1 1 1 0 0 1 1 0 0 0 1 1 1 0 1 0 1 1 0 1 0 1 0 1 0 0 0 1 1 0 0 0 1 1 0 0 0 0 0 1 1 1 1 0 0 1 1 1 1 0 0 1 0 0 0 1 1 1 0 1 1 0 1 0
0 1 1 0 0 1 0 1 0 0 0 0 1 1 0 1 1 1 0 0 1 1 1 0 0 1 1 1 0 0 0 0 1 0 1 0 0 1 1 0 0 0 1 1 1 0 0 1 0 1 0 0 1 0 0 1 0 0 1 1 0 0 1 1 0 1 1 0
1 1 1 1 1 1 1 1 1 1 1 1 0 1 1 1 1 0 0 1 1 1 1 0 0 1 0 1 0 0 1 1 1 0 0 0 0 0 0 1 0 1 1 0 1 0 0 1 0 0 0 0 0 0 0 0 1 1 0 0 1 1 1 1 1 0 1 1
1 1 0 0 1 0 0 1 0 1 1 1 0 1 0 1 1 1 1 0 0 0 1 1 0 0 0 0 1 0 1 0 1 0 0 0 0 1 0 0 1 1 0 1 0 0 1 1 1 1 0 0 1 1 1 0 0 1 1 0 1 1 1 1 1 1 1 1
1 0 1 0 0 0 0 1 0 0 1 1 0 1 0 1 0 0 0 1 0 1 1 1 0 0 1 0 0 0 1 0 0 0 0 0 1 1 1 1 1 1 0 0 1 1 1 0 0 0 0 0 1 1 1 0 1 1 1 0 1 1 1 1 0 0 0 1
0 1 0 0 0 0 0 1 1 0 1 0 0 1 1 1 0 0 0 0 0 1 0 1 1 1 0 0 1 0 1 0 0 0 0 1 0 0 0 0 0 0 1 1 1 1 1 1 1 1 0 1 1 0 0 0 1 1 1 0 1 0 1 1 1 1 1 0
0 1 0 0 1 1 1 1 1 1 0 1 1 1 0 1 0 0 0 1 0 0 1 0 1 0 0 0 1 0 1 1 1 0 1 1 0 0 0 0 0 0 1 1 0 0 0 1 1 0 0 0 1 1 1 0 1 1 0 1 0 1 1 0 0 1 0 1
1 0 0 0 1 1 0 0 0 0 0 1 1 1 0 0 1 1 0 0 1 1 0 1 1 1 1 0 1 0 1 0 0 1 1 0 1 0 1 0 1 1 1 0 0 1 1 0 1 0 1 0 1 0 1 0 1 0 0 1 0 0 0 0 1 0 1 1
1 1 1 0 1 1 0 1 1 1 1 0 1 1 1 1 1 1 1 0 1 0 0 0 1 0 0 1 0 1 0 0 1 1 0 0 1 1 0 1 1 0 0 1 1 0 1 0 0 1 1 0 0 0 0 0 1 1 1 1 0 1 1 0 1 0 1 0
0 1 0 1 1 0 1 1 1 1 1 1 1 1 1 1 1 0 1 1 1 1 0 1 1 1 0 1 1 1 1 1 0 0 0 0 1 1 0 1 1 0 1 0 0 1 0 0 1 1 0 0 0 0 0 0 1 0 1 0 1 1 1 0 1 0 0 1
0 0 0 0 0 0 1 1 1 1 1 1 1 1 1 0 0 0 1 1 0 1 1 1 1 0 1 1 0 1 1 0 1 1 0 1 0 1 0 1 0 1 0 1 1 1 0 0 1 1 1 0 0 1 0 1 1 1 0 1 0 0 0 1 1 0 1 0
0 1 1 0 0 1 0 1 0 0 0 0 0 1 1 0 1 0 0 1 1 1 0 0 0 0 1 0 0 1 0 0 0 1 0 1 1 0 1 1 1 0 1 1 1 0 1 0 0 1 0 0 1 0 0 1 0 0 1 1 1 1 0 1 0 0 1 1
1 0 1 0 1 1 1 1 1 0 1 1 0 0 0 0 1 1 0 1 1 0 0 1 0 1 1 0 1 0 1 0 1 0 0 1 1 1 0 0 1 1 1 1 0 0 0 0 1 1 0 0 0 0 1 1 1 0 0 0 1 1 1 1 1 0 0 0
0 0 1 1 0 0 1 0 1 0 1 1 1 1 1 0 1 0 1 1 0 1 0 1 1 0 1 0 0 0 1 0 1 1 1 0 0 1 0 1 0 0 1 1 1 1 1 1 0 0 0 0 1 0 1 1 1 1 1 0 1 0 0 1 0 1 1 1
0 0 0 1 0 1 1 1 1 0 1 1 0 0 1 1 1 0 0 0 0 0 0 1 0 1 0 0 1 0 1 1 1 0 1 0 0 0 0 1 0 0 1 0 1 1 1 0 0 0 0 0 1 1 0 0 0 1 0 0 0 0 0 0 1 1 0 1
0 1 1 0 0 1 1 1 1 1 0 0 1 0 0 0 1 1 1 1 0 1 1 0 1 1 0 1 0 0 0 1 0 1 1 1 1 0 1 1 0 0 0 1 1 1 1 1 1 1 0 0 1 0 0 0 0 1 1 0 0 0 0 0 0 1 0 1
0 0 0 0 1 1 0 1 0 0 1 1 1 0 0 1 0 1 0 1 1 1 1 1 0 0 1 1 1 0 1 1 0 0 1 1 0 0 1 0 1 1 0 0 0 1 0 1 1 0 1 1 0 1 0 1 1 0 1 0 0 1 1 1 1 0 1 0
1 1 1 1 1 1 1 1 1 1 1 1 1 0 0 1 0 0 1 0 1 0 0 0 0 1 1 1 0 1 1 0 0 1 1 0 1 0 1 1 1 0 1 0 1 1 0 0 1 0 0 1 0 1 1 0 0 1 1 0 1 1 0 1 1 1 0 0
0 1 0 1 0 0 1 0 1 0 1 1 0 0 1 0 1 1 0 1 0 0 1 0 0 1 0 0 0 0 1 0 0 0 0 1 0 0 1 0 1 0 1 1 0 1 0 1 1 0 1 0 0 0 0 1 1 0 1 0 1 0 1 0 0 1 1 0
1 1 1 1 1 0 1 1 1 0 1 1 0 1 1 1 0 0 0 0 1 1 1 0 1 0 1 1 0 1 1 0 0 1 0 0 1 1 0 0 1 1 1 1 1 1 0 0 1 1 1 1 1 1 0 1 0 0 1 0 1 1 0 1 1 1 1 1
1 1 1 1 0 1 1 0 0 0 0 0 0 1 0 1 1 1 0 1 1 1 0 0 0 0 1 1 1 0 0 1 0 1 0 1 0 1 0 0 1 1 0 0 0 0 1 0 1 0 1 0 0 0 1 0 0 1 0 0 1 1 1 1 1 0 1 1
1 1 1 1 0 1 1 0 0 1 1 1 1 0 0 0 1 0 0 1 1 0 0 0 0 1 0 0 0 0 1 1 1 1 1 1 0 0 1 1 0 1 0 1 0 0 0 1 0 0 0 1 1 0 0 0 0 0 0 1 1 0 1 0 0 1 1 0
1 1 0 1 0 1 1 0 1 1 1 1 1 1 0 1 0 0 1 1 0 0 1 0 1 1 1 0 0 0 1 0 1 1 1 1 1 0 0 0 1 1 0 1 0 1 0 0 0 0 1 1 1 1 1 0 0 1 1 0 0 1 0 0 0 1 0 0
1 0 0 0 1 0 1 0 0 1 1 1 1 0 0 1 0 1 1 0 0 1 1 0 1 0 1 0 0 1 1 1 0 1 1 1 1 1 0 0 0 0 1 1 0 0 0 0 1 0 0 0 0 0 1 0 0 0 0 1 0 1 0 0 1 1 1 0
0 1 1 0 0 1 0 0 1 1 0 0 0 1 1 0 1 0 0 0 0 1 0 1 1 0 1 1 0 0 0 1 1 0 0 1 0 0 1 0 0 0 1 0 0 1 0 1 0 1 0 0 0 0 0 1 1 1 1 1 1 1 0 1 1 1 1 0
0 0 0 1 0 1 1 1 0 0 1 1 0 1 0 1 0 0 1 0 0 1 0 1 0 0 0 0 1 1 1 1 1 1 0 1 1 1 0 0 0 1 1 1 1 0 1 0 0 0 1 0 1 1 0 1 1 0 1 0 0 1 1 0 1 0 0 0
1 0 1 1 1 0 1 0 0 0 0 1 1 1 1 0 1 0 1 0 0 1 0 0 1 1 0 0 1 0 0 1 0 1 0 0 0 0 1 0 1 1 0 0 0 0 1 1 1 1 0 0 0 0 0 0 0 1 0 1 0 0 0 1 0 0 1 1
1 0 0 1 0 0 1 1 1 0 1 1 0 1 0 1 1 0 0 0 0 1 0 1 1 1 1 1 0 1 1 1 1 1 1 1 0 1 1 0 1 1 0 0 0 0 0 0 0 1 0 1 0 0 1 1 0 0 1 0 0 1 0 1 0 0 0 1
1 0 1 1 1 0 1 1 1 1 1 0 1 1 1 0 0 0 1 0 1 1 0 1 0 0 1 0 1 0 0 0 0 0 0 1 1 1 1 1 1 0 0 0 1 1 1 1 0 1 0 1 1 1 0 0 1 0 1 0 0 0 0 1 0 1 0 1
1 1 1 1 1 1 0 1 1 0 1 1 0 0 1 0 1 0 1 1 0 0 0 1 1 1 1 1 1 0 1 1 0 1 0 0 1 1 1 0 1 0 1 0 0 0 1 1 0 0 0 0 1 1 0 1 1 0 0 1 1 1 0 1 0 1 0 1
0 0 1 0 1 0 0 1 1 0 0 0 0 1 1 1 1 1 1 0 1 1 1 1 1 1 0 0 1 0 0 0 0 0 0 0 0 1 0 1 0 1 1 0 1 0 0 1 0 0 1 1 0 0 0 1 1 0 1 0 0 0 0 0 1 1 1 1
0 0 0 0 1 1 0 0 1 0 0 1 1 0 1 0 1 0 0 1 0 0 0 0 0 0 0 0 1 1 0 1 1 0 1 0 0 0 0 0 1 0 0 1 1 0 1 0 0 1 1 1 0 0 1 0 0 0 0 0 1 1 1 1 0 1 1 1
0 1 1 1 0 1 1 0 0 0 1 0 0 1 0 1 0 1 0 1 0 0 0 0 0 0 1 1 1 0 1 0 1 0 1 0 1 0 0 0 1 0 0 1 1 0 1 1 1 0 0 1 1 0 0 1 0 0 1 0 0 0 1 0 1 0 0 1
0 1 0 0 1 1 0 1 1 1 1 1 0 0 0 1 0 0 1 1 0 1 0 1 0 1 0 0 0 1 0 1 0 1 1 1 0 1 0 1 1 1 0 0 0 1 0 1 0 0 0 0 1 1 1 0 1 1 0 0 0 0 1 0 1 0 1 0
0 0 0 1 0 1 1 1 1 0 1 1 0 1 1 1 0 0 1 0 1 1 1 0 1 0 0 0 0 0 0 0 1 0 1 1 0 1 0 0 1 0 1 0 0 0 1 0 1 0 1 1 0 1 1 1 0 0 0 1 0 0 1 0 1 0 0 1
1 0 0 1 1 1 1 1 0 0 0 1 1 0 0 0 1 0 1 0 1 1 1 0 1 1 0 1 1 1 0 0 0 1 1 1 1 0 1 1 0 0 1 0 0 0 0 0 1 1 1 1 1 0 1 1 1 1 0 1 1 0 0 0 1 1 0 0
1 0 0 0 0 0 0 0 1 1 0 1 1 1 1 1 0 1 0 0 0 1 0 1 0 1 0 0 0 0 0 0 0 1 0 0 1 1 1 1 0 0 1 1 0 0 1 0 0 1 0 1 1 1 1 1 0 1 1 0 0 1 1 1 1 0 0 0
1 0 1 1 1 1 0 1 0 1 1 0 0 1 0 1 1 1 0 0 1 1 0 0 1 1 1 0 0 0 1 0 1 1 1 1 1 1 1 1 0 0 0 0 0 1 0 0 1 0 0 0 0 1 1 1 0 1 0 1 1 0 0 1 0 1 1 0
0 0 1 0 0 0 0 1 1 1 0 1 1 0 0 1 1 0 0 1 0 0 0 1 1 0 0 0 0 1 1 0 0 0 0 1 0 1 1 0 0 0 0 0 1 0 0 0 0 1 0 1 0 1 1 1 0 0 0 0 0 0 1 0 0 1 1 1
0 1 0 1 1 0 0 1 1 0 1 0 1 0 0 0 1 1 1 0 0 1 1 1 0 0 1 1 0 0 0 1 1 1 0 1 0 1 0 0 1 0 0 1 0 1 1 0 1 0 1 1 0 0 1 0 1 0 1 0 1 1 1 0 0 1 1 0
0 1 0 0 0 0 1 1 1 0 1 1 0 0 1 0 1 0 1 0 1 1 1 0 0 0 1 0 0 0 0 0 0 0 0 0 0 1 1 0 1 0 0 0 0 0 1 0 1 0 0 1 0 1 1 1 0 1 0 0 0 1 0 0 0 0 0 1
0 1 0 0 0 1 1 0 0 1 0 0 1 0 1 1 0 0 1 1 1 1 0 0 0 0 1 1 0 1 0 0 1 1 0 0 0 1 0 1 0 1 0 0 0 1 1 1 1 1 0 0 0 0 1 1 0 0 1 1 1 1 0 0 1 1 1 0
0 1 0 0 1 1 1 0 1 1 1 1 1 0 0 1 0 1 1 0 1 1 1 1 0 1 0 0 1 1 0 1 0 1 0 0 0 0 1 1 0 1 1 0 1 1 0 0 0 1 1 0 0 0 0 1 0 1 1 0 1 0 0 1 0 1 0 0
1 0 0 1 0 1 0 1 0 0 1 0 0 0 1 0 0 1 1 1 0 0 0 0 1 1 1 1 0 0 1 0 0 1 0 1 1 0 0 0 1 1 1 0 0 1 0 1 0 1 0 0 1 0 1 1 1 0 1 0 0 1 0 0 1 1 0 1
1 1 0 1 0 0 0 1 0 1 0 0 0 0 1 0 1 1 1 0 1 0 1 1 0 0 0 0 0 1 0 1 0 0 1 0 1 0 1 0 0 1 1 1 0 0 0 0 1 1 1 1 0 0 0 0 0 1 0 0 1 0 1 1 0 1 0 1
1 1 0 1 0 1 0 0 0 0 1 1 1 1 0 1 0 0 0 1 1 1 0 0 1 1 1 1 1 0 0 0 1 1 0 0 1 0 0 1 1 1 1 0 0 1 1 1 1 0 0 1 1 1 0 0 0 0 0 1 1 0 1 1 0 0 0 0
1 0 0 1 1 0 1 0 0 1 0 1 0 0 1 1 1 0 0 0 0 1 1 0 1 1 1 0 0 1 0 1 0 0 1 1 1 0 0 0 1 1 0 1 0 0 0 1 1 0 1 0 0 1 1 1 1 0 0 0 1 0 0 1 0 1 0 1
0 1 0 0 0 1 1 0 0 1 0 1 1 0 1 0 1 1 0 0 1 0 1 0 1 1 0 0 0 0 1 0 0 0 0 0 0 1 0 0 0 1 0 1 1 1 1 1 1 1 0 0 0 1 1 0 0 0 0 0 0 0 1 0 1 1 1 1
1 1 1 0 1 1 0 0 1 0 1 1 1 0 0 1 0 0 0 1 0 1 1 0 1 0 0 0 0 1 0 0 1 0 1 0 1 0 0 0 1 0 0 1 1 1 0 0 0 0 0 1 0 0 0 1 0 1 0 0 0 1 0 1 1 0 1 1
1 0 1 1 1 0 0 0 1 1 1 0 0 1 0 0 1 1 0 0 1 0 0 1 0 1 0 0 1 0 1 1 0 1 1 1 1 0 0 0 1 0 0 1 1 1 1 1 1 1 1 0 1 1 0 1 1 0 0 0 1 0 1 0 1 1 0 0
1 0 0 0 1 0 0 0 1 1 1 0 0 0 0 1 0 0 0 1 1 1 0 1 0 1 1 1 1 0 0 0 0 1 1 1 0 0 1 0 0 0 0 0 0 1 0 1 0 1 1 0 1 0 0 0 0 1 1 0 0 0 0 1 0 0 0 1
0 0 1 1 0 1 1 1 0 0 0 0 0 1 1 0 1 0 0 0 1 0 0 1 0 0 0 1 1 0 1 1 0 1 1 0 1 0 1 1 0 0 0 0 0 0 1 1 1 0 0 1 1 1 1 0 1 0 0 0 0 0 1 0 1 0 1 0
1 1 1 1 0 0 1 0 0 1 0 1 0 0 0 0 0 0 0 0 0 0 1 1 0 0 0 0 0 0 0 1 1 0 1 0 1 1 0 0 0 0 1 0 0 1 0 0 1 1 1 0 1 1 0 0 0 0 0 1 1 1 1 0 0 0 0 1
1 0 1 0 1 1 0 0 0 0 1 0 1 1 1 0 1 0 1 0 0 1 0 0 0 1 0 1 1 0 0 1 0 1 1 0 1 1 0 1 0 1 0 1 0 0 1 1 1 1 0 1 0 0 1 1 1 0 1 0 0 1 1 1 0 0 0 0
1 0 1 1 0 0 0 0 1 0 0 1 1 1 0 1 0 1 0 0 1 1 1 1 0 1 0 0 1 0 0 0 1 1 0 1 1 1 1 1 0 1 0 0 1 0 1 0 0 1 0 1 1 0 0 1 0 0 1 1 1 0 1 0 0 1 1 0
1 0 1 1 0 1 1 1 1 0 0 1 0 1 1 0 0 1 1 0 0 1 1 1 1 1 1 1 0 1 0 0 0 1 1 0 1 0 1 0 0 0 1 1 1 1 0 0 0 0 1 1 1 0 0 0 1 1 0 1 0 1 0 1 0 1 0 0
1 0 0 1 0 1 0 0 1 1 0 0 1 0 1 1 0 1 1 0 1 0 0 0 0 1 1 1 0 0 1 1 0 0 0 1 1 1 0 0 0 0 1 0 1 0 0 1 0 1 0 1 0 0 1 1 1 1 0 1 0 0 1 1 0 1 1 1
1 1 0 0 0 0 0 0 1 0 0 1 0 0 1 0 0 0 1 0 0 0 0 0 0 0 1 1 1 1 1 0 1 0 0 0 0 0 1 0 1 0 0 0 0 0 1 1 0 0 1 0 1 0 0 1 0 0 0 1 1 1 1 0 0 0 1 0
0 0 1 0 1 1 1 1 0 0 0 0 0 0 1 1 1 1 1 0 1 1 0 0 0 1 1 0 1 0 0 0 0 1 0 0 1 0 0 1 1 0 0 1 0 1 1 1 0 0 0 0 1 1 0 1 0 1 0 1 0 0 1 1 1 1 1 1
0 0 1 1 1 1 1 1 1 0 0 0 0 1 1 0 1 1 0 1 1 0 0 0 0 0 1 1 1 1 1 0 0 0 0 0 0 1 1 1 1 1 1 1 0 1 1 1 0 0 1 1 0 1 1 1 1 1 0 0 0 1 1 0 1 1 0 0
0 0 1 0 0 0 1 0 0 1 0 1 1 0 1 1 1 0 0 0 1 0 1 1 0 0 1 0 1 0 1 1 0 0 0 0 1 1 0 0 1 1 1 1 0 1 1 1 1 0 0 1 1 1 1 1 0 0 0 0 1 0 0 0 0 1 0 0
1 0 0 1 1 1 1 0 0 1 0 0 0 1 0 0 0 0 1 1 0 1 0 1 0 1 0 1 1 1 0 1 0 1 0 1 0 0 1 0 1 0 1 1 1 1 0 0 0 0 1 1 1 1 1 0 1 0 1 1 0 0 1 1 0 0 1 1
0 1 0 1 0 0 1 0 1 1 1 0 0 0 0 1 1 0 1 1 1 1 1 1 1 1 0 1 0 1 0 0 0 1 0 0 1 0 0 1 0 1 1 1 1 0 1 0 1 1 1 0 0 1 1 0 0 1 0 0 1 1 0 1 1 1 0 0
1 1 0 0 1 0 0 1 0 0 1 1 1 0 1 1 0 1 1 0 0 1 1 0 1 0 0 1 0 1 0 1 1 0 0 1 1 1 1 1 0 1 0 1 0 1 0 1 1 0 1 1 0 1 0 1 1 0 0 1 1 1 0 0 0 1 0 0
0 0 1 1 1 0 1 1 0 0 0 0 1 1 0 1 0 0 1 0 0 0 0 1 1 1 0 1 0 1 0 0 1 0 1 0 1 1 0 1 0 1 1 0 1 1 0 1 0 1 1 0 1 0 1 1 0 0 1 1 1 0 0 1 0 1 0 0
1 1 0 0 1 0 1 0 1 0 0 1 1 1 0 0 1 0 1 0 0 1 0 0 0 0 1 0 1 1 0 0 0 0 0 1 0 0 0 1 1 0 1 0 1 0 0 0 0 0 0 0 0 1 1 0 1 1 1 1 1 1 1 1 1 1 1 1
1 1 0 0 0 0 1 0 0 0 0 0 1 1 1 1 0 0 1 0 0 0 0 1 1 0 0 0 0 1 0 1 1 1 0 0 0 0 1 0 1 0 1 1 1 1 1 1 0 1 0 0 0 1 1 0 1 0 0 1 1 0 1 1 0 0 0 0
0 0 1 0 1 0 1 0 0 1 1 1 0 0 1 1 1 0 1 0 0 1 0 1 1 0 1 0 0 1 1 0 1 0 0 1 1 0 1 1 0 1 0 0 1 1 0 0 0 0 1 1 0 1 0 0 1 1 1 1 0 1 0 1 1 0 1 1
1 0 0 0 0 1 1 0 0 1 0 1 0 0 1 1 1 0 1 1 0 1 0 0 1 0 0 1 1 1 0 0 1 0 0 0 0 0 0 1 0 1 1 1 0 1 0 0 0 0 0 0 0 0 1 0 1 1 0 0 0 1 1 0 1 1 0 0
0 0 1 1 0 0 0 0 1 0 1 0 1 1 0 1 1 1 0 0 0 0 0 0 1 1 0 0 1 1 0 1 0 1 1 1 1 1 1 1 1 1 1 0 1 1 0 0 1 1 0 0 1 1 1 0 1 0 0 0 0 0 0 0 1 0 0 1
1 1 0 1 1 1 0 1 1 1 1 1 0 0 1 1 1 1 1 1 0 1 1 1 1 0 1 0 1 1 1 0 0 0 1 1 1 0 1 0 0 1 1 1 0 0 0 1 0 1 0 1 1 1 1 1 1 0 0 0 0 1 1 0 1 0 1 0
1 1 1 1 1 1 0 0 0 0 0 0 1 1 0 0 1 1 0 0 0 0 1 0 1 0 0 0 0 1 0 1 1 1 1 0 1 1 1 0 1 1 0 1 0 1 0 1 1 1 0 1 1 0 0 0 1 0 0 0 1 1 1 1 1 0 1 0
1 1 1 1 1 1 0 0 0 0 0 1 1 0 0 0 0 1 1 0 0 1 1 1 1 0 0 1 0 0 0 1 1 0 0 0 1 0 0 1 0 1 0 0 1 1 1 0 1 0 1 0 1 1 1 1 0 1 1 1 0 0 0 0 1 1 1 0
0 0 1 1 1 1 1 0 1 1 0 1 0 1 0 0 1 1 0 1 0 1 0 1 1 0 1 1 0 0 0 0 1 1 0 0 1 1 0 0 1 0 1 0 0 0 0 0 1 0 1 0 0 1 0 0 1 1 0 1 1 1 0 1 1 0 0 0
0 1 0 1 0 0 1 0 0 0 1 0 0 1 0 0 0 0 1 1 0 1 0 1 1 0 0 0 1 0 1 1 1 0 0 0 0 1 0 0 0 1 0 1 0 1 1 1 0 0 0 0 1 1 1 1 1 1 1 0 0 1 0 0 0 1 0 1
1 0 1 0 1 1 1 0 0 0 1 1 0 1 1 1 1 1 0 1 1 1 1 0 1 1 1 0 0 0 1 1 0 1 1 0 0 1 0 1 1 0 1 1 1 0 0 1 0 0 0 1 1 0 1 1 1 1 0 1 0 1 1 0 0 1 0 0
0 1 0 1 0 1 0 0 0 1 0 1 1 0 0 0 0 0 0 1 1 0 0 1 0 0 0 0 0 0 1 0 1 1 0 0 0 0 0 0 1 0 1 1 1 1 1 1 0 1 1 0 0 1 0 1 1 1 1 0 0 0 1 1 1 1 0 1
1 0 1 0 1 1 0 1 0 0 0 1 1 1 0 1 1 1 1 0 1 0 1 0 0 0 0 0 0 0 1 0 1 1 1 0 0 1 0 0 0 0 0 1 0 0 0 1 0 0 0 1 1 0 1 0 0 1 1 0 0 0 0 0 0 0 0 1
0 0 0 0 0 1 1 0 1 1 1 1 0 1 1 0 0 1 0 1 1 1 1 0 1 1 1 1 0 1 0 0 1 1 0 1 0 1 1 1 0 0 1 1 0 0 1 0 0 1 1 1 1 0 1 0 1 0 1 0 0 1 1 0 0 0 1 1
1 0 0 1 0 0 1 0 0 0 1 0 0 1 1 1 0 0 1 0 0 1 0 0 0 1 0 1 0 0 0 1 1 1 1 1 0 0 0 0 0 0 0 1 1 0 1 1 1 0 0 1 0 1 0 1 1 1 1 0 0 0 0 0 1 1 1 0
0 0 0 0 1 1 0 0 1 0 0 0 1 1 0 0 0 0 1 0 0 1 1 1 1 0 0 0 1 0 1 0 1 0 0 0 1 1 1 0 1 1 1 1 1 0 1 1 1 1 1 1 1 1 0 0 0 0 0 1 0 1 0 0 1 1 1 0
0 0 1 0 1 1 0 0 0 1 0 1 1 1 1 1 1 1 0 1 1 0 0 0 0 1 1 1 0 0 0 0 0 1 0 0 0 0 1 0 0 1 0 1 1 1 0 1 1 0 1 0 0 1 1 1 1 0 1 1 0 1 0 0 1 0 1 1
0 0 1 1 0 1 0 1 0 0 1 1 1 1 0 0 0 1 1 1 1 1 0 1 1 1 0 1 1 0 1 1 1 0 1 0 1 0 1 1 0 1 0 1 1 0 0 0 0 1 0 0 1 1 0 1 0 0 0 0 0 1 0 1 0 1 0 1
1 1 1 1 1 0 0 1 0 1 0 1 0 1 1 0 0 0 0 0 0 0 0 0 1 0 1 1 1 0 1 0 0 0 1 1 1 0 1 1 0 1 0 0 1 0 0 0 0 1 0 1 0 0 0 0 1 0 1 1 0 0 0 0 0 0 1 0
0 0 0 0 0 1 0 1 0 1 1 0 0 1 0 0 0 0 0 0 0 0 1 1 0 1 1 0 0 0 0 1 1 1 0 1 1 1 1 1 1 0 0 1 0 1 0 1 0 1 0 0 0 0 1 1 0 0 0 0 0 1 0 1 1 0 0 0
0 1 1 0 1 0 1 0 1 0 0 0 0 0 0 1 1 0 0 1 0 0 0 1 1 1 0 1 1 1 0 0 1 1 1 1 0 1 0 0 0 1 1 1 0 0 1 0 1 0 0 0 1 0 0 0 1 0 1 0 1 1 0 0 0 0 1 0
1 0 0 1 1 0 0 1 0 1 1 0 1 1 0 0 0 1 0 1 1 0 1 1 1 1 0 1 0 1 1 1 1 1 1 1 0 1 0 1 0 1 0 0 1 1 0 1 0 1 0 1 0 1 1 0 1 1 1 0 1 1 1 1 1 1 1 1
0 0 1 1 0 0 1 1 0 1 0 1 0 1 0 0 0 1 1 0 1 0 0 1 0 0 1 1 1 0 0 1 1 1 1 0 1 1 1 0 0 1 1 0 1 1 1 1 0 1 0 1 0 0 0 0 1 0 1 0 0 1 0 0 1 0 1 1
0 0 1 0 0 0 0 0 1 1 1 0 1 0 1 1 1 1 1 1 0 1 1 0 0 1 1 1 1 1 1 1 0 1 0 0 0 1 1 0 1 1 1 1 1 1 0 0 1 1 0 1 0 0 0 0 0 0 0 1 1 0 1 1 1 1 1 0
0 1 0 1 1 1 1 1 0 1 1 1 1 1 0 0 0 1 0 1 1 1 1 0 1 0 0 0 1 1 0 1 1 0 0 1 1 0 1 0 0 1 1 0 0 0 0 0 0 1 0 0 0 1 1 1 0 0 0 1 1 1 1 1 0 0 1 0
1 0 1 0 0 1 0 0 1 1 0 1 1 0 1 1 1 1 1 0 1 0 1 0 0 0 1 0 1 1 1 0 0 1 0 0 1 1 0 1 0 0 0 0 1 1 1 1 1 0 0 0 0 1 0 1 1 0 1 1 0 0 0 0 1 0 0 1
1 1 0 0 1 1 1 1 1 0 1 1 1 1 0 1 0 1 1 1 0 0 0 1 1 0 0 1 0 0 0 0 0 0 0 0 0 1 0 1 0 0 0 0 1 1 1 0 0 1 1 0 1 1 1 1 1 1 1 1 0 1 1 1 0 1 1 1
0 1 1 0 1 1 1 0 1 1 0 1 0 1 1 0 0 1 1 1 1 1 0 1 0 0 1 0 1 0 1 0 1 0 0 1 0 0 1 0 0 0 0 1 1 0 1 1 0 1 1 0 0 1 1 0 0 1 1 0 0 0 1 1 0 0 0 0
1 1 1 1 0 1 0 1 0 0 0 0 1 0 0 1 1 0 1 0 1 0 1 1 0 0 1 1 0 1 1 0 1 0 1 1 0 0 1 0 1 0 1 0 0 1 0 1 0 1 1 0 0 1 0 0 0 0 1 1 1 1 1 0 0 0 0 1
0 0 0 0 0 1 0 1 0 0 0 0 1 1 1 1 1 0 1 1 0 1 0 0 0 1 0 0 0 1 0 0 1 1 1 0 0 0 1 0 0 0 1 0 0 1 1 1 1 1 1 1 1 1 0 1 0 1 1 1 0 0 0 1 0 1 1 1
1 0 0 0 0 1 0 1 1 1 1 1 1 1 0 0 0 1 1 1 1 1 1 0 0 1 0 1 0 0 0 0 0 1 0 0 0 1 1 1 1 1 1 1 0 1 1 1 1 0 0 0 0 1 1 0 0 0 0 1 0 1 0 0 1 1 0 0
1 1 1 0 1 0 0 1 0 1 0 1 0 0 0 0 0 1 0 1 1 1 1 0 1 1 1 0 1 0 1 1 1 0 1 1 1 0 1 0 0 0 0 1 1 0 1 1 0 1 1 0 1 0 1 1 1 0 0 1 1 1 1 1 0 1 1 0
1 0 1 1 1 0 0 0 1 1 0 1 0 1 0 1 0 0 1 0 0 0 1 0 0 1 1 1 1 0 0 1 0 1 1 0 1 0 1 0 1 1 0 1 0 0 1 1 1 0 1 1 0 1 1 0 0 1 1 0 1 0 1 0 0 0 1 0
0 0 0 0 0 0 1 1 1 0 0 0 1 1 0 1 1 0 1 1 0 0 1 1 0 0 0 0 0 0 1 0 0 1 1 1 1 0 0 1 1 0 0 0 1 0 1 1 0 1 1 1 0 0 0 0 0 0 0 1 0 1 0 0 0 1 1 0
0 1 0 0 0 1 0 0 0 0 0 0 1 1 1 1 0 1 1 0 0 0 0 0 1 0 1 1 1 1 0 0 1 1 0 0 0 1 1 1 1 1 0 1 1 0 0 1 1 0 1 0 1 1 1 0 1 1 0 1 0 1 0 1 0 0 0 0
0 1 0 1 1 0 0 1 1 0 0 1 0 0 0 1 0 0 1 0 0 0 0 0 1 1 0 0 0 0 0 1 0 1 1 0 0 0 0 0 0 1 0 0 1 0 1 0 0 1 0 1 0 0 0 0 0 1 0 1 0 1 0 0 1 1 0 0
1 1 1 1 1 0 0 0 0 0 0 1 0 0 1 1 1 0 1 1 1 0 1 0 0 0 0 1 1 0 0 0 1 0 0 0 0 1 0 0 1 1 1 0 1 1 1 0 0 0 1 1 1 1 0 1 1 1 0 1 0 0 1 1 1 1 0 0
0 1 1 1 1 0 1 0 0 1 1 1 0 1 1 0 1 1 1 0 1 1 0 0 0 0 1 1 0 1 0 1 0 0 1 1 0 1 1 0 0 1 1 0 0 1 0 0 1 1 1 0 1 0 1 0 1 0 1 1 1 0 1 1 1 1 1 1
1 1 0 1 1 0 1 1 1 1 0 0 0 1 0 0 1 0 0 0 0 1 1 0 0 1 1 1 1 1 0 0 1 1 0 1 0 0 1 1 0 1 0 1 1 1 1 1 1 1 0 0 1 1 1 1 1 1 1 1 1 1 0 0 1 1 1 1
0 0 1 0 1 1 0 0 1 0 1 1 1 0 0 0 1 0 1 1 0 0 1 1 0 1 1 1 0 1 0 0 1 0 0 1 0 0 1 1 1 1 0 0 1 1 1 0 1 0 0 0 0 0 0 0 1 1 0 1 0 0 0 1 0 0 0 0
1 0 1 1 1 1 0 0 0 1 0 1 0 0 1 1 1 1 0 1 1 1 0 1 0 1 1 1 1 1 0 1 0 0 0 1 1 0 0 0 1 0 1 1 1 0 0 0 1 0 0 1 1 1 0 1 0 1 0 0 0 0 1 0 0 1 0 0
0 0 1 1 0 1 1 0 1 1 0 0 1 1 1 0 1 1 0 0 1 1 0 0 0 1 1 1 0 1 1 1 1 0 0 0 1 1 0 1 1 0 0 0 0 0 0 1 1 0 0 1 0 0 0 1 0 1 1 1 1 0 1 1 1 0 1 1
1 1 1 0 0 0 1 1 0 0 0 1 0 0 0 1 1 0 0 0 0 0 1 1 0 0 1 1 1 1 1 0 0 1 0 1 0 0 1 0 0 1 1 0 1 1 1 1 0 1 1 0 0 0 0 0 0 1 0 0 1 0 0 0 1 0 0 1
1 1 0 0 0 0 0 0 1 1 0 0 1 0 1 1 1 1 0 1 0 1 0 0 0 0 0 0 0 1 1 0 1 1 0 0 0 1 0 0 0 1 1 0 1 0 0 1 0 0 0 0 1 0 0 1 0 0 0 0 1 1 0 1 0 1 1 0
1 1 0 1 1 1 1 1 1 0 0 0 1 0 1 0 1 0 1 1 1 1 0 0 1 1 0 0 0 1 1 0 0 0 0 1 1 1 0 0 0 1 0 1 0 0 0 0 1 0 0 0 1 1 0 1 1 1 0 0 1 1 1 0 0 0 0 1
1 1 0 1 0 0 0 0 1 1 1 0 1 0 0 0 1 0 0 0 0 0 0 1 1 1 0 1 1 1 0 0 1 0 0 0 1 1 0 0 1 1 1 0 1 0 0 1 0 1 0 0 1 1 0 0 1 0 1 0 1 0 0 1 0 0 1 1
1 1 0 0 0 1 1 0 1 1 1 1 1 0 1 0 0 0 1 1 0 0 1 0 0 1 1 1 0 1 0 1 1 1 1 1 1 0 1 1 0 1 0 0 1 1 0 1 0 0 1 0 0 0 0 0 0 1 0 1 1 0 1 0 1 0 0 1
0 1 1 0 1 0 0 1 1 0 0 0 0 0 1 0 1 1 0 0 1 0 1 0 1 0 0 0 0 0 0 1 0 1 1 0 0 0 0 0 0 1 1 0 0 1 1 1 0 0 0 0 0 1 1 1 1 1 0 1 0 0 0 1 0 1 1 0
0 0 0 1 0 1 1 0 1 1 1 1 1 1 0 1 1 1 0 1 1 1 0 0 0 1 1 0 0 1 1 1 0 0 1 1 1 0 1 1 1 1 0 1 0 0 1 1 1 1 1 1 0 1 0 0 0 1 1 0 0 1 1 1 1 0 1 1
0 0 1 0 0 0 0 1 0 1 0 0 0 0 0 0 1 1 1 1 1 0 0 1 0 0 0 0 1 1 0 1 1 1 1 1 0 0 0 0 1 1 1 1 0 0 1 1 1 0 1 1 1 1 1 0 1 1 1 0 1 0 0 1 1 0 0 0
0 0 0 1 1 0 1 0 1 1 0 1 0 1 1 1 0 1 1 0 0 0 0 0 0 1 0 1 0 1 0 0 0 0 0 1 1 1 0 0 0 0 0 1 1 0 0 1 1 0 1 0 1 1 0 1 0 0 1 0 0 1 0 0 1 0 1 0
0 1 1 0 0 1 1 1 0 1 1 1 1 0 1 0 1 0 1 1 1 0 0 0 0 0 1 0 0 0 0 1 1 1 1 0 1 0 0 1 1 0 1 0 1 0 1 0 0 0 0 0 0 0 1 0 0 1 0 0 0 1 0 1 1 1 0 1
1 0 0 1 0 1 0 1 1 0 1 1 1 1 0 1 0 1 0 1 0 0 1 1 1 1 0 1 0 1 0 1 0 0 0 0 1 1 0 0 1 1 1 1 0 1 0 1 1 0 1 0 0 0 1 1 0 0 0 0 1 1 1 0 0 0 1 1
1 1 1 1 1 1 1 1 1 0 1 1 0 0 1 1 0 0 1 1 0 0 1 0 1 0 1 0 0 0 1 1 0 1 1 1 0 0 1 0 0 0 0 1 0 0 1 1 1 1 0 0 0 1 0 0 0 1 1 0 0 0 1 1 1 1 0 0
1 1 1 0 1 1 0 1 0 0 0 0 1 1 1 1 0 0 0 1 0 1 1 1 0 1 0 1 0 1 0 0 0 1 0 1 1 0 0 1 0 1 0 0 0 0 0 1 0 1 1 1 0 1 0 0 1 1 0 0 0 1 1 0 1 0 0 1
0 1 1 0 1 0 0 1 1 0 1 0 0 0 1 0 0 0 0 0 0 1 0 1 0 1 1 0 0 1 0 1 1 1 0 0 0 1 0 1 1 0 1 0 1 1 1 0 1 1 1 1 1 0 0 1 1 0 1 0 0 1 0 1 0 0 0 1
1 1 1 0 1 0 1 0 0 0 0 0 1 0 0 0 1 0 1 0 1 1 0 1 0 1 0 1 0 0 1 0 1 1 1 1 1 1 1 1 0 1 1 1 0 1 0 0 1 1 1 1 0 1 1 1 1 1 1 1 1 0 1 1 0 0 1 0
0 0 0 0 1 0 0 0 0 0 1 1 0 0 0 0 0 1 0 0 1 0 0 1 0 0 0 1 0 1 1 0 0 1 1 0 0 1 0 0 1 1 0 0 1 1 0 0 1 0 1 0 0 1 1 1 0 0 0 1 0 0 0 1 0 0 1 1
0 0 1 1 0 0 0 0 1 1 0 0 0 0 1 1 1 1 1 0 1 1 0 1 1 1 1 0 1 1 1 1 1 1 0 0 0 0 0 1 0 1 1 1 0 0 0 1 0 1 1 0 0 1 0 0 0 1 0 1 1 1 0 0 0 1 1 1
0 1 0 0 0 1 0 1 0 0 0 1 0 1 1 1 0 1 0 0 0 0 1 0 0 0 1 0 1 0 0 1 1 1 1 1 1 1 1 0 0 0 1 0 1 1 1 1 0 1 1 0 1 0 0 1 0 1 0 0 0 1 1 0 0 1 1 1
1 0 0 0 0 0 1 1 1 1 1 0 0 0 0 1 1 0 0 0 0 0 0 1 0 1 1 1 1 1 1 0 0 0 1 0 1 0 0 0 1 1 1 1 1 1 0 1 1 1 0 1 1 0 0 1 1 0 0 1 0 1 1 1 0 1 1 1
0 0 0 0 1 1 1 1 0 1 1 0 0 1 1 1 0 1 0 1 0 0 1 0 1 1 0 1 1 0 0 1 0 0 0 0 0 0 1 0 0 0 0 0 1 0 1 0 0 1 1 0 0 1 0 1 0 0 1 0 1 1 0 0 0 1 1 1
0 1 0 1 1 1 0 0 0 0 1 0 1 0 1 1 0 1 1 1 1 0 0 1 1 1 0 0 1 0 0 0 0 1 0 1 1 0 0 1 0 1 1 1 0 0 0 0 0 1 0 0 1 1 1 1 1 0 0 0 0 0 1 0 1 1 0 0
1 1 0 1 0 0 1 0 1 0 1 1 0 1 1 0 1 0 0 0 1 1 0 1 0 1 0 0 1 1 1 0 0 0 0 0 0 1 1 0 0 1 1 1 1 1 0 1 1 0 0 0 1 0 1 0 1 1 0 1 0 0 0 0 1 0 0 1
0 0 0 1 1 1 0 1 1 1 0 1 1 0 0 1 1 0 1 0 0 1 0 0 1 1 1 0 0 1 0 0 0 1 1 1 0 0 1 1 0 1 0 1 1 1 1 1 0 1 0 1 0 1 1 0 1 0 0 0 1 1 0 1 0 1 0 1
1 1 0 1 1 0 0 1 0 0 1 1 1 1 1 1 0 0 0 0 1 1 1 0 1 1 1 1 1 0 1 0 0 1 0 0 1 0 1 0 1 0 0 1 1 1 0 1 0 1 1 0 0 1 1 0 1 1 0 1 0 0 1 0 0 0 0 1
0 1 1 1 0 0 0 1 0 1 1 1 0 0 1 0 0 1 0 1 1 0 1 0 1 0 1 1 1 1 0 0 1 1 0 1 0 1 1 1 0 1 1 1 0 0 1 1 1 0 1 0 0 1 1 1 0 1 0 0 0 0 1 0 1 1 1 0
0 1 1 1 0 0 1 0 1 0 1 1 1 1 0 1 1 0 0 0 1 0 0 1 0 0 0 1 0 1 0 1 1 1 0 0 0 0 0 0 0 1 0 1 1 0 0 0 1 1 1 1 0 0 1 1 0 1 0 0 1 0 1 0 0 1 0 0
1 1 1 1 1 1 1 1 1 1 0 0 1 0 1 1 1 1 0 1 0 0 0 1 0 0 0 1 1 0 0 1 1 0 0 0 0 0 0 1 0 1 1 0 0 1 0 0 0 0 0 0 0 0 1 0 0 0 1 0 1 0 1 0 0 0 0 1
0 1 0 1 0 0 1 1 0 0 0 1 0 0 1 0 1 0 0 1 1 0 1 1 1 0 0 0 1 0 0 0 0 1 1 0 1 1 1 1 1 0 0 1 1 1 0 0 0 0 1 1 1 0 1 0 1 0 0 1 1 0 0 1 1 0 0 0
1 1 1 0 1 1 0 1 1 1 0 1 0 0 0 0 1 1 0 1 0 1 0 1 1 1 0 0 0 0 1 1 0 0 1 0 0 0 1 0 1 1 1 1 1 1 0 0 1 0 1 1 1 0 0 1 0 1 1 1 0 0 1 1 1 0 1 1
1 1 0 1 0 0 0 0 1 1 0 1 0 0 0 0 0 0 0 0 0 1 1 1 1 0 1 0 0 1 1 0 0 1 0 0 0 0 1 0 1 0 1 0 1 1 1 0 1 0 0 1 1 1 0 1 0 1 0 1 1 0 1 1 1 1 1 0
1 1 0 1 0 0 0 1 1 0 0 0 0 0 0 1 0 1 1 1 0 1 0 0 0 1 0 0 0 0 0 1 0 1 1 0 0 1 1 1 1 0 0 1 1 0 1 1 0 0 1 0 0 0 1 0 0 1 0 0 1 0 1 1 0 1 0 1
1 1 1 0 1 0 1 1 1 0 0 1 1 0 1 0 0 0 0 0 0 1 0 1 0 1 0 1 1 1 1 0 1 0 1 1 1 1 0 1 1 1 0 1 1 1 1 1 1 0 0 1 0 0 1 1 0 1 0 0 0 0 1 1 1 1 1 0
0 1 0 0 0 0 0 1 0 1 0 0 1 0 0 0 1 0 0 0 0 0 1 0 1 1 0 1 0 1 0 0 0 1 0 1 1 1 1 1 0 0 0 0 0 1 1 1 0 1 0 1 0 0 0 0 1 1 1 1 1 1 0 0 0 0 0 1
1 0 0 0 1 1 1 1 0 0 0 1 0 0 0 0 0 1 0 0 1 1 1 1 0 0 1 0 0 0 1 1 0 1 0 0 0 0 0 1 0 1 0 1 1 0 1 1 1 0 0 0 0 0 1 0 0 0 1 0 0 1 0 0 0 0 0 0
0 0 0 1 0 1 1 1 1 1 1 1 0 0 0 1 1 1 1 0 1 0 0 0 1 1 0 1 1 1 1 1 0 1 1 0 1 0 0 1 1 1 0 1 1 0 1 1 0 1 1 0 0 0 0 0 1 1 1 1 0 0 1 0 1 1 1 0
1 1 1 0 0 1 0 0 0 1 1 0 1 0 0 1 1 0 0 0 0 1 0 1 1 0 0 1 1 0 1 1 1 1 0 1 1 0 0 0 1 1 1 1 0 0 0 0 1 0 1 1 0 0 0 1 0 0 1 1 0 0 1 1 1 0 1 0
1 0 0 0 1 0 1 1 1 0 0 1 0 1 0 1 0 0 1 1 1 0 1 0 0 0 1 1 0 1 1 1 1 1 0 1 0 0 0 1 0 1 1 0 1 0 0 0 0 1 0 0 1 1 0 0 0 1 1 1 0 0 1 1 1 1 0 0
0 0 0 0 0 1 1 0 1 1 1 0 1 1 1 1 1 1 0 1 0 0 0 1 1 0 1 0 1 0 0 1 0 1 1 0 1 1 0 0 0 1 1 0 0 0 1 0 1 0 1 1 0 0 0 0 1 1 1 1 1 1 1 0 0 1 1 0
1 1 1 0 0 1 0 1 0 1 1 0 0 1 0 1 1 0 1 1 1 0 0 0 1 1 1 0 0 0 1 0 1 0 0 1 1 1 0 0 0 1 0 0 0 1 1 0 0 1 1 0 1 1 0 0 1 1 0 0 0 0 1 1 0 0 1 1
1 1 1 1 0 1 1 1 1 1 1 0 0 0 0 0 0 1 0 0 1 1 0 1 0 0 0 1 0 1 1 0 0 0 1 1 0 1 0 0 0 1 0 0 1 0 0 1 1 1 0 1 0 0 0 0 1 1 1 1 1 0 1 0 1 1 0 0
1 1 1 0 1 1 0 0 1 1 1 0 0 1 1 1 0 0 0 1 1 0 1 1 1 0 0 1 1 0 0 0 0 1 1 0 0 1 1 0 1 1 0 1 1 0 1 0 0 0 0 0 0 0 0 1 0 0 0 0 1 1 0 1 0 1 0 0
1 0 0 1 1 1 1 0 0 1 1 1 1 1 0 1 1 1 0 1 1 0 1 0 0 1 0 0 1 0 0 1 0 0 1 1 0 1 0 1 1 0 1 0 1 1 0 1 0 1 0 0 0 0 0 1 0 1 0 1 0 0 0 0 1 0 1 0
0 1 0 1 0 0 0 0 0 1 1 0 0 0 0 1 1 0 0 0 1 0 1 1 0 0 1 0 1 1 1 1 0 0 1 0 0 0 1 1 0 1 0 0 1 0 1 0 1 0 0 0 1 0 1 1 0 0 0 0 0 0 0 0 0 0 0 1
1 0 1 0 0 1 0 0 0 0 0 0 0 1 0 0 0 0 1 0 0 0 1 0 0 0 1 1 1 0 1 0 1 1 0 1 0 1 0 1 1 0 0 1 1 1 0 0 0 0 0 0 0 0 0 1 1 1 1 0 1 1 1 0 0 0 0 1
1 1 0 1 0 0 0 0 1 0 1 0 0 1 1 0 1 0 0 0 1 1 0 0 1 1 1 0 0 1 0 0 0 1 1 1 1 1 1 0 1 0 1 1 0 1 0 1 0 0 0 1 0 0 1 0 0 1 1 0 0 0 1 0 0 0 0 0
1 0 1 1 1 1 1 0 1 1 0 1 0 1 1 0 0 0 1 0 0 0 1 1 1 0 1 0 0 0 0 1 1 1 1 1 1 1 0 1 1 1 1 0 1 0 0 0 1 1 0 0 1 1 1 0 0 0 0 0 1 0 1 1 0 0 0 1
0 1 0 0 0 1 0 1 1 0 1 1 1 1 1 1 0 0 0 1 1 1 0 1 0 0 0 0 1 1 0 0 0 0 1 0 1 1 1 1 1 0 1 0 1 0 1 0 1 0 0 0 0 0 1 0 0 1 1 0 1 1 0 0 0 0 1 0
1 1 1 0 0 0 1 1 1 0 0 1 1 1 0 1 1 0 0 0 0 1 0 0 0 0 1 0 0 1 1 0 1 1 1 1 1 0 1 0 1 0 0 0 0 1 0 1 0 0 0 0 1 1 1 0 1 0 1 0 0 0 1 0 0 0 1 0
1 0 0 0 0 0 1 0 0 1 0 0 0 0 0 1 1 0 0 0 1 1 1 0 0 1 1 1 0 1 0 1 0 0 1 0 0 1 1 0 1 1 0 0 0 0 1 1 0 1 0 1 0 1 0 1 0 0 1 0 0 0 0 1 1 0 0 0
0 0 1 1 0 0 0 1 0 0 0 1 0 0 1 1 1 1 1 1 0 0 1 1 0 1 1 1 0 1 0 1 0 0 1 1 1 0 0 0 0 1 0 1 1 1 0 0 1 1 1 0 1 0 1 0 0 0 0 1 1 1 1 0 1 0 1 1
0 1 0 1 1 0 0 0 0 1 1 1 0 1 0 0 0 1 0 1 1 1 1 0 1 0 0 0 0 1 0 0 1 0 1 0 1 0 1 0 0 0 0 1 1 1 1 0 1 0 1 0 1 0 0 0 0 1 0 0 0 0 0 0 0 0 0 0
1 0 0 1 0 0 0 1 1 0 1 0 1 0 0 0 0 0 1 1 0 0 0 0 1 0 0 0 0 0 1 0 0 0 0 0 1 0 1 1 0 0 0 0 1 0 0 0 0 0 0 0 1 1 1 0 1 0 0 0 1 0 1 1 1 1 1 0
1 1 0 0 0 0 1 0 0 0 0 0 1 1 1 0 0 1 0 0 1 0 1 1 1 0 0 0 0 0 1 1 1 1 1 1 0 1 0 0 0 0 0 1 0 1 0 0 1 1 1 1 1 0 1 1 0 0 1 1 1 0 0 0 0 0 0 0
0 1 0 0 0 0 0 1 0 1 0 1 0 1 0 0 0 1 1 0 0 1 0 1 0 1 1 0 1 0 0 0 1 0 0 1 0 0 0 0 1 1 0 0 1 0 0 0 0 1 1 0 0 1 0 0 1 1 0 1 0 0 1 1 0 1 0 0
1 0 0 0 0 1 0 1 1 0 1 0 0 0 0 0 0 0 0 1 0 0 1 1 1 0 0 0 1 0 0 1 0 0 0 0 0 1 0 0 0 1 1 0 1 1 0 1 0 0 1 1 1 0 0 0 0 0 0 0 0 0 0 1 0 0 0 0
C Elapsed Time 202657.200000 
