C CINVESTAV-TAMAULIPAS, MEXICO 
C email: jtj@cinvestav.mx 
C http://www.tamps.cinvestav.mx/~jtj/ 
C 
480 33 2^33 6
0 0 0 0 0 0 1 1 1 0 0 1 0 0 0 1 1 1 1 1 0 1 0 0 1 1 0 1 1 1 1 1 1
1 0 0 0 0 1 1 0 0 0 1 1 1 1 1 1 0 0 1 0 1 0 0 1 1 0 1 1 0 1 0 1 1
0 0 0 0 1 0 0 0 0 0 1 1 0 1 0 1 0 1 1 0 0 1 1 0 1 0 1 1 0 0 0 1 1
0 0 0 0 1 1 0 0 1 1 1 0 1 0 1 0 1 1 0 1 0 1 1 1 0 1 0 0 1 1 1 0 0
0 0 0 1 0 0 0 1 1 0 0 0 1 1 0 1 1 0 0 1 0 1 0 0 1 0 0 0 1 0 0 0 0
0 0 0 1 0 1 1 1 0 0 0 0 0 1 1 0 1 1 1 1 1 1 1 1 0 1 1 1 0 0 0 1 0
0 0 0 1 1 0 1 1 1 1 1 1 0 0 1 0 1 1 0 0 1 0 0 0 1 1 1 1 0 1 0 0 1
0 0 0 1 1 1 0 0 0 1 0 1 1 1 0 0 0 1 1 1 1 1 0 1 0 1 0 0 1 1 0 1 1
0 0 1 0 0 0 0 0 1 1 0 0 0 0 0 1 0 0 1 0 0 0 1 1 0 0 0 0 0 0 1 0 1
0 0 1 0 0 1 0 1 1 0 0 1 1 1 0 0 0 0 0 0 0 0 0 0 0 0 1 0 0 1 0 0 0
0 0 1 0 1 0 1 1 0 1 1 0 0 0 1 0 0 1 1 0 0 1 1 0 1 0 1 0 0 1 0 0 0
0 0 1 0 1 1 1 0 0 0 0 0 1 1 1 0 0 0 0 1 1 1 1 1 0 0 0 1 0 0 1 1 0
0 0 1 1 0 0 1 0 0 1 1 1 0 1 0 0 0 0 0 0 0 0 1 1 0 1 1 1 0 1 1 1 0
0 0 1 1 0 1 0 1 0 1 1 0 1 1 0 0 0 1 0 0 1 1 0 0 1 1 1 1 0 1 1 0 0
0 0 1 1 1 0 0 0 0 0 1 0 1 0 1 0 1 0 1 0 1 0 1 0 0 1 0 1 1 1 0 0 1
0 0 1 1 1 1 1 0 1 0 1 1 0 0 1 1 0 1 1 1 1 1 0 1 0 0 0 1 1 0 1 0 0
0 1 0 0 0 0 0 1 0 1 0 0 0 0 1 0 1 1 1 1 1 0 1 1 1 1 1 1 0 1 1 0 1
0 1 0 0 0 1 1 1 1 1 1 1 1 0 1 1 0 1 0 0 1 1 0 0 0 0 1 0 0 0 0 1 1
0 1 0 0 1 0 1 1 0 0 1 0 1 1 0 0 1 0 1 1 1 0 1 1 1 0 0 1 0 0 1 0 0
1 0 0 0 1 0 0 0 0 0 0 0 0 1 0 1 1 0 0 1 1 0 0 1 1 1 0 0 0 0 1 0 0
0 1 0 1 0 0 1 0 0 1 0 0 0 1 0 1 1 0 1 0 1 1 0 1 0 0 1 0 0 0 0 1 0
0 1 0 1 0 1 0 0 0 0 1 0 0 0 0 1 0 0 0 0 1 0 1 1 1 0 0 0 1 0 1 1 1
0 1 0 1 1 0 0 0 1 1 1 0 0 1 1 0 0 1 1 0 1 0 1 0 0 0 0 1 1 1 0 1 0
0 1 0 1 1 1 0 1 0 1 0 0 0 1 0 1 0 1 0 0 0 1 1 0 0 0 0 0 1 1 0 1 1
0 1 1 0 0 0 1 0 0 0 1 1 0 0 1 1 1 1 0 1 0 0 1 1 1 0 0 0 0 1 1 1 0
0 1 1 0 0 1 0 1 0 0 0 1 0 0 1 0 1 0 1 1 1 1 1 1 1 0 0 0 1 0 0 1 0
0 1 1 0 1 0 0 1 1 1 1 1 1 1 1 0 0 0 1 1 0 1 1 1 0 0 1 1 1 0 1 0 1
0 1 1 0 1 1 0 0 1 0 1 1 1 1 1 0 1 1 1 1 1 0 0 1 0 1 1 1 0 1 0 0 0
0 1 1 1 0 0 0 0 1 1 0 1 1 0 0 1 1 1 0 1 0 1 0 1 1 1 1 0 1 1 1 0 1
0 1 1 1 0 0 0 0 1 1 0 1 0 1 1 0 0 1 1 0 1 1 0 0 1 0 1 1 1 0 0 0 1
0 1 1 1 1 0 0 1 0 0 0 1 0 1 1 0 0 1 0 0 0 0 1 1 1 0 0 1 1 1 1 0 0
0 1 1 1 1 1 1 1 0 0 0 0 1 0 0 0 0 1 1 0 1 1 0 1 0 0 0 1 0 1 0 0 0
1 0 0 0 0 0 0 0 0 1 1 0 1 1 0 1 1 1 1 1 1 0 1 1 1 1 1 0 1 0 0 1 1
1 0 0 0 0 1 1 1 1 1 0 0 1 0 0 1 1 0 0 0 1 0 0 1 1 1 0 1 0 0 1 0 0
1 0 0 0 1 0 1 0 0 0 1 1 0 0 1 0 1 1 1 1 1 1 0 1 0 1 1 0 1 0 0 1 0
1 0 0 0 1 1 0 1 0 1 0 1 1 0 1 0 0 1 1 1 0 0 0 0 0 1 1 1 0 1 1 1 1
1 0 0 1 0 0 1 0 1 0 1 0 0 0 1 1 0 1 0 0 0 0 0 1 0 0 1 1 0 1 0 0 0
1 0 0 1 0 1 0 0 1 0 1 1 1 0 1 1 1 0 0 1 0 1 1 0 1 1 1 0 0 1 0 1 1
1 0 0 1 1 0 0 1 0 0 0 0 0 0 0 1 1 1 1 0 1 0 0 0 0 0 0 1 0 1 0 0 0
1 0 0 1 1 1 1 0 0 0 1 0 1 1 1 0 0 1 0 0 1 1 1 1 1 1 0 1 0 1 1 0 1
1 0 1 0 0 0 1 1 0 1 1 1 1 0 0 1 0 0 1 1 1 1 0 1 1 0 1 1 0 0 0 0 1
1 0 1 0 0 1 0 0 0 0 0 1 1 1 0 1 0 1 1 0 1 0 1 1 0 1 0 1 1 0 1 0 0
1 0 1 0 1 0 0 1 1 0 0 0 1 0 0 0 1 0 1 1 0 1 0 1 1 0 0 0 0 0 1 1 0
1 0 1 0 1 1 0 1 1 1 0 1 0 1 1 1 1 1 1 0 0 1 0 1 1 1 0 1 0 1 0 1 0
1 0 1 1 0 0 0 0 0 0 1 1 0 0 0 1 0 0 0 0 1 1 0 0 0 1 1 1 0 1 0 0 1
1 0 1 1 0 1 1 1 1 0 1 1 0 1 0 1 1 1 0 0 1 1 0 0 0 1 0 0 1 1 1 1 0
1 0 1 1 1 0 1 1 0 1 0 1 0 1 0 0 0 0 1 0 1 1 1 0 0 0 0 0 0 0 1 0 1
1 0 1 1 1 1 0 1 1 0 1 0 0 1 0 0 0 0 1 1 0 1 1 0 0 0 1 1 0 1 0 0 1
1 1 0 0 0 0 1 0 1 0 0 0 0 0 0 0 1 0 0 0 1 1 0 1 0 1 1 1 0 1 1 0 0
1 1 0 0 0 1 0 0 1 1 0 0 0 1 0 0 1 1 0 1 1 1 0 0 1 0 1 0 0 0 0 0 1
1 1 0 0 1 0 0 1 1 0 1 1 0 0 0 1 0 1 1 1 1 0 0 1 1 0 0 1 1 0 0 0 0
1 1 0 0 1 1 0 0 0 1 1 1 0 0 1 1 1 1 1 0 1 1 0 0 1 0 0 0 0 1 1 0 0
1 1 0 1 0 0 0 1 0 0 1 1 0 1 1 1 1 1 0 1 1 1 1 0 1 0 1 1 0 1 0 0 0
1 1 0 1 0 1 1 1 1 0 0 0 0 0 1 0 0 0 1 0 0 0 0 0 1 1 0 0 0 1 0 0 0
1 1 0 1 1 1 0 1 0 1 1 0 1 0 1 0 0 1 0 1 1 0 0 1 1 1 1 0 1 1 0 0 1
1 1 1 0 0 0 0 1 1 0 0 1 1 0 0 0 0 0 1 0 1 0 1 1 0 0 1 1 0 0 1 1 1
1 1 1 0 0 1 1 0 1 0 1 0 1 1 1 0 1 0 0 1 0 0 0 0 1 1 1 1 0 0 0 1 1
1 1 1 0 1 0 1 0 0 0 1 0 0 1 1 0 0 1 1 0 1 0 0 0 0 0 1 1 0 0 1 1 1
1 1 1 0 1 1 1 1 1 0 0 1 1 0 1 0 1 1 0 0 1 1 1 1 0 1 0 0 0 1 1 0 1
1 1 1 1 0 0 1 0 1 1 1 1 0 0 0 1 1 1 1 0 1 1 0 1 0 1 0 1 1 0 1 1 1
1 1 1 1 0 1 0 1 0 1 0 1 1 1 1 1 1 1 1 1 0 1 0 1 0 0 0 1 0 0 1 1 0
1 1 1 1 1 0 0 1 1 0 1 1 0 0 1 1 1 0 1 1 1 1 0 1 1 1 1 1 1 0 0 1 1
1 1 1 1 1 1 0 0 0 0 0 0 1 1 0 0 1 0 0 0 1 1 1 0 1 0 1 0 0 1 1 1 0
1 0 0 0 0 1 0 1 1 1 1 1 0 1 0 0 1 1 1 1 1 1 1 1 0 0 0 1 1 0 0 0 1
1 1 0 0 1 1 0 0 1 0 0 1 0 1 1 0 1 1 0 1 0 0 1 1 0 1 1 0 1 0 1 1 0
0 0 1 0 1 1 0 1 0 0 1 0 0 0 0 1 1 0 0 1 0 0 0 1 0 1 1 0 0 1 0 0 1
1 1 1 0 1 1 0 1 1 1 1 0 1 1 0 1 1 1 0 0 1 0 1 1 0 0 1 0 1 0 0 0 1
0 1 0 0 1 1 0 1 1 0 0 1 1 0 0 0 0 0 0 1 1 1 0 0 1 1 1 1 1 0 1 0 0
0 0 0 0 1 1 1 1 0 1 1 1 1 1 1 1 1 1 0 0 0 0 1 0 1 1 1 1 0 0 1 1 0
1 1 0 0 1 1 1 0 1 1 1 0 1 1 0 1 1 0 1 1 1 1 1 0 0 1 0 0 0 1 0 0 0
0 1 1 0 1 1 1 1 1 1 0 0 1 0 1 1 1 0 1 1 1 1 0 0 0 1 1 1 1 1 0 0 0
1 0 1 0 1 1 1 0 0 0 1 1 0 0 0 0 0 1 0 0 1 1 1 1 0 1 1 0 0 0 0 0 0
1 1 1 1 1 1 1 0 1 1 0 1 1 1 0 0 0 1 0 0 0 1 0 0 0 0 1 1 0 1 0 1 0
0 0 0 1 1 1 1 0 0 0 1 0 0 1 0 1 0 1 0 1 0 0 1 1 0 0 1 0 0 0 0 0 0
0 1 1 1 0 0 1 1 1 0 0 1 0 1 1 1 0 0 0 1 1 0 1 0 0 1 1 0 1 1 1 0 0
0 1 1 1 0 1 1 0 0 1 0 1 1 1 1 1 0 0 1 1 0 0 1 1 1 0 0 0 1 0 1 0 1
0 1 0 1 1 0 1 0 1 0 0 0 0 0 1 0 1 0 0 0 0 1 1 1 1 0 0 1 0 1 0 0 1
0 0 1 1 1 1 0 1 1 1 0 0 1 1 1 0 1 0 0 0 0 1 1 0 0 1 1 0 1 0 1 0 1
0 1 0 0 0 0 0 0 0 0 1 1 1 1 0 1 1 1 0 1 1 0 1 0 0 0 1 1 1 0 1 1 0
1 1 0 1 0 1 0 0 0 0 0 1 1 0 0 1 0 1 1 1 0 1 1 0 0 0 0 1 1 1 1 0 1
0 0 0 1 0 0 1 0 1 1 1 0 1 1 1 0 0 0 1 0 0 1 0 1 1 1 0 0 0 0 0 0 0
1 0 1 1 1 1 1 0 1 1 1 0 1 0 1 1 1 0 1 0 1 0 1 1 0 0 1 0 0 1 1 1 0
1 0 0 0 1 1 1 0 1 0 0 0 1 1 0 0 1 1 1 0 0 1 1 0 0 0 0 1 1 0 0 0 0
1 0 0 1 0 1 1 1 0 1 1 1 0 1 1 1 1 0 0 1 0 0 0 0 0 0 0 0 1 0 0 0 1
0 1 0 1 0 0 1 1 0 1 0 1 1 1 0 0 0 1 0 1 1 0 0 0 1 0 1 1 1 0 0 1 1
1 0 0 0 0 1 1 1 0 0 0 1 1 1 0 1 0 0 0 1 0 1 0 1 0 1 0 0 0 0 1 1 1
0 0 1 1 0 0 1 1 1 1 0 0 1 0 0 1 0 0 0 0 0 1 1 1 0 1 0 0 0 1 0 1 0
1 0 0 1 1 0 0 0 1 1 0 1 1 1 1 0 0 0 1 0 0 0 0 0 1 0 1 1 1 0 1 0 1
0 0 1 1 0 1 0 0 1 0 0 0 0 1 0 1 1 1 0 0 0 0 1 0 1 1 1 0 0 1 1 0 1
1 0 0 1 0 0 0 1 0 1 0 0 0 1 0 0 0 1 1 0 0 1 0 0 1 1 1 0 1 0 1 1 0
0 1 1 0 1 0 0 0 0 1 0 1 0 0 0 0 1 1 1 0 0 0 1 0 0 1 0 0 1 0 1 1 0
0 1 1 0 0 1 0 0 0 1 1 0 0 1 1 1 0 1 0 1 0 1 0 0 0 1 0 0 0 1 1 0 1
0 1 0 1 0 1 0 1 1 0 1 1 1 1 0 1 0 1 1 0 0 0 0 1 0 1 0 1 1 0 0 1 0
1 1 1 0 0 0 0 0 0 1 0 1 1 1 1 1 1 0 1 0 0 1 0 0 0 1 1 1 0 1 1 0 0
1 0 1 1 1 0 1 0 1 0 0 0 1 1 0 1 0 1 0 1 0 0 1 1 1 1 0 1 0 0 1 1 1
1 1 0 0 0 0 0 0 0 0 1 1 0 1 0 0 0 0 1 1 0 1 0 0 0 1 1 0 0 1 0 0 1
1 0 1 1 0 1 1 0 0 0 0 0 1 0 0 0 1 1 0 1 0 0 1 1 1 0 0 1 1 0 1 1 1
1 1 1 0 0 1 1 1 0 1 1 1 0 1 1 0 0 1 1 0 1 0 0 1 0 0 0 1 1 1 0 0 0
1 1 1 0 1 0 1 1 0 1 0 0 1 1 1 0 1 0 1 0 0 0 0 1 0 1 0 0 0 1 1 1 1
1 1 1 1 0 0 1 1 0 0 1 0 1 0 1 0 0 0 0 1 0 0 0 1 0 1 0 0 1 0 1 1 0
0 0 1 0 0 0 1 1 0 0 1 1 1 1 1 1 1 1 0 0 0 1 1 0 0 0 0 1 1 0 1 1 0
1 0 1 0 0 0 0 1 1 1 0 1 0 0 0 1 0 1 0 1 0 1 1 1 0 0 1 1 1 1 0 1 0
0 0 0 1 1 1 0 1 1 0 0 0 1 0 1 1 0 0 1 0 0 1 0 1 0 0 0 1 0 1 0 0 1
1 1 0 1 1 0 1 1 1 1 0 0 1 1 1 1 1 1 1 0 1 1 0 1 0 0 1 1 1 0 1 0 0
0 0 0 1 0 0 0 0 0 1 1 1 0 0 1 1 1 0 1 1 0 0 0 1 0 1 1 1 0 0 1 1 0
0 0 0 0 1 0 1 0 1 1 1 1 1 0 0 1 1 0 0 0 0 0 0 1 0 0 1 1 1 0 1 0 0
1 0 0 1 0 0 0 1 1 1 1 1 1 1 1 1 0 1 1 0 0 0 1 0 1 0 0 1 0 1 1 1 0
1 0 0 0 0 0 1 0 1 1 0 1 0 1 1 0 0 1 0 0 1 1 1 1 1 1 1 1 1 0 1 1 0
1 1 0 1 0 1 0 1 1 1 0 0 1 1 1 1 0 0 0 1 1 0 0 1 0 0 1 0 0 0 1 1 1
1 1 1 1 1 0 0 0 0 1 0 0 1 0 0 1 0 1 1 0 0 1 0 1 1 0 0 0 1 1 0 1 0
1 0 1 1 1 1 0 0 0 1 1 1 0 1 0 0 1 1 0 1 0 0 1 0 1 1 0 0 1 1 0 1 0
1 0 1 1 1 1 1 1 0 0 0 1 0 0 1 0 0 1 1 1 1 1 0 0 0 0 0 0 1 0 0 1 1
0 0 0 0 1 0 0 1 0 1 0 0 1 1 1 1 1 0 1 1 1 1 1 0 0 0 1 0 1 1 1 1 1
1 1 0 1 0 1 1 0 0 1 1 0 1 0 0 0 0 0 1 0 1 1 0 0 0 0 0 1 1 0 0 1 0
1 1 0 0 0 0 1 1 0 1 1 0 0 0 0 1 0 1 0 1 0 0 0 0 0 1 1 1 1 1 1 0 1
0 0 1 0 1 0 0 1 1 1 0 0 0 1 0 0 1 1 0 0 1 1 0 1 1 0 1 0 1 1 1 1 0
0 1 1 0 0 0 1 0 1 1 1 0 1 1 0 0 1 1 0 0 0 0 0 1 1 0 0 0 1 0 0 1 0
1 0 0 0 1 0 1 0 0 1 0 0 0 0 0 1 1 0 0 0 1 1 1 0 1 1 0 0 0 1 1 1 0
0 0 0 1 1 0 1 1 0 0 1 1 1 0 0 0 0 1 1 1 1 0 1 0 0 1 0 1 1 1 0 0 0
0 1 0 1 0 0 1 0 1 0 0 1 1 0 1 0 1 1 0 1 1 1 0 1 1 0 0 1 1 0 0 1 0
1 0 1 0 1 0 1 1 1 0 1 0 1 0 1 1 0 0 0 0 0 0 1 0 0 1 0 1 0 0 0 0 1
0 0 0 1 0 1 1 0 1 1 0 1 1 0 1 1 0 1 0 0 0 0 0 1 0 1 0 0 1 1 1 1 0
1 1 1 0 0 1 0 1 1 1 1 0 0 0 0 0 0 0 0 0 1 0 1 0 0 1 0 1 1 1 0 0 0
0 1 0 0 0 1 0 0 0 1 0 0 1 0 0 0 0 0 1 0 0 0 1 0 0 1 1 0 0 1 0 1 0
1 0 0 0 0 0 1 0 0 0 0 1 1 0 1 0 1 0 1 1 0 0 1 0 0 0 1 0 0 1 1 0 1
0 1 0 0 1 0 1 1 1 1 0 1 0 0 0 0 0 0 1 0 1 1 0 0 0 0 0 1 0 0 1 1 0
1 0 0 1 1 1 1 1 1 0 0 1 0 1 1 1 0 0 1 1 1 1 0 1 1 1 1 0 0 1 1 0 1
0 1 1 1 1 0 1 0 1 1 1 1 1 1 1 0 1 1 1 1 0 1 1 0 1 1 1 0 0 1 1 1 1
0 1 1 1 1 1 1 1 1 1 0 0 0 1 1 0 1 0 1 0 0 0 0 1 1 1 0 1 1 0 1 0 1
0 0 0 0 0 1 1 0 1 0 1 0 0 0 0 0 0 0 1 1 1 0 0 0 1 1 1 1 0 1 0 1 0
0 0 1 0 1 0 1 0 0 0 0 1 1 0 1 0 0 1 0 1 0 1 0 1 1 1 0 1 0 0 1 0 0
1 0 1 0 0 1 0 0 1 1 1 1 1 1 0 1 0 1 0 1 0 0 0 1 1 0 1 0 0 1 1 1 0
1 1 1 0 1 0 0 0 1 1 1 0 0 0 1 1 1 0 0 1 0 0 0 0 0 0 1 1 1 0 0 1 0
1 1 0 1 0 0 1 1 1 1 0 1 1 1 0 0 1 0 1 1 1 1 0 1 1 1 0 1 1 1 1 1 0
1 0 1 0 1 0 0 1 0 1 1 0 0 1 1 0 1 0 0 0 1 0 0 0 1 0 0 1 1 0 1 1 1
1 0 1 1 1 0 0 0 1 1 1 1 1 0 0 0 0 0 0 1 1 0 0 0 1 1 0 0 0 0 1 1 1
0 0 1 0 0 0 1 0 1 1 0 0 0 0 1 1 1 1 1 0 0 0 1 0 1 0 1 1 0 1 1 0 0
0 1 1 1 0 1 0 1 1 0 1 0 1 0 1 0 0 1 1 1 0 0 1 0 1 0 1 1 1 0 0 0 1
0 1 1 0 1 1 1 0 1 1 0 1 0 0 0 1 0 1 0 0 0 0 1 0 1 1 0 1 1 0 0 0 1
1 1 0 0 0 0 0 0 0 1 0 1 1 0 1 1 1 0 0 0 0 0 1 0 0 0 0 1 0 0 0 0 1
1 1 0 0 1 1 0 1 1 0 1 0 0 1 1 1 1 1 1 0 0 0 0 0 1 0 1 0 1 1 1 1 1
0 1 1 1 0 1 1 0 0 0 1 1 1 1 0 1 1 0 1 0 1 0 1 0 0 0 0 1 0 0 0 0 1
0 0 1 1 0 0 1 1 1 0 1 0 0 0 0 0 1 0 1 0 1 0 1 0 1 0 1 1 1 0 0 1 0
0 0 0 1 0 0 0 0 0 0 0 1 1 1 0 0 1 0 1 0 0 1 1 1 0 1 0 1 0 1 1 1 0
0 1 1 1 0 0 0 1 0 1 1 0 0 0 0 1 1 1 0 0 1 0 1 1 0 1 1 1 0 0 0 1 0
1 0 0 1 0 1 0 0 0 1 0 0 0 0 0 0 1 0 0 1 1 1 0 1 0 0 1 1 1 1 1 0 0
0 1 0 1 1 0 1 1 1 0 1 0 1 0 0 0 0 0 0 0 1 1 0 1 0 0 1 1 1 1 0 1 1
1 0 0 0 0 0 0 1 1 0 1 0 0 1 0 0 0 1 0 0 0 0 0 1 0 1 0 0 0 0 1 0 1
1 1 1 1 0 0 0 0 1 0 1 0 0 1 0 1 1 1 1 1 0 1 1 1 0 1 0 1 1 1 0 1 0
1 1 0 1 1 0 0 1 0 1 1 1 1 0 0 1 0 0 0 1 0 0 1 1 1 1 1 0 0 1 1 0 0
0 0 0 0 0 1 0 0 0 1 0 1 0 1 1 0 1 1 1 0 1 0 1 0 1 1 1 1 1 1 0 0 0
0 0 0 1 1 1 1 0 1 1 0 0 0 1 1 1 1 0 1 1 0 1 1 0 1 0 0 0 1 1 1 1 0
0 0 0 0 1 1 0 0 1 0 0 1 0 0 0 0 0 1 0 0 1 0 1 0 0 0 0 0 0 1 0 0 0
0 1 0 0 1 0 1 0 1 0 0 1 1 1 1 1 0 1 1 0 0 1 1 1 0 0 1 0 0 1 1 0 1
0 0 0 1 1 1 0 1 0 0 1 1 0 1 1 0 0 0 1 0 1 0 1 0 1 1 1 0 1 0 1 0 0
1 1 0 1 1 1 0 1 1 1 0 1 1 0 0 0 1 1 1 1 1 0 1 0 1 0 0 0 1 0 1 1 1
1 1 1 0 0 1 1 1 0 1 0 0 0 1 0 1 0 1 1 0 1 1 1 1 1 0 0 1 1 1 1 1 0
0 0 1 1 1 0 1 1 1 1 0 1 1 1 0 1 1 1 0 1 1 0 1 1 0 1 1 1 1 0 1 1 1
0 0 1 0 0 1 0 0 1 0 1 0 0 1 1 1 1 0 0 0 1 1 0 0 0 0 1 1 0 0 0 0 0
1 1 1 0 1 0 0 1 0 0 1 1 1 1 0 0 1 1 1 0 1 1 0 0 1 1 0 1 1 0 1 1 0
0 0 0 1 1 0 1 0 1 0 0 0 1 0 1 1 0 0 0 0 0 0 0 0 1 0 1 0 0 0 1 1 0
1 1 1 1 1 1 1 1 0 1 1 0 0 1 0 1 0 1 1 1 0 0 0 0 1 1 1 1 0 0 1 0 0
1 0 1 0 0 1 1 1 0 0 0 0 0 1 0 1 1 0 0 0 0 1 1 1 1 0 1 1 1 0 1 0 0
1 0 0 1 1 1 0 1 1 1 1 0 0 0 0 1 0 1 1 0 0 0 1 0 0 1 1 0 1 0 0 0 1
0 1 1 0 1 1 1 1 0 0 1 1 0 1 0 1 1 1 1 1 0 1 1 0 1 0 0 1 1 1 0 1 1
1 1 0 1 1 0 0 1 1 0 0 0 1 1 1 0 0 1 0 0 1 0 1 1 1 1 1 0 0 1 0 1 0
0 1 1 1 1 1 0 1 0 1 1 1 1 0 1 1 0 0 0 0 1 0 1 0 0 1 0 1 0 1 1 1 1
0 0 1 0 1 1 0 0 1 1 1 1 0 1 1 1 0 0 1 1 1 0 1 0 1 0 1 0 0 0 1 0 0
0 0 0 1 0 0 0 1 1 0 1 1 0 0 1 0 0 0 0 1 0 1 1 1 0 0 0 0 1 1 1 1 1
1 1 0 1 1 1 1 0 0 1 0 1 0 0 1 1 0 0 1 1 1 0 1 1 0 1 0 1 0 1 0 1 0
0 0 1 1 0 1 0 1 0 1 0 1 0 0 0 1 1 0 1 1 1 0 1 0 1 1 0 1 1 0 0 0 0
0 0 0 0 1 0 1 1 0 0 0 1 0 1 1 0 1 0 0 0 1 0 0 1 0 1 0 0 0 0 0 1 0
0 1 0 0 0 1 0 1 1 0 0 0 0 0 0 1 1 0 1 1 0 0 1 0 0 0 1 0 0 0 1 1 0
0 0 1 1 0 0 0 0 0 1 0 0 0 1 0 0 0 1 1 1 1 0 0 0 0 0 0 1 1 1 1 1 1
1 0 1 1 1 1 0 1 0 0 0 1 1 0 1 1 1 0 0 1 1 0 0 0 1 0 0 1 0 1 0 1 0
1 1 1 1 1 0 0 1 1 1 0 0 0 0 0 0 1 1 1 1 0 0 1 1 0 0 1 0 1 1 1 0 0
0 1 0 1 0 1 1 1 0 1 1 0 1 0 1 1 1 0 1 1 0 1 1 1 1 0 1 1 1 1 1 1 0
0 0 0 1 1 1 1 0 0 1 1 0 0 0 0 0 1 1 1 1 1 0 0 1 0 0 0 0 0 0 0 1 1
0 0 0 0 0 0 1 1 0 0 1 1 0 1 0 1 1 0 1 0 0 0 1 1 1 0 0 0 1 0 0 1 1
1 1 0 0 1 0 0 0 0 0 1 0 1 0 1 1 0 0 1 1 1 1 1 1 0 0 0 0 0 0 0 1 1
1 1 0 1 1 1 1 1 0 0 1 1 0 0 0 0 1 0 0 0 0 0 1 0 0 0 1 0 1 1 1 1 0
1 0 0 1 1 0 1 1 1 1 1 0 1 1 0 0 1 1 0 1 0 1 0 1 0 0 0 1 0 1 1 1 0
0 1 1 0 0 0 0 1 0 0 0 0 1 1 0 1 0 0 0 1 0 0 1 0 1 1 1 1 1 0 0 0 0
1 1 1 1 0 1 1 1 0 1 0 1 0 0 1 0 0 0 0 0 1 0 1 0 1 0 1 0 0 1 1 1 1
0 1 0 1 1 1 0 0 1 1 0 1 1 0 1 0 1 0 1 0 0 0 1 1 1 0 1 1 0 0 0 1 0
0 1 0 1 1 0 1 0 0 0 0 1 0 0 0 1 0 1 1 0 0 0 0 1 0 1 1 0 1 0 0 0 1
0 1 1 0 1 0 0 1 0 0 1 0 1 0 0 1 0 1 0 1 1 1 1 0 1 0 1 0 0 1 0 1 0
1 0 0 1 1 0 1 0 1 0 1 1 0 1 0 0 1 1 1 1 0 0 0 0 0 1 0 1 1 1 1 0 1
1 0 1 0 0 1 1 0 0 1 1 0 0 0 1 0 1 0 1 1 0 1 1 0 0 1 0 1 0 0 0 0 0
1 0 1 0 0 0 0 1 1 1 0 0 1 0 1 0 1 1 0 0 0 1 0 0 1 1 0 1 1 1 0 1 1
1 1 1 1 0 1 0 1 1 1 1 1 0 0 0 1 1 0 1 0 0 1 0 0 0 1 0 0 0 0 1 0 0
0 1 0 1 1 0 1 0 1 0 0 0 1 0 1 1 0 1 1 1 1 0 0 1 1 0 1 1 1 1 1 1 0
0 0 1 1 0 1 1 1 1 1 1 1 1 0 1 0 1 1 1 0 0 0 1 1 0 0 0 0 0 0 1 1 0
1 1 1 0 0 1 1 0 1 0 0 1 0 0 0 1 1 0 0 1 1 0 0 0 1 0 1 1 1 1 1 0 1
0 0 1 0 1 0 1 1 1 0 1 0 1 1 0 1 0 0 1 0 0 0 1 1 1 0 0 0 1 1 0 1 0
1 0 0 0 1 0 0 1 0 1 1 1 1 0 0 0 1 0 1 0 1 1 0 1 0 0 1 0 1 1 0 1 0
0 1 0 0 0 0 0 1 0 1 1 1 0 1 0 1 0 0 1 0 1 0 0 0 1 0 0 0 1 1 1 1 1
0 0 0 1 1 0 1 1 0 0 1 0 0 0 1 1 0 0 1 1 0 1 0 0 0 1 0 0 0 1 1 0 0
0 1 1 0 0 0 1 1 1 0 1 0 0 1 1 0 0 0 0 1 1 1 0 1 1 0 0 0 0 0 0 0 1
0 0 1 0 0 0 0 0 0 1 1 1 1 0 0 0 1 0 0 1 0 1 0 0 0 0 1 1 1 1 0 1 0
1 0 0 0 0 0 0 0 0 0 0 0 0 1 1 0 0 0 0 1 1 0 1 0 0 0 0 0 1 1 0 0 0
0 0 0 0 0 1 0 1 1 1 0 0 1 1 1 0 0 1 0 1 0 0 1 1 1 0 1 1 0 1 0 0 1
1 1 1 0 1 1 0 1 0 0 0 0 0 0 1 1 0 0 1 0 1 0 1 0 1 0 1 0 0 0 0 0 1
0 1 0 1 1 1 0 0 1 0 0 0 0 1 1 0 0 0 1 1 0 0 0 1 1 0 1 1 0 1 1 0 0
0 1 0 1 1 1 0 0 0 0 1 1 1 1 1 0 0 0 0 1 1 1 0 0 0 0 0 0 1 0 1 0 0
0 1 0 0 0 0 0 1 1 0 1 0 1 0 1 1 1 0 1 0 1 1 0 1 0 1 1 0 0 0 1 0 0
1 0 0 0 1 1 1 1 1 1 0 0 0 1 0 0 0 1 1 0 0 0 1 1 1 1 1 1 0 0 0 1 1
1 1 1 1 0 1 0 0 0 0 1 0 0 1 1 0 1 1 1 0 0 1 1 1 0 1 0 0 0 0 1 1 1
1 1 0 1 0 0 1 0 0 1 1 1 1 1 1 1 1 1 0 0 0 0 1 0 0 1 0 1 1 0 0 0 1
1 0 1 1 1 1 1 1 1 1 1 1 0 1 0 1 0 0 0 0 0 0 0 1 0 0 0 0 0 1 0 1 1
0 0 1 0 0 0 0 0 1 1 0 1 1 1 1 1 1 0 0 0 1 0 1 1 1 0 0 1 0 1 0 1 0
0 0 1 1 0 1 1 0 0 0 0 1 0 1 1 0 1 1 0 1 0 1 0 0 1 1 0 1 1 1 0 0 0
1 0 0 1 1 0 1 1 0 1 0 1 1 0 1 1 1 1 1 0 0 1 1 1 1 0 0 0 1 0 0 1 1
1 0 1 1 1 1 0 0 1 0 0 0 0 0 0 0 0 0 0 0 0 0 0 1 0 0 0 1 1 0 1 0 0
1 1 1 0 1 1 1 0 0 0 1 1 1 0 0 0 0 0 1 1 0 0 0 1 1 0 0 1 0 1 0 1 0
0 0 0 1 0 1 1 0 1 1 1 1 0 1 0 1 0 0 0 1 1 1 1 0 1 1 0 1 0 0 0 1 0
0 1 0 0 1 1 1 0 1 1 1 1 0 0 1 0 0 1 1 1 0 0 0 0 0 0 1 1 0 0 1 0 1
1 1 0 0 0 0 0 0 1 0 0 0 1 0 1 0 0 1 1 0 1 0 0 1 0 0 0 0 1 0 0 0 1
0 1 0 1 1 1 0 0 0 0 0 0 1 0 1 1 1 1 1 1 1 0 0 0 1 1 0 1 0 0 0 1 1
0 1 0 0 0 1 0 1 0 0 1 1 1 1 1 0 1 0 0 0 0 0 0 0 1 1 0 1 0 1 1 1 0
0 0 0 0 0 0 1 1 0 0 0 0 1 0 0 0 1 1 0 0 1 1 1 0 1 0 0 0 0 1 0 1 1
1 1 0 1 0 1 1 0 1 0 1 1 0 1 0 0 1 1 1 1 1 0 1 1 0 1 1 0 0 1 1 1 1
1 0 0 1 0 1 1 0 0 1 0 0 1 1 1 1 0 1 1 0 1 1 1 0 0 1 0 0 0 0 1 0 0
1 0 0 0 1 1 1 1 1 0 1 1 1 1 1 0 0 1 1 1 0 1 1 0 1 1 0 0 0 0 0 1 0
1 0 1 0 0 0 0 1 0 1 0 1 0 0 0 0 0 0 1 0 0 1 0 1 0 1 0 0 1 1 1 0 1
0 0 1 1 1 1 0 0 1 0 1 1 1 1 0 1 1 1 0 0 1 1 1 1 1 0 0 0 0 0 0 0 1
0 0 0 1 0 0 0 0 1 0 0 0 1 0 0 0 0 1 0 1 1 1 1 1 0 1 1 0 0 0 0 0 1
0 1 0 0 1 0 0 0 0 0 1 0 0 0 0 0 1 1 0 0 0 1 0 0 1 1 1 1 1 0 0 0 0
1 1 1 1 1 0 1 1 0 0 0 1 1 0 0 1 1 0 1 0 1 0 1 0 1 1 1 1 1 1 1 0 1
1 0 1 1 0 1 1 1 0 0 0 0 0 0 1 1 0 1 0 1 1 0 1 0 1 1 1 0 1 1 0 1 1
0 1 0 1 0 1 1 1 1 1 1 0 0 1 1 0 1 1 0 0 0 0 1 0 1 0 0 0 0 0 1 0 0
0 1 1 1 0 1 1 0 0 0 1 1 0 0 0 0 0 1 0 1 1 1 0 0 1 1 0 0 0 1 1 1 0
1 1 0 1 0 0 1 0 1 0 0 1 0 1 0 0 0 1 1 1 0 0 1 0 1 0 0 0 0 0 0 1 0
0 0 1 0 1 1 1 0 1 1 0 1 1 0 0 0 1 0 1 0 1 0 0 0 1 1 0 0 1 1 1 0 0
1 0 0 0 1 0 1 0 1 1 1 0 0 1 1 1 0 1 0 0 1 1 0 0 0 1 1 0 1 1 0 0 1
1 1 0 0 0 1 1 1 0 1 0 1 1 0 0 0 1 1 1 0 0 1 1 1 1 1 1 0 0 0 1 1 1
1 0 0 1 1 0 1 0 1 1 0 0 0 0 0 0 0 0 1 1 1 1 1 1 1 0 1 1 1 1 0 0 1
0 1 0 0 1 0 0 1 1 1 0 1 0 1 1 1 1 1 0 1 0 0 0 0 0 1 0 0 0 0 0 1 0
0 0 1 1 0 1 0 0 0 0 1 0 1 0 1 1 1 1 1 0 0 1 0 0 0 1 1 0 1 0 0 1 1
0 1 1 1 1 1 0 1 1 1 1 1 0 0 0 0 0 1 0 1 1 1 1 1 1 0 1 1 0 0 1 1 0
0 1 1 1 0 0 0 0 0 1 0 0 1 0 1 0 1 0 0 1 1 0 0 1 0 0 1 0 0 1 1 0 0
1 1 0 1 0 0 1 1 0 1 1 0 1 1 1 0 0 0 0 0 0 1 1 0 1 0 1 0 1 1 1 0 1
0 1 0 1 0 0 1 1 1 0 0 0 1 1 1 1 1 1 1 0 1 0 0 0 1 0 0 0 0 1 1 0 1
0 1 1 0 1 0 0 0 1 1 0 0 0 1 0 1 0 0 0 0 1 0 0 1 1 1 1 1 0 1 1 1 0
0 0 0 0 1 1 0 0 0 0 0 1 1 0 0 1 1 0 0 0 1 1 1 1 0 0 1 1 1 0 0 1 1
1 1 1 1 0 0 0 1 0 0 1 0 1 1 0 0 1 0 1 0 0 0 0 1 0 0 1 1 0 1 0 0 1
0 0 1 0 1 0 1 0 1 0 1 1 1 1 0 0 1 0 0 1 0 0 1 0 0 0 0 0 1 0 0 0 1
1 1 1 0 0 0 0 1 0 1 0 1 0 1 0 0 1 0 0 1 0 1 1 1 1 1 0 1 0 1 1 0 1
0 1 0 1 0 1 1 1 1 1 0 0 1 1 0 0 1 0 0 1 0 0 1 0 0 1 0 1 1 0 0 1 1
0 0 1 0 1 0 1 1 0 1 0 0 1 1 0 1 0 1 1 1 0 0 0 0 0 0 0 0 0 0 0 0 0
0 1 0 1 1 0 0 0 1 1 1 0 1 1 0 1 1 0 0 1 1 0 0 0 1 1 0 1 1 1 1 0 1
0 0 1 1 0 0 1 1 0 1 1 0 1 0 1 1 1 0 0 1 1 1 0 0 1 0 0 0 1 0 1 1 0
1 1 1 0 1 0 0 0 1 0 1 1 0 1 1 0 0 0 0 0 0 1 0 1 0 0 0 0 1 1 1 1 0
0 0 0 0 0 1 1 1 1 1 0 0 0 0 1 1 0 0 1 0 1 0 1 1 0 1 1 0 1 1 1 0 1
1 1 0 0 1 1 0 0 1 1 0 0 0 1 1 0 0 0 1 1 0 1 0 1 0 1 0 1 1 0 0 0 1
1 0 1 1 1 0 0 0 0 1 0 1 0 0 1 1 0 1 0 1 0 1 0 0 0 0 1 0 1 1 1 0 1
1 1 0 1 1 0 1 1 1 0 1 0 0 1 0 1 1 1 0 0 1 1 1 0 1 0 0 1 0 0 1 1 1
1 0 0 1 0 0 0 0 1 0 0 1 1 1 0 1 1 0 0 0 1 0 0 0 0 1 1 0 1 0 1 1 1
1 0 1 1 1 0 0 1 0 1 0 0 1 1 0 1 0 0 0 1 1 1 0 1 0 1 0 1 1 0 0 0 0
0 0 0 0 1 0 0 1 1 0 0 1 1 1 0 0 1 0 0 1 0 0 1 1 1 1 1 1 1 1 0 1 1
1 1 0 1 0 0 0 1 1 1 0 1 0 0 1 1 0 0 0 0 1 1 1 0 1 0 0 0 1 0 1 0 0
0 0 1 0 1 1 0 1 1 1 1 0 1 0 1 1 0 1 1 1 1 0 1 1 1 1 0 0 0 0 1 1 1
1 0 1 0 1 0 1 1 1 1 1 0 0 0 0 1 1 1 1 1 0 1 1 1 1 1 0 0 0 1 0 0 1
1 0 0 1 0 1 0 1 1 0 1 0 1 0 0 1 1 1 0 0 0 1 1 1 1 1 1 1 1 0 1 0 0
1 0 0 1 0 1 0 1 0 0 1 1 0 1 0 0 1 1 1 1 1 0 0 1 1 0 0 1 0 0 1 1 0
1 1 0 1 1 1 0 1 0 0 0 0 0 0 1 0 1 0 0 1 1 1 0 0 0 1 1 1 1 1 1 1 1
0 0 0 0 0 1 1 1 0 0 1 0 1 0 1 1 0 1 0 1 1 0 0 0 0 0 0 0 1 1 1 1 0
0 0 1 0 0 0 0 1 1 0 0 1 1 1 1 0 0 1 1 1 1 1 0 0 0 1 0 1 0 0 0 1 0
1 1 1 1 0 1 0 0 0 1 1 1 1 0 1 0 0 1 1 0 1 1 1 1 0 1 1 1 1 0 0 1 1
0 1 0 0 0 1 1 0 0 0 1 0 1 1 0 0 0 1 1 1 0 1 0 1 1 0 1 0 1 0 1 0 0
1 0 1 1 0 1 1 0 0 0 0 0 0 1 1 1 0 0 1 0 0 1 1 0 0 0 1 0 1 0 0 1 0
1 0 0 1 1 1 1 1 0 0 1 1 0 0 1 1 0 0 0 0 0 1 0 0 1 1 0 1 1 0 0 1 0
0 1 1 0 1 0 1 0 0 0 0 1 0 1 0 1 1 1 0 1 1 1 0 1 0 0 0 1 0 1 1 0 0
1 0 0 0 0 1 1 0 1 1 0 0 0 0 1 1 0 1 1 1 0 1 0 0 1 0 0 0 1 0 1 0 0
1 0 0 0 1 1 1 1 1 1 1 1 0 0 1 0 1 0 0 1 1 1 1 0 0 0 1 1 0 1 1 1 1
0 0 1 1 1 0 1 0 0 1 1 0 1 1 1 1 1 1 0 0 1 1 0 1 1 1 0 1 1 1 1 0 0
0 1 0 0 1 0 1 0 0 1 1 1 0 0 1 0 0 0 0 1 1 0 1 1 1 1 0 0 1 0 1 0 1
1 0 1 1 0 0 1 0 1 0 1 1 1 1 1 0 1 0 0 1 1 1 1 1 1 0 1 0 1 0 1 0 0
0 0 0 0 0 0 0 1 0 0 0 1 1 0 1 1 0 1 0 0 1 0 0 1 1 0 1 0 1 0 1 0 1
1 1 1 0 0 1 0 0 1 0 0 1 1 0 1 1 1 1 0 0 0 1 0 1 1 0 1 0 0 0 1 1 0
0 1 1 0 0 1 1 1 1 0 1 0 0 1 1 1 1 1 0 1 1 0 1 1 0 1 0 1 1 0 1 1 1
1 1 1 0 1 0 1 0 0 1 0 1 1 0 1 0 0 1 0 1 1 1 1 0 1 0 0 1 1 1 0 0 0
1 1 1 0 1 1 1 1 1 0 0 0 1 1 1 1 0 0 0 1 0 1 1 0 1 0 0 1 0 1 1 0 0
1 1 1 1 1 1 1 0 0 1 1 0 0 1 0 1 1 0 0 1 1 1 0 1 1 1 1 1 1 0 0 0 0
0 1 1 1 0 0 1 1 0 1 0 0 0 0 0 0 0 0 1 1 1 0 1 0 0 1 0 0 0 0 1 0 1
0 0 1 1 1 1 1 0 0 1 0 1 1 0 0 1 0 1 1 0 1 1 1 0 0 0 1 1 1 1 1 1 0
1 0 1 0 0 1 0 1 1 0 1 0 1 1 0 0 1 0 1 1 1 0 1 0 0 1 0 0 0 1 1 1 1
0 0 0 1 1 0 0 1 0 0 1 1 0 0 1 1 1 1 0 0 1 1 1 1 0 0 1 0 0 1 1 1 1
1 0 0 0 1 1 0 1 0 0 0 1 1 1 1 0 1 1 0 1 0 0 0 1 1 0 1 0 1 1 0 0 0
1 1 1 0 0 1 1 0 1 0 1 0 0 0 0 0 0 1 1 0 1 1 1 0 1 0 0 0 1 1 1 0 1
1 1 1 1 1 0 1 1 0 0 1 0 1 0 1 0 1 1 0 0 0 1 0 0 0 1 1 0 0 0 0 1 0
1 0 0 0 1 1 0 0 0 1 1 0 1 1 0 1 0 0 0 0 0 0 0 0 1 0 0 1 1 1 0 0 1
0 1 0 1 1 1 1 1 1 1 0 1 0 0 0 1 1 0 0 1 0 1 0 0 1 0 1 0 0 1 0 0 0
1 0 1 0 1 1 0 0 0 0 1 0 0 0 1 0 0 0 1 1 0 0 1 1 1 1 1 1 1 1 1 0 0
0 1 1 1 1 0 0 0 1 0 1 1 1 0 1 1 0 0 1 0 0 1 0 0 1 1 0 0 1 1 0 0 0
0 1 0 0 0 1 1 0 0 0 0 0 0 0 1 0 0 1 0 0 1 1 1 0 0 1 1 1 1 1 1 1 0
1 0 1 1 0 0 0 0 0 1 0 1 0 0 1 0 1 1 0 0 1 0 0 1 1 1 0 0 0 0 0 0 0
1 0 0 0 1 0 0 0 1 1 0 1 1 0 0 1 0 1 1 0 1 1 1 0 1 1 1 1 0 1 0 0 0
1 0 1 0 0 1 1 0 1 1 0 1 0 1 1 1 1 0 1 1 0 0 0 1 0 0 1 0 0 0 0 1 1
1 1 0 0 0 0 1 0 0 0 1 1 1 0 0 1 1 1 0 0 1 0 0 0 1 1 1 0 0 0 0 1 0
0 0 1 0 0 1 0 0 0 0 0 1 0 0 0 0 0 1 0 1 0 0 1 1 0 0 0 1 0 0 0 1 0
1 0 0 1 1 0 1 1 1 0 1 0 0 0 1 1 1 0 0 1 1 0 1 1 1 1 0 0 0 0 1 0 0
1 0 1 1 0 1 0 0 1 1 1 0 1 0 1 0 1 1 1 1 1 1 0 0 0 0 0 1 0 1 1 0 1
1 1 1 0 0 0 1 0 1 1 1 1 0 0 1 1 0 0 1 1 1 0 0 0 1 1 1 0 0 1 0 1 0
1 0 1 0 0 0 0 0 0 0 0 0 1 1 1 1 0 1 1 1 1 1 0 1 1 1 0 0 0 1 0 0 1
0 0 1 1 1 1 1 1 0 0 1 1 1 1 0 0 1 0 1 1 0 1 0 1 1 1 1 0 0 0 1 1 1
1 1 0 1 1 1 0 0 1 1 1 0 0 0 0 1 1 0 1 0 0 1 0 1 1 1 1 0 1 0 1 1 1
0 0 0 1 0 1 1 0 1 1 1 1 1 0 0 0 0 0 1 1 0 0 0 0 0 0 1 0 1 1 0 0 1
0 0 1 0 0 1 1 1 1 1 0 0 0 0 0 0 0 1 0 1 0 1 0 1 1 1 1 0 1 0 0 1 0
1 1 0 1 0 1 0 1 0 1 1 1 0 1 1 1 0 1 1 1 1 1 0 1 1 1 1 0 1 1 1 0 0
0 1 0 0 0 0 1 0 0 1 0 0 0 1 0 0 1 0 1 1 0 1 0 0 1 1 1 1 1 1 0 1 1
0 1 0 0 1 0 1 1 0 1 0 1 1 0 1 1 1 0 0 0 1 1 1 1 0 1 1 1 0 0 0 0 0
0 0 0 1 1 0 0 0 0 1 1 0 0 1 1 0 0 1 0 0 1 1 0 1 1 0 1 1 1 0 1 1 1
0 1 1 1 0 0 1 1 1 1 0 0 0 1 1 0 0 1 1 1 0 0 1 1 0 1 1 0 1 1 0 1 1
1 0 0 0 0 1 0 1 1 1 1 1 1 1 0 0 0 0 0 0 1 1 1 1 1 0 0 0 0 1 0 0 0
1 0 1 0 1 1 1 1 1 0 1 0 1 0 0 0 0 1 1 1 1 0 0 0 1 0 1 0 1 0 1 0 1
1 1 0 0 1 1 1 1 0 1 0 0 1 1 0 1 0 1 0 1 1 0 1 1 0 0 1 1 0 1 0 0 1
0 0 1 1 1 0 1 1 0 0 0 1 0 0 1 0 1 0 0 0 0 0 0 1 0 0 1 1 1 1 0 0 1
1 0 0 1 1 0 1 0 0 1 0 1 0 1 0 1 1 0 0 1 0 0 1 0 0 0 1 1 0 1 1 1 1
0 1 0 0 0 1 0 0 1 0 0 0 1 1 1 1 0 0 1 0 1 1 1 0 1 1 0 1 1 0 1 1 1
0 1 1 1 1 1 0 0 1 0 0 0 1 1 0 1 0 0 1 1 1 0 0 0 0 1 0 0 1 1 1 1 0
1 1 1 0 0 1 0 1 0 1 1 1 1 0 0 0 0 1 0 1 0 1 1 0 0 0 0 0 1 0 0 0 0
0 1 1 1 1 1 0 1 1 1 1 0 0 0 1 0 1 1 0 0 1 1 0 0 0 1 0 0 1 0 0 1 0
1 1 0 0 0 0 1 0 1 1 1 0 1 0 0 1 1 1 1 1 0 0 1 0 0 1 0 0 1 0 1 1 0
0 1 1 0 1 0 1 0 1 0 0 0 0 0 1 1 1 0 1 1 1 1 1 0 1 1 1 0 1 0 1 0 1
0 0 0 1 1 1 0 1 0 1 1 0 0 1 1 1 0 0 0 1 0 0 1 1 1 0 0 1 0 1 1 1 0
1 1 1 1 0 0 1 0 0 1 1 0 0 0 0 1 0 1 0 1 1 1 1 0 0 0 1 0 1 0 1 0 1
0 1 1 0 1 1 1 1 0 1 1 1 1 1 0 0 0 0 0 0 1 1 0 1 0 1 1 0 1 0 0 1 1
0 0 1 0 1 1 0 0 0 0 1 1 0 0 0 1 1 0 1 1 1 1 1 1 0 0 1 0 1 1 1 0 1
1 0 1 0 0 0 1 1 0 0 1 0 1 1 1 1 0 1 1 0 0 1 1 0 0 1 1 0 0 1 0 1 1
0 1 0 0 0 0 0 0 1 1 1 0 0 0 0 0 0 1 1 0 0 1 1 0 1 0 0 1 0 1 1 0 0
0 0 1 1 1 0 0 0 0 0 1 0 1 1 1 1 0 1 0 1 0 0 0 1 0 1 1 1 1 0 0 1 1
0 0 0 1 0 1 0 0 0 1 1 1 0 1 1 1 1 0 0 0 1 1 1 1 0 1 0 0 0 1 0 0 1
1 1 0 0 1 0 1 1 1 0 0 0 0 0 0 0 0 0 0 1 0 0 1 1 0 0 1 0 0 0 0 1 1
0 1 1 1 0 1 0 1 0 0 0 1 0 0 1 0 1 1 0 0 1 0 0 0 0 1 1 1 1 0 1 0 1
1 1 1 1 1 1 0 1 0 0 0 1 1 1 0 1 0 0 1 1 0 0 1 1 0 1 1 0 0 0 0 1 0
0 0 1 0 1 0 1 1 1 1 0 0 0 0 0 1 1 1 1 1 1 1 0 0 0 0 1 1 0 0 1 1 1
1 0 1 0 0 0 0 1 1 1 1 1 0 1 1 1 1 0 1 1 0 0 0 0 1 1 1 0 1 1 1 0 0
1 0 0 0 0 0 0 1 1 1 1 0 1 1 1 1 0 1 1 1 1 0 1 0 0 0 1 1 0 0 1 0 0
0 0 0 1 1 1 1 0 1 0 1 1 1 1 0 0 0 1 1 0 1 0 0 1 1 1 0 0 1 0 1 0 1
1 1 1 0 0 0 1 0 1 0 0 0 1 1 0 1 1 0 1 1 1 1 0 0 0 0 1 0 1 1 0 1 0
0 1 1 0 1 1 1 0 0 0 1 0 0 0 0 1 0 0 0 0 0 0 0 1 0 1 0 0 0 1 1 1 1
1 1 0 0 1 1 0 0 1 1 0 1 1 0 1 1 0 0 0 0 1 0 1 1 1 1 0 0 1 1 0 1 1
1 0 1 1 0 0 1 1 1 1 0 1 1 1 0 0 1 1 1 0 0 0 0 1 1 1 1 1 0 0 0 0 0
0 0 0 1 1 0 0 1 1 0 1 0 1 1 1 0 1 0 1 1 0 0 1 0 0 0 1 1 0 0 0 1 1
0 1 1 0 0 1 1 0 1 0 1 1 0 0 0 1 0 0 1 0 0 1 1 1 1 1 1 1 0 1 1 0 0
1 1 0 0 0 0 1 0 0 1 0 1 1 0 1 1 1 0 0 1 1 0 0 1 0 0 0 0 1 0 1 1 1
0 1 0 1 0 0 0 0 1 1 1 1 0 1 1 0 0 0 0 1 1 0 0 1 0 1 1 0 0 0 0 0 0
0 1 1 1 0 0 1 1 0 1 0 0 0 0 1 1 0 0 0 0 0 1 0 0 1 1 1 1 0 0 1 1 1
1 0 1 0 0 1 1 0 0 1 0 0 1 1 1 0 1 1 0 1 1 0 0 0 0 1 1 0 1 0 1 0 0
1 1 1 1 0 0 0 1 1 0 0 0 0 0 0 1 0 0 0 1 0 0 0 0 1 1 0 0 1 1 0 1 1
0 0 0 1 1 1 0 0 0 1 1 0 1 0 0 0 1 1 1 1 0 1 0 0 0 0 1 1 0 0 1 0 0
1 0 1 1 0 1 1 0 1 0 0 0 0 1 0 0 1 0 0 0 1 0 1 1 0 1 0 0 1 0 0 1 0
0 0 1 0 0 1 0 0 1 0 0 1 1 1 1 0 1 1 1 0 0 1 1 0 0 0 0 0 1 1 0 1 1
0 0 1 1 0 0 0 1 1 1 0 1 0 0 0 1 1 1 1 1 1 0 0 1 0 0 1 0 0 1 0 1 1
0 1 1 0 1 1 0 1 0 1 1 0 1 0 1 1 1 0 1 0 0 1 0 1 1 0 0 1 1 0 0 0 0
0 1 1 1 0 0 0 1 0 1 0 1 1 1 0 1 0 1 1 0 1 1 0 1 1 1 0 1 0 1 0 0 1
1 0 1 1 0 0 1 0 0 0 1 1 0 0 0 0 1 0 1 0 0 1 0 0 1 0 0 0 1 1 0 1 1
1 0 0 0 0 1 0 0 0 1 0 0 1 0 1 0 0 0 1 1 1 0 0 1 1 1 1 0 1 0 0 1 0
1 1 0 0 1 0 1 0 0 0 1 0 1 0 0 0 1 0 0 1 1 0 0 1 1 1 1 1 1 1 1 1 0
0 1 0 1 1 1 1 0 1 1 0 0 1 1 0 0 0 0 0 0 0 0 1 1 0 1 1 1 1 1 1 0 0
1 0 1 0 0 1 0 0 0 1 1 0 0 0 1 0 1 1 0 0 1 0 0 1 1 0 1 1 0 1 1 1 1
1 0 1 1 0 0 1 1 0 0 0 0 1 0 1 0 0 0 1 1 1 1 1 0 1 1 1 1 0 0 1 0 0
0 0 1 0 0 0 0 0 1 0 0 1 0 0 1 0 0 0 1 0 0 0 0 1 1 1 0 1 1 0 1 1 1
1 1 0 0 1 0 1 0 0 1 1 1 0 1 1 1 0 1 0 0 0 1 0 1 1 0 0 0 0 0 1 1 0
0 1 1 1 1 0 0 1 0 0 1 1 1 0 0 0 0 1 0 0 0 0 0 0 0 0 0 0 0 1 1 0 1
0 0 0 0 1 1 0 0 1 0 1 1 0 1 0 1 1 0 1 1 0 1 0 1 0 1 0 1 0 1 1 1 1
0 1 0 1 0 1 1 0 1 0 0 1 1 1 1 0 1 0 0 0 1 1 0 0 0 1 1 0 0 1 1 1 1
0 1 0 1 1 0 0 1 1 1 1 0 0 1 0 0 1 0 1 0 1 1 1 1 1 1 1 0 0 1 0 1 1
0 1 0 0 0 1 1 1 1 0 1 1 0 1 1 1 1 1 0 0 0 1 0 1 0 0 1 1 1 1 0 0 1
0 1 1 0 1 1 1 0 1 1 1 0 1 0 0 1 0 0 0 1 1 1 0 1 0 0 0 1 1 1 0 1 1
1 1 1 0 1 1 1 1 1 1 1 1 1 1 1 0 0 0 1 0 1 0 0 0 0 1 1 0 1 0 0 1 0
1 0 0 0 1 0 1 1 1 0 0 1 1 1 0 1 0 1 0 1 0 1 1 0 1 1 0 0 1 0 1 0 1
0 0 0 1 1 1 0 1 1 0 0 0 1 0 0 0 0 1 1 0 0 1 1 0 1 1 0 0 1 1 1 1 0
0 1 0 0 1 0 0 1 1 1 1 0 1 0 1 0 1 1 0 0 1 0 0 1 0 0 0 0 1 1 1 0 1
1 0 0 0 1 1 0 1 0 0 1 0 0 0 0 1 1 0 0 1 0 1 1 0 1 1 0 0 1 0 1 0 1
1 1 0 0 1 1 0 1 0 0 1 0 0 0 0 0 0 1 1 0 1 1 0 1 1 1 0 1 0 1 0 1 1
1 0 0 1 0 1 0 0 1 0 1 0 1 1 1 1 1 1 1 1 1 1 0 0 1 0 1 1 1 1 0 1 0
1 1 1 1 1 1 0 0 1 0 0 1 1 0 0 1 1 1 1 1 0 0 0 1 1 0 0 1 0 1 0 1 1
1 0 0 1 0 0 1 1 1 0 0 1 0 1 1 1 0 0 1 1 1 0 1 1 0 0 0 1 1 1 0 1 0
0 0 1 1 1 0 0 0 0 1 0 1 0 0 1 1 0 0 0 1 0 1 1 0 0 1 1 0 1 0 0 1 0
1 1 1 1 0 1 1 1 1 1 1 1 1 1 1 1 0 0 0 0 0 1 1 0 1 1 1 1 1 0 0 0 1
0 1 0 0 0 1 1 1 0 0 0 1 1 0 0 1 1 1 0 0 1 0 1 1 1 1 0 0 1 1 0 0 0
0 1 0 0 0 1 0 1 0 1 1 0 1 0 1 0 1 0 1 1 0 0 0 0 1 1 0 0 1 1 0 0 1
0 0 1 0 1 1 1 0 0 0 0 0 1 1 1 1 1 1 1 1 1 0 1 1 1 1 1 1 1 1 0 0 0
1 1 1 0 1 0 0 0 0 1 1 0 1 1 1 1 1 0 1 0 0 0 1 1 1 1 0 0 0 1 0 0 0
1 1 0 1 0 1 1 0 0 0 1 0 0 0 1 0 1 0 1 0 1 0 0 0 1 0 0 1 1 1 1 1 0
1 1 0 1 0 1 0 0 0 1 0 1 0 0 0 1 1 1 1 0 0 0 1 1 1 0 1 1 0 1 0 0 1
0 1 1 0 0 0 0 0 0 1 1 0 1 1 1 1 1 0 0 1 0 1 1 1 1 0 1 0 0 0 0 1 1
1 1 1 1 1 0 0 0 1 1 0 0 0 0 1 0 0 1 0 1 0 1 1 0 1 1 0 1 0 0 1 0 0
0 1 1 0 1 1 1 1 0 0 0 0 1 1 0 1 1 1 1 0 0 0 0 0 0 0 1 1 1 1 1 1 1
0 0 1 1 1 1 0 1 1 0 0 0 0 1 1 0 0 0 1 0 1 1 1 1 1 0 0 0 0 1 0 1 1
1 1 0 1 0 0 1 0 0 0 1 0 1 1 0 1 0 1 0 1 0 1 0 1 0 0 0 0 0 1 0 0 0
0 0 1 1 0 0 0 0 0 0 0 1 1 0 1 0 1 1 1 0 1 0 0 1 1 0 1 0 1 1 1 1 0
1 1 1 1 0 1 0 0 1 1 1 1 1 1 0 0 1 0 0 0 0 1 1 0 0 0 1 1 1 1 1 1 1
1 1 0 0 1 0 0 0 1 0 0 0 1 0 1 1 0 0 0 1 0 0 1 0 0 1 1 1 0 1 1 1 1
0 0 0 0 0 0 1 0 1 1 1 1 0 0 0 1 1 0 0 1 1 0 1 1 1 0 0 1 1 1 0 0 0
0 0 0 0 0 1 1 1 1 0 0 0 0 1 0 0 1 0 1 1 1 1 0 0 0 0 0 0 1 0 1 0 1
0 0 1 1 0 1 1 0 1 1 0 0 1 0 0 1 1 1 0 1 1 0 0 0 0 1 0 1 0 1 0 0 1
0 1 0 0 1 0 1 1 0 0 1 1 0 1 1 1 0 0 1 1 0 1 1 1 0 1 1 1 1 0 1 1 0
0 0 1 0 1 1 1 0 1 0 0 1 0 0 1 0 0 1 0 0 1 1 0 1 1 0 1 0 1 1 0 1 1
1 1 1 0 1 0 0 1 1 0 0 1 0 0 1 1 1 1 0 0 0 0 1 0 0 0 1 1 1 1 0 0 0
0 1 0 0 1 1 0 1 1 1 0 1 0 1 0 1 1 1 1 1 0 1 0 1 1 0 1 0 1 0 0 0 0
0 1 0 0 0 0 0 1 0 1 1 0 1 1 0 0 0 1 0 1 1 1 1 1 0 1 0 1 0 0 1 1 1
1 1 0 1 0 0 1 1 1 0 1 1 0 0 1 1 1 1 1 1 0 1 1 1 0 1 0 1 0 0 0 0 1
1 0 0 0 1 1 1 1 0 0 1 1 1 0 1 1 1 0 1 1 0 0 1 1 0 0 0 1 1 0 0 0 0
1 0 1 0 0 1 1 1 1 1 1 1 1 0 1 1 0 0 0 0 0 0 0 1 1 0 0 1 1 1 1 0 1
0 1 1 1 0 1 1 0 0 0 0 0 0 1 1 0 1 1 0 1 1 0 0 1 0 0 0 0 1 1 0 0 0
1 0 0 0 0 0 0 1 1 0 1 1 1 0 1 0 0 1 0 1 1 0 1 0 1 1 0 1 1 0 0 1 1
0 1 1 0 1 0 1 0 0 1 0 1 1 1 0 0 1 1 1 1 1 0 1 0 1 0 1 0 0 0 1 0 0
0 0 0 1 1 0 1 0 0 1 0 0 0 1 0 0 0 1 1 0 0 0 0 1 1 0 0 0 0 1 1 0 1
1 0 1 1 1 1 1 0 1 0 0 0 1 0 0 0 1 0 1 0 0 1 0 1 1 1 1 1 0 0 0 0 1
0 0 1 1 0 0 0 1 1 0 1 0 0 1 0 1 0 1 1 0 1 0 0 1 1 0 1 0 1 0 0 0 0
1 0 0 1 1 0 0 1 0 1 0 1 1 1 0 0 1 0 0 1 0 1 1 0 1 0 1 1 0 0 0 1 0
1 1 1 0 1 0 1 0 0 1 0 0 1 1 0 0 0 0 0 1 1 1 1 0 0 1 1 0 1 1 0 1 1
1 1 1 1 0 0 1 1 1 1 1 0 1 0 0 0 1 0 1 1 0 1 0 1 0 0 1 0 0 1 1 0 1
1 1 0 0 0 1 0 0 0 0 0 0 1 0 1 0 1 1 1 0 0 1 0 1 0 0 0 1 1 0 1 0 1
0 0 0 1 1 1 1 1 0 0 1 0 0 1 0 1 1 0 1 0 1 1 0 0 1 1 1 1 0 1 0 0 0
1 1 1 0 1 1 1 0 0 0 1 1 1 1 1 1 0 1 0 0 0 0 1 0 1 0 1 0 1 1 0 1 1
0 0 0 1 0 0 1 0 0 1 1 1 1 0 1 1 0 1 1 1 0 1 1 0 1 1 0 1 1 1 0 0 1
0 0 0 1 0 1 1 1 0 0 0 1 0 0 1 0 0 1 0 1 0 0 1 1 1 1 0 1 0 0 1 0 1
1 0 0 0 0 0 0 0 1 0 1 1 0 0 1 0 0 0 1 0 0 0 1 0 0 1 0 1 0 1 0 1 1
1 1 1 0 0 1 0 0 0 1 0 1 0 1 0 1 0 0 1 1 1 1 1 0 1 1 1 0 1 0 1 1 1
1 1 0 1 1 1 0 0 1 1 0 1 0 1 1 1 0 1 0 1 1 0 0 1 0 1 0 1 0 0 1 0 1
1 1 1 1 0 0 0 1 1 0 1 1 1 0 1 0 1 1 1 1 0 0 1 1 0 1 0 0 0 1 0 0 0
1 0 1 1 0 1 1 1 0 1 0 0 1 1 1 1 0 0 0 0 1 0 1 1 0 0 1 1 0 1 0 0 1
0 0 0 0 1 0 0 1 0 1 1 0 0 0 1 0 0 0 0 1 0 1 0 1 0 1 0 1 1 0 0 1 0
0 0 1 1 0 1 0 1 1 0 1 1 0 0 0 1 0 1 1 0 0 1 0 0 1 0 1 1 0 0 1 1 0
0 0 0 1 1 1 0 1 0 1 1 1 1 1 1 1 1 1 1 1 0 1 0 0 0 1 1 0 0 0 1 0 1
0 0 0 1 0 0 1 1 0 0 1 1 1 0 0 0 1 1 1 1 1 1 1 1 1 1 1 0 1 1 1 0 0
1 0 0 0 0 0 0 1 0 0 1 0 0 1 1 1 0 0 1 0 1 1 1 1 0 0 0 0 0 1 1 1 0
0 1 0 1 1 1 1 0 1 0 0 0 1 0 0 1 0 1 1 0 1 1 1 0 0 1 1 0 0 0 1 0 0
0 1 0 0 0 1 1 0 0 1 0 0 0 0 1 1 1 1 0 0 0 1 0 1 0 1 0 1 0 1 0 1 0
0 0 0 0 0 0 1 0 1 1 0 0 1 0 0 0 0 1 0 0 0 1 1 0 0 0 1 1 0 0 1 1 1
1 1 1 0 1 0 1 0 1 0 0 1 0 1 0 0 1 0 0 1 1 0 0 1 0 1 0 1 0 0 0 0 1
1 1 1 1 1 0 0 0 1 1 1 0 0 1 0 0 0 0 1 1 1 0 0 0 1 0 0 0 0 0 0 1 0
1 1 0 0 0 1 1 1 0 0 0 0 0 1 0 1 0 1 0 0 1 1 0 0 0 0 0 1 0 0 0 1 0
0 1 0 0 1 1 0 1 0 1 0 1 0 1 1 0 1 0 1 0 1 1 1 0 0 0 1 1 0 1 0 0 1
1 0 0 0 1 0 1 0 0 1 0 0 0 1 1 0 1 1 0 1 0 0 1 1 1 1 1 0 1 0 0 1 1
0 1 1 0 0 0 0 0 1 1 1 1 1 1 0 0 1 0 1 0 1 0 1 0 1 1 1 0 0 0 0 0 1
0 1 1 0 1 0 0 1 0 0 0 1 0 1 1 0 1 1 0 0 0 0 0 0 1 1 0 0 0 0 1 1 1
0 1 1 0 1 1 0 1 1 1 1 0 0 1 1 1 0 0 1 1 0 0 1 1 0 1 1 1 0 0 0 1 1
1 1 0 1 0 1 0 0 1 1 1 0 1 1 0 0 0 0 1 1 0 0 1 0 0 0 1 1 1 0 1 0 0
1 1 0 1 1 0 0 0 0 0 0 1 1 1 1 0 1 0 1 0 1 1 1 0 1 1 0 0 1 0 0 0 1
1 1 1 1 1 0 1 0 0 0 1 1 0 0 0 0 1 0 0 0 0 1 1 1 1 0 0 1 1 0 1 0 1
0 0 1 0 0 1 0 1 0 0 1 0 1 1 1 0 0 1 1 0 0 0 0 1 0 1 1 0 1 1 1 0 0
1 0 1 0 1 0 1 1 1 0 0 0 0 0 0 1 0 0 1 0 0 1 0 1 0 1 1 1 1 1 1 1 0
1 0 1 0 1 0 1 0 1 1 1 1 0 1 1 0 1 1 0 1 0 1 0 1 1 0 1 1 0 1 0 1 1
1 0 0 0 0 1 1 1 0 0 0 0 1 1 0 0 1 0 0 0 0 0 0 0 1 0 1 0 0 0 1 0 1
0 0 1 0 0 0 1 0 0 0 0 0 0 1 1 1 0 0 1 0 1 0 0 0 1 1 0 1 1 0 0 0 1
1 1 1 1 1 1 1 1 1 1 0 1 1 0 1 0 1 0 0 0 1 1 1 1 0 0 0 0 1 0 0 0 0
0 1 0 0 0 1 1 1 1 0 0 1 0 1 0 0 1 1 1 1 1 1 1 0 0 1 1 0 1 1 0 0 0
0 1 0 1 0 1 0 0 0 0 0 1 0 1 1 0 0 0 0 0 0 1 1 1 1 0 1 0 0 0 0 0 0
0 0 1 0 0 0 1 0 0 0 1 1 1 1 0 1 0 1 0 1 1 1 1 1 0 0 1 1 0 1 1 0 1
1 1 0 0 0 0 1 1 1 0 1 1 1 1 1 0 0 1 0 1 1 1 0 0 1 0 0 0 0 1 1 1 1
0 1 1 1 0 1 1 1 0 0 1 0 0 1 0 1 1 0 0 1 1 0 0 1 1 1 1 1 1 1 0 1 1
0 0 0 0 1 1 0 1 1 1 1 1 0 1 0 1 1 0 0 0 0 1 1 0 0 0 0 1 0 0 1 0 0
0 1 0 1 1 0 0 0 0 0 0 0 0 1 1 1 1 1 1 0 0 0 1 1 0 1 0 1 1 0 1 0 0
1 0 0 1 1 1 0 1 1 0 1 1 1 0 1 1 1 1 0 0 1 0 1 1 0 1 1 1 1 1 1 1 1
0 0 0 0 0 1 1 0 1 1 1 0 1 0 1 0 1 0 1 0 0 1 1 0 1 1 0 1 0 0 1 1 1
0 0 1 1 0 1 0 0 0 1 1 0 1 0 0 0 0 0 0 0 0 0 1 1 1 0 0 1 0 0 0 0 1
0 1 1 0 1 0 1 1 0 1 1 1 0 1 0 0 0 1 1 0 1 0 1 1 0 1 0 0 1 1 0 0 1
1 1 0 0 1 0 0 1 0 1 0 0 0 0 1 0 1 0 1 1 0 0 1 0 1 0 0 1 1 1 0 1 0
0 1 0 1 1 0 0 1 0 0 0 1 1 1 0 1 0 1 0 1 0 1 0 0 0 1 0 1 0 1 1 1 1
0 1 0 1 0 1 0 0 1 0 1 0 1 1 0 0 0 0 0 0 0 0 1 1 1 1 1 0 1 1 1 1 1
1 0 0 1 0 0 1 0 0 0 0 0 0 1 1 1 0 1 1 1 0 1 0 1 1 0 1 1 1 0 1 1 1
1 1 1 1 1 0 1 0 1 0 1 1 1 0 0 1 0 0 1 0 0 0 1 0 1 1 0 0 0 0 1 1 1
0 1 0 0 0 1 0 1 1 0 1 1 0 0 0 0 0 0 0 0 0 1 0 0 0 0 1 1 1 0 0 1 0
1 1 0 1 1 0 1 0 1 0 0 0 0 1 0 1 1 0 0 0 0 1 1 1 0 0 0 0 1 1 1 0 1
1 0 1 0 0 1 1 0 0 1 1 1 1 0 1 1 0 0 1 1 1 1 0 0 1 1 1 0 1 1 1 1 1
1 0 1 1 0 0 0 0 1 0 0 0 0 0 1 1 1 1 0 1 1 1 1 0 0 0 0 1 1 0 1 1 1
1 1 1 1 1 1 1 1 0 1 0 1 1 0 0 1 1 0 0 0 0 1 0 0 0 1 0 0 1 1 0 0 1
1 0 1 0 1 1 0 0 1 1 0 0 0 1 0 1 1 1 1 0 1 0 0 0 0 1 0 0 1 0 0 1 1
0 0 0 0 1 1 0 0 0 1 0 1 0 0 0 0 0 0 0 1 0 1 0 0 1 0 0 1 0 0 1 0 1
1 0 1 1 0 0 0 0 0 0 0 1 0 0 0 0 1 1 1 0 1 1 1 0 0 0 1 1 1 0 1 0 0
1 0 0 1 1 0 0 1 1 1 0 0 1 0 0 1 1 1 0 1 0 0 0 1 0 1 0 1 1 0 0 1 0
0 0 0 1 0 0 0 1 1 1 1 1 0 1 0 1 0 1 0 1 1 1 1 0 1 0 1 0 1 1 0 1 1
1 0 0 1 1 1 0 1 0 1 0 1 0 0 0 1 0 1 0 0 1 0 0 1 0 0 1 0 0 0 1 1 0
1 1 1 1 1 0 1 0 0 0 1 1 0 1 1 1 1 1 1 1 1 0 1 0 0 0 0 0 0 1 0 1 1
1 0 1 1 1 1 1 0 1 0 1 0 1 1 1 0 1 1 0 1 1 0 1 0 1 0 0 1 0 0 0 0 0
C Elapsed Time 44962.360000 
