C CINVESTAV-TAMAULIPAS, MEXICO 
C email: jtj@cinvestav.mx 
C http://www.tamps.cinvestav.mx/~jtj/ 
C 
64 7 2^7 6 
0 0 0 0 0 0 1 
0 0 0 0 1 0 0 
0 0 0 1 0 0 0 
0 0 0 1 0 1 1 
0 0 0 1 1 0 1 
0 0 0 1 1 1 0 
0 0 1 0 0 0 0 
0 0 1 0 0 1 1 
0 0 1 0 1 0 1 
0 0 1 1 0 0 1 
0 0 1 1 0 1 0 
0 0 1 1 1 0 0 
0 0 1 1 1 1 1 
0 1 0 0 0 0 0 
0 1 0 0 0 1 1 
0 1 0 0 1 0 1 
0 1 0 1 0 0 1 
0 1 0 1 0 1 0 
0 1 0 1 1 0 0 
0 1 1 1 1 1 0 
0 1 1 0 0 0 1 
0 1 1 0 0 1 0 
0 1 1 0 1 0 0 
0 1 1 1 0 0 0 
1 0 0 0 0 0 0 
1 0 0 0 0 1 1 
1 0 0 0 1 0 1 
1 0 0 0 1 1 0 
1 0 0 1 0 0 1 
1 0 0 1 0 1 0 
1 0 0 1 1 0 0 
1 0 0 1 1 1 1 
1 0 1 0 0 0 1 
1 0 1 0 0 1 0 
1 0 1 0 1 0 0 
1 0 1 1 0 0 0 
1 0 1 1 0 1 1 
1 0 1 1 1 0 1 
1 0 1 1 1 1 0 
1 1 0 0 0 0 1 
1 1 0 0 0 1 0 
1 1 0 0 1 0 0 
1 1 0 1 0 0 0 
1 1 0 1 0 1 1 
1 1 0 1 1 0 1 
1 1 1 0 0 0 0 
1 1 1 0 0 1 1 
1 1 1 0 1 0 1 
1 1 1 1 0 0 1 
1 1 1 1 0 1 0 
1 1 1 1 1 0 0 
0 0 0 0 0 1 0 
1 1 0 1 1 1 0 
0 0 1 0 1 1 0 
1 1 1 0 1 1 0 
0 1 0 0 1 1 0 
0 0 0 0 1 1 1 
1 1 0 0 1 1 1 
0 1 1 0 1 1 1 
1 0 1 0 1 1 1 
1 1 1 1 1 1 1 
0 1 0 1 1 1 1 
0 1 1 1 0 1 1 
0 1 1 1 1 0 1 
