C CINVESTAV-TAMAULIPAS, MEXICO 
C email: jtj@cinvestav.mx 
C http://www.tamps.cinvestav.mx/~jtj/ 
C 
547 41 2^41 6
0 1 0 1 1 0 0 0 0 0 1 1 0 0 1 0 0 0 1 0 0 0 1 1 1 1 0 1 1 1 0 1 1 1 0 0 0 1 0 1 0
0 0 0 1 1 0 1 0 1 0 0 0 0 0 0 0 0 0 0 1 0 1 1 1 1 1 1 1 0 0 0 1 1 0 1 1 0 0 0 0 0
1 0 1 1 0 0 1 1 1 0 1 0 0 1 0 1 1 1 0 1 1 1 1 1 1 0 0 0 1 0 0 1 1 1 0 0 1 0 1 1 1
0 1 0 1 1 1 0 1 1 1 0 1 1 1 0 0 1 0 1 1 0 1 0 0 0 1 1 1 1 1 1 0 0 1 0 1 1 1 0 0 0
1 0 0 0 1 1 0 1 1 0 1 0 1 0 0 1 0 0 0 0 0 0 0 0 1 0 0 1 0 1 1 0 0 0 0 1 0 0 1 1 1
0 0 1 0 0 0 0 1 0 1 1 1 0 1 0 1 0 1 1 1 0 0 0 1 0 1 0 0 1 0 0 0 0 0 0 0 1 0 0 0 0
0 1 0 0 0 1 1 1 0 0 0 1 0 1 1 1 0 0 0 1 1 0 1 1 1 0 1 0 0 0 1 1 1 0 1 0 1 1 0 0 1
0 1 1 1 1 0 0 0 1 0 0 1 0 1 1 1 1 1 0 0 0 0 1 0 0 1 0 0 1 1 1 0 1 1 1 1 1 0 0 1 0
1 0 0 1 0 0 0 0 0 1 1 1 0 0 0 1 1 1 0 1 0 0 1 0 1 1 0 1 1 1 1 1 0 1 1 1 1 0 1 0 1
0 1 1 0 1 0 0 1 0 0 0 0 0 0 0 1 0 1 1 0 0 1 1 0 0 0 0 0 1 1 0 1 1 0 1 0 0 0 0 0 1
1 1 0 0 1 1 0 0 1 1 0 0 0 1 0 1 1 1 1 1 0 0 0 1 0 0 0 0 0 0 0 0 0 1 1 1 1 0 1 1 1
1 0 1 1 0 1 0 1 1 1 1 1 0 1 1 1 1 0 1 1 1 0 0 0 1 0 0 1 1 0 1 0 0 1 0 1 1 1 1 0 1
0 0 1 0 1 1 1 0 1 0 1 1 1 1 1 1 1 1 0 0 0 1 1 1 1 1 1 1 1 0 1 1 1 1 1 1 1 1 0 0 1
1 0 0 0 1 0 0 1 1 0 1 0 0 0 1 0 1 1 0 1 0 0 1 0 0 1 0 0 0 0 1 1 1 1 0 0 0 0 0 0 0
0 0 1 1 0 1 1 0 1 1 0 0 1 1 1 0 1 1 1 1 1 1 1 1 0 0 0 1 0 1 1 0 0 1 0 1 1 1 1 1 1
1 1 0 1 0 0 1 1 0 1 1 0 1 1 0 0 1 1 0 0 1 0 0 0 1 1 1 1 0 0 0 1 0 0 1 1 0 0 1 0 1
0 0 1 1 1 0 1 1 1 1 0 1 0 1 1 0 1 1 0 1 0 0 0 0 1 1 0 0 0 1 0 0 0 1 1 0 1 1 0 1 0
0 0 1 1 0 1 1 1 1 1 0 1 0 1 1 1 0 0 1 1 1 1 0 1 1 1 0 1 0 1 0 0 1 0 0 1 1 0 0 1 1
1 0 0 0 0 0 0 1 0 1 0 1 1 0 1 1 1 1 1 0 0 1 1 0 0 1 1 0 1 1 0 1 1 1 0 1 1 1 1 0 0
1 1 0 0 1 0 1 1 1 1 1 0 1 1 0 1 1 0 1 1 0 1 1 1 0 0 1 1 0 0 1 0 0 0 1 0 1 1 1 0 0
0 0 1 0 1 0 0 0 0 0 0 1 1 1 1 1 1 0 1 0 1 1 0 0 1 1 1 0 1 0 1 1 0 0 0 0 1 1 0 0 1
0 1 1 1 0 0 0 1 0 1 0 0 1 1 0 1 1 1 1 1 0 0 1 1 1 1 1 0 0 0 0 0 1 0 0 1 1 0 0 1 0
1 0 1 1 0 1 0 0 1 1 1 1 0 0 0 1 1 1 1 1 1 1 1 0 1 1 1 1 0 0 1 1 0 0 0 1 1 1 0 1 1
0 1 0 1 1 0 0 1 0 0 1 0 1 1 1 1 1 0 0 1 1 1 0 0 1 1 0 1 0 1 0 1 1 1 1 0 0 0 0 0 0
1 1 1 1 1 0 0 1 0 1 1 1 0 1 1 0 0 1 0 0 0 0 0 1 0 1 1 1 1 0 1 1 0 0 1 0 1 0 1 1 0
0 0 1 0 0 1 0 1 1 0 0 1 1 1 1 1 0 0 1 0 0 0 0 0 1 1 0 1 1 1 1 0 0 1 0 0 0 1 0 1 0
0 0 1 1 1 1 0 1 1 0 1 0 1 0 1 0 1 0 1 1 0 1 0 0 0 0 0 0 1 0 0 1 1 1 1 1 1 1 1 0 0
1 0 0 0 0 1 0 0 1 0 0 0 1 1 0 0 1 1 0 0 0 0 0 1 1 1 0 0 0 1 0 0 0 0 0 1 1 1 0 1 1
0 1 0 0 1 0 1 0 1 1 0 1 1 0 0 0 0 0 1 0 0 0 0 0 1 0 0 0 1 1 1 1 0 0 0 1 1 0 1 0 1
1 1 1 0 1 0 1 0 1 1 0 1 1 1 1 0 1 0 0 0 0 0 1 1 1 1 0 1 1 1 1 1 0 1 1 0 1 1 1 1 1
1 1 1 1 0 0 0 1 0 0 0 0 1 0 0 0 1 1 1 1 0 1 0 1 0 0 1 0 0 0 1 1 1 0 0 0 1 0 1 0 1
1 1 0 0 0 1 1 1 0 1 1 1 1 1 1 1 0 1 1 0 1 1 1 1 1 0 0 1 1 1 1 1 0 0 1 1 0 0 0 1 1
0 1 0 0 1 1 0 0 0 1 0 0 0 1 1 1 1 1 0 1 1 0 0 1 1 1 1 1 0 1 0 1 0 1 0 1 0 0 1 0 1
0 1 1 1 0 1 1 0 1 0 1 1 1 0 1 0 1 0 0 0 0 1 1 1 1 0 0 1 1 0 0 0 0 0 0 0 1 1 1 0 0
1 0 1 0 1 1 1 1 1 1 0 1 0 1 0 0 0 0 1 0 0 0 1 0 0 1 1 1 1 0 0 0 1 0 0 1 0 0 0 0 1
0 1 1 0 1 1 1 1 1 1 0 1 1 1 0 1 1 0 0 1 0 0 0 0 1 0 1 1 1 1 1 1 1 1 0 1 0 0 1 1 0
1 1 1 1 1 0 0 0 1 0 0 1 1 1 0 1 1 0 1 1 0 1 0 1 0 1 0 0 1 1 1 1 1 0 1 0 1 1 1 0 0
0 0 0 0 1 1 0 1 1 0 1 0 0 0 0 1 0 0 1 0 1 0 1 0 1 0 0 0 0 1 1 0 1 0 1 0 1 1 0 0 0
1 0 1 1 0 0 1 1 1 1 0 1 1 1 1 1 1 0 0 0 1 1 1 1 0 0 0 0 1 0 1 0 1 1 0 1 1 1 0 1 0
0 0 1 1 0 1 0 1 0 1 1 1 1 0 0 0 0 1 0 0 1 1 1 0 0 0 1 1 1 0 0 1 0 1 0 1 1 0 1 1 1
1 0 0 0 1 1 0 0 0 0 1 1 1 1 0 0 0 0 1 1 0 0 0 1 0 1 1 0 0 0 1 0 0 1 1 0 0 1 0 0 0
0 1 1 0 0 1 0 0 0 0 0 1 1 1 0 1 0 0 0 0 0 0 1 0 0 0 1 1 0 0 1 1 1 0 0 0 0 1 0 1 1
0 1 0 1 0 0 0 1 1 0 1 1 1 0 1 0 0 0 0 1 1 0 0 1 0 0 0 0 0 0 1 0 1 0 1 1 1 0 0 1 1
0 1 1 1 0 1 1 0 0 1 1 0 0 1 1 1 1 1 1 1 1 0 1 0 1 0 0 1 1 1 0 0 0 0 1 0 1 0 0 0 1
1 0 1 0 1 1 1 0 0 0 0 0 1 0 1 0 1 1 1 0 0 0 1 1 1 1 1 0 1 0 1 0 1 1 1 1 0 0 1 1 1
1 0 0 1 0 0 0 1 1 0 0 1 0 1 0 0 0 0 1 0 1 1 0 1 0 1 1 1 0 0 1 0 0 1 1 0 0 0 1 1 1
0 1 1 0 0 1 1 0 0 0 1 1 0 0 0 1 1 0 0 1 0 1 0 0 1 1 0 0 0 1 0 1 0 1 1 1 0 1 0 0 0
0 0 0 1 1 0 0 0 0 1 1 0 0 1 0 0 0 0 1 1 1 1 0 1 0 1 0 1 1 1 1 1 1 0 0 1 0 0 0 1 0
1 1 1 0 0 0 1 0 0 0 0 0 0 1 1 1 0 0 1 0 0 0 1 0 0 1 0 1 1 0 0 1 0 0 0 1 1 1 1 1 0
1 0 0 0 0 0 0 0 1 1 1 0 0 0 1 0 1 0 0 0 0 1 0 1 1 0 1 0 0 0 1 0 0 1 1 1 1 0 0 1 0
0 1 1 0 1 1 1 1 1 1 0 0 0 0 1 0 0 1 0 0 1 0 1 0 1 1 1 0 0 0 0 0 0 1 1 0 0 0 1 1 0
1 1 0 1 1 1 0 1 0 1 0 0 1 1 0 0 0 1 0 1 1 1 0 0 0 0 0 1 1 0 0 1 1 0 0 1 0 1 0 0 1
1 1 1 0 0 0 1 1 1 1 0 1 1 1 1 1 0 1 0 1 1 1 0 1 0 1 1 0 1 0 0 1 0 0 1 1 0 1 0 0 1
0 1 0 1 1 1 0 0 1 0 0 0 0 0 1 1 1 0 1 1 1 0 0 1 0 1 1 0 0 0 0 0 1 0 1 1 0 0 0 1 1
0 1 0 1 1 1 1 0 1 0 0 1 0 0 1 0 0 1 1 1 1 1 0 0 1 0 1 1 1 1 0 0 1 0 1 0 1 1 1 0 1
1 1 0 0 0 0 1 1 0 1 1 1 1 1 1 1 1 0 0 0 0 0 0 0 0 0 0 0 1 1 1 0 1 0 1 0 0 0 1 0 0
1 1 1 0 0 1 1 1 1 1 0 1 1 1 0 0 1 0 1 1 1 0 0 1 1 0 1 0 1 1 1 0 1 1 1 1 0 0 0 0 0
1 0 0 0 0 0 0 0 1 1 0 0 1 1 0 0 0 1 1 0 0 1 1 0 0 0 1 1 0 1 0 0 0 0 1 1 0 1 0 0 1
0 0 1 1 0 0 1 0 0 0 1 1 0 1 0 1 1 1 0 1 1 0 0 1 0 1 0 1 0 0 1 0 0 1 0 1 1 1 1 0 1
0 1 1 1 1 1 0 0 1 1 1 0 0 0 0 1 0 1 1 1 1 0 0 0 0 0 0 0 0 0 1 0 0 1 0 0 0 1 0 0 1
1 1 1 0 0 0 0 0 1 0 0 0 1 0 0 0 1 1 1 0 0 1 1 0 1 0 0 0 1 0 0 0 0 1 0 0 0 0 1 1 1
1 0 0 0 1 0 1 1 0 1 1 1 0 1 1 0 1 1 1 1 1 0 1 0 0 0 1 1 1 0 1 1 1 0 0 0 0 0 1 0 0
0 1 0 1 1 1 1 1 1 1 1 0 0 1 0 0 0 0 1 1 1 1 1 0 1 1 1 1 0 0 0 1 0 1 0 1 0 0 0 1 1
0 1 0 1 1 1 1 1 1 0 1 1 1 1 1 0 0 1 0 0 0 1 0 0 0 1 1 0 0 1 1 1 0 1 0 0 1 0 0 0 1
1 1 1 0 1 0 0 0 0 0 1 0 1 1 1 0 0 1 0 1 1 1 1 0 1 0 1 1 0 1 1 0 1 0 1 1 0 0 1 1 1
0 0 1 0 0 1 0 1 1 0 0 0 0 0 0 0 0 0 1 0 0 0 0 1 1 0 1 0 1 0 0 1 0 0 0 0 0 0 1 0 0
1 0 1 0 0 0 1 0 0 0 1 1 1 0 1 1 1 0 1 0 1 0 1 0 1 1 1 1 0 0 1 0 0 0 1 1 1 1 0 0 0
0 0 1 1 1 0 1 1 0 1 0 1 0 0 1 0 0 1 0 0 1 1 0 0 1 0 0 1 0 1 1 1 1 1 1 1 0 1 0 0 1
1 0 0 1 0 1 1 0 0 1 1 1 0 1 0 0 0 1 1 0 1 1 0 1 0 1 0 0 1 1 0 1 0 0 1 0 0 1 1 0 0
1 1 1 0 0 1 1 1 1 0 1 0 0 1 1 0 0 1 0 1 0 1 1 1 0 0 1 1 1 0 1 1 1 0 1 1 0 1 0 1 1
1 1 1 1 1 1 1 0 0 1 1 0 1 0 0 1 1 1 0 1 0 1 0 1 1 0 0 0 0 1 1 0 1 0 1 1 1 0 0 1 1
1 1 1 1 0 1 1 1 0 0 0 1 0 0 0 1 0 0 1 1 0 0 0 1 0 0 0 0 1 1 0 0 0 0 1 1 0 1 1 1 0
0 0 0 0 0 0 1 0 1 1 0 0 0 1 1 0 0 1 0 0 1 1 1 0 0 1 0 0 0 0 0 0 1 0 1 0 1 0 0 0 0
1 1 1 1 0 0 1 0 0 1 1 0 1 0 1 1 0 1 1 1 0 1 0 0 1 1 1 1 1 1 1 1 0 1 1 0 1 1 0 0 1
0 1 1 0 1 0 0 1 1 0 0 0 0 0 1 0 0 0 1 0 0 1 1 1 0 1 1 1 0 1 0 0 1 1 0 0 1 0 1 1 0
1 1 0 1 0 0 1 0 1 1 0 0 0 1 0 0 0 1 0 0 0 1 0 1 0 0 0 1 0 1 0 1 1 1 0 0 1 1 1 1 0
0 0 0 1 0 0 0 0 0 0 1 0 1 0 0 0 1 1 1 0 0 0 1 0 1 1 0 1 1 1 0 1 0 0 0 0 0 0 1 1 0
0 0 1 0 1 0 1 1 1 1 1 1 1 0 1 0 0 0 1 1 0 1 0 0 0 1 1 1 0 0 1 1 0 0 1 0 0 0 1 1 0
0 0 1 1 1 1 1 1 0 0 0 0 0 0 1 1 0 0 0 0 1 0 0 1 1 0 0 1 1 1 1 0 1 1 1 0 1 0 1 1 1
0 0 0 0 0 1 1 1 0 1 1 1 0 1 0 1 0 1 0 0 1 0 0 1 1 0 0 1 1 0 0 0 1 1 0 0 0 0 1 1 1
1 0 0 0 0 1 0 0 1 0 0 0 0 0 1 0 1 0 1 1 1 1 0 1 1 1 0 1 0 1 1 0 0 1 0 0 0 0 0 0 1
0 1 1 0 1 0 0 0 1 0 1 0 0 1 0 1 0 0 1 0 1 1 1 1 0 1 0 0 1 1 0 0 0 1 1 0 1 0 0 0 0
0 1 1 0 0 1 0 1 0 1 0 0 1 0 1 0 0 1 1 1 1 0 1 1 0 0 1 0 0 0 1 0 0 1 0 1 0 0 1 0 1
0 1 0 0 0 0 1 0 1 1 0 0 0 1 1 0 1 1 1 0 1 0 0 1 0 0 0 0 1 1 1 0 1 0 0 0 1 1 0 0 1
1 0 0 0 0 0 1 0 0 1 1 0 1 0 0 1 0 1 0 0 0 1 1 1 1 1 0 0 0 0 1 1 0 0 0 1 0 0 1 1 0
1 1 1 0 0 0 0 0 1 0 0 0 0 1 0 0 0 0 0 1 0 1 0 1 1 1 0 0 0 1 0 1 1 0 0 0 1 1 0 1 1
0 0 1 1 1 1 1 1 0 0 1 0 0 0 1 1 0 1 0 1 1 1 1 1 1 0 0 0 0 1 1 0 0 1 0 1 1 0 1 0 0
1 0 1 1 0 1 1 0 0 1 0 1 0 0 0 0 1 1 0 0 1 1 0 1 0 0 1 0 1 1 1 1 0 0 0 0 0 1 0 0 1
0 1 1 1 0 0 0 0 0 1 0 0 0 0 0 1 1 0 0 0 0 1 0 0 1 1 1 0 1 1 0 0 1 0 0 1 0 0 1 1 1
0 0 0 1 1 0 1 1 1 0 0 1 1 0 0 1 1 1 1 0 0 1 1 1 0 1 1 0 1 1 1 0 1 1 0 1 1 0 0 0 1
1 0 1 0 1 1 1 0 0 0 1 1 1 0 1 1 1 0 1 1 1 1 1 1 1 0 0 1 0 1 0 0 0 0 0 1 0 1 1 1 1
1 0 1 1 0 1 1 0 0 1 0 0 1 0 0 0 0 0 0 1 0 0 1 1 1 0 1 1 1 1 0 0 1 1 1 0 0 1 1 0 0
0 0 0 0 1 1 0 1 1 1 1 1 0 0 0 0 1 0 1 0 1 0 1 0 1 1 1 1 0 1 0 1 0 0 1 1 1 1 0 0 0
1 1 0 1 1 1 1 0 1 1 0 0 1 0 0 1 0 1 1 1 1 0 0 1 0 1 1 1 0 0 1 0 1 0 1 1 0 1 0 0 0
1 0 0 0 0 1 0 0 0 0 0 0 0 0 0 1 0 1 0 0 0 1 1 0 1 0 0 1 0 1 0 0 1 1 0 1 1 0 0 1 1
0 0 1 0 0 0 1 0 1 1 1 1 0 1 1 1 0 0 0 1 0 1 1 1 1 0 1 0 1 0 1 0 0 1 1 1 0 0 1 1 1
1 1 0 1 0 1 1 1 0 0 0 1 0 1 0 0 0 0 1 0 0 1 0 0 0 0 1 0 0 0 0 0 1 1 0 0 0 0 1 0 0
0 0 1 0 0 1 0 0 0 0 0 1 0 0 1 1 1 1 1 1 0 0 0 1 1 0 1 0 1 0 0 0 1 1 1 0 1 1 1 0 1
0 0 0 0 1 0 1 1 1 0 1 0 1 1 0 1 1 0 1 0 0 0 1 1 0 1 0 0 1 1 0 1 1 0 0 1 1 0 0 0 1
0 1 0 0 0 0 1 1 0 0 1 0 0 1 0 1 0 0 1 1 0 0 0 1 1 0 0 1 1 0 0 0 1 1 1 1 0 1 0 0 1
0 1 1 0 0 1 1 0 1 1 0 1 1 0 1 0 1 1 1 1 1 0 1 0 0 0 1 0 0 1 0 1 0 0 1 0 0 1 0 0 0
0 1 1 1 1 0 1 0 1 0 1 0 0 1 1 1 0 0 1 0 1 0 0 0 0 0 0 0 0 0 1 1 1 1 0 0 1 1 1 1 1
0 1 1 0 0 1 0 0 0 0 1 1 1 1 0 1 1 0 1 1 1 1 0 0 0 0 0 0 1 1 0 0 1 0 1 1 1 0 1 1 1
1 1 1 1 1 1 0 1 0 1 1 0 0 0 0 0 1 0 1 1 1 0 0 0 0 1 1 0 1 0 0 1 1 0 1 0 0 1 1 1 0
1 0 1 0 1 0 1 1 0 0 0 1 0 0 0 0 1 1 0 0 1 0 0 1 1 0 1 0 0 1 1 1 0 0 0 1 1 1 1 0 1
1 0 1 1 0 1 1 1 1 1 1 0 0 1 1 1 1 1 1 1 0 1 1 1 0 0 1 1 1 0 0 0 0 1 1 0 0 1 0 0 0
1 0 1 1 0 1 0 1 0 1 1 0 0 1 1 1 1 1 1 0 0 0 0 1 1 0 0 0 0 0 0 1 1 0 1 0 1 1 0 0 1
1 1 0 0 0 0 0 1 1 1 1 1 0 0 0 0 1 1 1 1 0 1 1 0 1 0 0 1 1 1 0 0 1 0 0 1 1 1 0 1 1
0 1 0 0 0 0 1 0 0 1 0 1 1 0 0 1 0 0 1 1 1 0 1 1 1 1 1 1 1 1 0 0 0 0 1 0 1 0 1 1 1
1 0 0 0 1 0 1 1 0 0 0 0 1 0 1 0 1 1 1 0 1 1 1 1 1 0 1 0 0 0 0 1 0 0 0 0 0 0 0 1 1
1 1 1 0 1 1 1 0 0 0 1 0 0 0 0 0 1 0 0 0 0 1 0 0 0 1 0 0 1 0 0 0 1 1 1 0 1 0 0 1 1
1 0 0 0 0 0 1 1 0 0 1 1 0 1 1 0 1 0 0 1 1 1 0 0 1 1 0 0 0 1 1 1 1 1 0 0 1 1 1 1 1
0 0 1 0 0 1 1 0 0 1 0 0 0 1 1 0 1 0 0 1 0 1 1 0 1 1 1 0 1 1 1 1 0 1 0 1 0 0 0 1 0
1 0 1 0 0 0 0 0 0 0 1 0 0 0 1 1 0 0 0 1 1 0 0 0 0 1 0 1 1 1 0 1 0 1 0 1 0 1 1 0 1
1 0 0 0 0 0 0 0 0 0 0 1 0 0 0 0 1 0 0 0 0 1 1 1 0 0 1 0 1 0 0 1 1 0 1 0 0 0 1 0 0
1 1 1 0 0 1 0 1 1 1 1 1 0 1 1 1 0 1 1 0 1 1 1 0 1 0 0 0 0 0 0 1 0 1 1 0 1 0 1 0 0
0 0 0 0 1 1 1 0 0 1 1 1 1 1 1 0 0 0 0 0 0 1 1 0 1 0 1 1 0 1 1 0 0 1 0 1 1 0 1 0 1
1 0 1 1 0 0 1 0 0 0 1 1 1 1 0 1 1 0 0 0 0 0 1 1 1 1 1 0 0 1 0 0 0 1 1 1 1 0 1 1 0
1 1 0 1 1 1 1 0 0 0 0 0 0 0 0 1 1 1 1 0 1 1 1 0 0 0 1 1 0 1 1 0 0 1 0 0 0 0 1 0 0
1 0 0 1 1 0 0 1 1 1 1 0 1 1 0 1 0 1 1 1 1 1 1 1 0 1 0 0 1 0 0 0 0 1 0 1 0 1 1 0 1
0 1 0 0 1 1 0 0 0 0 1 1 1 0 1 0 0 1 1 0 1 1 0 1 0 1 0 0 0 1 0 0 1 1 1 1 0 0 0 0 0
0 1 0 0 0 1 1 0 1 1 0 1 1 1 0 1 0 0 0 0 1 0 0 0 1 1 0 1 0 1 0 0 1 1 1 1 1 0 0 1 0
1 0 1 1 0 0 1 1 1 0 0 0 1 1 0 0 1 0 0 0 0 1 1 0 0 1 1 1 0 0 1 1 1 0 0 1 0 1 0 1 1
0 0 0 1 0 0 0 0 0 1 1 0 0 0 1 1 1 1 1 0 0 1 0 0 1 0 0 1 1 1 1 0 1 1 1 0 1 0 0 0 0
1 1 1 0 0 0 0 1 1 1 1 1 1 1 1 0 1 1 1 1 0 1 0 0 0 1 0 0 1 0 1 1 0 1 0 1 0 0 0 1 0
0 0 0 1 0 1 1 0 1 0 0 0 1 1 1 1 1 1 1 1 1 0 1 0 1 0 0 0 1 0 1 1 0 0 0 0 1 0 0 1 0
1 1 0 1 1 1 1 0 0 0 0 1 0 1 0 1 0 1 0 0 0 0 0 1 1 0 1 1 0 1 0 1 1 0 0 1 1 1 1 0 1
0 0 0 0 0 1 0 1 0 0 0 1 1 0 1 1 0 1 0 1 1 0 0 1 1 1 0 0 0 1 1 0 0 0 1 1 1 1 1 1 0
1 0 1 0 1 1 1 1 1 1 0 0 0 0 1 1 1 0 0 1 0 0 1 1 1 0 0 1 0 0 1 0 1 0 0 1 0 1 0 1 0
0 0 0 0 0 1 0 1 0 1 0 0 1 0 1 1 1 1 0 0 0 1 0 1 0 1 1 1 1 0 1 0 1 0 1 1 0 1 1 1 0
1 1 1 1 0 1 1 0 1 0 0 0 0 0 0 0 1 1 0 1 1 0 0 0 0 0 1 0 0 1 1 1 0 1 1 1 1 0 1 1 1
1 0 0 0 1 0 0 1 1 1 0 1 1 1 1 0 0 0 0 1 0 1 0 0 0 0 0 1 0 0 0 0 1 1 0 0 1 1 0 0 1
1 0 0 0 0 1 1 1 0 0 0 1 1 0 1 1 0 1 0 1 0 0 0 1 0 1 0 1 0 0 1 1 0 1 1 0 1 0 0 1 0
1 1 0 1 1 0 1 1 0 0 0 0 0 1 1 0 1 0 1 1 0 1 1 0 1 0 1 0 0 0 1 0 0 0 0 0 1 1 0 0 1
1 1 0 1 0 0 1 1 1 1 1 1 1 1 1 1 0 0 0 0 0 1 1 0 1 1 1 0 1 1 1 1 0 0 0 0 0 1 0 1 0
0 1 0 0 0 0 0 0 0 1 1 0 0 1 1 1 1 1 1 0 1 0 0 0 0 1 0 1 0 0 1 0 1 0 1 0 0 1 0 1 0
0 0 0 1 0 1 1 0 0 0 1 1 1 0 0 0 1 0 1 1 1 1 0 0 0 1 0 1 1 0 0 1 1 1 1 0 0 1 0 1 1
0 0 1 0 0 0 0 0 0 1 1 0 1 1 1 1 0 1 0 0 0 1 1 1 1 1 0 1 0 1 0 1 1 1 0 0 1 1 1 0 0
0 0 1 0 0 1 1 1 0 1 1 0 0 0 1 0 1 1 0 0 1 1 0 0 0 1 1 1 1 1 0 0 0 0 0 1 0 0 1 0 1
1 1 1 1 1 1 0 1 0 1 0 0 1 1 1 1 0 0 0 1 1 1 0 0 1 0 1 0 1 1 1 0 1 0 1 1 0 1 0 0 0
0 0 0 0 0 0 1 0 1 1 0 1 0 1 0 1 1 1 1 1 0 1 0 0 1 1 1 0 0 1 0 1 0 0 0 0 1 0 1 0 0
1 0 1 1 0 1 1 0 1 1 0 0 1 0 1 1 0 0 1 1 0 1 1 0 1 0 0 1 0 1 0 1 1 1 0 0 0 1 0 0 1
1 0 0 0 0 0 1 0 1 0 1 1 0 0 1 1 0 1 0 1 1 1 0 1 1 1 0 0 1 0 0 0 1 0 1 0 0 1 0 1 0
1 1 0 0 0 1 0 0 1 1 1 0 1 0 1 1 1 0 1 1 1 0 1 0 1 1 1 1 1 0 1 1 0 0 0 1 0 0 0 0 0
0 1 0 1 1 0 1 0 0 0 0 1 1 1 0 1 1 1 0 0 1 0 0 1 0 1 0 0 0 0 0 1 0 0 1 1 0 0 1 0 1
0 1 1 0 0 1 0 0 1 0 1 1 0 0 0 0 0 1 0 1 0 0 1 1 0 0 1 1 1 0 0 0 1 0 0 1 1 0 1 1 0
1 0 0 1 1 0 1 1 0 1 0 0 1 1 1 1 1 1 1 1 1 0 0 1 0 1 0 1 1 0 1 0 1 1 0 0 1 0 1 0 1
1 0 1 1 1 1 1 1 0 1 1 1 1 0 0 0 1 0 1 1 0 1 1 0 1 1 0 0 1 1 1 1 1 1 1 0 0 0 1 1 1
0 0 0 0 0 1 1 0 0 1 1 1 0 0 0 0 1 0 0 1 0 0 0 0 0 0 1 0 0 0 1 0 0 0 0 1 1 1 1 1 1
1 0 1 1 0 0 0 1 0 0 1 0 1 0 1 0 1 1 1 1 0 0 1 0 0 0 1 1 0 1 1 0 0 1 0 0 1 1 0 1 0
1 0 0 0 0 1 0 1 0 0 1 0 1 1 1 1 0 1 1 1 1 1 1 0 1 1 1 0 1 0 0 0 1 0 0 0 1 1 0 1 0
1 0 0 1 1 1 0 1 1 0 1 0 1 1 1 1 1 0 1 1 1 0 1 1 0 0 1 1 1 1 1 1 1 0 0 0 1 1 1 0 0
1 0 1 0 1 1 0 0 1 0 0 1 1 0 1 0 0 1 0 0 1 1 1 1 1 1 1 1 1 0 0 1 0 0 1 1 0 0 1 0 1
0 1 1 1 0 1 1 0 1 0 0 0 1 0 0 1 0 0 1 1 0 1 1 1 0 1 0 0 1 0 1 1 0 0 0 1 1 1 1 0 1
0 1 1 0 0 0 0 1 0 0 0 1 1 1 1 1 1 1 0 0 0 1 0 1 1 0 0 1 0 0 1 0 1 0 0 1 0 1 0 0 0
0 1 1 1 1 1 1 1 1 0 1 0 1 1 1 0 0 0 1 0 1 0 0 0 1 1 1 0 1 0 1 0 1 0 1 1 1 0 1 0 1
0 1 1 1 1 1 1 1 0 0 0 0 1 1 0 0 0 0 0 1 0 1 1 1 0 1 0 1 0 1 1 0 1 1 1 1 1 1 1 1 1
0 0 1 0 0 0 0 1 1 1 0 1 0 1 0 0 1 0 0 0 1 0 1 0 1 0 1 1 0 1 1 1 1 1 1 1 0 0 0 1 1
0 0 0 0 1 0 0 1 0 1 0 1 0 0 1 0 0 1 0 1 0 1 0 1 1 0 1 1 1 0 1 1 0 1 0 1 1 1 1 0 0
1 0 1 0 1 0 0 1 0 0 0 0 1 0 1 1 1 1 0 1 0 1 0 0 1 0 0 0 1 1 1 1 1 1 1 0 0 1 1 1 0
0 0 1 0 0 1 1 1 0 0 1 1 1 0 1 1 0 0 1 0 1 1 0 0 1 1 1 1 0 1 0 1 0 0 1 0 0 1 1 0 1
0 1 0 0 0 1 0 1 1 0 1 0 1 1 1 1 1 0 1 0 0 1 0 1 0 0 1 1 1 1 0 0 0 1 0 0 0 0 1 1 1
1 1 0 1 0 1 0 1 1 0 0 0 0 0 1 1 0 1 0 1 0 1 1 1 0 0 1 0 1 1 0 1 0 0 1 1 1 0 1 1 1
0 1 1 0 0 1 0 0 1 1 1 0 0 1 1 0 0 0 0 0 0 1 0 0 1 0 0 0 0 0 0 1 1 0 0 1 0 0 0 1 0
1 1 0 1 1 1 0 0 1 0 1 0 0 0 0 0 1 1 0 1 0 1 1 1 1 1 1 0 0 1 0 1 1 0 1 1 0 1 1 1 0
1 1 0 1 1 0 0 1 1 1 0 0 1 0 0 0 1 1 0 0 1 1 0 0 0 1 1 0 1 0 1 0 0 0 1 0 0 1 0 1 1
1 1 1 1 0 0 1 0 1 1 1 0 1 1 0 0 1 0 1 0 1 0 1 0 0 1 0 1 0 0 0 0 0 1 0 0 1 0 1 1 1
1 1 0 0 1 0 1 0 0 1 0 1 0 0 1 1 1 1 0 0 0 1 1 0 0 1 1 1 1 0 0 1 1 0 1 0 0 1 0 0 0
1 1 0 1 0 1 1 0 0 0 1 1 0 1 1 0 0 1 1 0 0 0 0 1 1 0 0 0 1 1 1 0 0 1 0 1 0 0 0 0 1
1 1 0 1 0 0 0 0 1 0 0 0 0 1 1 1 0 1 1 0 0 0 1 1 1 1 1 1 0 0 1 1 0 1 0 1 1 1 0 0 0
1 0 0 1 1 0 0 0 0 1 0 1 0 0 1 1 0 0 0 1 1 0 1 1 0 0 1 1 1 1 1 0 1 1 0 1 0 0 0 0 1
0 0 0 0 0 1 0 0 1 0 0 1 1 1 0 0 1 1 1 0 1 0 1 0 0 1 1 1 1 0 1 0 0 0 0 0 1 0 0 0 1
0 0 0 1 0 1 0 0 0 1 1 0 1 0 1 1 0 0 1 0 1 1 1 0 0 1 1 0 0 0 1 1 0 1 1 0 0 0 1 1 0
0 0 1 0 0 0 0 0 0 1 1 1 0 1 1 0 0 1 1 1 0 1 0 1 1 1 0 1 0 1 0 0 1 0 1 0 0 0 1 1 1
1 0 1 0 0 1 0 0 0 1 0 1 1 1 0 1 1 1 1 1 1 0 0 1 1 1 0 0 1 0 1 1 0 0 0 1 0 1 1 0 0
0 0 1 0 1 1 0 1 0 1 1 1 0 0 1 1 0 1 0 1 1 1 0 0 0 0 1 1 0 0 0 0 1 0 0 0 1 1 0 1 0
0 0 0 1 0 0 1 1 1 1 0 0 1 1 1 1 1 0 1 0 1 1 0 1 1 0 1 0 1 1 1 0 1 0 1 0 0 1 1 1 0
0 0 0 0 0 1 1 1 1 1 1 0 0 0 0 1 0 1 1 0 0 1 1 1 0 1 1 1 1 1 1 0 0 1 1 0 0 1 0 0 1
1 1 0 0 1 0 1 0 1 0 1 1 0 1 0 1 0 0 1 0 1 0 1 1 0 0 1 0 0 0 0 1 1 0 0 1 1 0 1 0 0
0 0 1 1 1 1 0 1 1 1 1 1 0 0 1 0 0 0 0 1 0 1 1 1 1 1 1 0 0 0 1 0 0 0 1 0 1 0 0 0 1
0 1 0 1 1 0 0 0 0 1 0 1 1 1 0 1 0 0 1 0 0 0 1 1 0 0 0 1 1 1 1 0 0 1 0 0 1 1 0 1 1
1 1 1 0 1 1 0 0 1 1 1 1 1 0 0 0 1 0 0 1 0 1 0 0 1 1 1 0 0 0 0 0 0 1 0 0 0 1 1 0 1
0 1 0 0 1 1 0 1 0 0 1 1 0 0 0 0 0 1 1 0 0 0 0 0 1 0 0 1 0 1 0 1 0 0 0 0 1 0 0 1 1
0 1 0 0 1 0 0 0 1 0 0 1 1 1 1 1 0 1 1 1 0 1 1 0 1 0 1 1 0 0 1 0 0 0 1 0 1 0 0 1 0
1 1 0 0 0 1 1 1 0 1 0 0 0 0 1 0 0 1 1 1 1 0 0 0 1 1 0 0 1 0 0 1 0 1 0 0 0 0 1 1 1
0 0 1 1 1 1 1 0 1 0 1 0 1 1 0 1 1 0 0 0 1 1 0 0 0 0 1 0 0 1 0 1 0 0 0 1 1 1 0 0 0
1 0 1 1 0 1 0 1 1 1 1 1 1 1 0 1 0 1 1 0 1 0 1 1 0 1 0 0 0 1 0 0 1 1 1 0 0 1 0 1 1
0 0 0 0 0 0 1 1 0 0 0 1 0 1 1 0 1 1 0 1 0 1 1 1 1 1 1 1 1 0 1 0 0 0 0 1 0 1 0 1 1
0 0 1 0 0 0 0 1 0 1 1 0 1 1 0 1 0 0 1 1 0 1 1 1 1 0 1 1 0 0 0 0 0 1 0 0 1 1 1 1 0
0 1 0 1 0 0 1 1 1 0 1 1 0 0 1 1 0 1 0 0 1 0 1 0 0 1 0 1 0 1 1 1 1 1 0 1 0 1 0 1 1
1 1 1 1 1 0 1 1 0 0 0 1 0 1 0 0 1 0 0 1 1 0 1 0 0 0 0 1 0 1 0 1 1 1 1 0 1 1 0 0 0
0 1 1 0 1 1 0 1 0 1 0 1 1 0 1 1 1 0 1 1 1 0 1 0 0 1 0 0 0 1 1 1 0 0 0 0 1 0 0 1 1
1 0 1 0 0 1 0 1 1 1 0 1 0 0 0 1 0 0 1 1 1 1 0 1 0 1 1 1 0 1 0 0 1 1 0 1 1 0 1 0 0
0 0 1 0 1 1 1 0 1 1 1 0 0 1 0 0 0 1 1 1 1 0 1 1 1 0 1 0 1 1 0 0 0 0 0 1 1 1 0 1 1
1 1 1 0 0 1 0 0 0 1 0 0 0 0 0 1 1 0 1 0 0 1 0 1 1 0 0 1 1 0 1 0 1 0 1 0 0 1 0 1 1
0 0 1 0 1 1 1 1 0 0 0 0 1 0 0 0 0 1 0 0 0 1 1 0 1 0 1 0 0 0 0 0 1 1 1 1 1 1 0 0 0
0 0 0 1 1 1 1 0 0 0 1 1 1 0 1 1 1 1 0 1 0 1 0 1 0 0 0 1 1 1 1 1 0 0 1 0 0 0 1 1 1
1 0 0 1 0 1 0 0 0 1 1 0 1 1 0 0 1 0 1 1 0 1 0 0 0 0 1 0 0 1 0 1 1 0 0 1 1 0 0 0 1
1 1 0 1 1 0 0 1 0 0 0 1 0 0 1 0 0 1 1 0 1 0 0 0 1 1 0 0 0 0 1 1 1 0 0 0 1 0 1 0 0
0 1 0 0 1 1 1 0 0 1 0 0 1 0 1 1 0 1 1 1 1 1 0 0 0 0 0 1 1 0 1 1 0 0 0 1 1 0 1 0 0
0 0 1 1 0 1 0 0 1 1 0 1 1 0 0 0 0 1 1 0 0 1 0 1 1 0 1 1 1 1 1 1 0 1 1 1 1 1 1 1 1
0 1 0 0 0 0 1 0 1 1 1 1 1 0 0 0 0 0 0 1 0 1 1 1 1 0 0 1 0 0 1 1 1 1 1 0 1 0 1 0 0
0 1 0 0 1 0 1 1 0 1 0 0 1 0 0 1 1 0 0 1 1 1 0 0 1 1 0 1 0 0 1 0 0 1 1 1 1 0 1 0 1
0 0 1 1 1 0 0 1 0 1 1 1 1 0 0 1 1 0 0 0 0 0 0 0 1 0 1 1 1 0 1 1 1 0 1 1 1 0 1 0 1
0 0 1 1 1 0 1 0 0 1 0 1 0 1 0 0 0 0 0 0 0 0 1 0 1 0 0 0 0 0 1 1 1 0 0 0 1 0 1 1 0
0 1 0 1 0 1 0 1 1 1 1 0 1 1 1 0 0 0 0 1 1 0 0 1 1 0 1 1 1 1 1 0 0 0 0 1 1 1 0 0 1
1 1 0 0 0 1 1 1 0 0 0 0 0 1 0 0 1 0 0 1 1 1 0 0 1 1 1 1 1 1 1 0 0 0 1 0 0 1 1 0 1
1 0 0 1 1 1 1 0 1 0 1 1 0 0 1 1 0 0 1 1 0 1 1 1 0 0 1 0 0 1 0 0 1 1 1 1 1 1 0 1 0
0 0 1 1 0 1 0 0 1 1 1 0 1 0 0 1 0 1 0 0 0 1 0 0 0 0 0 0 1 0 1 0 0 1 1 1 0 0 0 1 0
1 0 1 0 0 0 1 0 0 0 0 1 1 1 1 0 0 1 1 1 0 1 1 1 1 0 0 1 1 1 0 0 1 1 0 1 1 0 0 0 0
0 1 1 1 0 0 0 1 0 1 0 0 0 1 0 0 0 0 1 0 0 1 1 0 0 1 0 1 1 0 1 1 1 1 1 1 1 0 0 0 0
0 0 1 0 1 1 1 1 1 0 0 1 0 1 1 0 0 1 0 0 0 0 1 1 0 1 0 1 1 1 0 1 0 0 1 0 0 1 1 1 0
1 1 0 0 1 1 0 0 0 0 0 1 1 0 0 0 1 1 1 0 0 1 0 0 0 1 1 0 0 1 1 1 1 0 1 1 1 1 1 1 0
1 0 0 1 0 0 0 1 0 1 0 1 0 0 1 1 0 0 0 0 1 0 1 1 0 1 1 0 0 1 1 0 0 1 1 0 1 1 1 0 1
0 1 1 0 0 0 0 0 0 0 1 1 0 0 1 0 1 1 1 1 1 0 1 1 1 1 0 1 1 1 1 1 1 0 0 0 1 0 1 0 1
0 1 1 1 0 0 0 1 0 1 0 1 0 0 0 0 0 1 1 0 0 0 0 0 0 1 1 0 1 0 1 0 1 1 0 0 1 1 1 0 1
0 0 0 0 1 1 0 1 1 0 1 1 0 1 1 0 0 0 1 0 1 1 0 1 1 0 0 0 1 0 1 1 0 1 0 0 1 1 0 1 0
0 1 0 1 1 0 0 1 1 0 1 1 0 0 0 1 0 1 1 1 1 1 1 0 1 1 1 0 1 0 1 1 0 0 1 1 0 0 1 0 1
0 1 1 0 1 0 0 0 0 1 1 0 0 1 0 1 0 1 0 0 1 1 0 0 0 1 1 0 1 1 0 1 0 1 0 1 1 0 1 1 1
0 0 0 0 1 0 0 0 1 1 0 0 1 0 1 0 1 1 0 1 1 1 1 1 0 1 0 1 0 1 0 0 1 0 0 0 1 1 1 0 1
0 0 0 1 0 0 0 1 1 1 1 1 0 0 1 0 1 0 0 1 1 0 1 1 1 0 1 1 0 0 0 1 0 1 0 0 1 0 0 1 1
1 0 0 1 0 0 0 1 1 0 1 1 0 1 1 1 1 0 1 0 1 1 1 1 0 1 0 1 1 0 0 1 1 0 1 0 1 0 0 0 0
0 1 1 0 1 0 1 1 1 0 0 1 1 0 0 1 1 1 0 1 0 0 1 1 0 0 0 1 0 0 0 1 0 1 0 1 1 0 0 0 1
1 0 1 1 1 0 1 0 0 1 0 0 1 0 0 0 0 1 1 0 0 0 0 1 0 0 1 0 1 0 0 0 1 0 1 0 1 0 0 1 0
0 0 0 1 0 1 0 0 0 0 0 0 1 1 0 1 0 0 0 1 0 0 1 0 1 1 1 1 0 0 0 1 1 1 1 0 0 0 0 1 1
0 0 0 0 1 1 0 1 0 1 0 1 0 0 0 1 1 1 0 1 1 1 1 1 0 0 1 0 1 1 0 0 0 1 1 0 1 0 0 1 0
1 0 0 0 1 0 1 1 0 0 0 1 1 1 1 0 0 0 1 1 1 0 1 0 0 1 0 1 0 0 0 0 1 0 1 1 0 1 1 1 1
0 0 0 0 0 0 0 0 1 1 1 1 1 0 0 1 1 1 1 0 0 0 1 1 0 1 0 1 0 0 0 0 1 0 0 0 0 1 0 1 1
1 1 0 1 1 0 1 0 1 0 0 0 1 0 1 0 1 0 0 0 0 0 0 0 1 0 1 1 1 0 1 0 1 1 0 0 0 1 1 0 1
0 0 0 1 0 0 0 1 0 1 1 0 1 1 1 0 1 0 1 1 1 0 0 1 1 1 0 0 0 0 1 1 0 0 1 1 0 1 1 1 1
1 1 0 1 1 1 1 0 1 1 0 0 0 0 1 0 1 1 1 0 1 1 1 1 0 1 0 0 1 0 1 1 0 0 1 1 1 1 0 0 1
0 0 1 1 1 1 0 0 1 0 1 1 1 0 1 1 0 0 1 1 0 0 0 0 1 1 0 0 1 0 0 0 0 1 0 1 1 0 1 1 0
1 0 0 1 1 0 0 0 0 0 0 1 0 1 1 0 0 0 0 1 0 1 1 0 0 1 0 0 1 1 1 1 0 0 0 1 0 1 0 0 0
0 0 1 0 1 1 0 0 0 1 1 0 0 1 0 1 1 0 1 0 0 0 1 1 1 1 0 0 0 0 0 1 1 1 0 1 0 0 1 0 1
0 1 0 0 1 1 1 1 1 1 0 0 1 1 1 0 0 0 1 0 1 1 1 1 1 1 0 1 0 0 1 1 1 1 0 0 0 1 1 0 0
0 1 1 0 0 0 1 0 1 0 1 0 1 0 1 1 1 1 1 1 1 1 0 0 0 0 1 1 0 1 0 1 1 0 0 1 0 0 1 1 0
1 1 0 1 0 0 0 0 1 0 0 1 1 0 0 0 0 0 1 0 0 1 0 1 0 1 0 0 1 0 0 0 0 0 0 1 1 0 1 1 0
0 1 1 1 1 0 1 1 1 1 0 0 0 1 1 1 0 0 0 0 1 1 1 0 0 0 1 1 1 1 0 1 0 0 1 0 1 1 0 0 1
1 1 0 0 1 1 1 0 0 1 1 1 1 1 1 0 0 0 0 1 1 0 0 1 0 0 1 1 1 0 1 0 1 1 1 1 0 1 1 1 0
1 1 1 0 1 1 1 1 0 1 0 0 1 1 1 0 1 0 0 1 0 0 1 1 1 1 0 0 1 1 0 0 0 1 0 1 1 0 1 0 0
1 0 0 1 1 1 1 0 0 1 0 1 0 1 1 0 1 0 1 0 0 0 1 1 1 1 0 1 0 0 1 0 1 1 1 1 1 0 0 1 0
1 1 1 0 1 1 1 1 1 1 0 0 0 0 0 1 1 1 0 1 0 1 0 1 1 0 1 1 1 1 1 1 1 1 0 0 1 0 0 0 1
0 1 1 1 1 1 0 0 1 0 0 0 0 1 0 0 1 1 1 1 0 1 0 1 0 1 0 1 0 0 1 0 1 0 0 0 0 1 0 1 0
0 1 0 0 1 1 1 1 1 1 1 0 0 1 0 1 1 1 0 0 0 0 1 0 0 1 0 1 0 1 1 1 0 1 0 0 1 1 1 1 0
0 1 0 0 0 0 1 0 0 0 0 1 0 0 0 0 1 1 1 0 0 1 0 0 1 1 0 1 0 0 1 1 0 1 1 1 1 0 0 1 1
1 1 0 0 1 0 0 0 1 1 1 1 0 1 1 1 0 1 1 1 0 0 0 0 0 1 0 1 0 1 1 1 1 1 0 1 0 1 1 0 1
1 1 1 1 1 1 1 1 0 0 0 1 0 0 1 1 1 0 1 0 0 1 1 0 0 0 1 1 1 0 0 1 0 1 1 1 1 0 1 1 0
0 1 0 0 0 0 0 1 1 0 0 1 1 0 0 0 1 0 0 1 1 0 1 1 0 1 0 0 1 0 1 0 1 1 1 0 1 1 1 1 0
1 1 0 1 1 1 0 0 0 1 0 0 0 0 1 1 0 1 0 1 0 0 0 0 1 0 0 1 0 1 0 0 1 1 1 1 1 1 1 1 0
1 0 1 0 1 0 0 0 1 0 0 0 0 1 0 0 1 0 1 1 0 0 1 0 0 1 1 0 1 0 1 1 0 1 0 1 0 0 1 1 1
0 0 0 1 1 0 1 0 1 1 1 0 0 0 0 0 1 0 1 1 1 0 1 0 0 0 1 0 1 1 1 0 0 1 1 0 0 0 1 0 0
0 1 0 1 0 1 0 0 0 0 0 0 1 1 0 0 0 1 0 0 1 0 0 1 1 1 0 0 1 1 1 1 1 1 1 0 1 0 1 0 0
1 0 0 0 1 1 1 0 1 1 1 1 1 1 0 0 1 1 1 0 1 1 1 1 1 0 1 1 0 0 1 1 1 0 1 0 0 0 1 1 1
1 0 1 1 1 1 0 1 1 1 0 0 0 1 0 0 1 0 1 0 1 0 0 0 0 0 1 1 0 1 0 0 1 0 1 0 1 0 1 1 1
0 1 1 0 0 0 0 0 1 0 0 0 1 1 1 0 1 0 0 1 1 0 0 0 0 0 1 1 1 0 0 1 1 1 0 0 1 0 0 0 0
1 1 1 1 0 0 0 0 1 0 1 0 0 0 1 1 1 0 0 0 0 1 1 0 1 0 1 1 0 0 1 0 1 0 0 1 1 0 1 0 1
1 1 1 0 0 1 0 0 1 0 1 0 0 0 0 1 0 1 0 0 1 0 1 0 1 1 1 1 1 1 0 1 1 0 1 0 1 0 0 1 0
1 1 1 0 0 1 1 1 1 0 1 0 1 1 0 1 0 1 0 1 0 0 1 1 0 1 0 0 0 0 1 1 1 0 0 0 0 0 1 0 1
0 0 0 1 0 1 1 1 1 1 0 1 0 0 1 1 0 1 1 1 1 1 1 0 0 1 0 0 0 0 0 1 1 0 0 1 1 0 1 1 1
0 1 1 1 0 1 1 1 1 0 1 1 0 0 0 0 1 0 1 1 0 0 1 0 1 1 0 1 0 0 1 0 0 0 1 0 0 0 1 1 0
1 0 1 0 1 1 1 1 1 0 0 0 0 1 1 1 0 1 1 0 0 1 0 1 0 1 1 0 0 1 1 0 0 0 0 1 1 0 0 1 1
1 0 1 1 0 1 0 0 1 1 1 1 0 1 0 0 0 1 0 1 0 0 1 1 0 1 0 1 0 1 1 0 0 0 1 1 1 1 1 0 1
0 1 1 0 1 0 0 1 0 0 1 0 0 1 0 1 0 0 1 1 0 1 1 0 0 0 1 1 0 1 1 0 0 0 0 0 0 0 0 1 1
1 1 1 0 1 1 1 1 0 0 1 0 0 0 0 1 0 0 1 1 0 1 1 0 1 1 1 1 0 1 0 1 1 1 1 1 0 1 1 0 1
0 1 0 1 1 0 0 0 0 1 1 1 1 0 1 0 1 0 1 1 0 1 1 0 0 0 0 0 0 0 1 0 1 0 1 1 1 1 1 0 0
1 0 0 1 1 1 1 1 0 1 0 1 1 0 0 0 1 1 1 0 1 0 1 1 1 0 0 0 1 1 1 0 0 0 1 1 1 1 1 0 1
1 1 1 0 1 0 1 1 0 0 0 1 1 0 1 0 1 1 1 1 1 1 0 1 0 0 0 1 1 0 1 0 0 1 1 0 0 1 0 0 1
0 1 0 1 1 1 0 1 1 1 0 0 0 0 1 0 1 1 0 0 0 0 1 0 1 0 1 0 1 1 1 1 0 0 0 1 0 0 1 1 0
0 1 1 1 0 1 0 0 1 1 1 1 0 1 0 1 1 0 0 1 0 0 0 1 0 1 1 1 0 0 1 1 0 1 1 0 1 0 1 0 0
0 1 0 0 0 1 0 1 1 0 1 1 1 1 1 1 0 0 1 1 0 1 0 1 1 1 0 1 0 1 1 1 0 0 0 1 1 0 0 0 1
0 0 1 0 0 1 0 0 0 1 0 1 0 1 0 0 0 0 1 1 1 0 0 0 0 0 0 0 0 1 0 0 1 1 0 1 1 1 0 0 0
1 0 1 1 0 1 1 1 0 0 1 1 0 1 0 1 0 0 0 0 0 1 0 0 1 0 1 0 1 1 1 0 0 1 1 0 1 0 0 0 1
1 1 1 0 1 1 1 0 0 1 0 1 0 0 1 1 0 1 1 0 0 1 1 0 1 1 0 0 0 1 0 0 0 0 0 0 1 1 1 1 1
0 0 0 1 1 0 1 1 0 1 0 0 0 0 0 1 0 0 1 0 0 1 0 0 0 0 0 0 0 1 1 1 0 1 0 1 1 1 0 1 0
1 0 1 1 1 0 0 0 1 1 1 0 1 1 1 1 0 1 0 0 1 1 1 1 1 0 1 0 0 1 1 1 0 1 0 0 0 0 0 0 0
1 0 0 1 0 0 1 0 0 0 0 0 0 1 0 1 1 1 1 1 0 1 0 0 0 0 1 1 1 0 1 0 0 0 1 1 0 0 1 1 0
1 1 0 1 0 0 0 1 0 1 0 1 1 0 1 0 0 1 0 1 0 0 0 0 1 1 1 1 0 1 0 0 0 0 1 1 0 0 0 0 0
0 1 1 0 0 1 1 0 1 0 0 0 0 1 1 0 1 0 1 0 0 1 1 0 0 1 0 0 0 1 1 1 0 1 1 0 0 0 1 0 0
0 0 0 1 1 1 0 0 0 1 1 1 0 1 1 1 1 0 1 0 0 0 0 0 1 0 0 1 0 0 0 0 0 0 1 0 1 1 0 0 0
1 1 1 1 0 1 1 1 0 1 1 1 1 0 0 0 0 1 0 0 0 0 0 1 1 1 1 1 1 0 0 1 1 0 0 1 1 1 1 1 0
0 0 0 0 1 1 0 0 1 1 0 0 0 1 0 1 0 0 0 1 1 1 0 0 0 0 1 0 1 0 1 1 1 1 1 0 0 0 1 0 1
1 0 0 0 0 0 1 1 1 0 1 1 1 0 1 0 0 1 0 0 1 1 1 0 0 1 0 1 0 0 1 0 0 1 0 1 1 1 1 0 0
0 1 1 0 0 1 1 0 1 0 0 1 1 1 0 1 0 1 0 0 1 1 1 0 1 1 1 0 1 0 0 0 1 1 0 0 0 1 1 1 1
0 0 0 0 1 1 0 1 0 0 0 1 0 1 1 0 1 0 1 1 0 1 1 1 0 0 0 1 0 1 1 1 1 1 1 1 0 0 1 0 1
0 1 1 0 0 1 0 1 1 1 0 1 0 1 1 1 0 0 0 0 1 0 0 1 0 1 0 1 1 0 1 0 0 1 1 1 0 0 0 1 1
0 0 0 1 0 0 1 1 0 0 1 0 1 0 0 0 0 0 1 0 1 0 1 0 1 1 1 0 0 1 0 0 1 1 0 0 1 0 0 1 0
0 1 0 0 0 1 0 0 1 1 1 0 1 1 1 0 0 0 1 0 0 0 0 0 1 1 1 1 1 0 0 1 1 1 1 0 1 1 1 1 1
0 1 1 1 0 1 1 1 1 0 1 1 0 0 0 1 1 0 0 0 0 0 0 1 1 1 0 0 1 1 0 1 1 1 0 0 0 0 0 0 0
0 1 1 1 0 0 0 0 1 1 1 0 1 0 1 0 1 0 0 1 0 1 1 1 0 1 1 1 1 0 1 0 1 1 1 0 1 0 0 0 1
1 1 1 1 1 0 1 0 0 1 1 0 0 1 1 1 0 0 1 1 1 1 1 1 1 1 0 0 0 0 1 0 0 1 0 1 0 1 0 1 1
1 0 0 1 1 1 0 0 1 0 0 0 0 0 0 1 0 0 1 0 0 1 0 0 1 1 0 0 0 0 1 1 1 0 1 1 0 1 1 0 1
0 0 0 1 0 1 1 1 0 0 1 0 1 1 0 0 0 1 1 0 0 1 0 1 0 0 0 1 0 0 0 0 1 0 1 0 1 1 1 0 1
0 0 1 1 1 1 0 0 1 0 0 1 1 1 1 0 1 1 0 0 1 1 0 1 0 0 0 0 0 0 1 0 0 1 0 0 0 0 1 1 1
0 0 1 0 0 1 1 1 0 0 0 0 0 1 0 0 1 0 1 0 1 0 1 1 0 1 1 0 1 1 0 1 1 1 1 0 1 1 1 1 1
0 1 0 1 1 1 1 0 1 0 1 1 0 1 0 0 1 1 0 1 1 0 1 1 0 0 0 1 1 1 0 0 1 0 0 0 0 0 0 0 0
0 1 0 1 1 0 1 1 1 0 1 0 0 0 1 1 0 1 0 0 1 1 1 1 1 0 1 1 1 0 0 1 1 1 0 0 1 0 0 1 1
0 0 1 1 1 0 1 0 0 0 0 0 0 1 1 1 0 0 0 0 0 1 0 1 0 1 1 1 0 0 0 0 1 1 1 0 0 1 1 0 0
1 1 1 1 1 0 0 1 0 0 0 0 1 1 1 1 1 0 1 0 0 0 0 1 1 1 1 0 1 1 0 1 0 0 1 0 0 0 0 1 1
1 0 0 1 1 1 0 0 0 0 1 0 1 1 0 1 1 0 0 1 1 1 0 1 1 1 1 1 1 0 0 0 1 0 0 1 1 0 0 0 1
0 0 0 1 1 1 0 1 0 1 0 0 1 1 0 0 1 0 1 1 0 1 1 1 1 0 0 0 1 0 1 0 1 0 0 0 0 0 0 0 0
1 1 0 1 1 1 0 1 1 0 0 1 0 0 0 0 1 0 1 0 1 1 0 0 1 0 0 0 1 0 1 1 1 1 0 1 1 0 0 1 0
1 0 0 1 1 0 1 1 1 0 1 1 1 0 0 0 0 0 0 1 0 0 0 1 0 1 1 1 1 1 0 1 0 1 0 0 1 0 1 1 1
1 0 0 1 1 0 0 0 0 1 0 0 0 1 1 0 0 1 0 0 1 0 1 0 1 1 1 0 1 0 0 1 0 1 0 1 1 0 0 1 0
1 1 0 0 1 1 0 1 0 1 1 0 0 1 0 0 1 1 1 0 0 0 1 0 0 0 0 1 1 0 1 0 0 0 1 1 0 0 0 0 1
0 0 1 0 1 0 1 0 0 0 1 1 0 1 0 1 1 1 1 1 1 1 1 0 0 1 1 0 0 0 1 0 1 1 0 1 0 0 1 1 0
1 0 0 1 0 1 0 0 1 1 1 0 0 0 1 1 1 1 0 0 0 0 0 1 0 1 0 0 1 1 1 1 1 1 0 0 1 1 1 1 1
1 0 0 1 0 1 1 1 0 1 0 1 1 1 1 1 1 0 1 1 1 1 0 0 0 1 1 1 0 1 0 0 0 0 0 0 0 1 1 1 0
0 0 1 0 1 1 0 1 1 1 1 1 1 0 1 0 1 1 1 1 0 1 1 1 0 0 1 0 1 1 0 1 0 1 0 1 0 1 0 1 0
0 1 0 0 0 1 0 0 1 1 1 0 1 0 0 1 1 1 0 0 1 1 1 0 1 0 0 0 1 1 0 1 1 0 0 0 0 1 1 0 1
1 1 1 1 0 0 1 0 1 0 0 1 0 0 1 0 0 0 1 0 1 1 1 0 0 1 1 0 1 1 0 0 0 1 1 1 1 0 0 0 1
0 1 1 1 1 1 0 1 1 0 0 0 1 1 0 1 1 1 0 1 1 0 0 1 1 0 0 1 0 0 0 1 0 0 0 0 0 1 1 0 1
0 1 0 0 1 0 0 0 1 0 1 0 0 1 0 0 1 0 0 0 0 1 0 1 1 0 0 1 1 1 1 1 0 0 1 1 1 1 1 1 0
1 1 0 1 1 0 0 1 1 0 1 0 1 0 1 1 0 1 1 0 1 0 0 1 0 1 0 1 1 1 0 0 0 0 0 1 1 1 0 0 0
0 0 1 1 1 0 1 0 0 1 0 0 1 0 0 0 1 1 1 1 1 1 1 0 1 1 0 1 1 0 0 0 0 0 1 1 0 0 0 0 0
0 0 0 0 1 0 1 0 0 0 0 0 1 0 1 0 1 0 0 0 0 0 1 0 0 0 0 1 0 1 1 0 0 0 1 0 1 1 0 0 0
1 0 0 0 0 0 0 0 1 1 0 1 1 1 1 1 0 0 0 0 0 0 0 1 0 0 1 0 1 0 1 1 1 0 0 0 1 1 1 1 0
0 0 1 1 0 1 0 1 1 1 0 0 1 0 0 0 1 1 0 0 0 1 0 1 1 1 0 1 0 1 0 1 0 1 1 0 1 0 1 0 0
0 1 1 1 1 0 0 0 0 0 1 0 0 0 1 0 1 0 1 1 1 0 0 1 0 0 0 0 0 1 0 1 0 1 0 1 1 0 1 0 1
0 1 1 1 1 1 0 0 0 0 0 1 1 0 1 0 0 0 0 1 1 1 0 0 1 1 1 1 0 1 1 1 0 0 0 0 0 0 0 1 0
0 0 1 1 1 0 0 0 0 0 0 1 0 1 1 1 0 1 1 0 1 0 1 1 0 0 1 1 0 0 1 1 0 0 1 1 0 0 1 1 0
0 0 1 1 0 0 1 1 0 1 0 0 1 1 1 0 0 1 1 0 1 0 0 1 0 1 1 0 1 1 1 1 0 1 1 1 0 0 0 0 0
0 1 1 0 1 0 1 1 0 1 1 1 1 1 0 1 1 1 1 0 1 0 0 0 0 0 1 0 1 0 0 1 1 1 0 0 0 0 0 1 0
1 1 0 0 0 1 0 1 1 0 0 1 0 1 1 0 1 1 0 1 1 1 0 0 1 1 1 1 0 0 1 0 1 1 1 1 1 0 0 0 0
0 1 1 0 1 1 0 1 1 1 1 1 1 0 0 1 0 0 0 1 1 0 1 1 1 0 0 0 1 0 0 1 0 0 1 0 0 1 1 1 0
1 0 1 0 0 1 0 1 0 1 0 1 1 1 1 1 1 0 0 0 0 1 1 0 0 1 1 0 0 0 1 0 1 0 1 0 0 0 1 0 1
1 0 0 1 1 1 1 0 1 1 0 1 1 0 0 1 1 0 0 0 1 0 1 0 0 0 0 0 1 0 0 1 0 1 0 0 1 1 1 0 1
1 1 0 0 1 1 0 1 1 0 1 0 1 0 1 1 1 0 0 0 1 1 1 0 0 0 0 0 0 1 1 1 1 1 1 1 1 1 0 1 1
0 0 1 0 1 0 1 1 1 1 0 0 0 1 1 0 0 1 0 1 0 0 0 0 1 1 1 1 0 0 0 1 1 0 0 1 1 1 1 0 1
0 0 0 0 0 0 0 0 0 0 1 0 1 0 0 0 0 1 0 1 1 1 0 1 1 0 1 0 0 0 1 0 1 1 0 1 0 0 0 1 1
1 0 0 0 0 1 1 1 1 0 1 1 0 1 0 1 1 1 1 0 1 0 0 0 1 1 1 0 1 0 0 0 0 0 1 1 0 0 0 1 0
1 0 0 1 1 0 1 1 1 1 0 0 0 1 0 0 0 0 0 1 0 0 1 1 1 1 0 0 0 1 1 0 0 0 1 0 1 0 0 0 1
1 1 1 1 0 1 0 1 1 0 1 1 1 1 1 1 0 1 0 0 0 0 1 0 0 0 1 0 0 1 0 1 1 1 0 1 1 0 1 0 0
0 1 1 1 1 1 1 0 0 0 1 0 1 0 1 1 0 1 0 0 0 0 1 0 1 0 1 0 1 0 1 1 0 1 0 1 0 1 0 1 0
0 0 0 1 0 0 0 0 1 0 1 1 0 0 0 1 0 1 0 0 1 1 0 0 0 0 1 1 1 0 0 1 1 1 1 1 1 1 0 0 0
1 1 1 1 1 1 1 0 1 0 1 1 0 1 1 1 1 1 1 1 1 0 1 1 1 1 1 0 1 0 1 1 0 1 1 0 1 1 1 0 0
0 1 1 0 0 0 1 1 0 1 1 1 0 0 1 1 0 1 1 0 1 0 1 0 1 0 0 0 0 0 1 0 1 1 1 1 1 0 0 0 0
1 0 1 0 1 0 0 0 1 1 1 0 1 1 1 1 1 0 0 1 0 0 1 0 0 1 1 1 1 1 0 0 0 0 1 1 1 1 0 1 0
1 1 1 1 0 0 1 1 1 0 0 0 1 0 0 1 0 0 1 1 1 0 0 0 1 0 1 0 1 0 0 0 0 0 0 0 1 0 0 0 0
0 0 1 1 1 1 0 0 0 0 0 0 0 0 0 1 1 1 0 0 0 0 0 1 0 0 1 1 0 1 0 0 0 1 1 1 0 1 0 1 1
1 0 1 0 1 0 1 0 0 1 1 1 0 0 0 1 0 0 0 1 1 0 0 0 0 1 0 1 1 0 1 0 0 0 1 0 1 1 0 1 1
1 0 0 0 1 1 1 0 1 0 1 1 1 0 1 0 1 1 0 1 1 0 1 0 1 0 1 1 1 0 0 0 0 1 1 1 1 0 0 0 1
0 1 1 0 0 0 1 1 0 0 1 0 0 0 1 0 1 1 1 0 0 1 0 1 0 0 1 0 0 0 1 1 0 0 1 0 1 1 1 1 0
0 1 0 1 1 0 1 1 1 1 0 1 0 0 0 1 1 0 1 1 1 0 0 1 0 1 0 1 0 1 0 1 0 0 0 1 1 1 0 1 0
1 1 1 1 1 0 1 0 1 1 1 1 0 1 1 0 1 0 1 1 0 1 0 0 1 0 1 1 1 0 0 1 0 0 0 1 0 1 0 1 1
0 0 1 1 1 1 1 1 0 0 1 0 0 1 1 0 1 1 1 0 0 0 1 0 1 1 1 1 0 1 0 0 1 0 0 1 0 1 0 0 1
1 0 1 0 0 0 1 0 1 1 0 0 1 0 1 1 0 0 1 1 1 1 0 0 1 1 1 0 1 1 1 1 1 1 1 1 1 1 1 1 0
0 0 1 0 0 0 1 1 0 0 1 1 1 0 0 0 0 0 0 1 1 1 1 0 0 0 0 0 1 0 1 1 1 0 0 1 0 0 0 0 1
1 1 0 1 0 0 1 1 0 1 1 0 0 0 0 1 1 0 0 0 1 0 1 0 0 0 0 1 0 0 0 0 1 0 1 0 0 1 1 1 0
1 1 1 0 0 0 1 0 1 1 0 0 0 0 0 1 0 1 0 1 0 0 1 0 0 1 0 0 0 1 1 0 0 1 1 0 0 1 1 0 0
1 1 0 0 1 1 0 0 0 1 1 1 1 0 0 0 0 0 0 1 1 0 1 0 1 1 0 0 1 1 0 1 1 1 0 1 1 0 0 0 1
1 1 1 1 0 1 0 0 1 1 0 0 1 1 0 1 0 0 1 0 1 0 1 1 1 1 1 1 0 1 1 1 1 0 0 0 0 0 1 1 1
1 0 0 0 0 0 0 1 0 1 0 0 0 0 0 0 1 0 1 1 0 0 0 0 0 0 0 1 0 1 0 1 0 0 0 0 0 1 1 0 0
0 1 1 1 0 1 1 1 1 1 1 1 1 1 0 1 1 1 1 1 0 1 0 0 0 0 1 1 0 1 1 0 1 1 1 1 1 1 0 1 1
0 1 1 1 1 0 1 1 1 1 0 1 1 0 1 0 0 1 0 1 1 0 1 0 1 1 1 1 1 1 1 0 1 1 0 0 0 1 1 0 0
0 1 1 1 1 1 1 1 0 0 1 1 1 1 0 1 0 0 1 0 1 1 1 1 1 1 1 1 1 0 1 0 1 0 1 1 1 0 0 1 0
0 1 1 1 0 1 1 0 1 0 1 0 1 0 0 0 1 0 0 1 1 0 0 0 0 1 0 1 1 1 1 1 0 0 1 1 0 1 0 1 1
0 1 0 1 0 0 1 1 0 1 0 0 0 1 1 0 1 1 1 1 1 1 0 1 1 0 0 0 0 1 0 0 1 1 1 1 0 1 1 1 0
0 0 0 1 0 1 1 1 0 0 0 0 1 0 1 0 1 0 0 0 0 0 0 0 0 0 0 1 1 0 0 0 1 0 0 1 0 0 0 1 0
0 1 0 0 1 0 1 1 0 0 1 1 0 0 1 1 1 0 0 1 1 0 0 0 0 1 1 0 1 1 1 0 1 1 1 1 1 0 1 0 0
0 0 0 0 1 0 1 0 1 0 0 1 0 1 0 1 0 0 1 0 1 1 0 0 1 1 0 1 1 1 0 0 1 1 0 0 0 1 0 1 1
0 1 1 1 1 0 1 0 0 0 1 1 1 1 1 0 0 1 0 1 0 0 1 0 1 1 0 0 0 0 0 1 0 0 1 1 1 1 0 1 1
1 0 0 0 1 1 1 1 1 1 1 0 1 0 1 1 0 1 1 1 0 0 1 0 1 0 1 0 0 1 0 1 0 0 1 0 1 0 1 0 1
1 0 1 1 0 1 0 1 0 0 1 0 0 1 1 0 0 1 1 0 0 1 0 0 1 0 1 1 0 0 1 1 0 1 1 1 0 1 1 0 0
1 0 1 1 1 0 1 0 0 1 1 1 0 0 0 1 0 1 0 1 0 0 0 0 1 0 1 1 0 0 0 1 1 0 0 0 0 0 0 0 1
1 1 0 0 1 1 1 0 0 0 1 0 1 1 1 1 0 1 0 0 1 0 0 0 0 0 1 0 0 1 0 0 0 0 0 0 0 1 1 1 1
1 0 1 0 1 1 1 1 0 1 1 0 0 0 0 1 0 0 0 0 1 0 0 1 0 1 1 1 0 0 1 1 0 1 0 0 0 0 0 0 0
0 1 1 1 0 1 0 1 0 0 0 0 0 0 1 1 1 0 1 1 1 1 1 1 1 1 1 0 1 1 1 1 1 0 1 1 0 1 0 0 0
1 0 0 1 1 1 1 1 1 0 0 1 0 1 0 1 1 1 0 0 0 1 1 0 1 0 0 0 0 0 0 1 0 0 1 0 0 1 0 1 0
1 0 0 1 1 1 1 1 1 1 0 1 0 0 0 0 0 0 0 1 0 1 0 1 1 1 0 0 1 0 1 0 1 1 1 1 0 1 0 1 1
1 0 1 0 0 0 1 1 1 1 1 0 0 0 0 0 1 0 1 0 1 1 0 0 1 1 0 0 1 0 1 1 1 0 1 0 1 1 0 0 0
1 0 0 0 1 0 0 0 1 1 0 1 0 0 1 1 1 0 1 0 1 0 0 0 0 1 1 0 1 0 0 0 1 1 0 0 0 0 0 0 0
0 1 0 0 0 1 0 1 0 0 1 1 1 1 0 0 0 0 0 0 0 1 1 1 0 1 1 1 0 0 0 1 0 0 0 1 1 1 0 1 1
1 1 1 1 1 0 0 0 1 1 0 1 1 0 0 1 1 0 0 0 0 1 1 1 0 1 1 1 0 1 1 1 0 0 0 1 0 0 0 0 0
1 1 1 0 1 0 0 1 1 0 1 1 0 1 1 1 1 1 1 0 1 0 1 1 1 1 1 1 0 1 1 0 0 1 1 0 1 1 1 1 1
1 1 0 1 0 1 0 1 1 1 0 1 1 0 0 1 1 0 0 1 0 0 1 1 1 0 0 0 0 0 1 1 0 0 1 1 1 0 0 0 0
0 1 0 1 0 1 0 1 1 1 0 1 1 1 1 0 0 1 1 1 0 1 1 1 0 1 1 0 1 1 0 1 1 0 1 0 1 0 0 1 0
1 0 0 0 1 1 0 1 1 0 1 0 1 0 1 0 0 0 1 0 0 0 0 1 0 1 1 1 1 0 0 1 0 1 1 0 1 1 0 0 1
1 1 1 0 1 0 0 1 0 1 1 1 0 0 0 1 0 1 0 0 1 1 0 1 1 1 0 0 1 1 1 1 0 1 1 1 0 1 0 0 1
0 1 0 1 1 1 1 0 1 1 1 1 0 1 1 1 1 0 0 0 1 1 0 1 1 1 1 0 0 1 0 1 1 1 1 1 1 1 1 1 1
0 1 1 1 0 1 0 1 1 0 1 0 0 0 1 0 0 1 1 1 1 1 1 0 0 1 0 1 1 1 0 0 0 1 1 1 1 1 1 1 1
1 1 1 0 1 0 0 1 1 0 0 1 0 0 0 0 0 0 0 0 1 0 0 0 1 0 1 0 0 0 0 0 0 1 0 1 0 1 1 1 0
0 1 0 0 0 1 1 0 0 0 0 0 1 1 1 1 1 0 0 0 1 1 1 1 0 0 0 0 0 0 0 0 0 1 0 0 1 0 0 1 0
0 0 0 1 1 1 1 0 1 0 0 1 0 1 1 0 0 0 0 0 1 0 0 1 1 0 1 0 1 0 0 0 0 0 1 0 0 0 0 0 1
1 0 1 1 0 0 1 1 1 1 0 1 1 0 1 0 0 0 1 0 0 0 1 1 1 0 0 1 1 0 1 1 0 0 0 0 0 1 0 0 1
0 1 0 1 1 1 0 1 0 0 1 1 0 1 1 0 1 1 0 1 0 0 0 0 0 0 1 0 1 0 1 0 1 1 1 0 0 1 0 1 1
1 0 1 0 0 1 1 1 0 1 0 0 1 1 0 0 1 0 1 1 0 1 1 0 0 0 0 0 0 0 0 1 0 1 1 1 0 1 0 1 1
1 0 0 0 1 1 0 1 1 0 1 0 1 1 0 1 1 1 1 0 0 0 0 0 1 1 1 1 0 0 1 0 1 1 0 0 1 0 1 1 0
1 0 1 0 0 1 1 0 1 0 1 0 1 0 1 0 0 0 1 0 1 0 0 1 0 0 0 1 0 0 1 1 1 1 0 1 1 1 0 1 1
0 1 0 0 0 1 1 0 1 0 0 1 0 0 1 1 0 0 0 1 0 0 1 0 0 1 1 1 0 0 0 0 0 1 0 1 0 1 1 0 1
0 0 0 0 1 0 0 1 0 1 0 1 1 1 0 1 0 1 0 0 0 0 0 1 1 1 1 0 0 1 1 1 1 1 1 0 0 1 0 0 0
0 1 1 1 1 0 0 1 1 1 0 0 1 0 1 1 0 1 1 0 0 0 0 1 0 0 1 1 0 1 0 0 1 0 1 1 0 0 1 0 1
1 1 1 0 1 1 0 0 1 0 0 1 0 0 1 0 0 1 1 1 0 1 1 1 1 0 0 0 0 0 1 1 1 1 0 0 0 1 0 0 1
1 1 0 1 0 0 0 0 0 0 1 1 1 1 0 0 0 0 1 0 1 0 1 0 1 0 0 1 1 0 1 1 0 1 1 0 0 1 1 0 0
1 0 1 1 1 0 1 0 1 0 0 1 1 1 1 1 0 0 0 1 1 1 0 1 0 0 0 1 0 1 1 0 0 0 1 1 0 0 1 0 0
1 0 1 1 1 1 0 0 0 0 1 0 1 1 1 0 0 1 0 0 1 1 1 0 0 1 0 1 1 0 1 1 1 0 0 0 1 1 1 0 1
0 0 1 0 1 1 0 0 0 1 1 0 0 0 0 0 1 0 1 0 1 1 1 1 0 0 1 1 1 0 1 0 1 1 0 1 1 1 1 1 0
0 0 0 0 0 1 1 0 0 1 1 1 0 0 1 1 0 0 1 0 0 0 1 1 0 1 1 0 1 1 1 1 1 0 1 1 1 0 0 1 1
0 0 0 1 0 1 0 0 1 1 1 1 1 1 1 0 0 1 0 1 1 0 1 0 1 1 1 0 0 0 1 0 1 0 0 1 0 1 1 0 0
0 1 1 0 0 0 0 1 0 0 1 1 1 1 0 0 1 1 0 1 0 1 1 0 1 0 1 1 1 1 0 0 0 0 1 0 0 0 0 0 0
1 1 0 1 1 1 1 1 0 1 0 1 0 0 0 0 1 1 0 0 0 1 1 1 0 1 1 1 1 1 1 0 1 1 0 0 0 0 1 1 1
1 1 1 0 1 0 1 1 0 1 1 1 0 1 1 0 1 0 0 1 1 0 1 1 0 1 1 0 0 1 0 1 1 0 0 0 0 0 0 1 0
1 1 0 0 0 0 0 0 1 0 1 1 1 0 0 1 1 0 0 1 1 1 0 0 0 0 1 1 0 0 0 1 0 0 1 0 1 1 0 1 1
1 1 1 1 1 1 0 1 0 0 1 1 1 0 0 0 1 1 1 1 1 0 1 0 1 0 0 1 0 1 1 0 1 1 0 1 0 1 1 0 0
1 0 1 0 1 1 0 1 1 0 1 0 0 1 1 0 1 1 0 1 1 1 0 0 0 0 0 0 1 0 0 0 0 0 1 1 0 0 1 0 0
1 0 1 1 0 1 1 1 1 0 0 1 1 0 0 0 0 1 1 1 0 0 1 0 0 0 1 0 0 0 1 0 1 0 0 0 1 1 1 1 0
1 1 1 0 0 1 1 0 0 1 0 0 0 1 1 1 1 0 0 1 0 0 0 0 0 0 1 0 0 1 1 1 1 0 1 0 0 0 1 1 0
0 1 1 0 1 1 0 0 0 1 1 0 1 1 0 0 1 1 0 0 1 0 1 1 1 0 1 0 0 0 1 1 0 1 1 0 1 1 0 0 1
0 1 1 1 0 0 0 0 0 1 0 1 1 1 1 1 1 1 1 0 1 1 1 0 1 0 1 0 0 1 0 0 0 1 1 1 0 1 0 0 1
1 0 1 0 0 1 0 0 0 1 0 1 0 0 1 0 1 1 0 0 1 0 1 0 1 0 0 1 1 1 1 1 1 1 1 0 0 1 0 1 0
1 1 0 1 1 1 1 0 1 1 1 0 0 1 0 1 0 1 0 0 0 1 1 0 0 1 1 0 1 0 1 0 1 1 0 0 1 1 0 0 0
0 0 0 0 0 0 0 0 1 0 0 0 0 0 1 0 0 0 1 0 1 1 1 0 1 0 0 0 0 1 0 0 0 0 1 1 1 1 1 1 1
1 1 0 0 0 0 1 1 0 1 1 0 0 1 0 0 0 1 0 1 1 0 1 1 0 1 1 0 0 1 0 0 1 1 1 1 1 0 0 0 1
1 0 1 1 0 0 0 1 1 0 1 0 0 1 0 0 0 1 1 1 1 0 0 1 1 0 1 0 1 1 1 1 1 0 0 0 0 1 0 1 1
0 1 0 1 0 0 1 0 0 1 0 1 1 0 0 1 0 0 1 0 1 0 1 0 1 0 1 0 0 0 1 0 1 0 0 1 0 1 0 0 1
0 1 1 0 1 0 0 0 1 0 1 1 1 0 0 0 0 0 0 0 1 0 1 1 0 1 1 0 0 1 1 0 1 0 0 0 0 1 1 0 1
0 1 0 0 1 1 1 1 0 1 1 0 1 0 1 1 0 0 1 1 0 1 0 0 0 1 0 0 1 1 0 0 1 0 0 0 0 1 0 0 1
1 1 0 1 0 1 0 1 0 0 1 1 0 1 0 0 1 0 0 0 1 1 1 1 0 1 0 0 0 1 1 0 0 0 0 1 0 0 0 1 0
0 0 1 1 1 0 1 1 0 1 1 1 1 1 1 0 0 0 1 1 0 0 0 1 0 0 1 0 0 0 0 0 0 1 0 0 0 0 1 0 1
0 1 0 1 1 0 0 0 0 0 0 0 1 1 0 0 0 1 1 1 0 1 1 0 1 0 1 0 1 1 0 0 0 1 1 0 1 1 1 1 1
1 0 1 0 1 0 0 0 1 0 1 1 0 1 0 0 0 0 0 0 0 1 0 1 1 1 1 1 0 1 1 0 1 1 1 0 1 1 0 1 0
0 0 1 1 0 0 0 0 1 0 1 1 0 0 0 1 1 0 1 1 0 1 1 1 0 0 0 0 0 1 1 1 0 1 1 0 1 1 0 1 0
1 0 0 0 0 0 1 1 0 0 0 0 0 1 0 1 0 0 0 0 1 0 1 1 0 0 0 0 1 1 1 0 1 1 0 1 0 1 1 0 0
0 1 0 1 0 1 1 1 0 1 1 1 1 1 1 1 1 1 0 1 1 0 1 1 0 0 1 1 1 0 0 1 0 1 0 1 0 1 0 0 0
0 0 0 0 0 0 0 1 1 0 1 0 0 1 0 0 1 1 0 0 1 0 0 0 0 0 0 0 0 1 0 1 0 1 1 0 0 0 1 0 1
1 1 0 1 0 1 1 0 1 0 1 0 0 1 1 0 0 0 0 1 1 1 1 0 0 0 0 0 1 0 1 0 1 0 1 0 1 0 1 1 0
1 1 0 0 0 0 1 1 0 0 0 0 0 1 1 0 0 0 1 1 0 0 0 0 1 0 1 1 1 1 1 1 1 0 1 0 1 0 0 1 0
0 1 1 0 1 0 1 1 1 1 1 1 0 1 0 0 1 0 0 0 0 1 0 1 0 0 0 0 1 1 1 0 0 0 0 1 0 1 1 0 1
1 0 0 1 1 0 1 1 1 1 1 0 1 0 1 1 1 1 1 0 0 1 0 1 1 1 0 0 0 0 0 0 0 1 1 1 0 0 1 0 0
0 1 0 1 0 0 1 0 0 1 1 1 1 1 0 0 1 1 0 1 1 1 0 0 1 1 0 0 1 1 1 0 0 1 0 0 1 1 0 1 0
0 1 1 0 0 1 1 1 0 1 1 0 1 0 1 0 1 0 0 1 0 0 0 1 1 0 0 1 0 1 0 0 0 1 1 0 1 1 0 1 1
0 0 0 0 1 0 1 1 1 0 1 0 1 1 0 0 0 1 0 1 0 0 0 0 1 0 0 0 1 0 0 1 0 1 1 1 1 1 0 0 0
1 0 0 0 1 0 0 1 0 1 1 1 1 1 1 0 0 0 1 0 0 0 1 0 1 0 1 0 1 1 0 0 1 1 1 1 0 1 1 1 0
0 0 0 1 1 0 1 0 1 1 0 0 0 0 0 0 0 1 1 0 0 0 1 1 0 0 0 0 1 0 0 1 1 1 1 1 0 1 1 1 1
0 0 0 1 0 0 1 1 0 0 0 1 1 1 1 1 0 0 1 1 1 0 1 0 1 0 0 1 1 1 0 1 0 1 0 1 1 0 1 1 1
1 1 1 0 0 0 1 0 0 0 0 1 1 1 0 1 1 0 1 1 0 0 0 1 0 1 1 0 1 1 0 1 1 1 0 1 0 1 0 1 1
1 1 1 0 1 0 0 1 0 0 0 0 1 1 0 0 0 0 1 0 1 0 0 1 1 1 0 1 1 0 1 0 0 0 0 1 1 0 1 1 1
0 0 1 0 1 1 1 0 1 1 0 1 0 1 0 1 0 1 1 1 0 0 1 0 1 0 0 1 1 1 1 1 1 0 1 1 0 1 0 0 0
0 0 1 0 0 0 0 0 0 1 0 0 0 0 1 1 0 1 0 1 0 1 0 1 0 0 0 0 1 0 0 1 0 0 1 1 1 1 0 0 1
1 1 0 0 1 0 1 1 0 0 1 0 0 0 0 1 1 1 0 1 0 0 1 0 1 0 1 0 1 1 1 0 1 0 0 1 1 1 0 1 1
1 0 1 0 1 1 1 1 1 0 0 1 1 0 0 1 0 1 1 0 1 1 0 0 0 0 0 1 1 1 1 1 1 0 0 0 0 0 1 1 0
0 1 0 0 1 1 1 0 0 1 1 0 0 1 1 1 0 0 0 0 0 0 1 1 1 1 0 0 1 1 0 0 0 0 1 1 0 0 1 0 0
1 1 1 1 1 0 0 0 0 1 0 1 0 1 0 1 1 1 1 1 1 1 1 1 1 0 1 0 1 1 0 0 1 0 0 0 1 0 1 0 0
1 1 0 1 0 0 0 1 0 1 1 1 0 0 0 1 0 1 0 1 1 1 1 0 1 0 1 1 0 0 1 1 1 1 1 0 0 1 1 1 1
1 1 0 0 1 0 0 0 0 1 0 0 1 0 1 0 1 0 1 0 1 1 1 1 1 0 1 1 0 1 0 1 1 1 0 1 0 1 0 1 0
1 0 0 1 1 1 0 1 0 1 0 0 0 1 0 1 1 0 1 0 0 1 1 1 1 0 1 0 1 1 0 1 0 1 0 0 1 1 0 0 1
1 1 1 1 0 1 1 1 1 1 0 0 1 1 0 0 1 1 0 0 1 1 1 1 1 0 1 1 0 0 0 0 0 0 1 1 0 1 0 1 0
0 1 0 1 1 1 1 0 1 0 1 0 1 1 0 0 0 1 1 1 0 0 1 1 1 0 0 1 0 1 1 1 0 1 0 1 0 0 1 1 0
0 0 1 1 0 0 0 1 0 0 1 0 0 0 1 0 1 0 0 0 1 0 1 1 1 1 0 0 1 0 0 0 0 1 0 0 0 1 0 0 1
1 0 1 0 1 1 1 0 1 0 1 0 1 0 1 1 1 0 1 1 0 0 1 1 1 1 0 1 0 1 0 1 1 0 1 0 1 1 1 1 0
0 1 0 0 1 0 0 0 0 0 0 1 0 0 1 1 1 0 0 1 1 0 1 0 1 1 0 1 1 0 0 1 1 0 0 1 0 1 1 1 0
1 0 1 1 1 0 0 1 1 0 0 0 1 0 0 0 0 1 0 1 1 0 1 1 1 1 0 1 0 0 1 1 1 0 1 1 1 1 0 1 0
0 0 0 1 0 1 0 1 1 0 0 1 0 0 0 1 0 0 0 0 0 1 1 0 1 1 0 1 1 1 0 0 1 0 0 0 1 0 1 0 0
1 1 0 0 1 0 0 1 0 0 0 0 1 0 1 1 0 0 0 0 0 0 1 1 1 0 0 0 0 0 0 0 0 1 1 0 0 0 1 0 1
1 0 1 1 1 0 1 1 0 1 1 0 1 0 1 0 0 0 0 0 1 1 1 1 0 0 0 0 1 1 0 1 0 0 1 1 1 0 1 0 0
0 1 1 1 0 0 1 0 0 1 1 1 1 0 0 0 0 0 0 0 1 1 1 1 0 0 0 1 0 1 0 0 1 1 1 1 0 0 1 1 0
1 1 1 1 0 0 1 1 1 1 1 0 0 0 1 1 0 0 1 1 0 0 1 1 0 0 1 0 1 0 1 1 1 1 1 0 0 0 1 1 1
1 0 0 1 1 1 0 0 0 1 1 0 0 0 1 0 0 0 0 1 0 1 1 1 0 0 0 1 0 0 0 1 0 0 0 0 0 1 1 1 1
1 0 1 1 1 0 0 1 1 1 0 1 1 0 1 1 1 1 0 1 1 0 1 0 0 1 1 0 1 1 0 0 1 0 0 1 0 0 1 1 1
0 1 0 1 1 1 0 1 0 1 0 0 0 1 0 1 0 1 0 0 1 0 1 0 0 1 1 0 0 0 0 0 0 0 1 1 1 1 1 0 0
1 1 0 0 0 0 1 0 1 1 0 0 1 0 0 0 0 1 0 1 1 0 1 0 0 0 0 1 1 1 1 0 1 0 0 0 0 0 0 1 1
1 0 1 0 1 1 0 0 0 1 0 1 1 1 0 0 0 1 1 1 1 1 1 0 0 1 0 1 0 0 0 1 0 1 1 0 1 0 1 1 0
1 1 0 1 0 0 1 0 0 0 1 0 1 1 1 0 1 1 0 0 0 1 1 1 0 1 1 1 1 1 1 1 1 1 1 1 0 1 1 0 1
1 0 1 1 0 1 0 0 0 0 1 0 1 0 1 1 0 0 1 1 1 0 1 1 0 0 0 1 0 0 0 0 1 0 1 1 0 0 0 0 0
0 0 0 0 1 0 1 1 0 0 1 0 0 1 1 1 1 0 0 1 0 1 1 0 0 1 1 0 1 0 0 1 0 0 1 0 1 0 1 1 1
1 1 1 1 0 0 0 0 0 0 0 1 0 1 1 0 1 0 0 0 1 0 1 1 0 0 1 0 1 0 0 0 1 0 1 1 1 1 0 1 1
0 0 1 0 0 0 0 1 1 0 0 0 0 0 0 1 1 1 1 0 1 0 1 0 0 0 0 1 0 0 1 1 1 1 1 1 0 1 1 0 1
1 1 1 1 1 1 0 1 0 0 0 1 0 1 0 1 0 1 0 1 0 0 1 0 0 1 0 1 1 0 0 0 0 1 0 0 0 0 0 0 1
0 0 0 1 0 0 1 0 0 0 0 0 0 1 0 1 0 1 0 1 1 1 1 1 0 1 1 1 0 1 1 1 1 0 1 0 1 1 0 0 1
1 0 1 1 1 0 0 0 1 0 1 0 0 1 0 0 0 1 0 0 1 0 0 0 1 1 0 1 1 0 0 0 1 1 0 1 0 0 1 0 0
1 1 1 1 1 0 1 0 1 1 1 0 1 0 1 0 1 1 1 0 0 0 0 0 1 1 0 0 0 1 1 0 1 0 0 1 0 1 0 1 0
1 0 0 0 0 0 0 1 1 1 0 0 1 1 1 1 1 1 0 0 1 0 0 1 1 0 0 1 1 1 0 1 1 0 1 1 1 0 0 1 1
1 1 1 0 1 0 1 1 1 1 0 1 1 1 0 0 0 1 1 0 1 1 0 0 1 0 0 0 0 1 1 1 0 0 1 1 1 1 1 1 0
0 0 1 0 0 0 1 0 1 1 0 0 0 0 1 1 1 1 0 0 1 0 0 1 1 1 1 1 1 0 1 0 0 0 0 0 1 0 1 1 0
0 1 0 1 1 1 1 0 0 1 0 0 1 0 1 1 1 1 1 1 0 0 0 1 1 1 1 0 0 0 0 1 1 1 0 0 1 1 0 1 0
1 0 0 0 0 0 1 1 1 0 1 1 0 0 1 0 1 0 0 0 1 0 0 1 1 0 1 1 0 1 1 1 1 0 1 1 0 1 0 0 0
0 1 0 0 1 0 1 0 0 0 1 0 0 1 0 0 0 1 1 1 0 0 0 1 1 1 1 1 1 0 1 1 0 0 0 0 0 1 0 0 0
0 0 0 1 1 0 0 0 1 0 1 1 1 0 0 1 0 1 1 1 1 0 0 1 1 0 1 1 0 1 0 0 0 1 0 0 0 1 1 0 0
0 0 0 0 1 1 0 0 1 0 0 0 1 0 1 1 1 1 0 1 0 0 0 0 1 1 0 0 1 1 1 0 0 1 1 1 0 1 0 0 1
1 1 1 0 0 1 1 0 0 0 0 0 1 1 0 1 0 1 1 0 1 0 0 0 1 1 0 1 0 1 0 1 0 1 0 1 1 1 0 0 0
0 0 1 1 1 0 0 1 0 0 0 1 1 1 0 0 1 0 0 1 0 1 0 1 1 0 1 1 1 0 0 1 1 1 0 0 0 0 1 1 0
1 1 0 0 0 0 0 1 1 1 1 0 1 0 0 0 1 1 1 1 1 0 0 1 0 0 0 1 1 0 1 1 1 1 1 1 1 0 1 1 0
1 0 0 0 0 0 1 0 1 1 1 0 0 1 1 1 1 0 0 0 1 1 0 0 0 0 0 1 0 0 1 1 0 0 0 1 0 0 0 0 1
1 1 1 1 1 1 0 0 1 1 1 1 1 1 1 0 0 0 1 0 0 0 0 0 0 1 0 1 1 1 0 1 1 0 1 0 0 0 1 0 1
1 1 0 0 0 0 1 0 1 1 1 1 0 0 1 0 0 1 0 0 0 0 0 0 0 0 1 0 0 1 0 1 0 1 1 0 0 0 0 1 1
1 1 0 0 0 1 0 0 1 1 0 1 1 1 0 0 1 1 0 0 0 0 0 0 0 0 1 1 1 1 0 0 0 1 1 1 1 1 1 0 0
0 0 1 1 0 1 1 0 1 1 0 1 1 0 1 0 1 0 0 0 1 0 0 1 0 1 0 0 0 0 0 1 1 1 1 1 0 1 1 0 0
0 0 1 1 0 0 0 1 1 1 0 0 0 1 1 0 1 0 0 0 0 0 0 0 0 0 0 0 1 1 0 0 0 1 0 0 0 1 0 1 0
0 1 0 0 0 0 1 1 1 1 0 1 0 0 0 0 0 1 0 1 1 1 0 1 0 0 0 0 0 0 0 0 0 0 0 0 0 0 0 0 0
0 0 0 1 1 0 0 0 0 0 1 1 0 1 1 0 0 1 1 0 1 1 0 0 0 0 1 1 1 1 1 0 1 0 0 1 1 1 1 1 1
1 0 1 1 0 0 0 1 0 0 1 1 1 0 1 1 1 0 1 0 0 1 0 1 0 1 0 1 0 0 0 1 1 1 0 1 0 0 0 1 1
1 0 1 0 1 0 1 0 0 0 1 0 1 0 0 1 1 1 1 0 1 0 0 0 1 0 1 1 1 1 0 0 1 1 1 0 1 1 1 0 1
0 0 1 0 0 0 0 1 0 0 1 0 1 1 0 1 0 0 1 1 0 0 0 0 0 1 0 0 0 1 1 0 1 0 0 0 1 0 1 1 0
0 1 0 1 0 1 1 1 1 0 0 1 0 1 1 1 1 1 1 0 0 0 0 0 0 0 0 0 1 0 1 1 1 0 0 1 1 1 1 0 1
1 0 0 0 1 1 1 0 1 0 0 0 1 0 0 0 0 0 0 1 1 1 0 1 0 1 1 0 0 1 0 1 1 0 0 1 0 0 1 1 0
1 0 0 1 1 1 0 0 1 0 0 0 0 1 1 0 1 1 0 1 1 1 0 0 0 1 1 1 1 1 0 1 0 1 1 0 0 1 0 1 0
1 1 1 1 0 1 0 1 0 1 0 0 1 0 1 1 0 0 0 1 1 1 0 1 0 1 1 0 0 0 1 0 1 1 0 0 1 1 1 1 1
1 1 0 1 0 0 1 1 1 1 1 0 0 0 1 0 1 1 1 1 1 1 1 1 0 0 0 1 0 1 0 1 1 1 1 1 0 0 0 0 0
0 0 0 0 1 1 0 1 0 0 0 0 0 1 0 1 1 0 0 0 1 1 0 1 0 1 0 1 1 1 0 1 1 0 0 1 0 1 0 1 0
0 1 0 1 0 0 0 1 1 0 1 0 1 1 1 1 0 0 0 1 0 1 1 1 0 1 1 0 0 0 0 0 1 1 0 1 0 1 1 0 0
0 1 0 1 0 0 1 1 1 1 0 1 1 0 0 0 1 1 1 0 0 0 1 1 1 1 1 1 0 1 0 1 0 1 0 1 0 1 0 1 1
0 1 0 1 1 0 1 0 0 1 1 0 1 0 1 1 1 1 0 0 1 1 1 1 0 1 0 1 1 0 1 1 1 0 0 0 1 0 0 1 0
0 0 1 1 1 0 0 0 1 0 1 0 1 1 0 1 1 0 0 0 1 1 1 0 1 1 0 1 0 1 1 0 0 0 1 1 0 1 1 1 1
0 0 1 1 0 1 0 1 0 1 1 0 0 0 0 0 0 1 0 1 0 0 0 1 0 1 0 1 0 1 1 1 1 0 0 0 1 0 0 0 0
0 1 1 1 0 1 1 0 0 1 0 1 0 0 0 0 0 0 1 0 1 1 0 1 1 0 1 1 0 0 0 1 0 1 1 0 1 0 0 0 1
1 0 1 0 1 1 1 1 0 0 1 1 1 1 1 0 1 1 0 0 0 1 0 1 1 1 0 0 1 1 0 0 1 0 0 0 1 0 0 0 0
0 0 1 0 0 0 0 1 1 0 0 0 1 0 0 1 1 1 0 1 1 1 1 1 0 1 1 0 0 1 1 1 0 1 1 0 0 0 0 1 0
1 1 0 0 0 1 0 0 0 1 1 1 0 0 1 0 0 0 1 0 1 1 0 1 0 0 1 1 0 1 1 0 1 0 0 0 1 0 0 0 0
0 1 0 1 0 0 0 1 1 0 1 0 1 1 0 0 1 0 1 0 0 0 0 1 0 1 1 0 0 0 0 0 0 1 1 1 0 1 0 0 0
1 1 0 0 0 1 0 0 0 0 0 1 1 0 1 1 1 1 1 0 0 0 1 1 0 0 0 0 1 0 1 0 0 0 0 0 0 0 0 0 0
1 1 0 1 0 1 0 0 1 0 0 1 0 1 1 1 1 0 0 1 1 0 1 1 1 0 0 0 0 1 0 0 0 0 0 0 0 0 1 1 1
0 0 0 1 0 0 0 0 1 1 0 1 1 0 1 0 1 0 0 1 0 1 0 0 1 0 0 0 1 1 0 1 1 0 1 0 1 0 1 0 1
0 1 1 1 0 1 0 0 0 0 1 1 1 0 0 0 1 1 0 0 0 1 1 0 1 1 0 0 0 0 1 0 1 0 1 0 0 1 1 0 1
0 0 0 1 1 0 0 0 0 0 0 0 0 0 0 1 1 1 1 1 1 1 0 1 1 0 0 1 1 0 0 1 0 0 1 0 1 1 1 1 0
1 1 0 1 1 0 0 1 0 1 1 1 1 1 1 1 0 1 0 0 0 1 0 1 1 1 0 0 0 0 0 0 1 0 0 0 1 0 0 1 1
1 0 1 1 1 0 0 1 1 1 1 1 1 1 0 1 1 1 0 0 0 0 1 1 1 0 1 0 1 0 0 0 1 0 1 0 1 1 1 1 1
1 0 1 0 1 1 0 0 0 0 0 1 0 1 1 0 0 0 0 0 1 1 1 0 0 0 0 1 0 1 1 1 1 0 1 1 1 0 0 0 1
1 1 1 1 0 1 1 0 1 0 0 1 1 0 1 1 1 1 0 0 1 0 0 0 1 1 0 1 0 0 0 0 1 0 1 0 0 0 0 0 1
0 0 1 0 1 0 0 0 0 1 0 0 1 1 1 0 0 0 1 1 1 0 0 0 0 1 0 0 0 1 0 1 0 1 1 0 1 0 0 1 1
1 0 1 1 0 0 1 0 1 0 0 1 1 1 0 1 1 1 0 1 0 1 0 0 1 0 0 1 1 0 0 0 0 1 1 1 0 1 1 1 0
0 0 1 1 0 1 1 0 1 0 0 0 1 1 1 1 0 1 1 1 0 0 0 0 1 1 0 1 1 0 1 0 1 1 1 0 0 0 0 1 1
1 0 0 0 0 1 0 0 0 1 1 0 0 0 0 0 1 1 1 1 1 1 1 1 1 1 1 0 0 1 1 0 1 1 1 0 1 1 1 0 0
0 1 1 0 0 0 0 1 0 0 0 0 1 0 0 1 0 0 0 0 0 1 0 0 0 0 1 1 1 1 1 0 0 1 1 0 1 1 1 0 0
0 0 1 0 0 0 1 0 0 0 1 1 1 0 1 0 0 0 1 0 0 1 0 1 1 0 1 0 1 1 1 0 1 0 0 1 0 1 1 0 0
1 0 0 0 0 1 1 0 0 0 1 0 0 0 0 0 0 1 0 1 0 1 1 1 0 1 0 1 1 0 1 0 0 1 0 0 1 0 1 0 0
1 1 1 0 1 0 0 1 1 1 0 1 0 0 0 1 1 0 0 1 1 1 1 1 1 0 0 1 1 0 0 1 0 1 0 1 1 0 0 1 0
1 0 0 1 1 1 0 0 0 0 0 0 1 0 0 0 0 0 0 0 0 0 0 0 0 0 1 1 0 0 1 1 0 1 0 1 1 1 0 1 0
1 1 0 1 1 1 1 1 0 0 1 1 1 0 0 1 1 0 1 0 1 1 0 1 0 1 1 0 1 0 0 1 0 0 0 0 0 1 1 0 1
0 1 0 0 0 0 0 0 0 1 0 1 0 1 1 0 1 0 1 1 1 1 1 0 0 1 1 1 1 0 1 1 0 1 0 0 0 1 1 1 0
1 1 0 0 0 1 1 1 1 1 1 1 0 0 0 0 1 0 1 0 0 0 1 1 1 1 0 0 0 0 0 0 1 0 0 1 1 1 1 0 1
0 0 1 1 1 0 1 0 0 1 0 0 1 1 1 0 1 1 0 1 1 0 1 0 0 0 1 0 0 1 0 1 1 1 0 0 0 1 1 0 1
1 0 1 1 0 1 1 0 0 0 1 1 0 0 1 0 1 1 1 1 0 0 0 0 0 1 1 0 0 1 0 0 0 0 0 1 1 0 0 0 0
0 0 1 0 1 1 1 1 1 1 1 1 1 0 1 0 1 1 1 0 1 1 0 0 1 0 1 0 0 1 1 0 1 1 0 0 1 0 0 1 1
0 0 1 0 1 0 0 1 1 0 0 1 0 0 0 1 1 0 1 1 0 0 0 1 1 0 1 0 0 1 0 0 1 0 1 1 1 0 0 1 1
0 0 0 1 0 0 1 1 1 1 1 0 1 1 0 1 0 1 0 1 0 1 1 0 0 1 0 0 1 1 0 1 1 0 1 1 0 1 1 1 0
1 0 0 0 0 0 1 0 1 0 1 1 1 1 0 1 1 0 1 1 0 0 1 0 1 0 0 0 0 1 1 0 1 1 1 0 0 0 0 0 1
1 1 0 0 0 0 0 0 1 1 0 1 0 0 0 1 0 0 1 1 0 1 1 0 1 1 0 1 1 0 1 0 0 1 0 0 1 1 0 1 1
0 0 0 0 0 1 1 0 1 0 0 0 0 1 0 0 1 1 1 1 1 1 1 1 1 0 1 1 0 0 0 1 0 0 0 1 1 0 1 0 0
1 0 0 0 1 1 1 0 1 1 1 0 1 1 0 1 0 0 0 1 1 1 0 1 1 0 0 1 1 1 0 1 0 1 1 0 0 0 0 1 0
1 1 0 1 1 0 1 1 0 0 0 1 1 0 0 1 0 1 1 1 1 0 1 1 0 0 1 0 0 0 1 1 1 1 1 1 0 0 0 1 0
0 1 0 1 1 0 1 1 1 1 0 0 1 1 1 1 1 0 1 1 0 1 1 0 1 0 0 1 1 0 0 0 1 1 1 1 0 0 1 1 1
1 0 0 0 1 0 0 1 0 1 1 1 0 0 0 0 1 0 0 0 1 1 0 1 1 1 0 1 0 1 0 0 0 0 1 0 0 0 1 1 0
0 1 0 1 0 1 0 0 1 1 1 1 0 0 1 1 0 1 1 0 0 1 0 1 1 0 1 0 0 1 1 0 0 0 0 1 0 1 1 1 0
0 0 1 1 0 0 1 1 0 1 0 0 0 1 0 1 1 1 1 0 0 0 1 1 1 1 0 1 1 1 1 1 0 1 0 1 0 0 1 0 0
1 1 1 0 0 1 0 1 0 1 1 0 0 1 0 0 0 0 0 0 1 0 1 0 1 0 0 0 1 1 1 1 0 0 0 0 1 1 1 0 0
1 1 1 0 1 0 1 0 0 0 1 1 1 1 0 1 0 1 0 1 1 0 0 1 0 0 0 0 0 0 1 0 0 0 0 1 1 0 0 1 0
1 1 0 0 0 0 0 0 1 0 0 0 1 1 0 0 0 1 1 0 1 1 1 1 1 1 1 0 1 1 0 1 1 1 1 1 1 0 0 0 1
0 1 1 0 1 0 1 1 0 1 0 1 1 1 0 0 1 1 1 0 1 1 0 1 0 1 1 1 1 0 0 1 1 0 1 1 1 0 0 0 1
C Elapsed Time 267184.870000 
