260 18 2^18 6
1 0 0 0 1 1 0 1 1 1 1 0 0 1 1 1 1 0
1 0 1 1 1 0 1 1 1 0 1 0 1 1 1 1 1 0
0 0 1 1 1 0 1 1 0 0 0 1 0 1 0 0 0 1
0 0 0 1 1 0 1 0 1 0 1 1 1 0 0 1 1 1
1 1 1 1 1 1 0 1 0 0 1 0 1 1 0 1 0 1
0 1 1 1 1 1 1 1 1 1 0 1 1 0 0 1 0 1
0 0 1 0 0 1 0 1 0 1 0 0 0 0 1 1 1 0
0 1 1 0 1 0 1 0 0 0 0 0 1 0 1 1 0 1
0 0 0 1 1 1 1 0 0 0 1 0 0 1 1 1 0 1
1 1 1 1 0 1 0 1 1 0 0 1 0 0 0 0 0 1
1 1 1 1 1 1 1 1 1 1 1 0 0 0 1 0 1 1
1 1 0 0 0 1 0 0 0 1 1 1 1 0 1 0 1 0
0 1 1 1 1 1 1 0 1 0 1 0 1 1 0 0 1 1
0 1 1 0 0 1 1 1 1 1 1 0 1 1 1 1 0 0
0 0 0 1 0 0 0 1 0 1 0 1 1 0 0 0 0 0
1 0 1 0 0 1 0 0 0 0 0 0 1 1 1 1 1 0
1 0 1 1 1 1 0 1 1 1 0 0 1 1 0 0 1 0
0 1 1 0 0 1 1 0 1 0 0 1 1 1 0 1 1 0
1 0 0 0 1 0 1 0 1 0 0 1 0 1 1 1 1 1
1 0 0 0 1 1 1 0 1 0 1 0 1 0 1 0 0 0
1 1 0 1 1 0 0 0 1 0 0 1 0 0 0 0 1 0
0 0 1 0 1 0 1 1 1 1 1 0 1 0 0 0 0 1
1 0 1 0 1 1 1 0 1 0 1 1 1 0 1 0 1 0
0 1 1 0 0 0 0 1 0 0 0 0 1 1 0 0 0 0
0 0 0 0 1 0 0 0 0 1 1 1 0 0 1 0 0 1
1 0 0 1 0 0 1 1 1 0 1 1 0 0 1 0 0 0
0 1 0 1 0 1 0 0 1 0 0 0 1 0 0 1 0 0
0 1 0 0 0 1 0 0 1 0 1 1 0 1 1 1 1 1
1 0 1 0 0 0 1 1 1 0 0 1 1 0 0 1 0 1
1 0 1 1 1 0 1 0 0 1 0 1 1 0 1 0 1 1
1 1 1 0 1 0 1 0 0 0 1 1 0 0 0 0 0 1
0 0 0 0 0 0 1 0 1 0 0 0 0 0 0 0 0 1
1 1 1 0 1 1 1 1 1 0 0 1 1 1 1 0 0 1
0 0 1 1 0 1 1 0 1 1 1 1 0 0 0 0 0 0
1 1 1 0 0 1 0 0 1 0 0 0 1 0 0 1 1 1
1 0 0 0 1 1 0 0 0 0 1 1 0 1 0 1 0 0
1 1 0 1 0 0 1 0 0 1 0 1 0 0 0 1 1 0
0 0 1 0 1 0 0 1 0 1 0 1 1 1 1 1 0 1
1 0 1 0 1 1 1 0 1 1 0 0 0 1 0 0 0 0
1 1 0 1 0 0 1 0 1 1 0 0 0 1 0 1 0 1
0 0 0 1 1 1 0 1 0 0 1 0 0 0 0 0 1 0
0 1 0 0 1 0 1 1 1 0 1 0 0 1 1 0 1 0
1 1 1 1 0 0 1 0 1 0 0 0 0 1 1 0 1 0
1 1 0 0 1 0 1 1 0 1 1 0 1 0 1 1 0 0
0 1 0 1 0 0 1 0 1 1 1 0 1 0 1 0 0 1
0 1 0 1 1 0 0 1 1 1 1 0 1 1 0 1 1 1
1 1 0 1 1 0 1 1 0 0 0 0 1 0 0 0 1 1
1 0 1 1 1 0 0 0 1 0 1 1 0 1 1 0 0 0
1 1 1 0 1 1 0 0 1 1 0 1 0 0 1 1 1 1
0 1 1 1 1 0 1 1 0 1 0 0 0 0 1 0 0 0
0 0 0 0 0 1 1 1 1 0 0 0 1 1 0 1 1 1
1 1 0 0 0 1 0 1 1 1 0 1 1 1 0 0 1 1
0 0 1 0 0 0 1 0 1 1 0 0 1 1 1 1 1 1
0 0 0 0 0 0 0 1 1 0 1 0 1 0 1 1 0 1
0 1 1 1 1 1 0 1 0 1 0 0 1 0 0 1 1 0
0 1 1 1 1 0 0 1 1 0 1 1 1 0 1 0 1 0
1 1 0 0 0 1 0 1 0 1 0 1 1 1 0 1 0 0
1 1 0 0 0 1 1 1 1 0 0 0 0 0 1 1 1 0
0 1 0 0 0 0 0 1 0 1 1 0 0 0 0 0 1 1
1 0 0 0 0 1 1 1 1 1 1 1 0 0 0 1 1 0
0 0 0 1 1 0 0 0 0 0 0 0 1 1 1 0 1 0
1 0 1 1 1 0 0 1 1 1 1 1 0 0 0 1 1 1
1 0 0 1 1 1 0 0 1 0 0 0 1 1 1 1 0 1
0 1 0 0 1 0 1 0 0 1 0 1 1 1 0 0 1 1
1 0 0 0 0 0 1 1 0 1 0 0 1 1 1 0 0 1
1 1 1 1 1 0 1 0 1 0 0 0 1 0 0 1 0 0
0 1 1 1 0 1 0 0 1 1 0 1 1 1 1 0 1 0
1 0 1 1 0 1 1 1 1 1 0 1 0 1 1 1 1 1
0 1 1 1 1 1 0 1 1 0 0 0 0 1 1 1 1 1
0 1 0 0 0 0 0 0 0 1 0 0 0 1 1 1 1 0
1 0 0 1 1 0 1 0 0 1 1 0 0 1 0 0 1 0
0 1 0 1 0 1 0 1 0 0 1 1 1 0 1 1 1 1
0 1 0 0 1 1 0 1 1 1 0 0 1 0 1 0 1 0
0 0 1 0 1 0 0 0 1 0 1 0 0 1 0 1 0 1
0 1 1 1 0 0 0 0 0 1 0 0 0 0 0 0 1 0
1 1 1 1 0 1 0 0 1 1 1 0 0 1 0 1 1 0
0 0 1 0 1 1 1 1 1 0 1 1 0 0 1 1 0 0
1 1 0 0 1 1 1 0 1 1 0 0 0 0 1 1 0 1
1 1 1 0 1 0 0 0 1 1 1 0 1 1 1 0 1 1
0 1 1 0 0 1 0 0 0 0 1 0 0 0 1 0 0 0
1 1 0 0 0 1 1 0 1 1 1 1 0 1 1 0 0 0
0 1 1 0 1 1 0 1 1 1 1 1 0 1 0 0 1 0
1 0 1 1 0 0 0 0 0 0 1 0 1 0 0 0 0 1
1 0 1 1 1 1 0 0 0 0 1 1 0 1 1 0 1 1
1 0 0 1 0 1 1 1 1 1 1 0 1 0 0 1 0 1
1 0 0 0 1 0 0 0 0 1 0 0 1 0 0 1 1 1
1 0 0 1 0 0 0 0 0 1 1 1 1 1 1 1 0 1
0 1 0 0 1 1 0 0 0 0 1 0 1 0 1 0 1 1
0 0 0 1 1 0 1 1 0 1 0 0 0 0 1 1 1 1
0 0 1 0 0 0 1 0 0 0 1 0 1 0 0 1 1 1
0 0 0 1 1 1 0 1 0 1 0 0 1 1 0 0 0 1
0 1 1 1 0 1 0 0 0 1 0 0 0 1 1 1 0 1
1 0 0 0 0 0 1 0 1 1 0 0 1 0 0 0 1 0
0 0 1 1 0 1 1 1 0 0 1 1 0 1 0 1 1 0
0 1 1 0 0 0 0 0 1 0 1 0 1 0 0 0 1 0
1 1 1 1 0 0 1 0 1 0 1 1 1 0 1 1 1 1
1 1 1 0 0 0 1 1 1 0 1 1 0 1 0 0 1 1
0 0 0 1 0 1 0 0 0 1 1 1 0 0 0 1 1 1
0 1 0 1 0 0 1 1 1 0 0 1 1 1 1 1 0 1
0 1 1 0 0 0 1 1 0 1 0 1 0 0 1 0 1 1
0 0 0 1 0 1 1 0 1 0 1 0 0 1 1 1 1 0
0 1 0 0 0 0 1 1 1 0 1 1 0 0 0 0 0 1
1 1 0 0 0 1 1 0 0 0 1 0 1 1 1 1 1 1
1 0 1 0 1 0 0 1 0 0 0 0 0 0 1 0 0 0
0 0 1 1 0 1 1 0 1 0 0 1 0 1 1 0 0 1
1 1 0 0 1 1 0 0 0 0 0 0 0 1 0 0 1 0
1 1 0 1 1 1 0 0 1 1 1 1 1 0 0 0 0 1
1 1 0 1 0 1 1 1 0 0 0 0 0 1 1 0 0 0
0 0 0 1 1 1 1 1 1 1 1 1 1 1 1 0 1 1
1 1 0 1 1 0 0 1 0 1 0 1 0 1 1 0 1 1
1 0 0 1 0 1 1 1 0 0 1 0 0 0 0 1 0 0
1 0 0 1 1 0 1 0 1 1 0 1 0 0 1 0 0 1
1 1 0 0 0 0 0 1 1 1 1 0 0 0 0 0 0 0
1 0 1 0 0 1 1 1 0 1 0 1 1 0 0 1 1 1
0 0 1 0 0 1 0 1 0 0 0 1 1 1 1 0 1 1
1 1 1 0 1 1 0 1 1 0 1 0 1 0 0 1 0 0
1 0 1 0 1 0 0 1 1 0 0 0 0 0 1 0 1 1
0 0 0 0 1 0 1 1 1 1 0 0 0 1 1 1 0 0
0 1 1 0 1 0 1 0 0 1 1 1 0 1 1 1 1 0
0 1 1 1 1 0 0 0 1 1 0 0 0 1 0 0 0 0
0 0 1 0 1 0 0 1 1 0 1 1 1 1 1 1 1 1
1 0 1 1 0 1 1 1 0 1 1 0 1 0 1 0 1 0
1 1 1 1 1 0 0 0 0 0 0 1 1 1 0 1 1 1
0 1 1 1 1 1 0 0 0 0 0 1 0 1 1 1 0 0
0 0 1 1 1 0 1 1 1 1 0 1 0 0 1 0 1 0
0 0 1 1 1 1 1 0 0 0 1 0 1 0 1 1 0 1
0 0 1 0 1 1 1 0 0 1 0 0 0 1 1 0 1 1
0 1 0 1 1 1 1 1 1 0 1 0 0 1 0 0 0 0
0 0 1 0 1 0 1 1 1 0 0 1 1 1 0 0 1 0
1 1 0 1 1 0 0 1 1 1 0 1 1 1 1 1 0 0
1 1 1 0 0 1 1 0 0 1 0 0 1 0 0 0 0 1
1 1 1 0 0 0 0 0 1 0 0 0 0 1 1 0 0 1
0 0 1 1 0 0 0 1 1 1 1 0 0 1 1 0 0 1
0 0 1 0 0 1 0 1 1 1 0 0 0 0 0 1 0 1
1 1 0 0 1 0 1 1 1 1 1 1 1 0 1 1 1 1
0 0 0 0 0 1 0 0 0 1 1 0 1 1 0 0 0 0
0 0 0 0 0 0 1 1 0 1 1 1 0 1 0 1 0 1
0 0 0 1 0 0 0 1 1 1 0 1 1 0 0 0 1 1
0 0 0 0 0 1 1 0 0 1 0 1 1 0 1 1 0 1
0 0 0 0 0 0 1 0 0 0 0 0 0 0 0 0 1 0
0 0 0 1 1 0 0 1 0 0 1 0 0 1 1 1 0 0
1 1 1 1 0 1 0 1 0 0 0 1 0 0 0 0 1 0
1 0 1 0 0 1 1 1 0 0 1 0 0 1 0 0 0 1
1 0 0 0 1 0 0 1 1 0 1 1 1 1 0 0 0 0
1 1 0 0 1 0 0 1 1 0 1 0 0 1 1 1 0 1
0 0 0 0 0 0 1 1 0 0 0 1 1 0 1 1 1 0
1 1 1 1 0 0 1 1 1 1 1 1 1 1 0 0 0 0
0 0 1 1 0 0 1 0 0 1 0 0 1 1 0 1 0 0
1 1 0 1 1 1 0 0 0 0 0 1 1 0 1 1 1 1
1 1 0 1 1 1 1 1 1 0 1 1 0 1 0 1 1 0
1 0 1 0 0 0 0 0 0 1 0 1 0 1 0 0 0 0
1 1 0 0 1 1 1 0 1 1 1 0 0 0 0 0 1 1
0 1 0 1 0 0 0 0 0 0 1 1 0 1 0 0 0 1
0 1 1 0 0 0 1 1 1 1 0 1 0 0 1 0 0 0
0 0 1 1 0 1 1 1 1 0 0 0 1 0 1 0 0 0
0 0 1 0 0 1 1 0 1 0 1 0 0 0 1 0 1 1
0 0 1 0 1 1 0 0 0 0 0 1 1 0 0 0 0 0
1 0 0 1 0 0 0 1 0 0 1 0 1 0 0 1 1 0
1 1 1 0 0 0 0 1 0 0 1 1 0 1 1 1 1 0
0 1 0 0 1 1 0 0 1 0 1 1 1 1 1 1 0 0
0 0 0 1 1 1 1 0 0 1 1 1 1 0 0 1 1 0
0 0 1 0 0 0 1 0 0 0 1 1 1 1 1 0 0 0
1 0 0 1 1 0 0 1 1 0 1 0 0 0 0 0 0 1
0 0 0 0 1 1 0 1 0 1 1 1 1 1 0 1 1 0
1 1 0 0 0 0 0 0 0 0 0 1 1 0 1 0 0 0
1 0 0 0 0 1 0 0 1 0 1 1 0 0 0 1 0 1
0 1 0 1 1 1 1 0 0 0 0 1 0 0 1 0 1 0
0 0 0 0 0 1 0 1 1 0 0 1 0 1 1 0 0 0
1 0 1 0 1 1 0 1 0 1 1 0 1 0 1 1 1 1
0 1 0 0 1 1 1 0 0 1 1 0 0 0 0 1 0 0
0 1 1 0 0 0 0 0 0 1 1 1 1 0 0 1 0 1
1 0 0 0 1 0 0 0 0 0 1 1 1 1 0 0 1 1
0 0 1 1 0 1 0 1 1 0 1 1 1 1 0 1 0 1
1 1 0 0 0 0 1 0 1 0 1 0 1 1 0 1 0 0
0 1 0 1 0 0 0 0 1 1 0 0 0 0 1 1 1 1
0 1 0 1 1 0 1 0 0 0 1 1 1 1 0 1 0 0
1 1 1 1 0 1 1 0 0 1 1 1 1 1 0 0 1 1
1 0 0 0 1 1 0 1 0 0 0 1 0 0 1 1 0 1
0 1 1 0 1 0 1 0 1 1 0 1 1 0 0 1 1 0
1 1 1 1 0 0 0 1 1 1 0 0 1 0 1 1 1 0
0 1 0 1 0 0 1 1 0 1 0 1 1 1 0 0 1 0
1 1 0 0 0 1 0 1 0 1 1 0 0 1 0 1 0 1
0 1 0 0 1 0 0 1 0 0 0 1 0 0 0 1 1 1
1 0 0 1 0 0 1 0 1 0 1 0 1 1 0 0 1 1
0 0 1 1 0 0 0 0 0 0 0 1 0 0 1 1 1 1
1 0 1 1 1 1 1 1 0 1 0 1 1 1 1 1 0 0
1 1 1 1 0 0 0 1 0 1 0 0 1 0 1 1 0 1
1 1 1 1 0 1 1 0 0 0 1 1 0 0 1 1 0 0
1 0 0 1 0 1 1 0 0 0 0 1 1 1 0 0 0 1
0 0 1 1 1 1 0 0 1 1 0 0 1 0 0 0 1 1
1 0 1 0 1 1 1 0 1 1 1 1 1 1 0 1 0 1
0 0 0 1 1 1 0 0 1 1 0 1 0 1 0 1 0 0
0 0 0 1 1 0 1 0 1 1 1 0 1 0 1 0 0 0
1 1 0 0 1 0 1 0 0 1 0 1 0 1 1 0 0 0
0 1 1 0 1 1 1 1 0 0 1 1 0 0 0 1 1 1
0 1 1 1 1 0 0 0 1 0 0 1 1 0 1 0 0 1
1 0 1 1 1 0 0 1 0 1 1 1 0 0 0 1 0 0
0 0 0 0 1 1 0 0 1 0 0 1 0 1 0 0 1 1
0 0 1 1 1 1 0 0 1 1 1 0 1 0 1 1 1 0
0 1 1 1 1 1 1 1 0 1 1 1 0 0 0 0 0 1
0 1 1 1 1 0 1 0 1 1 1 1 0 1 1 1 0 1
1 0 0 1 0 0 0 0 1 1 1 1 1 1 0 1 1 0
1 1 0 1 1 0 0 0 0 0 1 0 0 0 1 1 1 0
0 0 0 1 0 0 0 1 0 1 1 1 0 1 1 0 1 0
1 1 1 0 1 0 0 1 0 1 1 1 1 0 0 0 1 0
0 1 0 0 1 0 0 0 1 1 0 0 1 1 0 0 0 1
1 1 0 1 1 1 1 0 1 1 0 0 1 1 1 1 1 0
1 1 1 0 1 1 0 0 1 1 0 0 0 0 1 1 0 0
0 0 0 1 0 1 1 0 1 0 0 1 1 0 0 0 1 0
1 0 1 0 0 1 0 1 1 1 1 1 1 0 1 0 0 1
1 0 1 1 1 1 1 0 1 0 0 0 0 0 0 1 1 1
1 1 0 1 0 1 1 1 0 0 0 0 0 0 0 1 1 1
0 0 0 0 0 0 0 0 1 1 1 1 0 0 1 0 1 0
0 1 0 0 1 1 1 1 0 1 1 0 1 1 1 0 0 1
1 1 1 1 0 0 1 1 0 0 1 0 0 0 1 1 0 1
0 1 0 1 0 1 1 1 1 1 0 0 0 1 0 0 1 1
1 1 0 1 1 1 1 0 0 1 0 1 0 0 0 1 0 1
0 1 0 1 0 1 0 1 1 1 1 1 0 0 1 1 0 0
0 1 0 1 0 1 1 1 0 1 1 0 1 1 1 1 1 0
0 1 1 1 0 0 0 1 0 0 1 0 1 1 1 0 1 1
0 0 1 0 0 0 1 1 0 1 1 0 1 1 0 0 1 0
1 0 0 1 1 1 0 1 1 0 0 1 1 0 1 1 1 0
1 0 0 1 0 0 0 1 0 0 0 0 0 1 0 1 1 1
1 0 1 0 0 0 1 0 0 1 1 0 0 0 1 1 0 0
1 0 0 1 1 0 1 1 0 0 1 1 1 1 1 0 0 1
1 0 1 0 1 0 1 1 0 0 0 0 0 1 0 1 1 0
1 1 1 0 1 1 1 1 0 0 0 1 1 1 1 0 1 0
1 0 0 0 1 1 1 1 0 1 0 1 0 0 0 0 0 0
1 1 1 1 1 1 0 0 0 1 1 0 1 1 1 0 0 0
0 1 1 0 0 1 1 0 0 0 0 1 0 1 0 1 0 1
1 1 1 0 1 0 1 1 0 1 0 0 0 1 0 1 1 1
0 0 1 1 0 0 0 1 0 0 1 1 1 0 1 1 0 0
1 0 0 1 0 1 0 0 0 1 0 0 0 0 1 0 0 1
0 1 0 0 0 1 1 1 0 0 1 1 1 0 0 0 0 0
0 1 1 1 0 0 1 1 1 0 1 0 0 0 0 1 1 0
0 0 0 0 1 1 1 1 0 0 0 0 1 1 0 1 0 0
1 1 1 1 1 1 1 0 0 0 1 0 1 0 0 0 1 0
1 1 0 1 1 1 1 1 1 1 0 1 1 0 0 1 0 0
0 1 1 1 1 0 0 0 0 1 1 0 0 1 0 1 1 1
0 0 1 0 1 0 0 0 1 0 1 0 0 0 0 1 1 0
1 0 1 1 0 0 0 1 1 0 0 0 0 1 0 1 0 0
1 0 0 0 0 0 1 1 0 0 1 1 0 0 1 0 1 1
1 0 0 0 0 1 0 0 1 1 1 0 1 1 1 0 1 1
1 0 1 0 0 0 0 0 1 1 0 1 0 1 0 0 1 1
0 1 0 1 1 1 0 1 1 0 0 0 0 0 1 0 0 1
1 0 0 1 0 1 1 0 0 1 0 1 0 1 1 0 1 0
1 1 0 1 0 1 0 1 1 0 1 0 1 1 1 0 1 0
1 1 1 0 1 1 0 1 0 1 1 1 0 1 1 0 0 1
1 0 1 0 0 0 0 0 1 1 0 1 1 0 1 1 0 0
0 1 0 0 0 0 0 1 1 0 0 1 0 1 0 1 1 0
0 0 0 0 1 0 1 0 1 0 0 1 0 0 0 1 0 0
0 1 1 1 0 1 1 1 0 0 0 0 1 0 1 0 0 1
0 1 1 0 0 1 0 0 1 1 0 1 1 0 0 0 1 1
1 0 0 1 1 0 0 0 0 1 0 0 0 0 0 1 0 0
0 0 1 1 0 1 0 1 1 0 1 1 1 0 1 1 1 0
0 1 0 0 0 1 0 1 0 1 0 1 0 1 1 0 1 1
1 0 0 0 1 0 1 1 0 1 1 0 1 1 1 1 1 0
0 1 0 0 1 0 0 1 0 0 0 1 0 0 0 1 0 0
0 0 1 1 1 0 0 0 0 0 1 0 0 1 0 1 1 0
0 0 0 0 1 1 1 1 1 1 0 1 0 1 0 0 0 0
C Elapsed Time 6.120000 
