285 19 2^19 6
1 0 0 0 1 1 0 1 1 1 1 0 0 1 1 1 1 0 1
1 0 1 1 1 0 1 1 1 0 1 0 1 1 1 1 1 0 0
0 0 1 0 0 0 0 0 0 1 1 1 1 1 0 1 1 1 1
0 1 1 0 0 0 0 0 1 1 0 1 1 0 1 1 0 0 1
1 1 0 0 1 1 0 1 0 0 1 0 1 1 0 0 0 1 1
0 1 1 1 1 1 1 1 1 1 0 1 1 0 0 1 0 1 0
0 0 1 0 0 1 0 1 0 1 0 0 0 0 1 1 1 0 0
0 1 1 0 1 0 1 0 0 0 0 0 1 0 1 1 0 0 0
0 1 0 0 1 1 1 1 0 1 1 0 1 1 1 0 0 1 0
1 0 1 1 0 0 1 0 1 1 0 1 0 1 0 0 0 1 1
1 1 1 1 1 1 1 1 1 1 1 0 0 0 1 0 1 1 0
1 1 1 0 1 0 0 1 0 1 1 1 1 0 1 0 0 0 1
0 1 1 1 1 1 1 0 1 0 1 0 1 1 0 0 0 0 0
0 1 1 0 0 1 1 1 1 1 1 0 1 1 1 1 0 0 1
0 1 0 1 0 0 0 1 0 1 0 1 1 0 0 0 0 0 0
1 0 1 0 0 1 0 0 0 0 0 0 1 1 1 1 1 0 1
1 0 1 1 0 1 0 1 1 1 0 0 1 1 0 0 1 0 1
0 1 0 0 0 1 1 0 1 0 0 1 1 1 0 1 1 0 0
1 0 0 0 1 0 1 0 1 0 0 1 0 1 1 1 1 1 0
1 0 0 0 1 1 1 0 1 0 1 0 1 0 1 0 0 0 1
1 0 0 1 1 0 0 0 1 0 1 0 0 0 0 1 1 0 0
0 0 1 0 1 0 1 1 1 1 1 0 1 0 0 0 0 1 1
1 0 1 0 1 1 1 0 1 0 1 1 1 0 0 0 1 0 0
0 1 1 0 0 0 0 1 0 0 0 0 1 1 0 0 0 0 0
0 0 0 0 1 0 0 0 0 1 1 1 0 0 1 0 0 1 0
1 0 0 1 0 0 1 1 1 0 1 1 0 0 1 0 0 0 0
0 1 0 1 0 1 0 0 1 0 0 0 1 0 0 1 0 0 1
0 1 1 0 0 1 0 0 1 0 1 1 0 1 1 1 1 1 0
1 0 0 0 0 0 1 1 1 0 0 1 1 0 0 1 0 1 1
1 0 1 1 1 0 1 0 0 1 0 1 1 0 1 0 1 1 1
1 1 1 0 1 0 1 0 0 0 1 1 0 0 0 0 0 1 0
0 0 0 1 1 0 1 0 1 1 0 1 0 0 1 1 0 0 1
1 1 1 0 1 1 1 1 1 0 0 1 1 1 1 0 0 1 0
0 0 1 1 0 1 1 0 1 1 1 1 0 0 0 0 0 0 0
0 1 1 0 0 1 1 1 1 0 0 0 0 0 0 0 1 1 0
0 0 0 0 1 0 1 1 0 0 0 1 0 1 1 1 0 0 1
1 1 0 1 0 0 1 0 0 1 0 1 0 0 0 1 1 0 0
0 0 1 0 1 0 0 1 0 1 0 1 1 1 1 1 0 1 1
1 0 1 0 1 1 1 0 1 1 0 0 0 1 1 0 0 0 0
1 1 0 1 1 1 1 0 1 1 0 0 0 1 0 1 0 1 0
0 0 0 1 1 1 0 1 0 0 1 0 0 0 0 0 1 0 1
0 1 0 0 1 0 1 1 1 0 1 0 0 1 1 0 1 0 0
1 1 1 1 0 0 1 0 1 0 0 0 0 1 1 0 1 0 0
1 1 0 1 0 1 0 1 1 0 1 0 1 1 1 0 1 1 0
0 1 0 1 0 0 1 0 1 1 1 0 1 0 1 0 0 1 0
0 1 0 1 1 0 0 1 1 1 1 0 1 1 0 1 1 1 1
1 1 0 1 1 0 1 1 0 0 0 0 1 0 0 0 1 1 0
1 0 1 1 1 0 0 0 1 0 1 1 0 1 1 0 0 0 1
1 1 1 0 1 1 0 0 0 1 0 1 0 0 1 1 1 1 1
0 1 1 1 1 0 1 1 0 1 0 0 0 0 1 0 0 0 1
0 0 0 0 1 1 1 1 0 0 0 0 1 1 0 1 1 1 1
1 1 0 0 0 1 0 1 1 1 0 1 1 1 0 1 1 1 1
0 1 1 0 0 0 1 0 1 1 0 0 1 1 1 1 1 1 0
0 0 0 0 0 0 0 1 1 0 1 0 1 0 1 1 0 1 0
0 1 0 1 1 1 0 1 0 1 0 0 1 0 0 1 1 0 1
0 1 1 1 1 0 0 1 0 0 1 1 1 0 1 0 1 0 0
1 0 0 0 0 1 0 0 1 1 0 0 1 0 1 0 0 0 0
1 1 0 0 0 1 1 1 1 0 0 0 0 0 1 1 1 0 1
1 1 0 0 0 0 0 1 0 1 1 0 0 0 0 0 1 1 0
0 0 0 0 0 1 1 1 1 1 1 1 1 0 0 1 1 0 1
0 0 0 1 1 0 0 0 0 0 0 0 1 1 1 0 1 0 0
1 0 1 1 1 0 0 1 1 1 1 1 0 0 0 1 1 1 0
1 0 0 1 1 1 0 0 1 0 0 0 1 1 1 1 0 1 0
0 1 0 0 1 0 1 0 0 1 0 1 1 1 0 0 1 1 1
1 0 0 0 0 0 1 1 0 1 0 0 1 1 1 0 0 1 1
1 1 1 1 1 0 1 0 1 0 0 1 1 0 0 1 0 0 0
0 1 1 1 0 1 0 0 1 1 0 1 1 1 1 0 1 0 1
1 0 1 1 0 1 1 1 1 1 0 1 0 1 1 1 1 1 0
0 1 1 1 1 1 0 1 1 0 0 0 0 1 1 1 1 1 1
0 1 0 0 0 0 0 0 0 1 0 0 0 1 1 1 1 0 1
1 0 0 1 1 0 1 0 0 1 1 0 0 1 0 0 1 0 1
0 1 0 1 0 0 1 0 0 0 0 1 1 0 1 1 1 1 1
0 1 0 0 1 1 0 1 1 1 0 0 1 0 1 0 1 0 0
0 0 1 0 1 0 0 0 1 0 1 0 0 1 0 1 0 1 0
0 1 1 1 1 0 0 0 0 1 0 0 0 0 0 0 1 0 0
1 1 1 1 0 1 0 0 1 1 1 0 0 1 0 1 1 0 1
0 0 1 0 1 1 1 1 1 0 1 1 0 0 1 1 0 1 1
1 1 0 0 0 1 1 1 0 1 1 1 0 1 1 0 1 1 1
1 1 1 0 1 0 0 0 1 1 1 0 1 1 1 0 1 1 1
0 1 1 0 0 1 0 0 0 0 1 0 0 0 1 0 0 0 1
1 1 0 0 0 1 1 0 1 1 1 1 0 1 1 0 0 0 0
0 1 1 0 1 1 0 1 1 1 1 1 0 1 0 0 1 0 1
1 0 1 1 0 0 0 0 0 0 1 0 1 0 0 0 0 1 0
1 0 1 1 1 1 0 0 0 0 1 1 0 1 1 0 1 0 0
1 0 0 1 0 1 1 1 1 1 1 0 1 0 0 1 0 1 0
1 0 0 0 1 0 0 0 0 1 0 0 1 0 0 1 1 1 0
1 1 0 1 0 0 0 0 0 1 1 1 1 1 1 1 0 1 1
0 1 0 0 1 1 0 0 0 0 1 0 1 0 1 0 1 1 1
0 0 0 1 1 0 1 1 0 1 0 0 0 0 1 1 1 1 0
0 0 1 0 1 0 1 0 0 0 1 0 0 0 0 1 1 0 1
1 0 1 1 1 1 0 1 0 1 0 0 1 1 0 0 0 1 0
0 1 1 1 0 1 0 0 0 1 0 0 0 1 1 1 0 1 0
0 0 0 0 0 1 1 0 1 1 0 0 1 0 0 0 1 0 1
0 0 1 1 0 0 1 1 1 0 0 1 0 1 0 0 1 0 1
0 1 1 0 0 0 0 0 1 0 1 0 1 0 0 0 1 0 1
1 1 1 1 0 0 1 0 1 0 1 1 1 0 0 1 1 1 1
1 1 1 0 0 0 0 1 1 0 1 1 0 1 0 0 1 1 0
0 0 0 1 0 1 0 0 0 1 1 1 0 0 0 1 1 1 1
0 1 0 1 0 0 1 1 1 0 0 1 1 1 1 1 0 1 0
0 1 1 0 0 0 1 1 0 1 0 1 0 0 1 0 0 1 0
0 0 0 1 0 1 1 0 1 0 1 0 0 1 1 1 1 0 0
0 1 0 0 0 1 0 1 1 0 0 1 0 0 1 0 0 1 1
1 1 0 0 0 1 1 0 0 0 1 0 1 0 1 1 1 1 0
1 0 1 0 1 0 0 1 0 0 0 0 0 0 1 0 0 0 0
0 0 0 1 0 0 0 0 1 0 1 0 0 1 0 0 0 0 1
1 1 0 0 1 1 0 0 0 0 0 0 0 1 0 0 1 0 0
1 1 0 1 1 1 0 0 1 1 1 1 1 0 0 0 0 1 1
0 1 0 1 0 1 1 1 0 0 0 0 0 1 1 0 0 0 0
0 0 0 1 1 1 1 1 1 1 1 1 1 1 1 0 1 1 1
1 1 0 1 1 0 0 1 0 1 0 1 0 1 1 0 1 0 0
1 0 0 1 0 1 1 0 0 0 0 0 0 0 0 1 0 0 0
1 0 0 1 1 0 0 0 1 1 0 1 1 0 1 0 0 1 0
1 1 0 0 0 0 0 1 1 1 1 0 0 0 0 0 0 0 1
1 0 0 1 0 1 1 0 1 0 0 1 0 0 1 0 1 1 1
0 0 0 0 0 1 0 1 0 0 0 1 1 1 1 0 1 1 0
1 1 1 0 1 1 0 1 1 0 1 0 1 0 0 1 0 0 0
1 0 1 0 1 0 0 1 1 0 0 0 0 0 1 0 1 1 1
0 0 0 0 1 0 1 1 1 1 0 0 0 1 0 1 0 0 1
0 1 0 0 1 0 1 0 0 1 1 1 1 1 1 1 1 0 0
0 1 0 1 0 0 1 1 0 1 1 1 0 1 1 0 0 0 1
0 0 0 0 0 0 1 0 1 0 1 1 1 1 1 0 1 1 1
1 0 0 1 0 1 1 1 0 1 1 0 1 0 1 0 1 0 0
1 1 1 1 1 0 0 0 0 0 0 1 1 1 0 1 1 1 0
1 1 0 1 0 1 0 0 0 1 1 1 1 0 0 0 1 0 0
1 1 1 0 1 0 1 0 1 1 0 1 0 0 0 0 1 0 1
0 0 1 1 1 1 1 0 0 0 1 0 1 0 1 0 0 1 0
0 0 1 0 1 1 1 0 0 1 0 0 0 1 1 0 1 1 1
1 1 1 1 0 0 0 1 1 0 0 0 0 1 0 1 0 0 0
0 0 1 0 1 0 0 1 1 0 0 1 1 1 0 1 1 0 1
1 1 0 1 1 0 0 1 1 1 0 0 1 1 1 0 0 0 1
1 1 1 0 0 1 1 0 0 1 0 0 1 0 0 0 0 1 1
1 1 1 0 0 0 0 0 1 0 0 0 0 1 1 0 0 1 1
0 0 1 1 0 0 0 1 1 1 1 0 0 1 1 0 0 1 0
0 0 1 0 0 1 0 1 1 1 0 0 0 0 0 1 0 1 1
1 1 0 0 1 0 1 1 1 1 1 1 1 0 1 1 1 1 0
0 0 0 0 0 1 0 0 0 1 1 0 1 1 0 0 0 0 1
0 0 0 0 0 0 1 1 0 1 1 1 0 1 0 1 0 1 0
0 0 0 1 0 0 0 1 1 1 0 1 1 0 0 0 1 1 1
0 0 0 0 0 1 1 0 0 1 0 1 1 0 1 1 0 1 0
0 0 0 0 0 0 1 0 0 0 0 0 0 0 0 0 0 1 1
0 0 1 1 1 1 0 1 0 0 1 0 0 1 1 1 0 0 0
1 1 1 1 0 1 0 1 0 0 0 1 0 0 0 0 1 0 1
1 0 1 0 0 1 1 1 0 0 1 0 0 1 0 0 0 1 1
1 0 0 0 1 0 0 1 1 0 1 1 1 1 0 0 0 0 0
1 1 0 0 1 0 0 1 0 1 1 0 0 1 1 1 0 1 0
1 0 1 0 0 0 1 1 0 0 0 1 1 0 0 1 1 1 0
1 1 1 1 0 0 1 1 1 1 1 1 1 1 0 0 0 0 0
0 0 1 1 0 0 1 0 0 1 0 0 1 1 0 1 0 0 1
0 0 0 1 1 1 1 0 0 1 0 1 1 1 1 0 0 0 1
1 1 0 1 1 1 1 1 1 0 1 1 0 1 0 1 1 0 1
1 0 1 0 0 0 0 0 0 1 0 1 0 1 0 0 1 0 0
0 1 0 0 1 1 1 0 1 1 1 0 0 0 0 1 1 1 1
0 1 0 1 0 0 0 0 0 0 1 1 0 1 0 0 0 1 0
0 1 0 0 1 0 1 0 1 0 0 1 0 1 0 0 0 0 1
0 0 1 1 0 1 1 1 1 0 0 0 1 0 1 0 0 0 1
1 0 1 0 0 0 1 0 1 1 1 0 0 0 1 1 1 1 1
0 0 1 0 1 1 0 0 0 0 0 1 1 0 0 0 0 0 1
1 0 0 0 0 1 0 0 0 0 1 1 0 0 0 1 1 1 1
1 1 1 0 0 0 0 1 0 0 1 1 0 1 1 1 1 0 1
0 1 0 0 1 1 0 0 1 0 1 1 1 1 1 1 0 0 0
0 0 1 1 1 1 0 0 1 0 0 1 1 0 0 1 1 1 0
0 0 1 0 0 0 1 0 0 0 1 1 1 1 1 0 0 0 0
0 0 0 1 1 1 0 1 1 0 0 0 0 0 0 0 0 1 0
0 1 0 1 1 1 0 1 0 1 1 1 1 1 0 1 1 0 0
1 1 0 0 0 0 0 0 0 0 0 1 1 0 1 0 0 0 0
1 0 0 0 0 1 0 0 1 0 1 1 0 0 0 1 0 1 0
0 1 0 1 1 1 1 0 1 0 0 1 0 0 1 0 1 0 0
1 0 0 0 0 1 0 1 1 0 0 1 0 1 1 0 0 0 0
1 0 0 0 1 1 0 1 0 0 1 1 1 0 1 1 1 0 0
0 1 0 0 1 1 1 0 0 1 1 0 0 0 0 0 0 0 0
0 1 1 0 0 0 0 0 1 1 1 1 1 0 0 1 0 1 0
1 0 0 0 1 0 0 0 0 0 1 1 0 1 0 0 1 1 1
0 0 1 1 0 1 0 1 1 0 1 1 1 1 0 1 0 1 1
1 1 0 0 0 0 1 0 0 0 1 0 1 1 0 1 0 0 1
0 1 0 1 0 0 0 0 1 1 0 0 0 0 1 0 1 1 1
0 0 0 1 1 0 1 0 0 0 1 1 1 0 0 1 0 0 1
1 0 1 1 0 1 1 0 0 1 1 0 1 1 0 1 1 1 0
1 1 0 1 1 1 0 1 0 0 0 1 0 0 1 1 0 1 0
1 0 1 0 0 0 1 1 1 1 0 1 0 1 1 1 0 0 1
1 1 1 1 0 0 0 1 1 1 0 0 1 0 1 1 1 0 0
1 0 0 1 0 0 1 1 0 0 1 1 1 1 0 0 1 0 1
1 1 0 0 1 1 0 0 0 1 0 1 0 1 0 1 0 0 1
0 1 0 0 1 0 0 1 0 0 0 1 0 0 0 1 0 1 1
0 0 0 1 1 0 1 0 1 1 1 0 0 1 0 0 1 1 0
0 0 1 1 0 0 0 0 0 0 0 1 0 0 1 1 1 1 0
1 1 0 0 1 1 1 1 0 1 1 0 1 0 1 1 0 0 1
1 0 0 1 1 1 1 0 0 1 1 0 0 1 1 1 0 1 1
1 1 1 1 0 1 1 0 0 0 1 1 0 0 1 1 0 0 1
1 0 0 1 0 1 1 0 0 0 0 1 1 1 0 0 0 1 0
0 1 1 1 0 1 1 0 0 0 1 0 0 1 0 0 1 1 1
1 0 1 0 1 1 1 0 1 1 1 1 1 1 0 1 0 1 1
0 0 0 1 0 1 0 1 0 1 0 1 0 1 1 1 0 0 1
1 1 0 1 1 0 1 1 1 0 1 0 0 0 0 0 0 1 1
0 1 1 1 1 1 0 1 0 1 1 1 0 1 0 0 0 1 1
0 1 0 1 1 1 1 1 0 0 1 1 0 0 0 1 1 1 0
0 1 1 1 1 0 0 0 1 0 0 1 1 0 1 0 0 1 1
1 0 1 1 1 0 0 1 0 1 1 1 0 0 0 1 0 0 1
0 0 0 0 1 1 0 0 1 1 0 1 0 1 0 0 1 1 0
0 0 1 1 1 1 0 0 1 1 1 0 1 0 1 1 1 0 1
0 1 1 1 0 1 1 1 0 1 1 1 1 0 1 1 1 1 1
0 1 1 1 1 0 1 0 1 1 1 1 0 1 1 1 0 1 1
1 0 0 1 0 0 0 0 1 1 1 1 1 1 1 1 1 0 0
1 1 0 1 1 0 0 0 0 0 1 0 0 0 1 1 1 0 1
0 0 0 0 0 0 1 1 0 1 1 1 0 0 1 0 1 0 1
1 1 1 1 1 0 1 1 0 1 1 0 1 1 0 1 0 0 1
0 1 0 0 1 0 0 0 1 1 0 0 1 1 0 0 0 1 0
1 1 0 1 1 1 1 0 1 1 0 0 1 1 1 1 1 0 1
1 1 1 0 1 1 0 0 1 1 0 1 0 0 1 1 0 0 0
0 0 1 1 1 1 1 0 0 1 0 1 0 1 0 1 1 0 0
1 0 1 0 0 1 0 1 1 1 1 1 1 0 1 0 0 1 1
1 0 1 1 1 1 1 0 1 0 0 0 0 0 0 1 1 1 1
1 0 1 0 0 1 0 0 1 0 0 0 1 0 0 0 1 1 0
0 0 1 0 0 0 0 0 1 1 1 1 0 0 1 0 1 0 0
0 1 0 0 0 0 0 1 1 0 0 1 0 0 0 1 1 0 0
1 1 1 1 0 0 1 1 0 0 1 0 0 0 1 1 0 1 1
0 1 0 1 0 1 1 1 1 1 0 0 0 1 0 0 0 1 1
1 1 1 1 0 0 0 1 0 1 0 0 1 0 0 1 0 1 1
0 1 0 1 0 1 0 1 1 1 1 1 0 0 1 1 0 0 0
0 0 1 0 1 1 0 1 0 1 1 1 1 0 0 0 1 1 0
0 0 1 1 0 0 0 1 0 0 1 0 1 1 1 0 1 1 1
0 1 1 0 0 0 1 1 0 1 1 0 1 1 0 0 1 0 0
1 0 0 1 1 1 0 1 1 0 0 1 1 0 1 1 1 0 1
1 0 0 1 0 0 0 1 0 0 0 0 0 1 0 1 1 1 1
1 0 1 0 0 0 1 0 0 1 1 0 0 0 1 1 0 0 0
1 0 0 1 1 0 1 1 0 0 1 1 1 1 1 1 0 1 0
0 0 1 0 0 1 1 1 0 0 1 1 0 1 0 1 1 0 0
1 1 1 0 1 1 1 1 0 0 0 1 1 1 1 0 1 0 1
1 0 0 0 1 1 1 1 0 1 0 1 0 0 0 0 0 0 0
1 1 1 1 1 1 0 0 0 1 1 0 1 1 1 0 0 0 0
0 1 1 0 0 1 1 0 0 0 0 1 0 1 0 1 0 1 1
1 1 1 0 1 0 1 1 0 1 0 0 0 1 0 1 1 1 1
1 0 1 1 0 1 1 1 0 1 0 1 1 1 1 1 0 0 0
1 0 0 1 0 1 0 0 0 1 0 0 0 0 1 0 0 1 1
0 1 0 0 0 1 1 1 0 0 1 1 1 0 0 0 0 0 1
0 1 1 1 0 0 1 1 1 0 1 0 0 0 0 1 1 0 0
1 1 0 0 1 1 1 1 1 0 0 0 1 1 0 0 1 1 1
0 1 1 0 0 0 1 1 1 0 1 1 1 0 1 1 1 0 1
0 1 1 1 0 1 1 0 0 1 0 1 1 1 1 0 1 1 0
0 1 1 1 1 0 0 0 0 0 0 0 1 1 0 0 0 1 1
1 1 1 0 0 1 1 1 0 1 0 0 1 1 0 1 1 0 0
0 0 0 1 1 0 1 1 1 1 0 1 1 0 0 0 1 0 0
1 0 1 0 1 0 1 0 0 0 1 0 0 1 1 0 1 1 0
1 0 0 1 1 1 0 1 0 1 0 1 0 0 1 0 1 1 1
0 0 1 1 0 1 1 0 0 1 1 1 0 0 0 0 1 0 1
1 1 0 0 0 0 1 0 1 0 0 0 0 0 1 1 0 1 0
0 0 0 0 1 1 0 0 1 0 1 0 0 1 1 1 0 1 1
1 0 1 0 0 0 1 1 0 1 1 0 1 0 1 0 1 0 1
0 1 0 1 1 0 0 0 0 1 1 0 0 0 0 1 0 0 0
1 1 1 0 0 1 0 1 0 1 1 1 0 1 0 1 0 1 0
1 1 1 1 1 0 0 0 1 1 0 1 0 1 1 0 1 1 0
1 0 0 0 1 0 0 0 1 0 0 0 1 1 0 1 1 0 1
0 0 1 0 1 1 0 1 1 1 0 1 1 1 0 1 0 0 0
0 0 1 1 1 0 1 1 0 0 0 1 0 1 0 0 0 1 0
1 1 1 0 0 1 0 0 1 0 1 1 0 1 0 0 0 0 1
1 0 1 1 1 1 1 1 0 0 0 0 1 0 1 1 0 1 1
1 1 1 1 1 1 0 1 1 1 0 0 0 0 0 0 1 0 0
1 0 0 1 0 0 0 1 1 0 1 0 1 0 1 1 0 0 1
0 0 1 0 1 1 1 1 1 0 1 0 1 0 1 1 1 1 0
0 0 1 1 1 0 0 0 1 1 0 0 0 0 1 1 0 1 1
0 0 0 1 0 1 0 1 0 0 1 0 1 0 0 1 0 0 0
0 0 0 1 1 0 0 1 1 0 1 1 0 0 1 1 1 1 1
1 0 1 0 1 0 1 0 1 1 1 0 1 1 0 0 0 0 0
0 0 0 1 0 1 1 0 1 0 1 0 1 1 1 1 0 1 1
0 1 1 0 1 1 0 1 0 1 1 0 1 1 1 1 1 1 0
0 1 0 1 0 1 1 1 0 0 1 0 1 1 1 1 1 0 1
0 0 0 0 0 0 1 1 1 1 0 0 0 1 0 0 1 1 0
1 1 0 1 0 1 1 0 1 1 1 1 1 0 1 0 1 1 1
1 0 0 0 0 0 1 0 0 0 0 1 0 0 1 1 1 0 1
1 0 1 1 0 0 0 0 0 1 0 1 1 0 0 1 0 0 1
1 1 1 1 1 1 0 1 1 0 0 1 0 0 0 1 0 0 1
0 0 0 1 0 0 0 1 0 1 0 0 1 1 0 1 1 0 0
0 0 1 1 0 1 0 1 0 0 1 1 0 0 1 0 0 1 0
0 1 1 0 0 0 1 0 0 1 0 0 1 0 0 0 1 1 0
0 0 0 0 1 0 1 1 1 1 0 0 1 0 1 1 0 0 0
1 1 1 0 0 1 0 0 0 0 0 0 1 1 1 1 0 1 0
0 1 1 1 1 1 1 0 0 0 1 1 1 0 0 1 1 1 1
1 1 0 1 1 0 0 1 1 0 1 1 0 1 1 0 1 0 1
0 1 1 1 1 1 1 1 1 0 1 0 1 0 0 1 0 0 0
1 1 1 0 1 1 1 1 0 0 0 0 0 0 0 1 1 0 0
0 1 1 0 1 0 1 1 1 0 0 0 1 0 0 1 1 1 1
1 0 0 0 1 1 0 1 0 1 0 0 1 0 0 0 0 0 1
0 0 1 1 0 0 0 1 1 0 0 0 1 1 1 0 0 1 0
0 0 1 0 0 0 1 0 1 1 0 0 1 1 1 1 1 1 1
1 1 0 1 1 1 0 1 1 1 1 0 0 1 0 1 1 0 0
1 1 0 0 1 1 1 0 1 1 1 0 0 1 1 1 1 0 1
C Elapsed Time 0.230000 
