415 28 2^28 6
1 0 0 0 1 1 0 1 1 1 1 0 0 1 1 1 1 1 1 1 1 0 1 1 1 1 1 0
1 0 1 1 1 0 1 1 1 0 1 0 1 1 1 1 1 0 0 1 1 0 1 1 1 0 0 1
0 0 1 1 1 0 1 1 0 0 0 0 0 1 0 0 0 1 0 0 1 0 1 0 1 0 0 1
0 1 1 0 0 0 1 0 0 1 0 1 0 0 1 0 0 1 1 1 0 1 0 0 1 1 1 1
1 1 1 0 1 1 0 1 0 0 0 0 1 1 1 0 1 1 0 1 1 1 1 1 0 0 0 0
0 0 1 1 1 1 0 1 1 0 0 1 0 1 1 1 0 0 0 0 1 0 0 1 0 0 0 1
1 0 1 1 0 0 1 0 0 0 0 1 1 0 1 0 1 0 0 1 1 1 1 1 0 1 0 1
0 0 0 0 0 0 0 0 1 0 0 0 1 0 1 1 1 0 0 0 1 1 0 0 0 1 1 1
0 1 0 0 0 1 1 1 0 1 1 0 1 1 1 0 0 1 0 0 1 1 0 1 1 1 1 0
1 0 1 1 0 0 0 0 1 1 0 0 1 0 1 1 0 1 1 0 0 1 0 0 0 0 1 0
1 1 1 1 1 1 1 1 1 1 0 0 0 0 1 1 1 1 0 1 1 1 0 0 1 0 0 1
1 1 0 0 1 0 1 1 0 1 1 1 1 1 0 1 0 1 1 0 1 1 1 0 0 1 1 0
1 1 1 0 0 1 0 0 1 0 1 0 0 0 1 0 0 1 0 0 0 1 1 1 1 0 1 1
1 0 0 1 0 1 1 1 0 0 1 1 1 1 0 1 0 1 0 1 1 1 1 1 1 1 0 1
0 1 1 1 0 1 0 0 0 0 0 1 1 0 1 0 0 1 1 0 0 0 0 0 0 0 1 1
1 0 1 0 0 1 1 0 1 0 0 0 0 0 1 1 0 0 1 1 0 1 1 1 1 1 1 0
1 0 1 0 0 1 0 1 1 1 0 0 0 1 0 1 1 0 1 0 1 1 0 0 0 0 1 1
1 1 0 1 1 0 0 0 1 0 1 1 1 1 0 1 0 0 1 0 0 1 1 1 1 0 0 0
1 0 0 0 1 0 1 0 1 0 0 1 0 1 1 1 1 1 0 0 1 1 0 1 0 0 0 1
1 0 0 1 1 0 1 0 0 1 1 0 1 0 0 0 1 1 1 1 0 1 0 1 1 1 1 0
0 0 0 0 1 1 0 0 0 0 1 0 0 0 1 0 1 1 0 1 0 0 1 1 0 0 0 0
0 0 1 0 1 1 1 0 1 0 1 0 0 0 0 0 1 0 0 0 1 0 0 0 1 0 1 0
0 1 0 0 1 1 1 1 1 1 1 1 0 0 0 0 1 0 0 1 0 0 1 1 1 1 1 0
0 1 1 0 0 0 0 1 0 1 0 0 1 1 1 1 0 0 1 0 1 1 0 0 1 1 1 0
0 0 0 0 1 0 0 0 0 1 1 1 0 0 1 0 0 1 0 1 1 1 0 1 0 1 1 1
0 0 1 1 1 0 0 0 1 0 1 1 0 0 1 1 1 0 1 1 0 0 0 0 1 1 0 1
1 1 0 1 0 1 0 0 1 0 0 0 1 0 0 1 0 1 1 1 1 1 0 0 0 1 1 1
0 0 1 0 1 1 1 0 1 0 1 1 0 0 1 1 1 1 1 0 0 0 1 0 0 1 0 1
0 0 1 0 0 0 1 1 1 0 1 0 1 0 0 1 0 1 1 0 1 0 1 1 0 0 1 1
1 0 1 1 1 1 1 0 0 1 0 1 0 0 0 0 0 1 1 0 0 0 1 1 0 1 1 1
1 1 1 0 1 0 0 0 0 0 1 1 1 0 0 0 1 1 0 1 1 1 0 0 0 0 1 0
1 0 1 0 1 0 0 0 1 1 1 1 1 0 1 1 1 0 0 0 1 1 1 0 1 1 0 0
1 1 1 0 0 1 0 0 1 1 1 1 0 1 0 1 0 1 0 1 0 0 1 1 1 1 0 1
0 0 0 1 0 1 1 0 1 1 1 1 0 1 0 1 0 0 0 0 0 1 0 0 1 0 0 1
0 1 1 0 0 1 1 0 1 0 0 1 0 1 0 1 1 1 1 1 1 1 0 0 1 1 0 0
0 0 0 1 0 1 0 0 0 0 1 1 0 1 0 0 0 0 1 0 1 0 1 1 1 1 0 0
1 0 0 1 0 1 1 0 1 1 0 0 1 0 0 1 0 0 1 0 0 0 0 1 1 1 1 0
0 0 1 0 1 0 0 1 0 1 0 0 1 1 1 1 0 1 1 0 1 1 1 1 1 1 0 1
1 0 0 0 1 1 1 0 1 1 0 0 1 1 1 0 0 1 0 0 0 0 0 0 0 1 0 1
1 0 0 0 1 1 1 0 1 0 0 1 0 0 1 1 0 1 0 1 1 1 1 0 1 0 0 1
0 0 0 1 1 1 0 1 0 0 1 0 0 0 0 0 1 0 1 0 0 1 1 1 1 0 0 1
1 0 0 0 0 0 1 1 0 0 1 0 0 1 0 1 1 0 1 1 0 1 0 0 1 1 0 1
0 1 1 1 0 0 1 0 1 0 0 0 1 1 1 0 1 0 0 1 0 1 1 0 0 1 0 0
1 1 0 1 0 1 0 1 0 0 1 0 1 0 1 0 1 1 0 1 0 0 1 0 1 1 0 1
0 0 0 1 0 0 0 1 1 0 0 0 0 0 0 1 0 0 1 1 1 0 1 0 0 1 0 1
0 1 1 1 1 1 0 1 1 1 0 0 1 1 0 0 0 0 0 1 0 1 0 0 1 0 0 1
1 1 0 1 0 0 0 0 0 0 0 0 0 0 1 1 0 1 0 0 0 0 0 1 1 1 1 0
0 1 0 0 1 1 0 0 1 0 0 1 0 0 1 1 1 0 0 0 0 1 0 1 1 0 0 0
0 1 1 1 1 1 0 0 0 1 1 0 0 0 1 1 1 1 1 1 0 1 0 0 0 0 1 0
0 1 1 1 1 0 1 1 0 1 0 0 1 0 1 0 0 0 1 0 0 0 1 0 1 0 0 0
0 0 0 0 1 1 0 0 0 0 0 0 1 1 0 1 0 0 0 1 0 0 1 0 0 1 1 1
1 1 0 0 0 1 0 1 0 1 0 1 1 1 0 1 0 1 1 0 0 1 0 1 0 1 0 1
0 1 1 0 1 0 1 1 0 1 0 1 1 1 0 1 1 1 1 0 0 0 1 0 1 1 0 1
0 0 0 0 0 0 1 1 1 1 1 1 1 1 0 0 0 0 1 0 1 0 0 0 0 1 1 1
0 1 0 0 0 0 0 1 0 1 0 0 1 0 0 0 1 0 1 0 1 1 0 1 0 0 1 1
0 1 1 0 1 0 0 0 0 0 0 1 0 0 1 1 0 1 0 0 0 1 1 1 0 1 0 0
1 0 0 0 0 1 0 1 1 0 0 1 1 1 0 1 1 0 0 0 0 0 1 0 1 0 0 0
1 1 1 0 0 1 1 1 0 0 0 1 1 0 1 1 1 0 1 0 0 0 0 0 0 1 0 0
0 1 0 0 0 0 0 0 0 1 0 0 1 1 0 0 0 1 1 0 0 0 0 0 1 0 0 0
0 0 0 0 1 0 0 1 1 1 0 1 1 0 1 1 0 0 1 1 1 1 1 1 0 0 1 0
0 0 1 1 1 0 0 0 0 0 1 1 1 1 1 0 0 0 1 1 1 0 1 0 1 1 1 0
1 0 0 1 1 0 0 1 1 1 1 1 0 0 0 1 1 1 0 0 0 0 1 1 1 0 1 1
1 0 0 1 1 1 0 1 1 0 1 0 0 1 1 1 0 1 0 0 0 1 0 0 1 1 1 0
0 1 0 0 0 0 1 1 0 1 0 1 1 0 0 1 0 0 0 1 0 0 0 1 0 1 0 0
1 0 0 1 0 0 1 1 1 0 0 0 1 1 1 0 0 0 1 1 0 1 0 1 1 0 0 1
0 1 1 1 1 0 1 0 0 0 0 1 0 0 0 1 1 1 1 1 1 0 0 1 0 1 1 0
0 1 1 0 0 1 0 0 1 1 1 0 1 1 1 0 1 0 1 0 0 0 1 0 0 1 1 0
1 1 1 1 1 1 0 1 0 1 0 0 0 0 1 0 1 0 0 0 1 0 1 1 1 0 1 1
0 1 0 1 1 0 0 1 1 0 1 0 1 1 1 1 1 1 1 0 0 0 1 1 0 1 0 0
0 1 0 0 0 0 0 0 1 1 0 0 1 0 1 1 1 1 1 1 0 1 1 1 1 1 0 1
1 0 0 1 0 1 0 0 1 1 0 0 0 1 0 0 1 0 0 0 1 1 1 1 1 1 1 0
0 1 0 1 0 0 1 0 0 0 0 1 1 0 1 1 1 1 1 0 1 1 1 0 0 0 0 1
1 1 0 0 0 1 0 1 1 1 0 0 0 0 1 1 0 0 0 0 1 0 1 0 1 1 0 1
0 1 1 0 1 0 0 0 0 0 1 0 0 1 0 1 1 1 0 1 1 1 0 1 1 1 0 1
0 1 1 1 0 0 0 0 0 0 0 0 0 0 0 0 1 0 0 0 1 1 1 0 1 0 1 0
1 1 1 0 0 1 0 0 1 1 1 1 0 1 0 1 1 0 0 1 0 1 1 0 1 0 1 0
0 0 1 0 1 1 1 1 1 0 1 1 0 0 0 1 0 1 1 1 1 1 1 0 1 0 1 0
1 1 0 0 0 1 1 0 0 1 1 1 0 1 1 0 1 1 1 0 0 0 1 0 0 0 1 1
1 1 1 0 1 0 0 0 1 1 1 0 1 1 1 0 1 1 1 0 1 0 1 0 0 0 0 1
0 0 1 0 0 1 0 1 0 0 1 0 0 0 1 0 0 0 0 1 0 0 0 1 1 0 0 0
1 1 1 0 0 0 1 0 1 0 0 1 0 1 1 0 0 0 0 1 0 0 0 0 1 0 0 1
0 1 1 0 1 1 0 0 1 1 1 1 0 1 0 0 0 0 1 1 0 0 1 1 0 1 0 0
1 0 1 1 0 0 0 0 0 0 1 0 1 0 0 0 0 1 1 0 0 0 1 1 0 1 0 1
1 0 1 1 0 1 0 0 0 0 1 0 1 1 1 1 1 0 1 1 1 1 0 0 1 1 0 1
0 0 0 1 1 0 1 1 1 1 1 0 1 0 0 0 0 0 0 0 0 1 1 1 1 1 0 0
1 0 0 0 1 0 0 0 0 1 0 0 1 0 0 1 1 0 0 1 0 1 0 0 0 0 0 1
1 1 0 1 0 0 0 0 0 1 1 1 1 1 1 0 0 1 1 1 1 1 0 0 1 1 0 0
0 1 0 0 1 1 0 0 0 0 1 0 1 0 1 0 1 1 1 0 1 1 1 0 1 1 1 1
0 0 0 1 1 0 1 1 0 1 0 0 0 0 1 1 1 1 0 0 0 1 0 0 0 1 1 0
0 0 1 0 1 0 1 0 0 1 1 0 0 0 0 1 1 0 1 0 1 1 1 1 0 1 1 1
1 0 0 1 0 1 0 1 0 1 1 0 0 1 0 0 0 1 0 1 0 0 0 0 1 1 1 1
1 1 1 1 0 1 0 0 0 1 0 0 0 1 1 1 0 1 0 1 0 1 0 1 0 0 0 0
1 0 0 0 0 0 1 0 1 1 0 1 1 0 0 1 1 0 1 1 1 0 1 0 1 0 1 1
0 0 1 1 0 1 1 1 1 1 1 0 0 1 1 0 1 0 1 1 0 1 1 1 1 1 1 1
0 1 1 0 1 0 0 0 1 1 1 0 1 0 0 0 1 0 1 1 1 0 0 1 1 0 1 0
1 1 1 1 0 0 1 0 1 0 1 1 1 0 0 1 1 1 1 0 0 1 0 0 1 1 1 1
1 1 1 0 0 0 0 1 1 0 1 1 0 1 0 0 0 1 0 1 1 0 1 1 0 1 1 0
0 0 0 1 0 0 1 0 0 1 1 1 0 0 0 1 0 1 1 1 0 1 1 1 0 0 1 0
0 1 0 1 0 0 1 1 1 0 0 1 1 1 1 1 0 1 0 1 1 0 0 0 1 0 1 0
0 1 1 0 0 0 1 1 0 1 1 1 0 0 1 1 1 0 0 1 1 0 0 1 1 1 0 1
0 0 0 0 0 1 1 0 1 0 1 0 0 1 1 0 0 0 0 1 1 0 1 0 1 1 1 1
1 1 0 0 1 1 0 1 1 0 0 0 0 1 1 0 0 0 1 0 1 0 0 1 1 0 0 0
1 1 0 0 0 1 1 0 1 0 1 0 1 1 1 1 1 1 0 1 1 0 0 1 0 1 1 0
1 0 1 0 1 0 0 1 0 0 0 1 0 0 1 0 0 0 0 1 0 1 1 0 0 1 0 1
0 0 0 0 0 0 0 0 1 0 1 1 0 1 0 0 1 0 1 1 1 1 1 1 0 0 0 0
1 1 0 0 1 1 1 0 0 0 0 0 0 1 0 0 1 0 0 1 0 0 1 1 1 0 0 0
1 1 0 1 1 1 0 0 1 0 1 1 0 0 1 0 0 0 0 1 1 0 0 1 0 0 1 1
0 1 0 1 0 1 1 1 0 0 0 0 0 1 0 1 1 0 0 0 0 1 0 0 0 1 1 1
0 0 0 1 1 0 1 1 1 1 0 1 0 1 1 0 1 1 0 1 0 0 1 0 0 0 0 1
1 1 0 1 1 0 0 1 0 1 0 1 0 1 1 0 0 0 0 1 1 1 1 1 1 0 1 0
1 0 0 1 1 1 0 1 0 0 0 0 1 0 0 1 0 1 0 1 1 1 1 0 1 0 1 0
1 0 1 1 1 0 0 0 1 1 0 1 1 0 1 0 0 1 0 1 1 0 0 1 1 1 0 0
1 1 0 0 0 0 1 0 1 1 1 0 0 0 0 0 0 0 1 1 0 1 0 0 0 1 1 0
1 0 0 1 0 1 1 0 1 0 0 1 0 0 1 0 1 1 1 1 1 0 0 0 0 0 0 0
0 0 0 0 0 1 0 1 0 1 0 1 1 1 1 0 1 1 0 1 0 1 0 1 1 0 1 1
0 1 1 0 1 1 0 1 1 0 1 0 1 0 0 1 0 0 0 0 0 0 0 0 1 1 1 1
1 0 1 0 1 0 0 1 1 0 0 0 0 0 1 0 1 1 0 0 0 0 0 1 1 1 1 0
0 0 0 0 1 0 1 1 1 1 0 0 1 1 0 1 1 0 0 1 1 0 0 1 1 1 1 1
0 1 0 0 1 0 1 0 0 1 1 1 1 1 1 1 1 0 0 1 0 1 0 0 1 0 1 0
0 1 0 1 0 0 0 1 0 0 1 0 0 1 1 1 0 0 1 1 0 0 1 0 1 0 1 1
0 0 0 0 0 0 1 0 1 0 1 1 1 1 1 0 1 1 0 0 0 0 1 1 1 1 1 0
1 0 1 0 0 1 1 1 0 1 1 0 1 0 1 0 1 0 0 0 0 1 0 0 1 0 0 1
1 1 1 1 1 0 0 0 0 0 0 1 1 1 0 1 1 1 0 0 0 0 0 0 0 0 1 0
1 1 0 1 0 1 0 0 1 1 1 1 1 0 1 0 1 0 0 1 0 1 1 0 0 0 0 0
1 1 1 0 1 0 1 1 1 1 0 1 0 0 0 0 1 0 1 0 0 0 1 1 0 0 0 0
0 0 1 1 1 1 1 0 0 1 1 1 1 1 1 0 0 1 0 1 1 0 0 0 1 0 0 1
0 0 1 0 1 1 1 0 0 1 0 0 0 1 1 0 1 0 1 0 1 0 0 1 0 0 1 0
0 0 1 1 1 0 0 0 1 0 0 0 0 1 0 1 0 0 0 1 1 1 0 1 1 0 1 0
0 0 1 0 1 0 0 1 1 0 0 1 1 1 1 1 1 0 1 1 1 0 1 0 0 0 0 0
1 1 0 1 0 0 1 1 0 1 0 1 0 1 0 0 0 0 1 0 0 1 1 0 1 1 0 0
1 1 1 0 0 1 1 0 0 1 0 0 1 0 0 0 0 0 0 1 1 1 1 1 0 1 1 1
1 0 1 0 0 0 0 0 1 0 0 0 0 1 1 0 0 1 1 1 1 1 1 0 1 1 1 1
1 1 1 1 0 1 0 1 1 0 1 1 0 1 1 1 0 1 0 0 1 1 1 0 1 1 0 0
1 0 1 1 1 0 0 1 1 1 0 0 0 0 0 1 0 1 1 1 0 0 0 0 0 0 0 0
1 1 0 0 1 0 1 1 1 1 1 1 1 0 1 1 1 1 0 0 1 1 0 1 1 0 0 0
0 0 0 0 0 0 0 0 0 0 1 1 1 1 1 1 0 1 1 0 1 1 0 0 1 0 1 0
1 1 0 0 0 0 0 1 0 0 1 1 0 0 0 1 0 1 0 0 0 1 1 0 0 0 0 1
0 0 0 1 0 0 1 1 1 1 0 1 1 0 0 0 1 1 0 0 1 1 0 0 1 1 0 1
0 0 0 0 0 1 1 0 1 1 0 0 0 0 1 1 1 1 0 0 1 0 1 1 1 0 1 0
0 0 0 0 0 0 0 0 0 0 0 0 1 0 0 0 0 1 1 1 0 1 1 0 0 1 1 0
0 1 1 0 1 1 0 1 0 0 1 0 0 1 1 1 1 0 0 0 0 1 1 0 1 1 0 0
1 1 1 1 0 1 0 1 0 0 0 1 0 0 0 0 1 0 1 1 1 0 1 0 0 1 1 0
1 0 1 0 0 1 0 1 0 1 1 0 0 1 0 1 0 0 1 1 1 0 1 0 0 1 0 1
1 0 0 0 1 0 0 1 1 0 1 1 1 1 0 0 0 0 0 0 1 1 1 0 1 0 1 1
1 1 0 0 1 0 0 1 0 1 0 0 0 1 1 1 1 0 0 0 0 0 1 0 1 0 1 1
1 0 1 1 1 0 0 1 0 0 1 1 0 1 0 1 0 0 1 1 1 0 1 1 1 1 0 0
1 1 1 1 0 1 1 1 1 1 1 1 1 0 0 0 0 0 0 0 1 0 1 0 1 0 0 0
0 0 1 1 0 0 1 1 0 1 0 0 1 1 0 1 1 1 1 1 1 0 0 1 1 0 1 0
0 0 0 1 0 1 1 0 0 1 0 0 0 1 0 1 0 1 1 1 1 0 0 0 1 1 0 0
1 1 0 1 1 1 1 1 1 0 1 1 0 1 0 1 1 0 1 1 0 1 1 0 0 0 0 1
1 0 1 0 0 0 0 0 0 1 0 1 0 1 0 0 1 1 0 0 0 1 0 1 1 1 0 0
0 1 0 0 1 1 1 0 1 1 1 0 0 0 0 0 1 1 1 0 0 1 0 0 0 1 0 0
0 1 1 1 0 0 0 0 1 0 1 1 0 1 0 0 0 1 0 0 0 1 1 0 0 1 0 1
0 1 0 0 1 0 1 0 1 0 0 0 0 0 0 1 0 0 1 0 0 0 0 0 0 0 0 1
0 0 1 1 0 1 1 1 1 0 0 0 1 0 1 0 0 0 1 0 1 0 1 1 1 1 1 1
1 0 1 0 0 0 1 0 1 1 1 0 0 0 1 1 1 1 1 1 0 0 1 1 0 1 0 1
0 0 1 0 1 1 0 0 0 0 0 1 1 0 0 0 0 0 1 0 1 1 0 0 0 0 0 0
1 1 0 0 0 1 0 0 0 0 1 1 1 0 0 1 1 0 1 1 0 1 1 1 1 1 1 0
1 1 1 0 0 0 0 1 0 0 0 1 0 1 1 1 1 0 1 0 0 1 1 1 0 0 1 1
0 1 0 0 1 1 0 0 1 0 1 1 1 1 1 1 0 1 0 1 0 0 1 1 1 0 0 1
0 1 1 1 1 1 1 0 1 1 0 0 1 0 0 1 1 1 0 1 0 0 1 1 0 1 0 1
0 0 1 0 0 1 1 0 0 0 1 1 0 1 1 0 1 0 1 1 1 1 1 0 0 0 1 1
1 1 0 1 1 1 0 1 1 0 0 0 0 0 0 0 0 1 0 1 1 1 0 1 0 1 0 0
0 1 0 1 1 1 0 1 0 1 1 1 1 1 1 1 1 0 0 0 1 0 0 1 0 0 0 0
1 1 0 0 0 0 0 0 0 0 0 1 1 0 1 0 0 0 0 0 1 0 1 1 0 0 1 0
1 0 0 0 0 1 0 0 1 0 1 1 0 0 0 1 0 1 0 0 0 0 0 0 0 1 0 0
1 1 0 1 1 0 1 0 1 0 0 1 1 0 1 0 1 0 0 1 0 1 1 0 1 1 1 1
0 1 0 1 1 1 0 1 0 1 0 1 0 1 1 0 0 1 1 0 0 0 1 0 0 0 0 0
1 0 1 0 0 1 1 1 0 0 0 1 1 0 1 1 0 1 0 1 0 0 1 1 1 1 0 1
1 1 0 0 1 1 1 1 0 1 1 0 0 0 0 1 0 0 0 0 1 1 1 1 0 1 0 1
1 1 1 0 0 0 0 0 0 1 1 1 1 0 0 1 0 1 0 1 1 0 1 0 0 0 0 1
1 0 0 0 1 0 0 0 0 0 1 1 0 1 0 0 1 1 1 1 0 0 0 0 1 0 1 1
0 0 1 1 0 1 0 1 1 0 1 1 1 1 0 1 1 1 1 0 0 0 0 0 1 0 0 0
1 1 1 0 0 0 1 0 1 0 1 0 1 1 0 1 0 0 0 0 1 1 1 0 1 0 0 1
1 1 0 0 0 0 0 1 1 0 0 0 0 0 1 0 1 1 0 1 1 1 0 0 1 0 0 0
1 0 0 1 1 0 1 0 0 0 1 1 0 0 0 1 1 0 0 0 0 1 1 0 1 1 0 0
1 0 1 1 1 1 1 0 0 1 1 0 1 1 1 1 1 1 0 0 0 1 1 0 1 0 1 1
1 1 0 1 1 1 0 0 0 0 0 0 1 1 1 1 0 0 1 0 1 1 1 1 0 1 1 1
1 0 1 1 0 1 1 1 1 1 0 0 0 1 1 1 0 0 1 0 0 0 1 0 0 0 1 0
1 1 1 1 0 0 0 1 1 1 0 0 1 0 1 1 1 0 0 0 1 1 0 1 0 1 0 1
1 0 0 1 0 0 1 1 0 1 1 0 1 1 1 0 1 0 1 0 1 1 1 0 0 0 1 0
1 0 0 1 0 0 1 0 0 1 0 1 0 1 0 1 0 0 0 1 1 0 0 1 1 0 0 1
0 1 0 0 1 0 0 1 0 0 0 1 0 0 0 1 0 1 1 0 1 0 1 1 1 1 1 1
1 0 0 1 0 0 1 0 0 0 1 0 0 1 0 0 1 0 0 0 0 1 0 1 0 0 1 0
0 0 1 1 0 0 0 0 0 0 0 1 0 0 1 1 1 1 0 1 0 0 1 0 1 0 1 1
1 1 0 0 1 1 1 1 1 0 0 1 1 0 1 0 0 1 1 0 0 1 0 1 0 0 1 1
1 0 0 1 1 1 1 0 0 0 1 0 0 1 1 1 0 1 1 0 0 0 0 1 1 0 0 1
1 1 1 1 0 1 1 0 0 0 1 1 0 0 1 1 0 0 1 1 1 0 1 1 1 0 1 0
0 0 1 1 0 1 1 0 1 0 0 1 1 1 0 0 0 1 0 1 1 1 1 1 0 0 1 0
0 1 1 1 0 1 1 0 0 0 1 0 1 1 0 0 1 0 1 1 0 0 0 1 0 0 0 1
1 1 1 0 1 1 1 0 1 1 0 1 1 1 1 1 0 0 1 1 1 0 0 1 1 0 1 1
0 0 0 1 1 1 0 0 0 1 0 1 1 1 0 0 1 0 1 0 0 1 1 0 1 1 1 0
1 1 0 1 1 0 1 1 1 0 1 0 0 0 1 0 0 1 1 0 1 0 1 0 1 1 1 0
0 1 1 1 1 1 0 1 0 1 1 1 0 1 0 0 1 1 1 0 1 1 0 1 0 0 1 0
0 1 0 1 1 1 1 1 0 0 1 1 0 1 1 1 1 1 0 1 1 0 0 0 0 1 0 1
0 1 1 0 1 1 0 1 1 0 0 1 1 0 0 0 0 1 0 1 0 1 1 1 1 0 0 1
1 0 1 1 1 0 1 1 0 0 0 1 1 1 0 1 0 0 1 0 1 1 0 0 0 1 0 1
0 0 0 0 1 1 0 0 1 1 0 1 0 1 0 0 1 1 1 1 1 0 0 1 1 1 0 1
1 0 1 1 1 1 0 0 0 1 1 0 0 0 0 1 1 0 0 1 0 0 1 0 0 1 0 0
0 1 1 1 0 1 1 1 0 1 1 0 1 0 1 1 0 1 1 1 0 1 1 0 0 1 0 1
0 1 1 1 0 0 1 0 1 1 1 1 0 1 1 1 0 1 1 0 1 0 0 0 0 1 1 1
1 0 1 1 0 0 0 0 1 1 1 1 1 1 1 1 1 0 0 1 0 0 0 1 0 1 1 0
1 1 0 1 0 0 0 0 0 1 1 0 0 0 0 1 1 0 1 1 1 1 0 1 0 1 0 0
0 0 0 0 0 0 0 1 1 1 1 1 0 0 1 0 1 0 1 0 1 0 0 0 1 1 0 0
1 1 1 1 1 0 1 1 1 1 1 0 0 1 0 0 0 0 1 1 1 1 0 0 0 0 1 1
0 1 0 0 1 0 0 0 1 1 0 0 1 1 0 0 0 1 0 0 0 1 0 1 0 1 1 0
1 1 0 1 1 1 1 0 1 0 0 0 1 0 0 0 1 0 1 0 1 1 0 0 0 0 1 0
1 1 1 0 1 1 0 0 1 1 0 1 0 0 0 0 0 1 0 0 1 1 0 0 0 1 1 1
0 0 1 0 1 1 1 1 0 1 1 1 0 0 0 1 1 0 0 1 0 0 0 1 0 0 1 1
1 0 1 0 0 1 0 1 1 1 0 1 1 0 1 0 0 1 1 1 0 0 1 0 1 0 1 0
1 0 1 1 1 1 0 0 1 0 0 0 0 0 0 1 1 0 1 1 0 0 1 1 0 0 1 1
1 0 1 0 0 1 0 0 1 0 1 0 1 0 0 0 1 1 0 0 1 0 0 1 1 0 0 1
0 0 1 0 1 1 0 0 1 1 1 0 0 1 0 0 0 0 0 0 0 1 1 1 0 0 0 1
0 0 0 0 0 0 0 1 1 0 0 1 0 0 0 1 1 0 0 1 0 1 1 0 1 1 0 0
1 0 1 0 0 0 1 1 0 0 0 0 0 0 0 0 1 1 0 1 0 0 1 0 0 0 1 0
0 1 0 1 0 1 1 1 1 1 0 0 0 1 0 0 0 1 1 1 1 0 1 1 0 0 1 1
1 1 1 1 1 1 0 1 0 1 1 0 1 0 0 1 0 1 1 0 1 0 0 1 1 1 1 1
0 1 0 1 0 1 0 1 1 1 1 1 0 0 1 1 0 0 0 0 0 0 1 1 0 1 1 0
0 0 1 0 1 1 0 0 0 1 1 1 1 0 0 0 1 1 0 1 1 0 1 1 1 1 1 0
0 0 1 1 0 0 0 1 0 0 1 0 1 0 1 0 1 1 1 1 1 1 0 1 0 1 0 0
0 0 1 0 0 0 0 1 0 1 1 0 1 1 0 0 1 1 0 1 0 1 1 0 1 0 0 0
1 1 1 1 1 1 0 0 1 1 0 1 1 0 1 1 1 1 1 0 1 0 1 0 1 1 0 0
1 0 0 1 0 1 0 1 1 0 0 0 0 1 0 0 1 1 1 0 0 1 0 1 0 1 0 1
1 0 1 0 0 0 1 0 0 1 1 0 0 0 1 1 0 0 0 0 1 0 0 0 1 1 1 0
1 0 0 1 1 0 0 1 0 1 1 1 1 0 1 0 0 1 1 1 1 0 0 1 0 0 0 1
1 0 1 0 1 0 1 1 0 0 0 1 0 0 0 1 1 0 1 0 1 1 0 1 1 0 0 1
1 0 1 0 1 1 1 1 0 0 1 1 1 1 0 0 1 0 1 0 1 0 0 0 1 1 1 1
1 0 0 0 1 1 1 1 0 1 0 1 0 0 0 0 0 1 0 0 1 0 0 0 1 0 1 0
1 1 1 1 1 0 0 1 0 1 1 0 1 1 1 0 0 0 0 0 0 0 1 1 0 1 1 0
0 1 1 0 0 1 1 0 0 0 0 1 0 1 0 0 0 1 1 0 0 0 0 1 1 1 1 0
1 1 1 1 0 0 1 1 0 1 0 0 0 1 0 1 1 1 1 1 0 1 1 1 1 1 1 1
1 0 1 1 0 1 0 1 0 1 0 1 1 1 1 1 1 1 0 1 1 1 0 0 0 0 1 1
1 0 0 1 0 1 0 0 0 1 0 0 0 0 1 0 0 1 1 0 1 1 1 1 0 0 0 0
0 1 0 0 0 1 1 1 0 0 1 1 1 0 0 0 0 0 1 1 1 1 0 0 1 0 0 1
0 1 1 1 0 0 1 1 1 0 1 0 0 1 0 1 1 0 0 0 0 0 0 1 1 1 0 0
0 0 0 0 1 1 1 1 0 0 0 0 1 0 0 0 1 1 1 1 1 0 0 0 1 1 0 1
1 1 1 1 0 0 1 0 0 1 1 1 0 1 1 1 1 1 0 0 1 1 1 1 0 0 0 0
0 0 0 1 1 0 1 1 0 0 0 1 1 0 0 0 0 0 0 1 0 0 1 1 0 0 0 0
0 0 1 0 0 0 0 0 1 0 0 1 1 1 0 1 0 0 1 1 0 0 0 1 0 1 1 1
1 1 1 1 0 1 0 0 0 0 0 0 0 1 0 1 1 1 1 0 1 0 1 0 1 0 0 1
0 1 1 1 0 1 0 1 0 0 0 1 1 1 0 1 1 0 0 1 1 1 1 1 1 0 1 1
0 0 0 1 1 1 1 0 0 1 0 1 1 0 1 0 0 0 0 1 0 1 0 0 0 1 1 0
1 1 1 0 1 0 1 1 0 0 0 0 1 1 1 1 0 1 0 0 1 0 0 1 0 0 1 1
0 0 0 0 0 0 1 0 0 0 1 0 1 1 1 1 0 0 1 0 0 1 0 1 0 0 0 1
0 1 1 1 0 1 0 1 1 1 1 1 0 0 1 0 1 1 1 1 0 0 0 1 0 0 0 1
1 1 1 1 1 1 0 0 1 1 1 0 0 1 1 0 1 1 0 1 1 0 0 0 0 1 1 0
1 1 1 0 1 0 1 1 1 0 0 0 1 1 0 1 1 0 1 1 0 1 1 0 1 1 1 0
0 1 1 1 1 1 1 0 1 0 1 1 1 1 1 0 1 1 1 0 1 1 1 1 1 1 0 0
1 1 1 1 1 1 1 1 1 1 0 1 1 1 1 0 0 0 1 1 1 0 1 1 0 1 0 1
0 0 0 1 0 0 0 1 0 1 0 1 1 0 0 0 1 0 1 0 0 0 0 0 0 0 1 1
1 0 1 0 1 1 0 0 0 1 1 1 0 1 1 1 0 0 1 0 0 1 0 1 0 1 1 0
1 0 1 1 1 1 0 1 1 1 0 0 1 1 0 0 1 0 1 1 1 1 0 0 1 1 0 0
0 0 0 1 0 1 0 0 1 1 1 1 0 0 0 1 0 0 1 1 1 1 1 1 1 0 1 1
1 0 0 0 1 0 1 0 0 0 0 1 0 1 1 1 1 1 1 0 1 0 1 0 1 1 1 0
1 0 0 0 1 1 1 0 1 0 1 0 1 0 1 1 0 0 1 1 1 0 0 1 0 1 0 0
0 0 1 1 1 1 0 0 1 1 0 0 1 1 1 1 0 0 0 1 0 1 0 1 1 1 0 1
0 0 1 0 1 0 1 1 1 1 1 1 0 1 1 0 0 1 0 0 0 1 1 0 0 0 1 0
0 0 1 0 1 0 1 1 1 0 1 0 1 0 1 0 1 0 0 1 0 0 0 0 0 1 1 0
0 0 0 0 0 0 0 0 0 1 1 0 1 1 1 1 0 1 0 1 0 0 0 0 0 1 0 1
0 1 0 1 0 0 0 0 0 1 0 1 0 1 0 0 0 0 0 1 1 0 0 0 0 0 1 0
1 0 0 1 0 1 0 0 0 0 1 0 0 1 1 1 0 0 0 1 1 0 1 0 0 0 0 0
0 1 0 1 0 1 1 1 1 0 1 0 1 0 1 1 1 0 1 1 1 1 0 1 1 1 1 0
0 1 1 0 0 0 0 1 0 0 1 0 0 0 1 1 1 1 1 0 1 0 1 1 0 0 0 0
1 0 1 1 0 1 1 0 1 1 1 0 1 1 0 0 0 1 1 1 1 1 0 1 1 1 1 1
1 1 1 0 1 0 1 0 0 1 0 1 1 0 1 0 1 1 1 0 0 1 1 1 1 0 1 0
1 1 1 1 1 0 1 1 0 1 1 0 0 0 0 0 0 1 0 0 0 1 0 1 0 0 0 1
0 1 0 1 1 0 1 0 1 1 1 0 0 0 1 0 1 0 1 1 1 1 1 0 0 1 0 1
0 1 1 0 0 0 1 0 1 1 1 0 0 1 1 0 0 1 1 1 1 1 0 1 1 0 0 0
0 0 1 1 0 1 1 0 0 1 0 1 0 0 0 0 1 0 0 1 1 1 0 0 0 0 0 1
0 1 0 0 0 1 1 1 1 0 0 0 0 0 0 0 1 1 0 0 0 1 1 0 0 0 1 1
0 1 0 1 1 1 1 1 0 1 0 1 0 1 1 1 0 0 1 0 1 1 0 0 1 0 1 1
1 0 1 1 0 0 1 0 0 1 1 0 1 0 0 0 0 0 0 1 0 0 1 0 1 0 1 1
0 0 1 0 0 1 0 1 0 0 1 0 0 1 1 1 0 1 0 1 1 1 0 0 0 0 1 1
1 0 1 0 1 1 1 0 0 1 0 1 1 1 0 1 0 1 1 1 0 1 1 0 0 0 0 1
1 1 0 1 1 0 1 0 1 1 0 0 0 1 0 1 0 0 0 0 1 0 0 0 0 0 0 0
0 1 1 1 1 1 1 1 0 0 1 1 1 1 0 1 0 0 1 1 0 1 0 1 0 1 1 0
0 1 0 1 0 0 0 1 1 0 1 0 1 1 1 0 0 0 0 0 0 1 0 0 0 0 0 0
0 1 1 1 1 1 1 0 0 0 0 0 0 0 1 1 1 0 1 0 0 0 0 1 1 0 1 1
1 1 1 1 0 1 0 1 1 0 1 0 1 0 0 1 1 1 0 0 0 1 1 1 0 0 1 0
0 1 0 1 0 0 1 0 1 1 0 0 1 0 1 0 0 1 0 0 0 0 0 1 0 0 1 1
0 1 0 1 1 0 0 1 1 1 1 1 1 1 0 1 1 1 1 1 1 1 0 0 1 1 1 1
1 1 0 1 0 0 1 1 0 0 1 1 1 0 0 0 1 1 1 1 1 0 1 1 1 0 0 0
1 0 1 1 1 0 0 0 1 0 1 1 0 0 1 0 1 0 1 0 0 1 0 0 0 0 1 0
1 1 1 0 1 1 0 0 0 0 0 0 1 1 0 1 1 1 1 1 0 0 0 1 1 0 0 0
0 1 1 1 1 0 1 0 0 0 0 0 0 1 1 0 0 0 0 0 1 1 0 1 1 1 1 1
0 0 0 1 1 0 1 0 0 1 0 1 1 1 1 1 1 0 1 0 0 0 1 1 0 1 0 1
1 0 0 0 0 1 1 1 1 1 1 1 1 1 0 0 0 1 1 1 0 0 0 1 0 0 0 0
0 0 1 1 0 0 1 1 0 1 1 1 1 1 1 1 1 1 1 0 0 0 1 0 1 0 0 0
1 0 1 0 0 1 1 1 1 1 1 1 1 0 0 0 1 1 0 1 1 1 1 1 0 1 0 1
1 0 1 0 0 1 0 1 0 0 0 1 0 0 0 1 1 0 0 1 1 0 0 1 1 1 1 0
0 1 1 1 0 0 0 1 0 0 1 1 1 0 1 0 0 0 0 0 0 1 0 1 1 1 1 1
1 0 0 0 0 1 0 1 1 1 0 0 1 1 1 0 1 0 0 1 0 1 0 1 0 1 1 0
1 1 0 0 0 1 1 1 1 1 0 0 1 0 1 1 1 1 1 1 0 0 0 0 1 0 1 1
1 1 0 0 1 0 0 1 0 1 1 0 1 0 1 1 0 1 0 1 0 0 1 1 1 1 0 0
0 0 0 0 0 1 1 1 1 1 0 1 0 1 1 1 1 0 1 1 0 1 0 0 0 1 0 0
1 0 0 1 1 0 0 0 0 0 0 0 1 1 1 0 1 0 0 0 1 0 0 0 1 1 0 0
1 0 1 1 0 0 0 1 1 1 0 1 0 0 0 1 0 0 0 0 0 1 1 0 0 1 1 1
1 0 0 0 1 0 1 0 0 1 1 0 0 1 1 0 0 0 1 1 1 0 1 0 1 0 0 0
0 1 0 0 1 0 1 0 0 0 0 0 1 1 0 0 0 1 1 1 1 1 0 1 0 0 0 1
1 1 0 1 1 0 1 1 0 0 1 1 0 1 1 0 1 1 1 1 0 1 0 1 0 1 0 0
1 0 0 1 1 1 0 1 0 1 1 1 0 0 1 1 0 0 1 1 0 1 0 0 1 0 0 0
1 1 1 1 1 1 1 1 1 0 1 1 1 0 1 1 0 1 0 1 0 0 1 1 0 0 0 0
0 0 1 1 1 1 1 1 0 0 0 0 0 1 1 0 0 1 0 1 0 0 0 1 0 1 1 0
1 1 1 1 1 0 0 1 1 1 0 1 0 1 1 0 1 0 1 0 0 0 0 0 1 1 1 1
0 1 1 0 1 1 0 1 0 1 0 0 0 0 1 0 1 1 1 0 0 1 0 1 0 1 0 1
1 0 1 1 1 1 1 1 1 0 0 1 1 1 1 0 1 0 0 0 0 1 0 1 1 0 1 0
0 0 1 1 0 0 1 0 0 1 1 0 1 0 0 1 1 0 1 0 1 0 0 0 0 0 0 0
0 0 1 0 0 1 1 1 1 1 1 0 0 0 1 1 1 0 0 1 1 1 1 0 0 0 0 0
0 0 0 0 0 1 0 1 1 1 0 1 1 0 1 0 0 1 1 0 1 1 1 0 0 1 0 0
0 1 1 1 0 0 0 0 1 1 1 0 0 0 0 0 0 1 1 0 0 0 1 1 1 1 1 0
1 1 0 1 0 0 1 1 1 1 1 0 0 1 1 1 1 0 0 1 0 0 0 1 1 0 1 0
0 1 1 0 1 0 1 0 0 1 0 0 0 0 1 1 0 1 1 1 1 0 1 0 1 1 1 0
1 0 1 0 1 1 0 0 1 0 0 1 1 1 0 0 0 0 0 0 0 0 1 0 1 1 0 1
1 0 1 0 1 1 1 1 0 1 1 0 1 1 0 1 0 0 0 1 1 1 0 1 0 0 1 0
0 0 0 1 1 1 0 1 0 0 1 1 0 0 1 1 1 0 1 0 1 0 1 0 0 0 1 1
1 1 0 0 0 1 1 0 1 0 0 0 1 1 1 0 1 1 1 0 0 1 1 0 1 1 0 0
1 0 0 0 0 0 0 1 0 0 0 0 0 0 1 0 0 0 1 1 1 0 0 1 0 1 1 1
0 1 0 0 0 1 1 0 1 1 0 1 1 1 0 1 1 0 0 0 1 0 1 0 0 1 1 0
1 0 0 0 0 0 0 1 1 0 0 1 0 1 0 1 1 1 1 0 1 1 0 1 1 0 1 0
1 1 0 0 1 1 0 0 0 1 1 0 0 1 0 0 0 0 1 0 0 1 0 1 1 0 1 1
0 0 0 1 1 1 0 0 1 0 1 1 1 0 0 1 1 1 0 0 1 1 0 1 0 1 1 1
0 0 1 0 1 0 1 1 1 1 1 0 0 1 1 0 0 1 1 0 0 1 0 0 1 1 0 1
0 1 0 0 1 0 1 0 1 0 1 0 0 1 0 1 1 1 0 1 0 1 1 1 0 0 1 1
0 1 1 0 0 0 1 0 0 1 1 0 0 1 0 0 1 0 0 0 1 0 1 1 1 1 1 1
0 0 1 0 1 0 0 0 0 1 1 1 1 0 0 1 0 0 0 0 0 0 0 1 1 0 0 0
1 0 0 0 1 0 0 1 1 1 1 0 0 1 0 0 1 1 0 0 1 0 1 0 0 1 0 0
1 0 1 0 1 0 0 0 1 0 1 0 1 0 1 0 1 0 1 1 0 1 1 1 1 0 0 1
0 0 1 0 0 1 1 1 1 1 0 0 0 0 0 1 0 1 1 0 0 1 0 1 1 0 0 1
0 1 1 0 1 0 0 1 0 1 1 1 0 0 0 0 0 0 1 1 1 1 1 0 1 1 0 1
0 1 0 1 1 0 1 1 1 1 1 0 1 1 0 0 1 1 1 0 0 0 0 1 1 0 0 1
0 0 0 1 1 0 1 1 1 0 0 1 0 0 0 0 0 1 1 1 0 1 0 1 1 0 1 0
0 0 0 1 0 1 1 0 0 1 0 0 1 0 1 1 1 0 0 1 0 1 1 1 1 0 0 0
0 0 1 0 0 1 1 0 0 1 0 0 1 0 0 1 1 1 0 0 1 0 1 0 0 1 0 1
0 1 0 0 1 1 1 0 0 1 1 1 0 0 0 1 0 1 0 0 0 0 1 0 0 0 1 0
0 0 1 1 0 1 1 0 1 0 0 0 1 0 0 1 0 1 0 0 0 1 0 0 1 1 0 0
1 0 1 1 0 1 1 1 0 1 1 1 0 0 1 0 1 1 1 1 1 1 1 0 1 1 1 0
1 1 0 0 1 0 1 1 0 0 1 1 1 0 1 1 0 0 1 1 0 0 1 0 0 1 1 1
0 1 1 1 1 1 1 0 1 0 1 0 1 1 0 0 0 1 1 1 0 0 1 0 1 0 1 0
1 1 0 1 0 1 1 0 0 0 1 1 1 1 1 1 0 0 0 0 0 0 1 0 1 1 1 1
0 0 0 1 1 1 0 1 0 0 0 1 1 0 1 1 1 1 1 1 0 0 0 1 1 1 1 0
1 1 1 0 0 1 1 1 1 0 0 1 0 1 0 0 0 0 1 0 0 1 0 1 0 1 1 0
1 1 1 0 0 0 0 1 1 1 0 1 1 1 1 0 0 0 1 1 1 1 1 1 1 0 0 1
0 0 0 1 1 1 0 1 1 1 1 0 1 1 0 0 0 1 0 0 1 0 1 0 1 0 1 1
1 1 1 0 0 0 1 1 0 0 0 1 0 1 1 0 0 1 1 0 0 0 0 0 0 0 0 0
1 0 0 1 1 1 1 1 0 1 1 0 1 0 0 0 1 0 1 1 1 0 1 1 0 0 0 1
0 1 0 1 0 1 1 0 0 0 1 0 0 0 1 0 0 1 0 0 1 1 0 1 1 0 0 1
1 0 1 1 1 0 0 0 0 1 0 0 0 0 0 0 1 1 0 1 0 1 0 1 1 0 1 1
0 0 0 1 0 1 1 1 0 0 1 0 0 0 0 0 1 0 0 0 1 1 1 1 0 1 1 0
0 1 1 0 0 0 0 1 0 1 0 0 1 1 0 0 0 1 0 0 1 0 0 0 0 1 0 0
0 0 0 1 0 0 0 1 0 1 1 1 0 1 1 1 1 1 0 0 1 0 1 1 1 1 1 1
1 0 0 1 0 0 1 1 1 0 1 1 0 0 1 1 0 0 0 1 1 1 0 0 0 0 1 1
0 1 0 1 0 1 0 0 1 0 0 1 0 0 0 0 0 0 1 1 0 0 0 0 1 1 0 1
0 1 1 0 0 1 1 0 1 0 1 1 1 0 1 1 0 0 1 0 1 1 0 1 0 0 0 0
1 0 1 0 0 0 1 0 1 0 0 0 1 1 0 1 0 1 1 0 1 0 1 1 0 1 0 0
0 1 0 1 1 1 0 0 0 1 0 1 1 1 0 0 1 1 0 0 1 1 1 1 1 0 0 1
1 1 1 0 1 0 1 0 0 0 1 1 1 0 0 0 0 1 0 1 0 1 0 0 1 1 0 0
0 0 0 1 1 0 0 0 1 1 1 0 1 0 1 1 0 0 1 0 1 1 1 0 1 0 1 1
1 1 1 0 1 1 1 1 1 1 0 1 0 1 0 1 0 1 0 1 0 1 0 0 1 1 1 0
1 0 0 1 1 1 0 0 1 0 1 1 1 1 0 0 0 1 1 1 0 1 1 0 0 1 0 0
0 1 0 1 0 1 0 0 1 1 0 1 0 1 1 0 1 1 0 1 0 0 0 0 1 0 1 0
0 0 0 0 0 0 1 0 1 1 0 1 0 0 1 0 0 0 1 0 0 0 1 1 1 0 0 1
1 1 0 1 0 1 1 0 0 1 0 1 1 0 0 0 1 0 0 0 0 0 0 1 1 1 0 1
0 0 1 0 1 1 0 1 1 1 1 1 1 0 1 1 1 0 0 1 0 1 0 1 0 1 1 1
0 0 0 0 1 1 1 0 0 1 0 0 1 0 0 0 0 0 0 1 1 1 1 0 1 1 0 0
1 1 0 1 1 0 1 0 1 0 1 0 0 0 0 1 0 1 0 1 1 0 1 0 1 1 0 1
0 0 0 0 0 1 1 1 0 0 1 0 0 1 1 0 0 1 1 0 0 1 1 0 0 0 0 0
0 1 1 0 0 0 0 1 1 0 1 1 0 1 0 0 1 0 0 1 1 0 0 0 0 0 0 1
0 0 1 1 1 0 1 0 1 0 0 0 1 1 0 0 1 1 1 0 1 1 1 0 0 0 0 0
1 0 0 1 0 1 0 1 0 0 1 1 1 0 0 0 0 1 0 0 1 0 0 1 0 0 1 0
0 1 0 1 0 0 0 0 1 0 0 0 1 1 1 0 1 0 1 1 1 0 1 1 1 1 0 1
0 1 0 0 1 1 0 1 1 1 0 0 1 1 0 1 1 1 1 1 1 1 1 0 0 0 0 0
1 1 0 1 1 0 1 1 0 0 0 0 1 1 0 0 1 1 0 1 1 0 1 0 0 1 1 1
1 1 0 0 0 1 0 0 0 0 1 1 0 1 1 0 1 0 0 0 1 1 0 0 0 1 0 1
1 1 0 0 1 1 0 0 0 1 0 1 0 0 1 1 1 0 1 1 1 0 0 0 0 1 0 1
0 1 0 1 1 0 0 1 0 0 1 0 1 0 0 1 0 1 0 1 1 0 0 0 1 0 0 0
0 0 0 0 1 1 1 1 0 0 1 0 1 1 0 1 1 0 1 0 0 0 1 1 0 0 1 0
1 1 0 0 1 1 0 1 1 0 1 1 1 0 0 0 1 0 1 0 0 0 1 1 0 1 0 1
0 1 1 0 1 0 1 1 1 0 0 1 1 0 1 0 1 1 0 0 1 0 1 0 0 1 1 1
0 0 0 1 0 0 1 1 1 0 1 0 1 0 0 1 1 1 0 1 0 0 0 0 0 0 1 1
0 1 1 0 0 1 0 1 0 1 0 0 1 0 0 1 0 0 1 1 0 1 1 1 1 0 0 0
1 1 1 1 1 0 1 0 0 0 0 0 0 0 0 1 0 0 1 1 0 1 1 0 1 0 0 0
1 0 0 0 0 0 0 1 1 0 1 1 1 1 1 0 1 1 1 1 0 1 1 1 0 1 1 1
1 1 1 0 1 1 1 1 0 0 1 0 1 0 1 0 0 0 0 0 1 0 0 0 0 1 0 0
1 1 0 0 0 0 0 1 0 1 1 0 0 0 0 1 1 1 1 0 1 1 0 0 1 0 1 1
0 0 0 0 1 0 1 1 0 0 0 1 0 1 1 1 0 0 0 1 1 1 1 1 0 1 0 0
0 1 1 1 1 0 0 1 0 1 1 1 1 1 0 0 1 0 0 1 0 1 1 0 0 1 1 1
1 0 0 1 0 0 0 0 1 1 0 0 1 1 0 1 1 1 0 0 0 0 1 1 0 0 0 1
1 1 1 0 1 0 0 1 1 0 1 0 1 1 1 1 0 1 1 1 0 1 0 0 0 0 1 0
0 0 0 0 0 0 1 1 0 0 0 1 1 1 0 0 0 0 0 0 0 1 1 1 1 0 1 1
1 1 0 1 1 0 1 0 1 1 0 0 0 1 1 1 0 1 0 1 0 1 1 1 0 1 1 1
0 1 1 1 1 0 1 0 1 1 0 1 1 0 0 1 0 0 0 0 1 1 1 1 0 1 1 0
0 1 1 1 0 1 0 0 1 1 1 1 1 1 1 0 1 0 1 0 1 0 0 1 1 0 1 1
1 0 1 1 0 1 1 1 0 1 0 1 0 1 1 0 1 1 0 0 1 0 0 1 0 1 0 0
0 0 1 1 1 1 0 0 1 0 0 0 0 1 1 1 1 1 1 0 0 1 1 0 0 1 1 1
0 1 0 0 0 1 0 0 0 1 0 0 0 1 1 0 1 0 1 1 0 0 1 1 0 1 1 0
1 0 0 1 1 0 1 0 1 0 1 1 0 1 0 0 1 0 1 0 1 0 0 1 0 1 1 1
0 1 0 1 0 0 1 1 1 0 0 1 0 0 1 0 1 1 1 0 1 1 1 1 1 0 1 1
0 1 1 0 1 1 0 1 1 1 0 0 1 0 1 0 0 0 0 1 1 0 1 0 0 0 1 1
0 0 1 1 0 1 0 0 1 1 1 0 0 1 0 1 0 1 0 1 1 1 1 1 0 1 0 0
0 1 1 0 0 0 0 0 1 1 0 1 0 1 1 1 1 1 0 1 1 1 1 1 0 0 1 1
0 0 0 0 0 1 0 0 0 1 1 0 0 1 0 1 1 0 1 0 1 0 0 0 0 0 1 0
1 0 1 0 1 1 1 0 1 1 0 0 0 0 0 0 1 0 1 0 0 0 0 0 0 1 0 1
1 1 0 1 0 0 1 0 1 1 1 1 1 1 0 0 1 1 0 1 1 0 0 0 0 0 0 1
0 0 1 0 0 0 1 1 1 0 0 0 0 0 0 0 0 0 0 0 1 0 1 1 0 1 0 0
1 0 0 0 0 0 0 0 1 1 1 1 1 0 1 0 0 0 1 0 0 0 0 1 1 1 0 1
0 1 1 1 0 0 1 1 1 1 0 1 0 0 0 0 1 1 1 0 0 0 1 0 1 1 0 0
1 0 0 0 0 1 0 0 0 0 0 0 1 1 1 0 0 0 0 0 1 1 1 0 0 0 0 1
0 1 1 1 1 0 0 0 1 0 1 1 0 0 1 0 0 0 0 0 0 1 1 1 1 0 1 1
1 0 1 0 1 0 1 1 0 0 0 0 0 0 1 1 0 1 1 1 1 1 0 0 1 0 0 1
0 0 1 1 1 0 0 0 1 1 0 1 0 1 1 1 0 1 1 0 1 0 0 1 1 0 0 0
1 0 1 0 0 1 0 0 0 0 1 1 1 1 1 0 0 1 0 0 0 0 1 1 0 0 1 1
1 0 0 0 1 1 1 1 1 1 0 0 0 0 0 1 1 1 0 0 0 0 1 1 0 1 1 1
0 1 1 1 1 1 1 0 0 0 1 0 1 0 1 1 0 1 0 1 1 1 1 1 0 0 1 1
0 0 0 1 0 1 1 0 1 1 0 0 0 1 0 1 1 1 0 1 0 1 0 0 0 0 0 1
0 1 0 0 1 1 0 0 1 1 1 0 0 0 0 1 0 0 1 0 1 1 1 1 1 1 0 0
C Elapsed Time 0.000000 
