350 23 2^23 6
1 0 0 0 1 1 0 1 1 1 1 0 0 1 1 1 1 1 1 1 1 0 1
1 0 1 1 1 0 1 1 1 0 1 0 1 1 1 1 1 1 0 1 1 0 1
0 0 1 1 1 0 1 1 0 0 0 1 0 1 0 0 0 1 0 0 1 0 1
0 0 0 0 0 0 0 0 1 1 0 1 1 0 1 1 0 0 1 1 0 1 1
1 1 1 0 1 0 1 0 0 0 1 1 1 1 0 0 0 1 1 0 0 0 1
0 0 1 0 1 0 0 0 0 1 1 0 1 1 0 0 0 1 1 1 0 1 0
1 0 0 1 1 1 1 0 1 1 1 1 1 1 0 1 0 1 1 1 1 0 1
0 1 1 0 1 0 1 0 0 0 0 0 1 0 1 1 0 1 0 0 1 1 0
0 1 0 0 0 1 1 1 0 0 0 1 1 0 0 0 0 0 1 0 1 1 0
1 0 1 1 1 1 0 0 0 1 0 1 0 0 1 1 1 0 1 0 0 0 0
1 1 1 1 1 1 1 1 1 1 1 0 0 0 1 0 1 1 0 1 1 1 0
1 0 0 0 1 0 1 1 0 1 0 0 1 0 1 1 1 0 1 0 0 1 1
0 0 1 1 1 0 1 1 1 1 1 0 1 0 0 1 0 1 1 1 0 0 1
0 1 0 0 0 1 1 0 1 1 1 0 0 0 0 1 1 1 0 1 1 1 0
1 1 0 1 0 0 0 1 0 1 0 1 1 0 1 1 0 0 0 1 0 1 0
1 0 1 0 0 1 0 0 0 0 0 0 1 1 1 1 1 0 1 0 0 0 0
1 0 1 1 1 1 0 1 1 1 0 0 1 1 0 0 1 0 1 1 0 1 0
0 1 0 0 0 1 1 0 0 0 0 1 0 1 1 1 1 0 0 0 1 0 0
0 0 1 0 1 1 1 0 1 0 0 1 0 0 0 1 1 0 1 0 1 0 0
1 0 0 0 1 1 1 0 1 0 1 0 1 0 1 0 0 0 1 1 1 0 0
0 0 1 0 0 0 1 1 0 0 0 1 1 0 0 1 0 1 1 0 0 1 0
0 1 0 1 1 0 0 0 0 1 0 1 1 1 1 1 1 1 1 0 0 0 0
0 0 0 1 1 1 0 1 1 0 0 0 0 1 0 0 1 1 1 1 1 0 0
1 1 0 0 0 0 0 1 0 0 1 0 1 1 1 1 0 0 0 0 1 1 0
0 1 0 0 1 0 0 1 1 1 1 1 0 0 1 0 0 1 0 0 0 1 0
1 0 1 0 0 0 1 0 0 0 1 1 0 0 1 0 0 0 1 1 0 1 0
1 1 0 1 0 1 1 0 1 0 0 0 0 0 0 1 0 1 1 0 0 1 0
1 1 1 0 0 1 0 0 1 0 1 1 0 0 1 1 1 1 1 0 1 0 1
1 1 1 0 0 0 1 1 1 0 0 1 1 0 0 1 0 1 1 0 1 0 0
1 0 1 1 0 0 1 0 0 1 0 1 1 0 1 0 1 0 1 0 0 0 1
1 1 0 0 1 0 1 0 0 1 0 1 0 0 0 1 1 1 0 0 0 0 1
0 0 0 1 1 0 0 1 1 1 1 0 0 0 0 1 0 0 1 0 1 1 0
0 1 1 0 1 0 1 1 0 1 1 1 1 1 0 1 1 0 1 0 1 0 1
0 0 1 1 0 1 0 0 1 0 1 0 0 0 1 0 0 0 0 1 0 0 1
0 1 1 1 0 1 1 1 0 0 0 1 0 0 1 0 1 1 0 0 0 1 1
0 0 0 1 1 0 1 1 0 0 0 0 0 1 1 1 0 0 1 1 1 1 0
1 1 0 1 0 0 1 0 0 1 0 1 0 0 0 1 1 0 0 1 0 0 0
0 0 1 0 1 0 0 1 0 1 0 1 1 1 1 1 0 1 1 0 1 1 1
1 0 1 0 1 1 1 0 1 1 0 0 0 1 1 0 0 1 0 1 0 0 0
1 1 0 1 1 0 1 0 1 1 0 0 0 1 0 1 0 1 0 1 1 0 1
0 1 0 1 1 1 0 1 0 0 1 0 0 1 0 0 1 0 1 0 0 1 1
0 1 0 0 1 0 1 1 1 1 1 0 0 1 0 0 1 0 0 1 1 1 0
0 1 1 1 0 0 1 0 1 0 0 0 1 1 1 0 1 0 0 1 0 1 1
1 1 0 1 0 1 0 1 1 0 1 0 1 1 1 0 1 1 0 0 0 0 1
0 1 0 1 0 1 1 0 1 1 1 0 1 0 1 0 0 1 0 0 0 0 0
0 1 0 1 1 0 0 1 1 1 1 0 1 1 0 1 1 1 1 1 0 1 1
1 1 0 1 1 0 1 1 0 0 0 0 1 0 0 0 1 1 0 1 0 0 0
1 0 1 1 1 0 0 0 1 0 1 1 0 1 1 0 0 1 1 0 0 1 0
1 1 1 0 1 1 0 0 0 0 0 1 0 0 1 1 1 1 1 1 1 1 0
0 1 1 1 1 0 1 1 0 1 0 0 0 0 1 0 0 0 1 1 0 0 0
0 0 0 0 1 1 1 1 0 0 0 0 1 1 0 1 1 1 1 0 0 0 1
1 1 0 0 0 1 0 1 1 1 0 1 1 1 0 1 1 1 1 1 0 0 0
0 1 1 0 0 0 1 1 1 1 0 1 1 1 1 0 1 1 0 0 0 0 1
0 0 0 0 0 0 0 1 1 0 1 0 1 0 0 1 1 1 0 1 1 0 1
0 1 1 0 0 1 0 1 0 1 0 0 1 0 0 1 1 0 1 0 0 1 1
0 1 1 1 1 0 0 1 0 0 1 1 1 0 1 0 1 0 0 0 0 0 0
1 0 0 0 0 1 0 1 1 1 0 0 0 1 0 0 1 0 0 0 0 0 1
1 1 0 0 0 1 1 1 1 0 0 0 0 0 1 1 1 0 1 1 0 0 1
1 1 0 0 0 0 0 1 0 1 1 0 1 0 0 1 1 1 1 0 1 1 0
0 0 0 1 0 1 1 1 1 1 1 1 0 1 1 1 1 0 1 0 1 1 1
0 0 0 1 1 0 0 0 0 0 0 0 1 1 1 0 1 0 0 0 1 0 0
1 0 1 1 1 0 0 1 1 1 1 1 0 0 0 1 1 1 0 0 0 1 1
1 0 0 1 1 0 0 0 1 0 0 0 1 1 1 1 0 1 1 1 0 1 0
0 1 0 0 1 0 1 0 0 0 0 1 1 1 0 0 1 1 1 1 1 1 0
1 0 0 0 0 0 1 1 0 1 0 0 1 1 1 0 0 1 1 1 1 1 0
1 1 1 1 1 0 1 0 1 0 0 1 1 0 0 1 0 0 0 1 1 1 1
0 1 1 1 0 1 0 0 1 1 0 1 1 1 1 0 1 0 1 0 1 1 0
1 0 1 1 0 1 1 0 0 1 0 1 0 1 1 0 1 1 0 0 1 0 0
0 1 1 1 1 1 0 1 1 0 0 0 0 1 1 1 1 1 0 0 1 0 0
0 1 0 0 0 0 0 0 0 1 0 0 0 1 1 1 1 0 1 0 0 0 1
1 0 1 1 1 0 1 0 1 1 1 0 0 1 0 0 1 0 0 0 1 0 0
0 1 0 1 0 0 1 0 0 0 0 1 1 0 1 1 1 1 1 0 1 1 1
0 1 0 0 1 1 0 1 1 1 0 0 1 0 1 0 1 0 0 1 1 0 1
0 0 1 0 1 0 0 0 1 0 1 0 0 1 0 1 0 1 0 1 0 0 0
0 1 1 1 1 0 0 0 0 1 0 0 0 0 0 1 1 0 0 0 1 1 1
0 1 1 1 0 1 0 0 1 1 1 0 0 1 0 1 1 0 0 1 1 0 1
0 0 1 0 1 1 1 1 1 0 1 1 0 0 1 1 0 1 1 1 1 1 1
1 1 0 0 0 1 1 0 0 1 1 1 0 1 1 0 1 1 1 1 0 1 0
1 1 1 0 1 0 0 0 1 1 0 0 1 1 1 0 1 0 1 0 1 0 1
0 1 0 0 1 1 0 0 0 0 1 0 0 0 1 1 0 0 0 1 0 0 0
1 1 1 0 0 0 1 0 1 0 0 1 0 1 1 0 0 0 0 1 0 0 0
1 1 1 0 1 1 0 1 1 1 1 1 0 1 0 0 0 0 1 1 0 0 1
1 0 1 1 0 0 0 0 0 0 1 0 1 0 0 0 0 0 1 0 0 0 0
1 0 1 1 1 1 0 0 0 0 1 1 0 1 1 1 1 0 0 1 1 1 0
1 0 0 1 0 1 1 1 1 1 1 0 1 1 1 1 0 0 0 1 0 1 1
1 0 0 0 1 0 0 0 0 1 0 0 1 0 0 1 1 0 0 1 1 1 0
1 1 1 1 0 0 0 0 0 1 1 1 1 1 1 1 0 1 1 1 1 1 1
0 1 0 0 1 1 0 0 0 0 1 0 1 0 1 0 1 1 1 1 0 1 1
0 0 0 1 1 0 1 1 0 1 0 0 0 0 1 1 1 1 0 0 0 1 0
0 0 1 0 1 0 1 0 0 0 1 0 0 0 0 0 1 0 1 0 1 1 1
1 0 0 1 0 1 0 1 0 1 1 0 0 1 0 0 1 1 0 1 0 0 0
0 1 1 1 0 1 0 0 0 1 0 0 0 1 1 1 0 1 0 1 0 1 0
1 0 0 0 0 0 1 0 1 1 1 0 1 0 1 0 1 0 0 1 1 0 1
0 0 1 0 0 0 1 1 1 1 0 1 0 1 1 0 1 0 1 1 0 0 1
0 1 1 0 0 0 0 0 1 1 1 0 1 0 0 0 1 0 1 1 1 0 0
1 1 1 1 0 0 1 0 1 0 1 1 1 0 0 1 1 1 1 1 0 1 0
1 1 1 0 0 0 0 1 1 1 1 1 0 1 0 0 1 1 0 0 1 0 0
0 0 0 1 1 1 1 0 0 1 1 1 0 0 1 1 0 1 1 1 0 1 0
0 1 0 1 0 0 0 1 1 0 0 1 1 1 1 1 0 1 0 1 1 0 0
0 1 1 0 0 0 1 1 0 1 0 0 0 0 1 0 1 1 0 1 1 0 1
0 0 0 0 0 1 0 0 1 0 1 0 0 1 1 1 0 0 0 1 1 1 1
1 1 0 0 1 1 0 1 1 0 0 0 0 1 1 0 0 0 1 0 1 1 0
1 1 0 0 0 1 1 0 0 0 0 0 1 1 1 1 1 1 0 1 1 0 0
1 0 0 0 1 0 0 1 0 0 0 0 0 0 1 0 0 0 0 1 0 1 1
0 0 0 1 0 0 0 0 1 0 1 1 0 1 0 0 0 0 1 1 1 0 1
1 1 0 0 1 1 0 0 0 0 0 0 0 1 0 0 1 0 0 1 0 0 1
1 1 0 1 1 1 0 0 1 1 1 1 1 1 0 0 0 0 0 0 0 0 0
0 1 0 1 0 1 1 1 0 0 0 0 0 1 0 0 0 0 0 0 0 1 0
0 1 0 1 1 0 1 1 1 1 1 1 0 1 1 0 1 1 0 1 0 0 1
1 1 0 1 1 0 0 1 0 1 0 1 0 1 1 0 1 0 0 1 1 1 1
1 0 0 1 1 1 0 1 0 0 0 0 1 0 0 1 0 1 0 0 1 1 1
1 0 1 1 1 0 0 0 1 1 0 1 1 0 1 0 0 1 0 1 1 0 0
1 1 0 0 0 0 0 0 1 1 1 0 0 1 0 0 0 0 1 1 0 1 0
1 0 0 1 0 1 1 0 1 0 0 1 0 0 1 0 1 1 1 1 1 0 0
0 0 0 0 0 1 0 1 0 0 0 1 1 1 1 0 1 1 0 1 0 1 0
1 0 1 0 1 1 0 1 1 0 1 0 1 0 0 1 0 0 0 0 0 0 1
1 0 1 0 1 0 0 1 1 0 0 0 0 0 1 0 1 1 1 0 0 0 0
0 0 0 0 1 0 1 1 1 1 0 0 1 1 0 1 0 0 0 1 0 0 0
0 1 1 0 1 0 1 0 0 1 1 1 1 1 1 1 1 0 0 1 0 1 0
0 1 0 1 0 0 0 1 0 0 1 0 1 1 0 1 0 0 1 1 0 0 1
0 0 0 0 0 0 1 0 1 0 1 1 1 1 1 0 1 1 1 0 0 0 0
1 0 0 0 0 1 1 1 0 0 1 0 1 0 1 0 1 0 0 0 0 1 0
1 1 1 1 1 0 0 0 0 0 0 1 1 1 0 1 1 1 0 0 0 1 0
1 1 1 1 0 1 0 1 0 1 1 1 1 0 0 0 1 0 0 1 0 0 0
1 1 1 0 1 0 1 1 1 1 0 1 0 0 0 0 1 0 1 1 1 1 1
1 1 1 1 1 1 0 1 0 0 0 1 0 1 1 0 0 1 0 1 0 1 0
0 0 1 0 1 1 1 0 0 1 0 0 1 1 1 0 1 0 1 1 1 1 1
0 0 1 1 0 0 1 0 1 0 0 0 0 1 0 1 0 0 0 0 1 1 0
0 0 1 0 1 0 0 0 1 0 0 1 1 1 0 1 1 0 1 1 1 0 1
1 1 0 1 0 0 1 1 0 1 1 1 1 1 0 0 0 1 1 0 0 1 0
1 0 1 0 0 1 1 0 0 1 0 0 1 0 0 0 0 1 0 1 1 1 1
1 1 1 0 0 0 0 0 1 0 0 0 0 1 1 0 0 1 1 1 1 1 1
0 0 1 1 0 0 0 1 1 1 1 0 0 1 1 0 0 1 0 0 1 0 1
0 0 1 0 0 1 0 1 1 1 0 0 0 0 1 1 0 1 1 1 1 0 0
1 1 0 0 1 0 0 1 1 1 1 1 1 0 1 1 1 1 0 0 1 1 0
0 0 0 0 0 1 0 0 0 1 1 0 1 1 0 1 0 0 1 0 1 0 0
0 0 0 0 0 0 1 1 0 1 1 1 0 1 0 1 1 1 0 0 0 1 1
0 0 0 1 0 0 1 1 1 1 0 1 1 0 0 0 1 1 0 0 1 1 0
0 0 0 0 0 1 1 0 1 1 0 1 1 0 1 1 0 1 0 0 1 0 1
0 0 0 0 0 0 1 0 0 0 0 0 1 0 0 0 0 1 1 1 0 0 1
0 0 1 0 1 0 0 1 0 0 1 0 0 1 1 1 0 0 0 0 1 0 1
1 1 1 1 0 1 0 1 0 0 0 1 0 0 0 0 1 0 1 1 1 0 1
1 0 1 0 0 1 1 1 0 0 1 0 0 1 0 0 0 1 1 1 1 0 1
1 0 0 0 0 0 0 1 1 1 1 1 1 1 0 0 0 0 0 0 1 1 1
1 1 0 1 1 0 0 1 0 1 0 0 0 1 1 1 0 1 0 0 0 0 1
1 0 1 0 0 0 1 1 0 0 1 1 1 1 0 1 0 0 0 1 0 0 0
1 1 1 1 0 1 1 1 1 0 1 1 1 1 0 1 0 0 0 0 1 0 1
0 0 1 1 0 0 1 0 0 1 0 0 1 1 0 1 1 1 1 1 1 0 0
0 1 0 1 0 1 1 0 0 1 0 1 1 1 1 0 0 0 1 1 0 0 1
1 1 0 1 1 1 1 1 1 0 1 1 0 1 0 1 1 0 1 1 0 1 0
1 0 1 0 0 0 0 0 0 1 0 1 0 0 0 0 1 0 0 0 0 1 0
0 1 0 0 1 1 1 1 1 1 1 0 0 0 0 1 1 1 1 0 0 0 0
0 1 0 1 0 1 0 0 0 0 1 1 0 1 0 0 0 1 0 0 1 1 1
0 1 0 0 1 0 1 0 1 0 0 1 0 0 1 0 0 0 1 0 0 0 0
0 0 1 1 0 1 1 1 1 0 0 0 1 0 1 0 0 0 1 0 1 0 1
1 0 1 0 0 0 1 0 1 1 1 0 0 0 1 1 1 1 1 1 0 1 1
0 0 1 0 1 1 0 0 0 0 0 1 1 0 0 0 0 0 1 0 0 1 0
1 0 0 0 0 1 0 0 0 0 1 1 1 1 0 1 1 0 1 1 1 1 1
1 1 1 0 0 0 0 1 0 0 1 1 0 1 1 1 1 0 1 0 0 0 1
0 1 0 0 1 1 0 0 1 0 1 1 1 1 1 1 0 1 0 1 0 0 1
0 1 1 1 1 1 1 0 1 1 0 1 1 0 1 1 1 1 1 1 0 0 1
0 0 1 0 0 0 1 0 0 0 1 1 1 1 1 0 0 0 0 0 1 1 1
1 1 0 1 1 1 0 0 1 1 1 1 0 0 0 0 0 0 1 1 1 1 1
0 1 0 1 1 1 0 1 0 1 1 1 1 1 0 1 1 0 0 0 1 1 0
1 1 0 0 0 0 0 0 0 0 0 1 1 0 1 0 0 0 0 0 1 0 1
1 0 0 0 0 1 0 0 0 0 1 1 0 0 0 1 0 1 0 0 0 0 0
1 0 0 1 1 1 1 0 1 0 1 1 0 1 1 0 1 0 0 0 0 1 1
0 0 0 0 0 1 0 1 0 0 0 1 0 1 1 0 0 1 1 0 0 0 1
1 0 1 0 1 1 1 1 0 0 0 1 1 0 1 1 1 1 0 1 0 0 1
0 1 0 0 1 1 1 1 0 0 1 1 1 0 0 1 0 0 0 1 0 1 1
0 1 1 0 0 1 0 0 0 1 1 1 1 0 0 1 0 1 0 1 0 0 1
1 0 0 0 1 0 0 0 0 0 1 1 0 1 0 0 1 1 1 1 0 0 1
0 0 1 1 0 1 0 1 1 0 1 1 1 1 0 1 1 1 1 0 0 0 0
1 1 0 0 0 0 1 0 1 0 1 0 1 1 0 1 1 0 1 0 0 1 1
0 1 0 1 0 0 0 0 1 1 0 0 0 0 1 0 1 1 1 1 0 1 0
0 0 0 1 1 0 1 0 0 0 1 1 1 0 0 1 0 0 0 0 0 0 1
1 0 1 1 0 1 1 0 0 1 1 0 1 1 0 1 1 1 0 0 0 0 1
1 1 0 1 0 1 0 1 0 0 0 1 0 0 1 1 1 1 1 1 0 1 1
1 0 1 1 0 0 1 1 1 1 0 0 0 1 1 1 0 0 1 0 0 0 0
1 1 1 1 0 0 0 1 1 0 0 0 1 0 1 1 1 0 0 0 1 1 0
1 1 0 1 0 0 1 1 0 1 1 0 1 1 0 0 1 0 1 0 1 0 1
1 0 0 0 0 0 1 0 0 1 0 1 0 1 0 1 0 0 1 1 1 0 1
0 1 0 0 1 0 0 1 0 0 1 1 0 0 0 1 0 1 1 1 1 0 0
1 0 0 1 0 0 1 0 0 0 1 0 0 1 0 0 1 1 1 0 1 1 0
0 0 1 1 0 0 0 0 0 0 0 1 0 0 1 1 1 1 0 1 0 0 1
1 1 1 0 1 1 1 0 1 0 0 0 1 0 1 0 0 1 1 0 0 1 1
1 0 0 1 1 1 1 0 0 0 1 0 0 1 1 1 0 1 1 0 0 0 0
1 1 1 1 0 1 1 0 0 0 1 1 0 0 1 1 0 0 1 0 1 1 0
1 0 0 1 0 1 1 0 1 0 0 1 1 1 0 0 0 1 0 1 0 1 1
0 1 1 1 0 1 1 0 0 0 1 0 0 1 0 0 1 1 1 1 0 0 0
1 0 1 0 1 1 1 0 1 1 1 1 1 1 0 1 0 1 1 0 1 1 0
1 0 0 1 0 1 0 0 1 1 0 1 0 1 0 1 0 0 1 0 0 1 1
1 1 0 1 1 0 1 1 1 0 1 0 0 0 1 0 0 1 1 0 1 0 1
0 1 1 1 1 1 0 1 0 1 1 1 0 1 1 0 1 1 1 0 1 1 0
0 1 0 1 0 1 1 1 0 0 1 1 0 0 0 1 1 1 0 1 1 0 1
0 1 1 1 1 0 0 1 1 0 0 1 1 0 0 0 0 1 1 1 0 1 1
0 1 1 0 1 1 0 0 0 0 0 1 0 1 0 1 0 1 1 0 0 1 1
0 0 0 0 1 1 0 0 0 1 0 1 0 1 0 0 0 0 0 1 1 1 0
0 0 1 1 1 1 0 1 0 1 1 0 1 0 1 1 1 0 1 1 0 0 0
0 1 1 1 0 1 1 1 0 1 1 0 1 0 1 1 0 1 1 0 1 1 1
0 1 1 1 1 0 1 0 1 1 1 1 0 1 1 1 0 1 1 0 1 0 0
1 0 0 1 0 0 0 0 1 1 1 1 1 1 1 1 1 0 0 1 0 0 0
1 1 0 1 1 0 0 0 0 0 1 0 0 0 1 1 1 0 1 1 1 0 0
0 0 0 0 0 0 0 1 0 1 1 1 0 0 1 0 1 0 1 1 1 0 0
1 1 0 1 1 0 1 0 0 1 1 0 1 1 0 0 0 0 1 1 1 0 0
0 1 0 0 1 0 0 0 1 1 0 0 1 1 0 0 0 1 0 0 0 1 1
1 1 0 1 1 1 1 0 1 1 0 0 1 1 1 1 1 0 1 0 1 1 0
1 1 1 0 1 1 0 0 1 1 0 1 0 0 1 1 0 0 0 0 0 1 1
0 0 1 1 1 1 1 1 0 1 0 1 0 1 0 1 1 0 0 1 0 0 1
1 0 1 0 0 1 0 1 0 1 1 1 1 0 1 0 0 1 1 1 0 0 0
1 0 1 1 1 1 1 0 0 0 0 0 0 0 0 1 0 0 1 1 0 0 1
1 0 1 0 0 1 0 0 1 0 1 0 1 1 0 0 1 1 0 0 1 1 0
0 0 1 0 1 1 1 0 1 1 1 0 0 0 1 1 1 0 0 0 0 1 1
0 1 0 0 0 0 0 1 1 0 0 1 0 0 0 1 1 0 0 1 0 1 1
1 1 1 1 0 0 1 1 0 0 1 0 0 0 1 1 0 1 0 1 0 1 1
0 1 0 1 0 1 1 1 1 1 0 0 0 1 0 0 0 1 1 1 1 1 1
1 1 1 1 1 1 0 1 0 1 0 0 1 0 0 1 0 1 1 0 1 0 0
0 1 0 1 0 1 1 1 1 1 0 1 0 0 1 1 0 0 0 0 0 0 1
0 0 1 0 1 1 0 0 0 1 1 1 1 0 0 0 1 1 0 0 1 0 1
0 0 1 1 0 0 0 1 0 0 1 0 1 0 1 0 1 1 1 1 1 1 0
0 0 1 0 0 0 0 1 0 1 1 0 1 1 0 0 1 0 0 1 0 1 1
1 0 0 1 1 1 0 1 1 0 1 1 1 0 1 1 1 0 1 0 0 0 1
1 1 1 1 0 0 1 1 0 0 0 0 0 1 0 1 1 1 1 1 1 1 1
1 0 1 0 0 0 1 0 0 1 1 0 0 0 1 1 0 0 0 0 1 0 0
1 0 0 1 1 1 1 1 0 1 1 1 1 0 0 0 1 1 1 1 1 0 1
1 0 1 0 0 1 1 1 0 0 0 0 0 0 0 1 1 0 1 1 1 1 0
1 1 1 0 1 1 1 1 0 0 1 1 1 1 1 0 1 0 1 0 1 0 0
1 0 0 0 1 1 1 1 0 1 0 1 0 0 0 0 0 0 0 0 1 0 0
1 1 1 1 1 1 0 0 0 1 1 0 1 1 1 0 0 0 0 0 0 1 1
0 1 1 0 0 0 1 0 0 1 0 1 0 1 0 1 0 0 1 0 0 1 0
1 1 1 0 1 0 1 1 0 1 0 0 0 1 0 1 0 1 1 1 0 1 1
1 0 1 1 1 1 0 1 0 1 0 1 1 1 1 1 0 0 0 1 1 0 1
1 0 0 1 0 1 0 0 0 1 0 0 0 0 1 0 0 1 1 0 1 1 1
0 1 0 0 0 1 1 1 0 1 1 1 1 0 1 0 0 0 1 1 1 1 1
0 1 1 1 0 0 1 1 1 0 1 0 0 0 0 1 1 0 0 0 0 0 1
1 0 0 0 1 1 0 0 1 1 0 1 1 0 0 0 1 1 1 0 0 1 1
1 0 0 0 1 0 1 1 0 0 1 1 1 1 1 0 0 1 0 1 0 1 1
1 0 0 0 1 0 0 1 1 0 0 1 0 1 0 1 1 0 1 0 1 0 0
0 0 0 0 0 0 0 1 1 0 1 0 0 1 1 1 1 1 1 0 0 1 0
1 1 0 0 0 1 0 1 1 1 1 1 0 1 1 1 0 0 1 1 1 0 0
0 0 1 1 1 1 0 0 0 0 0 0 1 1 1 0 0 1 1 1 1 0 1
0 0 0 1 0 1 1 1 0 0 0 0 1 0 1 1 1 0 0 1 1 0 1
1 0 1 1 0 1 0 0 1 0 0 0 0 0 0 0 0 0 0 1 0 1 0
0 0 0 0 1 1 0 0 0 1 1 0 0 1 1 0 0 0 1 0 0 1 0
1 1 1 1 0 0 0 0 1 1 0 1 0 0 0 0 0 1 1 0 0 0 1
1 1 1 1 1 1 1 0 0 0 1 1 1 0 1 0 0 0 0 1 1 0 1
1 1 0 0 1 0 1 1 1 1 1 1 1 0 1 1 0 0 1 1 0 0 1
0 1 1 1 1 1 1 0 1 1 0 0 0 0 0 0 0 0 0 0 1 0 0
0 1 1 0 0 1 1 1 1 0 1 0 1 1 1 1 0 0 1 1 0 1 0
0 0 0 1 0 0 0 1 1 1 0 1 1 0 0 0 0 0 0 0 0 0 0
1 1 1 0 0 1 1 0 1 0 0 0 1 1 0 0 0 0 1 0 0 0 1
1 1 0 1 1 1 0 1 1 0 1 0 1 1 0 0 0 1 0 1 1 1 0
0 1 0 0 1 1 1 1 1 0 0 1 1 1 0 1 1 0 0 0 1 1 1
1 0 0 0 1 0 1 0 1 0 0 1 0 1 1 1 1 1 0 0 1 1 1
1 0 1 1 0 0 0 0 1 0 0 0 1 1 0 1 1 1 0 0 1 0 1
0 0 0 1 1 1 0 0 1 0 1 0 1 0 1 1 1 1 0 0 0 1 0
0 0 1 0 1 0 1 1 1 1 1 0 1 1 1 0 0 1 1 0 0 1 0
1 1 1 0 0 1 0 1 1 0 1 1 1 0 1 0 1 1 0 1 1 1 1
0 1 1 0 0 1 1 0 0 1 0 0 1 0 0 0 1 1 1 0 0 0 0
0 1 0 1 0 0 1 0 0 0 1 0 1 1 1 0 0 1 0 1 1 0 0
1 0 0 0 0 0 1 1 1 0 1 1 0 0 0 0 0 1 1 0 0 1 1
0 1 0 1 0 1 0 0 1 0 0 0 1 0 0 1 0 0 1 1 0 0 0
0 1 1 0 0 0 0 0 1 0 1 1 0 0 1 0 1 0 0 0 1 1 0
1 1 1 0 1 0 1 1 1 0 0 0 0 1 0 1 1 1 0 0 0 1 0
0 0 1 0 1 1 0 1 1 1 0 1 0 1 1 1 1 0 0 1 0 1 0
1 1 1 0 1 0 0 1 0 0 1 0 0 0 0 0 0 1 0 0 1 1 0
0 1 0 1 1 0 0 0 1 0 1 0 1 0 1 1 0 0 1 0 1 1 1
0 1 1 0 0 1 1 1 1 1 0 1 1 1 0 1 0 1 0 1 1 1 0
0 0 1 1 0 1 0 0 1 1 1 1 1 0 0 1 0 0 0 1 1 1 0
0 0 1 0 0 1 0 1 1 0 0 0 0 0 0 0 0 1 0 0 0 1 1
0 0 0 1 0 1 0 1 0 1 1 0 0 0 1 1 1 1 0 0 1 0 0
1 0 1 1 1 0 0 1 1 0 1 0 0 1 1 0 1 0 1 1 0 1 1
0 1 1 0 1 1 1 0 0 0 0 0 0 1 1 1 0 0 1 1 1 0 1
1 0 1 0 0 0 0 1 1 1 0 0 1 0 0 1 0 0 1 1 1 1 1
1 1 0 0 1 1 0 1 0 1 1 0 0 0 0 1 0 1 0 1 1 1 1
0 0 1 1 1 1 0 1 1 1 0 0 1 0 1 0 1 1 0 0 1 1 1
0 0 0 0 0 1 1 0 1 1 1 1 0 1 0 0 1 0 1 1 0 0 0
1 1 1 0 1 0 1 0 0 1 1 0 0 1 1 0 1 1 0 0 0 0 1
0 1 0 0 1 1 1 1 0 1 0 0 1 1 1 0 0 1 0 0 1 0 0
0 1 1 1 0 0 0 0 0 1 0 1 0 0 0 0 0 1 1 0 1 0 0
1 1 1 1 1 0 1 1 0 1 1 0 1 0 0 0 0 0 0 0 0 1 1
1 1 0 0 0 0 0 0 1 1 0 0 1 0 1 1 0 1 0 0 0 0 0
0 1 1 1 1 1 1 0 1 0 1 0 1 1 0 0 1 1 1 0 1 1 1
0 0 0 1 0 0 0 0 1 0 1 1 0 0 0 1 1 1 0 0 1 1 0
1 0 0 1 1 0 0 1 0 1 0 1 1 1 0 0 0 0 1 1 0 0 1
0 0 1 1 0 1 0 1 0 0 1 1 0 0 0 1 0 0 1 1 0 1 1
1 1 1 0 1 1 1 0 1 1 0 1 1 1 0 0 1 1 0 1 1 0 0
0 1 0 1 1 0 1 0 1 0 0 1 0 0 0 0 1 1 1 0 0 0 1
0 0 0 1 0 0 1 0 0 1 0 0 1 1 1 0 0 1 0 0 0 1 1
1 0 1 1 1 0 0 0 0 1 1 0 0 0 0 1 1 0 1 1 0 1 0
0 0 0 1 1 1 0 1 1 0 0 1 1 0 1 0 0 0 1 1 1 1 0
1 0 0 1 1 0 0 0 0 1 1 1 1 0 1 1 1 1 0 0 1 0 1
0 0 1 0 1 1 1 1 1 0 1 1 0 0 0 0 1 0 0 1 0 0 0
0 1 1 1 0 0 1 1 0 0 1 1 0 1 1 1 1 1 1 1 0 0 0
0 0 0 0 1 0 0 0 1 0 0 1 0 0 1 0 0 1 0 1 1 1 1
1 0 0 1 0 0 1 1 1 0 1 1 0 0 1 0 0 0 0 1 1 0 0
1 1 0 0 0 1 1 0 1 0 0 0 0 0 0 0 1 0 0 0 1 0 1
0 0 0 0 0 0 1 0 1 1 1 1 0 1 0 0 1 1 0 1 1 1 1
1 0 1 1 0 1 1 1 1 1 0 1 1 1 1 1 0 1 1 0 0 1 1
1 0 1 1 0 0 1 1 1 0 0 1 1 1 1 0 1 0 1 1 1 1 0
0 1 0 0 0 0 0 0 0 0 0 0 0 0 0 1 0 1 1 0 1 0 1
1 0 1 0 1 0 0 1 0 0 1 1 1 0 1 0 1 0 1 0 1 1 1
0 0 1 1 1 0 1 1 0 1 1 1 0 0 0 0 0 1 0 1 1 1 0
0 0 1 1 1 1 0 0 1 1 1 1 0 1 0 0 1 1 0 1 0 1 1
1 0 1 0 1 1 1 1 0 1 0 0 0 1 0 1 1 1 1 0 1 1 0
0 0 0 1 1 0 1 0 1 1 0 1 0 0 1 1 1 0 1 1 1 0 0
1 1 0 1 0 0 0 0 0 1 1 0 1 0 0 0 1 1 0 1 0 1 1
1 1 1 0 0 0 0 1 1 0 1 0 1 0 1 0 0 1 1 1 0 0 0
0 0 0 0 0 1 1 1 0 1 1 0 0 0 1 0 0 0 1 0 0 0 1
1 1 0 1 1 1 1 0 0 0 0 1 1 0 0 0 1 0 0 0 0 1 0
1 1 1 1 0 1 1 1 1 1 1 0 0 0 0 0 1 0 1 0 0 1 0
0 0 0 0 1 1 1 1 1 0 1 0 1 0 0 0 0 1 0 0 1 0 0
0 0 0 1 1 0 1 0 1 0 0 0 0 0 0 0 1 1 0 1 0 1 0
1 1 1 0 0 1 1 1 1 1 1 1 1 0 1 1 1 0 1 0 1 0 0
1 0 0 1 0 1 1 1 1 1 0 1 0 0 0 1 0 1 0 1 1 1 0
1 1 1 0 0 1 0 1 0 1 0 0 0 1 1 1 1 0 0 0 1 1 1
1 0 1 1 0 0 0 1 0 0 0 1 0 1 0 0 0 0 1 0 1 1 0
1 1 0 0 0 1 1 0 1 1 1 1 0 1 1 1 0 1 0 0 1 1 1
0 0 0 0 1 0 0 0 1 1 1 0 0 0 0 0 0 1 1 0 1 0 1
0 0 1 0 1 0 1 0 0 0 1 1 1 0 1 1 1 1 0 1 1 1 0
1 0 1 0 1 1 1 0 1 1 0 0 1 0 1 0 1 0 0 1 0 1 0
1 1 0 1 0 0 0 1 1 1 0 1 1 1 1 0 1 1 1 0 1 0 1
0 0 1 1 1 1 1 1 0 0 1 0 1 1 0 0 1 0 0 1 1 1 0
0 1 1 0 0 0 0 1 0 0 0 0 1 1 0 0 0 0 0 1 1 0 0
1 1 0 0 1 1 0 1 0 1 0 1 0 0 1 0 0 1 0 1 0 0 0
1 0 1 0 1 0 1 1 1 0 0 0 1 0 1 1 1 1 1 0 1 1 0
0 0 0 1 0 0 0 0 0 0 0 0 0 0 0 0 1 0 1 1 1 1 1
0 1 1 1 0 0 0 0 1 1 1 0 0 0 0 1 0 1 0 0 0 0 0
0 1 0 1 1 0 1 0 0 1 1 0 0 0 1 1 0 0 0 1 1 1 1
1 1 1 0 1 1 0 0 1 0 1 0 1 0 0 1 1 0 0 1 0 0 0
0 0 1 1 1 1 1 1 1 0 0 1 1 1 1 1 0 0 0 0 0 0 0
0 0 0 1 0 0 1 0 0 1 1 1 1 0 0 1 1 0 1 0 0 1 0
1 0 1 1 1 0 0 1 1 1 1 1 1 1 1 0 0 0 0 0 0 1 0
0 1 0 1 1 1 0 0 0 1 0 0 1 0 0 1 1 1 0 1 1 0 1
1 1 0 0 1 0 1 0 0 0 1 1 0 1 0 1 0 0 0 0 0 1 0
0 1 0 0 1 1 0 0 0 1 1 1 0 0 0 0 0 0 0 0 1 0 1
0 1 1 1 0 0 1 0 1 1 1 1 0 1 0 0 0 0 1 1 0 1 1
0 1 0 1 1 1 1 0 0 0 0 1 0 1 1 0 1 0 1 1 1 1 1
0 1 1 0 1 1 0 1 1 0 1 1 1 0 0 0 0 1 1 0 1 1 1
0 0 0 1 1 1 1 0 1 1 0 0 1 0 0 0 0 0 1 0 0 1 1
0 0 0 1 0 0 1 1 1 0 0 0 0 0 1 0 1 0 0 1 0 1 1
0 1 1 1 1 0 0 1 0 1 0 0 1 1 1 1 0 0 1 1 1 1 1
1 0 1 0 0 0 0 0 0 0 0 1 0 1 0 1 0 1 0 1 1 0 0
1 0 0 0 1 1 0 0 0 1 0 1 0 0 1 1 0 0 1 0 1 0 1
0 0 1 0 0 1 1 1 0 0 1 1 0 1 1 1 0 1 0 0 0 1 0
0 1 1 1 1 0 1 0 1 0 1 0 1 1 1 1 1 1 0 0 1 1 0
1 1 1 0 0 0 0 0 1 1 0 0 0 1 0 0 0 1 1 0 1 0 0
1 0 1 0 0 0 0 1 1 0 1 1 0 0 1 1 1 0 0 1 0 1 1
0 0 1 1 1 0 0 0 1 1 0 0 0 1 0 1 0 0 0 1 1 1 1
0 1 0 0 1 1 0 1 0 0 1 1 0 1 0 1 1 1 0 1 0 0 0
C Elapsed Time 11939.050000 
