695 65 2^65 6
1 1 0 0 0 0 1 1 1 0 0 0 0 0 1 1 1 0 1 1 1 0 0 1 0 1 0 0 0 0 1 1 0 1 1 1 0 0 0 1 1 0 1 0 1 1 0 1 0 1 0 0 1 1 0 0 1 1 0 1 0 1 0 1 0
1 1 0 0 0 1 1 0 0 1 0 1 1 0 0 0 1 1 1 1 0 0 1 0 0 0 0 0 0 0 1 1 0 1 1 0 0 0 0 1 1 1 1 1 1 0 1 1 0 1 0 0 0 0 1 0 0 0 1 1 0 1 0 0 0
0 0 1 0 1 1 0 1 0 1 1 0 1 0 0 0 0 0 1 0 1 1 0 0 1 1 0 1 1 1 0 0 0 0 0 0 0 1 1 1 1 0 0 1 0 1 1 0 1 0 0 1 1 1 1 0 1 1 1 1 0 0 1 1 1
0 0 0 0 0 1 1 1 0 0 0 1 1 1 1 1 0 0 1 1 1 1 0 1 1 0 1 0 1 1 1 1 0 0 0 1 1 1 1 0 0 1 0 1 0 1 1 0 1 1 0 0 0 0 0 0 1 1 1 0 0 1 0 1 0
0 0 1 0 0 1 1 1 1 1 1 0 1 0 0 0 0 0 0 1 0 1 1 0 1 1 1 1 0 1 0 1 0 1 1 1 0 1 1 0 0 0 1 0 1 1 1 0 0 0 0 0 1 1 1 0 1 0 0 0 1 1 0 1 1
0 1 1 0 0 0 1 1 0 0 1 1 0 1 0 1 0 0 0 0 0 1 1 0 0 1 0 0 0 0 0 0 1 1 0 0 1 0 0 1 0 0 1 0 0 1 0 0 0 1 0 0 1 1 1 1 1 0 0 0 0 0 1 0 0
1 1 0 0 0 1 0 1 0 1 1 0 1 0 1 1 1 1 0 0 1 1 1 1 1 1 0 1 0 0 0 0 1 1 0 0 1 0 0 1 1 1 0 1 1 0 1 0 1 1 0 0 1 0 0 1 1 1 1 1 1 1 0 0 0
0 0 1 0 0 0 1 1 1 0 0 0 0 0 1 1 0 0 0 0 0 0 0 0 1 1 1 1 0 0 1 1 0 0 0 0 0 0 1 1 0 0 1 1 1 0 0 0 1 1 0 1 0 0 1 1 0 0 1 1 1 0 0 1 0
0 0 0 0 1 1 1 0 1 0 1 1 0 1 1 0 1 0 1 1 1 1 1 0 1 1 1 1 0 1 1 0 0 1 0 1 1 0 1 1 1 1 0 0 0 1 1 0 0 1 0 1 1 1 1 1 0 0 1 1 1 0 0 0 0
1 0 1 1 1 1 0 1 0 0 1 0 0 1 0 1 0 1 1 1 1 0 1 0 1 0 0 1 0 0 0 1 0 1 1 1 1 0 0 0 0 1 1 0 0 1 1 1 1 1 0 0 1 1 1 0 0 1 1 1 1 0 1 0 0
1 0 0 1 0 0 1 1 0 1 0 1 0 0 0 1 1 0 0 0 1 1 0 0 0 0 0 0 1 1 1 0 0 0 0 1 1 1 0 0 1 1 0 1 1 0 0 0 1 0 0 1 0 1 1 0 1 0 1 1 1 1 0 1 0
1 0 1 1 1 0 1 1 0 1 1 1 1 1 0 1 1 0 0 1 0 1 0 0 1 1 0 0 1 0 0 0 1 1 0 0 0 0 1 1 1 1 0 0 1 1 0 1 1 0 0 0 0 0 1 0 1 1 1 0 1 0 0 1 1
0 1 0 1 0 1 1 0 1 0 0 1 0 0 0 1 0 1 0 1 0 1 1 1 1 0 1 1 1 1 0 1 0 1 0 1 0 0 0 1 0 1 0 0 0 0 0 1 0 1 0 0 1 0 1 0 1 0 1 0 0 1 0 1 0
0 1 1 1 0 0 0 1 0 0 0 1 1 0 0 0 1 1 1 1 0 0 0 1 0 0 1 0 0 1 0 1 0 1 0 1 0 0 0 0 0 0 0 1 1 1 0 1 1 0 0 1 0 0 1 0 1 0 1 1 0 0 0 1 1
0 1 0 1 1 0 1 0 0 1 1 1 0 1 1 0 0 1 1 0 1 1 1 0 1 1 1 1 0 0 1 1 0 1 0 1 0 0 0 1 0 0 0 1 1 0 1 0 1 0 0 0 0 0 0 0 1 1 0 1 0 1 1 0 1
1 0 1 1 0 0 0 0 0 0 1 1 0 0 0 1 1 1 1 1 1 0 1 0 1 1 0 0 1 1 0 1 1 1 0 0 0 1 0 0 1 1 1 1 1 0 1 1 0 0 0 1 1 0 0 1 1 1 1 1 0 0 0 1 0
1 1 0 1 0 1 0 1 0 0 1 1 1 1 0 0 1 1 1 0 1 1 1 0 1 1 0 0 1 0 0 1 1 0 0 1 1 1 0 1 0 0 1 1 0 1 0 0 1 0 0 0 0 0 1 1 0 1 0 0 1 1 0 1 1
1 1 1 1 0 1 1 1 0 1 0 0 1 0 1 0 0 0 1 1 1 1 0 1 1 0 0 1 0 1 1 0 0 0 1 0 1 1 0 1 0 1 1 1 0 0 0 0 0 1 0 1 0 1 0 1 1 0 1 1 0 1 1 1 1
1 0 0 1 1 0 1 0 1 1 1 0 1 0 1 0 0 1 1 0 0 1 1 0 1 1 0 0 1 0 1 0 0 0 0 1 0 1 1 1 0 1 1 0 0 1 1 0 0 1 0 0 0 1 1 1 0 1 1 1 0 1 1 1 0
0 0 1 1 1 1 0 1 0 0 0 1 0 0 0 0 1 1 1 1 0 1 1 0 1 1 1 1 1 0 0 0 1 1 1 0 0 1 1 0 0 1 1 0 0 0 1 1 0 1 0 1 1 1 1 1 0 0 0 0 0 0 1 1 1
0 0 0 1 0 1 1 0 1 0 0 0 0 0 1 0 1 1 1 1 1 1 1 1 1 0 1 1 0 0 1 0 0 1 1 1 0 0 0 0 0 0 1 0 1 1 0 0 0 1 0 0 0 0 1 1 0 1 0 0 1 1 1 0 0
1 1 0 1 1 0 1 1 0 1 0 0 0 0 0 0 1 0 0 1 0 1 1 0 1 1 1 0 0 1 1 0 1 1 0 0 1 0 0 1 0 1 1 1 0 0 1 0 0 0 0 1 1 0 1 1 1 1 1 0 1 0 0 1 1
1 1 1 0 0 0 1 0 0 0 1 1 0 0 1 0 1 1 0 0 1 1 1 0 1 0 0 1 1 0 0 1 0 0 1 1 0 1 1 0 0 0 0 1 0 0 1 1 1 1 1 0 1 1 0 0 1 0 1 1 1 1 0 1 1
0 0 1 0 0 0 0 1 1 0 0 0 1 0 0 1 1 0 0 1 0 0 1 0 1 0 0 1 1 0 1 0 0 0 0 1 1 0 1 0 1 0 0 0 1 1 0 1 1 0 1 1 1 1 0 0 0 0 0 0 0 0 1 1 0
1 0 1 0 0 1 0 0 1 1 1 1 1 1 1 1 0 0 0 0 1 0 0 0 0 0 0 0 1 1 0 1 0 1 0 1 1 0 1 1 0 0 0 0 1 0 1 0 1 1 1 0 0 0 1 0 1 1 1 1 1 1 1 1 1
0 0 1 0 0 0 0 0 1 1 1 0 0 1 1 0 0 1 1 0 1 1 0 0 1 1 0 1 0 0 1 1 1 0 0 0 1 1 1 0 0 0 1 0 1 1 1 0 0 1 1 1 1 1 0 0 1 1 1 0 1 1 0 0 0
1 1 0 0 1 0 0 0 0 0 0 1 0 0 0 1 1 0 0 1 0 1 1 1 0 1 1 0 0 0 1 0 1 0 0 0 0 0 0 1 0 0 0 0 0 0 1 1 1 1 1 0 0 0 1 0 0 1 0 1 1 0 1 1 0
0 0 0 0 1 0 0 1 0 1 1 1 1 1 1 0 0 1 0 0 0 0 0 0 0 1 1 0 1 1 1 0 0 1 0 1 1 0 0 0 1 1 0 0 1 0 1 1 0 0 1 0 1 0 0 0 0 0 0 0 1 1 0 0 0
1 0 0 0 1 1 0 0 1 0 0 0 1 0 1 1 1 0 1 1 0 1 1 0 1 0 0 1 0 1 1 0 1 0 1 1 1 1 0 0 1 1 1 0 0 0 0 1 0 1 1 0 0 1 1 1 0 0 0 1 1 1 0 1 0
1 0 0 0 0 0 1 0 0 0 0 1 0 1 0 0 0 0 0 0 1 0 1 1 0 0 0 0 0 0 1 0 1 1 0 1 0 0 1 1 0 1 1 1 0 1 1 1 1 0 1 1 0 0 0 1 0 0 1 0 1 1 0 1 1
1 0 0 0 1 1 0 0 1 1 0 1 1 1 1 0 1 0 0 1 1 1 0 0 0 0 0 0 1 0 0 1 0 1 0 0 0 1 0 0 1 0 0 0 0 0 0 0 1 0 1 1 1 1 0 1 1 0 1 0 1 1 1 1 0
1 0 1 0 0 1 0 1 0 0 0 1 0 1 0 0 0 1 0 1 0 1 0 0 1 1 1 0 0 0 1 0 1 1 1 1 0 0 1 0 1 0 1 0 1 0 0 1 1 1 1 0 1 0 0 1 1 0 0 1 1 0 0 0 0
0 1 0 0 0 1 1 1 0 0 1 1 0 0 1 1 0 1 1 0 1 0 0 1 0 1 1 0 1 1 0 1 1 0 0 1 1 0 1 1 0 0 1 0 0 1 1 1 1 0 1 1 0 0 1 1 0 0 1 1 1 0 1 0 1
1 1 1 0 1 1 1 0 1 1 0 1 0 0 1 1 0 1 0 0 1 1 1 0 0 0 1 1 0 0 0 0 1 0 1 1 1 0 0 0 0 1 1 1 0 0 0 0 0 0 1 1 1 0 0 1 0 0 0 0 1 1 0 0 0
1 0 0 1 0 1 1 1 0 0 0 0 1 1 0 0 1 0 1 0 1 0 0 1 0 0 0 1 1 0 0 0 1 1 1 1 0 1 0 1 1 0 0 0 1 1 1 0 1 1 1 0 1 0 1 0 1 0 0 0 0 0 1 0 0
1 1 0 1 0 1 0 0 1 1 1 0 1 0 0 0 1 0 1 1 0 1 1 0 1 1 0 1 1 0 0 0 1 1 0 1 0 0 0 0 0 0 1 0 0 1 1 1 1 0 1 1 0 0 0 0 1 1 0 1 0 1 0 0 0
1 0 0 1 1 0 0 0 1 0 0 1 0 0 0 1 1 1 1 0 1 0 0 1 1 1 1 0 0 0 0 0 1 0 0 0 1 0 1 0 0 0 0 0 1 1 0 0 1 0 1 0 1 0 0 0 1 1 1 0 1 1 1 0 0
0 0 0 1 0 1 1 1 0 1 1 0 0 0 0 1 0 1 1 1 0 1 1 0 0 0 1 0 0 1 0 0 0 1 0 1 0 0 0 1 1 1 1 1 0 0 0 1 0 0 1 1 1 1 0 0 0 0 0 1 1 0 0 1 1
0 0 0 1 1 0 0 1 0 1 0 1 0 0 1 1 1 1 0 1 1 1 0 1 0 1 1 1 1 0 0 0 0 0 1 1 1 1 1 1 1 1 0 0 1 1 1 0 1 1 1 0 0 1 1 0 1 1 0 1 1 0 0 1 1
0 0 1 1 1 0 1 1 1 0 1 0 0 0 0 1 1 1 0 1 0 1 1 0 1 0 0 0 1 1 1 1 0 0 1 0 0 1 1 0 1 0 0 0 0 1 0 0 0 1 1 0 1 1 1 1 1 1 1 1 0 0 1 0 0
0 1 0 1 1 0 1 0 1 1 0 1 0 0 0 1 0 1 1 1 1 1 0 1 0 0 0 0 0 1 1 1 1 1 1 1 0 0 0 0 0 1 0 0 0 0 1 0 1 1 1 1 0 0 1 1 1 1 0 1 1 1 0 0 0
0 1 1 1 0 1 0 1 1 1 0 0 0 1 1 1 0 0 0 1 0 1 1 1 0 1 0 0 1 1 0 0 1 1 1 1 1 0 1 1 0 1 1 1 1 1 1 0 0 0 1 1 0 1 1 1 0 1 0 0 1 0 1 1 0
0 1 0 1 0 1 0 1 0 0 1 0 0 0 1 1 0 0 0 0 1 0 0 1 1 0 1 1 1 0 1 1 0 1 1 1 0 0 1 0 0 0 1 0 1 0 1 1 1 0 1 1 1 0 0 1 1 0 0 1 0 1 1 1 1
0 1 0 1 1 1 1 0 0 0 0 1 0 1 0 0 0 1 1 1 0 0 1 0 0 0 1 1 1 1 1 1 0 1 1 0 1 1 0 0 0 0 0 0 0 1 1 1 1 0 1 1 1 1 0 1 0 1 0 0 0 1 0 1 0
0 1 0 1 0 0 0 0 0 1 0 1 0 1 0 0 1 0 1 0 0 1 1 0 1 0 1 0 1 1 1 1 0 0 1 1 1 1 1 1 1 0 1 0 1 0 0 1 1 1 1 0 1 0 1 1 1 1 0 1 0 1 1 1 1
0 1 1 0 0 1 1 1 1 0 1 0 1 1 0 0 0 0 1 1 0 0 0 0 0 0 0 1 1 1 1 0 1 1 1 1 1 0 0 1 1 0 1 1 1 1 1 0 1 0 0 0 0 0 0 0 0 0 0 1 1 1 1 1 1
0 0 1 1 0 0 1 1 0 1 0 0 0 0 0 0 0 0 1 1 1 1 0 1 0 0 1 0 1 0 1 1 0 1 0 0 0 1 1 0 0 0 1 1 1 1 1 1 1 1 1 1 0 0 0 0 1 1 0 0 0 0 1 1 1
0 1 1 0 0 0 0 1 1 1 0 1 1 0 1 0 0 1 1 0 1 0 1 0 1 1 0 0 1 0 0 0 1 0 1 0 1 1 1 0 0 0 0 0 1 1 0 1 1 1 0 0 0 0 0 1 1 0 0 1 0 0 0 1 0
0 1 0 1 1 0 1 1 1 1 1 1 0 1 1 0 0 0 0 1 0 1 0 0 0 0 0 1 1 1 0 0 1 0 0 1 1 0 0 1 1 0 0 1 0 1 1 1 0 1 1 0 0 1 0 1 1 0 1 1 0 0 0 1 1
0 1 0 1 1 1 0 1 1 1 1 1 1 0 0 0 1 1 0 1 1 1 0 1 1 0 0 0 0 1 1 0 0 0 0 1 1 1 1 0 0 1 1 0 0 1 0 0 1 1 0 1 0 1 0 0 0 0 0 0 1 0 1 0 1
1 1 1 0 0 0 1 1 0 1 1 0 0 1 0 1 1 1 1 0 0 1 1 1 0 0 0 1 1 1 1 1 0 0 0 0 1 0 1 0 0 1 1 1 0 1 1 1 1 1 0 1 0 1 1 0 1 1 0 1 0 0 0 0 0
0 0 0 1 0 1 0 0 0 1 0 1 1 1 0 1 0 0 0 0 0 1 1 1 0 1 0 1 1 1 1 0 1 0 0 1 1 1 1 0 1 0 0 0 0 1 0 1 1 1 0 0 1 1 0 1 1 1 0 0 0 1 1 0 1
1 0 0 0 0 1 0 1 1 1 0 1 0 1 1 1 0 1 0 1 1 1 1 0 1 0 0 0 0 1 0 0 0 0 0 0 0 0 1 1 0 0 1 1 1 1 1 0 0 1 1 0 1 0 0 1 1 0 1 1 0 0 0 1 0
1 0 1 1 1 1 1 1 0 1 0 1 0 0 1 1 0 0 1 1 0 0 1 0 0 1 1 1 0 1 1 1 1 0 0 0 0 0 0 0 0 1 1 0 1 1 1 0 1 1 1 0 0 1 0 1 1 0 1 0 1 0 1 0 0
1 0 1 1 0 0 0 0 1 1 0 0 1 1 1 1 0 0 1 1 0 0 0 1 0 0 1 0 0 0 0 0 1 0 0 0 0 1 0 1 0 1 0 1 1 1 0 1 1 1 0 0 0 1 0 0 1 0 0 1 1 0 1 1 0
0 1 1 1 1 0 1 1 1 0 1 1 1 1 1 1 0 1 1 0 0 0 1 0 0 1 1 0 0 0 0 0 0 0 0 1 1 1 1 0 1 1 1 1 1 0 0 1 1 1 0 1 0 0 1 1 1 1 1 0 0 0 1 0 0
1 1 0 0 1 1 1 1 1 1 0 0 0 1 0 0 0 1 0 1 1 0 0 0 1 0 1 1 1 0 0 0 1 0 1 0 1 0 1 1 0 0 0 1 1 1 0 0 0 1 0 1 0 1 1 1 1 1 0 0 0 0 1 0 1
1 0 1 1 0 0 1 1 1 0 0 0 1 1 1 0 0 0 1 0 1 1 1 0 0 1 0 0 0 1 1 1 1 0 0 1 0 1 0 0 0 0 1 1 0 0 1 1 0 1 0 1 0 1 1 0 0 0 0 1 1 0 1 0 1
0 1 0 1 1 1 0 1 0 0 1 1 1 1 1 0 0 0 1 0 0 0 0 1 1 1 1 0 0 0 1 0 1 1 1 0 0 1 0 1 1 0 1 1 1 1 1 1 0 0 1 1 1 1 0 0 0 0 0 0 0 1 0 0 1
1 0 0 0 0 0 0 1 1 1 1 0 0 0 0 1 0 1 0 0 1 1 0 1 1 1 1 1 1 0 0 1 1 0 0 1 0 0 0 0 1 1 0 1 0 1 0 1 1 1 1 1 1 1 1 1 1 1 1 1 1 1 1 1 0
1 1 0 0 0 0 1 0 1 0 1 0 1 1 1 1 0 1 0 0 0 1 0 0 1 0 1 1 1 1 0 0 1 1 1 0 1 1 0 1 0 0 1 0 1 1 0 1 0 1 1 0 1 0 1 0 1 1 0 1 1 0 0 0 1
0 0 0 1 1 0 1 1 0 0 1 0 1 0 1 1 1 1 0 1 0 1 1 1 1 0 1 1 0 0 1 1 0 1 1 1 1 1 0 1 0 0 1 0 0 0 1 0 1 1 0 0 0 1 0 0 1 0 0 0 0 0 0 0 1
1 1 1 0 1 1 0 0 0 0 1 0 1 1 0 1 0 1 1 1 0 1 0 1 1 1 1 1 0 1 0 1 1 1 0 0 1 0 1 0 0 1 0 1 1 0 0 1 1 0 0 0 1 1 0 1 0 0 1 0 0 0 1 1 0
0 1 1 0 1 0 1 0 1 1 0 0 1 0 0 0 1 1 1 0 0 0 1 0 0 0 1 1 0 0 1 0 1 0 1 0 0 0 0 0 1 0 1 0 0 0 0 0 0 1 1 1 1 1 1 0 0 1 1 0 1 1 1 0 1
1 1 0 0 0 0 1 0 1 0 0 1 1 1 0 0 1 0 1 1 0 0 0 0 1 1 1 0 1 1 0 0 1 0 1 0 0 0 1 0 1 1 0 1 0 1 1 1 0 1 0 1 0 0 1 1 1 0 0 0 1 0 1 0 0
0 1 1 0 1 1 1 1 0 0 1 1 0 0 1 0 1 1 1 1 1 0 0 1 1 0 1 1 0 0 0 1 0 1 0 0 1 0 1 1 0 1 0 0 1 0 1 0 0 1 1 1 0 0 0 0 1 0 1 0 1 1 0 0 1
0 1 1 1 1 0 0 1 0 1 0 1 1 1 0 0 0 0 1 0 0 0 1 0 0 0 0 1 1 1 0 1 0 0 0 0 0 0 1 0 0 1 1 1 1 0 1 0 1 0 0 1 1 0 0 1 1 0 1 0 1 1 0 0 1
0 1 0 1 0 1 1 1 0 0 0 0 1 0 1 0 0 0 0 0 0 0 1 0 0 1 0 1 0 0 0 0 1 0 1 0 0 1 1 1 0 1 0 0 1 1 1 1 0 0 0 1 1 0 1 1 0 1 1 1 0 0 0 0 0
0 0 1 1 0 0 1 0 0 0 0 1 1 1 0 0 0 1 1 0 0 0 1 0 1 0 1 0 0 1 1 1 1 0 0 0 1 0 1 1 0 0 1 0 1 1 1 1 0 0 0 0 1 1 0 0 1 0 1 1 1 1 1 1 1
1 1 1 1 1 1 1 0 0 0 0 1 0 1 0 0 0 1 1 0 1 1 0 1 1 1 0 1 1 0 1 0 0 0 0 0 0 0 1 1 1 0 1 0 0 0 0 1 0 1 1 1 1 1 1 1 0 1 1 0 0 1 0 0 0
1 1 1 0 1 0 1 1 1 1 0 1 0 0 1 1 1 1 1 0 0 0 1 1 1 0 1 0 0 0 1 1 0 0 0 0 0 1 1 0 0 0 0 1 0 0 1 1 0 0 1 1 0 1 1 1 1 0 1 0 0 1 1 1 0
0 1 0 1 0 1 1 1 1 1 0 1 1 0 1 0 0 0 0 0 0 1 0 1 0 1 0 0 0 1 0 0 1 1 1 0 0 1 1 1 0 0 1 0 0 0 0 0 1 1 1 0 0 0 0 0 1 0 1 0 1 1 0 0 0
0 0 1 0 0 0 0 0 0 0 0 0 0 1 0 1 1 0 0 1 1 0 1 0 0 0 1 0 1 0 1 1 1 0 1 0 0 1 0 1 1 0 0 1 0 1 1 0 0 0 1 1 1 1 1 1 1 0 0 0 1 0 0 1 1
1 1 1 1 0 0 1 0 0 0 0 1 0 0 1 1 0 0 1 0 0 1 0 1 1 1 0 1 0 0 1 0 1 0 0 1 1 0 0 0 1 0 1 0 1 1 1 0 1 0 1 0 0 0 1 1 1 1 1 1 0 1 0 1 1
0 1 1 1 1 0 1 1 1 1 1 1 1 1 1 1 0 0 1 0 1 0 1 0 1 1 0 1 1 1 0 1 0 0 1 0 1 0 1 0 0 1 0 0 1 0 0 0 0 0 1 1 1 1 1 1 1 1 0 0 0 1 0 1 0
1 1 0 1 0 0 0 1 0 0 0 1 0 0 1 1 0 1 1 1 1 1 0 0 0 0 1 0 0 0 0 1 1 0 0 0 1 1 1 0 1 1 0 0 0 0 0 0 0 0 1 1 0 1 0 1 1 1 0 1 0 1 0 1 1
0 0 1 0 1 1 1 0 1 0 0 1 1 0 1 0 0 1 0 0 0 1 1 0 0 0 0 0 1 0 0 1 1 1 0 0 1 0 0 0 1 0 1 1 0 0 1 1 1 0 0 1 0 1 1 1 0 1 1 1 0 0 0 0 1
0 0 1 0 1 1 0 1 0 0 1 0 1 1 0 0 0 0 1 0 0 1 1 1 0 0 0 1 0 1 1 1 1 1 0 0 1 1 0 1 1 1 1 1 1 0 1 1 0 1 1 0 1 0 0 0 1 0 0 0 0 0 1 1 1
1 0 0 0 0 1 0 1 1 1 0 0 0 0 1 0 0 0 0 1 0 1 0 0 1 1 1 0 0 0 1 0 1 1 1 0 1 0 0 1 1 0 0 0 0 1 0 1 0 0 0 0 0 1 1 0 0 1 1 0 0 1 1 1 0
1 1 0 0 1 0 0 1 1 0 1 1 0 0 1 0 0 0 1 0 1 0 0 1 0 0 1 1 1 0 1 1 1 1 1 0 0 1 1 1 0 1 1 0 0 0 0 1 1 1 0 1 0 0 1 0 1 1 1 1 0 1 0 0 0
1 1 0 0 1 0 0 0 1 1 0 1 1 0 1 1 0 1 1 1 1 0 0 0 0 0 0 1 1 1 1 0 1 1 0 0 0 0 0 0 0 1 1 0 1 0 1 1 0 1 0 1 1 1 0 0 0 0 1 1 1 0 1 1 1
1 0 0 0 0 0 1 0 0 0 0 0 1 1 0 0 1 1 0 1 0 0 1 1 1 1 1 1 0 0 1 1 1 1 0 0 1 0 0 0 0 0 1 1 1 0 1 1 1 0 1 1 0 1 0 1 0 1 0 1 1 1 1 0 0
0 0 0 1 0 0 1 1 1 0 1 0 0 1 1 0 0 0 0 0 1 1 0 1 1 0 1 1 0 0 0 1 0 0 1 1 1 1 0 0 0 1 0 0 1 1 0 1 0 1 1 1 0 1 0 0 0 1 1 1 0 0 1 1 0
0 0 1 1 1 1 0 1 1 1 0 0 0 0 0 0 1 0 0 0 0 0 1 1 1 1 1 1 0 0 0 1 1 1 0 0 0 0 0 1 1 0 0 0 1 0 1 1 0 1 1 0 1 1 1 1 1 0 1 0 0 1 0 1 1
1 1 0 0 1 1 0 1 1 1 1 1 1 1 0 1 0 1 1 1 0 0 1 1 1 0 1 0 0 1 0 1 1 1 1 1 1 1 0 0 1 0 1 0 0 1 1 0 1 0 1 0 0 0 1 1 1 1 0 0 0 1 0 0 1
1 1 1 0 1 1 0 1 0 0 1 1 0 1 0 0 0 0 0 0 1 0 1 0 0 1 0 0 0 0 1 0 0 1 1 1 1 1 1 0 1 1 0 0 0 1 1 0 0 0 1 0 1 1 0 0 1 0 1 1 0 1 0 1 1
0 0 1 0 0 1 1 1 1 1 1 1 1 1 1 0 0 1 0 1 1 0 1 1 0 1 0 1 1 0 1 0 1 1 1 1 1 1 0 1 0 1 0 1 1 0 0 1 0 1 0 1 1 1 1 0 0 1 1 0 1 1 0 0 1
0 0 1 1 1 1 0 1 1 0 0 0 1 1 1 1 0 0 0 0 1 1 0 1 0 0 1 1 0 1 1 0 1 1 0 1 0 0 0 0 0 1 0 0 0 1 0 0 1 0 1 1 1 1 1 0 1 0 1 1 0 1 0 0 1
1 0 0 0 0 1 1 1 0 1 0 1 0 1 1 0 0 1 0 1 0 0 1 0 1 1 0 0 1 1 0 1 0 0 0 1 1 0 1 1 0 1 0 0 0 0 1 0 1 1 0 1 0 0 0 1 0 0 0 0 1 0 1 1 0
1 1 0 1 0 0 1 0 1 0 1 1 0 1 1 1 1 1 1 1 1 0 1 1 1 0 0 1 1 0 0 1 1 0 0 0 0 0 0 0 0 1 0 0 1 0 1 0 0 0 0 0 0 1 1 1 1 0 0 1 0 0 1 1 1
1 1 0 0 0 1 0 1 0 1 1 1 0 1 0 1 1 0 1 0 0 0 1 0 0 1 0 1 1 0 0 1 1 0 0 1 0 0 1 1 1 0 0 1 1 0 0 1 1 0 1 1 0 0 0 0 1 0 0 0 0 0 0 0 0
0 1 1 0 0 0 0 0 1 1 1 0 0 0 0 1 0 1 0 0 0 0 0 0 1 1 1 0 0 1 1 0 1 0 0 1 1 1 1 1 1 1 1 1 0 0 1 0 1 0 0 0 0 1 1 0 1 0 1 1 0 1 0 0 1
0 0 1 0 0 0 0 1 1 1 1 0 1 1 1 1 0 0 0 0 1 0 0 0 1 0 0 0 0 1 1 0 1 1 1 0 1 0 1 0 1 1 1 1 0 0 0 1 0 0 1 0 0 1 0 1 1 1 1 1 1 0 1 0 0
0 1 1 0 0 0 0 1 1 0 1 1 1 1 1 1 0 0 1 1 1 0 0 1 1 1 1 1 0 0 0 1 1 1 0 0 0 0 1 0 1 0 1 0 0 1 1 1 1 0 0 1 1 1 0 0 1 1 1 0 1 0 1 1 1
1 1 0 1 0 0 0 1 0 0 0 0 0 0 0 0 0 1 1 0 0 1 1 1 1 1 0 1 0 1 1 0 0 1 0 1 1 0 0 1 0 1 0 1 0 1 0 0 1 0 1 0 1 0 0 1 1 0 0 1 0 0 1 0 1
1 1 1 0 0 0 0 1 0 0 0 0 1 0 0 1 0 1 1 0 0 0 0 1 0 1 0 0 1 0 0 0 1 1 1 0 0 1 0 0 1 1 1 1 1 0 0 0 1 1 1 1 0 1 1 0 0 1 0 0 1 1 0 0 0
0 0 0 1 1 1 0 1 0 1 0 1 1 1 0 1 0 0 1 1 1 0 1 0 0 0 0 1 0 0 1 1 1 0 0 0 1 0 0 1 0 0 1 0 0 0 0 0 0 0 0 1 0 0 1 0 1 0 1 0 1 1 1 0 0
1 0 1 0 0 1 1 0 0 1 0 0 0 0 1 1 1 0 1 0 1 0 1 1 1 1 1 0 0 1 0 0 0 0 1 1 1 1 1 1 1 0 1 0 0 1 0 1 0 1 1 1 1 0 1 0 1 0 1 0 1 1 1 1 0
0 0 1 0 1 0 0 0 0 0 1 0 1 1 1 1 1 1 0 1 0 0 1 0 0 1 0 0 0 1 1 1 1 1 0 1 0 1 1 1 1 1 0 0 1 1 0 0 1 1 0 0 0 0 1 0 1 0 0 1 1 1 1 0 0
1 1 0 0 1 0 1 1 1 0 1 0 0 0 1 0 1 1 1 0 0 0 1 0 1 1 0 1 0 1 0 1 0 0 1 0 0 1 0 1 1 1 1 0 1 1 1 1 1 1 1 1 1 1 0 1 0 0 0 1 1 0 1 1 0
1 1 1 1 0 0 0 1 0 1 0 0 0 0 1 0 0 1 0 0 0 0 0 0 0 0 0 1 1 0 1 1 0 1 0 0 0 1 0 1 1 1 0 0 0 0 0 1 0 1 1 0 1 0 0 1 0 1 0 1 0 0 1 0 1
1 0 1 1 0 1 1 1 0 0 1 0 0 1 1 1 1 1 1 1 0 0 0 0 0 1 1 1 1 1 1 1 1 1 0 1 1 1 1 1 0 0 1 0 0 0 0 0 0 0 1 1 0 1 1 0 1 1 1 0 1 1 1 1 1
1 1 1 0 0 0 0 0 1 1 0 1 1 0 0 0 1 1 1 0 1 1 1 1 1 0 1 1 0 0 0 1 0 1 1 1 0 1 1 0 1 1 1 0 1 0 0 0 1 0 1 1 0 1 1 1 1 0 1 1 1 0 1 0 0
0 0 0 0 1 0 0 1 1 0 1 0 0 1 0 1 1 0 1 1 1 0 1 1 1 1 0 1 1 1 1 1 1 1 0 0 1 0 0 1 0 0 0 0 1 1 1 1 0 0 0 1 0 0 1 1 0 1 0 0 0 1 0 0 0
1 0 0 1 0 0 0 0 1 0 1 0 0 0 1 0 1 0 1 0 0 0 1 0 0 0 1 0 0 1 1 0 0 1 1 0 1 1 0 1 0 0 0 1 0 1 1 0 0 1 0 0 0 1 0 1 1 1 1 1 1 1 1 0 1
0 1 1 1 1 0 0 0 0 1 1 0 1 0 1 1 1 1 1 1 0 1 1 0 0 0 0 1 0 0 1 0 1 0 1 0 0 0 1 1 1 0 1 1 0 1 1 1 1 0 0 0 1 0 1 1 1 0 0 0 0 0 1 0 1
0 0 0 1 0 0 1 1 0 1 1 1 0 1 1 0 1 1 0 0 1 0 0 1 0 1 0 0 1 1 0 1 0 1 1 0 1 0 0 0 1 0 0 0 0 1 1 1 0 1 1 1 1 0 0 0 1 1 1 1 0 1 1 0 1
1 1 1 0 0 0 0 0 1 0 0 0 0 1 0 1 1 1 1 1 1 0 1 1 0 0 1 0 1 0 1 1 1 1 0 1 1 0 0 0 1 0 0 1 0 0 0 0 1 1 0 0 0 0 0 1 0 0 1 1 0 1 1 0 1
1 1 1 1 0 0 0 1 1 0 1 1 1 0 0 0 0 0 0 1 0 0 1 1 0 0 1 1 1 0 1 1 1 1 0 1 1 0 1 0 0 1 0 1 1 0 1 1 1 1 0 0 1 0 1 1 0 0 0 1 1 0 0 1 0
0 1 1 0 0 1 0 1 1 0 0 1 0 1 0 0 0 1 0 0 0 0 0 0 1 1 1 1 1 1 1 0 0 0 0 0 0 0 0 0 1 1 0 0 1 1 0 0 0 1 1 1 0 0 0 0 0 1 1 0 0 0 0 1 1
0 1 1 1 0 1 0 0 1 1 1 1 0 0 1 1 0 0 1 0 0 1 0 1 0 1 1 0 0 1 1 1 0 0 1 1 1 0 0 0 1 0 0 0 1 0 0 0 0 1 0 0 1 1 1 0 1 0 1 1 1 0 1 1 1
0 0 1 1 1 1 1 1 1 0 0 1 1 0 1 0 0 0 0 1 0 1 1 0 1 1 1 0 1 1 1 1 0 1 0 0 0 1 1 1 1 1 0 1 1 0 0 1 1 0 1 0 0 0 0 1 0 0 0 1 0 1 1 1 1
1 0 1 1 0 0 0 0 1 1 1 1 1 0 1 0 1 0 0 1 0 0 1 0 0 1 1 1 0 0 0 0 0 1 0 0 1 1 1 0 0 1 1 1 0 0 0 1 0 1 1 1 1 1 0 0 1 0 1 1 1 0 0 1 0
0 1 1 1 0 0 1 1 0 0 1 1 0 0 0 1 1 0 0 1 1 0 1 0 0 1 0 1 1 1 0 0 0 0 1 1 0 0 1 1 0 0 1 1 0 1 1 0 0 1 0 0 0 0 1 0 1 1 0 0 1 1 0 0 1
0 1 1 0 0 1 1 0 1 1 0 0 0 1 1 1 1 0 1 1 0 0 0 1 0 1 1 1 1 0 0 1 0 1 0 0 0 1 0 0 0 0 0 1 0 1 1 1 0 0 0 1 0 0 1 0 0 1 1 0 0 1 1 0 1
0 0 1 1 1 1 1 1 1 1 0 0 1 0 1 1 0 1 0 0 0 1 0 1 1 1 0 0 0 1 0 0 1 0 1 0 0 0 0 0 0 0 1 1 1 0 1 1 1 1 0 1 1 1 0 0 1 1 0 0 0 1 1 1 0
1 0 0 0 1 0 1 1 1 1 0 0 1 0 1 0 1 0 1 0 0 1 0 1 0 0 1 0 0 0 0 0 1 1 0 1 1 0 1 1 1 1 1 1 1 1 0 0 1 1 0 1 1 0 1 0 1 1 0 1 0 1 0 0 1
1 0 0 1 1 0 0 1 1 1 1 1 0 1 1 0 1 1 0 1 1 1 1 0 1 0 1 1 1 1 0 1 0 1 1 1 1 1 0 0 1 1 1 1 1 1 1 0 0 0 1 1 1 1 0 0 0 0 1 0 0 1 1 0 1
0 1 0 1 0 1 1 1 1 0 0 0 1 0 0 1 1 0 0 1 1 0 0 0 1 1 0 1 0 0 0 1 1 1 0 1 1 0 0 1 0 1 0 1 0 1 1 1 0 0 1 1 1 0 0 1 1 0 0 0 1 1 1 1 1
1 1 1 0 0 1 1 0 0 0 0 0 0 1 0 0 0 0 0 0 0 0 1 1 0 0 0 0 1 1 1 0 1 0 0 1 0 0 0 0 0 0 0 0 1 1 0 1 0 0 0 0 0 0 0 1 1 1 1 1 1 0 1 0 0
0 0 1 1 0 1 1 0 0 1 0 0 0 0 0 0 1 1 0 0 0 1 0 0 0 0 0 0 1 1 1 1 1 1 0 1 1 0 1 1 1 1 1 0 1 0 1 0 0 0 1 1 1 1 0 1 0 0 0 1 0 1 0 0 1
0 0 0 0 0 0 0 0 0 1 0 0 0 1 1 1 1 1 1 0 0 1 1 0 1 0 1 0 0 1 0 1 0 0 0 0 0 0 0 1 0 1 0 0 1 0 0 0 1 1 0 1 1 1 1 0 1 1 1 0 0 0 1 0 0
1 0 1 1 1 0 1 1 0 1 0 0 1 0 0 1 1 0 1 1 1 0 0 0 1 0 1 1 0 0 1 0 0 0 0 0 0 1 1 0 1 1 0 0 1 1 1 1 0 1 1 1 0 0 0 1 0 0 1 1 0 1 0 0 0
1 0 0 0 1 1 1 1 0 0 0 1 1 0 1 1 1 0 0 0 1 1 1 1 0 0 0 0 1 0 1 0 0 0 0 0 1 0 0 1 0 0 0 1 1 0 0 1 0 1 1 1 0 0 0 1 1 0 0 0 0 0 0 1 1
1 0 1 0 0 1 0 1 1 0 1 0 1 1 1 0 0 0 1 0 0 0 0 0 1 0 1 0 1 0 1 0 1 1 0 1 0 0 0 0 0 0 1 1 0 0 1 0 0 1 1 1 1 0 1 1 1 1 0 0 0 1 1 0 0
0 1 0 0 1 0 0 0 1 1 1 0 1 0 0 0 0 0 0 0 0 0 1 1 1 0 1 1 0 0 0 0 0 0 1 0 1 0 1 0 0 1 0 1 1 1 1 1 1 1 1 0 0 0 1 0 0 0 0 1 0 1 1 0 1
0 0 1 1 1 1 1 1 1 1 1 1 1 0 1 1 1 0 1 0 1 0 0 1 1 1 0 0 1 1 1 1 0 0 1 0 1 1 0 1 0 1 1 1 1 1 1 1 0 0 0 0 0 0 1 1 1 0 0 1 1 1 0 0 1
1 1 0 1 0 0 1 0 1 1 1 0 1 0 0 0 1 0 0 1 1 1 0 0 1 1 1 0 0 1 0 1 0 1 0 1 1 0 1 0 1 0 0 1 0 0 1 0 1 1 1 0 1 1 0 0 1 1 0 0 0 0 1 1 0
1 0 1 1 1 0 0 1 1 1 1 1 0 0 0 0 0 0 1 1 1 1 1 1 1 1 1 1 0 1 1 1 1 0 1 1 1 0 1 1 0 0 1 1 0 1 0 1 1 0 0 1 1 1 0 1 1 1 1 1 0 0 0 0 0
0 1 1 0 1 0 1 1 1 1 0 1 0 1 0 0 1 1 0 1 0 0 1 1 1 0 0 1 0 1 0 0 1 1 0 1 0 1 0 1 0 0 1 1 0 0 0 1 0 1 0 1 1 0 0 1 1 1 0 1 0 1 1 0 0
1 1 0 0 1 1 0 1 0 0 0 0 0 1 1 0 0 1 0 0 1 0 1 1 0 1 1 0 0 1 0 1 1 1 1 0 1 1 0 0 0 0 1 1 0 0 0 0 1 0 0 1 0 0 0 0 1 1 0 1 1 0 1 1 1
1 1 1 1 0 0 0 0 0 1 0 1 0 1 1 1 0 0 0 1 1 0 1 1 1 1 1 1 0 0 1 1 1 1 0 1 0 1 1 1 1 1 1 1 0 1 0 1 0 0 1 0 0 0 0 0 0 1 0 0 1 1 0 1 0
0 1 0 0 1 0 0 0 0 0 0 1 1 1 1 0 1 0 0 1 1 0 0 0 0 0 1 1 1 0 1 0 0 1 0 1 1 1 1 0 0 0 1 1 0 1 0 1 0 0 0 0 0 0 1 1 1 0 0 0 0 1 0 0 1
0 1 0 0 1 0 1 1 0 1 1 0 0 1 1 1 0 1 0 1 0 1 0 1 1 0 0 0 1 0 0 1 0 0 0 1 1 0 1 0 1 0 1 0 0 0 0 0 1 0 0 0 1 0 1 0 1 1 0 0 1 0 0 1 0
1 0 0 1 1 0 0 0 0 0 1 0 1 0 0 0 0 0 1 0 1 0 1 0 1 0 0 0 1 1 1 1 1 0 0 0 1 1 0 1 0 1 0 1 0 1 0 1 1 1 0 1 1 0 0 0 0 0 0 0 1 1 1 0 0
0 1 0 0 1 0 1 0 1 1 0 0 0 0 1 0 1 0 0 1 1 0 0 0 1 1 1 0 1 0 1 1 1 0 0 1 1 1 0 1 0 1 1 0 0 1 0 1 1 0 1 0 0 1 0 1 1 1 0 0 0 0 0 0 0
0 1 0 1 0 0 0 0 0 1 0 1 1 0 1 0 0 0 1 0 1 1 1 1 1 1 1 1 1 1 0 0 0 1 0 0 1 1 0 0 0 0 0 1 0 0 1 0 0 1 1 1 0 0 1 1 0 0 1 0 1 1 1 1 1
0 1 0 1 1 1 0 0 0 0 1 0 1 1 1 1 1 1 0 1 0 0 1 1 1 1 1 1 1 1 1 1 0 0 0 0 1 1 0 1 1 0 0 1 1 1 0 1 1 1 0 1 1 1 1 0 1 1 1 1 1 1 0 1 1
1 0 1 0 1 0 0 1 0 1 0 1 0 0 1 1 0 0 1 0 0 0 1 0 0 0 1 1 1 0 0 1 1 0 1 1 0 1 0 1 0 0 0 0 0 1 1 0 0 0 0 0 1 0 1 0 1 0 0 1 0 1 0 1 0
0 1 1 1 1 0 1 0 0 0 0 0 1 0 1 1 1 1 0 1 0 0 0 1 0 0 0 0 1 0 0 1 1 0 1 0 1 0 0 1 0 1 1 1 1 0 0 1 0 1 1 0 0 0 1 0 0 1 1 1 1 1 1 1 1
0 0 1 1 1 1 0 1 0 1 0 0 0 1 0 0 0 1 1 0 1 0 1 1 1 0 0 0 0 1 0 1 1 1 1 1 0 1 0 1 1 0 0 1 1 0 0 1 1 0 1 0 0 1 0 0 0 1 1 1 0 1 0 1 0
0 1 0 1 1 0 0 1 0 1 0 0 0 1 0 1 0 0 0 1 1 0 1 0 0 1 1 0 1 0 0 1 1 0 0 0 1 0 0 0 1 1 1 1 1 1 0 0 0 1 1 1 1 0 0 0 1 0 1 1 0 0 0 0 1
1 0 1 0 0 1 1 1 0 1 0 1 0 1 0 1 0 0 0 0 1 1 1 1 1 1 1 1 1 0 1 1 0 1 0 0 1 1 0 1 1 1 0 0 1 0 1 0 1 0 1 1 1 1 1 0 0 0 0 1 0 0 1 1 0
0 1 0 1 0 0 1 0 0 0 0 1 1 1 1 0 1 1 1 1 0 1 0 0 0 0 0 0 0 0 1 0 1 0 0 0 0 1 1 1 0 0 0 1 1 0 0 1 0 1 0 0 1 1 0 1 0 0 0 0 1 0 0 0 1
1 0 0 1 0 0 0 0 1 0 0 1 1 1 1 1 1 1 0 1 0 1 0 1 0 1 1 1 0 1 0 1 0 0 1 1 1 0 0 1 1 0 1 0 0 1 0 0 0 1 1 1 0 0 0 1 0 1 1 0 0 0 0 1 0
1 0 0 1 0 1 0 0 0 1 1 1 0 1 0 0 1 0 0 1 1 1 0 1 1 1 0 0 0 0 0 1 1 1 0 1 1 1 1 1 0 0 0 1 0 0 1 1 0 1 0 0 0 1 1 1 1 0 1 1 0 0 1 0 0
1 1 1 0 1 0 1 1 1 1 1 0 0 1 1 1 0 0 1 1 0 1 1 0 1 1 1 0 1 0 1 0 0 1 1 0 0 1 1 1 1 1 1 0 0 0 1 0 0 0 1 1 0 0 0 0 1 1 0 1 1 1 1 0 1
1 0 0 0 1 1 0 0 1 0 1 0 1 1 1 0 1 0 1 0 1 1 1 1 0 1 0 1 1 0 1 1 1 0 1 0 1 0 1 0 1 1 0 0 1 0 1 0 1 0 1 0 0 1 1 1 0 1 1 0 1 0 1 0 1
0 0 0 1 1 1 0 0 1 0 0 0 0 1 1 0 0 1 0 1 0 0 1 1 1 1 1 1 1 0 0 0 1 0 0 0 1 0 0 1 1 1 1 0 0 1 0 1 0 0 1 1 0 0 1 1 1 0 1 1 0 1 1 0 0
1 1 0 1 0 0 0 1 0 1 0 0 1 1 1 1 1 0 1 0 0 1 0 0 1 1 0 1 0 0 1 1 1 0 1 1 0 1 0 1 1 0 0 0 1 0 1 1 0 1 0 1 0 1 0 0 0 1 0 0 1 1 1 1 1
0 1 1 0 1 0 0 0 1 0 0 1 0 0 0 1 0 0 0 1 0 1 0 0 1 0 1 1 1 1 0 1 0 0 0 0 1 0 0 0 0 1 1 1 1 1 1 0 0 0 0 1 0 1 1 1 0 1 0 1 0 1 1 1 0
0 0 1 1 0 0 0 1 1 0 1 0 0 0 0 1 1 1 0 1 1 0 1 0 0 1 0 0 1 1 1 0 1 1 1 1 0 1 0 1 0 0 1 0 1 1 0 1 1 1 1 1 1 0 1 1 0 0 1 0 1 0 1 0 1
1 0 0 0 1 0 1 1 1 1 0 1 1 0 1 1 1 1 0 0 0 1 1 1 1 1 0 0 0 1 0 1 0 0 0 0 1 0 0 0 0 1 0 1 0 1 0 1 1 0 0 0 1 1 0 1 0 0 1 1 0 1 1 1 1
1 0 1 0 0 1 0 1 0 1 1 1 0 0 1 0 0 1 1 1 0 0 0 1 1 1 0 1 1 1 0 1 1 0 0 1 1 0 0 0 0 0 1 0 1 0 0 0 1 1 1 0 1 1 0 0 0 0 0 1 0 1 0 1 1
1 0 0 1 1 0 1 1 0 0 1 1 0 0 0 0 1 0 1 1 0 1 0 1 0 1 0 1 0 0 0 1 1 0 1 1 1 0 0 0 1 1 1 0 0 0 0 1 0 0 0 1 1 0 0 0 0 0 0 1 1 1 0 0 1
0 0 1 0 0 1 1 0 0 1 0 0 1 0 0 1 0 1 0 1 1 0 1 0 0 1 1 0 0 1 0 0 1 1 0 0 1 1 1 0 0 0 0 0 0 0 0 1 0 0 0 1 1 0 0 0 0 1 0 1 0 1 0 0 0
1 0 0 0 1 0 1 1 0 0 0 0 1 1 1 0 0 0 1 1 0 0 1 0 1 1 0 0 0 0 0 0 0 1 0 1 0 1 0 0 0 1 0 1 1 0 0 0 0 0 1 0 0 0 1 0 0 1 0 0 0 0 0 0 1
0 1 1 0 1 0 1 0 0 0 1 1 0 1 0 0 1 1 1 1 1 0 0 1 1 1 0 1 0 0 1 0 1 1 1 0 1 1 0 0 1 1 0 1 0 1 1 0 1 1 0 0 0 1 0 0 1 1 1 0 0 0 1 1 0
1 1 1 1 0 0 0 0 0 1 1 1 0 1 1 0 1 0 1 1 1 0 0 0 1 0 0 0 0 1 0 0 1 1 1 1 1 0 0 0 0 1 0 1 1 1 0 1 0 1 1 0 1 0 1 1 0 1 1 0 1 1 0 0 0
1 1 1 0 1 0 1 1 0 1 1 1 0 0 0 0 1 1 1 1 0 1 0 1 0 1 1 0 1 1 1 0 1 0 0 1 0 1 0 1 0 1 0 0 1 1 0 0 0 1 0 1 1 0 1 0 1 0 1 0 0 1 1 1 0
0 1 0 1 0 1 1 0 1 1 0 1 0 1 1 0 0 1 0 1 1 0 0 0 0 0 1 0 0 0 0 0 0 1 1 1 0 1 0 1 0 0 1 0 0 1 0 0 0 0 0 1 0 1 1 0 1 1 1 1 1 0 0 0 1
0 1 0 1 1 1 0 1 0 0 1 0 1 0 0 0 0 1 1 1 0 0 1 1 0 0 0 0 1 0 0 0 0 1 0 1 1 0 1 1 1 1 0 0 1 0 0 1 1 1 0 1 1 1 0 0 1 1 0 1 0 1 1 1 0
0 1 0 0 0 0 1 0 0 1 1 0 0 1 1 1 1 0 0 0 1 1 0 1 0 0 0 1 0 1 1 1 0 1 1 0 1 1 1 1 0 0 0 1 1 1 0 0 1 0 1 0 1 0 0 0 0 0 1 0 0 1 0 0 0
1 0 1 0 1 0 1 0 1 1 1 0 0 0 0 1 0 1 1 1 0 0 0 1 0 1 1 1 0 1 0 1 0 1 1 0 1 0 0 1 1 1 1 0 1 1 0 1 1 0 1 0 0 0 1 1 1 1 1 1 0 0 1 1 0
0 1 0 0 0 1 1 1 1 0 1 0 1 1 0 0 1 0 1 0 0 1 1 0 1 1 0 1 1 1 1 1 0 1 1 1 0 0 0 0 1 1 1 1 1 0 0 1 0 0 0 0 1 1 0 1 1 1 1 0 0 1 1 0 0
1 1 1 0 0 1 1 0 1 0 0 0 1 0 0 1 1 1 1 0 0 1 1 1 1 1 1 0 1 0 1 0 0 1 0 0 0 1 1 1 1 0 1 0 1 1 1 0 0 0 0 0 1 0 0 1 1 1 0 0 0 0 0 1 1
0 0 0 0 1 0 0 0 0 1 1 0 0 1 1 0 0 0 1 1 1 0 0 1 1 0 1 0 0 1 1 0 1 0 0 1 0 0 1 0 1 0 0 0 0 1 0 0 1 0 1 1 0 0 1 1 0 0 1 0 0 0 1 1 1
0 1 1 1 0 0 0 1 0 1 1 0 0 0 0 1 1 0 1 1 0 0 0 0 0 1 0 0 0 0 1 1 0 1 0 0 0 1 0 0 0 0 1 0 0 1 0 0 1 0 1 0 1 1 1 1 0 0 0 1 1 1 0 1 0
1 1 0 0 0 1 1 1 0 0 1 0 1 0 0 1 1 1 1 1 1 1 0 0 1 0 1 1 0 0 1 1 1 0 0 1 0 1 1 1 0 1 1 1 1 1 0 1 0 0 0 0 1 0 1 0 0 0 0 1 1 0 1 0 0
0 0 0 1 0 0 0 1 0 1 0 1 0 1 0 1 0 0 0 0 0 1 0 1 1 0 0 1 0 1 1 0 0 1 1 0 0 1 0 1 1 1 1 0 1 1 1 0 0 1 0 1 1 0 1 0 0 1 1 1 1 1 1 0 1
1 1 1 1 1 0 0 1 1 0 0 1 0 0 0 0 0 0 1 1 1 1 0 0 0 0 0 0 0 1 0 0 0 0 1 0 0 0 0 0 1 1 0 0 1 1 1 1 1 0 1 0 1 1 1 1 0 1 0 0 1 0 1 1 1
0 1 0 1 0 0 0 1 1 1 1 0 0 1 0 0 1 1 1 1 0 0 1 1 0 0 1 0 1 0 1 1 1 0 1 1 0 1 1 0 1 1 0 0 1 1 1 1 0 0 0 0 1 1 1 0 0 1 1 0 1 1 0 0 0
1 1 1 1 1 0 1 1 0 0 0 1 1 0 1 0 1 1 0 1 1 1 0 0 0 1 0 0 1 1 1 1 1 1 0 0 1 0 1 0 0 1 1 0 1 1 0 0 1 0 0 1 1 1 1 0 0 1 1 1 0 0 0 0 0
0 0 1 1 0 0 0 0 0 0 0 1 1 0 0 1 0 1 0 1 0 0 1 0 0 1 1 0 1 0 0 1 0 0 1 1 0 1 1 1 0 0 1 1 1 1 1 0 1 1 1 1 1 0 0 0 0 0 0 1 0 1 1 1 0
1 0 0 0 0 0 1 1 1 0 0 1 1 1 0 0 0 1 1 1 0 1 1 1 1 0 1 1 0 0 0 0 0 0 0 1 0 0 0 1 1 0 0 1 1 1 1 1 1 0 1 1 1 1 1 0 0 1 1 0 1 1 0 1 0
1 1 0 0 0 1 1 1 0 0 0 1 1 1 1 1 1 1 0 0 0 0 1 0 1 0 0 0 0 1 0 1 1 0 0 0 1 1 1 0 1 0 1 1 0 1 1 0 0 0 1 0 0 1 1 0 1 1 0 1 0 1 1 0 0
0 0 0 0 1 1 0 0 1 0 1 1 0 0 0 1 0 1 0 1 0 0 0 0 1 1 0 1 0 0 0 0 1 1 1 0 1 0 1 1 1 1 1 0 0 0 0 0 1 0 0 1 1 0 1 1 0 1 1 0 1 1 0 1 1
0 0 1 0 1 1 1 0 0 1 1 1 0 0 1 0 1 0 0 0 0 1 0 0 1 0 1 0 1 0 0 0 0 1 1 1 0 0 0 1 0 1 1 1 1 1 1 1 1 0 0 0 1 1 1 1 1 0 1 1 1 0 1 1 0
0 0 0 1 1 1 0 0 0 1 1 0 1 0 1 0 1 0 0 1 1 0 0 0 1 0 0 0 1 1 1 0 1 0 1 0 0 0 1 1 1 0 0 0 0 0 1 0 0 1 0 0 1 0 0 0 1 0 0 1 1 0 0 0 1
1 0 0 1 1 0 0 1 1 1 1 0 0 1 0 1 1 1 1 1 1 1 0 1 1 1 1 0 1 1 1 0 0 1 1 0 1 0 1 0 0 0 1 1 0 0 0 1 1 1 1 1 1 1 1 1 1 0 0 0 1 1 0 0 1
1 0 0 1 1 1 0 1 0 0 1 1 0 1 1 1 1 0 0 0 1 1 1 1 0 1 1 0 0 1 0 1 0 0 0 1 0 1 1 1 1 1 1 0 0 1 1 0 1 0 0 1 0 0 0 1 1 0 0 1 0 0 0 0 0
1 0 1 1 0 0 1 0 0 0 0 0 1 1 0 1 1 0 1 0 0 1 0 1 0 0 1 0 0 1 0 1 0 1 0 0 0 1 0 0 0 1 1 1 0 0 1 0 0 0 1 0 1 0 0 0 0 0 0 0 1 1 1 0 0
0 1 1 0 0 0 0 0 0 1 0 0 0 0 1 1 1 1 0 0 1 1 1 0 0 1 0 1 1 0 0 0 0 1 0 1 0 0 1 1 1 0 1 0 1 1 0 0 0 0 0 1 0 1 0 1 0 0 1 0 0 1 1 0 1
1 0 0 0 0 1 1 0 0 1 0 0 0 1 1 1 0 1 1 1 1 1 0 0 1 1 0 1 0 1 0 0 0 1 1 1 0 0 1 0 1 0 0 0 0 0 1 1 1 1 1 0 0 1 1 0 0 1 0 1 0 0 1 0 1
1 0 1 1 0 1 0 1 1 0 0 0 0 0 0 1 1 0 1 0 0 1 1 0 1 0 0 1 1 0 0 1 1 0 1 0 1 0 1 1 1 1 1 1 0 1 1 0 0 1 1 1 0 1 0 0 1 0 1 0 1 1 0 1 0
1 0 1 0 1 1 0 0 1 1 1 1 1 1 0 1 1 0 1 0 1 1 1 0 1 1 1 1 0 0 1 0 0 0 1 1 0 1 0 1 0 1 0 1 0 0 0 0 1 1 1 0 0 0 1 0 1 0 0 0 0 1 1 1 1
1 0 0 1 1 0 1 1 1 1 0 1 1 1 1 0 0 1 1 1 0 1 0 1 1 0 0 1 1 1 0 1 1 0 0 0 1 1 1 1 0 0 1 0 1 0 1 1 0 0 0 0 0 0 1 0 0 1 0 0 0 0 1 0 0
0 0 1 0 0 1 0 1 1 0 1 0 0 1 1 1 0 0 1 1 0 1 0 1 1 0 0 0 1 0 0 1 0 0 1 0 0 0 1 1 1 0 0 0 1 1 1 1 1 1 0 0 0 1 0 1 0 0 0 1 0 1 0 0 1
0 0 0 1 1 1 0 0 1 1 0 0 1 1 0 0 1 1 1 0 0 0 0 1 1 0 1 1 0 0 1 1 1 1 0 1 1 1 0 0 1 1 1 1 0 1 1 0 0 1 0 1 1 0 0 1 1 0 0 1 0 0 1 1 0
0 0 0 1 0 0 0 1 0 0 1 0 1 0 1 0 0 0 0 1 1 0 1 0 1 1 1 1 1 1 0 0 1 1 0 1 0 1 0 0 1 0 0 0 1 0 0 0 0 1 0 0 1 1 0 1 1 1 1 0 0 0 0 1 0
0 1 0 1 1 1 1 1 1 0 1 1 0 1 1 1 1 0 0 0 0 0 1 0 1 1 0 1 0 1 0 0 0 1 1 0 1 0 0 1 1 0 0 1 0 0 0 0 1 1 1 1 0 1 1 0 0 1 0 1 0 0 0 0 1
0 0 1 1 1 0 1 0 0 1 1 0 1 0 1 0 1 0 1 0 1 0 0 1 0 1 0 1 0 0 1 1 1 1 0 1 0 0 1 0 0 1 0 0 0 0 0 1 1 1 0 1 1 0 0 1 0 0 1 0 1 0 1 1 0
0 0 0 1 0 0 1 0 1 0 0 0 1 0 0 0 0 1 1 1 1 1 0 0 1 1 1 0 1 0 1 0 1 1 1 0 1 0 0 1 0 1 0 0 1 0 0 0 1 1 1 0 1 1 0 0 0 0 1 1 0 1 0 1 1
1 0 1 1 0 0 1 1 0 0 0 1 1 1 1 1 0 0 0 0 0 0 0 0 1 0 1 1 1 0 1 1 0 0 1 0 1 1 1 0 1 0 0 1 0 1 0 0 1 0 0 0 1 1 1 0 0 0 1 0 1 0 1 0 1
0 0 0 0 0 0 1 0 0 1 1 1 0 0 0 1 0 0 1 0 0 0 1 0 1 0 0 1 0 1 0 0 0 1 0 0 1 1 0 0 1 0 0 0 0 0 1 1 1 0 0 0 0 1 0 1 1 0 0 0 1 1 0 0 0
1 0 0 1 1 1 1 0 0 1 0 1 0 0 0 0 1 1 1 0 0 0 1 1 1 1 1 1 1 1 1 0 1 1 1 1 0 1 1 1 1 1 0 0 1 0 0 1 1 0 0 1 0 1 0 0 0 0 1 1 1 0 1 0 1
0 0 0 0 0 1 0 1 1 0 0 1 1 0 1 1 1 1 1 0 1 0 0 1 1 0 1 1 1 0 0 1 0 0 0 1 0 1 0 1 1 0 0 0 1 0 1 1 0 0 0 1 1 1 0 1 0 1 0 1 1 0 0 0 1
1 1 1 1 1 1 1 0 0 1 1 0 1 1 0 0 0 0 1 1 1 1 1 1 1 1 0 0 0 0 0 1 0 0 0 0 0 0 0 1 1 0 1 0 1 1 0 0 0 1 1 1 1 0 0 1 0 1 0 1 1 0 1 1 1
0 1 1 0 1 0 0 1 1 0 1 1 0 0 1 1 0 1 1 1 0 1 1 0 0 1 0 1 0 1 1 0 0 0 1 1 1 0 1 0 0 1 0 1 0 1 0 1 0 1 0 1 0 0 0 0 1 1 1 0 1 1 1 1 1
1 0 0 1 1 1 1 0 0 1 1 1 1 0 1 0 0 1 0 1 0 0 0 1 1 0 0 1 0 1 1 0 0 0 0 0 0 1 1 0 1 1 0 1 0 1 0 0 0 0 1 0 1 0 1 0 1 1 0 0 1 1 1 1 1
0 0 0 0 1 1 0 0 1 1 1 0 0 0 1 0 0 0 1 1 1 1 1 1 0 1 1 1 0 1 0 0 0 1 1 0 0 1 0 0 0 1 0 0 1 0 1 1 1 1 1 1 1 0 0 1 1 1 0 0 0 0 0 0 1
1 1 1 1 1 1 1 1 1 1 0 1 1 1 1 1 1 0 1 1 0 0 1 1 1 0 1 0 1 1 1 1 1 1 1 1 1 0 0 0 1 0 0 1 1 0 1 1 1 0 1 1 1 0 1 0 1 0 1 1 1 0 1 0 0
1 0 1 0 1 0 1 0 1 0 1 1 0 0 0 0 0 0 1 1 1 0 1 0 0 0 1 0 1 1 0 1 0 1 1 1 0 0 1 0 0 0 1 0 1 0 0 1 0 1 1 1 0 1 0 0 0 0 0 0 0 0 1 0 1
0 0 1 0 1 0 1 0 1 1 0 1 0 1 0 0 1 1 0 1 1 1 1 1 0 1 0 0 1 1 1 1 0 0 1 0 1 1 1 1 1 0 1 1 0 0 0 0 0 1 0 0 0 1 0 0 0 0 1 0 1 0 1 1 1
1 0 0 1 0 1 0 0 0 0 0 0 0 0 1 0 1 0 0 0 1 0 0 0 0 0 1 1 0 1 0 0 0 1 0 1 1 0 0 1 1 0 1 1 1 0 0 1 1 0 1 1 1 0 0 0 0 1 1 0 1 0 1 0 1
0 0 0 0 0 0 0 1 1 1 1 0 1 0 1 0 1 1 1 1 1 0 1 0 0 0 0 1 0 1 0 1 0 1 1 1 1 1 1 0 0 1 0 1 0 1 1 1 1 0 0 1 0 1 1 1 0 1 0 1 1 1 1 1 0
1 1 1 1 0 1 0 1 1 0 1 0 1 1 1 0 1 1 0 0 1 0 0 0 1 0 1 0 1 0 1 0 1 1 0 0 1 0 1 1 1 1 0 1 1 1 1 1 0 1 1 1 0 1 1 0 0 0 1 1 0 0 1 1 1
0 1 0 0 0 0 1 1 1 0 1 1 1 0 1 0 1 0 1 0 0 1 1 0 0 0 1 0 1 0 1 1 0 1 0 0 1 1 0 1 1 0 1 0 1 1 1 0 0 0 1 1 0 0 1 0 0 0 1 1 1 1 0 1 0
1 1 1 0 1 0 0 1 1 0 0 0 1 1 0 1 0 0 0 0 0 1 0 0 1 1 0 0 0 0 0 1 0 1 0 1 1 1 0 1 0 1 0 0 0 1 1 1 0 0 0 1 0 1 0 0 0 1 1 1 1 0 0 0 0
1 0 1 0 1 1 1 0 0 0 0 0 1 0 1 0 0 0 1 1 1 0 0 0 1 0 0 0 0 1 1 1 1 1 0 1 1 1 1 1 1 0 1 0 1 0 1 0 1 0 0 0 1 1 1 1 0 1 0 0 1 1 1 0 0
1 1 0 1 1 1 0 1 1 0 0 1 1 1 1 0 0 1 0 1 0 1 0 1 1 0 1 1 0 1 1 1 0 0 1 1 0 0 1 1 1 1 1 1 0 0 1 0 0 1 1 0 0 1 1 1 0 1 1 1 1 1 0 1 1
0 1 1 1 0 1 1 1 1 0 0 0 0 1 1 1 1 1 1 0 0 0 1 1 1 0 0 0 0 0 0 0 1 1 0 0 0 1 0 0 1 1 0 0 0 1 1 0 0 1 0 1 1 1 1 0 0 0 1 1 1 1 0 1 1
0 1 1 0 1 1 0 0 0 1 1 0 1 0 1 1 1 0 0 1 0 1 1 1 1 0 0 0 0 1 1 1 0 1 0 0 1 0 1 1 0 0 1 0 1 1 0 1 0 0 1 0 0 0 0 0 1 1 1 1 0 0 0 0 1
1 1 1 1 1 1 1 1 1 1 0 1 0 1 1 1 0 0 1 1 1 1 1 0 0 1 0 0 1 0 1 0 1 1 0 1 0 1 0 0 1 0 1 0 1 0 1 1 0 0 0 1 1 0 1 1 1 0 0 0 1 0 0 1 0
0 0 1 0 1 1 0 1 0 0 1 1 0 0 1 1 1 1 0 0 0 0 1 1 0 0 0 1 0 0 0 0 1 0 0 0 0 1 0 1 0 1 1 0 1 1 1 1 0 0 1 1 0 0 0 0 1 1 0 0 1 1 1 0 1
1 1 0 0 1 1 0 1 0 1 1 1 1 0 1 1 0 0 1 1 1 0 1 1 0 1 0 1 1 1 1 1 0 0 1 1 1 1 0 0 1 0 1 1 0 1 0 0 0 1 1 1 1 0 1 0 0 1 0 1 0 0 1 0 0
1 1 1 0 1 1 1 1 1 1 1 0 1 0 0 1 1 0 1 1 0 1 0 1 0 1 1 1 0 1 1 0 1 0 0 1 0 0 1 1 0 0 0 0 0 0 1 1 1 0 0 1 0 1 1 1 1 0 0 1 0 0 0 1 1
1 1 1 0 1 1 1 0 0 0 0 1 0 1 0 1 1 0 1 1 0 0 0 1 1 0 1 0 1 0 0 0 0 1 0 1 0 1 0 1 1 1 1 1 0 0 0 0 1 1 1 1 0 1 0 1 1 1 1 1 1 0 1 1 1
0 1 0 0 1 0 0 0 0 0 1 0 1 1 0 0 1 1 0 1 1 1 1 1 0 0 0 0 0 1 0 0 1 0 1 1 1 0 0 1 1 0 1 0 1 0 1 1 0 1 0 1 1 1 1 0 1 1 1 0 0 0 0 1 1
1 0 0 1 0 0 1 0 1 0 1 1 1 0 0 1 0 1 1 1 0 1 0 1 0 0 0 0 1 0 1 1 0 1 1 1 1 1 1 1 1 0 0 1 0 1 1 1 0 0 0 1 0 0 1 1 0 1 0 1 1 0 1 1 1
1 1 1 1 0 0 0 1 1 1 0 1 0 0 1 1 1 1 0 1 0 1 1 0 0 1 0 1 0 0 1 0 0 1 0 1 0 1 0 0 1 0 1 1 0 0 1 0 1 0 1 0 1 1 0 1 0 1 1 0 1 0 0 0 1
1 1 0 1 1 1 1 1 1 1 1 0 1 1 0 1 1 1 1 1 1 1 1 1 0 1 0 0 0 0 1 0 1 1 0 0 1 1 0 0 1 1 0 1 0 1 0 1 1 0 1 1 0 1 0 1 0 1 1 0 0 0 1 0 0
1 0 1 1 0 0 0 0 1 0 1 0 1 1 1 1 0 1 0 0 1 1 1 1 1 0 0 1 0 1 0 1 1 0 1 1 1 1 1 0 1 0 0 1 1 0 0 0 0 1 0 1 1 0 1 1 0 0 0 1 0 1 0 0 0
0 0 0 0 1 0 1 0 0 0 1 1 1 0 1 0 0 0 1 1 0 0 1 1 1 1 0 0 1 0 0 1 1 1 1 1 1 1 1 1 0 0 0 1 0 1 0 0 0 0 1 1 1 1 0 1 1 0 1 1 0 1 1 0 0
1 0 0 0 1 1 1 0 1 1 1 0 0 1 0 0 0 0 1 0 1 0 0 1 1 1 1 0 1 1 0 1 0 0 1 1 1 0 0 1 0 1 1 1 1 0 1 1 0 1 0 1 0 0 0 0 0 1 1 1 1 1 0 1 0
1 0 1 1 0 1 0 1 0 0 1 0 1 1 0 1 1 1 0 1 0 1 1 0 0 1 0 0 0 1 0 0 0 0 1 1 0 0 0 1 1 1 0 1 1 0 1 0 0 0 1 1 0 1 1 1 1 0 1 1 1 1 1 0 1
1 0 0 0 0 0 1 1 0 1 0 0 1 0 0 0 1 0 0 1 1 1 1 1 0 1 0 1 0 0 1 0 0 0 1 0 0 0 0 0 0 0 0 0 0 1 0 1 0 0 1 0 1 1 0 0 1 0 1 1 1 0 0 0 1
1 1 1 1 0 1 0 1 1 1 1 0 0 1 0 1 1 0 0 1 0 0 0 1 1 1 1 1 1 1 0 0 0 1 0 0 1 1 0 1 1 1 1 0 0 1 0 1 1 1 0 0 1 0 1 0 0 0 0 0 0 0 0 0 0
1 1 1 1 0 1 0 0 0 1 1 1 1 0 1 0 1 1 1 0 0 0 0 1 0 1 1 0 0 1 0 0 1 1 0 0 0 0 1 0 0 1 1 0 0 0 0 1 0 0 0 0 1 1 1 1 1 1 0 1 1 1 1 0 1
1 0 1 0 1 0 0 0 0 0 0 0 0 1 0 0 1 1 1 0 1 0 1 0 0 0 1 1 1 1 0 0 0 0 0 1 0 0 1 1 0 1 1 0 1 0 1 0 1 0 1 0 0 0 1 1 1 1 0 0 1 0 0 1 0
1 1 0 0 1 1 0 1 0 1 1 0 0 0 1 0 1 0 0 1 1 0 1 1 1 1 0 1 0 1 1 0 1 1 0 1 0 0 1 1 0 1 1 1 1 0 1 1 1 1 1 0 0 1 1 0 1 0 1 0 0 1 1 0 0
0 0 1 0 0 0 1 1 0 0 1 1 0 1 1 1 0 1 1 1 1 1 1 0 0 0 0 1 1 0 0 1 1 1 1 0 0 1 0 0 1 0 1 0 0 1 0 1 1 1 1 0 0 0 1 1 0 1 1 0 0 1 1 1 0
1 0 0 0 1 0 0 0 1 1 1 1 0 0 0 1 0 1 0 1 1 1 0 0 1 0 1 0 1 0 0 0 1 1 0 1 1 1 1 1 0 1 0 1 1 0 0 1 1 0 1 1 0 0 0 0 0 1 0 1 0 0 1 1 0
0 0 1 0 0 1 1 1 0 0 1 0 0 1 0 0 1 1 1 1 0 1 0 1 1 1 0 0 0 0 0 0 1 0 1 1 0 1 1 1 0 1 0 0 0 0 1 1 0 0 1 0 0 0 0 1 1 1 0 0 1 1 0 1 0
1 1 0 0 1 1 1 0 0 1 1 0 1 1 0 1 1 0 0 1 1 0 1 1 1 0 1 0 1 0 0 1 1 0 1 0 1 1 1 0 0 0 1 0 0 1 0 0 1 1 0 1 0 1 1 1 0 0 1 1 0 1 0 1 0
1 1 1 1 1 1 0 1 1 1 0 0 0 1 1 0 1 0 1 1 1 1 1 0 0 0 1 1 1 1 0 1 1 1 1 0 0 0 1 1 0 0 0 0 1 1 0 1 0 1 1 1 1 0 1 0 0 0 0 1 1 1 1 1 1
1 1 1 0 1 1 0 1 1 0 0 0 0 1 0 1 1 0 1 0 1 1 0 1 0 0 0 1 0 1 0 1 0 0 0 0 1 1 1 0 0 0 0 0 0 1 1 0 1 1 0 0 1 0 1 1 1 0 1 0 1 0 1 1 1
1 1 1 0 1 1 1 0 0 0 1 1 0 1 1 1 1 1 0 0 0 0 1 0 1 1 0 1 1 0 1 1 1 0 1 0 0 1 1 0 0 0 0 0 1 0 0 0 0 1 0 0 1 0 1 1 1 0 0 0 1 1 1 0 1
1 0 1 0 0 1 1 0 0 1 1 0 0 0 1 0 1 0 0 1 0 1 1 0 0 0 0 1 0 1 1 1 1 0 1 0 0 1 0 0 1 1 1 0 1 0 1 0 1 1 0 1 0 0 1 0 1 1 1 1 0 0 0 1 1
1 0 1 1 1 0 1 1 0 0 1 0 1 0 0 1 0 0 0 1 1 0 1 0 0 1 1 1 0 1 0 1 1 0 1 0 1 1 1 1 1 1 0 1 0 0 1 0 0 1 0 0 0 0 1 1 0 1 1 0 0 1 1 1 1
1 0 1 0 1 1 1 1 1 0 0 1 1 0 1 0 1 1 1 1 1 0 0 0 1 1 0 1 0 0 0 0 1 1 0 1 1 0 0 1 1 0 1 1 0 1 0 0 0 0 1 0 0 1 1 0 1 0 0 1 1 0 1 1 0
1 1 1 1 1 0 1 0 1 1 0 0 0 0 0 1 0 1 0 0 0 0 1 0 0 1 0 1 0 1 1 0 0 1 1 1 1 1 0 0 0 1 0 1 1 1 1 1 0 1 1 0 0 1 1 0 0 0 0 0 1 0 0 1 0
0 1 1 0 1 0 0 0 0 1 0 1 1 0 1 1 0 0 1 0 0 0 1 1 0 0 1 0 1 0 1 0 0 0 1 0 1 0 0 1 1 1 1 0 0 1 0 0 1 1 0 0 1 0 0 1 0 1 1 0 1 0 0 1 1
1 0 0 0 1 0 1 0 0 1 0 1 1 1 1 1 0 1 0 1 0 1 0 0 1 1 1 1 1 1 1 1 1 0 1 0 0 1 0 1 1 0 1 1 0 0 1 1 1 1 1 1 1 0 0 0 1 0 1 0 0 0 0 0 0
0 0 1 1 0 0 1 1 1 1 1 0 0 1 0 0 0 1 0 0 1 1 0 0 1 1 1 0 0 0 0 1 1 1 0 1 0 1 1 1 1 1 0 0 1 1 0 1 1 0 0 1 1 1 0 1 1 0 1 0 1 1 1 0 1
1 1 0 1 0 1 0 1 1 0 0 0 1 0 0 0 0 0 0 1 1 1 0 0 1 0 0 1 0 0 0 0 1 0 0 0 1 1 0 0 0 0 1 1 1 0 1 0 1 0 1 0 1 1 1 1 0 0 1 1 1 0 0 0 1
0 0 0 0 1 0 1 0 1 1 0 1 1 1 0 0 1 0 1 0 1 1 0 0 0 1 1 1 0 1 1 1 1 0 0 0 1 1 0 0 1 0 0 1 1 0 0 1 0 0 0 0 1 0 1 0 0 1 0 1 0 0 0 1 0
1 0 1 1 1 1 0 0 0 0 1 1 1 1 1 1 0 1 1 0 1 0 0 0 0 0 1 1 0 0 0 0 1 0 1 1 0 1 0 1 0 1 0 1 0 0 1 1 0 1 1 1 0 0 1 1 0 0 1 1 0 0 0 0 1
0 1 0 1 1 1 1 1 0 1 0 1 1 1 0 1 0 1 1 0 1 0 1 1 1 0 0 1 0 1 0 1 1 1 1 1 1 0 1 1 1 1 1 0 1 1 0 0 0 1 0 0 1 1 1 1 1 0 1 1 1 0 0 1 1
0 1 1 0 1 1 0 0 1 1 1 1 1 0 0 0 0 0 0 1 1 1 0 0 0 1 0 0 1 1 0 0 1 1 1 1 0 1 0 0 1 1 0 1 1 1 0 1 1 1 0 1 0 0 0 1 0 0 0 1 0 1 0 1 1
1 0 0 1 0 1 0 1 0 0 1 1 1 1 0 0 1 0 1 1 0 1 0 1 1 1 0 1 0 1 1 0 1 1 0 0 0 1 0 0 0 0 0 0 1 0 1 0 1 0 0 1 1 0 1 0 0 0 1 1 0 1 1 1 0
1 1 0 0 0 0 1 1 1 1 0 1 1 1 0 0 0 0 1 0 1 1 1 1 1 0 1 0 0 1 1 1 1 1 1 0 0 1 1 0 1 1 0 0 0 0 1 1 0 1 0 0 1 1 0 1 0 1 0 1 0 0 0 1 1
1 1 1 0 1 1 1 0 1 0 1 0 0 0 1 0 0 1 0 1 1 0 1 1 0 1 1 1 1 0 0 0 1 0 1 1 0 0 1 0 1 1 1 1 0 1 0 1 1 0 0 0 1 0 0 0 0 1 0 1 0 0 0 1 1
0 1 0 0 1 1 1 1 0 1 0 0 0 0 0 1 1 1 0 0 0 0 0 1 1 0 0 1 1 1 1 1 0 0 1 1 1 1 0 1 1 0 0 0 0 0 1 1 1 1 0 0 0 0 1 1 0 0 1 0 1 1 1 0 0
0 1 0 0 1 0 1 1 0 0 0 0 1 1 0 0 1 0 1 0 1 1 0 1 1 1 0 1 1 1 0 0 1 0 0 0 1 1 1 0 1 1 1 0 0 0 0 1 1 1 1 1 0 0 0 1 0 1 1 1 0 1 1 0 1
0 1 1 0 1 0 1 1 0 0 1 0 0 0 1 1 0 0 0 1 1 1 0 0 0 0 0 1 0 0 1 0 0 1 0 1 1 1 0 0 0 0 0 1 1 0 1 1 1 1 1 1 1 1 1 0 1 1 1 1 0 1 1 0 0
0 0 0 0 1 0 1 0 0 1 1 1 1 0 0 1 1 0 0 0 0 1 0 0 1 1 1 1 0 0 0 0 1 0 0 1 0 0 1 1 1 0 1 1 0 0 1 0 0 0 1 1 1 0 0 0 0 0 1 1 0 1 1 1 1
1 0 0 1 0 1 0 1 0 0 0 1 0 1 0 1 0 1 1 0 1 0 0 1 0 0 1 0 1 1 0 1 0 0 1 1 1 1 0 0 0 1 0 0 1 0 0 1 0 1 1 0 0 1 1 1 1 0 0 0 1 0 1 0 0
0 0 0 1 1 0 0 1 1 1 0 0 0 1 0 0 1 1 1 0 0 0 0 0 0 1 0 1 0 0 0 1 0 0 1 1 0 0 1 0 0 0 1 1 0 1 0 1 0 0 1 0 0 1 1 0 1 1 0 0 0 0 1 1 1
0 0 0 0 1 0 1 0 1 0 1 1 1 0 1 1 1 1 0 0 1 1 0 1 0 0 1 1 1 1 1 0 1 0 0 0 1 0 1 1 1 1 1 0 0 0 1 0 1 1 1 0 1 1 1 1 1 0 0 0 0 1 1 1 0
0 1 1 0 1 0 1 1 0 1 0 1 1 0 0 0 0 0 0 1 0 1 0 0 1 0 1 0 1 0 0 1 1 0 1 0 1 1 0 1 1 1 0 1 1 0 0 0 1 1 0 0 1 1 0 0 1 1 0 1 1 1 1 0 0
1 1 1 1 1 1 0 0 1 0 0 0 0 0 0 1 1 0 0 0 1 0 0 0 0 1 0 0 0 1 1 0 0 1 0 0 0 0 1 0 1 0 1 1 0 1 0 1 0 1 0 1 0 0 1 1 0 0 1 1 0 1 1 1 0
0 1 1 1 1 0 0 0 0 0 0 0 0 0 1 0 0 0 1 1 1 1 0 1 1 1 0 1 1 1 0 1 0 0 1 1 0 1 0 1 0 1 1 0 0 0 0 1 1 0 1 1 0 1 1 0 0 0 1 0 1 0 0 1 1
0 1 1 1 0 1 0 0 0 0 0 0 1 1 0 1 1 0 1 1 1 1 1 0 0 0 1 1 0 0 1 1 0 1 1 0 1 0 1 1 1 1 0 0 1 0 0 1 1 1 0 1 0 0 0 1 1 1 0 0 1 0 0 0 0
0 0 1 0 0 0 1 0 1 0 0 1 1 1 0 1 0 1 1 1 0 0 0 1 0 0 0 1 1 1 0 0 0 0 0 1 0 1 1 0 0 1 1 0 0 1 1 0 0 1 1 1 1 1 1 1 1 0 0 0 0 0 0 0 1
1 1 0 1 1 0 0 0 1 0 1 0 1 0 1 0 1 1 0 1 1 0 1 1 0 1 1 0 0 0 0 1 0 1 1 0 1 1 1 1 1 0 0 0 0 0 0 1 0 0 1 0 1 0 1 1 0 0 0 0 1 0 1 0 1
1 0 1 0 0 1 0 0 1 1 1 0 1 0 0 0 0 1 0 1 0 1 0 1 0 0 1 1 1 1 1 1 0 1 0 0 0 1 0 1 0 0 0 1 0 0 1 0 0 1 1 1 0 1 1 0 0 0 0 1 0 1 0 0 0
0 1 1 0 0 0 1 1 0 0 1 0 1 0 1 1 1 1 1 0 1 1 0 1 1 0 1 0 1 1 0 1 1 0 1 1 0 0 1 1 1 0 0 1 1 1 0 0 0 0 1 0 0 0 0 1 1 0 0 0 0 0 1 1 1
1 1 1 0 0 0 0 0 1 0 1 0 1 0 0 0 0 0 0 1 0 1 0 0 0 1 1 1 1 0 0 1 1 0 1 1 1 1 0 0 1 0 1 0 1 0 1 1 0 1 0 0 0 0 1 1 1 0 1 0 1 1 1 1 0
1 1 1 1 1 1 0 1 0 1 1 0 0 0 0 0 1 1 0 0 1 0 1 1 0 0 0 1 1 1 1 0 0 1 0 0 1 0 0 0 1 1 0 0 0 1 0 1 0 0 0 0 0 1 1 1 1 1 0 1 1 1 0 1 1
0 0 0 1 0 1 1 1 1 0 1 1 1 1 1 0 1 1 0 0 1 0 1 0 1 1 1 1 0 1 1 0 1 0 1 1 1 0 1 0 0 0 1 0 0 0 1 1 0 0 0 0 0 1 0 1 0 0 1 0 0 0 0 1 0
0 0 0 0 1 1 0 1 0 0 0 0 0 1 1 1 1 0 1 0 1 1 0 0 1 1 1 0 1 1 0 1 1 1 1 0 0 0 0 0 1 1 1 0 0 0 0 0 0 0 1 0 1 0 1 1 0 0 1 1 1 1 0 0 1
1 1 0 1 1 0 0 0 1 1 1 1 1 1 0 1 1 1 0 0 0 0 0 1 1 1 0 0 1 1 1 1 1 1 0 1 0 1 0 1 0 0 0 0 0 0 0 0 0 1 1 1 1 1 0 0 1 0 0 1 0 0 0 1 1
0 0 0 1 1 0 1 1 0 1 1 0 0 1 0 1 0 1 0 0 1 1 1 0 0 1 1 1 0 1 1 0 1 1 0 0 0 0 1 0 1 0 0 1 1 1 0 0 1 1 0 1 1 1 0 0 0 0 0 0 1 0 0 1 1
1 1 0 0 0 1 0 0 1 0 1 0 0 0 0 1 1 0 0 0 0 0 1 1 1 0 1 0 0 1 1 0 0 0 0 1 0 1 1 1 0 1 0 1 1 0 0 0 0 1 1 1 1 1 0 1 0 1 0 0 1 1 0 0 0
1 1 0 0 0 0 0 1 1 0 0 0 1 1 1 0 1 0 0 1 1 1 1 0 1 0 0 0 0 0 1 1 1 0 1 0 0 0 1 1 0 1 1 0 1 1 0 0 1 0 0 1 1 0 0 1 1 1 1 0 0 1 1 1 1
1 0 1 1 1 1 1 1 1 1 1 1 1 0 1 0 1 1 0 1 1 0 1 1 1 0 1 0 0 0 0 1 1 0 1 0 0 0 0 1 1 0 1 0 0 0 1 1 1 0 1 1 1 0 1 0 1 1 0 1 1 0 0 1 0
0 0 1 1 1 0 0 1 0 1 0 0 1 1 0 0 0 0 1 0 1 0 0 1 0 1 1 0 0 1 0 0 0 1 1 0 1 0 0 1 1 0 1 0 0 0 1 0 0 0 0 1 0 1 1 1 0 0 0 1 0 0 0 0 0
0 0 0 0 1 1 1 0 1 1 0 0 1 1 1 0 0 1 0 0 1 0 0 1 0 1 0 0 1 0 1 1 1 1 1 0 0 1 1 1 0 0 1 0 1 1 0 1 1 0 1 1 1 0 1 0 0 0 1 1 0 0 1 1 0
0 0 1 0 1 1 1 0 0 0 1 0 1 1 0 1 0 1 0 0 0 0 1 1 1 1 1 0 1 1 0 1 1 1 1 1 0 0 1 1 1 1 1 0 0 1 0 0 0 1 0 1 0 1 0 0 0 1 0 0 1 0 1 0 0
1 1 1 1 1 1 1 0 1 0 0 0 0 0 1 0 1 0 1 0 0 0 0 0 1 1 1 1 1 1 0 1 0 1 1 1 1 0 1 0 0 1 0 1 0 0 0 0 1 1 0 0 0 0 1 0 1 0 0 1 0 1 1 0 0
0 0 0 1 1 1 1 0 0 0 0 1 1 1 1 1 0 0 0 1 0 0 1 0 0 1 0 0 1 0 1 0 0 1 1 0 1 0 0 0 0 1 1 0 0 1 1 1 1 1 0 0 0 0 0 0 1 1 0 1 0 0 1 1 1
0 1 1 1 1 1 0 0 1 1 1 1 0 1 1 1 0 1 0 1 0 0 1 1 1 1 0 1 0 0 1 1 1 1 1 1 0 1 0 0 0 0 0 0 1 1 0 1 0 0 0 0 0 1 0 1 0 0 1 1 1 0 1 1 1
0 0 1 1 1 0 1 0 1 1 0 0 0 1 1 1 0 0 0 0 1 0 1 1 0 0 0 1 0 0 0 1 0 0 0 1 1 0 1 1 0 0 1 0 0 1 0 0 1 1 1 0 0 1 0 1 0 1 0 1 1 1 1 0 1
1 1 1 1 0 1 0 0 0 1 1 1 1 0 1 0 1 0 1 1 0 0 1 1 0 1 1 0 0 1 0 1 1 0 0 0 1 0 1 1 1 1 0 1 0 1 1 0 1 0 0 1 0 1 0 0 0 0 0 0 0 1 1 0 1
1 0 1 1 0 0 0 1 0 1 0 1 1 1 0 0 0 1 0 0 0 1 0 1 0 1 0 1 1 0 0 0 1 1 1 1 1 0 0 0 0 1 0 0 0 0 1 0 1 0 0 1 0 1 0 0 1 1 1 0 0 0 1 1 1
1 1 1 0 1 1 0 1 1 1 0 1 0 1 0 0 1 1 1 0 0 1 0 1 0 0 0 0 1 1 0 0 1 0 1 0 1 1 1 1 1 1 0 1 0 1 0 1 0 0 1 1 1 0 1 0 0 0 1 1 1 0 0 0 1
0 1 1 1 1 0 0 1 0 0 0 1 1 0 0 0 1 0 0 0 0 1 1 1 0 1 1 0 1 1 1 1 1 0 1 0 0 1 0 0 1 1 1 0 0 1 1 1 1 0 1 0 0 1 1 0 1 0 1 0 0 1 1 1 0
0 1 0 0 1 0 1 0 0 0 1 1 1 0 0 1 0 0 0 0 1 0 1 1 1 1 1 0 0 1 1 1 0 1 0 1 1 1 0 0 0 1 1 0 1 0 0 1 0 0 1 0 1 0 1 0 1 1 1 0 1 0 1 1 1
1 0 0 0 0 1 0 0 0 1 1 0 0 0 0 0 0 0 1 0 0 1 1 1 1 0 1 1 0 0 0 1 0 0 0 0 0 1 1 0 1 0 1 1 0 0 0 1 0 1 0 0 0 0 1 1 1 1 1 0 1 0 0 0 1
0 0 0 1 0 1 1 1 0 0 1 1 0 0 1 1 1 0 1 1 0 0 0 1 0 0 1 1 0 1 1 0 1 0 1 0 1 0 1 0 1 1 1 1 1 1 0 1 0 1 1 0 1 1 0 1 0 1 0 1 0 0 1 0 1
1 0 0 1 0 0 0 0 0 0 1 0 0 1 1 1 1 0 1 0 1 0 0 0 0 1 0 0 1 1 0 0 0 0 0 1 1 0 1 1 1 1 1 1 1 1 1 1 0 0 0 0 1 1 1 0 0 0 1 0 0 0 0 1 1
1 0 0 1 0 0 0 0 0 0 0 0 0 1 0 0 1 0 0 1 0 0 0 1 1 1 0 1 1 1 0 1 1 0 1 0 1 1 1 0 0 1 0 0 1 1 0 0 0 0 0 0 0 1 0 0 1 1 0 1 0 1 0 0 1
0 0 1 0 1 0 0 0 0 0 0 0 1 1 0 1 1 1 0 1 1 1 0 1 1 1 0 0 1 1 1 0 0 1 0 1 0 1 1 0 0 1 0 1 1 1 1 1 0 1 0 0 1 1 0 1 0 1 0 0 1 1 1 1 1
0 1 0 0 0 0 0 1 0 1 0 1 1 0 0 0 0 1 1 0 1 1 0 0 0 0 1 1 0 0 0 1 1 1 0 1 1 0 0 1 1 0 1 0 0 1 1 1 1 1 1 1 0 0 0 0 0 0 0 0 0 0 0 1 0
0 1 0 0 0 1 0 0 0 1 0 1 0 1 1 0 1 0 0 1 1 0 0 1 1 0 0 1 1 0 1 0 1 0 0 0 0 0 1 0 0 1 0 1 0 0 0 0 1 0 0 1 1 1 1 0 0 1 0 1 0 1 0 1 0
1 0 0 1 1 0 0 0 1 1 0 1 1 0 0 1 1 0 1 0 0 0 1 0 0 1 1 0 1 1 1 1 0 0 0 1 0 0 0 1 1 1 0 0 0 1 0 1 0 0 1 1 0 0 1 1 0 1 1 1 0 1 0 0 1
1 0 0 1 0 0 0 1 0 0 1 0 1 1 1 0 1 1 1 0 0 0 1 1 0 1 1 1 1 0 1 0 0 1 1 0 0 0 0 1 0 0 1 1 0 1 1 1 1 1 1 0 0 0 0 0 1 0 1 0 1 1 0 1 0
0 0 1 1 1 1 1 1 1 0 0 1 1 1 0 0 1 0 0 0 0 0 0 1 0 0 0 1 1 1 0 1 0 0 1 0 0 1 0 1 0 0 0 1 0 0 0 1 1 1 0 0 0 1 0 1 0 1 0 1 1 0 0 1 0
1 0 1 1 1 0 1 0 0 1 0 0 0 0 1 1 0 0 1 1 0 1 1 1 0 1 0 0 1 0 1 1 0 1 1 0 1 0 0 0 1 1 0 0 1 1 1 1 0 1 0 1 1 1 1 1 1 0 1 0 1 1 0 0 1
0 0 1 0 0 1 1 1 1 1 1 1 0 1 0 0 1 0 0 0 0 0 1 1 0 1 1 0 0 0 0 1 0 1 1 1 1 0 1 0 1 0 0 1 1 1 0 0 1 0 0 0 0 0 1 1 0 1 0 0 0 1 1 1 0
1 1 0 1 1 1 1 0 0 0 1 0 1 0 0 1 0 1 0 0 0 0 0 0 1 1 1 0 0 0 0 0 0 1 0 1 0 1 0 0 0 1 0 0 0 0 1 0 1 0 1 0 0 1 1 1 1 0 0 1 1 0 0 1 0
0 0 1 0 0 0 0 1 1 0 0 1 0 0 1 1 1 0 0 0 0 1 0 0 0 0 1 1 0 1 0 0 0 1 1 1 0 0 1 0 1 0 1 1 0 1 1 1 0 0 0 0 1 0 0 0 1 1 0 1 1 1 0 0 0
0 0 1 0 1 0 0 0 1 0 1 1 0 1 1 0 1 0 1 0 0 1 1 1 0 1 1 0 1 1 0 0 1 0 0 1 0 0 0 0 0 0 1 0 1 0 1 0 1 1 0 1 0 1 0 1 1 1 0 0 1 1 0 1 1
0 1 1 1 0 0 1 0 1 0 1 1 0 1 0 0 1 0 0 0 1 1 0 1 0 1 1 1 1 0 1 1 0 1 1 0 0 0 0 1 0 1 1 1 0 1 0 0 0 1 1 1 1 1 1 1 1 0 1 1 1 0 1 0 1
0 0 0 0 0 0 0 1 0 0 1 0 1 1 1 1 1 1 0 0 0 1 0 1 1 1 0 1 1 0 1 0 1 0 0 1 0 1 0 0 1 1 1 1 0 0 0 1 0 0 0 0 0 0 1 0 1 0 1 1 0 0 1 1 1
0 1 0 0 1 1 1 0 1 0 0 1 1 1 1 1 0 0 1 0 1 1 1 1 0 0 0 0 1 0 0 1 0 0 1 1 1 1 0 0 0 1 0 0 1 1 0 0 0 0 0 1 0 0 0 0 0 0 0 0 0 1 1 0 1
1 1 0 0 0 0 0 1 0 0 0 1 0 0 0 1 0 0 1 1 1 1 1 0 0 1 0 1 1 1 1 0 0 1 1 1 0 1 1 1 0 1 0 0 1 0 1 1 0 0 0 0 0 1 0 1 1 0 1 0 0 0 1 0 0
1 1 0 0 1 1 0 0 1 1 1 1 0 0 1 0 1 1 1 0 0 0 0 0 1 1 0 0 0 0 0 1 0 1 1 1 0 0 0 1 1 1 1 0 0 1 1 0 0 1 0 0 0 0 0 1 1 1 1 0 0 0 1 0 1
0 0 0 1 0 0 0 1 1 1 0 1 1 0 0 0 0 1 1 1 1 0 0 1 1 1 0 0 1 0 1 0 0 0 0 0 1 0 0 1 1 0 1 1 1 0 1 1 1 1 1 0 0 0 1 1 1 1 1 0 1 1 1 0 1
0 0 1 1 0 0 1 1 1 1 0 0 0 0 1 0 0 1 1 0 1 0 1 0 0 0 0 1 1 0 0 0 0 0 0 0 1 1 0 0 1 1 1 0 1 0 0 1 1 1 0 0 0 0 0 0 1 0 1 0 1 1 1 1 1
0 0 0 1 0 1 0 1 1 0 1 0 0 1 1 1 0 1 0 0 1 1 1 0 0 0 1 0 1 0 1 0 0 0 1 0 1 1 1 1 0 0 1 1 0 0 1 1 0 0 1 0 1 1 1 0 0 1 0 1 0 1 1 1 0
1 1 0 0 0 0 0 1 1 1 1 1 0 1 0 1 1 0 1 0 1 0 0 0 0 1 1 1 0 0 1 0 1 0 1 0 1 0 0 1 0 1 1 0 1 1 0 1 1 1 0 1 0 1 1 1 0 1 0 1 1 0 1 1 1
1 1 1 0 0 0 0 0 1 1 0 0 0 0 0 0 1 0 1 0 1 0 0 1 0 0 0 0 0 0 1 1 0 0 1 1 1 0 1 1 0 1 1 1 0 0 1 0 0 0 1 0 1 1 1 0 1 1 0 1 0 0 1 0 1
0 1 0 0 0 0 1 1 1 1 1 0 0 0 1 1 1 0 1 0 1 1 0 0 1 0 0 1 1 0 0 0 1 0 0 1 0 1 0 1 1 1 1 1 0 0 1 0 0 1 0 1 0 1 1 1 0 0 0 0 0 1 0 0 0
0 1 0 0 0 0 1 1 1 1 0 0 1 1 1 1 1 1 0 1 1 0 0 1 0 1 1 1 0 1 0 0 1 1 1 0 0 0 0 0 1 1 0 0 1 0 1 0 1 0 0 1 0 0 1 0 0 0 0 0 1 1 0 1 0
1 0 1 0 1 0 1 0 0 0 0 1 0 1 0 0 1 1 0 0 0 0 0 0 1 0 1 0 0 0 0 0 0 0 0 1 1 1 0 0 1 0 0 0 1 0 1 1 0 1 0 0 1 0 0 1 0 0 0 1 0 0 1 1 1
1 1 1 0 0 1 1 0 0 0 0 1 1 0 0 1 0 0 0 1 1 1 0 0 1 0 0 0 1 1 1 1 1 1 1 1 0 0 0 0 1 0 0 1 1 0 0 0 0 0 1 1 1 0 0 0 0 1 1 0 1 1 0 0 1
0 1 1 1 0 1 1 1 0 1 1 0 1 1 0 1 0 0 0 1 0 1 0 1 0 1 0 1 0 0 0 1 0 1 1 1 0 1 1 0 1 1 0 1 0 0 0 0 0 1 1 0 0 1 0 1 0 0 0 0 0 0 0 0 1
0 1 1 0 1 1 0 0 0 0 0 1 1 0 1 0 0 1 1 0 0 1 0 1 1 0 0 1 0 0 1 1 1 0 1 0 0 0 0 0 0 0 0 0 0 1 1 0 1 0 1 0 0 0 0 0 0 1 0 0 1 0 0 0 0
0 1 1 1 0 1 1 1 1 1 0 0 1 1 0 1 1 0 1 0 0 1 0 1 1 1 1 0 1 0 1 0 1 0 0 1 1 0 1 0 0 0 0 0 0 1 0 1 0 1 0 0 0 1 1 0 1 0 0 1 1 1 0 0 0
0 1 1 1 1 0 1 1 0 1 1 0 0 0 0 1 1 0 0 0 1 0 1 0 1 1 0 0 0 0 0 1 1 0 1 0 1 0 0 0 1 0 1 1 0 1 1 1 0 1 1 0 0 1 0 1 0 1 0 1 1 0 0 0 1
1 1 1 1 1 1 1 0 1 0 0 0 1 1 0 1 1 0 0 0 1 1 0 1 0 1 1 1 0 0 1 0 0 1 1 0 0 1 1 0 1 0 1 1 1 0 1 1 0 1 0 0 0 1 0 0 1 1 1 1 1 1 1 0 1
0 0 1 0 1 0 0 1 1 0 0 1 0 1 1 1 1 0 1 1 1 1 1 0 0 0 1 0 0 0 1 0 1 0 1 0 1 1 1 0 1 0 1 1 1 1 1 0 1 0 0 1 0 0 0 0 0 1 1 0 1 0 0 0 0
0 0 0 1 1 1 1 0 1 0 1 0 0 1 1 0 1 1 0 0 0 1 0 0 1 0 0 1 1 1 0 1 1 1 0 1 0 1 1 0 0 1 1 1 1 1 0 1 1 1 1 1 0 0 1 1 0 0 1 0 1 1 0 0 0
0 1 0 1 0 0 0 1 1 0 0 0 1 1 1 0 0 1 1 0 0 0 1 1 1 1 1 1 1 1 1 0 0 0 0 0 1 1 1 0 0 0 0 0 0 0 1 0 1 0 0 0 1 1 1 1 1 1 0 1 1 0 1 1 0
0 1 1 0 0 1 0 0 0 0 1 1 0 0 1 0 1 0 0 1 1 1 0 1 1 0 1 0 0 1 1 1 0 0 0 0 1 0 0 0 1 0 1 0 0 1 1 1 0 1 0 1 1 0 0 1 1 1 0 1 1 1 1 0 0
1 0 1 0 0 1 1 1 0 1 1 1 1 0 1 0 0 0 0 0 1 0 0 0 0 0 1 1 1 1 0 0 1 0 1 0 1 1 1 0 1 1 1 0 1 1 1 1 1 1 0 1 0 1 1 0 0 1 1 0 1 1 0 0 0
1 1 1 0 0 1 0 0 1 0 0 1 1 1 0 1 1 0 1 1 0 1 1 0 0 1 1 0 1 1 0 0 1 1 0 0 1 1 1 1 0 0 1 1 1 0 1 0 1 1 0 1 1 1 1 0 1 0 1 1 0 1 0 0 1
0 1 1 1 1 0 0 1 1 1 1 1 1 0 1 1 0 1 0 0 1 0 1 1 1 0 1 0 1 1 0 0 0 1 0 1 0 0 1 1 0 0 0 1 0 1 1 1 0 1 0 1 1 1 1 0 1 0 1 0 1 0 1 0 0
0 1 1 0 1 0 1 1 0 1 0 1 1 1 0 0 1 1 0 1 1 0 1 0 0 0 1 0 0 1 0 0 1 1 0 0 0 1 1 1 0 1 0 1 0 1 1 0 1 0 1 0 0 1 0 0 0 1 1 1 0 0 1 0 0
0 0 0 1 1 1 0 0 1 0 0 0 0 0 1 1 0 1 0 0 1 1 1 0 0 1 0 1 1 1 0 1 1 1 0 0 1 0 1 1 1 0 0 0 1 1 1 1 0 0 0 0 0 0 0 0 1 1 1 0 1 0 0 1 0
0 0 1 0 1 0 1 1 1 1 1 1 0 0 0 1 0 0 1 0 1 0 0 1 1 0 0 0 1 0 1 0 1 1 1 1 0 1 1 0 1 0 1 0 0 0 1 0 0 0 1 0 0 0 1 0 0 0 1 0 0 0 0 1 0
1 1 0 1 0 0 1 1 1 1 1 1 1 1 1 0 1 0 1 1 1 0 0 1 0 0 1 1 0 1 0 1 0 0 0 1 0 0 0 1 1 0 0 0 1 0 0 0 0 0 1 0 0 0 0 1 1 0 1 1 1 1 1 0 0
0 0 1 1 0 1 1 0 0 1 1 0 1 1 0 0 0 1 1 1 1 1 0 0 0 1 1 1 1 1 1 0 0 0 1 1 1 0 1 0 1 1 1 1 1 1 0 0 0 0 1 0 0 0 1 0 1 1 1 0 0 1 0 0 0
0 0 0 0 0 0 1 0 1 1 1 0 1 0 0 1 1 1 1 1 0 0 1 1 1 0 0 1 1 1 0 1 1 0 1 0 0 1 1 1 0 1 0 1 1 1 1 0 1 1 1 0 1 0 0 0 0 1 1 0 1 0 1 1 1
1 1 0 0 1 0 1 0 1 0 0 0 1 0 0 0 0 1 0 0 0 0 0 1 0 0 0 1 0 0 1 1 0 1 1 0 1 0 1 0 1 0 0 1 0 1 0 0 0 1 0 0 1 0 0 1 1 1 1 1 1 1 0 1 0
1 0 1 1 1 0 1 1 1 0 1 0 0 1 0 0 1 1 1 0 0 1 0 0 1 0 0 0 0 0 1 0 0 1 1 0 1 1 1 1 0 0 1 0 1 0 1 1 1 0 0 1 0 1 1 0 1 0 0 1 1 0 0 0 0
1 1 0 0 0 0 1 1 0 0 1 1 0 0 0 0 0 1 0 0 1 0 0 1 1 1 0 0 0 1 0 0 0 1 0 0 0 1 1 1 0 0 0 1 1 1 1 0 1 1 0 1 0 1 1 1 0 1 0 1 0 1 0 1 1
1 1 0 0 0 1 0 1 1 1 0 0 1 0 0 1 0 1 1 0 0 1 0 1 1 1 0 0 0 1 1 1 1 1 0 0 1 0 1 0 1 1 0 0 1 0 0 1 0 1 1 1 0 0 1 1 0 0 0 0 1 1 1 1 1
1 0 1 0 0 1 1 1 0 1 0 0 0 0 0 1 1 0 0 0 1 1 0 0 1 1 0 1 1 1 1 1 1 1 1 0 0 1 0 0 0 1 1 0 0 0 1 0 1 1 1 0 0 0 0 1 1 1 0 1 1 0 1 1 0
1 1 0 0 1 0 1 1 1 0 1 0 1 0 1 1 1 1 1 1 0 0 0 0 0 0 0 0 1 1 0 0 0 0 1 0 1 0 0 1 0 0 0 0 0 1 0 0 1 0 1 1 0 1 0 0 0 0 1 0 0 1 0 0 0
1 1 0 1 0 1 0 0 0 1 1 1 0 0 1 0 0 0 0 1 1 1 1 0 1 0 1 1 1 0 1 1 1 1 0 0 1 1 1 1 1 1 1 0 0 1 1 0 0 0 1 0 1 1 1 1 1 1 1 0 0 0 1 1 1
1 0 0 1 1 0 0 1 1 1 0 1 0 0 0 1 0 1 1 0 0 1 0 1 1 0 1 1 1 0 0 0 1 1 0 1 0 0 1 0 1 0 1 1 0 1 1 0 1 0 0 0 0 1 1 1 0 0 1 0 1 1 1 1 0
0 0 0 1 0 1 1 1 1 0 1 1 0 0 0 0 1 0 1 0 0 0 1 0 1 0 1 0 0 1 0 0 0 0 0 1 0 0 0 0 0 1 1 0 0 1 0 0 1 1 1 0 1 0 0 0 1 1 1 1 0 0 0 1 0
0 1 0 0 0 1 1 0 1 0 1 1 1 0 0 1 0 1 1 0 1 1 1 1 0 1 0 0 0 0 1 0 1 0 1 1 0 1 0 1 0 0 1 1 0 0 1 0 1 1 0 1 1 1 0 1 1 0 1 1 1 0 0 1 0
0 1 1 0 0 1 1 0 1 0 1 1 0 0 0 1 1 1 1 1 0 1 0 0 1 1 0 0 0 1 0 1 0 0 1 1 1 1 0 1 0 0 1 0 1 0 1 0 0 0 1 1 0 0 0 0 0 0 0 0 0 0 1 0 0
0 1 0 1 0 0 1 1 0 0 1 1 0 1 1 1 1 0 0 0 0 1 1 1 1 1 1 0 1 1 1 1 1 1 1 1 1 1 1 0 0 1 0 0 1 1 0 1 1 1 0 1 0 0 0 1 1 0 1 1 1 0 0 1 1
0 0 0 0 1 0 0 0 1 0 0 0 0 0 1 0 1 0 0 0 1 0 0 0 0 1 0 0 0 0 0 0 0 1 1 0 0 1 0 0 0 1 0 1 1 0 1 0 0 0 1 0 0 1 0 1 0 0 1 0 0 1 1 1 0
1 0 1 1 0 0 1 1 0 1 0 0 0 1 1 1 0 0 1 1 1 0 0 1 0 1 0 1 0 0 0 0 0 0 1 1 1 1 1 0 0 0 0 1 1 0 1 0 0 0 0 0 1 0 0 1 1 0 1 1 1 1 0 1 1
1 1 0 1 0 1 1 0 1 1 0 1 0 1 1 0 0 0 1 1 0 1 0 0 1 1 1 0 0 0 1 1 0 0 1 1 1 0 1 0 0 1 1 0 1 0 1 1 1 0 1 1 0 1 1 0 0 0 1 0 0 1 0 1 1
0 1 0 1 0 0 0 0 1 1 1 1 1 1 0 1 1 0 0 1 0 1 0 0 1 0 1 0 0 1 0 1 1 1 1 1 0 0 1 1 1 0 1 1 0 0 0 1 1 0 1 1 1 1 1 1 0 0 0 1 0 1 1 0 0
0 0 1 0 0 0 0 1 0 1 1 1 1 1 0 0 0 0 0 1 0 1 1 1 1 0 1 0 1 0 1 0 0 1 0 0 1 1 0 0 0 1 1 1 0 0 0 1 0 1 0 1 0 1 0 0 0 1 1 1 1 1 0 1 1
1 0 0 0 0 1 1 0 0 1 1 0 1 1 0 1 1 1 1 0 1 1 1 0 0 1 0 0 1 1 0 0 1 1 0 1 1 0 0 0 0 0 0 1 0 1 0 0 0 1 1 0 1 1 1 1 0 1 1 1 1 0 1 1 0
0 0 0 1 0 1 0 0 0 0 1 0 1 0 0 1 0 0 1 0 0 0 0 1 0 0 0 0 0 1 1 0 1 0 1 0 1 0 1 1 0 1 1 0 0 1 0 0 1 0 1 1 0 0 1 0 0 1 0 0 0 0 0 1 0
1 1 1 0 1 0 1 1 1 0 0 1 0 1 1 0 0 0 0 0 0 0 0 1 1 0 0 0 0 1 0 1 1 1 1 1 0 0 0 1 0 1 0 0 1 0 0 0 1 1 1 0 0 1 1 1 1 0 0 0 0 0 0 1 0
1 0 1 1 0 0 1 0 1 1 0 1 0 1 1 1 1 1 0 0 1 0 0 0 1 0 0 1 0 1 1 1 1 1 0 0 1 0 0 1 1 1 0 1 1 1 1 1 1 1 0 1 0 1 1 1 0 1 0 0 0 1 1 0 1
1 0 0 0 1 0 0 0 1 1 1 0 0 1 0 1 0 0 1 1 1 0 0 0 1 0 0 1 0 0 1 1 1 0 0 1 0 1 0 0 1 1 1 0 1 0 0 0 1 0 0 0 1 0 0 0 1 0 1 1 0 1 0 0 1
1 1 1 1 0 0 1 0 1 1 0 1 1 0 0 1 0 1 0 1 0 0 0 1 1 0 0 1 1 0 1 1 1 0 1 1 1 1 1 1 0 0 1 0 0 1 0 1 0 1 1 1 0 1 0 1 0 1 1 1 1 1 1 0 0
1 0 1 0 0 0 0 1 1 0 0 1 1 0 1 0 1 1 0 1 1 0 0 1 1 1 1 0 1 0 0 0 1 0 1 1 0 1 0 0 0 1 1 1 0 1 1 0 0 1 1 1 1 0 1 1 0 1 1 1 1 1 0 1 1
0 0 0 0 0 0 0 0 0 1 0 1 0 0 1 0 1 1 1 0 0 1 0 0 0 1 0 1 1 0 1 1 1 1 0 0 1 0 1 1 0 1 0 1 1 1 0 1 0 0 1 1 0 1 1 1 1 0 0 1 1 1 1 1 0
1 0 0 0 0 0 0 0 0 1 1 1 1 1 0 1 0 0 0 1 0 0 0 1 0 0 1 0 0 0 1 0 0 1 1 1 0 0 1 0 1 1 0 0 1 1 1 1 0 0 0 1 1 1 1 1 1 1 1 1 0 1 1 1 0
1 0 1 1 1 0 0 0 0 1 0 0 0 1 1 1 0 1 0 0 1 1 0 1 1 1 1 0 0 0 1 1 1 0 1 0 0 1 0 1 0 0 1 0 1 0 0 0 0 0 0 0 0 0 1 1 0 1 1 0 0 0 0 0 1
1 1 0 1 1 0 1 0 1 1 0 0 0 1 0 1 1 1 0 0 1 1 1 0 0 0 0 1 0 1 0 1 1 1 0 1 0 0 1 1 0 1 1 1 1 0 0 0 0 0 1 1 1 0 1 0 1 0 1 1 0 0 1 1 0
1 1 1 0 0 1 1 0 0 1 0 1 0 1 1 1 0 0 0 1 0 1 0 1 0 0 1 0 1 1 1 0 0 0 1 1 0 0 1 1 1 1 1 0 1 0 0 0 0 1 0 0 0 0 1 0 0 0 0 0 0 0 1 0 1
0 1 0 1 1 1 1 1 1 0 1 1 0 0 1 1 1 0 1 1 0 1 1 1 0 1 0 1 0 0 0 0 1 0 1 0 1 1 0 1 0 0 0 1 1 0 0 1 1 0 0 0 1 1 1 1 1 1 1 0 1 1 1 0 0
1 0 1 0 0 0 0 1 0 0 1 1 1 0 1 1 1 1 0 1 1 0 1 0 1 0 1 1 0 1 1 1 0 0 0 0 0 0 1 0 1 1 0 0 0 0 0 1 1 1 1 0 0 1 1 0 1 0 0 0 1 0 0 0 1
1 1 1 0 1 0 1 0 0 1 0 1 0 1 1 1 1 0 0 1 1 1 0 1 0 0 0 1 0 1 0 1 1 1 1 1 0 1 0 1 1 1 0 0 0 1 0 1 0 0 0 1 1 1 1 1 1 1 0 0 1 0 1 0 1
1 0 1 0 0 1 1 1 1 1 1 0 1 1 0 1 1 1 0 0 1 1 1 0 0 1 1 0 1 0 0 1 1 0 1 0 0 0 1 1 0 1 0 0 1 0 1 1 0 1 1 1 1 1 0 0 1 0 1 0 0 0 1 0 0
0 0 0 0 1 1 0 1 1 1 0 0 1 0 0 1 0 0 0 0 0 0 1 0 0 0 1 1 0 0 0 1 1 1 1 1 1 1 1 0 1 1 1 0 1 1 0 0 1 0 1 0 1 0 0 1 0 1 1 1 1 1 1 1 0
1 1 1 0 0 1 0 0 0 1 0 1 1 0 0 1 0 1 1 0 1 0 0 0 0 1 0 1 0 0 1 0 0 1 1 0 1 1 0 1 0 1 1 1 1 1 1 0 0 1 1 0 1 0 0 1 1 1 0 0 0 1 1 1 1
1 1 1 1 1 0 1 0 1 0 0 0 0 0 0 0 0 0 0 1 1 0 1 1 1 0 1 0 1 1 0 0 1 1 0 0 0 1 0 1 1 0 1 0 1 1 1 0 1 0 1 0 0 1 0 0 1 0 0 0 1 1 0 0 1
0 0 1 0 0 1 0 0 1 0 1 1 0 0 0 1 1 1 1 0 1 1 0 1 0 1 1 0 0 0 1 0 0 1 0 1 0 1 0 0 1 0 0 1 0 1 0 1 1 1 1 0 0 0 1 0 0 0 0 0 1 0 0 1 1
0 1 1 1 0 1 0 1 0 1 0 1 0 1 1 0 1 0 1 0 1 1 1 0 0 0 1 0 0 0 1 1 1 0 0 1 0 0 1 0 0 1 0 1 1 0 0 0 0 1 1 1 1 1 0 1 0 1 1 1 0 1 1 1 0
0 0 0 1 1 0 1 0 0 0 0 0 1 1 0 1 0 1 0 1 1 1 0 1 1 0 0 1 1 0 0 0 0 1 1 1 0 0 0 1 1 1 1 1 1 1 1 1 0 0 0 1 0 1 0 1 0 1 0 1 0 0 1 0 1
1 0 1 0 1 0 0 0 1 1 0 1 1 1 0 0 1 0 0 1 0 1 0 1 1 0 0 1 0 1 0 0 1 0 0 1 1 0 1 1 1 0 0 1 1 1 1 0 0 1 1 0 0 1 0 1 0 0 1 0 1 0 1 0 0
0 0 0 0 1 1 0 1 1 0 0 0 1 0 0 0 0 1 0 1 0 0 0 1 0 0 1 0 0 1 1 1 0 0 1 0 1 1 1 0 0 1 0 0 1 0 1 1 0 0 0 1 1 0 0 0 1 0 1 1 1 0 1 0 1
0 0 0 0 0 0 1 1 1 1 0 1 0 0 1 0 1 0 1 1 0 0 1 1 0 1 0 1 0 0 1 0 1 0 1 1 1 1 0 0 1 0 0 0 0 0 1 0 1 1 1 0 0 1 1 0 0 0 0 1 0 1 0 0 1
1 0 1 1 0 1 1 0 1 0 1 0 0 1 1 1 1 1 0 1 1 1 0 1 1 1 0 1 0 0 1 0 1 1 0 0 0 1 1 1 0 1 1 1 0 1 0 0 1 1 1 0 0 1 0 1 1 1 0 1 0 0 0 0 1
1 0 0 1 0 1 1 1 1 1 0 0 0 0 0 0 0 0 1 1 1 0 1 1 1 0 0 1 1 1 0 1 0 1 0 0 0 1 1 1 0 1 0 1 0 1 0 0 1 0 0 1 0 0 1 1 0 0 1 1 0 0 0 0 1
0 1 0 1 0 0 1 0 1 1 1 0 1 0 1 0 1 0 1 0 1 0 1 1 0 1 0 1 0 0 1 0 0 1 0 0 1 1 1 1 1 1 1 0 1 0 0 0 0 0 0 1 0 1 0 0 1 1 0 0 0 0 1 1 0
0 0 1 0 0 0 1 0 0 1 1 0 0 0 1 1 0 1 1 0 0 0 1 1 1 1 1 1 0 1 1 0 1 1 1 1 0 0 0 1 0 0 0 1 1 0 1 1 0 0 1 1 1 0 1 1 0 1 0 1 0 1 1 1 1
1 1 1 1 1 1 0 1 0 0 0 0 0 1 1 0 1 0 0 0 0 1 0 0 1 0 1 1 0 0 0 0 0 0 1 0 1 0 1 0 1 1 1 0 1 0 1 0 0 1 1 1 1 0 1 0 1 1 0 0 0 0 0 1 1
0 0 1 0 1 1 1 1 0 1 0 1 0 0 0 1 1 1 0 0 1 0 1 0 1 0 0 0 0 1 1 0 1 1 1 1 1 1 1 1 1 1 1 1 0 0 0 1 1 1 1 0 1 1 1 1 1 1 1 0 0 0 0 1 1
1 1 1 0 1 1 0 0 0 0 1 0 1 0 1 0 1 1 0 1 0 1 0 0 0 1 1 1 0 0 1 1 0 1 0 1 1 1 0 0 0 0 1 0 1 1 0 0 1 1 0 1 1 1 1 1 0 0 0 1 0 0 1 1 1
0 0 0 0 0 0 1 0 1 1 0 0 1 0 1 1 1 0 1 1 0 1 0 0 0 0 1 1 1 1 0 1 0 0 0 1 1 0 0 1 0 1 1 0 1 1 1 0 1 0 1 0 1 0 1 1 1 0 1 1 1 1 0 0 1
1 0 1 1 1 1 0 0 1 0 0 0 0 1 0 1 0 1 0 1 1 0 1 0 1 1 0 1 1 0 1 0 0 0 0 1 1 1 0 1 0 0 1 0 0 0 1 1 0 1 0 1 1 1 0 1 1 0 1 0 1 0 1 0 1
1 1 1 1 0 0 1 1 0 1 1 0 1 0 0 1 0 0 0 0 1 1 1 1 1 1 0 0 0 0 1 0 0 1 1 0 1 1 1 0 1 0 1 1 0 0 1 1 1 0 1 1 1 0 1 0 0 1 0 1 1 0 0 1 0
0 0 0 0 1 1 0 1 0 1 0 1 1 0 1 0 1 1 0 1 0 1 1 1 0 0 0 1 1 1 0 1 1 1 1 0 0 0 1 0 0 1 0 1 0 1 0 0 0 1 1 0 0 0 1 1 1 0 0 0 0 0 0 1 0
1 1 0 1 0 1 1 1 1 1 0 1 1 0 0 1 0 1 0 0 1 0 1 1 0 0 1 1 1 0 0 1 0 0 1 0 0 0 0 1 1 1 1 1 0 0 0 1 1 0 0 0 0 1 0 0 1 1 0 0 0 1 1 1 1
1 0 1 1 0 1 1 0 1 1 1 0 1 0 0 0 1 1 1 0 1 0 0 0 0 0 0 0 1 1 0 1 1 1 0 1 1 1 0 0 0 0 1 0 0 1 0 1 0 1 0 1 0 0 0 1 1 0 1 0 0 0 0 1 1
1 1 1 1 0 0 0 0 1 1 0 1 0 1 0 0 1 1 0 1 0 0 0 1 0 1 0 1 0 0 0 1 0 0 0 1 0 1 1 1 0 1 0 0 1 0 1 0 1 0 1 1 1 0 0 1 1 1 1 1 0 0 1 0 0
0 0 1 1 0 1 0 1 1 0 1 1 1 0 0 0 0 0 0 0 1 0 0 1 1 0 0 0 0 0 0 0 0 0 0 1 0 1 1 1 0 1 1 0 0 0 0 1 0 1 0 0 1 0 0 1 0 0 1 0 0 0 1 0 1
0 0 0 0 0 0 1 0 1 1 1 0 1 0 1 1 0 0 0 0 0 0 0 1 0 1 0 0 1 0 1 0 0 0 0 1 0 1 0 1 1 0 0 0 1 0 1 0 1 0 0 1 0 0 0 0 1 1 0 1 0 0 1 0 0
0 0 1 0 1 1 1 0 0 0 0 1 0 0 0 1 0 0 1 0 1 1 0 1 1 1 1 0 1 1 0 1 0 1 1 0 1 0 1 0 0 1 0 1 0 1 1 0 0 0 1 1 1 1 1 0 1 1 1 0 0 1 0 0 1
1 1 0 0 1 1 0 1 0 0 1 1 0 1 0 1 1 1 0 1 1 1 0 0 0 0 0 1 1 0 0 1 0 1 1 1 1 1 0 1 1 0 1 0 1 0 0 1 0 0 1 0 0 0 1 1 0 1 1 1 0 1 0 1 1
0 0 0 1 0 0 0 0 1 1 1 1 0 0 1 1 0 0 0 1 0 1 1 0 1 1 0 0 1 0 0 0 1 0 1 0 0 0 0 0 1 1 0 0 0 0 0 1 0 1 1 1 1 1 1 0 0 1 0 0 1 0 0 0 0
0 1 0 0 0 1 1 0 0 1 0 0 1 0 0 1 1 1 0 0 1 0 0 1 1 1 1 1 0 0 0 1 0 0 0 0 0 0 0 0 1 1 1 1 1 1 1 1 0 1 0 1 0 1 1 0 1 0 1 0 1 0 0 0 0
0 1 1 1 1 0 0 1 0 1 1 0 1 0 1 0 1 1 0 0 1 0 0 0 0 0 1 0 0 1 0 1 0 0 0 1 0 0 0 1 0 0 1 1 0 0 1 0 1 1 1 0 1 0 1 0 0 1 1 0 0 1 0 1 0
1 1 0 0 1 0 0 1 0 0 0 0 0 1 0 1 1 0 0 0 0 0 0 1 0 1 1 0 1 0 1 1 1 0 1 1 0 0 1 1 0 0 0 0 1 1 1 0 0 1 1 1 1 1 1 1 1 0 1 1 0 1 1 0 0
1 0 1 0 0 1 0 0 0 1 0 1 1 1 1 1 0 1 0 1 1 1 1 1 0 1 1 1 0 0 1 1 1 0 0 1 1 0 0 0 1 1 1 1 1 1 1 1 0 1 0 0 0 1 0 1 1 0 0 0 0 1 0 0 1
1 0 0 1 1 0 1 1 0 1 1 0 1 1 0 0 0 0 0 0 0 1 0 0 0 0 1 1 0 1 1 0 0 0 1 1 1 1 1 1 0 0 1 0 0 1 1 1 1 0 1 1 1 0 0 1 1 1 0 0 1 0 1 1 0
0 1 0 0 1 1 1 1 1 0 1 0 1 1 1 1 0 0 1 1 1 0 1 1 0 0 1 0 0 1 0 1 1 0 0 0 0 0 0 1 0 0 0 1 0 1 0 1 1 1 1 0 1 0 0 1 0 1 0 1 1 1 0 0 1
1 0 0 1 1 0 0 1 1 1 1 1 1 0 1 1 0 1 1 1 0 1 0 0 1 0 0 0 0 0 0 1 0 1 1 0 1 1 0 0 1 1 0 1 1 0 1 0 1 1 1 0 0 0 1 0 1 0 0 0 1 0 1 1 0
0 1 1 1 1 0 1 1 1 0 1 0 1 1 1 1 0 0 0 0 1 1 0 0 1 1 1 0 1 1 0 0 0 0 1 1 0 1 0 0 1 0 0 0 1 1 1 0 1 0 0 0 1 0 0 1 0 1 1 0 1 0 0 0 1
0 0 0 1 1 1 0 0 0 1 0 1 1 0 0 1 1 0 0 0 1 0 0 0 1 1 0 1 0 1 0 1 0 0 1 1 0 0 0 0 0 0 1 0 1 1 0 1 1 1 1 1 0 1 1 1 1 1 1 1 0 1 0 0 1
0 0 1 0 0 0 0 0 1 1 0 1 1 0 0 0 0 0 0 0 1 1 1 1 0 1 0 0 0 0 0 0 1 0 0 1 0 0 0 0 1 1 1 1 0 1 1 0 1 0 0 0 1 0 1 0 0 1 1 0 0 0 1 0 0
1 0 0 0 0 1 1 0 1 0 1 0 1 0 0 0 0 1 0 0 0 0 0 1 1 1 0 1 0 0 0 1 1 0 1 0 1 0 0 1 0 0 0 0 0 0 1 0 0 0 0 1 1 1 0 1 0 1 0 1 0 1 1 0 1
1 0 1 1 0 1 1 0 0 1 0 1 1 0 1 0 1 1 1 1 0 1 1 1 0 0 1 1 0 0 1 0 1 1 0 1 1 1 0 1 1 1 0 0 1 1 1 0 1 0 0 0 0 0 0 0 0 0 1 0 0 0 0 1 0
0 0 1 1 1 0 1 0 0 0 1 1 1 1 1 1 1 1 0 0 1 0 1 1 0 0 1 1 1 0 0 0 0 1 0 1 0 1 0 0 1 0 1 0 1 1 1 0 1 0 0 1 1 0 0 0 0 0 1 0 0 1 0 1 0
0 0 0 0 0 0 0 0 1 0 0 1 1 0 0 1 0 1 1 1 1 1 0 0 1 1 1 1 0 1 0 0 0 0 1 0 0 1 0 1 1 0 1 0 0 1 0 0 0 1 0 0 0 1 0 0 1 0 0 1 0 1 1 0 1
1 0 0 0 1 1 1 0 0 0 0 0 0 1 0 1 0 0 1 1 0 0 0 0 0 1 0 0 1 0 0 1 1 0 0 0 1 0 1 0 0 1 0 1 0 0 1 1 1 1 1 0 1 1 1 1 1 1 0 1 0 1 0 1 0
0 1 0 1 0 1 0 0 0 1 1 0 0 1 1 1 0 0 1 0 1 0 1 1 1 1 0 1 1 1 0 0 0 1 0 0 0 1 1 1 1 1 0 1 0 1 0 1 0 1 0 0 0 0 1 1 1 1 0 1 0 0 0 1 0
1 1 1 0 1 0 1 0 1 0 1 0 0 0 1 0 0 0 0 1 0 1 1 1 1 0 0 0 0 1 0 0 1 1 1 0 1 0 1 0 0 0 0 0 0 0 1 0 0 0 1 1 1 0 0 0 0 0 1 1 0 0 1 1 0
1 1 1 1 0 0 0 0 0 0 0 0 0 0 0 0 1 1 1 0 0 1 1 0 1 0 1 1 1 1 0 0 1 0 0 0 0 1 0 0 0 0 0 0 0 1 1 1 1 1 0 0 0 1 0 1 0 1 1 0 0 0 1 1 0
1 0 1 1 1 1 0 0 1 1 1 1 1 1 0 0 1 0 1 1 0 0 0 0 0 0 1 1 1 1 1 1 1 1 1 0 0 1 0 1 0 1 1 1 1 0 0 0 1 0 0 0 1 1 1 1 0 1 0 0 1 0 1 0 1
1 0 0 1 1 1 0 1 0 1 1 0 0 0 1 1 1 0 0 1 0 0 0 0 0 0 0 0 1 0 0 0 1 0 1 1 0 1 1 0 0 0 0 1 0 0 0 1 1 1 0 1 0 0 0 1 0 1 1 0 0 1 1 0 1
0 1 1 1 0 0 1 1 0 0 0 1 0 0 0 0 0 1 1 0 1 1 1 1 0 1 1 1 0 1 1 0 1 0 1 1 1 1 1 1 1 0 1 1 1 0 1 1 1 1 0 0 1 1 1 1 0 0 0 0 0 1 1 0 0
1 0 0 0 1 1 1 1 1 1 1 1 1 1 1 1 1 1 1 0 0 0 0 0 0 1 1 0 0 1 1 1 1 0 1 1 0 0 1 0 0 1 0 1 1 1 1 0 1 0 1 1 1 1 0 0 1 1 0 1 1 0 0 1 1
1 1 1 0 0 0 1 0 0 0 0 0 1 1 1 0 0 0 0 0 0 1 1 1 0 1 0 1 0 1 0 1 0 0 0 1 1 0 0 1 1 1 0 1 0 0 0 1 1 0 1 1 0 0 1 0 1 1 0 1 1 1 0 1 0
0 1 0 1 0 1 0 1 1 1 1 0 0 1 0 1 1 1 1 0 0 1 1 1 0 0 1 0 1 0 1 0 0 0 1 0 0 0 0 0 0 1 1 1 1 0 0 0 1 0 1 1 0 0 0 1 0 0 1 1 0 0 0 1 1
1 1 0 1 1 0 1 0 1 0 0 0 0 0 0 1 0 0 0 0 0 1 0 1 0 0 1 0 1 1 1 1 1 0 0 0 0 1 1 0 1 0 1 1 1 1 0 1 1 0 1 1 1 1 0 1 1 0 0 1 1 1 1 1 0
1 0 0 0 0 0 1 1 0 0 1 1 0 1 1 0 1 1 1 0 0 0 1 0 0 1 0 0 0 0 1 0 0 0 1 0 1 1 0 0 0 1 1 1 1 1 1 0 1 1 1 1 1 0 1 0 1 0 1 0 0 1 1 1 1
1 0 0 1 1 1 1 1 1 0 0 1 1 0 0 0 1 1 0 0 1 1 1 1 0 1 1 1 0 1 0 0 1 1 0 1 0 1 1 0 0 0 1 0 1 1 1 1 0 1 1 1 0 0 1 0 0 1 0 1 0 1 0 1 1
0 1 0 0 1 1 0 1 1 1 0 0 1 1 1 0 1 1 1 1 1 1 1 0 1 1 1 0 0 0 0 1 0 0 1 1 0 0 0 1 1 1 0 1 0 0 1 1 0 0 1 0 1 1 0 0 0 0 0 1 1 0 0 0 0
0 0 0 1 0 1 1 0 1 0 0 1 0 0 1 0 0 0 0 1 1 0 0 0 0 1 0 1 0 1 1 1 0 0 1 1 0 1 1 1 1 0 0 1 1 1 0 1 0 1 0 1 1 0 1 1 1 0 0 0 1 1 0 1 0
1 1 1 0 1 1 1 1 1 1 1 1 1 1 1 1 0 0 0 0 0 0 1 0 1 0 0 1 0 0 1 1 1 0 0 1 0 1 0 1 1 1 0 1 1 1 0 0 0 0 0 1 0 1 1 1 1 1 1 0 1 0 0 1 0
0 1 0 0 1 0 0 0 1 0 1 1 0 1 0 0 0 0 0 0 1 0 1 1 1 0 0 0 1 0 1 0 0 0 0 0 0 1 0 1 0 1 1 1 1 1 1 0 1 1 1 1 1 0 1 0 1 1 0 0 1 0 0 1 0
1 0 1 1 0 1 0 0 1 1 0 0 1 1 1 0 0 0 1 1 0 1 1 0 1 0 1 1 1 0 0 1 1 0 0 1 0 0 1 0 0 1 0 0 0 1 1 0 0 0 0 0 1 0 0 1 0 1 0 1 1 0 1 0 1
0 1 1 0 1 1 1 0 0 1 0 0 1 1 1 1 1 1 1 1 1 0 0 1 1 0 0 0 0 0 0 0 1 0 1 0 1 1 1 0 1 1 1 1 1 0 1 1 1 0 1 1 1 1 0 0 1 0 0 0 1 0 1 0 1
1 1 0 1 1 1 1 1 0 1 0 1 1 0 1 1 1 0 1 0 1 1 1 0 1 0 1 1 1 0 1 0 0 1 0 1 0 1 1 0 0 0 0 0 0 1 0 1 1 1 1 0 1 0 1 1 0 1 1 1 1 0 0 1 1
0 1 1 1 0 1 1 0 1 0 1 0 1 1 1 1 1 1 0 0 0 0 1 0 0 0 1 0 0 1 1 1 1 0 0 0 0 1 0 0 1 0 0 0 1 0 1 1 1 1 1 0 0 0 0 1 1 1 0 0 0 1 0 1 1
1 0 0 1 0 1 0 0 1 1 0 1 1 0 1 0 0 1 0 0 0 1 0 1 0 1 1 1 1 1 0 1 1 0 1 0 0 0 0 1 1 0 0 0 1 1 0 0 1 0 0 1 1 0 1 1 1 0 0 0 1 0 0 1 1
0 1 1 0 0 1 0 1 0 1 0 1 0 0 0 1 1 1 0 1 0 0 0 0 1 0 1 0 1 1 1 0 1 1 1 0 0 0 1 1 0 1 0 0 0 1 0 1 1 1 1 0 1 1 0 1 1 0 1 0 1 1 1 1 0
1 0 0 1 0 1 1 0 1 1 1 0 0 1 0 1 0 0 0 1 1 0 1 1 1 0 1 1 1 1 1 0 1 0 0 1 1 0 0 0 1 1 0 0 0 0 1 1 1 1 1 1 1 0 0 0 0 1 0 0 1 1 1 1 1
0 1 1 1 1 0 1 1 1 0 0 0 0 0 0 1 1 0 1 1 1 0 0 1 1 1 1 1 0 0 0 1 0 0 1 1 0 1 1 1 1 1 0 1 1 0 1 0 1 1 0 1 1 1 1 0 0 0 0 1 0 0 1 1 1
1 1 0 1 1 1 0 0 0 0 1 1 0 0 0 0 0 1 0 0 0 1 1 0 1 1 1 1 0 0 0 0 0 1 1 1 1 1 0 1 1 1 0 1 1 1 0 0 0 1 1 1 1 0 1 0 1 1 0 0 1 0 0 0 0
1 0 0 0 1 0 1 1 1 0 1 1 0 1 0 0 0 1 0 0 0 0 0 0 0 1 1 0 0 1 1 1 1 1 0 1 1 1 0 0 0 0 1 1 0 1 1 0 1 1 0 0 1 0 1 1 0 1 1 0 1 1 0 0 0
0 0 1 1 0 1 0 0 1 1 0 0 1 1 1 1 1 1 1 1 0 0 0 0 1 1 0 0 0 1 1 1 0 1 0 0 1 0 1 0 1 0 1 1 1 1 1 0 0 1 1 0 0 0 1 0 0 1 0 0 1 0 0 1 1
1 1 1 0 0 0 0 1 0 0 1 1 1 0 1 1 1 1 1 0 1 1 1 0 1 1 1 0 1 1 1 1 1 1 1 0 0 0 0 1 0 0 0 0 1 1 1 1 0 1 0 1 0 1 1 0 0 1 0 0 0 0 0 0 1
0 1 1 0 1 0 0 1 0 0 1 0 1 1 0 0 0 1 0 0 1 1 0 0 1 0 0 1 0 0 0 0 0 1 1 0 0 1 0 1 0 0 0 1 0 0 0 1 0 0 0 1 0 0 0 1 0 0 1 0 1 1 1 1 0
1 0 0 1 1 0 0 1 1 1 0 0 0 1 0 1 0 1 0 0 0 1 1 0 0 0 1 0 0 0 0 1 1 1 1 0 0 0 1 0 0 1 1 0 0 0 1 1 0 1 0 0 0 0 0 0 0 0 0 0 0 1 0 1 1
0 1 0 1 0 1 1 1 0 0 1 0 0 0 1 0 1 0 0 0 1 1 1 1 1 0 0 0 0 0 1 1 1 1 1 1 0 0 1 0 1 0 1 1 0 1 0 1 1 0 0 1 0 1 1 0 1 1 0 0 1 1 1 0 1
1 0 0 0 1 0 0 0 1 1 0 0 0 1 1 0 1 1 1 1 0 0 0 0 1 0 0 1 1 1 1 1 0 0 0 1 0 0 0 1 1 1 0 1 0 0 1 1 0 1 0 1 1 0 0 1 1 0 0 0 1 1 0 1 1
0 0 1 0 0 1 1 0 1 0 0 1 0 1 1 0 1 1 1 0 0 0 1 0 0 0 0 1 0 1 1 0 0 0 0 0 0 1 1 1 1 1 0 0 0 1 0 1 1 0 1 1 0 1 0 0 1 0 0 1 0 1 1 1 0
0 1 0 0 1 1 1 0 0 1 1 1 0 1 0 1 1 1 0 1 1 1 0 0 0 0 1 1 1 1 0 1 0 0 1 0 0 1 1 1 0 1 0 0 1 0 0 1 0 1 0 0 0 1 0 0 0 0 0 1 1 1 0 1 0
0 0 1 1 0 0 1 0 0 0 1 1 0 0 0 1 1 0 0 0 0 0 0 0 0 0 1 1 0 0 1 1 1 0 1 1 1 0 1 1 1 0 0 0 0 0 1 1 0 1 0 1 0 1 1 0 1 1 1 0 1 0 0 1 0
1 0 1 0 0 1 0 0 1 0 0 0 1 1 1 1 1 1 1 1 1 0 1 1 0 1 1 1 1 0 1 1 0 0 1 0 1 1 1 0 0 0 1 1 1 0 0 1 1 0 0 0 0 0 0 1 1 1 0 1 1 1 0 0 1
1 1 1 1 1 1 0 0 1 0 0 0 0 1 1 0 1 0 0 0 0 1 0 1 0 1 0 1 1 0 1 0 1 1 1 1 1 1 1 1 1 1 0 1 0 0 1 0 1 0 0 1 1 0 0 0 0 1 0 0 0 1 0 1 0
1 1 1 1 0 1 0 1 1 1 1 0 1 1 0 1 0 1 0 1 0 1 1 1 0 0 1 0 0 0 0 0 0 1 0 1 1 1 1 1 0 0 0 0 0 0 0 0 0 0 0 0 0 0 1 0 1 1 1 0 0 1 1 0 0
1 0 1 0 0 0 0 1 1 1 0 0 0 0 0 0 1 1 0 1 1 1 1 0 0 1 0 0 1 1 0 1 0 0 0 0 1 0 0 1 0 0 1 0 1 0 0 1 1 1 0 1 1 0 1 0 0 1 0 0 1 1 0 0 0
0 0 0 0 0 1 0 0 1 0 0 0 0 0 0 1 1 1 1 0 1 0 1 0 1 1 0 0 1 0 1 1 0 1 1 0 1 1 1 0 1 1 1 0 0 0 1 1 1 0 0 1 1 0 1 0 1 0 0 0 0 1 1 0 1
0 0 0 1 0 1 1 1 0 1 0 0 1 1 1 1 1 1 1 1 0 0 0 0 0 1 1 1 1 0 0 1 0 1 0 0 0 1 1 1 1 0 1 1 0 0 1 0 1 1 0 1 1 1 0 1 1 1 0 1 1 1 0 0 0
0 0 0 1 1 0 1 1 1 0 0 0 0 0 1 1 0 0 1 0 0 0 0 1 1 0 1 1 1 1 1 0 1 1 0 0 0 0 1 1 0 1 0 1 0 0 1 1 0 0 1 0 0 1 0 0 0 1 1 0 1 0 0 0 1
0 1 1 0 0 0 0 0 0 0 0 0 0 1 1 1 1 1 1 0 0 1 0 0 1 1 1 0 0 0 0 1 1 1 1 1 1 1 1 1 0 1 0 1 0 1 1 1 1 1 1 0 1 0 1 1 0 1 1 0 0 0 0 0 1
0 0 1 1 1 1 0 0 0 0 1 0 0 1 1 1 1 0 1 0 1 1 0 0 1 1 1 1 1 1 1 0 1 0 1 0 1 1 0 1 1 0 0 0 1 0 0 0 1 1 1 1 0 1 0 1 0 0 0 1 1 1 1 1 0
1 0 1 1 0 0 1 0 1 0 1 1 0 1 1 0 0 1 1 0 0 1 1 1 1 1 1 0 1 1 1 0 1 0 1 0 0 0 1 0 0 1 1 1 1 1 0 0 0 0 1 0 1 0 0 0 0 0 0 1 0 1 0 0 0
0 1 0 1 1 0 0 0 1 0 0 1 1 1 1 1 1 0 0 0 0 1 1 1 1 0 0 0 1 0 0 1 0 1 0 1 0 0 1 0 1 1 1 0 1 0 1 1 1 1 1 0 1 1 0 0 0 0 1 1 0 0 1 0 0
0 0 1 0 0 1 1 1 0 1 0 1 0 0 1 1 0 1 1 1 1 0 1 0 0 0 0 1 0 1 1 1 0 0 1 1 0 0 1 1 1 0 0 0 0 0 0 1 0 0 0 1 1 1 0 0 1 1 1 0 0 1 0 0 1
0 1 0 1 0 0 0 0 1 0 0 0 1 1 0 1 0 1 1 1 1 0 1 0 1 1 0 1 0 1 1 1 0 1 1 0 1 1 1 1 1 0 0 0 0 0 1 1 1 1 1 1 0 0 1 0 1 0 1 1 0 0 0 1 1
0 1 1 0 0 0 0 1 1 0 1 0 0 0 1 0 0 1 0 1 0 0 1 1 0 0 0 0 0 1 1 1 1 0 0 0 1 1 0 0 0 1 1 1 1 1 1 0 0 0 0 0 1 0 0 1 0 0 0 0 0 0 0 1 0
1 0 0 0 0 0 0 0 0 0 1 0 1 1 1 1 0 0 0 0 1 1 0 1 1 0 0 1 1 1 0 1 1 1 1 1 1 1 1 0 1 0 0 1 0 1 1 1 1 1 1 0 1 1 1 0 1 0 0 1 1 1 1 1 1
0 1 1 0 1 0 0 0 0 1 0 0 0 1 0 0 1 1 1 1 0 1 0 1 0 1 1 0 0 1 0 0 0 0 1 1 0 0 0 0 0 0 1 0 0 1 1 1 1 1 0 0 1 1 0 1 0 0 1 1 0 1 0 0 0
0 0 0 0 0 1 1 0 0 0 0 1 0 0 1 1 0 1 1 0 1 0 1 0 1 1 0 0 0 0 1 1 0 0 1 0 0 1 0 0 1 0 0 1 1 1 0 0 1 0 0 0 1 1 1 1 0 1 0 1 1 0 1 0 0
0 0 0 0 1 0 0 0 0 0 1 1 0 0 0 0 1 0 1 0 0 1 0 0 0 0 0 1 0 1 0 1 1 1 0 1 0 1 1 1 1 1 0 0 1 1 0 0 0 1 1 0 0 1 0 0 0 1 1 0 1 1 0 1 1
1 0 1 1 0 1 1 1 1 0 1 1 1 0 1 1 0 0 0 1 1 0 0 0 0 0 0 0 0 1 0 1 1 1 1 0 1 1 1 1 0 1 1 0 1 1 1 1 0 0 1 1 1 1 0 0 1 0 0 0 1 0 0 1 0
0 1 0 1 0 1 0 1 1 1 1 1 0 0 0 0 1 1 0 0 1 1 0 0 0 0 1 1 0 1 1 0 1 0 0 0 0 1 1 1 1 0 0 1 1 0 1 0 0 0 1 1 0 0 1 1 1 1 0 0 0 0 1 0 0
1 1 0 0 1 1 0 1 1 0 1 1 0 1 0 1 0 0 0 0 0 0 0 1 0 0 0 1 0 1 1 1 1 0 1 0 0 0 0 0 1 0 0 1 0 0 1 0 0 1 0 1 1 1 0 0 0 0 1 0 0 0 1 0 0
1 0 1 1 0 0 0 0 1 0 1 1 1 1 0 1 0 0 1 0 1 1 1 1 0 0 0 0 1 1 0 0 0 1 0 0 1 1 0 1 1 0 1 0 0 1 0 1 1 0 1 0 1 1 1 0 0 1 0 1 0 1 0 1 1
0 0 0 1 0 0 1 1 1 0 1 0 0 0 0 1 1 0 1 1 1 1 1 1 1 1 0 0 1 1 0 0 1 1 0 1 1 0 0 1 1 1 1 0 1 0 0 0 0 1 0 0 0 1 1 0 1 1 0 1 1 0 1 0 1
0 0 1 0 1 1 0 0 0 1 0 1 0 1 0 0 1 0 1 0 1 0 1 1 1 1 0 0 1 1 1 0 0 0 0 1 1 1 0 0 0 0 1 1 1 1 1 0 1 0 1 1 0 1 0 0 1 0 0 1 1 0 0 0 0
1 0 1 0 1 0 1 0 0 1 1 0 0 1 1 0 1 1 0 0 0 0 1 0 0 1 1 1 1 1 0 1 1 1 0 0 0 1 1 0 1 0 1 1 1 1 1 0 0 0 1 0 0 0 0 1 0 0 1 1 1 0 0 0 1
1 0 0 0 1 1 1 1 1 0 0 0 1 0 0 0 0 0 1 1 1 0 1 1 0 1 1 0 1 0 1 1 0 0 0 0 0 0 0 0 1 1 1 1 0 0 0 0 1 0 0 1 0 1 0 0 1 0 1 0 1 1 0 1 0
1 0 0 0 1 1 0 1 1 0 0 1 1 0 1 1 1 1 1 0 0 1 1 1 0 0 0 1 0 1 1 1 0 1 1 1 0 0 1 1 0 0 1 0 1 0 0 0 1 0 0 0 1 1 1 0 0 0 0 0 0 1 1 0 1
0 1 1 0 1 0 0 0 1 0 1 1 1 0 0 0 0 0 0 0 1 0 1 0 1 1 0 1 1 0 0 1 1 1 0 1 1 0 1 0 1 1 1 0 1 0 1 0 0 0 0 1 0 0 1 0 1 0 0 1 1 0 0 0 1
0 0 1 1 0 0 1 0 1 1 1 1 1 0 0 0 1 1 0 1 0 1 1 1 0 1 0 1 0 1 0 0 0 0 1 0 1 1 1 1 1 1 1 0 1 1 0 1 1 0 0 1 1 0 1 1 0 0 1 0 1 1 0 1 1
0 1 0 1 1 1 1 0 0 1 0 0 1 1 0 0 1 1 0 0 0 1 0 0 0 1 1 0 1 0 0 1 0 0 0 1 1 1 1 1 1 1 0 1 0 1 1 1 0 0 1 1 0 0 1 0 0 1 0 0 1 1 1 1 1
1 0 1 0 0 1 0 0 1 0 1 1 0 0 1 0 0 1 0 1 0 1 1 1 1 0 1 0 1 1 1 1 0 0 1 1 0 1 0 1 0 1 0 1 0 0 0 1 1 0 1 1 0 1 0 1 1 1 1 0 0 0 1 0 1
0 1 0 0 1 0 1 1 1 1 0 0 0 1 1 1 0 0 1 0 0 0 1 0 0 0 1 1 1 1 0 1 1 1 1 1 1 1 1 0 1 1 1 1 0 0 1 1 1 1 0 1 1 1 0 1 1 0 1 0 0 0 1 1 1
0 1 1 0 1 1 0 1 0 1 0 0 1 1 1 1 0 1 1 0 1 1 1 0 1 0 1 0 1 1 1 0 0 0 0 1 0 1 0 0 0 1 1 0 1 1 1 1 1 0 0 1 0 0 1 1 0 1 0 1 1 1 1 1 1
1 1 1 1 1 0 1 1 0 0 1 0 0 1 0 1 1 1 1 0 1 1 0 1 0 0 1 1 1 0 0 0 0 0 0 0 1 0 0 1 1 0 0 1 0 1 1 0 1 0 0 1 1 0 0 0 0 1 0 1 1 0 1 0 0
0 1 0 0 1 1 1 0 0 1 0 1 1 1 0 1 1 0 1 1 0 0 1 1 0 0 1 1 0 0 1 0 0 1 0 1 1 0 1 1 0 0 0 1 1 1 1 0 0 1 1 1 1 1 1 0 0 0 0 1 1 0 0 0 0
1 0 0 0 0 1 1 1 0 0 1 1 0 1 0 1 1 1 1 1 1 0 1 1 0 0 0 1 0 0 1 1 0 1 0 1 0 0 1 0 1 0 1 1 1 0 1 0 0 1 1 1 1 0 1 1 0 0 1 0 1 0 1 1 1
0 0 0 1 1 1 1 0 0 1 1 1 0 1 0 0 1 0 0 1 0 1 1 1 0 0 1 0 1 0 0 0 1 0 1 1 1 0 1 1 0 0 1 1 1 0 0 0 1 0 1 0 1 1 0 0 1 1 1 0 0 1 0 0 1
0 1 0 1 0 0 1 0 1 1 1 0 0 0 1 0 0 1 1 1 1 1 0 0 0 0 1 0 1 1 0 0 0 1 1 0 0 0 1 0 1 1 0 1 1 0 1 1 1 0 0 1 1 0 1 1 0 1 1 0 0 0 0 1 1
1 1 1 0 1 0 0 0 1 1 1 0 1 1 1 0 1 0 1 1 1 1 0 1 1 1 0 1 1 0 1 1 0 1 1 1 0 0 0 0 0 0 0 1 1 1 1 0 0 1 1 1 0 1 1 1 1 1 1 1 0 0 0 1 0
1 1 1 1 1 0 1 1 0 0 1 1 1 1 0 1 0 1 0 1 0 0 0 0 1 0 1 0 1 1 1 0 1 0 1 1 0 0 0 1 1 1 1 1 0 1 0 1 1 0 0 0 0 1 1 1 0 0 0 1 0 1 0 0 0
1 1 0 0 0 0 1 0 0 1 0 1 1 0 0 1 1 1 0 0 0 1 0 0 1 1 0 1 1 1 1 1 0 1 0 1 0 1 0 1 0 0 0 1 1 1 0 0 1 1 0 1 0 0 0 1 1 1 1 0 1 1 1 1 0
1 0 0 1 0 1 0 1 1 0 1 1 1 1 0 1 1 1 0 1 1 1 1 1 0 0 1 1 1 1 1 1 0 1 1 0 0 0 1 0 1 1 0 1 0 1 0 0 1 0 0 1 1 0 0 0 1 1 1 1 1 1 1 0 0
0 1 1 1 1 1 1 0 1 1 1 1 0 0 1 1 0 0 1 0 0 1 0 0 1 0 0 0 0 0 1 1 1 0 0 0 1 1 1 1 1 0 1 1 0 0 0 1 1 1 0 1 1 0 0 0 0 1 0 1 0 1 0 1 1
0 0 0 1 0 1 0 1 0 1 0 0 1 0 0 1 1 0 1 0 0 1 0 0 1 0 1 0 0 1 1 0 1 1 1 1 1 1 0 1 0 0 0 1 1 1 0 1 0 0 0 1 0 0 0 1 1 0 1 1 0 1 0 0 0
1 1 0 0 0 1 1 1 1 1 1 1 0 1 1 0 0 1 1 0 0 1 0 1 1 0 0 1 1 1 1 0 0 1 0 0 1 0 0 0 1 0 1 1 1 1 0 1 1 0 0 1 1 0 0 0 1 0 0 0 1 0 1 0 0
0 1 1 1 0 1 0 0 0 1 1 1 0 1 0 1 0 1 0 1 0 1 1 1 1 0 1 0 1 1 0 0 0 1 0 0 1 0 1 0 1 0 0 0 1 0 1 0 1 1 1 0 0 1 0 1 0 1 1 1 1 0 0 0 0
0 1 0 1 0 1 1 0 1 1 0 0 0 0 1 0 1 1 1 1 0 0 1 0 1 1 1 0 1 0 0 1 0 0 0 1 0 0 0 0 1 0 0 1 1 1 0 0 1 1 1 1 0 1 0 1 0 0 0 0 1 0 0 0 0
0 0 0 1 0 1 1 0 1 0 1 1 1 1 0 0 0 0 0 0 1 1 1 0 0 0 1 0 1 0 0 0 1 1 1 0 0 0 1 0 1 1 0 1 1 1 1 0 0 1 1 1 0 0 1 1 1 1 0 1 1 1 0 1 0
1 1 0 0 0 0 1 0 1 1 1 1 0 1 1 0 1 1 0 1 1 1 1 0 0 0 0 0 1 0 1 0 1 1 1 1 1 0 0 0 1 0 1 0 1 1 1 0 1 1 0 0 0 1 0 0 1 1 0 1 1 1 1 0 0
0 1 1 0 0 0 0 0 0 0 0 0 1 0 1 0 0 0 0 1 0 0 0 1 1 1 1 1 1 1 0 0 0 1 1 0 1 0 1 0 1 1 0 1 0 1 0 1 1 1 0 1 1 0 0 1 0 0 1 1 1 0 1 0 0
1 0 0 1 1 0 0 1 0 0 0 0 1 0 1 1 0 1 0 0 1 1 1 1 1 0 0 0 0 0 1 1 1 1 0 0 0 1 1 0 1 0 1 0 0 1 0 0 1 1 1 0 1 1 0 1 0 1 0 0 0 1 0 1 0
0 0 1 0 1 1 0 0 1 1 0 1 0 0 0 0 0 1 0 1 1 1 1 1 1 0 0 1 0 0 1 1 1 1 0 0 1 1 1 0 0 0 0 1 1 0 0 0 0 1 0 0 1 1 1 0 1 1 0 1 1 1 1 1 1
1 0 1 1 1 0 1 0 0 1 0 1 0 0 1 1 1 0 0 0 1 0 1 1 1 0 1 1 1 0 0 0 1 1 1 0 1 0 0 0 1 0 0 1 0 0 0 1 0 1 0 1 0 0 0 0 1 1 0 1 0 0 0 1 0
1 1 0 0 0 1 0 0 0 1 0 0 0 1 1 0 0 0 0 0 0 0 1 0 1 0 0 0 1 1 1 1 0 1 1 1 0 0 0 0 0 0 1 1 0 1 0 1 1 1 0 0 1 1 1 0 0 0 0 0 0 0 0 1 1
0 0 1 0 0 0 0 1 0 1 0 0 0 1 1 0 1 1 1 1 0 0 0 0 0 1 0 0 0 1 1 0 1 0 0 0 0 1 1 1 1 0 0 1 0 1 0 0 1 1 1 1 1 0 1 1 1 1 1 1 1 1 0 1 1
1 0 1 0 0 1 1 1 0 0 1 0 1 1 1 1 0 0 0 1 1 1 0 1 0 1 0 0 1 0 0 0 0 0 0 0 1 0 1 0 1 1 0 1 1 1 0 1 0 0 0 1 1 1 1 1 0 0 0 1 0 0 0 0 0
0 0 1 1 1 1 0 0 1 1 0 1 1 1 1 0 1 1 0 1 0 0 1 0 0 0 0 0 0 0 1 1 0 0 1 0 1 1 0 0 1 1 0 0 0 1 1 0 1 1 0 1 0 0 1 0 1 1 0 0 0 0 1 0 0
1 1 1 1 1 1 1 0 1 1 1 1 0 0 1 1 1 1 1 0 1 0 1 1 0 0 1 0 1 0 1 1 1 1 0 0 1 1 0 0 0 1 1 1 1 0 0 0 1 1 1 0 1 1 1 0 0 1 0 0 0 0 0 0 0
1 1 1 1 0 0 0 0 1 0 1 1 0 1 0 0 1 1 0 0 1 1 0 1 0 1 0 0 1 0 1 0 1 1 1 0 1 0 0 1 1 0 0 1 1 0 0 1 0 0 1 0 0 1 0 0 1 0 0 0 0 0 0 1 0
1 1 0 1 0 0 0 0 1 1 0 1 1 0 1 1 1 0 1 0 0 0 1 1 1 0 0 1 0 1 0 0 0 0 1 1 0 1 1 0 0 0 1 1 1 0 0 0 0 0 0 1 0 0 0 0 0 1 0 1 1 0 0 1 1
0 0 0 0 0 0 0 1 1 1 1 1 0 0 1 1 1 0 0 1 1 1 0 1 0 0 1 0 0 0 0 1 1 1 0 0 0 0 0 1 0 1 0 1 0 0 0 0 0 1 1 1 0 0 0 0 0 0 0 0 0 0 1 0 1
1 1 1 1 1 0 0 1 1 0 1 0 0 0 1 0 0 1 1 0 0 0 0 0 0 1 0 1 1 0 0 1 1 0 0 0 0 1 1 0 1 0 0 1 0 0 1 1 1 0 1 1 0 1 1 0 1 0 0 1 1 1 1 0 1
1 0 1 0 1 1 0 0 0 0 1 1 1 0 0 1 0 0 1 0 0 0 1 0 1 0 1 1 0 1 1 1 0 1 0 1 1 0 1 1 1 1 0 1 1 0 1 0 0 0 1 1 0 1 0 1 0 1 1 1 0 0 0 0 1
0 1 0 0 0 1 1 0 0 1 1 0 1 0 0 1 0 1 1 0 1 0 1 0 1 0 0 0 1 0 1 0 1 1 0 0 0 0 0 0 0 0 0 1 1 0 1 0 0 0 1 0 0 1 1 0 1 0 1 0 0 1 1 0 1
0 0 0 1 0 1 1 0 0 1 1 1 1 1 0 0 1 0 1 1 1 1 1 1 0 1 1 0 0 1 0 0 0 0 0 0 1 0 0 1 0 0 0 0 1 1 1 1 0 0 1 0 0 1 1 1 1 0 1 0 0 0 1 1 0
1 0 0 1 1 0 0 0 0 0 1 0 1 1 0 0 1 0 0 1 1 0 0 0 1 0 1 0 1 1 1 1 0 0 1 1 0 1 0 0 1 0 0 0 1 1 0 1 1 0 0 0 0 0 1 0 1 1 0 1 0 0 1 1 0
0 1 0 1 0 1 1 1 1 0 1 1 1 1 0 1 0 0 1 1 1 1 0 0 0 0 1 1 1 0 1 1 0 0 0 0 1 0 0 1 1 1 0 1 0 0 0 0 1 0 1 1 1 0 1 0 1 1 1 0 0 0 1 0 1
1 1 0 1 0 0 1 0 0 0 0 1 0 1 1 0 0 0 0 1 1 0 0 0 1 1 1 0 1 0 1 0 1 1 0 1 1 1 0 1 0 0 0 1 0 0 1 0 1 1 0 1 0 0 0 0 0 1 0 1 1 1 0 0 0
0 0 0 1 1 0 0 0 1 0 1 1 1 1 1 0 0 1 1 1 1 0 0 1 0 1 0 1 0 0 0 1 0 1 0 0 1 0 1 1 1 1 0 1 0 1 0 0 0 1 0 0 1 1 1 0 0 0 0 1 0 1 0 0 0
0 1 0 0 1 0 1 1 0 1 0 1 0 1 1 1 1 0 1 1 1 1 1 0 1 1 0 0 1 1 0 0 0 0 0 0 1 1 0 1 0 1 1 0 0 1 1 0 0 1 1 0 1 1 0 0 0 0 0 0 1 0 0 1 1
1 0 0 1 1 1 1 0 0 0 1 0 0 0 0 0 0 1 0 0 1 1 0 0 0 0 0 0 0 1 0 1 0 0 0 0 1 0 0 1 1 0 0 0 1 1 0 0 1 1 0 0 0 0 1 0 0 0 1 1 0 0 1 0 1
1 1 0 0 0 0 0 0 0 1 1 0 0 1 1 0 0 1 0 0 0 1 1 1 0 1 1 1 0 1 0 0 0 0 0 0 0 1 1 1 0 1 1 0 0 0 1 1 1 0 0 1 1 1 1 0 0 0 0 0 1 1 1 1 1
0 0 1 0 0 0 1 1 0 1 0 1 1 1 1 0 0 1 1 1 1 1 0 1 1 0 1 0 1 0 0 0 0 1 1 1 0 0 1 1 0 1 1 0 0 1 0 1 1 0 0 1 1 1 1 0 1 1 0 0 0 1 1 0 0
0 1 1 0 1 1 0 0 1 0 0 1 1 1 1 0 1 1 0 0 1 0 1 1 1 1 1 1 1 1 1 0 1 0 1 1 0 1 0 1 0 0 0 0 1 1 1 0 1 0 1 0 1 1 1 1 0 1 1 1 0 1 1 0 0
1 1 0 0 1 1 1 1 1 0 1 1 0 0 0 0 0 1 1 1 1 0 1 0 0 0 1 0 1 1 1 1 1 0 0 1 0 1 1 1 1 1 0 0 0 1 1 1 0 1 1 0 1 1 1 0 1 1 0 1 1 1 1 0 1
1 1 1 1 0 0 1 0 0 0 1 1 1 0 1 1 1 0 0 1 1 1 1 0 1 1 1 0 1 0 0 0 0 0 1 1 1 1 0 0 0 1 0 0 1 0 1 1 1 0 0 1 1 1 1 1 0 1 0 0 1 1 1 0 0
0 1 0 0 0 0 0 0 0 0 0 0 0 0 1 0 1 1 0 1 0 0 0 1 1 0 1 1 0 1 0 1 1 1 0 0 0 1 1 0 1 1 1 1 0 1 1 0 1 0 1 1 1 1 1 1 1 0 1 0 1 0 1 1 0
0 0 1 0 0 1 0 0 0 1 1 1 1 0 0 1 1 0 1 1 1 1 0 1 0 0 1 1 1 1 0 1 1 0 1 0 1 0 0 0 0 0 1 1 0 0 1 1 1 0 1 0 0 1 0 1 0 1 1 0 1 1 0 1 1
1 1 0 0 0 0 0 1 0 0 1 0 0 1 1 1 0 0 1 1 0 0 1 0 1 0 1 0 1 1 0 0 1 1 0 0 1 0 1 1 1 0 0 0 1 0 0 1 0 0 0 1 1 0 1 1 0 0 1 1 1 1 1 1 1
1 1 1 0 0 1 1 0 1 0 0 0 1 1 1 0 1 0 1 0 0 0 1 0 1 1 0 0 0 0 0 0 0 1 1 1 1 0 0 0 1 1 0 0 0 1 0 1 0 0 1 1 0 1 0 0 0 1 1 1 0 1 1 1 1
0 1 0 1 1 0 0 0 0 1 1 0 1 1 0 0 1 1 0 0 0 0 0 0 0 0 0 0 1 1 0 1 1 0 0 0 1 1 0 0 0 1 1 0 0 0 1 0 0 1 1 1 1 1 1 1 0 1 1 1 1 0 1 1 0
0 1 1 1 1 1 1 0 0 1 0 1 1 0 0 1 1 1 1 1 1 0 0 0 0 1 0 0 1 0 0 1 1 0 0 1 0 0 1 0 1 0 0 1 1 0 1 1 1 0 0 1 0 1 1 1 0 1 1 1 0 1 1 1 0
1 0 1 0 1 0 0 1 1 1 1 1 0 1 1 0 1 0 0 0 0 0 1 0 1 1 0 0 0 0 0 0 0 0 0 1 0 0 1 0 1 0 1 1 0 0 1 0 1 1 0 0 1 0 1 0 0 0 0 1 1 1 0 0 1
1 0 0 0 1 1 1 0 0 0 1 0 1 0 1 1 1 0 1 0 0 1 1 0 0 0 1 1 0 0 0 0 0 1 0 0 0 0 1 1 0 0 0 0 0 0 0 0 0 0 0 0 0 1 0 0 0 1 0 1 0 1 1 1 0
0 1 1 1 1 1 0 0 1 1 1 1 1 1 1 1 0 0 1 1 0 1 0 0 1 1 0 0 0 1 0 0 0 0 0 0 1 1 0 0 1 1 0 0 0 0 1 1 0 0 0 0 1 0 1 0 1 0 1 1 0 1 0 0 0
0 0 1 1 1 0 1 1 1 0 0 0 0 1 0 1 1 1 0 1 1 1 0 1 1 0 1 1 1 1 0 0 1 0 0 1 0 1 0 0 0 0 1 0 1 0 0 0 0 0 1 1 1 0 0 0 1 0 0 1 1 0 0 1 0
0 0 1 1 1 0 0 1 0 1 0 0 0 0 1 0 1 0 1 0 0 1 1 1 1 1 1 1 1 1 1 1 0 1 0 1 1 1 0 0 1 1 0 1 0 0 0 0 0 0 1 0 0 0 0 0 1 1 0 0 1 1 0 0 1
1 1 0 1 1 1 1 0 0 1 0 0 0 1 0 1 0 0 0 1 0 0 1 0 1 1 0 1 0 1 0 0 1 0 0 1 1 1 0 1 0 0 1 1 1 1 1 1 0 0 0 0 0 0 1 0 0 1 1 0 0 1 1 1 1
1 0 0 1 1 1 0 1 1 1 0 0 0 0 0 0 0 1 1 0 0 0 1 1 0 1 1 0 1 0 1 1 0 0 1 1 1 1 1 1 0 0 0 0 0 0 1 0 1 1 1 1 1 0 0 0 0 1 1 0 1 0 0 0 1
0 0 1 1 1 1 1 1 0 0 1 0 0 0 1 1 0 1 1 0 1 1 0 0 1 0 0 0 0 0 1 1 0 0 0 1 1 0 0 0 1 1 0 1 0 1 1 1 1 0 1 0 1 0 0 1 1 0 1 0 0 0 0 0 0
1 0 1 0 0 1 0 0 1 1 1 1 1 1 0 1 1 1 0 0 1 0 1 0 1 0 1 1 0 1 1 0 1 1 1 0 0 0 0 1 0 1 1 0 0 1 0 0 0 0 0 1 1 0 0 0 0 0 0 0 1 0 0 0 0
0 1 1 1 1 0 1 0 0 0 0 1 1 1 0 0 1 0 1 1 1 1 1 0 1 0 0 1 0 0 0 0 0 1 1 1 1 0 1 1 0 0 0 0 0 0 1 0 1 1 1 0 1 0 1 1 0 0 0 1 0 1 1 1 1
1 1 1 1 1 1 1 1 0 1 1 0 1 1 1 0 0 1 0 1 1 0 0 1 0 1 1 0 1 0 1 1 1 0 0 1 0 1 1 0 1 0 1 0 1 1 1 0 0 1 0 0 0 1 0 0 0 1 1 1 1 0 1 1 0
0 0 0 1 1 0 0 1 0 0 1 0 1 0 0 0 1 1 0 1 1 0 1 0 0 0 0 1 0 0 0 0 1 0 1 1 0 0 1 0 0 1 1 1 1 0 0 0 1 1 0 0 0 1 0 1 1 0 0 1 0 1 1 0 0
1 1 0 0 1 1 0 0 1 0 1 1 1 1 0 1 0 0 1 0 1 1 1 0 1 0 0 0 1 1 0 0 0 0 1 1 1 0 1 0 1 0 1 1 0 0 1 1 1 1 0 0 0 1 0 1 0 1 0 0 1 0 1 0 0
1 1 0 1 0 1 1 1 1 0 1 0 0 0 0 1 0 1 0 1 0 1 0 1 1 1 0 0 1 0 0 0 1 1 0 1 1 1 1 0 1 0 1 1 1 1 1 0 0 1 0 0 1 0 0 0 0 0 1 0 0 1 1 0 1
0 1 0 1 0 1 1 0 0 0 0 0 0 1 1 0 0 1 1 0 1 1 0 0 0 1 0 0 1 1 0 1 1 0 1 0 0 0 0 1 0 1 1 1 0 1 1 0 1 0 0 0 1 1 0 1 1 1 1 0 0 1 1 0 1
0 1 1 1 1 0 1 1 0 1 1 0 1 1 0 0 0 1 1 1 1 1 1 0 1 0 1 0 0 1 0 1 0 1 0 0 1 1 1 1 1 0 1 1 1 1 0 1 0 1 1 0 0 1 1 1 1 0 0 0 1 1 0 1 0
1 1 1 1 0 0 1 1 1 0 1 1 1 0 0 1 1 1 1 0 1 0 1 1 1 0 0 0 0 1 1 0 1 0 1 1 0 0 1 1 1 0 0 0 1 0 0 1 1 1 0 0 0 0 0 0 0 1 1 0 0 1 0 0 1
1 1 0 1 1 1 0 0 1 0 0 1 1 0 0 1 0 0 0 0 1 1 1 1 1 1 1 1 1 0 0 1 0 1 1 0 0 0 1 0 0 0 1 1 0 1 0 1 0 0 1 0 1 0 0 1 0 0 1 0 0 0 1 0 0
1 0 0 0 1 0 1 1 0 1 1 1 0 0 0 1 0 0 0 1 0 0 1 1 0 0 0 0 1 1 0 0 0 1 1 0 0 1 0 0 0 0 1 1 0 0 0 0 1 0 0 0 1 0 1 1 1 0 0 1 0 0 1 0 1
1 1 1 0 0 0 1 1 0 0 0 0 1 0 0 0 0 1 0 1 1 0 0 1 1 1 0 1 0 1 1 1 0 0 1 1 0 1 0 0 1 0 0 0 0 1 1 0 1 0 0 1 1 0 0 1 0 0 0 0 0 1 0 0 1
1 0 0 0 1 1 1 0 0 0 1 1 1 0 1 0 0 0 1 1 0 1 0 1 1 0 1 0 0 1 0 0 1 1 1 0 0 1 0 0 0 1 1 1 1 1 1 1 1 0 0 0 0 0 1 1 1 0 1 0 1 0 1 0 1
1 1 1 0 1 1 0 0 0 1 1 0 0 1 1 0 1 0 1 1 1 1 0 1 0 0 1 1 1 1 0 1 1 1 0 0 1 0 0 1 0 1 0 1 0 0 1 0 1 1 1 0 0 0 0 1 1 1 0 0 0 1 1 0 0
0 1 0 1 0 1 0 1 1 0 0 0 1 0 0 1 1 0 0 1 0 0 0 0 0 0 1 0 1 1 1 1 0 1 0 1 0 1 0 1 1 1 1 0 1 0 1 0 0 0 0 0 0 1 1 0 0 1 0 0 0 0 1 1 1
0 0 1 1 1 1 0 1 0 0 0 0 1 0 0 1 0 0 0 1 0 1 0 1 0 1 0 0 0 0 1 1 1 0 0 1 0 0 1 1 0 1 0 1 1 1 1 0 1 1 0 1 1 0 1 0 1 1 0 0 0 0 0 1 1
1 1 0 1 0 1 1 1 0 1 1 1 0 0 0 0 1 0 0 0 0 0 0 1 1 0 0 0 1 0 0 1 0 1 1 0 1 0 1 0 0 0 1 0 1 0 1 0 0 0 0 1 1 0 0 1 0 1 0 0 1 0 0 0 0
1 0 0 1 0 0 0 0 0 1 1 0 1 1 1 1 0 1 0 1 1 1 0 1 1 0 0 1 1 0 1 0 1 0 0 0 1 1 0 0 0 0 1 0 1 1 1 1 0 0 1 1 0 1 1 1 1 0 0 0 1 1 0 1 0
1 0 0 0 0 0 1 1 1 1 1 1 1 1 1 0 1 0 0 0 0 1 0 1 1 0 0 0 1 0 0 0 0 0 1 0 0 0 1 1 1 1 1 1 0 0 0 0 0 0 0 0 0 1 0 0 1 1 1 0 1 1 0 0 1
1 0 0 1 1 0 0 1 0 0 0 1 0 0 1 0 0 1 1 0 0 0 1 0 1 0 0 0 1 1 1 0 1 1 1 1 1 0 1 0 1 0 1 0 1 1 1 0 0 1 0 1 0 0 1 1 1 1 1 0 0 1 0 0 1
1 0 1 0 1 1 1 0 0 1 1 0 0 0 0 1 1 1 0 1 0 1 0 0 0 0 1 0 0 0 0 1 0 1 0 1 0 0 0 0 1 1 0 0 0 1 0 1 0 0 0 1 0 1 1 0 1 0 0 0 0 1 1 0 1
0 1 1 1 1 1 1 0 0 1 1 0 1 1 0 0 0 1 1 1 0 1 1 0 1 0 0 1 1 0 1 1 1 0 0 1 0 1 1 0 1 0 0 1 0 0 1 0 0 0 0 1 0 1 0 0 1 0 0 1 0 1 0 1 0
1 0 1 1 0 0 1 1 1 1 1 0 1 0 0 1 1 1 0 1 0 0 1 0 0 0 1 1 0 1 0 0 0 0 0 0 0 0 0 0 1 0 1 0 1 0 0 0 0 1 0 0 0 0 1 1 1 0 0 1 1 0 1 0 0
1 0 0 1 0 0 0 1 0 0 0 1 1 1 0 1 0 1 1 0 0 1 1 1 0 1 1 1 0 0 0 1 1 1 0 1 0 1 1 1 0 0 1 0 1 0 0 1 0 1 1 0 1 0 0 1 1 1 1 1 1 1 1 0 0
0 0 0 0 1 1 1 1 0 1 0 0 0 1 1 0 0 1 0 1 0 1 0 1 0 1 1 0 0 0 1 0 0 0 1 0 1 1 0 0 0 1 0 1 0 1 0 0 1 1 1 0 1 0 1 1 0 0 0 1 1 1 1 0 0
0 1 1 1 0 1 1 0 1 0 0 1 1 0 0 0 0 0 1 1 0 1 0 0 1 0 0 1 0 1 1 1 1 1 1 0 0 1 0 1 0 0 0 1 0 1 0 0 1 1 1 1 0 1 1 1 1 0 1 0 0 0 1 0 1
1 0 1 0 1 0 0 0 0 1 0 0 0 0 1 0 0 1 0 1 0 1 1 1 1 1 1 0 1 0 1 1 0 0 1 1 1 0 1 1 1 0 1 1 1 1 1 1 0 1 1 1 0 1 0 0 1 0 0 1 0 0 1 1 1
1 1 0 1 0 1 0 0 0 0 1 0 1 1 1 1 0 1 0 1 1 1 1 0 0 1 1 0 1 0 1 0 0 0 0 0 0 0 1 0 0 1 0 0 0 0 0 0 1 1 1 1 0 0 1 0 0 0 1 0 1 0 1 0 0
0 0 0 0 1 1 0 1 1 0 0 0 1 1 0 0 0 1 1 0 0 1 1 0 0 1 0 1 1 0 1 1 0 1 0 0 0 1 0 1 0 1 1 0 1 1 0 0 1 1 0 0 0 1 1 1 1 0 1 1 1 0 0 0 1
0 0 1 0 1 0 1 1 0 1 1 1 1 0 1 1 1 0 1 0 0 1 1 0 0 0 0 0 0 1 0 0 1 1 1 1 1 1 0 0 0 0 0 0 1 1 1 0 1 1 1 1 1 1 0 1 0 0 0 1 1 0 1 0 1
1 1 1 0 0 0 0 1 0 1 1 0 1 1 1 0 0 1 1 1 1 1 0 1 0 1 0 0 1 1 1 1 0 1 0 1 1 1 1 1 1 1 1 1 0 0 1 0 1 0 0 0 1 0 0 1 0 0 1 0 1 0 0 0 1
0 1 1 1 0 1 0 0 1 1 1 0 1 0 0 0 0 1 0 0 1 1 1 1 0 1 1 1 0 1 0 1 0 0 0 0 1 1 0 0 0 1 0 1 1 1 1 0 0 0 0 0 1 1 0 0 0 1 1 1 0 0 0 0 1
1 1 0 0 0 1 0 0 1 0 0 0 0 0 0 0 0 1 1 0 1 0 0 1 0 0 1 0 0 1 0 0 1 0 0 1 1 0 0 0 1 0 0 1 1 1 0 0 0 0 1 0 0 0 1 0 1 0 1 0 0 1 0 0 0
1 0 1 1 1 1 0 1 0 1 0 1 1 0 1 1 1 1 1 1 1 0 0 1 1 1 1 0 1 1 1 0 0 1 1 0 0 0 0 1 0 1 0 1 0 0 0 0 0 0 0 0 1 0 0 1 0 1 0 0 0 0 1 1 0
1 0 1 0 1 0 1 1 1 1 0 0 0 0 0 1 0 1 1 1 1 0 0 1 1 1 0 1 1 1 1 0 1 1 1 1 0 0 0 1 1 1 0 1 1 1 1 0 0 1 1 1 1 0 0 0 1 1 1 1 1 1 1 0 0
1 1 1 1 0 1 0 1 0 1 1 0 0 0 1 0 1 1 0 0 1 0 0 0 1 1 0 1 0 0 1 1 0 0 1 1 1 0 1 1 1 1 0 0 0 1 0 0 1 0 1 0 0 0 0 0 0 0 1 1 1 1 0 1 0
0 1 0 0 0 1 0 1 1 0 0 0 0 1 0 0 0 0 0 0 1 1 1 0 0 1 1 1 0 0 1 1 0 1 0 0 1 0 1 0 0 0 1 0 1 1 1 0 1 1 1 0 0 1 0 1 0 1 0 1 0 0 0 0 1
0 0 1 0 0 0 1 1 0 0 0 0 0 0 0 0 1 1 0 1 1 1 1 1 0 0 1 1 1 1 0 1 0 1 1 1 1 0 1 0 1 0 0 1 1 0 1 1 1 0 0 1 0 1 1 1 0 1 1 1 1 0 1 1 0
0 1 1 0 0 1 0 0 1 0 0 0 1 0 0 0 0 0 1 0 0 0 1 0 0 1 0 1 0 1 0 1 1 0 1 1 1 0 0 1 1 0 1 1 1 0 0 0 1 1 1 0 1 1 0 1 0 1 0 0 1 0 0 1 0
1 1 0 1 0 0 0 0 0 1 0 1 0 1 0 0 0 0 0 1 0 0 1 0 0 1 0 0 0 1 1 1 0 1 1 0 0 1 1 0 0 0 0 1 1 0 0 1 1 1 1 1 1 1 1 0 1 1 1 0 1 0 1 0 1
0 0 1 0 0 1 0 1 1 0 0 0 0 1 1 1 1 0 1 1 1 1 1 1 0 1 0 0 0 1 0 1 1 1 0 1 1 0 0 1 1 0 1 1 0 0 0 0 1 1 1 1 0 0 0 1 0 0 1 0 0 1 1 1 0
0 1 0 0 1 0 1 0 0 1 1 1 1 1 1 1 0 1 0 0 1 0 1 0 0 0 1 0 0 0 1 0 0 0 1 0 0 1 1 1 1 0 1 0 0 0 1 1 0 1 1 0 0 0 0 1 1 1 1 1 1 1 0 0 0
1 0 1 0 1 0 1 1 1 0 0 1 0 0 1 1 0 0 0 0 0 0 0 1 0 1 0 1 1 1 0 0 0 1 0 0 1 1 1 0 1 0 1 0 1 0 0 1 0 1 0 0 0 1 1 0 0 0 1 1 1 1 0 1 0
0 1 1 1 0 1 1 1 1 0 0 1 0 1 1 1 1 1 1 0 1 0 0 0 0 0 0 0 0 0 0 0 1 1 1 1 1 1 0 1 1 1 0 0 0 0 0 0 0 0 0 0 1 0 0 1 0 1 1 1 1 0 1 1 0
1 0 0 1 1 0 1 0 1 0 0 0 1 1 0 1 1 0 1 1 1 1 1 1 1 0 1 1 0 0 0 0 1 1 1 0 0 1 0 0 0 1 1 1 1 1 0 1 1 0 0 1 1 1 1 1 1 1 0 0 0 1 0 1 1
0 1 1 1 0 1 1 0 1 1 1 1 0 1 0 1 0 0 1 0 1 0 0 0 1 1 0 1 1 1 0 0 0 0 0 1 0 1 1 0 0 1 1 1 1 1 0 1 1 0 1 0 1 1 0 0 0 0 1 1 1 1 1 0 0
0 1 0 1 1 0 0 1 0 0 1 1 0 1 0 0 0 0 0 1 0 0 0 0 1 1 0 0 0 1 1 1 0 0 1 0 0 0 1 0 0 1 1 1 0 0 0 0 0 0 1 0 0 0 0 0 0 1 0 1 1 1 1 1 0
0 0 0 0 0 1 1 1 0 0 0 1 0 0 0 0 1 0 0 1 0 0 1 1 1 1 0 1 0 1 0 0 1 0 0 1 1 1 1 1 0 1 1 0 0 1 1 0 1 1 0 1 1 1 0 0 0 1 1 1 1 1 1 1 1
0 0 1 1 0 0 0 1 1 1 1 0 1 1 1 0 1 0 0 0 1 0 1 1 1 0 1 1 1 1 1 1 1 1 0 0 0 0 0 1 1 0 1 1 1 1 0 0 1 1 0 0 0 1 1 0 0 1 1 0 0 1 1 1 0
1 0 1 1 1 0 1 1 1 0 1 0 0 0 1 0 0 0 0 0 0 0 0 1 0 0 1 0 1 1 0 0 1 0 0 1 1 1 1 1 0 0 0 1 0 1 0 1 0 0 0 1 1 1 1 1 0 1 0 0 0 1 0 1 0
0 1 1 0 1 0 0 1 1 1 0 1 1 0 1 0 1 0 0 1 1 1 1 0 0 1 1 1 1 1 0 0 0 1 1 1 0 0 1 1 0 0 0 0 0 1 1 1 0 0 1 0 1 1 0 1 0 1 0 0 1 1 0 0 0
1 0 1 0 1 0 1 1 1 0 0 1 1 1 1 1 0 1 1 0 1 1 1 0 0 1 1 0 1 1 1 1 0 1 1 1 1 0 0 1 1 0 0 1 0 1 0 1 0 1 1 0 1 1 0 1 1 1 1 0 1 0 1 1 0
1 1 0 0 0 0 1 0 1 0 1 0 0 1 0 1 0 0 1 1 0 1 0 0 0 1 0 0 0 0 1 1 0 0 0 0 1 0 1 0 0 0 1 1 1 0 0 1 0 0 1 1 0 0 0 1 1 0 1 0 1 0 0 0 1
1 1 0 1 1 0 0 0 0 1 0 1 1 0 0 0 1 1 1 1 0 0 0 0 1 1 0 0 0 1 1 0 1 0 1 0 1 0 0 0 1 0 1 1 0 0 0 1 0 0 0 1 1 1 0 0 0 0 1 0 1 0 1 0 0
0 1 0 1 0 1 0 0 1 1 0 0 0 1 1 0 0 0 0 1 0 0 1 1 1 0 1 1 1 1 1 0 0 1 1 1 0 0 1 1 1 0 0 1 0 1 1 0 1 0 0 0 0 0 1 0 1 0 1 0 1 0 1 1 0
0 0 1 1 0 0 0 0 0 0 1 1 0 1 1 0 0 1 0 1 0 0 0 1 1 0 0 0 0 0 1 1 0 0 1 1 1 0 0 1 1 1 1 1 1 0 0 0 1 1 1 1 1 1 0 1 1 0 0 0 1 1 1 1 0
0 1 1 1 0 0 0 0 1 0 1 0 0 1 0 0 0 0 1 1 0 0 0 0 0 1 1 1 1 1 1 1 0 1 1 1 0 1 1 1 0 0 1 0 0 0 0 1 1 0 0 0 1 1 0 0 0 1 1 1 0 0 0 1 0
1 1 0 1 1 1 0 0 0 0 0 0 1 0 1 1 0 1 1 1 0 1 0 1 0 0 0 0 1 1 0 0 0 0 1 1 0 1 1 0 0 0 1 0 0 1 0 1 0 0 0 0 1 0 0 1 1 1 1 1 1 1 0 1 0
1 1 0 0 0 1 1 0 1 1 0 0 1 1 1 0 0 1 1 0 0 0 0 1 0 0 1 1 0 0 1 0 1 1 0 1 1 1 1 1 1 0 0 0 1 0 0 1 1 0 1 0 1 1 1 1 1 0 1 0 0 0 0 1 1
0 0 0 0 0 1 0 1 0 0 0 1 1 1 1 0 1 0 0 1 1 0 1 0 0 1 1 1 0 1 0 1 1 0 1 1 1 1 0 1 0 1 1 1 1 0 0 1 1 1 0 0 1 0 0 0 0 0 1 1 0 0 1 0 1
0 0 0 0 1 0 1 1 0 1 1 1 0 0 0 0 1 0 0 0 1 0 0 1 1 1 0 1 0 0 1 0 0 0 1 0 0 0 0 1 1 1 0 0 0 1 0 1 0 0 0 0 1 1 1 0 0 0 1 0 0 1 1 0 0
1 0 1 1 0 0 0 1 1 1 0 1 1 1 1 0 0 0 1 0 1 1 0 0 0 1 1 1 0 1 1 1 0 1 1 0 0 1 1 0 1 1 0 0 1 1 0 0 0 1 0 0 0 0 1 1 1 0 0 0 0 0 0 0 1
0 1 0 0 1 1 0 1 0 0 1 1 0 0 1 0 1 0 1 1 0 1 0 1 1 1 1 0 1 0 0 1 0 1 1 0 0 1 1 1 0 0 1 1 1 1 0 1 0 1 1 0 0 1 1 0 0 1 1 1 1 0 1 0 0
1 1 0 0 0 1 0 0 0 0 0 0 0 0 1 0 0 1 1 0 1 1 0 0 0 0 1 0 0 1 0 0 1 1 1 1 0 1 1 0 1 1 0 1 1 0 1 0 0 1 0 0 1 1 1 0 1 0 0 0 1 0 1 1 0
0 0 0 0 1 0 0 0 0 0 0 1 0 0 1 0 0 1 1 0 1 1 1 1 1 0 0 0 0 0 1 0 0 0 1 1 1 0 1 1 1 1 0 1 1 0 0 1 0 0 0 0 0 0 1 0 0 0 1 1 1 1 1 0 0
1 0 1 0 0 1 0 1 0 1 1 0 1 0 0 1 1 1 1 0 1 1 0 0 0 1 0 0 1 0 1 0 0 0 1 1 1 0 1 0 1 1 1 0 0 0 1 0 0 1 0 1 0 0 0 1 0 0 0 1 1 1 1 1 0
1 0 1 0 0 1 1 1 0 0 1 0 0 1 1 0 1 1 1 0 1 0 0 0 0 0 1 1 0 1 1 0 0 0 1 0 0 0 0 0 1 0 0 1 1 1 0 0 0 0 0 0 1 1 1 1 1 0 1 1 0 1 0 1 0
1 1 1 0 1 1 1 1 0 0 1 1 1 1 0 1 1 0 0 0 1 0 0 0 0 1 0 0 0 1 0 0 1 1 0 1 0 0 0 1 0 1 1 1 1 0 0 1 0 0 0 0 0 1 0 0 0 1 0 0 1 1 1 1 1
0 1 0 0 1 0 0 1 0 1 0 1 1 1 0 1 1 1 1 0 0 0 0 0 1 1 1 1 1 1 1 0 1 1 1 1 1 0 1 0 0 0 1 0 1 0 1 0 0 1 0 0 1 0 0 0 0 1 1 1 0 0 1 0 0
1 1 1 1 1 1 0 0 0 1 0 1 1 0 1 1 0 1 0 0 0 0 0 0 0 1 1 0 1 0 0 1 0 1 1 0 1 0 1 1 0 0 1 1 1 1 0 1 1 0 1 0 0 1 0 1 0 0 0 0 1 0 0 0 1
0 1 0 0 1 1 0 0 1 1 0 0 1 0 1 1 1 0 0 1 0 1 0 0 0 1 1 0 1 0 1 0 1 0 0 1 1 1 1 0 0 1 1 1 0 0 0 0 0 0 1 1 0 1 0 1 1 1 0 1 0 0 1 1 1
0 1 1 0 1 1 0 0 0 0 0 1 0 0 0 1 0 0 1 1 1 0 1 1 0 0 0 1 1 0 1 0 0 1 0 0 0 1 1 1 1 1 0 1 1 1 0 0 1 0 1 0 1 0 1 1 1 1 1 1 1 1 0 0 0
1 1 0 0 0 1 0 0 1 1 1 1 0 1 0 0 1 0 1 1 1 0 1 1 0 1 0 1 1 1 0 0 1 0 1 0 0 1 1 1 1 0 1 1 0 0 1 1 0 0 1 0 1 0 0 1 0 0 0 1 1 1 1 1 0
1 1 0 1 0 0 1 0 0 1 1 1 1 1 1 0 0 1 1 0 1 0 1 0 0 1 1 1 1 1 1 0 0 1 1 1 0 0 1 0 1 1 1 1 0 0 0 0 1 1 1 1 0 1 0 1 0 0 0 1 0 1 1 1 1
0 0 1 1 1 0 1 0 1 1 1 1 1 1 1 1 1 1 0 0 0 1 0 0 1 0 1 1 1 0 1 0 0 1 1 0 1 0 1 0 0 0 0 0 0 1 0 0 1 0 0 1 0 0 0 1 1 0 1 1 0 1 1 1 1
1 0 1 1 0 0 0 0 0 0 0 1 1 0 1 0 0 0 1 1 0 1 1 0 0 0 0 1 1 0 1 0 1 0 1 0 0 0 0 1 1 0 1 1 1 0 0 0 0 0 1 0 1 1 0 0 1 1 1 1 0 0 1 1 0
1 0 0 1 1 1 0 0 1 1 1 1 0 0 0 1 1 0 0 1 1 0 1 1 0 0 1 0 0 0 1 0 0 1 0 1 1 0 0 1 0 0 0 0 1 1 1 0 1 1 0 0 1 1 0 1 0 0 0 0 0 1 0 1 0
1 1 0 0 1 0 1 1 1 1 1 1 1 0 0 1 0 1 0 1 1 1 1 0 0 1 0 1 1 0 1 1 1 0 0 1 0 0 1 0 0 0 0 0 1 1 1 0 1 0 1 0 1 0 1 1 0 0 0 0 0 1 0 0 1
0 1 0 0 1 1 0 0 1 1 1 0 1 0 0 1 1 1 1 0 1 1 1 0 0 0 1 0 0 1 1 1 0 1 1 0 1 0 0 0 1 0 0 1 0 1 0 1 1 0 0 0 1 1 0 0 1 0 0 1 0 1 0 1 1
0 1 0 1 1 1 0 1 1 0 1 1 1 0 1 1 0 0 1 1 1 1 0 1 0 0 1 0 1 0 0 0 1 0 1 0 0 1 1 1 0 0 1 0 1 1 1 0 0 1 1 1 1 1 0 0 1 1 1 1 0 1 1 1 1
0 1 0 0 1 1 0 1 0 0 0 0 0 0 0 0 0 0 1 1 1 0 1 0 0 1 1 1 0 1 1 1 0 0 0 1 0 0 0 0 0 0 0 1 0 1 1 0 0 0 1 1 0 1 0 1 0 1 1 1 1 1 1 1 1
0 1 0 0 1 1 0 0 0 1 0 1 0 1 0 0 0 0 0 0 0 0 0 1 0 1 0 1 0 0 1 0 1 1 0 0 1 0 1 0 1 0 1 0 1 0 0 1 0 1 0 0 0 0 0 1 1 0 1 0 1 1 0 1 1
0 1 1 1 0 1 1 1 1 0 1 1 0 1 1 1 0 1 1 0 0 0 1 0 1 0 1 1 0 0 0 1 1 0 0 1 0 0 1 0 0 1 0 1 0 1 0 1 1 1 0 0 1 0 1 0 0 1 0 0 0 1 1 1 1
1 1 1 0 1 1 1 1 0 0 1 0 0 1 1 0 0 0 1 0 0 0 0 1 1 0 1 0 0 1 1 0 1 0 1 0 1 1 1 0 0 1 0 0 1 1 1 1 1 1 1 0 0 0 0 0 0 1 1 0 1 0 0 1 1
0 1 1 0 0 1 1 1 1 1 1 1 0 0 1 1 1 1 0 1 0 1 0 1 0 1 1 1 1 0 1 0 0 0 0 1 0 1 0 0 0 1 0 1 1 0 1 1 0 1 1 0 1 0 0 1 0 0 1 1 1 1 1 1 1
1 1 1 1 1 0 0 0 0 1 1 0 0 0 1 1 0 1 1 0 1 1 1 1 1 0 0 0 0 1 1 1 1 1 1 0 0 0 1 1 0 1 0 0 0 1 1 0 1 0 0 1 0 1 0 0 0 0 1 1 1 1 0 1 0
1 1 0 0 0 1 1 0 0 0 1 1 1 0 1 0 1 1 0 1 0 0 1 1 0 1 0 0 1 0 0 0 0 1 1 1 0 0 0 1 1 1 1 0 0 0 1 1 1 1 1 0 1 1 1 1 0 0 0 0 1 1 1 1 0
1 0 0 1 0 1 1 1 0 1 0 0 0 0 0 0 0 1 0 1 1 1 1 0 0 1 1 0 1 0 1 0 1 1 1 1 1 1 1 0 0 1 0 1 0 1 0 1 0 1 1 0 0 0 0 1 1 1 0 1 1 1 1 0 1
1 1 0 1 0 1 1 1 0 1 0 1 0 0 0 1 0 1 1 1 0 0 1 0 1 1 1 0 1 0 0 0 1 0 1 0 1 1 0 0 1 0 0 1 0 0 0 1 0 0 1 0 1 0 0 0 1 0 1 0 0 0 1 1 1
0 0 0 0 0 1 1 0 1 0 1 1 1 0 1 0 0 1 1 1 1 1 0 0 0 1 0 0 0 0 1 1 1 1 0 1 0 0 1 1 1 0 1 0 0 0 0 1 1 1 0 1 0 1 0 0 1 1 1 0 1 0 1 1 1
0 1 1 1 0 1 1 1 0 1 0 1 1 1 1 0 1 1 0 1 1 0 1 0 1 1 0 0 1 0 0 1 0 1 0 1 0 1 1 0 0 0 1 0 0 0 1 0 0 1 0 1 1 1 1 0 1 0 0 0 1 1 1 1 0
0 1 0 1 1 0 1 0 1 0 1 0 0 1 0 0 0 0 1 1 0 1 1 0 0 0 1 1 0 1 0 0 1 1 0 1 0 1 1 0 1 0 1 0 0 0 0 0 1 1 0 0 1 0 1 0 0 1 1 1 1 0 1 1 0
1 0 1 1 1 1 1 1 1 0 1 1 1 0 0 0 0 0 0 0 0 1 1 1 1 0 1 0 0 0 1 0 1 0 0 0 1 1 0 0 1 0 0 0 0 1 0 0 1 1 1 1 0 0 0 0 1 0 1 1 1 1 1 0 1
0 0 0 0 1 0 0 0 0 1 1 0 1 0 0 0 0 0 1 0 1 1 0 0 0 1 1 0 1 0 1 0 1 0 1 1 0 0 1 1 0 0 0 1 1 0 0 0 0 0 0 0 0 1 1 1 0 1 0 1 1 1 0 0 1
0 1 1 1 1 1 1 0 0 0 1 1 1 0 0 0 1 0 0 1 0 0 0 1 1 1 0 1 1 1 1 0 0 0 1 0 1 1 1 0 1 0 1 1 1 0 0 0 1 0 1 1 0 0 1 1 1 0 0 0 0 0 0 1 0
0 1 1 0 0 1 1 1 1 0 0 0 0 0 0 0 1 0 0 0 1 1 1 0 0 0 1 0 1 0 0 0 1 1 0 0 1 1 0 0 0 1 0 0 0 0 0 1 1 0 0 0 0 1 1 0 0 0 0 0 1 0 1 0 1
0 0 1 1 1 0 0 1 1 0 1 1 0 0 0 0 1 1 1 0 0 0 0 0 0 1 1 1 1 0 1 0 0 1 0 0 1 0 0 0 0 1 1 1 1 0 0 1 1 0 1 1 0 0 0 1 1 1 0 0 0 1 0 1 0
0 0 1 0 1 0 1 1 1 1 0 0 1 1 1 0 1 0 0 1 1 0 1 1 0 1 0 0 0 1 1 0 0 0 1 0 0 1 1 1 1 1 1 0 1 0 0 1 0 1 1 1 1 0 1 1 1 1 1 1 0 0 0 1 1
1 1 1 0 0 1 1 0 1 0 0 1 1 0 1 0 1 1 0 1 1 0 0 0 1 0 0 1 1 1 1 0 0 0 1 0 1 1 1 1 0 1 0 0 1 1 1 1 1 0 0 1 1 1 0 0 1 1 0 1 0 0 0 0 1
0 1 1 1 0 1 1 0 1 0 0 0 1 0 1 0 1 1 1 1 1 1 0 1 0 1 1 0 1 1 1 0 1 0 0 1 1 1 0 1 1 1 1 1 0 0 1 1 0 1 1 0 0 0 0 0 1 1 1 1 0 0 0 0 0
1 1 1 1 1 1 1 0 1 1 0 1 0 1 0 0 0 1 0 0 1 1 1 0 1 1 1 1 0 1 0 1 1 1 1 0 1 0 0 0 0 1 0 1 0 1 1 1 1 0 0 0 0 0 1 0 1 0 1 1 1 0 0 0 1
1 0 1 0 1 1 0 1 1 1 1 0 1 0 0 1 1 1 1 0 0 0 0 0 1 0 1 1 1 0 0 0 0 1 0 1 1 1 1 0 0 0 0 1 1 0 0 1 0 1 0 0 1 1 0 0 1 1 1 0 0 1 0 1 1
0 0 1 0 0 1 0 0 0 1 0 1 1 1 0 0 0 0 0 1 1 0 0 0 1 0 1 1 0 0 0 1 1 0 0 0 0 1 1 0 1 1 1 0 1 0 1 1 1 0 1 0 0 1 1 0 0 0 0 1 1 1 1 1 1
0 1 1 1 1 1 0 1 0 0 1 0 1 0 1 1 1 1 1 0 0 1 1 1 0 0 1 1 1 0 1 0 1 0 0 1 1 0 0 0 0 0 0 1 1 0 1 0 0 1 1 1 0 1 1 1 0 0 1 1 0 0 0 0 0
1 1 1 1 0 1 1 0 0 1 1 0 1 1 0 0 1 0 1 1 0 0 1 1 1 1 1 0 0 0 0 1 1 1 1 1 0 0 0 1 0 1 0 1 1 1 0 0 1 1 0 0 1 0 0 1 1 0 1 1 1 0 0 1 1
1 0 0 0 1 1 1 1 1 0 1 1 0 0 1 0 0 1 0 0 0 1 0 0 0 1 1 0 1 0 1 0 0 1 0 0 0 0 0 0 0 1 0 0 1 1 1 0 0 0 0 1 0 1 0 1 0 1 0 0 1 0 1 0 1
1 0 1 0 1 1 1 1 1 1 1 1 1 1 0 0 1 0 0 1 0 1 0 0 0 1 0 1 1 0 1 1 0 0 0 0 1 0 1 1 0 1 1 0 0 1 1 1 0 1 1 0 1 0 0 1 0 1 1 0 0 1 1 1 0
0 1 1 1 0 0 0 0 0 1 1 0 0 0 0 1 0 0 1 0 0 0 1 0 0 0 1 1 0 0 0 0 1 0 1 1 0 1 0 1 0 1 1 0 0 1 0 0 1 0 1 1 1 1 0 0 1 1 0 1 1 0 1 0 0
1 1 0 1 1 0 0 1 1 0 0 0 1 0 1 1 1 0 0 1 0 0 1 1 1 0 0 0 1 0 0 1 0 1 0 1 1 1 1 1 1 1 1 1 1 1 1 1 1 1 1 1 0 1 0 1 1 1 1 0 0 1 0 0 1
0 0 0 0 0 1 0 0 1 0 1 0 0 0 1 1 1 1 0 1 0 0 0 0 0 1 0 0 1 0 0 1 1 1 1 1 1 0 0 0 0 0 0 1 0 0 1 0 0 0 0 0 1 1 1 0 1 0 1 0 1 0 0 0 0
1 0 0 1 1 0 1 0 0 0 1 1 1 0 0 0 1 1 1 0 1 1 1 1 0 1 1 1 1 0 0 1 1 0 0 1 1 0 0 0 0 1 0 0 0 0 1 0 0 0 1 0 1 1 0 0 1 1 1 1 1 0 1 0 1
0 0 1 0 1 0 0 0 0 0 0 1 0 1 0 1 0 0 1 0 0 0 0 1 0 0 0 0 0 0 0 0 0 1 0 0 1 0 1 1 0 1 1 0 1 0 1 1 1 1 1 0 1 0 0 1 0 1 0 1 1 1 0 0 1
0 0 1 0 0 0 1 1 0 1 1 0 1 1 0 0 1 1 1 1 0 0 1 0 1 0 0 1 0 0 1 1 0 0 1 1 1 0 0 1 0 1 0 0 0 0 0 0 1 0 1 1 1 0 1 1 0 1 0 1 0 0 0 0 1
1 0 0 1 1 0 1 0 1 1 0 0 0 1 0 1 1 0 0 0 1 0 1 1 1 0 0 0 1 0 1 0 1 0 1 1 1 0 1 1 1 1 0 1 0 0 1 1 1 0 1 0 1 0 1 1 1 0 1 1 1 0 0 0 0
0 1 1 1 0 0 0 1 0 1 0 0 0 1 0 1 0 1 0 1 1 1 1 0 1 0 1 0 0 1 0 0 1 0 1 0 1 0 0 0 1 1 0 1 0 0 0 0 0 0 0 1 0 0 1 0 1 0 0 1 0 0 1 1 0
0 1 1 0 0 0 0 1 1 0 0 1 1 0 1 1 0 0 0 1 0 0 1 1 1 1 1 1 1 0 1 0 1 1 1 1 1 1 1 1 1 0 0 0 0 0 0 0 0 0 1 0 0 0 1 1 1 1 0 0 1 0 1 0 0
1 1 0 1 1 1 0 0 1 0 1 0 1 1 0 1 0 1 1 0 1 0 0 0 0 1 0 1 0 1 0 0 0 0 0 1 0 0 1 1 0 1 0 0 1 1 1 1 1 1 0 1 1 0 0 0 1 0 0 0 0 1 0 0 0
0 0 1 1 1 0 0 0 1 1 1 0 0 1 1 0 1 1 1 1 1 1 1 1 0 0 0 0 0 0 1 0 1 1 0 1 1 1 0 1 0 1 1 0 0 0 1 1 0 0 1 0 1 0 1 0 1 0 1 1 1 1 1 1 1
0 0 0 0 1 1 0 1 0 1 0 1 0 1 1 1 1 1 1 1 0 0 0 1 0 0 0 0 0 1 1 0 0 1 0 0 0 1 0 1 1 0 1 0 1 0 0 1 1 1 0 1 0 1 0 1 0 1 1 0 0 0 0 1 0
1 0 1 1 1 1 0 1 1 0 0 1 0 1 1 0 1 1 0 1 1 0 1 0 0 1 0 0 1 1 1 1 1 0 1 1 0 1 0 0 0 0 1 1 0 0 1 1 1 0 1 1 1 0 0 0 0 1 0 1 1 1 1 0 1
1 0 1 0 0 0 1 1 0 0 1 0 1 1 1 1 1 0 0 0 0 0 1 1 0 1 1 0 0 0 1 1 0 0 1 0 0 0 0 0 1 1 0 0 1 1 1 1 1 1 1 1 1 1 0 1 0 1 1 0 0 1 0 0 0
0 0 0 0 0 1 1 1 0 1 0 1 1 1 1 0 1 0 0 1 0 1 0 1 1 0 0 1 0 0 1 1 0 0 1 1 1 0 0 1 1 1 1 0 0 1 1 1 0 0 1 0 0 0 1 0 0 1 1 1 0 0 1 1 0
0 1 1 1 0 1 1 1 1 0 0 0 0 0 0 1 1 1 0 1 1 1 0 1 1 0 0 1 1 0 1 0 0 0 0 0 1 0 0 0 0 0 1 1 1 0 1 1 1 0 1 0 1 0 1 0 1 0 0 1 0 1 0 0 1
1 1 0 1 0 0 1 0 1 1 1 1 0 1 0 1 0 1 1 0 0 1 1 0 1 1 1 0 1 1 0 1 0 1 1 0 1 1 0 0 1 1 1 0 0 0 1 0 1 0 0 1 0 1 0 1 0 1 1 1 1 1 0 0 0
0 1 0 1 0 0 1 0 0 1 1 1 1 0 1 1 1 0 1 0 0 1 0 0 0 0 0 0 1 1 1 1 1 1 0 1 0 0 0 0 0 1 1 1 1 1 1 1 0 1 1 0 1 0 0 1 0 1 0 1 0 0 0 0 1
0 0 1 1 0 0 0 0 0 0 1 1 0 1 0 1 0 1 0 0 0 1 0 1 0 0 0 1 1 0 1 0 0 0 1 0 0 1 0 1 0 1 0 1 0 0 1 1 1 0 0 0 0 0 1 1 0 0 1 0 1 0 0 0 1
1 0 0 0 0 0 1 0 1 0 0 0 0 0 1 1 0 1 1 1 1 0 1 1 0 1 1 0 0 0 0 1 1 1 0 1 1 1 1 0 0 0 1 0 1 1 1 1 0 1 0 0 1 1 1 0 0 0 1 1 0 0 0 0 0
1 0 1 0 1 0 1 0 0 0 0 0 0 1 1 0 0 0 0 1 0 1 1 0 0 0 0 1 0 0 0 0 0 1 0 0 0 0 0 1 1 1 0 1 1 0 0 0 1 1 0 1 0 1 0 0 1 0 1 0 0 1 0 0 0
0 1 0 0 1 1 1 1 0 0 0 0 0 0 1 0 1 0 1 0 0 1 1 1 1 1 0 0 1 1 0 1 0 1 0 1 0 0 0 1 1 0 1 1 1 0 1 0 0 1 0 1 1 0 1 1 0 0 1 1 1 0 0 1 0
0 1 1 1 0 1 0 0 1 1 0 0 1 1 1 1 0 1 1 0 1 1 0 0 0 0 0 1 1 0 1 0 0 1 0 0 1 0 1 1 0 1 1 1 0 0 0 0 0 1 0 0 1 1 1 0 1 1 1 0 1 0 1 1 0
1 1 1 1 0 0 0 1 1 0 0 0 1 1 1 0 0 0 0 1 1 1 0 1 1 1 0 0 1 0 0 0 0 0 0 0 0 0 0 0 0 0 0 1 1 0 0 1 0 1 1 0 1 0 1 0 1 0 0 0 0 1 1 0 0
0 1 1 0 1 1 0 0 1 0 0 0 1 0 0 1 0 1 1 1 0 1 1 0 1 1 0 0 1 0 0 1 1 0 1 1 0 0 1 1 0 1 0 0 0 0 0 0 1 1 1 1 1 1 1 1 1 0 1 1 1 0 0 0 1
1 0 1 0 1 1 1 1 0 0 0 0 1 1 1 0 0 1 1 0 1 0 1 1 1 0 1 0 0 1 1 1 0 0 0 0 1 1 1 1 1 1 1 1 1 0 0 0 0 0 1 1 1 1 0 1 0 1 1 0 0 1 0 1 1
1 1 0 1 1 1 0 0 0 0 0 1 0 0 0 1 1 1 1 1 0 0 0 0 0 0 1 1 0 0 0 1 0 1 1 0 0 0 1 0 0 0 0 1 0 1 0 0 1 1 0 0 0 0 0 0 0 0 1 1 1 1 0 1 1
0 0 0 0 0 0 0 0 1 1 1 0 0 0 0 0 1 0 0 0 1 1 0 0 0 1 1 0 1 1 1 0 0 0 0 0 0 1 1 0 0 1 1 1 1 1 0 1 1 0 0 0 1 0 0 0 0 0 1 0 1 0 1 0 0
0 1 1 0 0 0 1 1 0 1 1 0 0 0 0 0 0 0 1 1 1 1 0 1 0 1 1 1 1 0 0 1 1 1 0 0 0 1 0 1 1 0 0 0 0 1 0 1 0 0 1 1 1 0 0 1 1 0 0 0 0 0 0 0 1
0 0 0 1 1 1 1 0 1 1 0 1 1 0 0 1 0 1 0 1 0 0 1 1 1 1 1 0 0 0 0 0 0 1 0 0 1 1 1 0 0 0 1 0 1 0 0 0 0 0 0 1 0 1 0 1 0 0 0 0 0 0 1 0 1
0 0 1 1 1 0 0 0 1 0 1 1 0 1 0 0 0 1 0 1 1 0 0 0 0 0 0 1 1 1 1 0 0 0 0 1 1 0 1 0 0 0 0 1 0 0 0 0 0 0 1 0 1 0 0 1 0 0 1 1 0 0 1 0 1
0 1 0 0 1 0 1 0 1 0 1 0 1 1 0 1 1 0 0 1 0 1 1 0 0 0 0 1 0 1 1 1 0 0 0 0 0 1 0 0 1 0 1 0 0 0 0 1 0 1 1 0 1 0 0 0 0 1 0 0 0 1 0 0 1
1 1 0 1 0 0 1 1 0 0 0 0 1 0 1 0 1 1 0 0 0 0 1 0 0 0 1 0 1 1 1 1 1 1 1 1 1 1 1 1 1 1 1 1 0 0 0 0 0 1 0 0 1 0 0 0 0 0 0 1 1 1 0 1 0
1 0 0 0 0 0 1 0 0 1 0 0 1 1 0 0 1 0 1 0 0 0 0 0 1 0 1 1 1 0 0 0 1 1 0 0 1 1 1 1 1 0 1 0 0 1 1 0 1 1 0 1 0 1 1 1 0 1 0 0 1 0 0 1 1
0 0 1 1 0 0 0 0 1 0 1 0 1 0 1 0 0 0 1 0 0 0 1 1 0 0 0 0 1 1 0 1 0 0 1 0 0 0 0 0 0 0 1 0 0 0 0 1 0 0 1 1 0 0 1 1 0 0 1 1 0 0 0 0 0
1 1 0 1 1 1 0 1 1 1 0 1 0 1 1 1 0 0 0 0 1 0 0 0 0 0 0 1 1 1 0 0 1 1 0 0 1 1 1 1 0 1 1 0 0 1 1 1 1 0 1 0 0 1 1 0 0 0 1 0 0 0 0 1 0
0 0 1 1 0 0 0 0 0 0 1 1 0 0 0 0 0 0 1 1 1 0 1 0 1 1 1 0 1 0 0 1 0 0 0 0 1 0 0 1 0 1 0 0 0 1 0 1 0 0 0 0 0 1 0 1 0 1 0 0 0 1 0 1 0
1 0 0 1 1 0 0 0 0 0 1 1 0 1 0 0 0 1 1 0 0 1 1 0 0 0 0 0 1 0 0 0 0 1 0 0 0 1 1 0 0 0 0 0 0 1 0 0 0 0 1 1 1 0 0 1 0 0 0 0 0 0 1 1 0
1 1 0 1 1 0 0 0 0 0 1 0 0 0 1 0 0 0 1 0 1 0 1 0 0 0 1 1 1 0 1 1 0 0 1 0 0 1 0 0 1 0 1 0 0 0 1 0 0 1 0 0 0 1 1 0 0 0 0 0 1 0 0 1 0
0 1 0 0 0 1 0 1 0 0 0 1 0 1 0 1 0 0 0 0 0 1 1 1 0 0 0 0 0 1 1 0 1 0 0 0 1 0 0 1 1 0 0 0 0 1 0 0 1 0 0 0 0 1 0 1 1 1 0 1 1 1 0 0 1
0 0 0 1 1 0 1 0 1 0 0 1 1 0 0 0 1 0 0 1 1 1 1 0 0 0 1 1 0 0 1 1 0 0 0 1 0 0 0 1 0 0 0 0 0 0 1 1 0 1 0 0 0 1 0 0 0 1 1 0 1 0 0 1 1
0 0 0 0 0 1 1 0 1 1 0 0 0 1 1 0 1 0 0 1 1 0 1 1 0 0 1 0 1 1 0 1 0 0 0 1 0 1 0 0 0 0 1 1 0 0 1 1 0 0 1 1 1 0 1 1 0 1 1 0 0 0 1 0 0
0 0 1 0 0 1 1 0 0 1 1 1 0 1 1 0 1 0 1 0 1 0 1 0 1 0 0 0 1 0 0 1 1 0 1 0 1 0 0 1 1 0 0 1 1 0 1 1 1 0 1 0 1 0 1 0 0 0 1 0 0 0 0 0 0
1 0 1 1 1 1 0 0 0 1 1 0 1 0 0 1 0 1 0 0 0 0 0 1 1 0 0 1 0 0 0 0 0 0 0 0 0 0 1 0 0 1 0 0 1 0 0 1 1 1 1 0 0 1 0 0 1 1 1 1 0 0 1 0 0
1 0 1 0 1 1 0 1 0 1 1 0 0 0 1 1 0 0 0 0 0 1 1 1 0 1 0 1 1 0 0 0 0 0 1 1 1 1 0 1 0 0 1 0 0 0 0 1 1 0 0 0 0 1 0 0 0 0 1 1 0 1 1 1 1
0 0 0 0 1 0 1 0 0 1 0 0 1 0 1 1 0 1 0 0 0 1 0 1 1 1 1 0 0 0 0 0 1 1 1 1 1 1 0 0 1 1 0 0 0 0 0 1 0 0 1 1 0 1 0 0 0 0 0 0 0 1 0 1 1
0 1 0 0 0 1 0 1 0 1 0 1 1 1 0 0 1 0 0 0 1 0 1 0 0 1 1 1 0 0 1 0 0 0 0 0 0 1 1 0 0 0 0 1 0 1 0 1 0 1 1 1 0 0 1 0 0 1 1 1 0 0 0 1 0
0 0 0 1 1 0 0 1 1 0 0 1 0 1 0 1 1 0 1 1 0 0 1 1 1 0 0 1 0 0 0 1 1 0 0 1 1 1 1 0 1 0 1 1 1 0 0 0 1 1 0 1 0 0 1 0 1 0 1 0 0 1 0 0 0
0 0 0 1 0 1 0 1 0 1 0 0 1 1 0 0 0 1 0 0 0 1 0 1 0 0 0 0 0 0 1 1 1 1 0 0 0 0 0 1 0 0 0 0 1 0 0 0 0 0 1 0 1 0 0 0 1 0 0 1 0 1 0 1 0
1 1 1 1 0 1 0 0 0 0 1 0 0 0 1 0 0 0 1 1 1 1 0 0 0 0 0 1 0 1 0 0 0 1 0 0 0 1 1 0 1 0 0 0 1 1 1 0 0 0 1 1 1 0 0 0 0 0 0 0 0 0 0 1 0
0 0 0 0 0 0 1 0 1 1 0 0 0 1 0 1 0 0 1 0 0 1 1 0 1 1 0 0 0 1 0 0 1 1 1 0 0 0 1 0 0 0 0 1 1 0 0 0 0 0 1 0 0 1 0 1 1 1 0 0 0 0 0 0 0
C Elapsed Time 195564.470000 
