604 49 2^49 6
0 0 0 1 1 1 0 0 1 1 1 0 0 1 1 1 1 0 1 1 1 0 1 0 1 0 1 1 1 0 1 0 0 0 0 0 0 0 0 0 0 0 0 0 1 0 0 1 0
0 0 0 1 1 0 1 0 0 0 1 0 1 0 0 0 0 0 1 0 1 0 0 1 0 0 0 1 0 1 1 0 1 0 0 0 1 0 1 1 1 0 1 1 0 1 0 0 0
0 0 1 0 0 1 0 1 1 1 0 0 1 0 1 1 1 0 1 1 0 1 1 1 0 0 0 0 1 0 0 1 0 1 0 1 0 0 1 0 0 1 0 1 1 0 0 0 1
0 0 0 0 0 1 0 1 1 1 0 0 1 0 0 0 0 1 1 0 1 1 0 0 1 1 0 0 0 0 1 1 0 0 1 0 0 0 0 1 1 1 1 1 0 1 0 0 0
0 1 0 1 1 1 1 0 0 0 1 1 1 0 1 0 1 0 0 1 0 1 1 0 0 0 0 0 0 1 0 1 0 0 0 1 1 0 0 0 0 1 0 1 0 1 1 0 0
1 1 0 0 1 0 0 0 1 1 0 1 0 0 1 0 1 0 0 1 1 0 0 1 1 1 0 0 0 1 1 1 0 0 1 0 1 0 0 0 1 0 1 1 1 0 1 1 0
0 0 0 1 0 1 0 1 1 0 1 1 0 1 0 1 0 1 1 0 1 0 1 0 0 0 1 0 1 0 0 0 1 1 1 1 0 1 0 1 0 1 0 0 0 0 1 0 1
0 1 0 1 0 1 0 0 1 0 0 1 1 0 0 1 0 0 0 0 0 1 1 1 0 1 1 1 0 0 0 1 1 1 1 0 1 1 1 0 0 0 1 0 1 0 0 0 1
1 0 0 1 0 0 0 0 0 0 0 0 0 1 0 0 0 1 0 0 0 0 0 0 1 1 0 1 1 0 1 0 0 1 1 1 1 1 0 1 0 1 1 0 1 0 0 1 1
0 0 0 1 1 0 1 0 0 0 0 0 0 0 0 1 1 0 1 0 0 1 0 0 0 0 0 0 0 0 0 0 1 1 1 0 1 0 0 0 1 1 1 1 1 1 0 0 1
1 1 1 1 0 0 1 0 1 0 0 1 0 0 1 1 1 0 0 0 1 0 0 1 1 1 0 0 0 0 1 0 0 1 0 0 1 1 1 0 0 0 1 0 1 0 0 0 0
1 0 0 0 0 1 1 0 1 1 1 0 0 1 0 0 0 1 1 0 1 0 1 1 0 1 1 0 0 0 1 0 1 0 1 1 0 1 0 0 1 1 1 1 0 1 1 0 0
1 1 1 0 1 0 1 0 0 1 0 0 0 1 1 0 1 1 1 0 1 0 1 0 0 0 1 0 1 0 0 0 0 0 0 1 1 1 1 0 0 0 1 0 1 1 0 0 0
1 0 0 0 1 1 1 1 0 0 1 1 1 0 0 1 1 1 1 0 1 0 0 1 1 1 0 0 0 1 1 0 0 0 1 0 1 0 0 0 0 0 1 1 1 1 0 1 0
1 1 1 0 1 0 0 0 0 1 0 0 1 0 1 1 0 1 0 1 0 1 1 1 1 1 1 0 1 0 1 1 0 0 0 1 1 0 0 0 0 0 0 1 0 0 0 0 1
0 1 0 1 0 0 0 1 1 1 0 1 1 1 0 0 1 1 0 0 1 0 0 1 0 0 1 0 1 1 1 1 0 0 0 1 1 1 1 0 1 0 1 1 1 0 1 0 0
1 0 1 0 1 0 0 1 1 0 1 1 0 1 0 0 1 0 0 1 1 0 0 1 1 1 1 1 0 0 0 0 0 0 0 0 0 0 0 1 0 1 0 0 1 1 1 1 0
0 0 1 1 0 0 0 0 0 0 1 0 1 0 0 0 0 1 0 1 0 0 0 0 1 1 1 0 0 0 0 1 0 0 1 1 0 1 1 1 1 1 1 0 0 1 1 0 1
1 1 0 1 1 0 1 1 0 0 0 0 1 1 1 1 0 1 0 0 1 1 1 0 1 0 0 0 0 0 0 1 0 0 1 0 0 1 1 0 1 1 0 0 0 1 1 1 1
0 1 0 1 0 0 1 0 0 1 0 0 1 0 0 0 1 1 1 1 1 0 0 1 0 0 0 1 1 0 0 0 0 1 1 1 1 1 1 1 1 1 0 1 1 1 0 0 1
1 0 1 1 1 1 0 1 0 0 1 1 0 0 0 1 0 1 0 1 1 1 0 0 1 1 0 1 0 0 1 1 1 0 1 1 0 0 0 0 1 1 1 0 1 1 1 0 1
1 1 0 1 0 1 1 1 1 0 0 0 0 0 1 0 1 0 1 1 0 1 1 1 1 1 1 0 0 0 0 1 1 1 0 0 0 1 1 1 1 0 1 0 0 1 0 1 0
0 1 1 0 0 0 0 1 1 0 1 1 1 1 0 1 0 1 1 0 1 1 1 1 0 0 1 0 1 0 0 1 1 1 0 1 1 0 0 1 0 1 0 0 0 1 0 0 0
1 0 1 0 1 0 0 1 0 0 0 0 0 0 1 1 0 1 0 1 1 0 0 1 1 0 0 1 1 1 0 1 1 1 1 0 0 1 1 1 0 1 0 1 1 0 0 1 0
0 0 0 1 1 0 0 1 1 0 1 1 1 0 1 0 0 0 0 1 1 0 0 0 1 0 1 0 1 0 0 1 1 1 1 0 1 0 0 0 0 0 0 1 0 1 1 0 1
1 1 1 0 0 0 0 1 0 0 0 0 1 0 1 1 1 1 1 1 1 0 0 0 0 1 0 0 0 1 0 1 0 0 1 0 1 0 0 1 1 1 0 1 0 1 0 0 1
1 1 0 1 0 0 1 1 0 1 1 0 0 1 1 0 0 1 1 1 0 0 0 0 0 1 0 0 0 0 0 0 0 0 0 0 0 0 0 1 0 1 1 0 0 1 1 0 0
1 1 0 1 0 0 1 1 0 1 0 1 1 0 0 1 0 1 1 1 0 1 0 0 0 0 1 0 0 0 0 1 1 1 0 0 0 0 1 0 0 1 0 1 0 0 1 0 1
1 1 0 1 1 1 0 1 0 1 0 0 1 0 0 0 1 0 1 0 1 1 0 0 0 1 1 1 0 1 0 0 0 0 0 1 0 1 0 0 1 1 1 0 0 0 1 1 0
1 0 0 0 0 0 0 1 0 0 1 1 1 1 1 0 0 1 1 1 1 1 1 1 0 0 0 1 1 0 0 1 0 0 0 1 0 0 1 0 1 1 1 1 0 0 1 0 0
0 0 1 1 0 1 0 1 0 0 1 1 0 0 1 1 1 0 0 0 0 0 0 1 1 1 0 1 0 1 0 0 1 0 0 1 0 0 1 1 0 1 1 0 0 0 1 0 1
1 1 0 0 1 1 1 0 0 1 0 0 1 0 1 1 0 1 0 0 0 0 0 1 1 1 1 1 1 0 1 0 0 0 0 1 0 1 0 1 0 0 0 1 0 1 1 0 0
1 0 0 0 1 1 0 1 1 1 1 1 1 1 1 1 0 1 0 0 1 1 1 1 1 1 1 0 1 0 1 1 1 1 0 0 0 1 0 0 1 0 1 0 0 0 1 0 0
0 1 0 1 0 0 1 0 1 1 0 0 1 1 1 0 0 1 0 1 0 1 1 1 1 1 0 0 1 1 0 1 1 1 1 0 0 1 1 1 0 1 0 0 1 0 1 0 1
1 1 0 1 0 0 0 1 0 0 1 1 1 0 0 1 0 1 0 1 1 0 1 1 0 0 1 0 1 1 0 0 0 1 1 1 1 1 1 0 1 1 1 1 0 1 0 1 0
1 0 0 0 0 1 1 1 0 1 1 1 0 0 1 0 1 1 1 0 1 1 0 0 1 0 0 1 1 1 1 1 0 0 1 0 0 0 0 0 1 1 0 0 0 0 0 1 0
0 1 1 0 0 1 1 0 1 0 1 0 1 1 0 1 0 1 0 0 1 1 1 1 1 1 0 1 1 0 1 1 1 1 1 1 1 1 1 1 1 0 1 0 0 0 1 0 0
0 0 1 0 0 0 0 0 0 0 0 1 1 0 1 0 0 1 1 0 0 0 1 1 1 0 1 1 0 1 0 0 0 0 1 0 1 0 1 1 1 0 1 1 0 0 0 1 0
1 0 1 0 1 1 1 1 1 1 1 0 1 1 0 0 0 1 0 0 1 0 1 1 1 0 1 1 1 0 1 0 1 1 1 1 1 1 1 0 1 1 0 0 1 0 1 1 1
0 1 0 0 0 1 1 1 0 1 1 0 0 1 0 0 0 0 0 1 0 1 1 1 1 0 0 1 0 0 0 0 1 0 0 0 1 0 0 0 1 1 0 1 0 1 0 0 0
0 0 0 0 0 1 1 0 1 0 1 1 0 0 0 0 0 1 0 1 0 1 1 0 1 0 1 0 1 0 0 0 1 0 0 0 0 1 1 1 0 1 0 0 1 1 0 1 1
0 0 1 1 1 1 1 0 1 1 0 1 1 0 0 0 0 0 0 1 1 1 1 0 0 1 1 0 1 1 1 1 0 0 1 1 1 1 0 0 1 1 1 0 1 1 0 0 1
0 1 0 1 0 0 0 0 1 1 1 1 1 1 0 1 1 0 1 1 0 0 0 1 0 0 1 0 0 1 1 1 1 0 1 0 0 1 1 1 0 0 0 0 1 1 1 1 1
1 0 1 0 0 0 0 0 0 1 0 0 0 1 1 1 0 1 0 1 1 0 0 0 0 0 0 0 0 0 1 0 0 0 1 1 1 0 1 1 0 0 0 1 0 1 1 1 0
0 1 0 0 0 1 1 0 1 1 0 0 1 1 1 1 0 0 1 0 0 0 1 1 0 0 0 1 1 1 1 0 0 0 0 0 1 1 0 1 1 0 0 1 0 1 0 0 1
0 0 0 1 0 1 1 1 0 1 1 0 0 1 1 1 1 0 1 0 1 1 1 1 1 1 0 0 0 0 1 0 1 1 1 1 0 1 0 1 1 0 0 0 1 1 0 1 0
0 1 0 1 1 0 1 1 0 0 1 1 1 0 0 1 0 1 0 1 0 1 0 1 1 1 1 1 1 1 0 0 0 1 0 0 0 1 1 1 0 1 1 1 1 0 1 1 1
0 1 1 1 0 1 1 1 0 0 0 1 1 1 0 0 1 1 0 1 0 0 0 0 1 0 0 0 0 0 0 0 1 1 0 0 0 0 0 0 1 0 1 0 0 1 1 0 0
0 1 1 1 1 0 1 1 0 0 1 0 1 1 0 1 0 0 1 1 1 0 1 1 0 0 1 1 1 1 0 1 0 0 1 1 1 0 0 0 0 0 0 1 1 1 0 0 0
0 1 1 1 1 1 0 1 1 1 0 0 0 0 1 1 0 1 0 1 1 0 1 0 1 1 1 1 0 1 1 0 0 1 1 0 0 0 0 1 0 1 1 0 0 1 0 1 0
0 0 0 0 0 0 1 1 0 1 1 1 0 1 0 1 1 0 1 1 1 1 1 0 0 0 0 1 0 0 0 0 1 1 1 0 0 0 0 0 0 1 0 0 0 1 1 0 1
1 1 0 0 0 0 1 1 1 1 0 0 1 0 1 0 1 0 1 0 0 0 1 0 0 1 1 1 0 0 0 1 1 0 1 0 0 1 0 1 0 1 0 1 1 1 1 0 1
1 1 0 1 0 0 0 0 0 0 0 1 0 1 1 0 0 1 0 0 0 1 0 1 1 1 1 0 0 0 0 0 0 0 1 0 1 1 0 1 0 1 1 1 0 1 0 1 0
0 0 0 1 1 0 0 1 0 1 1 1 0 1 0 0 1 0 1 1 0 1 1 0 1 1 0 1 1 1 0 1 0 1 0 1 0 1 0 1 0 1 1 1 1 1 0 1 0
1 0 1 0 0 1 0 1 0 0 1 0 0 1 1 0 0 0 1 0 1 0 0 1 0 0 0 0 0 1 0 0 1 1 1 0 0 1 1 0 0 1 1 1 1 1 0 1 1
1 1 0 1 0 0 1 1 0 1 0 0 1 0 1 0 0 0 0 1 1 1 0 0 1 0 1 0 0 0 1 1 0 1 1 1 1 0 1 0 1 1 1 0 1 0 0 1 1
1 0 0 0 0 1 1 0 0 0 1 0 0 0 1 1 1 0 1 1 0 0 0 0 0 1 1 0 0 0 1 0 0 1 1 1 1 0 1 1 0 0 1 1 1 0 1 1 0
1 0 0 1 0 0 1 1 0 0 1 0 0 0 0 1 1 1 0 1 0 1 0 1 0 0 1 0 0 1 1 1 1 1 0 1 0 1 0 0 0 0 1 0 1 1 0 1 0
1 0 1 1 0 0 1 0 1 0 0 0 0 1 0 0 1 1 0 0 1 1 0 0 0 1 1 0 0 0 0 0 0 1 1 1 1 0 1 0 1 1 0 1 0 0 0 0 0
0 1 0 1 1 0 0 1 1 0 1 1 1 0 1 1 1 0 1 0 0 0 0 0 0 1 1 0 1 1 0 1 0 1 0 1 1 1 1 1 1 1 0 0 0 0 1 1 0
1 1 1 1 0 1 1 0 0 1 0 1 1 1 1 0 0 0 0 1 0 1 1 0 0 1 1 0 0 0 1 0 0 0 0 1 1 1 0 1 1 0 0 0 1 1 1 1 0
0 1 1 0 0 1 0 1 0 0 0 1 1 0 1 1 1 0 1 0 0 1 1 1 0 1 1 1 0 0 0 1 0 1 0 0 0 0 0 0 0 0 0 1 1 1 0 1 0
1 1 1 0 0 0 1 1 1 0 0 1 1 0 1 0 1 1 1 1 0 0 1 0 1 1 0 1 1 1 1 1 0 1 0 1 1 1 1 0 0 1 1 1 0 0 0 1 0
1 1 0 1 0 0 0 1 1 0 1 0 0 0 1 1 0 0 0 0 0 1 0 0 0 1 0 1 0 0 1 0 0 1 0 0 1 0 0 0 1 0 0 1 0 0 0 0 0
1 0 1 1 0 1 0 0 0 0 1 0 1 1 1 1 0 1 0 1 0 0 1 1 0 1 1 1 0 0 0 0 0 1 1 1 1 0 1 1 0 0 0 0 0 0 0 0 1
1 0 0 0 1 0 0 1 1 1 1 0 0 0 0 0 1 0 1 0 0 1 0 0 1 0 1 0 1 1 0 0 1 0 1 1 1 0 1 1 0 1 0 1 1 0 1 1 1
1 1 1 1 0 0 1 1 1 0 0 1 1 0 1 0 1 0 1 0 0 0 1 1 1 0 0 0 0 1 0 1 0 0 0 0 1 0 1 0 1 0 0 1 1 1 0 0 1
1 1 1 0 0 1 0 1 0 0 1 0 1 0 0 1 0 1 1 0 1 1 0 1 1 1 1 1 1 1 1 0 0 1 1 1 0 0 1 0 1 0 1 0 0 1 0 1 1
0 0 1 0 1 0 0 1 1 1 0 0 1 0 0 0 1 1 0 1 0 0 0 0 0 0 1 0 0 0 0 1 0 1 0 1 0 1 0 1 1 1 1 1 0 1 1 1 1
1 0 0 1 0 0 1 0 0 0 0 0 1 1 0 0 1 0 0 1 1 1 1 1 1 1 0 0 1 0 1 0 0 1 1 0 0 0 1 1 0 1 1 0 0 0 0 0 1
0 0 0 0 0 0 1 0 0 1 1 0 0 0 0 0 1 1 0 0 1 1 1 1 0 1 0 1 1 0 1 1 0 1 1 1 0 1 0 0 0 0 0 1 0 1 0 0 1
0 1 0 1 1 0 1 1 1 0 0 1 0 0 1 1 0 1 1 0 0 1 1 0 0 1 0 1 0 0 0 0 1 0 1 1 0 1 1 1 0 1 1 0 1 1 0 1 1
1 0 0 0 1 0 0 1 0 0 0 1 0 0 0 0 1 0 1 0 1 0 1 1 1 0 0 0 1 0 0 1 1 1 1 0 1 1 0 1 0 1 0 0 1 0 1 0 1
1 0 1 0 0 1 0 1 0 0 0 0 1 0 1 0 1 0 0 0 1 0 0 0 1 1 0 1 1 0 1 0 0 0 1 0 1 1 1 1 1 1 1 0 0 1 0 1 0
0 0 1 1 1 1 0 1 1 1 0 0 0 1 0 0 0 0 1 0 0 1 0 1 1 1 0 1 0 0 0 1 1 1 0 0 0 0 1 1 0 0 1 1 0 0 1 1 1
0 0 1 1 1 1 1 1 1 1 1 1 1 0 1 1 0 1 0 0 1 0 1 1 1 0 0 0 1 1 0 1 1 0 1 0 1 0 0 1 1 1 1 1 1 0 0 1 1
0 0 0 0 0 0 1 1 1 0 1 0 0 1 0 0 0 0 0 1 1 1 0 1 1 0 1 1 1 0 0 1 0 0 0 1 0 0 0 0 0 0 1 0 0 0 1 1 1
0 1 1 1 1 0 1 0 0 1 0 1 1 1 0 0 1 1 1 0 0 1 1 1 1 1 1 0 0 0 0 1 0 0 0 0 0 0 1 0 0 1 0 0 1 0 0 0 0
0 0 1 0 1 1 0 0 0 0 0 1 1 1 0 1 1 1 0 0 0 0 1 1 0 0 0 0 0 1 1 1 0 1 0 1 1 1 0 0 0 1 1 1 0 0 0 1 0
0 1 0 0 1 0 1 0 1 1 0 1 1 0 0 0 1 0 1 1 0 1 0 0 1 0 1 1 1 1 0 1 0 1 0 0 1 0 0 1 0 0 1 0 0 1 0 0 0
0 0 1 1 1 1 1 1 1 0 1 1 0 0 1 1 1 1 0 0 0 0 0 1 1 1 1 1 0 0 0 1 0 1 1 0 1 1 1 1 0 1 1 1 1 1 0 0 0
0 1 0 1 0 1 1 0 0 0 1 1 0 0 0 0 0 0 1 0 0 0 0 0 0 0 0 0 0 0 1 0 0 1 1 0 0 0 0 1 1 0 1 0 0 0 0 0 1
1 0 1 1 1 1 1 1 1 1 1 0 0 1 0 1 0 1 1 1 1 0 0 1 1 1 1 1 0 1 0 0 1 0 0 1 1 0 0 0 0 1 0 0 1 1 1 0 0
1 0 1 1 0 0 0 0 1 1 0 1 1 1 0 0 0 0 1 0 0 0 0 0 1 0 0 0 1 1 1 0 0 1 1 1 1 0 0 0 0 0 0 1 0 1 0 0 1
0 1 1 0 0 1 0 0 0 0 0 1 0 1 1 1 0 0 0 1 1 0 1 0 0 1 0 0 0 0 1 0 1 0 1 0 1 0 0 0 0 0 0 0 1 1 0 0 0
0 1 0 1 0 1 1 1 1 0 1 1 0 1 1 1 0 0 1 1 0 0 0 0 1 0 0 1 0 1 1 1 0 1 0 0 0 1 0 0 1 0 0 0 1 0 1 1 0
0 0 1 1 1 0 0 1 1 1 1 0 1 1 0 0 1 1 0 0 1 1 0 0 0 1 0 0 0 0 1 0 1 0 0 1 1 0 1 0 1 1 1 1 0 1 0 1 0
1 1 0 0 0 0 1 1 0 0 0 1 1 1 0 1 0 1 0 0 1 0 0 0 1 1 1 1 0 1 1 0 1 0 0 1 1 0 1 0 1 0 1 0 1 0 0 1 1
1 1 1 1 0 0 0 1 0 1 0 0 1 0 0 1 1 1 0 0 0 0 1 1 0 0 0 0 1 1 1 0 0 1 0 1 0 1 1 1 1 0 0 0 1 0 0 1 0
1 0 0 0 1 0 1 1 0 0 0 1 0 0 1 1 0 0 0 1 0 0 1 1 0 1 0 0 1 0 0 0 0 0 1 1 1 0 1 1 1 1 0 0 1 1 0 1 0
0 0 1 0 1 1 0 1 1 0 1 1 1 1 1 0 0 0 0 1 1 1 1 0 0 1 0 1 0 0 1 0 1 1 0 0 1 1 1 0 0 1 1 0 1 0 1 1 0
1 0 1 0 0 0 1 0 0 1 1 1 0 0 0 0 0 1 1 0 1 1 1 1 0 1 1 1 1 1 1 1 0 1 0 0 0 1 0 1 0 1 1 1 0 0 1 0 0
0 1 0 0 0 1 1 1 0 1 1 0 0 0 0 0 0 0 0 0 0 1 0 1 0 1 1 0 1 1 1 0 1 0 1 1 1 0 1 1 0 1 1 0 0 0 0 1 0
1 0 0 1 0 1 0 1 1 1 0 1 1 1 0 1 0 0 0 1 0 1 0 0 0 1 1 0 1 1 0 0 0 0 1 1 0 1 1 0 1 1 0 1 0 0 1 1 1
0 1 1 0 1 1 1 0 0 0 0 1 1 0 1 0 0 0 1 0 1 1 1 1 1 0 1 1 1 1 0 1 0 1 0 0 0 1 1 1 0 1 1 0 0 0 1 1 0
0 0 0 0 0 0 0 1 1 0 1 1 0 0 1 0 1 1 1 1 0 0 1 1 1 0 0 0 1 1 1 0 0 1 1 0 0 1 0 1 1 1 1 1 0 1 1 0 0
1 0 1 0 1 0 1 1 1 1 0 1 1 1 1 1 1 0 1 0 1 1 1 0 1 0 1 0 0 0 1 1 1 1 0 1 0 1 0 0 1 1 1 0 0 1 0 1 0
1 0 0 1 1 0 1 0 0 0 0 0 0 1 0 1 0 1 1 1 1 1 1 1 0 1 1 0 0 1 1 1 1 0 1 0 1 1 0 0 1 1 0 0 1 1 1 1 0
0 1 0 1 0 0 0 1 0 1 0 1 0 1 0 0 1 0 1 0 1 1 1 1 0 1 1 1 0 0 0 1 1 1 1 0 1 1 1 1 1 1 1 0 1 1 1 1 0
0 1 1 1 0 1 0 0 0 0 1 0 0 0 1 0 1 1 1 0 1 1 0 0 0 1 1 1 0 1 1 1 0 1 1 0 1 1 1 1 0 1 1 1 0 1 1 0 0
1 1 1 0 1 0 0 1 1 0 0 1 0 1 1 0 0 1 1 1 1 0 1 1 1 0 0 0 1 0 1 1 0 0 0 0 1 0 0 0 1 1 1 1 1 1 1 1 0
1 1 1 0 0 1 1 1 0 0 0 1 0 1 0 1 1 0 1 0 1 1 0 0 0 0 0 0 1 0 1 1 1 0 0 1 0 0 1 1 1 1 1 0 1 0 0 0 0
1 1 1 1 1 0 0 1 0 1 0 0 0 1 1 1 1 1 1 0 1 0 0 1 1 0 1 0 1 0 1 1 1 1 0 1 1 0 1 0 0 1 0 0 0 0 1 1 0
1 0 0 0 1 0 1 0 0 0 1 0 0 0 0 1 0 0 0 0 1 0 1 1 1 1 1 1 1 1 1 0 0 0 0 0 1 0 0 1 1 1 1 1 1 0 0 1 1
1 0 1 1 1 1 0 1 0 0 1 0 1 1 1 0 1 0 1 0 1 0 1 1 0 1 0 0 0 1 1 1 1 1 1 1 1 0 0 1 1 0 1 0 1 1 1 1 0
0 0 0 1 1 1 0 1 1 1 0 0 1 0 1 0 1 1 1 1 1 0 1 1 1 0 0 1 1 0 1 1 1 0 0 1 0 1 1 0 0 0 0 0 0 1 0 0 0
1 1 1 1 1 1 1 1 0 1 0 0 0 0 1 0 0 0 1 1 1 1 1 1 1 0 0 1 0 0 0 0 0 0 1 1 0 1 1 1 0 1 0 1 1 1 1 0 0
0 0 1 1 0 0 0 0 1 0 0 1 0 0 1 1 0 1 0 0 0 1 0 0 0 1 0 1 1 1 0 0 1 1 1 0 1 0 0 0 1 1 1 1 0 1 1 1 0
0 0 0 1 1 1 1 0 1 1 1 0 1 0 1 0 0 0 0 0 0 1 0 0 0 0 0 1 0 0 0 0 0 0 0 1 0 1 1 0 1 1 1 0 0 0 1 0 1
0 1 0 1 1 0 0 1 1 0 1 0 0 1 0 1 0 0 0 1 0 0 1 0 0 0 1 1 0 0 1 0 0 0 1 1 1 1 0 1 1 1 0 0 0 0 0 0 1
0 1 1 0 0 0 0 1 1 1 1 1 1 0 1 0 0 0 1 0 1 1 1 0 1 0 0 0 0 0 1 0 0 0 0 1 0 0 1 0 0 0 0 0 1 1 0 1 0
0 1 1 0 0 0 1 1 0 1 1 1 0 1 1 0 0 1 1 1 1 1 0 0 0 1 0 1 1 0 1 1 0 1 1 0 1 0 0 0 1 1 1 1 1 1 0 0 1
0 0 1 1 0 0 0 1 1 1 0 1 0 1 0 0 1 0 0 1 0 1 0 0 1 0 1 0 0 0 1 1 1 0 1 0 0 1 1 0 0 0 1 1 0 0 1 1 0
1 1 0 1 1 1 0 1 1 0 1 1 0 1 0 1 1 0 1 0 1 0 1 0 0 1 0 0 1 0 1 0 0 0 1 0 1 1 1 0 0 0 1 1 0 1 1 1 0
1 0 0 1 1 0 0 1 0 1 1 0 1 0 1 0 1 0 0 1 0 1 1 1 0 0 1 1 1 1 0 1 0 1 1 0 1 1 1 0 0 1 0 1 1 1 0 1 0
0 0 1 0 1 0 0 0 0 0 1 1 0 1 0 1 0 0 0 0 0 1 1 0 1 0 0 1 1 0 0 0 1 1 1 1 0 0 1 0 1 1 1 0 1 1 0 1 0
0 1 0 1 0 1 0 0 1 0 1 0 1 1 0 0 1 0 0 0 1 0 1 1 1 0 0 1 1 1 1 0 0 1 1 1 1 0 0 1 0 1 1 0 0 1 1 1 1
0 0 0 0 1 0 0 0 1 1 0 0 1 1 1 1 0 1 1 1 0 0 0 0 0 1 0 0 1 0 1 0 1 1 1 0 0 1 1 1 1 0 0 0 1 1 0 1 1
0 1 1 0 0 1 0 1 1 0 0 0 0 1 1 1 1 1 1 1 1 0 1 0 1 1 1 1 1 0 0 0 1 0 0 1 0 0 0 0 1 0 0 1 1 1 1 1 1
1 0 1 1 1 0 0 1 0 0 0 1 0 0 1 1 1 1 1 1 0 1 0 0 1 0 1 1 0 0 0 1 0 1 1 1 1 0 1 0 1 0 0 0 1 0 1 1 1
1 1 0 1 0 1 1 1 0 1 0 1 0 0 1 0 1 1 0 0 1 0 1 0 1 1 1 0 1 1 1 1 1 1 1 1 0 0 0 1 1 0 1 1 0 0 1 0 1
1 1 1 1 0 0 1 0 1 0 0 0 1 1 1 0 0 1 1 1 1 1 0 1 0 0 1 0 1 0 0 0 1 0 0 0 0 0 1 0 0 1 1 1 0 0 1 0 0
1 0 0 0 1 1 1 0 1 1 1 0 0 1 1 1 0 0 1 1 1 1 1 0 1 1 1 1 0 1 0 1 0 0 1 0 1 1 1 1 1 1 0 0 1 0 0 0 1
0 1 0 0 0 0 0 0 0 1 0 0 0 1 1 0 0 0 1 1 1 1 0 0 0 0 1 1 0 1 1 0 1 1 1 1 0 1 1 0 1 1 0 0 1 1 1 0 0
1 1 0 1 1 0 0 0 1 0 1 1 1 0 1 0 1 0 0 0 0 0 1 1 1 1 1 1 1 0 1 1 1 1 1 1 1 1 0 1 1 1 0 0 1 1 0 0 1
0 0 1 1 1 1 1 1 0 1 0 0 0 0 0 1 0 0 1 1 0 0 0 1 0 1 0 0 1 0 0 0 1 0 0 1 1 1 0 1 1 0 0 1 1 0 0 0 1
0 0 1 0 0 1 1 1 1 0 1 1 1 1 1 1 0 0 0 1 0 1 1 0 1 0 1 0 0 1 1 1 1 0 1 0 1 1 1 0 0 0 1 1 1 1 1 0 1
1 0 0 0 1 0 0 0 0 1 1 0 1 0 0 1 1 1 1 0 1 1 0 1 1 1 0 0 0 0 0 1 0 1 1 1 0 0 1 1 0 0 1 0 1 0 0 0 0
1 1 1 1 1 1 0 1 1 0 1 0 1 1 0 0 0 0 0 0 1 1 0 0 1 1 0 1 1 1 1 1 0 1 1 0 0 0 0 1 1 0 0 1 1 0 1 0 1
0 1 1 1 0 0 0 1 1 0 0 0 0 0 0 0 1 0 0 0 1 1 0 1 0 1 1 1 1 1 1 0 0 1 0 1 0 1 1 0 1 0 0 0 1 0 1 1 1
0 0 0 1 0 1 0 0 1 1 1 1 1 1 1 1 0 1 1 1 1 1 1 1 1 0 0 0 1 1 1 0 1 0 0 1 1 0 0 0 1 0 1 0 1 0 1 1 1
0 0 0 0 1 0 1 0 1 0 1 0 1 1 1 1 1 1 0 1 1 0 0 1 1 1 0 0 0 0 0 1 1 0 1 0 1 1 0 0 0 0 1 0 0 0 0 1 1
0 1 1 0 0 0 0 0 0 1 0 1 0 0 1 0 1 1 0 0 0 1 1 1 0 1 0 0 0 1 0 0 0 1 0 1 1 1 0 1 1 1 1 0 1 1 1 0 0
0 0 1 0 1 0 1 0 0 1 1 1 1 1 1 1 1 0 0 0 1 0 1 1 0 0 1 0 1 1 1 0 0 0 0 0 0 0 0 1 0 1 1 0 0 1 0 0 1
1 1 0 0 1 0 0 0 0 1 0 0 0 0 0 1 1 0 1 1 0 0 0 0 0 0 1 1 1 0 1 0 1 0 1 1 1 0 0 0 1 0 1 1 1 0 1 0 0
1 0 1 0 0 0 1 1 0 1 1 1 1 1 0 1 0 0 0 0 1 1 0 0 0 1 1 1 1 0 0 1 1 0 0 1 1 0 1 1 0 0 0 1 1 1 0 0 0
1 1 1 1 0 1 0 1 1 0 0 1 1 1 1 1 0 1 1 0 0 0 0 0 0 1 1 0 1 0 0 1 0 1 1 0 1 1 0 1 1 0 1 0 1 1 0 1 1
1 1 0 0 1 0 1 0 1 1 1 1 1 0 1 1 1 1 0 1 0 1 0 0 1 1 1 1 0 1 1 0 0 1 1 1 0 0 0 1 1 0 0 1 1 1 1 0 0
1 1 0 0 1 1 0 1 0 0 1 1 1 1 1 0 0 1 0 1 0 1 1 1 0 0 0 0 0 0 1 1 1 1 0 1 0 1 1 1 1 1 1 0 1 0 1 1 1
1 0 0 0 0 1 0 1 0 1 0 1 1 1 1 0 1 1 1 0 0 0 0 1 1 0 0 0 1 0 1 0 1 1 1 0 0 0 1 0 1 1 0 0 1 1 1 1 1
0 0 0 0 1 1 1 1 1 1 0 0 1 1 1 0 0 1 0 0 0 0 1 0 0 1 0 0 0 0 1 0 1 1 0 1 1 0 0 0 1 0 0 0 0 0 0 1 0
0 1 1 0 1 0 1 1 0 0 0 0 0 1 0 1 1 0 0 0 1 1 0 0 1 0 0 0 1 1 0 0 0 1 1 1 1 1 1 1 0 0 1 0 0 1 1 0 1
0 0 1 0 0 1 0 0 1 1 0 1 0 0 0 0 0 1 0 0 1 0 0 0 0 1 0 1 0 1 1 1 1 1 0 0 0 1 1 1 0 1 0 0 1 0 0 0 0
1 0 1 1 1 0 0 0 0 0 0 0 0 0 0 1 0 1 1 0 1 0 1 0 0 1 1 0 1 1 0 0 1 1 1 1 1 0 1 1 1 0 0 0 1 1 1 0 0
0 1 0 1 0 1 1 0 0 0 0 1 1 0 0 1 1 1 1 1 1 0 0 1 0 1 1 1 1 0 1 0 1 0 0 1 1 1 0 1 1 1 1 0 0 0 1 1 0
1 0 0 1 1 1 1 1 1 1 1 1 0 0 0 1 1 1 0 1 1 1 1 1 1 0 1 0 0 0 1 0 0 1 0 1 1 1 0 1 0 1 0 1 0 0 1 1 1
0 0 1 1 1 1 0 1 0 0 1 0 0 0 0 0 0 1 1 0 0 0 1 1 1 0 1 0 0 0 0 0 1 0 1 0 0 0 1 0 0 1 0 0 1 0 0 1 0
1 1 1 0 0 0 1 0 1 1 0 0 0 1 1 1 1 0 1 0 0 1 0 1 1 1 0 0 1 1 0 1 1 0 0 1 0 0 0 1 0 1 0 0 0 1 0 1 1
1 1 1 0 0 0 0 1 0 1 1 0 0 1 1 0 0 0 0 1 1 0 1 0 1 0 1 0 1 0 1 0 0 1 0 1 0 1 0 1 1 1 0 1 0 0 1 0 1
0 1 0 0 0 0 0 1 0 0 1 0 0 1 1 1 1 1 0 0 0 0 1 1 0 0 1 0 0 0 1 1 1 1 1 0 1 0 1 1 1 0 0 0 1 0 1 0 1
0 0 1 1 0 0 1 1 0 1 0 1 1 1 1 0 0 0 1 0 0 0 1 1 0 0 0 1 1 0 0 1 1 0 1 0 0 0 1 1 0 0 1 0 1 1 1 0 1
1 0 1 1 0 1 1 1 0 0 0 1 1 0 0 1 0 0 1 1 1 1 1 0 0 1 0 1 0 0 1 0 1 0 1 1 0 0 1 0 0 0 0 1 0 0 0 1 0
1 0 0 0 1 1 0 0 0 1 1 1 1 1 0 0 0 0 1 0 1 1 1 0 0 0 1 1 0 0 1 1 0 1 1 1 1 0 1 1 1 0 0 1 0 0 1 0 0
0 0 0 0 1 0 1 0 1 0 0 0 1 1 0 1 1 0 0 0 0 0 1 0 0 1 1 1 0 1 0 0 1 1 0 1 0 0 1 0 0 1 0 0 1 0 1 0 0
1 0 1 1 1 1 0 1 1 0 1 0 1 0 1 1 1 0 0 1 0 1 0 0 1 0 1 1 0 0 1 0 1 0 0 1 0 0 1 1 0 0 1 0 0 0 1 1 1
0 0 1 1 0 1 1 0 1 0 1 0 1 1 1 0 1 1 1 1 0 1 0 1 1 1 0 1 1 1 0 1 0 1 0 0 1 1 1 0 1 1 0 1 1 1 1 1 1
0 1 0 0 1 0 1 1 0 1 1 0 1 0 0 1 0 0 0 0 1 0 1 1 1 0 0 0 0 1 1 1 1 0 1 1 0 1 0 0 0 1 1 0 0 0 0 0 0
1 0 0 1 1 0 1 0 1 0 1 0 0 1 0 1 0 0 1 0 1 1 1 0 0 1 1 1 1 1 1 1 1 1 0 0 0 0 1 0 1 0 0 1 0 1 0 1 1
1 1 1 1 1 0 1 1 1 1 0 1 0 0 0 0 0 1 1 0 1 0 0 1 1 1 0 0 1 0 0 1 1 1 1 0 0 1 1 0 1 0 1 0 0 0 0 1 0
1 1 0 0 1 1 1 1 0 1 1 1 1 0 0 0 0 1 0 0 0 1 1 0 1 0 1 0 0 1 0 0 1 1 1 0 1 1 0 1 1 0 0 1 1 0 0 0 0
0 0 0 0 1 0 0 1 1 1 0 1 0 0 0 1 1 0 1 0 1 0 0 0 1 1 1 1 1 0 1 1 0 1 1 0 0 0 1 1 1 1 0 0 0 1 0 0 0
0 0 1 0 0 0 1 1 0 1 0 1 1 0 0 1 0 0 0 0 0 0 1 0 0 0 0 1 1 1 1 0 0 0 0 0 0 1 1 0 1 1 0 1 1 1 1 1 0
0 0 0 1 1 1 1 1 1 1 0 0 0 0 0 1 0 0 0 1 1 1 1 0 1 1 0 0 1 1 1 0 1 1 1 0 0 1 0 1 0 0 0 1 1 1 1 1 1
1 1 1 0 0 0 0 1 1 0 1 0 0 1 0 0 1 1 1 1 0 0 1 1 0 1 0 1 1 1 1 1 1 0 1 1 0 1 1 1 0 1 0 0 1 1 0 0 1
0 0 1 0 0 0 1 0 1 0 1 0 0 1 1 0 0 0 1 0 1 0 1 1 0 1 0 0 0 1 0 1 0 0 1 1 0 0 1 1 1 1 1 1 1 0 1 1 0
0 1 0 1 0 1 0 1 0 1 1 0 1 1 1 1 1 0 0 1 0 1 1 1 0 1 1 0 1 0 0 0 1 0 0 1 0 0 0 0 1 1 0 0 0 0 0 1 1
0 0 0 1 0 1 1 0 1 1 0 1 1 1 1 0 1 0 1 1 0 1 0 0 1 1 0 1 0 1 1 1 1 0 1 1 1 0 1 1 1 0 1 0 0 1 0 1 0
0 0 0 1 1 0 0 0 0 1 0 1 1 0 0 0 0 0 0 0 1 0 0 1 0 0 0 0 0 0 1 1 0 0 0 0 1 0 1 1 0 0 0 1 0 0 1 1 1
0 0 0 1 0 1 0 0 1 0 1 0 1 0 0 1 1 0 0 1 0 1 1 0 0 1 1 0 1 1 0 0 1 0 1 0 1 1 0 1 0 0 0 1 1 0 0 0 0
0 0 0 1 1 1 1 0 0 1 1 1 1 1 1 0 1 1 0 0 1 0 0 0 0 0 0 0 1 0 0 0 1 0 1 1 1 1 0 1 0 1 1 1 1 1 1 0 0
1 1 1 0 0 1 0 0 1 1 0 1 0 1 1 0 0 1 1 0 0 0 1 1 0 1 1 0 0 1 0 0 1 1 0 1 0 0 0 1 1 0 1 0 0 0 0 1 1
1 1 1 0 1 1 0 1 0 0 0 1 1 1 0 1 1 1 1 1 1 1 0 0 1 0 1 1 0 0 0 0 1 0 0 0 1 1 1 1 0 0 0 1 0 1 1 0 0
0 1 1 0 1 0 0 1 1 0 1 1 1 0 1 0 1 1 0 0 0 1 1 1 0 0 0 1 1 1 1 0 1 0 0 0 1 1 1 0 0 0 1 1 1 1 0 0 1
0 1 1 1 1 0 1 0 0 1 1 1 1 1 1 1 1 0 1 1 0 0 0 1 0 0 1 1 0 1 0 1 1 0 0 0 0 0 1 0 1 0 1 1 1 0 1 1 0
0 0 0 1 0 1 0 0 0 0 0 1 0 1 0 0 1 0 1 0 0 1 1 0 0 1 0 1 1 1 1 1 1 1 0 1 0 1 0 0 1 1 1 1 1 0 1 0 1
1 1 0 1 0 0 1 0 1 0 1 0 1 0 0 0 0 0 0 1 0 0 0 0 0 1 1 1 0 1 1 1 1 1 1 0 0 1 0 1 0 1 0 0 0 0 0 1 0
0 0 1 0 0 0 0 1 0 0 1 1 1 0 1 1 1 0 1 1 1 1 0 1 0 0 0 1 0 1 1 1 0 0 0 0 0 1 0 1 0 0 0 1 1 0 0 0 0
1 1 0 1 1 0 0 1 0 1 1 0 0 1 0 1 1 0 1 0 1 1 1 1 1 0 1 1 0 1 1 1 0 0 0 0 1 1 1 1 0 1 1 1 0 0 0 0 1
0 0 0 0 0 0 1 0 0 1 0 0 1 0 1 0 0 0 1 0 0 0 0 0 0 1 0 0 0 1 1 1 0 0 1 0 0 0 1 0 0 0 0 1 1 0 0 1 1
1 1 1 1 1 1 0 1 0 0 1 1 0 0 1 0 1 0 1 0 1 1 0 1 0 1 1 0 0 0 1 1 1 1 0 0 1 0 1 0 1 1 0 0 0 1 0 0 1
1 0 0 0 1 0 0 0 1 1 0 0 0 0 0 0 0 1 1 1 1 1 1 1 1 1 0 0 1 0 1 0 0 0 0 1 1 1 1 1 1 1 0 0 0 0 0 1 1
0 0 1 0 1 0 0 1 1 1 1 0 1 0 1 1 1 1 0 0 1 1 1 0 0 1 0 1 1 1 0 1 0 0 1 0 1 0 1 1 0 0 0 0 0 1 1 1 0
0 1 0 0 0 0 1 1 0 0 1 1 1 0 0 0 0 0 1 1 1 0 1 1 1 1 0 0 0 1 1 1 1 1 0 1 0 0 1 1 0 0 0 0 0 1 1 1 0
0 0 1 1 1 0 1 1 0 0 0 0 1 0 0 1 1 0 0 0 0 1 1 1 1 0 1 0 0 0 0 0 0 1 1 1 0 0 0 0 1 0 1 1 0 0 1 0 0
0 1 0 1 1 1 1 0 1 0 0 0 1 1 0 1 1 0 0 1 1 0 0 0 0 1 0 0 1 0 1 1 1 1 1 0 1 1 1 0 1 0 1 0 1 1 1 0 0
1 1 0 0 0 0 0 1 1 1 1 1 0 0 1 1 1 1 0 1 1 0 1 1 0 0 0 0 1 0 1 0 1 1 1 0 0 0 0 0 0 0 0 1 0 0 0 0 1
0 1 0 0 1 1 1 0 1 0 1 1 0 0 1 1 0 1 1 0 1 1 1 1 0 0 0 1 1 0 0 0 0 0 0 1 1 0 0 1 1 0 0 1 0 1 0 0 1
0 0 1 1 0 1 0 0 1 1 1 0 0 1 0 1 0 1 0 0 0 0 0 0 1 1 1 1 1 1 1 1 0 0 0 1 1 1 0 1 0 0 0 1 0 0 1 1 0
1 0 1 1 1 1 0 1 1 0 1 1 1 0 0 1 1 1 0 0 1 0 0 0 1 0 1 1 1 1 1 1 0 1 0 0 1 0 0 0 1 0 1 0 1 0 0 0 1
0 1 1 0 0 1 0 0 0 1 1 0 1 0 0 0 0 1 1 0 1 1 0 1 1 1 1 1 0 1 0 0 1 1 0 0 1 0 0 0 0 1 1 0 1 1 1 0 0
0 1 1 1 1 0 0 1 1 0 1 0 0 1 1 1 0 0 0 0 0 1 1 1 1 0 0 1 1 0 0 0 0 1 1 0 0 0 1 0 0 1 1 0 0 1 0 0 1
1 0 1 1 1 1 1 1 0 1 1 0 1 1 0 0 0 1 0 1 0 0 0 1 1 1 0 1 1 1 0 1 0 0 1 0 0 0 0 1 1 1 1 1 0 1 0 0 0
1 0 0 1 0 1 0 1 1 0 1 0 1 1 0 0 0 0 1 1 1 1 0 0 0 0 0 0 0 0 1 1 1 0 0 1 1 1 0 0 1 0 1 1 0 1 0 0 1
1 0 0 1 0 0 1 0 1 1 0 0 0 1 1 1 0 1 1 0 1 1 0 1 1 0 1 1 0 0 0 1 0 1 1 1 0 0 0 1 0 0 1 0 0 1 0 0 1
1 0 0 1 1 0 0 1 0 0 0 1 1 1 0 0 0 1 0 1 0 1 0 0 1 1 0 0 1 1 1 1 1 0 0 0 1 1 0 1 0 1 1 0 0 0 1 1 0
1 0 0 1 1 1 0 0 1 1 1 1 1 1 0 1 1 1 1 0 0 0 1 0 1 1 1 1 0 0 1 1 0 0 0 0 1 0 0 1 1 1 0 0 1 1 1 1 1
1 1 0 0 1 0 0 1 0 1 0 1 1 1 1 1 1 0 1 0 0 0 0 0 1 0 0 1 0 1 0 0 1 1 0 1 1 0 0 0 1 0 0 1 0 1 0 0 0
0 1 0 0 0 0 0 0 0 0 0 0 1 1 1 1 1 0 1 0 1 0 0 1 0 0 1 1 0 1 1 0 1 0 0 1 0 1 0 1 0 0 1 1 1 0 1 0 1
0 0 0 1 0 1 0 1 0 0 1 1 1 1 1 1 1 1 1 0 0 1 0 1 0 1 0 0 1 1 0 1 1 0 1 0 0 1 1 1 1 1 0 1 0 0 0 0 1
0 0 0 0 1 1 0 0 0 1 0 0 1 0 0 1 0 0 0 0 0 1 1 0 0 0 1 0 0 1 1 0 1 1 0 0 1 0 1 1 1 1 1 0 0 1 0 1 1
1 1 0 0 1 1 0 0 0 1 0 0 0 1 1 1 1 0 0 0 0 0 0 0 0 1 0 1 0 0 1 1 0 1 1 0 0 0 0 1 0 1 1 1 1 1 0 0 1
1 1 0 0 0 1 0 0 1 0 0 1 1 0 0 1 1 1 0 0 1 0 0 1 1 1 1 0 1 1 0 1 1 0 0 1 0 0 0 0 1 1 1 0 1 1 0 1 0
0 1 0 0 0 0 1 0 1 1 1 1 1 0 1 1 0 1 0 1 0 0 0 0 0 0 1 0 1 1 0 1 0 1 0 0 1 1 1 1 0 0 0 0 0 1 1 0 1
0 0 1 0 1 1 0 0 0 0 1 1 1 0 0 0 1 0 1 0 0 0 0 1 0 1 0 1 1 0 0 0 0 1 1 1 0 0 0 0 0 0 1 1 1 0 0 1 1
1 1 0 1 1 0 1 1 1 1 1 0 0 0 0 1 0 0 1 1 1 1 0 0 1 0 0 0 0 1 0 1 1 1 1 1 1 1 0 1 1 0 1 1 1 1 1 0 0
1 1 1 0 0 0 1 1 1 1 0 0 0 1 0 1 0 0 0 1 0 1 0 0 1 0 1 0 0 1 1 0 1 0 0 0 1 1 0 0 0 1 0 0 1 1 0 1 1
1 0 1 0 0 1 0 1 1 0 1 0 0 0 1 1 0 1 0 0 1 0 0 1 1 0 0 1 0 1 0 0 1 1 0 1 1 1 0 1 0 0 1 1 1 1 1 0 0
0 0 1 1 1 0 0 1 1 1 0 0 1 0 1 1 1 0 0 1 1 0 1 1 1 1 1 1 0 1 1 1 1 0 0 0 1 1 1 1 1 1 1 0 1 0 1 0 1
0 0 0 0 1 0 1 0 0 1 0 0 0 1 0 0 1 1 1 0 0 1 0 1 1 0 0 1 1 1 0 0 0 0 0 0 0 1 1 1 1 0 1 0 0 0 0 1 1
1 0 1 1 0 0 1 1 1 1 1 0 1 1 0 0 1 1 0 0 1 1 1 0 1 1 0 1 0 1 0 1 1 1 0 1 0 0 0 0 0 0 1 0 0 0 1 1 0
1 1 0 1 0 0 0 0 1 1 0 0 1 1 0 1 1 1 1 0 0 1 0 1 0 1 0 1 0 0 1 1 1 1 0 0 1 0 0 0 0 1 1 1 1 1 0 1 0
1 1 0 1 1 1 0 0 1 0 1 0 1 1 0 0 1 1 0 1 0 1 1 1 1 1 1 0 0 1 0 1 1 0 1 1 1 0 1 0 0 0 1 1 1 1 1 1 0
1 1 1 0 0 1 1 0 1 0 1 0 0 0 1 1 0 0 0 0 0 0 0 1 0 1 1 0 1 0 1 1 0 1 1 1 0 1 1 0 0 1 0 0 1 0 0 1 1
0 0 1 0 0 1 0 0 1 1 0 1 1 0 0 1 0 1 1 0 0 1 0 1 1 1 1 0 1 0 1 0 1 0 1 0 0 1 1 1 0 0 1 0 1 0 1 0 0
1 1 1 1 0 1 0 0 1 1 0 1 1 0 1 1 1 0 0 1 0 0 0 1 1 0 0 0 1 0 0 0 1 0 0 0 1 1 1 1 0 1 0 1 1 0 0 1 0
0 0 1 1 0 0 1 1 1 1 1 1 0 1 1 1 0 0 0 1 1 1 1 1 1 1 0 1 0 0 1 0 0 0 1 0 1 1 1 1 0 0 1 1 0 0 1 0 0
0 1 1 1 1 1 0 0 0 1 1 0 0 0 1 0 0 0 0 0 1 0 1 0 1 1 1 1 1 1 0 0 0 0 0 1 1 1 0 0 1 1 0 0 1 0 0 1 1
1 0 1 1 1 0 0 0 1 0 0 0 1 1 1 0 0 0 0 1 1 0 1 0 1 0 1 1 0 1 1 1 0 1 0 0 0 0 1 0 0 1 1 1 1 1 0 0 0
1 1 1 1 1 0 1 0 1 0 0 0 0 1 1 1 1 1 0 0 0 0 1 0 0 0 1 0 0 0 1 0 1 0 0 1 0 1 1 1 0 1 0 0 0 1 0 1 1
1 0 0 1 0 1 0 1 0 1 1 1 0 0 1 0 0 1 0 0 0 1 1 0 0 1 1 1 1 0 1 1 0 1 1 0 0 1 1 0 0 0 1 0 1 1 1 1 0
1 0 1 0 0 1 0 0 0 1 1 1 0 0 0 0 1 1 0 0 0 0 0 1 0 0 1 1 1 0 1 0 1 0 0 0 1 1 0 0 1 1 0 1 0 0 0 0 0
0 0 0 0 0 1 1 0 0 1 1 1 1 1 1 1 1 1 0 1 0 0 1 1 0 1 1 1 1 1 1 0 0 1 1 0 0 0 1 0 0 1 1 1 0 0 1 1 0
0 1 1 0 1 1 1 1 1 1 0 1 0 0 0 1 1 0 0 0 1 1 0 0 0 1 0 0 0 1 0 1 1 0 0 1 1 1 1 1 1 0 0 0 0 0 1 0 0
1 0 0 0 1 0 1 1 0 1 1 1 0 1 1 1 0 1 1 1 0 0 0 0 0 1 1 0 0 1 1 1 0 1 0 1 0 0 0 1 1 0 0 1 1 1 0 1 1
1 0 0 0 1 1 1 0 0 1 0 1 1 1 0 1 0 0 0 0 1 1 0 0 1 1 1 0 1 0 0 1 1 1 1 1 1 0 0 0 0 1 0 0 0 1 1 1 0
0 1 0 0 1 1 0 1 1 0 0 0 1 0 0 1 0 0 1 0 0 1 0 1 1 1 0 0 0 1 0 0 1 1 0 1 1 1 0 0 0 0 0 0 1 0 0 1 1
1 1 0 0 0 0 1 0 1 0 1 0 0 0 1 1 1 1 1 0 1 0 0 1 1 1 1 1 0 0 1 0 1 0 0 0 0 0 1 0 1 0 0 0 0 1 1 1 0
1 0 1 0 0 0 1 0 0 0 1 0 1 0 1 1 1 0 0 0 0 0 1 0 0 0 0 1 0 0 1 1 1 1 1 1 1 1 1 0 1 1 1 1 0 0 0 0 1
0 1 1 0 0 0 0 0 1 1 1 0 0 1 0 1 0 1 0 0 0 0 0 1 1 0 1 0 1 1 0 1 1 1 1 0 1 0 1 0 1 1 1 0 1 1 0 0 1
1 1 0 1 0 1 0 0 1 0 1 0 0 1 1 0 0 0 1 0 0 0 1 0 1 0 0 1 0 1 1 0 1 0 1 0 1 0 1 1 1 1 0 1 1 1 1 1 0
0 1 0 0 1 1 0 0 0 1 0 1 0 0 0 0 1 1 1 1 0 1 0 0 0 1 1 0 1 0 0 1 1 0 1 0 1 0 1 1 0 0 0 1 0 1 0 1 1
1 0 1 1 0 1 0 0 0 1 1 0 0 0 1 1 1 1 0 1 0 1 0 1 1 1 0 0 0 0 1 0 0 0 1 0 0 1 0 0 1 1 1 0 0 0 1 1 0
0 0 0 0 1 0 0 0 1 1 0 1 1 1 0 0 0 1 0 1 1 1 1 0 1 1 0 1 0 0 0 0 1 0 1 1 1 1 0 0 1 0 0 1 1 1 1 0 1
0 0 1 0 1 1 0 1 1 0 1 1 0 1 0 1 1 0 1 1 1 0 0 1 0 0 0 0 0 1 1 1 0 0 0 0 0 1 1 0 1 1 1 0 0 0 0 1 1
1 0 0 0 0 1 1 0 1 1 1 1 0 0 1 0 0 1 1 1 0 1 0 0 1 1 0 1 0 0 1 0 1 1 0 1 1 0 0 0 0 1 1 0 0 1 0 1 1
1 1 0 1 1 0 0 0 0 0 1 1 0 0 0 1 0 1 0 0 1 0 0 1 0 0 1 1 0 0 0 1 1 1 0 0 0 1 1 1 1 1 1 0 1 0 0 0 0
0 1 1 1 1 1 1 1 1 0 0 0 1 1 0 0 1 0 1 1 0 1 1 1 0 0 1 0 1 1 1 0 0 0 0 0 1 0 0 1 0 0 0 0 0 1 1 1 0
0 1 1 1 1 1 0 0 1 1 1 0 1 1 1 1 1 1 1 0 1 0 1 1 0 1 0 1 0 0 0 1 1 1 1 0 1 1 0 0 1 0 0 1 0 1 1 0 1
0 1 0 0 0 1 1 0 1 1 1 1 0 0 1 0 0 0 1 0 1 0 0 0 0 0 1 0 1 0 1 1 1 1 1 0 1 1 0 0 0 1 0 1 1 0 0 1 0
0 1 1 1 1 0 0 1 0 0 1 1 0 1 1 0 0 1 1 1 1 1 1 0 0 1 1 0 0 1 0 1 0 0 0 1 1 0 0 1 0 0 1 1 0 0 1 0 1
1 1 1 1 1 0 1 0 1 1 1 1 0 0 0 1 0 0 1 0 0 1 1 1 1 1 1 1 0 1 0 0 1 0 0 0 0 1 0 0 1 0 1 0 0 1 0 0 1
0 1 1 1 1 1 1 0 0 1 0 0 0 0 0 1 0 1 0 0 1 1 1 1 0 0 0 0 1 0 1 1 1 0 1 1 0 0 1 0 1 0 1 1 0 1 0 1 1
0 1 1 0 1 1 1 1 0 0 1 0 1 1 0 0 1 1 1 1 0 1 1 1 0 1 0 1 1 0 0 0 1 1 1 0 1 1 0 1 1 1 1 0 1 0 0 1 0
0 0 1 0 1 0 1 1 0 0 0 1 0 1 1 0 0 1 0 0 0 0 0 1 1 0 0 1 0 1 1 1 1 0 1 1 0 1 0 0 1 1 0 1 1 1 0 0 0
0 0 1 1 1 0 1 1 1 0 0 0 1 0 1 0 0 1 1 1 1 1 0 1 0 1 0 0 1 0 1 0 0 1 0 0 0 0 0 1 0 1 0 1 0 0 0 1 0
1 0 0 0 0 0 0 0 1 1 1 0 0 0 1 0 1 0 0 1 0 0 1 1 1 0 1 1 0 1 1 0 0 1 1 1 0 1 1 1 0 0 1 0 1 1 1 0 1
0 0 0 0 1 0 1 0 1 1 1 0 1 0 0 0 1 0 1 0 0 1 1 1 1 0 1 0 1 1 1 1 1 1 0 0 1 1 0 0 1 0 1 1 0 0 1 1 0
1 1 1 0 1 0 0 0 1 0 0 0 0 1 0 0 0 1 0 1 1 0 1 0 0 1 1 0 0 1 0 0 0 1 0 0 1 1 1 1 1 0 1 1 0 0 1 1 0
1 1 0 0 1 0 0 1 1 0 1 1 1 0 0 0 0 0 1 1 0 1 0 1 1 0 1 0 1 0 1 0 1 1 0 1 0 0 1 1 1 0 1 0 1 1 0 0 0
1 0 1 0 0 0 0 1 0 0 1 0 1 0 0 1 1 1 1 0 0 1 1 1 0 0 1 0 1 1 0 1 1 1 0 0 0 0 0 1 0 0 1 0 0 0 1 1 1
0 1 0 1 1 0 0 0 0 0 0 1 0 0 1 1 0 0 0 1 1 1 0 0 1 0 0 0 1 1 1 0 0 0 0 1 0 1 1 1 1 1 1 0 0 1 0 0 0
0 0 1 1 0 0 1 0 1 0 0 0 0 0 1 0 1 0 1 1 0 0 0 0 1 0 1 0 1 1 0 0 0 0 0 1 0 1 1 0 1 1 0 1 1 1 1 1 1
0 0 1 0 0 0 1 1 0 0 1 0 0 0 0 0 0 1 1 1 0 1 0 0 1 1 1 1 0 0 0 0 0 0 0 0 1 0 1 1 1 1 0 1 0 0 1 0 1
1 1 0 1 0 1 1 1 1 0 1 1 0 1 0 0 1 0 1 0 0 1 1 1 1 0 0 0 1 0 0 0 0 0 1 1 0 1 0 0 1 1 1 0 1 0 1 1 0
0 1 0 1 0 0 1 0 0 1 1 1 0 1 1 1 0 1 1 0 0 0 1 1 1 0 0 0 0 1 1 1 0 0 0 1 1 1 1 1 0 1 1 0 1 0 0 1 0
1 0 0 0 1 1 1 0 0 0 0 1 1 1 1 0 1 0 1 1 1 1 1 1 0 1 0 1 1 0 1 1 1 0 1 0 0 0 0 1 0 0 1 1 0 1 1 1 1
0 0 1 0 1 1 0 0 1 1 0 0 1 0 1 0 1 0 0 0 1 0 0 1 1 0 0 1 1 1 0 1 0 1 0 0 0 0 0 0 1 0 0 0 1 1 1 0 0
1 0 1 0 1 0 0 1 1 0 0 0 0 0 0 0 0 1 0 0 1 1 1 0 0 1 1 0 1 0 1 1 1 1 1 1 1 0 0 1 0 1 1 1 1 0 0 0 1
0 0 1 1 1 0 0 1 0 0 0 1 1 0 1 1 0 0 1 0 1 1 1 0 1 1 1 0 1 0 1 0 1 0 0 1 1 0 0 0 1 0 0 1 1 0 1 0 0
1 1 1 1 1 1 0 0 1 0 1 0 0 0 0 0 1 1 0 1 1 1 1 1 1 0 0 0 0 1 1 0 1 1 0 0 0 1 0 1 1 1 0 1 0 0 0 1 1
0 0 0 0 1 0 0 1 1 0 0 1 0 1 1 1 0 1 1 1 0 1 1 1 1 0 1 1 1 1 1 1 1 1 0 0 0 0 1 0 0 0 0 1 0 0 0 1 1
1 1 1 0 1 0 0 1 0 1 1 1 1 0 0 1 1 1 1 0 0 1 1 0 1 1 1 1 0 1 0 0 1 1 1 1 0 1 1 0 0 1 1 1 1 0 0 0 1
0 0 1 1 1 0 0 0 0 1 1 0 0 1 0 1 0 1 1 0 1 1 0 0 1 0 0 0 0 0 0 0 1 1 0 0 0 1 1 0 1 0 0 1 1 0 1 1 1
1 1 0 1 1 1 1 0 0 0 1 0 1 1 0 0 1 0 1 1 1 0 0 1 1 0 1 1 0 0 1 0 1 0 1 0 1 0 0 0 0 0 0 0 1 0 0 0 1
0 1 0 1 1 1 0 1 0 0 1 1 0 0 1 1 1 1 1 1 0 0 0 0 1 1 1 0 1 0 1 0 1 1 0 0 0 1 1 0 0 1 1 0 1 1 1 1 1
0 1 1 0 1 0 1 0 0 1 1 1 0 0 0 1 1 1 0 1 1 1 1 0 0 0 1 1 1 0 1 0 0 1 0 0 1 1 1 0 1 0 0 0 1 1 0 1 0
1 1 0 0 0 1 1 0 1 1 0 0 0 1 0 1 0 0 1 1 0 1 1 0 0 1 0 0 0 1 1 0 0 1 1 1 0 1 1 0 1 0 1 1 0 0 0 0 0
0 0 1 1 0 1 1 1 1 0 1 1 1 0 0 0 1 0 1 1 1 1 0 0 0 1 0 0 1 1 0 0 0 1 1 1 0 1 0 1 0 0 1 0 0 1 0 0 0
0 0 1 0 0 0 0 1 1 1 1 0 0 0 1 0 0 0 0 1 0 1 0 0 0 0 0 1 0 0 0 1 1 1 1 0 0 0 0 1 1 0 0 1 1 0 1 1 0
0 0 0 0 1 0 1 1 1 1 0 0 1 0 1 1 0 0 1 0 1 0 0 1 0 1 1 1 0 0 0 1 0 0 0 1 1 1 0 0 0 1 1 1 0 1 1 1 0
0 1 0 1 1 0 0 0 0 0 1 0 1 0 1 0 0 1 1 1 1 1 1 1 0 1 0 1 0 1 1 0 0 1 1 0 0 0 0 0 1 0 1 0 1 1 0 1 1
1 1 0 1 1 1 1 1 1 1 1 0 0 1 1 1 0 1 0 1 0 0 0 0 0 1 0 1 1 0 0 1 1 0 0 1 1 1 1 1 0 0 1 1 0 0 0 0 1
0 0 0 0 0 1 0 1 1 0 1 0 0 1 0 1 1 1 0 0 0 0 0 0 0 1 0 1 0 1 0 0 1 1 1 1 0 1 0 0 1 0 0 1 0 1 0 0 1
1 0 0 0 1 1 1 1 1 1 0 1 0 1 0 0 0 1 1 1 1 0 0 0 1 0 0 0 0 1 0 1 0 0 0 1 0 1 1 1 0 1 0 1 1 0 1 1 0
1 1 0 1 0 0 0 0 1 1 0 0 1 1 1 1 1 1 0 0 0 0 0 0 1 0 1 1 1 1 0 0 1 0 1 0 1 1 1 0 1 1 1 0 0 0 1 0 0
1 1 0 0 1 1 0 0 0 0 0 1 0 1 1 1 0 0 1 1 0 1 0 1 1 1 1 0 1 1 0 1 1 1 1 0 0 1 0 1 1 0 0 0 1 1 1 0 0
1 0 1 0 1 1 1 0 1 1 0 0 0 0 0 1 1 1 0 1 1 1 0 1 0 0 0 1 1 0 0 0 1 0 0 0 0 0 1 0 0 1 1 0 1 1 1 0 1
1 0 0 0 0 0 0 0 0 1 1 0 0 1 0 1 0 0 1 1 0 0 1 0 1 1 1 0 1 0 1 1 0 0 0 0 1 0 0 0 0 0 1 0 1 0 1 0 1
0 0 1 0 1 0 1 1 0 1 0 0 1 0 0 0 1 0 1 1 1 0 0 1 0 1 1 0 1 1 0 0 1 0 1 0 1 1 1 0 1 1 0 1 0 1 0 0 0
1 1 0 1 0 1 0 1 1 0 0 1 0 1 0 1 0 1 1 1 1 0 0 1 1 1 1 0 0 0 1 0 1 0 1 1 1 0 1 1 1 1 0 1 0 0 0 0 0
1 0 1 0 1 1 1 0 1 0 1 0 1 0 1 1 0 0 1 1 1 1 1 0 1 1 0 1 1 0 0 0 0 1 0 0 1 0 0 0 0 0 0 1 1 1 1 0 0
1 1 1 0 1 1 1 1 1 1 1 1 0 0 0 0 1 0 0 0 0 0 1 0 0 0 1 1 1 1 1 0 1 1 0 1 0 0 1 1 0 0 1 1 0 1 0 1 0
0 0 0 0 0 1 1 0 1 0 1 1 1 0 0 1 1 0 0 0 0 1 0 0 0 0 0 1 1 0 1 1 1 0 1 0 0 0 1 0 0 0 0 0 1 0 1 0 1
1 1 0 0 1 0 0 1 1 1 1 1 1 1 1 0 1 0 1 1 1 0 0 1 1 0 0 1 1 0 0 0 0 0 1 1 1 0 1 1 1 0 1 1 1 0 0 1 1
0 1 1 0 1 0 1 1 0 1 1 1 0 0 1 0 0 1 1 0 1 1 0 1 0 0 1 0 0 0 1 0 1 0 1 1 0 1 0 1 1 1 0 0 0 0 1 1 1
0 0 0 0 1 0 1 0 0 0 1 0 1 0 1 1 1 1 1 0 1 1 1 0 1 1 1 0 1 1 0 1 0 1 0 1 0 1 1 0 1 1 1 0 1 1 1 0 1
1 0 1 1 0 0 0 0 1 1 1 1 0 0 0 1 0 0 1 1 1 1 1 1 0 1 0 0 1 1 0 1 0 0 1 0 1 0 1 1 1 1 1 0 1 0 0 1 0
1 0 0 0 0 0 0 0 0 0 0 0 1 0 1 1 0 0 1 1 1 1 0 1 1 1 0 1 1 1 0 1 1 0 1 1 1 0 0 1 1 1 0 1 0 0 1 0 1
0 0 1 1 0 1 0 0 0 1 0 1 1 0 0 0 0 1 1 1 1 1 1 1 1 0 1 0 0 1 1 1 0 1 1 1 0 1 0 1 1 1 1 1 1 1 0 1 0
0 0 1 0 1 1 0 1 0 1 1 1 0 1 0 1 0 1 1 1 0 0 0 1 1 0 0 1 0 1 1 0 1 1 1 1 1 0 0 0 0 0 1 1 0 0 1 0 0
0 0 0 1 1 1 1 0 1 1 0 1 1 1 0 1 1 0 0 1 1 1 1 1 1 1 1 1 0 1 0 0 0 1 0 1 1 0 1 1 1 0 0 0 0 1 0 0 0
0 0 0 0 0 0 1 1 0 1 0 1 1 0 1 1 0 0 0 0 1 1 0 0 1 0 1 1 1 1 1 0 1 1 0 1 0 1 0 1 0 1 0 0 0 0 0 0 1
1 0 0 0 0 1 0 0 0 1 0 1 0 1 0 1 1 1 1 1 1 0 1 0 1 0 1 0 1 0 0 1 1 1 0 1 1 1 1 0 1 0 1 1 0 1 0 0 1
1 0 1 1 1 0 0 0 0 1 1 1 1 0 1 0 0 1 0 1 1 1 0 1 0 1 1 1 1 1 1 1 1 0 0 1 0 0 1 1 0 0 0 0 1 1 1 1 1
0 1 0 1 0 1 0 1 1 1 0 1 1 1 1 1 0 0 0 0 1 1 0 0 1 1 0 1 0 1 0 0 0 0 1 0 0 0 1 0 0 0 1 1 1 0 0 0 1
0 0 1 0 0 1 1 1 0 1 0 0 0 1 1 1 0 0 1 1 1 0 0 0 1 1 1 1 1 1 0 1 1 0 0 0 0 1 1 0 0 0 1 0 1 0 0 1 0
0 1 0 0 1 1 0 0 0 1 1 0 0 0 1 0 1 0 0 1 1 0 1 0 1 1 0 0 0 1 0 0 1 0 0 0 0 0 1 1 1 0 1 0 1 0 1 1 0
0 1 0 0 1 0 1 0 1 1 0 1 0 0 1 1 0 1 0 0 1 1 1 1 1 0 1 0 0 0 0 0 0 1 1 0 1 0 1 0 0 1 0 1 1 0 1 0 0
0 1 0 0 1 1 1 0 1 1 0 0 1 0 1 0 1 1 1 1 0 0 0 1 1 1 1 1 0 1 1 1 1 1 1 1 1 1 1 1 1 1 0 1 0 0 0 1 1
0 1 1 1 0 1 1 1 0 0 1 0 0 0 1 0 0 1 0 1 0 1 1 1 0 0 0 1 0 1 0 1 1 0 0 1 1 1 1 0 1 0 0 1 0 0 1 1 0
1 0 1 0 0 1 1 0 1 0 0 1 0 0 0 0 0 0 1 0 1 1 0 0 0 0 1 0 0 1 0 0 0 0 0 1 1 0 0 0 0 0 1 1 1 0 0 1 0
1 0 1 0 1 1 0 0 0 1 0 0 0 0 0 0 1 0 0 0 0 1 0 0 1 1 0 0 1 1 1 1 0 0 0 1 0 1 1 0 0 1 0 1 0 1 1 1 0
1 1 0 1 0 1 0 0 0 1 1 0 1 0 0 1 0 0 0 1 0 1 0 1 0 1 1 1 1 0 1 0 1 1 0 0 0 1 1 1 1 0 1 1 0 1 1 0 1
0 1 1 1 0 0 0 0 1 0 1 1 0 0 1 1 0 1 0 1 1 1 0 0 0 0 1 0 1 1 1 0 1 1 1 1 1 1 0 1 1 0 1 1 1 0 0 1 1
1 0 1 1 1 1 0 0 0 1 1 0 1 0 0 1 0 0 1 1 0 1 1 1 1 0 0 1 1 0 1 1 1 1 1 0 1 1 0 1 0 0 0 0 0 1 0 1 0
0 0 1 0 0 1 0 1 0 1 0 0 0 1 1 0 1 1 0 1 0 1 1 1 1 1 0 0 1 0 0 1 0 1 1 1 1 1 1 0 1 0 1 0 0 0 1 0 1
0 0 1 1 0 0 1 1 0 1 0 1 0 1 1 1 1 1 0 1 1 0 1 1 0 1 1 0 1 0 1 1 1 0 0 1 0 0 1 1 0 1 1 1 0 1 1 1 0
1 0 0 0 1 0 0 1 1 1 1 1 0 1 1 0 1 0 1 1 0 1 0 0 1 1 0 0 1 1 1 0 1 0 0 0 0 0 1 0 1 0 1 1 0 0 1 0 1
1 1 1 1 1 0 0 0 1 0 0 1 1 1 1 0 0 0 1 1 1 0 0 0 1 0 0 0 0 1 1 1 1 1 1 1 0 1 0 1 0 0 1 0 1 0 0 0 1
1 0 0 1 1 1 1 1 0 1 1 1 0 0 0 0 0 0 1 1 0 0 1 1 1 1 1 1 1 1 0 0 0 1 0 0 0 0 1 0 1 1 0 0 1 0 1 1 0
0 0 1 0 0 1 0 1 0 1 1 1 1 0 1 1 1 0 0 0 1 1 0 1 1 0 1 0 0 1 0 0 0 0 1 1 1 0 1 0 1 0 1 0 0 1 1 1 1
1 0 0 1 0 1 1 1 1 1 0 1 1 0 0 1 1 0 0 0 0 1 1 1 1 0 1 0 1 0 1 1 1 0 1 1 1 1 1 0 0 1 1 0 0 1 0 0 1
0 1 1 0 0 0 1 0 0 0 0 0 1 1 0 0 0 0 0 0 1 1 1 1 0 0 0 0 1 1 0 0 1 0 0 0 1 0 0 0 1 0 1 1 0 0 0 0 1
0 0 1 1 0 0 1 0 0 0 0 0 1 0 1 0 1 1 0 0 1 1 1 1 1 0 0 0 0 0 1 1 0 0 0 0 1 1 0 1 0 1 0 0 1 1 1 1 1
1 0 1 0 0 0 1 1 0 1 0 1 1 1 0 1 0 1 0 1 0 1 1 1 0 1 0 1 0 0 1 1 1 1 0 0 0 1 1 1 1 1 0 0 0 1 0 0 1
0 0 0 1 0 0 0 1 0 1 0 0 1 1 0 0 0 1 0 1 1 1 1 0 1 0 1 1 1 0 1 0 1 0 0 0 0 0 0 1 1 0 0 0 0 1 1 0 0
1 1 1 0 1 1 1 1 1 0 1 0 0 0 0 0 1 0 1 1 0 0 1 0 1 1 1 0 0 0 1 1 0 1 1 0 1 0 0 0 0 1 0 0 0 1 1 0 0
0 0 0 0 1 0 1 0 0 0 0 0 0 0 1 0 0 1 0 0 0 0 0 0 1 0 0 1 1 0 1 1 1 1 0 1 1 0 1 1 0 0 1 0 1 1 1 1 0
1 0 0 1 1 0 0 0 1 1 1 1 0 0 1 1 0 0 0 0 0 0 1 0 0 0 0 0 1 0 1 1 0 1 0 1 0 1 0 0 1 1 1 0 0 0 1 1 1
1 0 1 0 1 1 1 0 0 0 0 1 1 0 1 1 0 1 0 0 1 0 1 1 1 1 1 0 0 1 1 0 1 0 0 0 1 0 1 1 0 1 0 0 0 0 0 0 1
1 0 0 0 1 0 1 1 0 0 1 0 0 1 1 0 1 0 0 1 0 1 0 1 0 0 0 0 0 1 0 0 1 1 0 1 1 0 0 0 1 1 0 0 0 1 1 0 1
0 0 1 1 1 0 1 0 1 1 0 1 0 1 0 1 1 0 0 0 0 1 0 1 0 0 1 1 1 0 0 1 0 1 1 1 0 0 1 1 1 1 0 1 1 0 1 1 1
0 1 0 0 1 1 1 1 0 1 0 0 0 0 1 0 0 0 1 1 1 0 0 1 1 0 1 0 0 0 1 0 0 0 0 0 1 1 1 0 1 0 1 1 1 1 0 1 0
0 0 1 1 0 1 1 1 0 1 0 0 1 0 1 0 0 1 1 1 0 1 1 0 0 0 0 1 1 1 0 0 1 0 1 0 0 1 0 0 0 1 1 1 0 1 0 1 1
1 1 0 1 1 1 1 0 1 0 1 0 1 1 0 1 1 1 1 0 1 1 0 0 1 1 0 0 1 0 1 1 0 1 0 1 0 0 1 1 0 0 0 0 0 0 0 0 1
0 1 1 0 1 1 1 0 1 0 0 1 0 1 0 1 0 0 1 0 1 0 0 1 0 1 0 1 0 0 1 0 0 1 0 0 1 1 1 1 0 1 0 1 1 1 0 1 1
1 0 0 1 1 0 1 0 0 0 1 0 0 0 1 0 0 1 1 1 1 0 1 1 1 1 1 0 1 1 1 0 1 0 1 1 1 1 1 0 0 0 1 1 0 0 0 0 1
1 1 0 1 0 1 0 1 0 0 1 1 0 0 1 1 0 0 1 0 1 0 0 1 1 0 0 1 1 0 0 0 0 0 1 1 1 1 0 0 1 0 0 0 1 1 0 0 1
0 1 0 1 0 0 0 0 1 1 0 0 0 0 0 1 1 0 1 0 1 1 1 0 0 1 0 1 0 0 0 0 1 0 0 0 0 0 0 1 0 1 0 1 0 0 1 1 0
1 0 0 0 0 1 0 0 1 1 1 1 1 1 1 1 1 0 1 0 1 1 0 1 0 0 1 1 0 0 0 0 1 0 0 1 0 1 1 0 1 1 0 1 1 0 0 1 0
0 0 1 1 0 1 0 0 0 1 1 1 0 0 0 1 1 0 1 0 1 0 1 1 0 0 1 0 0 1 0 0 0 0 1 0 0 0 0 1 0 1 0 1 1 1 1 0 1
1 0 1 0 1 1 1 0 1 0 0 0 0 0 1 1 1 1 1 0 1 1 0 0 1 1 0 0 0 1 1 0 0 0 1 1 0 1 0 1 1 0 1 1 1 0 1 1 0
1 1 1 0 1 0 1 0 0 1 1 1 0 1 0 1 1 1 1 1 1 0 0 0 1 1 0 1 1 0 1 1 1 0 1 0 1 1 0 1 1 1 1 0 0 1 1 0 0
0 0 0 0 1 1 1 0 0 0 1 0 0 1 1 1 0 0 0 1 0 0 0 1 1 0 1 0 1 0 1 1 1 0 0 0 0 1 1 0 0 1 0 1 0 1 1 0 0
0 0 0 1 1 0 0 1 1 0 1 0 0 1 1 0 1 1 1 0 0 1 0 1 0 0 0 0 0 0 1 0 1 1 1 1 1 1 1 1 0 0 0 1 0 0 1 0 0
0 0 0 1 0 1 1 1 1 0 0 0 1 1 1 1 1 1 1 0 0 0 1 0 0 0 1 1 1 0 1 0 0 1 0 1 1 0 1 1 1 0 1 1 1 1 1 0 0
1 1 1 0 0 1 1 0 1 0 0 1 1 0 0 0 0 1 0 1 1 0 0 1 1 0 0 1 0 1 1 0 0 1 1 0 0 1 1 0 1 0 0 0 0 0 1 0 1
0 1 1 1 0 0 1 0 0 0 0 0 1 1 1 1 0 1 0 0 1 1 1 1 0 1 1 1 0 1 0 0 1 0 1 0 1 1 1 1 0 0 0 1 1 0 0 1 0
0 1 0 0 0 1 1 1 0 1 0 1 1 0 0 0 1 1 1 1 0 0 1 1 0 1 0 0 0 1 0 0 0 1 1 1 1 0 0 1 0 0 1 1 1 0 1 0 1
1 1 0 1 1 1 0 1 0 0 0 1 1 0 0 0 1 0 0 1 1 1 0 0 0 1 1 1 0 0 1 0 0 1 1 1 0 1 0 1 0 1 0 1 1 1 1 1 0
1 0 1 0 0 0 0 1 1 0 1 1 1 0 1 1 0 1 1 1 0 0 1 0 0 0 1 1 0 1 0 1 1 0 1 0 1 1 0 0 0 1 0 0 1 1 1 1 0
0 1 0 0 0 0 0 1 1 1 0 0 0 0 0 1 1 1 0 1 0 1 0 1 0 0 0 0 1 1 1 1 0 0 1 1 1 1 0 0 0 1 1 1 1 1 1 1 0
0 1 0 1 1 1 1 1 1 1 0 1 1 0 0 0 0 1 1 0 1 1 0 1 1 0 1 1 1 1 1 1 1 0 0 0 0 0 0 0 0 1 0 1 1 0 1 0 1
0 0 0 1 0 1 1 1 1 0 1 0 0 0 0 1 1 1 1 1 1 1 1 0 0 0 1 1 0 0 0 1 0 0 1 1 0 1 1 1 0 0 1 0 1 0 1 1 1
1 1 0 0 0 0 0 0 0 0 0 0 0 0 0 1 0 1 0 1 1 1 0 0 0 1 1 1 1 0 0 1 0 1 0 0 1 0 0 0 1 1 0 0 1 0 1 1 0
0 0 0 1 0 0 1 0 0 1 1 1 0 0 1 0 1 1 0 1 0 0 0 1 1 1 0 0 1 0 0 1 1 1 0 1 0 1 0 0 1 0 0 0 1 0 0 0 0
0 1 1 0 0 0 0 0 0 1 1 0 1 0 0 1 1 0 1 1 1 0 0 0 1 1 0 1 1 1 1 0 1 1 0 0 1 0 1 1 0 0 1 1 0 1 0 1 1
1 0 0 0 0 1 1 1 0 1 0 0 0 1 0 1 1 0 1 0 1 1 1 1 1 0 0 1 0 1 0 1 0 1 1 0 0 1 1 0 1 0 0 1 1 1 1 0 0
1 1 0 1 0 0 1 1 1 0 0 0 0 1 0 1 0 0 1 0 0 0 1 1 0 0 0 1 0 1 1 1 1 0 0 1 1 0 1 1 1 0 1 0 0 1 1 1 1
1 0 1 1 0 1 0 1 1 1 0 0 0 1 0 0 1 1 0 1 1 0 1 1 0 1 1 1 1 1 1 0 1 1 1 0 0 0 0 0 1 0 1 0 1 0 0 1 1
0 0 0 0 0 1 1 0 1 1 0 0 0 0 1 0 1 0 0 0 1 0 1 0 1 1 0 0 0 1 0 1 1 0 0 0 1 1 0 1 0 1 1 1 0 1 0 0 1
0 1 0 0 1 0 0 1 1 0 1 1 1 1 0 0 1 1 1 0 0 0 1 1 0 1 1 0 0 1 1 0 0 1 0 0 0 1 1 1 1 1 0 1 1 1 0 0 0
0 1 1 0 0 1 0 1 0 1 1 0 0 0 1 1 0 0 1 0 1 1 1 0 0 1 0 0 1 0 1 1 1 0 0 0 0 1 0 1 0 0 0 0 1 0 1 1 1
0 1 1 1 1 1 0 1 1 1 0 1 0 1 0 0 0 0 0 1 0 0 0 1 0 0 1 0 0 1 0 0 0 1 1 1 1 1 1 0 0 1 1 0 0 1 1 0 0
0 0 0 0 0 1 0 0 0 0 1 1 1 1 1 0 1 1 0 1 0 1 1 0 1 0 1 1 1 1 1 0 0 0 1 1 1 0 1 0 0 1 0 0 1 0 0 0 0
1 1 0 1 1 1 0 1 1 1 0 1 1 1 0 1 1 1 1 1 0 1 1 0 0 0 0 0 1 0 0 1 1 1 1 1 0 0 0 0 0 0 0 0 1 1 1 0 0
0 1 1 0 1 0 1 1 1 0 1 0 1 0 1 1 0 1 0 1 0 0 0 0 0 1 0 0 1 1 1 0 1 0 0 0 0 0 0 1 1 1 1 0 1 0 1 0 0
1 0 1 1 1 0 1 0 1 1 1 0 1 1 0 1 0 0 0 1 0 1 1 1 0 0 0 0 0 1 1 1 0 1 1 0 1 0 0 1 0 0 0 1 1 0 0 0 1
1 0 0 0 0 0 1 1 1 0 0 0 0 0 1 0 0 1 0 1 0 1 1 0 1 1 0 0 0 1 0 0 0 0 0 1 0 0 0 1 0 0 0 0 0 0 0 0 0
1 0 0 0 1 1 0 1 1 0 0 0 0 1 0 0 0 0 1 0 0 1 0 0 1 0 1 1 0 0 0 1 0 0 1 0 1 0 1 0 1 0 0 0 1 1 0 1 1
0 0 1 1 0 1 0 0 1 0 1 0 1 0 1 1 0 0 0 0 1 1 1 1 0 0 1 0 0 1 1 0 0 1 1 1 0 0 1 0 1 1 0 0 0 0 1 0 0
1 1 1 0 0 0 1 0 0 0 1 1 0 0 0 0 1 0 0 1 1 1 1 0 0 0 1 0 1 1 0 0 1 0 1 0 0 1 1 0 0 0 1 0 0 0 1 0 0
1 1 1 0 0 0 0 0 1 1 0 1 1 0 0 1 0 0 1 1 0 0 1 1 1 0 1 1 0 0 1 0 0 0 0 1 0 0 0 0 0 1 1 0 0 0 1 1 1
1 1 1 0 1 0 1 1 0 1 0 0 1 0 1 0 0 0 0 1 0 0 0 0 1 1 1 1 1 0 0 0 1 1 1 1 1 0 1 0 0 0 0 0 0 1 1 1 1
1 1 1 1 0 0 1 0 1 1 0 0 1 0 1 1 0 0 1 0 1 0 1 0 1 0 1 0 1 0 0 0 1 1 1 0 1 0 0 1 1 0 1 0 1 0 1 1 0
0 1 1 1 0 0 1 1 1 0 0 1 1 0 0 0 1 1 1 1 1 0 0 0 0 0 1 1 0 1 0 0 1 1 0 0 1 0 0 1 1 0 0 1 1 1 0 1 1
1 1 0 1 1 1 1 1 0 0 0 1 0 0 1 1 0 0 1 0 1 1 0 1 1 0 0 0 1 1 1 1 0 1 0 1 1 0 0 0 0 1 1 1 0 0 0 1 1
0 1 1 1 0 1 1 0 1 1 0 1 0 1 1 0 1 1 0 1 0 0 0 1 0 1 1 1 0 0 0 0 0 0 1 0 0 0 1 0 1 1 1 0 1 1 0 0 1
1 0 1 1 0 0 0 1 1 1 1 0 0 0 1 1 0 1 1 0 0 0 0 1 1 1 0 0 0 1 1 1 0 0 0 0 1 1 1 0 1 0 0 1 0 1 0 1 1
0 1 0 0 0 1 0 1 1 1 1 0 1 1 0 0 0 1 0 1 1 1 0 1 0 1 1 0 0 1 0 1 0 0 0 0 0 1 1 1 1 0 0 0 1 1 1 0 1
1 1 0 1 0 1 1 0 1 0 0 1 0 1 1 0 1 0 1 1 1 1 1 1 1 1 1 1 1 1 1 1 0 0 0 0 0 1 0 0 0 0 0 1 0 1 0 0 0
1 0 1 1 1 1 1 0 0 1 1 0 1 1 0 1 0 1 1 1 0 1 0 0 0 0 1 0 1 0 0 0 0 0 0 1 1 1 1 1 1 1 1 1 0 0 0 1 0
0 1 0 0 1 0 0 0 1 0 0 0 0 0 0 0 1 0 1 0 1 0 0 0 1 0 0 1 1 0 1 0 0 1 1 0 0 1 0 0 0 1 1 1 0 0 0 1 0
0 1 0 1 1 1 1 1 0 1 1 0 0 0 1 1 1 1 0 0 0 0 0 1 0 0 0 1 1 1 0 1 1 1 0 0 1 0 0 1 0 1 0 0 1 1 0 1 1
1 0 1 0 1 1 0 0 0 1 0 1 1 0 1 1 1 0 1 1 1 0 0 1 0 1 0 1 0 1 1 0 1 1 1 1 0 0 0 0 1 1 0 0 1 0 0 1 1
0 0 0 0 1 1 0 1 0 0 0 0 1 0 1 1 0 0 1 1 0 1 1 0 1 0 0 0 0 0 0 1 0 0 1 0 1 1 0 1 1 1 1 0 0 0 1 0 0
1 0 1 1 0 1 1 1 1 1 1 1 1 0 0 0 1 1 1 0 1 1 1 1 0 1 1 0 1 0 0 1 0 1 0 0 1 0 1 0 0 0 0 1 0 1 1 1 1
0 1 0 0 0 1 0 0 0 0 0 0 1 1 1 0 1 1 0 0 1 1 0 0 0 0 1 0 1 0 1 0 0 1 0 1 0 0 0 0 0 0 0 1 1 1 1 1 1
1 1 1 0 1 1 1 1 0 1 0 1 0 1 1 1 1 1 0 1 1 1 0 1 1 0 1 0 0 1 0 1 1 1 1 0 1 0 1 1 0 1 1 0 1 1 1 1 1
1 1 1 1 1 0 1 0 0 1 1 1 1 0 1 0 1 1 1 0 0 1 0 0 1 1 0 0 1 0 0 0 1 1 0 0 0 0 0 1 1 1 0 1 0 1 0 0 1
1 0 1 0 0 1 1 0 1 0 1 0 0 1 1 1 1 0 0 1 0 1 1 0 0 1 0 1 1 1 0 1 0 0 0 1 1 0 0 0 1 0 1 0 1 1 0 1 0
1 1 0 0 0 0 1 0 0 1 1 1 0 0 0 0 1 0 0 0 0 1 1 1 1 0 0 0 0 0 1 1 1 0 1 1 0 0 0 0 1 0 0 1 0 0 1 1 1
0 1 1 1 1 1 1 0 1 0 1 1 0 0 0 0 0 0 0 0 0 1 0 0 0 0 0 0 0 0 0 1 1 0 0 0 0 0 0 1 0 1 1 0 1 1 1 1 0
0 0 1 0 0 0 1 0 0 1 0 0 0 1 1 0 0 1 1 1 1 0 1 1 0 0 0 1 1 1 0 0 0 1 1 1 1 1 0 0 0 0 0 0 0 1 1 1 0
0 1 1 0 0 0 0 0 0 0 1 0 1 1 1 1 1 1 0 1 0 1 0 0 1 0 0 1 0 0 0 1 0 0 0 1 0 1 0 1 1 0 1 0 1 1 0 0 1
1 1 0 0 0 1 1 0 1 1 1 0 1 0 1 0 1 0 0 1 1 1 0 1 0 1 0 1 1 1 0 1 0 1 0 1 0 1 0 1 0 1 1 1 1 0 0 1 1
1 0 1 1 0 0 0 0 0 1 1 1 0 1 1 0 1 0 0 0 0 1 0 0 1 0 1 1 0 1 1 0 1 1 1 0 0 0 1 1 0 0 0 0 0 0 0 1 0
0 1 0 1 1 1 1 0 0 1 0 1 1 1 0 1 0 0 0 1 0 1 1 0 0 0 1 1 1 1 0 0 1 0 1 1 0 0 0 1 1 0 1 0 0 0 1 0 1
1 0 1 0 0 1 1 0 0 1 1 1 1 1 0 0 1 0 1 1 0 0 0 0 0 0 1 1 1 1 1 1 1 0 0 1 1 1 0 1 1 1 1 0 1 0 1 1 1
1 0 1 1 1 0 1 0 0 0 1 0 0 1 0 1 1 0 1 1 0 0 1 1 0 1 0 0 1 1 0 0 1 1 0 1 1 1 0 1 0 1 0 1 0 0 1 1 0
1 1 1 0 0 1 1 1 1 1 1 0 1 1 1 1 0 1 0 0 1 1 1 0 1 0 1 1 1 0 1 1 1 0 0 0 0 0 1 1 1 1 1 1 1 1 0 1 0
0 1 1 1 1 0 1 1 1 1 0 0 0 0 0 0 1 1 0 0 0 0 0 0 1 1 1 0 1 0 1 0 0 0 0 0 0 1 0 1 0 0 1 1 1 0 0 0 1
0 1 0 1 1 0 1 0 0 0 0 1 0 1 1 0 1 1 0 0 0 0 0 0 0 1 0 1 0 1 0 1 0 0 0 1 0 0 1 1 1 0 0 1 0 1 1 0 0
0 0 1 0 1 1 0 1 0 1 1 1 1 1 1 1 0 0 1 0 1 0 1 0 1 1 0 0 0 0 0 1 0 1 0 0 0 0 1 1 1 0 1 0 0 1 0 0 0
0 1 0 0 1 0 1 1 1 0 1 1 0 0 0 1 1 0 0 1 1 1 1 1 0 1 1 0 1 0 0 1 0 0 0 0 0 1 0 0 1 1 1 1 1 0 0 0 1
0 0 0 1 1 1 1 1 1 0 0 1 0 1 1 1 1 1 1 0 1 0 0 0 0 0 0 0 1 1 0 0 1 0 1 0 1 0 0 0 0 0 0 0 0 0 1 1 0
0 1 1 0 0 1 0 1 1 0 0 1 0 0 0 1 0 0 1 0 0 0 1 1 1 1 1 1 1 0 0 1 1 0 1 1 1 1 1 0 1 1 0 1 0 1 1 1 0
0 0 0 1 0 0 0 1 0 1 0 0 0 1 0 0 0 0 0 0 0 0 1 0 0 0 1 0 0 1 0 1 1 0 0 1 0 0 1 0 1 0 1 0 1 1 0 0 0
0 0 1 1 1 1 0 0 1 0 0 1 0 1 1 0 1 0 0 0 1 1 1 1 1 0 0 1 1 0 1 0 1 1 0 1 1 1 0 1 1 0 1 1 0 1 1 1 1
1 1 1 1 0 1 1 0 1 0 1 1 0 1 0 1 0 0 0 1 1 0 1 0 1 1 0 0 0 0 0 0 0 1 0 1 0 0 1 1 1 1 1 1 1 0 1 1 1
0 1 1 1 0 0 1 1 1 0 1 1 1 0 1 1 1 0 1 1 0 1 0 1 1 1 0 1 1 0 1 0 1 0 1 1 1 0 0 1 0 1 0 1 1 1 1 1 1
0 1 1 0 1 1 0 1 1 1 0 1 0 1 1 1 1 1 1 0 0 0 1 1 1 0 1 1 1 1 0 0 0 0 0 1 0 1 0 1 0 0 1 0 1 0 1 0 0
1 1 0 1 1 0 1 1 0 1 0 1 0 1 1 0 0 0 1 0 1 0 1 0 0 0 0 1 1 1 1 0 1 1 1 0 1 0 1 1 0 1 1 1 0 0 1 0 0
1 0 0 1 0 0 0 0 1 1 1 0 1 0 0 0 0 1 1 0 0 0 0 1 0 0 0 1 1 1 0 0 0 0 0 1 0 0 0 1 0 0 1 1 1 0 1 0 0
1 1 0 1 0 0 0 0 0 1 0 1 0 0 1 1 1 1 0 1 1 1 1 0 1 0 0 0 1 1 0 0 0 0 0 0 0 0 1 1 0 0 1 1 1 1 0 1 1
1 1 0 0 1 1 0 0 0 0 1 0 1 1 0 1 0 1 0 1 1 0 1 0 1 0 0 1 0 1 1 0 1 0 0 1 0 1 0 1 0 1 0 1 1 1 0 0 1
1 0 1 0 1 0 0 0 1 0 0 1 1 1 1 1 1 0 0 1 0 1 0 0 0 1 1 1 1 0 0 0 0 1 0 0 1 1 0 1 0 1 1 0 0 0 1 0 1
0 0 1 1 0 0 1 0 0 1 0 1 0 0 1 0 0 0 1 1 0 0 1 0 0 1 1 0 0 0 1 0 1 1 0 0 0 1 0 0 0 0 0 1 0 0 1 0 0
1 1 0 0 0 0 0 0 1 1 1 1 0 1 0 0 1 0 0 1 0 0 1 1 0 0 0 1 0 0 0 1 0 1 0 0 1 1 1 1 0 0 0 0 0 1 0 1 0
0 1 1 1 1 0 0 0 0 1 1 0 0 0 0 1 1 0 0 1 1 0 0 1 1 0 1 0 0 0 0 1 0 0 1 1 0 0 0 1 1 0 0 0 0 1 0 1 0
0 1 0 0 0 1 1 0 1 0 0 0 1 0 1 0 0 1 0 1 0 0 1 1 0 0 1 1 0 0 1 1 1 0 1 1 1 0 0 1 1 1 1 0 1 1 0 0 0
1 1 1 1 1 0 0 0 0 1 1 1 1 1 1 1 0 0 0 0 0 0 1 1 1 1 1 0 1 1 1 0 1 0 1 0 0 0 0 0 0 1 1 1 1 1 1 1 0
0 0 0 1 0 1 0 1 0 0 0 0 1 1 1 0 0 0 1 1 0 0 0 1 0 1 1 1 0 1 1 1 0 1 0 0 1 0 0 1 0 1 0 0 0 1 1 0 1
0 0 0 1 0 1 0 0 0 0 0 0 0 1 1 1 0 1 1 1 1 0 0 1 1 0 0 1 1 0 1 1 0 0 1 0 0 1 0 1 1 1 1 1 1 0 1 0 1
0 1 1 1 1 1 0 0 0 0 0 0 0 1 1 1 1 0 0 0 0 1 0 0 1 0 1 0 0 1 1 1 1 0 0 0 1 0 0 1 1 1 0 1 1 0 0 0 0
1 1 1 0 0 1 1 1 0 1 1 1 0 0 0 1 0 1 0 1 1 0 0 0 0 0 0 0 0 1 0 1 1 0 0 0 0 0 0 0 1 0 1 1 1 1 0 1 1
0 0 0 1 0 0 1 1 1 1 1 1 1 1 0 1 1 1 1 0 0 1 0 1 0 1 1 1 1 0 1 0 0 0 1 1 1 1 0 0 1 0 0 0 0 0 0 1 1
0 0 1 0 0 1 1 0 1 0 0 1 0 0 0 1 0 1 0 1 0 0 1 0 1 1 1 0 1 1 1 1 0 0 1 1 0 0 0 0 1 0 0 0 0 1 1 1 1
1 1 1 1 0 1 0 0 0 0 0 1 0 1 1 1 1 1 0 1 1 1 1 0 1 1 0 1 0 1 0 1 1 1 1 1 1 1 1 0 0 1 0 0 0 1 0 1 1
0 0 0 1 1 1 0 0 1 0 0 0 0 0 1 0 0 0 0 0 0 1 0 0 1 1 1 0 1 1 0 1 0 0 1 0 0 0 0 0 1 1 1 0 0 1 1 1 1
1 0 0 1 1 1 1 1 1 0 0 1 0 0 1 1 0 0 0 0 0 1 1 1 0 1 1 1 0 0 1 0 1 1 1 0 1 0 0 0 1 0 1 1 1 0 1 1 1
0 0 0 0 1 1 0 1 0 1 0 1 1 0 1 1 0 0 0 1 1 1 0 1 0 0 0 1 1 1 0 1 1 1 1 0 1 1 1 0 1 0 1 0 0 0 0 0 0
1 1 0 1 1 1 0 1 1 0 0 0 0 1 1 1 0 1 0 1 1 1 0 1 0 0 1 0 0 0 0 1 1 0 1 1 0 1 0 0 0 0 0 0 1 0 0 1 0
0 1 1 1 0 0 1 0 0 0 0 1 1 1 1 1 1 0 1 0 1 0 1 0 1 0 1 0 1 0 1 1 0 1 1 0 0 1 0 0 1 1 0 0 1 1 0 0 1
1 1 0 0 1 1 0 0 0 0 0 1 0 1 1 1 1 0 0 1 1 1 1 1 0 0 1 1 1 1 1 0 0 0 1 0 1 1 1 1 1 1 0 1 0 1 1 1 1
1 1 1 1 1 1 1 0 0 1 1 1 0 1 1 1 1 1 0 0 1 1 1 1 0 1 0 1 1 0 1 0 1 1 0 1 0 1 1 0 0 0 1 0 1 0 1 0 0
0 1 1 1 0 1 0 0 0 0 1 1 1 1 0 0 0 1 0 1 1 0 0 0 0 0 0 1 1 0 0 1 0 0 0 0 0 0 1 0 0 1 0 0 0 0 0 1 1
1 1 0 0 1 0 0 1 1 1 0 1 0 0 0 0 0 1 0 0 1 1 0 1 0 1 0 1 0 1 1 0 0 0 1 0 1 0 0 1 0 0 0 0 0 1 0 0 0
1 1 0 0 1 1 0 0 1 1 1 0 1 0 1 0 0 1 0 1 0 0 0 1 0 0 0 0 0 0 0 0 0 0 1 0 1 1 0 1 0 1 0 0 1 0 1 1 1
1 0 0 1 0 0 1 0 0 1 1 1 1 1 1 0 1 0 0 1 1 0 0 1 1 0 0 1 0 1 0 0 0 1 0 0 1 1 0 0 0 0 1 1 1 0 1 1 1
0 0 1 1 0 0 1 0 1 0 1 0 0 1 1 0 0 0 0 0 1 0 0 1 0 1 1 1 1 1 1 1 1 0 0 0 1 1 0 1 1 0 1 0 0 0 0 0 0
0 0 0 1 0 1 0 1 1 0 0 0 0 0 0 1 1 1 0 1 1 1 0 1 1 0 0 1 0 1 0 1 1 1 0 1 1 0 1 0 0 1 0 1 0 1 0 1 0
1 1 1 0 0 1 1 0 1 0 0 0 0 1 0 0 1 1 0 0 1 1 0 1 1 0 1 1 1 0 0 1 1 0 1 1 1 1 0 1 0 0 0 1 0 0 0 0 0
1 0 0 0 0 1 0 1 0 0 0 1 1 1 0 1 0 0 0 0 1 0 0 1 0 1 0 0 1 0 0 0 0 0 0 1 0 1 1 1 0 0 1 0 0 1 0 1 1
0 0 0 1 0 0 1 1 1 1 1 0 1 1 1 1 0 1 0 1 1 0 1 0 1 0 1 0 0 0 0 0 0 1 1 0 1 0 0 0 1 1 0 1 0 1 0 1 1
1 0 1 1 1 1 1 0 1 0 0 1 1 0 1 0 0 0 0 1 0 0 1 0 0 0 0 0 1 0 0 0 1 1 1 1 0 0 1 0 1 0 0 1 0 1 0 1 0
1 1 1 0 1 1 1 0 0 0 1 1 0 1 0 0 0 1 0 1 1 1 0 1 1 1 1 0 0 0 1 1 1 1 1 0 0 1 0 0 0 1 1 1 0 0 0 1 1
0 1 0 0 0 0 0 0 1 1 1 1 0 1 1 0 1 1 1 0 1 0 0 0 1 1 1 0 0 0 0 1 1 0 0 1 1 0 1 0 0 1 0 0 1 0 1 0 1
1 1 1 0 1 1 0 1 1 1 1 1 1 0 1 0 0 1 0 1 0 1 1 0 1 0 0 0 1 1 1 1 0 0 1 1 1 0 1 1 0 0 1 0 0 1 1 0 1
1 1 1 0 0 0 0 0 1 0 1 0 1 1 0 0 0 0 0 0 0 1 0 1 1 1 1 0 0 0 1 1 0 1 0 1 1 1 1 0 0 0 0 1 1 0 1 0 0
0 1 1 0 0 0 1 0 0 1 0 0 1 1 0 0 1 1 0 1 1 1 0 1 1 1 0 1 1 1 1 0 1 0 1 1 0 0 1 0 1 0 0 1 1 0 0 1 0
1 0 0 0 0 0 0 1 0 1 0 0 0 0 1 1 1 0 0 0 0 1 1 1 1 1 1 1 1 0 0 0 1 0 1 0 0 1 0 1 1 0 0 1 1 1 0 1 1
1 1 0 0 1 1 1 1 0 1 0 0 0 1 0 1 1 1 0 0 0 0 0 1 1 1 0 0 1 0 0 0 0 1 0 0 1 0 1 0 1 1 1 1 0 0 1 1 1
0 0 1 1 1 0 1 1 1 1 1 1 0 0 1 0 1 0 1 0 0 1 1 0 0 1 1 0 0 1 1 0 0 1 0 1 1 0 1 0 0 1 1 0 1 0 0 1 1
0 0 0 1 1 0 0 1 0 1 1 1 1 0 0 1 0 1 0 1 1 0 1 1 1 1 0 1 0 1 0 1 0 1 1 1 0 1 1 1 1 0 0 1 0 0 1 1 1
1 1 1 1 0 0 1 1 0 1 0 1 0 0 0 1 1 0 0 1 0 0 1 0 0 1 1 1 0 1 0 1 0 0 1 0 1 0 0 1 1 0 1 1 0 0 0 1 1
0 1 0 0 1 1 0 0 1 1 1 1 1 1 1 0 1 1 0 0 0 1 0 0 0 0 1 1 0 1 1 1 0 0 0 0 0 1 0 0 0 0 1 0 0 1 0 1 1
0 1 1 1 1 0 1 0 1 1 1 1 0 0 0 0 1 0 0 1 1 0 1 1 1 1 0 0 1 1 0 1 1 1 0 1 0 0 1 0 0 1 1 1 0 1 1 0 1
1 1 1 1 0 1 1 0 0 0 0 0 0 0 0 0 1 1 1 1 0 0 0 1 0 0 0 0 1 1 1 1 0 1 0 0 1 0 1 0 0 0 1 0 1 0 0 0 0
0 1 1 0 0 0 0 0 1 0 1 1 1 1 1 0 1 0 1 1 1 1 0 1 1 1 1 0 0 1 0 0 0 1 1 0 1 1 0 0 1 1 0 0 0 0 0 1 0
1 1 1 0 0 0 1 1 1 0 1 1 1 1 1 0 0 1 0 0 1 0 1 0 0 1 0 0 1 1 1 0 1 1 0 0 1 1 0 0 1 1 0 0 0 1 1 1 1
1 1 1 0 0 0 1 1 0 1 0 0 1 1 1 0 0 1 1 0 1 0 1 1 1 1 1 1 0 1 0 1 0 1 0 1 0 0 0 0 1 1 0 1 1 0 0 0 1
0 0 0 0 0 1 0 0 0 0 1 1 0 1 0 1 1 1 0 1 1 1 0 1 1 1 0 0 0 0 1 1 0 1 0 0 1 0 0 1 1 0 0 1 1 1 1 1 0
1 1 0 0 1 1 0 0 0 1 0 0 1 1 1 0 0 0 1 0 0 1 1 0 0 1 0 1 1 0 1 0 1 0 0 0 0 1 1 0 0 1 0 0 0 0 0 0 0
0 1 0 1 0 0 1 0 0 1 0 1 1 1 1 1 1 1 0 0 1 1 1 0 0 1 0 0 1 0 0 1 0 1 1 0 1 1 0 1 1 0 1 1 0 0 0 1 0
1 1 0 0 1 1 1 0 0 1 1 1 1 0 0 0 0 1 1 0 0 0 1 1 0 1 0 1 0 1 0 1 0 0 1 0 1 1 1 0 1 1 1 0 0 1 1 0 1
0 1 1 1 0 1 1 1 0 0 0 0 1 1 0 0 1 0 0 0 0 0 1 0 1 0 1 1 0 0 0 1 1 1 1 0 1 1 0 0 0 1 1 1 1 0 1 1 0
1 0 0 0 0 1 0 1 1 0 0 1 0 0 1 0 0 1 0 0 0 1 1 0 0 0 1 0 0 1 1 0 0 0 0 0 0 1 1 0 1 1 1 1 1 0 1 0 1
0 1 0 0 0 0 0 1 1 0 0 1 1 1 0 0 0 0 0 0 0 0 0 0 1 0 0 1 1 0 0 0 1 0 0 0 0 1 0 1 1 1 0 1 0 1 1 1 1
0 1 1 0 1 1 1 1 1 1 1 1 1 1 1 1 1 0 0 1 0 0 1 0 1 1 0 0 0 0 0 0 0 0 1 0 0 1 1 0 0 0 0 1 0 0 0 1 1
1 0 0 1 1 0 1 0 1 0 0 1 1 1 0 1 1 1 0 1 0 0 1 1 0 0 0 0 0 0 1 0 1 0 0 0 0 1 0 1 1 0 1 1 1 1 0 0 0
0 1 0 1 1 0 0 0 0 0 0 1 0 0 0 1 1 1 0 0 0 0 1 1 1 1 0 1 1 1 1 1 0 0 1 0 1 0 0 0 0 0 0 0 0 0 1 0 1
1 0 1 1 0 0 1 1 1 1 0 0 0 0 0 0 1 0 1 1 1 0 0 0 0 0 0 0 0 1 0 0 1 1 1 0 1 1 1 1 1 0 1 0 0 0 1 1 1
0 0 1 0 1 1 1 0 0 1 0 0 0 1 1 1 1 0 1 1 1 1 1 0 1 0 0 1 0 0 1 1 0 0 1 1 1 0 0 0 0 1 0 1 0 0 0 1 1
0 0 1 0 1 1 1 1 0 0 0 0 0 1 1 0 1 1 1 0 1 1 1 0 1 1 1 1 0 1 1 0 1 0 1 0 0 0 0 0 0 0 1 0 1 1 1 0 1
0 1 0 1 0 0 1 1 0 0 1 0 0 1 0 0 0 1 0 0 1 0 1 0 1 1 0 0 1 0 0 1 0 0 1 0 1 0 1 1 0 0 0 1 1 1 0 0 0
1 1 0 1 1 0 1 0 1 1 1 1 0 1 0 0 1 1 1 0 1 0 0 1 0 1 1 0 1 1 0 0 0 1 1 1 1 0 0 1 1 0 1 0 1 1 1 1 1
0 1 0 1 0 1 0 0 0 0 0 0 0 0 1 1 1 0 1 0 1 0 1 0 0 0 1 0 0 1 0 0 0 1 0 0 1 1 1 0 0 0 0 0 0 0 0 0 1
1 0 0 1 1 0 0 0 0 0 1 1 0 0 1 0 0 1 1 0 0 1 1 0 1 0 1 1 0 0 0 1 1 0 0 1 1 0 0 1 0 1 1 1 0 0 0 1 0
0 0 1 1 1 1 1 1 0 0 1 1 0 1 0 0 1 1 0 1 0 0 1 0 1 0 0 0 1 1 1 0 0 0 1 0 1 1 1 1 1 0 0 0 1 1 0 0 1
1 0 0 1 0 1 1 0 1 1 1 0 1 0 1 1 1 0 0 1 1 0 0 0 0 0 0 0 1 1 1 1 1 1 1 0 0 0 1 1 1 1 0 0 0 1 1 0 0
0 1 0 0 0 0 1 1 1 1 1 1 0 1 0 1 1 1 1 0 1 1 1 0 1 0 0 1 0 1 1 0 0 1 0 0 1 0 0 1 1 1 1 0 1 0 1 0 1
1 0 1 1 1 0 0 1 1 0 0 1 1 1 1 0 1 1 0 0 1 1 1 1 0 0 0 1 0 1 0 0 0 0 1 1 0 1 0 1 1 1 1 0 0 0 0 0 0
0 0 0 1 1 1 0 1 1 1 0 0 0 1 1 0 1 0 0 1 1 1 0 0 0 0 1 0 1 0 0 0 0 1 0 0 1 0 0 1 0 1 1 0 1 0 0 0 0
1 0 0 1 1 0 0 1 1 0 0 0 1 1 1 0 1 0 0 1 1 0 1 0 0 1 0 1 1 0 0 1 1 0 0 0 1 0 1 0 1 1 0 1 1 0 0 1 1
0 0 0 0 1 1 1 1 0 0 1 0 1 1 1 0 0 0 1 1 1 0 0 0 0 1 1 1 1 0 0 0 1 1 1 0 0 1 1 1 1 0 0 1 1 0 1 0 0
1 1 1 1 1 0 0 0 0 1 0 0 1 1 0 0 0 0 1 0 1 1 0 1 1 0 0 0 1 1 0 1 1 0 0 1 1 1 1 0 1 1 1 0 1 1 1 0 1
1 1 0 1 0 0 1 1 1 0 1 0 1 0 0 0 0 0 0 0 1 1 1 0 0 1 1 1 1 0 0 0 1 0 0 1 1 1 1 1 0 1 1 0 1 1 1 0 1
0 0 1 0 1 0 0 0 1 1 0 1 0 1 0 1 0 1 1 0 1 0 1 0 0 0 1 1 1 1 0 1 1 0 0 0 1 1 0 1 0 0 1 1 1 1 0 1 1
0 0 1 1 1 0 1 0 1 1 1 1 1 0 0 1 0 0 1 1 0 1 0 0 1 0 0 1 1 0 0 1 1 0 1 1 1 1 1 0 0 1 0 0 1 0 0 0 0
0 0 1 0 1 1 0 0 0 0 0 0 1 1 1 0 0 0 1 1 0 0 1 1 1 1 1 0 1 0 0 0 1 1 0 1 1 0 0 1 1 1 1 1 1 1 0 0 1
1 0 1 0 1 0 1 1 0 0 1 0 1 1 1 0 0 0 0 0 0 1 0 0 0 0 1 0 1 0 1 0 0 1 1 0 0 1 0 0 1 0 1 0 1 1 0 0 0
0 1 1 1 0 1 0 1 0 0 0 0 0 0 0 0 0 0 0 1 0 0 1 1 1 0 1 1 0 0 1 1 1 1 0 1 0 0 1 1 0 0 0 1 1 1 0 0 1
0 1 1 1 1 1 1 1 1 0 0 0 1 1 0 1 1 1 1 0 0 1 0 1 1 1 1 1 1 1 1 1 1 1 0 1 0 1 0 0 1 1 0 0 0 1 1 1 0
0 1 1 0 0 0 0 0 0 0 0 1 1 0 0 0 1 0 0 1 0 1 1 0 0 1 0 0 0 1 1 1 1 1 1 0 1 0 1 0 1 1 1 1 1 1 1 1 1
0 1 0 1 0 0 1 1 0 1 1 1 0 1 1 0 1 0 0 0 1 0 0 0 1 1 1 1 0 1 1 1 0 1 0 1 0 1 1 0 1 1 1 1 0 1 1 1 1
1 0 1 1 0 1 0 1 1 1 0 1 0 0 1 0 0 1 1 1 1 0 0 0 0 1 0 1 1 1 1 0 1 1 0 1 1 1 1 1 1 1 0 1 1 1 0 0 0
0 1 0 0 1 0 0 0 1 1 1 1 1 1 0 0 0 1 1 1 1 0 1 0 0 1 1 0 1 1 1 1 1 0 1 1 0 0 0 0 1 1 0 1 0 0 0 1 0
0 1 1 1 1 1 1 1 1 1 0 1 1 1 1 0 0 0 0 0 0 0 0 1 0 1 0 1 0 0 1 1 0 1 1 1 1 0 0 1 1 1 0 0 0 0 1 1 0
1 0 1 0 1 1 0 1 1 1 1 0 1 1 1 1 1 1 1 1 1 1 0 1 1 1 1 0 1 1 1 0 0 1 1 1 1 1 0 0 0 1 0 1 1 1 0 0 1
0 0 0 0 0 1 0 0 1 0 0 1 0 0 0 0 1 0 1 1 1 0 1 1 1 1 1 1 1 0 0 0 1 1 1 1 1 0 1 1 0 1 1 0 0 0 1 0 0
1 1 1 1 0 0 1 1 0 1 1 0 1 1 0 1 1 0 0 0 1 0 0 0 0 1 0 0 0 1 0 0 0 0 1 0 0 1 0 0 0 1 0 0 1 0 1 0 0
1 0 1 0 1 1 0 0 1 1 1 0 0 1 1 1 1 0 1 1 0 1 1 1 0 1 1 1 0 1 0 1 1 0 1 1 0 0 1 1 0 1 1 1 0 1 0 0 0
1 1 0 0 0 0 1 0 0 0 0 1 0 1 0 1 0 0 1 1 0 0 0 0 0 1 1 1 1 1 0 0 0 0 0 1 0 0 1 0 0 1 1 1 1 1 0 0 1
0 1 1 1 0 1 0 0 1 1 1 0 0 1 1 1 0 1 1 1 0 1 0 0 1 1 1 1 1 0 0 1 0 1 1 1 0 0 0 0 0 1 1 1 0 0 1 0 0
0 0 0 1 1 1 0 1 0 1 1 0 0 1 0 1 0 1 0 0 0 1 1 1 0 1 0 0 0 0 1 0 0 0 0 1 0 0 1 0 0 1 0 1 1 1 1 0 1
1 1 1 1 1 0 0 0 1 1 0 0 0 0 1 0 1 1 1 1 0 1 1 0 0 1 1 0 1 0 1 1 0 0 1 0 0 0 1 1 1 0 0 0 1 0 1 0 0
0 1 1 0 0 0 0 0 1 0 1 1 1 0 1 0 1 0 1 0 1 0 1 0 0 1 0 1 1 0 1 0 0 0 1 1 0 0 1 1 1 0 0 0 0 0 1 0 1
1 0 1 1 0 1 0 0 0 1 1 1 1 0 1 0 1 1 0 0 1 0 1 0 1 1 1 1 0 0 0 0 1 0 1 1 0 1 1 0 1 0 1 1 1 1 0 1 0
1 0 0 0 1 0 1 1 0 0 0 0 1 1 0 0 1 0 1 1 0 0 0 1 0 1 1 1 0 0 1 1 0 0 1 1 0 1 1 0 1 0 1 0 0 0 1 0 0
1 1 1 1 1 1 0 0 1 0 0 0 1 0 0 1 0 0 1 1 0 0 1 0 0 1 0 1 1 1 0 1 0 1 0 0 0 1 1 0 1 0 1 1 1 1 1 1 1
0 1 0 1 0 0 0 0 0 0 1 1 1 1 1 1 0 0 1 1 0 1 0 1 0 1 0 0 1 0 0 0 0 1 0 0 1 0 1 0 1 0 0 0 0 1 1 1 0
0 1 0 0 0 1 0 0 1 1 1 1 1 0 0 0 0 0 0 0 0 0 1 0 1 1 0 1 0 0 0 1 0 1 0 1 0 1 0 1 1 0 1 1 1 0 0 0 0
0 1 1 0 1 0 1 0 1 0 0 0 0 0 1 1 0 1 1 1 1 1 0 1 0 1 1 1 0 0 1 1 1 1 0 1 1 0 1 0 1 0 1 0 0 0 0 0 1
1 0 0 0 0 0 0 1 1 0 0 1 1 1 1 1 1 0 0 0 1 0 1 0 1 1 1 0 1 1 1 1 0 1 1 1 1 1 1 1 0 0 0 1 1 0 1 1 0
1 1 1 0 0 0 0 1 1 0 0 0 1 0 1 0 1 0 0 0 0 0 0 1 0 1 0 0 1 0 0 1 1 0 1 1 0 0 0 0 0 0 1 1 0 1 1 0 0
1 0 0 1 1 0 1 1 0 1 0 0 1 0 1 1 1 1 1 1 0 1 0 0 0 1 1 1 0 1 1 0 0 0 0 0 1 1 1 1 0 0 1 0 1 1 0 1 0
1 0 0 1 1 1 0 0 0 1 0 0 1 0 0 1 1 1 1 1 1 0 0 0 0 1 1 0 0 1 0 1 0 1 0 0 0 0 0 0 0 0 1 1 0 0 0 0 0
1 1 1 0 1 0 1 1 0 0 1 1 0 1 1 0 0 0 1 0 0 1 0 0 0 1 0 1 1 1 0 1 0 0 1 0 1 1 0 0 0 0 0 1 1 0 1 1 1
0 1 1 1 1 1 0 1 0 0 1 0 1 1 1 0 0 1 0 0 1 0 0 0 1 1 1 0 1 1 0 0 1 1 0 1 0 1 1 0 0 0 0 1 0 1 0 1 0
0 0 1 1 0 0 1 1 0 0 0 1 0 0 0 1 0 0 0 1 1 0 0 1 0 1 0 0 0 0 0 1 0 1 0 1 1 1 0 0 0 0 1 0 1 1 1 0 1
0 1 0 0 1 0 1 0 0 0 1 0 1 1 1 1 0 0 1 0 0 1 1 0 1 1 1 0 0 0 1 0 0 1 1 1 1 1 0 1 0 0 1 1 0 1 1 1 1
0 1 1 0 1 1 0 1 0 0 1 0 1 0 0 1 1 0 0 1 1 0 0 0 0 0 0 0 1 0 0 1 0 1 0 1 1 0 1 0 1 1 0 1 1 0 1 0 0
1 0 1 0 0 1 1 0 1 0 0 1 0 1 0 1 1 1 1 1 0 0 1 0 1 0 0 1 1 1 0 1 1 1 0 0 0 0 0 1 1 1 0 1 0 0 1 0 0
0 1 0 1 1 0 1 1 0 1 1 0 0 0 1 1 1 1 1 1 0 0 1 0 0 0 0 1 0 1 1 1 0 0 1 1 0 0 1 0 1 1 0 0 1 0 0 0 1
1 0 0 1 1 0 1 0 1 0 0 1 1 0 0 1 1 1 1 1 0 1 0 0 1 0 0 1 0 0 1 0 0 1 1 0 1 1 1 0 1 1 1 1 0 1 1 0 1
0 1 1 1 1 1 1 0 1 1 1 1 0 1 1 0 0 0 1 1 0 1 1 0 1 0 1 1 1 0 1 1 1 1 0 0 1 0 1 1 1 1 0 0 0 0 0 0 1
1 1 1 0 0 1 1 0 0 0 1 0 1 0 0 1 0 1 1 0 0 1 0 0 1 0 0 1 0 1 0 0 0 1 1 1 0 0 1 1 1 1 0 0 1 1 0 1 0
1 0 0 0 0 0 1 1 1 0 1 1 1 1 0 1 0 0 0 1 1 1 0 1 0 0 1 1 0 1 0 0 1 1 1 0 0 0 0 1 1 1 1 1 0 1 1 1 0
1 0 1 0 0 0 1 0 1 0 1 0 1 1 0 0 1 1 1 0 0 0 1 0 1 0 0 0 1 0 1 0 1 0 1 0 0 0 1 1 0 1 1 1 1 0 0 1 1
1 1 0 1 0 1 1 1 0 0 1 0 1 1 1 0 1 0 1 0 0 0 1 0 1 0 1 0 1 1 0 1 0 0 1 1 0 0 0 1 0 1 0 1 0 0 0 1 1
0 0 0 0 0 0 0 1 0 1 0 1 1 1 0 1 1 1 0 1 0 0 0 0 1 0 1 0 0 0 0 0 1 1 1 1 0 0 0 1 0 1 1 0 1 0 0 1 0
0 1 0 0 1 1 1 0 1 1 0 0 1 1 0 0 1 1 1 1 1 0 1 0 0 0 0 0 0 0 0 0 1 1 1 1 0 0 1 0 0 1 1 0 0 1 1 1 1
1 0 0 0 0 1 1 1 1 0 0 0 1 1 0 1 0 1 1 1 1 0 1 1 1 0 0 0 1 1 0 0 0 1 0 0 0 1 0 0 0 1 1 0 1 1 0 0 0
0 0 1 1 1 0 1 0 1 0 1 0 0 0 0 0 0 1 0 1 1 0 0 0 0 0 1 1 0 1 1 0 0 0 1 1 1 0 1 0 0 1 1 1 1 0 1 1 1
1 1 1 0 0 1 0 0 1 1 0 1 0 0 1 1 0 0 1 0 0 1 0 1 0 0 0 0 0 1 1 1 0 1 0 1 0 1 0 1 0 1 0 1 0 1 1 0 1
0 1 0 1 0 0 1 1 1 0 1 1 0 0 1 0 1 1 1 0 1 1 0 0 1 0 1 1 1 1 0 1 1 1 1 1 0 0 1 0 1 0 1 1 1 0 0 0 0
1 1 0 0 0 1 0 1 0 0 1 0 0 0 0 0 1 1 1 0 0 0 0 0 1 0 1 0 1 1 1 1 0 0 0 1 1 1 0 1 1 0 0 0 0 1 0 0 0
1 0 1 0 1 1 1 0 1 0 1 1 1 0 1 1 1 1 1 1 0 0 1 1 0 0 1 0 0 0 0 1 1 0 0 1 1 1 1 0 1 0 0 1 1 0 1 0 1
1 0 0 0 1 1 1 1 0 0 0 1 0 0 1 0 1 1 0 0 1 0 1 0 0 0 1 1 0 0 0 1 0 1 0 0 0 1 0 1 1 0 0 0 0 0 0 1 1
0 0 0 0 0 1 1 1 1 0 0 1 1 1 1 0 0 1 0 0 1 1 1 1 0 0 0 0 1 1 0 1 0 1 0 1 1 0 1 1 1 0 0 0 1 0 0 1 1
1 1 1 0 1 1 1 1 1 1 1 0 0 1 1 1 0 0 1 0 1 0 0 1 0 0 1 0 1 1 0 0 0 0 1 0 0 0 1 1 1 0 0 1 0 0 1 0 1
1 0 1 1 1 1 0 0 0 0 0 0 1 1 0 0 0 1 1 0 1 0 1 0 0 0 0 1 0 0 0 0 0 0 0 0 1 0 0 0 1 0 0 0 1 0 1 0 0
1 1 0 0 0 0 1 1 0 0 0 0 0 1 0 0 1 1 1 1 0 1 1 0 1 0 0 1 1 0 1 0 1 1 0 1 1 1 1 0 0 0 0 1 1 0 1 1 1
1 0 1 1 1 0 1 1 0 0 0 0 1 0 0 1 1 0 0 0 1 0 0 0 0 0 1 1 1 1 1 1 1 0 1 1 0 1 0 0 0 0 0 1 0 1 1 0 1
0 1 1 0 1 0 1 0 1 1 1 0 1 1 1 0 1 0 1 1 1 1 1 0 0 0 0 0 0 1 0 1 1 1 0 1 0 1 1 1 0 0 0 1 1 1 0 1 0
0 0 1 1 0 0 0 0 1 0 1 0 0 0 0 1 1 1 1 0 0 1 1 0 1 0 0 0 0 0 0 0 0 0 0 0 1 0 1 0 0 0 1 0 0 1 0 0 0
1 0 0 1 0 1 1 0 0 0 1 1 0 1 0 0 0 1 1 0 0 1 0 1 1 0 1 0 1 1 0 0 1 1 0 0 1 1 1 1 0 0 0 1 1 1 1 0 1
0 1 0 0 1 1 0 1 1 0 0 0 1 0 0 1 0 1 0 1 0 0 1 1 0 0 1 1 1 0 1 1 0 0 1 0 0 0 1 1 0 0 1 1 0 0 0 1 0
1 1 0 0 1 1 0 1 0 1 1 0 0 1 1 1 0 0 0 1 1 0 1 1 0 0 1 1 0 1 1 1 0 1 0 1 1 0 0 0 0 0 1 0 1 0 1 1 0
1 1 1 1 0 0 1 0 1 0 1 1 1 1 0 1 0 1 0 0 1 1 0 1 1 0 0 1 0 0 1 1 0 0 1 0 0 1 1 0 0 0 1 1 0 1 1 1 0
0 1 1 1 0 1 1 0 0 0 1 0 1 1 0 0 1 1 1 1 0 0 1 0 1 0 1 0 0 0 1 0 0 0 0 1 0 1 0 0 1 0 0 1 1 1 1 0 1
0 0 0 1 1 0 1 1 1 0 0 1 0 0 1 0 0 0 1 1 1 1 0 1 0 1 0 1 1 1 1 0 0 0 1 0 1 0 1 0 0 1 0 0 0 1 1 0 1
1 1 1 1 0 1 1 0 0 1 1 0 1 1 0 0 0 0 1 0 1 0 0 1 0 0 0 0 0 0 1 1 0 1 1 0 1 0 1 1 0 1 1 0 0 1 1 0 0
0 1 0 0 1 1 1 0 1 0 0 1 0 1 0 1 1 0 0 1 0 0 0 1 1 0 0 0 1 1 0 1 1 1 1 0 0 0 1 1 0 0 1 1 0 1 0 1 1
0 1 1 1 0 0 0 0 0 0 0 0 0 1 0 1 1 0 1 0 0 1 0 1 1 0 0 1 1 1 0 0 0 0 0 1 0 1 1 1 0 0 0 0 1 0 1 0 0
1 0 1 0 0 0 0 1 0 0 0 1 0 1 0 0 0 0 1 1 1 0 1 0 1 1 0 1 0 0 0 1 1 0 0 0 0 1 0 1 1 0 1 0 0 0 0 1 0
1 1 0 1 0 1 1 0 0 1 0 1 1 0 0 1 1 0 1 0 1 0 1 1 1 1 1 1 0 0 0 1 0 1 0 1 1 1 0 0 0 0 0 1 0 0 1 0 1
1 1 1 1 0 1 0 1 0 1 0 0 1 1 1 1 0 1 1 1 1 1 1 0 0 0 0 0 0 1 1 0 0 1 0 0 0 0 0 1 1 1 1 1 0 0 1 0 1
1 1 0 0 1 1 0 0 0 0 1 0 0 1 1 1 1 1 0 0 0 0 0 0 0 0 0 1 1 1 0 0 1 1 1 1 1 1 1 0 0 1 0 1 0 0 1 1 1
1 0 0 1 0 1 0 1 1 1 1 1 0 1 0 0 0 0 0 0 0 1 1 1 0 0 0 0 1 1 0 1 0 1 1 0 1 1 0 0 0 1 0 0 0 0 0 1 1
0 1 1 1 0 1 1 1 1 1 1 0 1 0 1 0 1 1 1 0 0 0 0 1 0 0 1 0 0 0 1 1 0 1 1 1 0 1 0 1 0 0 1 0 0 0 0 0 0
0 0 0 1 1 0 0 0 0 0 0 0 0 0 0 0 1 1 1 1 0 1 1 1 0 0 1 1 0 1 0 0 1 1 0 1 0 1 0 0 0 1 0 0 0 0 0 0 1
1 0 0 1 1 1 1 0 1 1 0 1 0 0 0 0 1 0 0 0 1 0 1 1 0 0 0 1 0 1 1 0 1 0 1 1 1 1 1 0 0 0 0 0 1 1 0 1 0
1 0 1 1 1 0 0 0 0 0 1 1 1 1 0 1 1 0 1 1 1 0 1 1 1 0 1 0 1 0 0 0 1 0 1 1 1 0 1 0 1 0 1 0 0 1 0 1 1
1 1 0 1 0 1 1 1 0 1 0 0 1 0 1 1 1 1 0 0 0 1 0 0 0 1 1 0 0 1 1 1 1 0 1 1 1 0 1 0 1 0 0 0 1 1 0 0 1
1 0 1 1 0 1 1 0 1 1 0 0 0 1 0 0 0 0 1 0 0 0 0 0 1 1 1 0 0 0 0 1 1 0 1 1 0 1 0 1 1 1 0 0 1 0 1 0 1
1 1 1 1 1 1 0 1 0 1 1 0 0 0 0 0 1 1 1 0 0 1 1 1 0 0 0 1 0 0 1 1 1 0 1 1 1 1 0 1 1 1 1 1 0 1 1 0 1
1 1 0 1 1 1 1 0 1 0 0 0 0 0 0 0 0 1 0 0 0 1 1 0 0 0 1 1 1 1 0 1 0 1 1 1 1 1 0 0 1 1 0 1 0 1 0 0 0
1 0 0 0 1 0 1 1 1 1 0 1 1 0 0 0 1 0 0 0 0 0 0 1 1 1 0 0 0 1 0 1 1 1 1 0 0 0 1 0 1 0 0 0 1 1 0 0 1
0 0 0 0 0 0 1 0 0 0 0 1 0 1 0 0 0 0 1 1 0 1 1 1 0 0 1 0 1 0 0 1 0 1 1 1 1 1 1 1 0 1 0 1 0 1 0 1 1
1 1 1 0 1 1 0 1 0 0 1 1 0 0 0 0 0 1 1 1 0 0 0 0 0 0 0 1 1 1 0 0 1 0 0 0 0 1 0 0 0 0 1 0 0 1 1 1 0
0 1 1 0 1 1 0 1 1 0 1 0 1 0 0 0 1 0 1 1 1 1 1 0 0 0 1 0 1 0 1 0 1 1 1 0 1 1 1 1 0 1 1 0 0 1 0 0 0
0 0 0 0 1 1 0 0 1 0 1 1 1 0 1 0 1 1 0 0 1 1 0 0 1 1 1 0 0 0 1 0 0 0 1 1 0 0 1 1 1 1 1 1 0 0 0 0 1
1 0 0 1 1 0 0 0 1 0 1 1 0 0 1 0 0 1 1 1 1 0 0 0 0 1 0 0 0 0 0 1 0 0 1 0 0 1 1 0 0 1 0 0 0 1 0 0 0
0 0 0 1 0 1 1 1 1 1 1 1 0 0 0 0 0 0 1 1 1 0 1 1 1 0 1 1 0 1 1 0 0 0 1 1 1 0 0 1 1 1 1 1 1 1 0 0 1
1 1 0 1 0 0 0 0 0 0 1 1 0 0 0 0 1 0 0 1 0 0 0 0 1 1 1 1 0 1 0 1 1 1 0 1 1 0 1 1 1 0 0 1 1 0 0 0 1
1 0 0 0 0 0 1 1 1 0 1 0 0 0 1 0 1 0 1 1 1 1 1 0 1 0 1 0 0 1 1 0 1 1 0 1 1 0 0 0 1 1 0 1 1 1 0 0 0
1 0 0 1 1 1 1 0 1 0 0 0 1 1 1 1 0 0 0 0 0 0 0 1 1 0 0 1 1 1 1 0 0 0 1 1 0 1 1 0 1 0 1 1 1 0 0 1 0
0 1 1 1 1 0 1 1 0 1 1 0 1 1 0 0 0 1 1 1 0 1 0 0 1 0 1 0 1 1 0 1 0 1 1 0 1 1 0 1 0 0 0 0 0 0 1 1 1
0 1 1 0 1 0 0 0 0 1 0 0 0 1 0 0 0 0 0 0 0 1 1 1 0 0 1 0 0 1 1 1 0 1 1 0 0 1 0 1 1 0 0 0 1 0 0 1 1
0 1 0 1 0 1 0 1 0 1 0 0 1 0 1 1 0 1 1 0 1 0 0 0 1 0 0 1 0 0 1 1 1 0 1 1 1 1 0 0 0 1 0 1 0 0 1 1 1
1 1 1 0 0 0 1 0 1 1 1 1 1 1 0 0 1 1 1 0 1 0 1 0 1 1 0 0 0 1 1 0 1 0 0 0 1 1 1 1 0 0 0 1 1 0 1 1 0
0 1 0 0 1 0 0 1 0 0 0 0 0 1 1 1 1 0 0 0 1 1 1 1 1 1 1 0 0 1 1 1 1 1 1 0 0 0 1 0 1 1 1 1 0 0 0 1 0
1 1 1 0 1 0 0 0 1 0 0 0 1 0 0 0 1 1 0 0 0 1 1 0 0 0 0 1 0 1 0 1 1 0 1 1 0 0 0 1 1 0 0 1 1 0 1 1 1
1 1 1 0 1 0 0 1 0 1 0 0 1 0 1 0 0 1 0 0 1 1 1 1 0 0 1 1 0 0 0 0 1 1 1 0 1 1 0 0 0 0 1 0 0 1 0 0 1
1 0 1 0 1 0 1 1 1 0 0 1 1 1 0 0 1 1 1 0 0 1 0 1 0 1 0 0 0 1 1 0 0 0 1 1 0 0 1 1 0 1 0 0 1 0 1 1 1
0 0 1 0 0 1 1 1 0 0 0 1 0 1 0 1 0 1 1 0 0 1 0 0 0 1 1 1 0 0 1 1 0 0 1 0 1 1 0 0 0 1 1 1 0 0 0 0 0
0 1 1 0 0 1 0 1 0 1 0 0 1 1 0 1 1 0 1 1 0 0 1 0 1 1 0 1 1 1 1 0 0 0 0 1 1 0 1 1 0 1 0 0 1 1 1 0 0
1 0 1 0 0 0 1 0 0 1 0 0 0 1 1 0 1 1 0 0 0 1 0 0 0 0 1 0 0 1 0 1 1 1 1 0 1 1 0 0 1 1 0 1 0 1 1 1 1
1 1 0 0 0 0 0 1 0 0 1 0 1 0 0 0 0 1 1 1 1 0 1 0 1 1 0 0 1 0 0 1 0 0 1 1 0 1 0 0 1 0 0 1 1 1 1 1 1
1 1 1 1 1 0 0 1 0 0 0 0 0 1 0 0 1 1 1 1 0 1 0 1 0 0 0 1 0 0 1 0 0 1 0 1 0 0 0 0 1 0 1 1 0 1 0 1 1
0 0 0 1 1 0 0 1 0 0 1 1 1 0 0 0 1 0 0 1 0 0 1 0 1 1 1 1 0 0 1 0 1 0 0 1 1 1 0 0 0 0 1 0 0 1 0 1 0
1 1 0 0 0 1 1 1 0 1 0 1 1 0 1 0 1 0 0 0 0 1 0 1 1 1 0 1 1 0 1 1 0 0 0 0 1 0 1 1 0 1 1 1 1 0 1 0 0
0 0 1 0 1 0 0 0 0 1 0 0 1 1 0 0 1 0 0 0 1 0 0 1 0 0 0 0 1 0 1 1 1 0 0 0 0 0 0 1 1 1 1 0 0 0 0 0 0
1 0 1 1 0 1 1 1 0 1 0 1 1 0 0 0 1 1 0 1 0 0 1 0 1 0 0 1 0 0 1 0 1 1 0 0 1 1 0 0 0 1 1 0 1 0 1 0 1
1 1 1 0 1 1 1 0 0 0 1 1 0 0 0 1 0 0 0 1 1 0 0 0 1 0 0 1 0 0 0 1 0 0 0 1 0 0 1 0 1 1 1 0 0 0 0 0 1
0 0 0 1 0 0 0 1 1 0 1 0 1 1 0 0 0 0 0 1 0 0 0 1 1 1 0 0 0 1 1 0 1 1 0 0 1 0 0 0 0 1 0 1 1 0 1 0 0
1 0 1 1 0 0 1 0 0 1 1 1 1 0 0 0 1 1 1 1 1 0 0 0 0 1 0 1 0 0 1 0 1 0 0 0 0 1 0 1 1 1 1 0 1 1 1 1 1
1 0 1 1 1 1 1 1 1 1 0 1 0 1 1 0 1 0 0 1 1 0 0 1 1 1 1 1 1 0 1 1 0 1 1 1 1 1 0 0 0 0 0 1 1 1 0 0 1
0 0 1 0 0 0 0 0 1 1 1 0 0 0 1 0 0 0 1 1 0 0 0 1 0 0 0 1 1 0 0 1 1 1 1 1 0 1 0 0 1 0 1 1 0 1 1 1 1
1 0 0 1 0 1 0 1 0 1 0 1 0 0 1 0 0 0 0 0 1 1 1 1 0 0 1 0 1 1 0 1 0 0 0 1 0 0 0 0 0 0 0 0 1 1 0 0 0
1 1 1 1 0 0 0 1 1 1 0 0 1 1 1 0 0 1 1 0 0 1 1 0 1 1 1 1 0 1 0 0 0 0 0 0 1 1 1 0 0 0 1 1 0 0 0 1 0
1 1 1 1 1 1 0 0 0 1 1 1 0 0 1 1 0 0 1 1 1 0 0 1 0 1 0 1 0 0 0 0 1 0 0 1 0 0 1 0 1 0 0 0 0 1 0 1 0
1 0 0 1 0 0 0 0 0 0 1 1 1 1 1 1 0 1 1 0 1 0 1 0 1 0 0 1 0 0 0 0 1 1 0 1 0 1 0 1 0 1 0 1 0 1 1 1 0
1 0 1 0 1 1 0 0 1 0 1 1 0 1 1 0 0 0 1 0 1 0 0 0 0 0 0 1 1 1 1 1 0 1 1 1 1 0 1 1 0 1 1 0 0 1 1 0 1
1 0 1 1 0 1 0 1 1 1 1 0 0 0 0 1 1 1 0 1 0 0 1 1 0 1 0 0 1 0 0 0 1 0 0 1 1 0 1 1 1 1 1 1 0 1 0 0 0
0 0 1 0 0 0 1 1 1 0 1 1 1 1 0 0 0 1 0 0 0 0 0 1 1 1 1 1 0 0 0 0 0 0 0 1 0 1 0 0 0 0 0 1 0 1 0 1 1
0 0 0 0 0 1 0 0 1 1 0 0 1 1 1 1 1 1 0 0 1 0 0 1 0 0 0 1 0 0 1 0 1 1 1 1 0 0 1 1 0 0 0 1 0 1 0 0 1
1 0 0 0 0 1 1 1 1 0 0 0 1 1 1 0 1 0 0 1 0 0 0 1 0 0 1 0 0 0 0 1 1 1 0 1 1 0 1 0 0 1 0 0 0 0 0 1 0
1 1 0 1 0 1 0 0 1 1 1 1 0 0 1 0 1 1 1 1 0 1 0 1 1 0 0 0 0 0 0 0 0 0 0 0 1 1 1 0 0 0 1 0 0 1 1 0 1
1 1 1 1 0 1 1 1 1 1 1 1 0 0 1 0 1 0 0 0 0 1 1 1 1 1 0 1 1 1 0 0 1 1 0 0 1 0 0 1 1 0 0 1 0 0 1 1 0
1 0 0 1 0 0 1 1 0 0 1 1 1 0 0 0 1 1 0 0 1 1 1 1 0 0 1 0 0 1 1 1 0 0 0 0 1 0 1 1 1 0 0 0 1 0 0 1 0
0 0 1 1 0 0 0 0 0 1 0 1 0 0 1 1 1 1 1 1 0 1 1 1 1 0 1 0 0 1 1 1 1 1 0 0 1 0 0 1 1 0 0 1 0 1 1 1 1
C Elapsed Time 26442.210000 
