C CINVESTAV-TAMAULIPAS, MEXICO 
C email: jtj@cinvestav.mx 
C http://www.tamps.cinvestav.mx/~jtj/ 
C 
441 30 2^30 6
1 0 0 1 1 1 1 0 1 0 1 1 0 1 0 0 1 0 1 1 0 1 0 0 1 0 0 1 0 1
1 1 1 0 1 1 1 0 1 0 0 1 0 0 1 0 1 1 0 1 1 1 0 0 0 1 0 0 1 1
1 0 0 1 0 0 0 0 1 0 1 1 0 0 1 0 0 1 1 1 1 1 1 1 1 1 1 1 1 1
1 0 0 1 1 0 1 0 0 1 0 0 0 1 1 1 1 0 1 0 0 0 0 1 0 0 0 1 1 1
1 0 0 0 0 1 1 1 0 1 1 0 1 0 1 1 0 1 0 1 1 1 0 0 1 0 0 1 0 1
1 1 0 1 0 0 0 1 0 1 0 0 0 1 0 1 1 0 1 0 0 1 1 1 1 1 0 0 1 1
0 1 0 0 1 1 0 0 1 1 1 1 1 0 1 0 0 1 0 0 1 0 0 1 0 0 0 1 1 0
1 0 1 1 1 1 1 1 1 1 0 0 0 1 1 0 1 1 1 0 1 1 0 0 1 1 0 1 0 1
1 0 0 1 0 1 0 1 0 1 1 0 0 1 0 0 0 1 0 1 1 0 0 1 1 0 1 0 0 0
1 1 1 1 1 1 1 1 1 1 0 0 1 0 1 0 1 0 1 1 0 0 1 1 1 0 1 0 1 1
0 0 1 0 1 1 0 0 0 1 1 0 0 1 1 1 1 0 0 1 1 1 0 1 1 0 0 0 0 1
1 1 0 1 0 0 1 1 1 1 0 1 0 0 0 1 0 0 1 1 0 0 1 1 0 1 1 0 0 0
1 1 1 1 1 0 1 0 1 0 1 1 1 1 0 0 1 0 1 0 0 1 0 0 1 1 0 0 1 0
1 1 1 1 1 1 1 1 0 0 1 0 0 0 1 1 1 0 0 1 0 0 0 0 0 1 1 0 0 1
1 1 0 0 1 1 0 0 0 1 0 0 1 0 1 0 1 1 0 0 1 1 1 1 0 0 1 0 1 0
0 0 0 0 1 0 0 1 1 0 0 0 1 1 0 1 1 1 1 1 0 0 1 1 0 1 1 0 1 1
0 1 0 0 1 1 0 1 0 0 0 0 1 1 0 0 1 1 0 1 1 1 0 0 0 0 1 1 0 0
1 0 1 1 0 1 0 1 0 1 0 0 1 0 0 0 0 0 1 0 0 0 0 0 1 0 1 1 0 1
0 0 0 0 0 1 0 0 0 1 1 0 1 0 0 0 1 1 1 0 0 0 1 1 1 1 0 0 0 0
1 1 0 1 1 1 0 0 0 0 1 1 1 1 0 0 1 0 0 0 1 1 0 0 0 0 1 0 0 0
1 1 0 0 1 0 0 1 1 1 0 0 0 0 0 0 0 0 0 0 1 1 1 0 1 1 1 1 1 1
0 0 1 1 0 0 0 0 1 0 1 1 0 1 0 1 1 0 1 1 1 0 0 0 0 1 0 1 0 0
1 0 0 0 1 0 0 0 0 0 0 1 0 0 1 1 1 0 1 1 1 0 1 0 1 1 0 1 1 1
0 1 0 0 0 0 0 1 0 1 1 1 0 1 1 1 0 1 0 1 1 1 0 1 1 1 0 0 1 0
0 1 1 1 0 1 1 0 1 0 1 1 1 1 1 0 1 1 0 0 1 1 1 1 1 0 0 1 1 0
1 0 0 0 1 0 1 1 0 1 1 0 1 1 0 1 0 0 0 1 0 0 1 0 0 0 0 1 0 1
1 0 1 1 0 1 1 1 0 1 1 1 1 1 1 1 1 1 1 1 1 0 1 0 1 1 0 0 1 1
0 1 0 0 0 0 0 1 0 0 0 1 0 0 1 0 1 0 1 0 1 1 0 1 0 0 1 1 1 1
1 0 1 1 1 0 1 1 0 0 0 0 0 0 1 0 0 1 0 0 0 0 1 0 0 1 0 1 0 0
1 0 1 1 1 1 1 0 0 1 0 0 0 0 0 0 0 1 0 1 0 0 0 0 1 1 1 0 1 0
0 0 1 1 1 0 1 0 0 0 0 1 0 1 1 1 1 1 1 1 0 1 1 0 0 0 0 0 1 0
0 0 1 0 1 1 0 1 0 1 0 0 0 0 0 0 0 1 0 1 1 0 0 0 1 1 0 1 1 1
0 1 1 0 0 0 0 1 0 1 1 1 0 0 1 0 0 1 1 1 1 0 1 1 1 0 0 0 0 1
1 1 1 0 1 1 1 1 1 1 1 1 1 1 0 1 0 1 1 1 1 0 1 1 1 1 1 1 0 1
1 0 1 0 0 1 0 1 0 1 0 0 1 0 0 1 1 0 0 0 1 1 1 0 1 1 1 0 0 1
1 1 1 1 0 1 1 0 0 1 1 1 1 0 0 1 0 1 0 1 1 1 1 1 0 1 0 1 1 1
0 1 0 0 1 1 1 1 1 0 0 1 0 0 1 0 0 1 1 0 0 0 0 0 0 1 0 0 0 0
1 1 0 0 1 1 1 1 1 0 1 0 0 1 1 0 0 0 1 0 1 0 1 0 0 0 0 1 0 1
1 1 1 0 0 1 1 1 0 0 0 1 0 1 0 0 1 0 0 1 0 0 1 0 1 0 1 0 0 1
0 0 0 0 0 0 0 0 1 0 1 0 0 0 0 0 0 0 0 0 1 1 1 0 0 0 0 0 0 1
1 0 0 0 1 1 0 1 1 1 1 0 0 1 1 0 0 0 0 1 0 1 1 0 0 1 1 0 1 0
1 0 0 0 0 0 0 1 0 0 0 0 1 1 0 0 0 0 0 0 0 0 1 1 1 1 1 1 1 0
1 1 0 0 1 0 0 1 0 1 0 1 1 0 1 1 0 0 1 1 0 1 0 1 0 0 0 0 1 0
1 1 0 1 0 0 0 1 1 1 1 1 1 1 1 1 0 1 0 1 0 1 1 1 1 0 1 1 0 1
1 1 0 0 1 1 0 1 0 0 1 0 1 0 0 1 1 0 1 1 1 0 0 1 1 1 0 0 0 0
1 1 1 1 1 0 0 1 1 0 0 0 0 1 1 1 1 0 0 0 1 1 1 1 0 1 0 0 0 1
0 1 0 0 1 0 0 0 1 1 0 0 0 1 1 1 1 0 1 0 0 1 1 0 1 0 0 1 0 1
0 1 1 1 1 0 1 0 0 0 1 1 1 0 0 1 1 0 0 1 1 1 0 0 0 0 0 0 1 1
1 0 0 1 1 1 0 0 1 0 1 0 0 0 0 1 0 0 1 1 0 0 0 1 1 1 1 0 1 1
0 0 0 1 1 1 1 0 0 1 1 1 0 1 0 1 0 0 0 1 1 0 0 0 0 0 1 1 1 0
0 0 0 1 1 0 0 0 0 1 1 0 1 1 1 0 0 0 1 0 1 0 1 1 1 0 1 1 0 1
0 1 1 1 0 1 1 0 1 1 1 1 1 1 1 1 0 1 1 1 0 0 1 1 0 1 0 1 0 0
0 1 1 1 0 0 0 0 0 1 0 1 1 0 1 0 0 1 1 1 0 0 1 0 0 1 1 0 1 1
0 0 1 0 1 0 1 0 0 0 0 0 1 0 1 1 0 0 0 1 1 1 1 1 0 1 1 1 1 1
0 0 1 1 1 1 1 0 1 0 1 1 0 0 0 0 0 0 0 1 0 1 1 1 0 0 0 1 0 1
1 0 1 0 1 0 0 0 0 1 0 1 0 1 0 1 1 0 0 1 0 1 1 1 0 1 1 1 0 0
1 1 0 0 1 1 1 1 1 1 0 0 0 1 1 0 1 0 0 0 0 0 0 1 1 0 1 1 1 0
0 1 1 1 0 1 1 0 1 0 0 0 0 0 1 1 1 0 1 0 1 0 0 0 1 0 1 0 0 1
0 0 0 0 0 1 1 1 1 0 1 1 1 1 0 0 1 0 1 1 1 0 0 0 1 0 1 0 1 0
1 0 1 0 1 0 1 1 0 0 1 0 1 0 0 1 0 1 1 0 1 1 0 0 0 1 0 0 1 0
1 0 0 1 1 1 1 0 1 0 0 1 1 1 1 1 1 1 1 1 1 1 1 1 1 1 1 1 0 0
0 0 1 1 0 1 1 0 1 0 0 0 0 0 1 1 1 0 0 0 0 1 0 0 1 1 1 0 1 0
1 1 1 1 0 1 1 0 0 1 1 0 0 0 0 0 0 0 1 0 1 1 0 0 1 0 0 0 1 1
1 1 1 0 0 0 0 0 1 1 1 0 1 0 1 1 1 1 1 1 0 1 0 1 0 1 0 1 1 0
0 1 1 1 1 1 0 1 0 0 0 0 0 0 1 1 1 1 0 0 1 0 0 1 0 0 0 1 0 1
0 0 1 1 0 0 1 0 1 1 0 0 1 1 0 0 1 0 1 0 1 0 1 1 1 1 0 1 0 0
0 1 0 1 1 1 0 0 1 1 1 1 1 1 0 0 1 0 1 1 1 1 1 1 1 1 1 0 1 1
0 1 1 1 0 1 1 1 0 0 1 1 0 1 1 0 0 0 1 0 0 0 1 1 1 0 0 0 1 0
1 1 1 1 0 1 1 1 0 1 1 1 0 1 0 0 1 1 0 0 0 1 0 1 1 0 1 1 1 0
0 1 0 1 1 0 1 0 0 1 1 1 0 0 1 0 0 1 0 1 1 0 1 1 1 0 1 0 0 0
1 0 0 1 0 1 0 0 1 0 1 1 1 0 1 0 1 0 0 1 0 0 0 1 0 1 1 0 1 0
0 1 0 0 0 0 1 1 1 0 1 0 0 1 0 1 0 0 1 1 0 1 1 1 0 0 1 0 1 1
1 0 0 1 0 1 1 1 1 0 0 0 1 1 0 0 1 1 0 0 0 1 1 1 0 0 1 0 0 0
1 0 1 0 0 0 1 1 1 0 0 1 0 1 1 0 1 0 0 0 0 0 1 0 0 1 0 1 1 1
0 0 0 1 0 1 1 1 1 0 0 1 1 0 1 1 1 0 0 0 1 0 1 0 0 1 1 1 0 0
1 0 1 1 0 0 1 1 1 1 1 0 0 0 1 0 0 0 0 0 0 1 0 1 1 1 1 0 0 0
0 1 1 0 1 1 0 0 0 1 1 1 1 0 0 1 0 1 1 1 0 1 0 0 1 0 0 1 0 1
0 0 0 0 1 1 0 0 1 0 1 0 1 0 1 1 1 0 0 1 0 1 0 0 1 1 0 1 0 0
0 0 1 0 1 1 0 0 1 1 0 0 1 1 1 1 0 1 1 0 0 0 1 1 1 0 0 0 1 0
0 1 0 1 0 0 1 0 0 1 0 0 1 1 0 1 0 0 1 1 0 1 0 0 1 1 1 1 1 0
1 0 0 1 0 0 1 0 1 0 1 0 0 1 0 1 1 1 0 0 0 0 1 0 1 0 1 0 1 1
1 1 0 1 0 1 1 0 0 0 0 0 0 0 1 0 1 1 1 1 0 0 1 1 1 0 0 1 0 1
1 1 0 1 1 0 1 0 1 1 1 0 0 1 0 0 1 1 0 1 0 1 1 0 0 1 0 1 1 0
1 0 1 0 0 0 1 0 1 1 1 1 1 0 1 0 1 1 0 0 0 0 1 1 0 0 1 1 0 0
0 1 1 1 0 1 1 1 0 0 1 0 1 1 0 1 0 1 1 0 1 0 0 0 0 0 1 1 0 0
0 0 0 0 0 1 1 0 1 1 0 1 0 1 1 1 0 1 0 1 0 1 0 0 0 1 1 1 0 0
1 0 1 0 1 1 0 1 0 0 0 1 0 0 1 0 0 1 0 0 0 1 1 1 1 0 1 1 1 0
0 1 0 1 0 1 1 1 0 0 1 0 1 1 0 0 1 0 0 0 1 0 1 0 1 1 0 0 0 1
1 0 1 0 1 1 1 0 0 0 0 1 0 1 0 1 1 1 0 0 1 0 0 1 0 1 0 0 1 1
1 1 0 1 1 0 0 0 1 1 1 0 0 1 1 1 0 0 1 1 1 0 0 0 1 0 0 0 1 0
0 0 1 0 0 0 1 0 1 0 0 1 0 0 0 0 0 0 1 1 0 1 0 1 1 0 0 0 0 0
1 1 0 0 1 0 1 1 0 1 1 0 1 1 0 0 1 1 1 1 0 1 0 0 0 0 0 0 0 0
0 0 1 0 1 0 0 1 1 0 1 1 1 0 1 1 1 0 1 1 1 1 1 0 0 1 1 1 1 1
1 0 0 1 0 1 0 0 0 1 1 1 0 0 1 1 0 1 1 1 1 0 0 1 0 0 0 0 1 1
0 1 0 0 0 0 0 1 1 0 1 0 0 0 0 0 1 1 0 0 0 0 0 1 1 0 0 0 1 0
1 1 0 0 0 0 1 0 1 0 1 0 1 1 1 0 1 0 0 1 1 0 0 0 0 0 0 1 1 1
1 0 0 1 1 0 1 1 0 1 0 1 0 1 0 1 0 0 1 0 1 1 1 0 0 0 1 1 0 1
1 1 1 0 1 1 1 0 1 1 1 1 1 1 1 0 0 1 1 0 1 1 0 1 0 1 1 0 0 1
0 0 0 1 1 0 0 1 1 0 0 1 1 0 1 0 0 0 0 0 1 1 1 1 1 0 0 0 1 1
0 1 1 1 0 0 0 0 1 0 0 1 1 1 0 1 1 0 0 1 0 0 1 0 0 0 1 1 1 0
1 0 1 1 0 1 1 1 1 1 1 1 1 1 1 1 1 0 1 0 1 1 1 1 1 1 1 1 1 0
0 1 0 1 1 1 1 1 0 0 1 1 1 0 0 0 0 0 1 1 0 1 1 0 0 1 1 0 0 0
1 0 1 1 1 0 1 1 1 0 0 0 1 1 0 0 0 0 0 1 1 0 0 0 1 0 1 1 0 1
1 1 0 0 0 0 0 1 1 1 1 0 1 1 0 1 1 0 1 0 0 0 1 0 0 1 1 1 0 0
1 1 1 0 1 1 1 0 0 0 1 0 1 1 0 0 0 0 0 1 0 0 0 1 0 1 1 1 1 0
0 0 0 0 0 0 0 0 0 0 0 0 0 0 0 0 0 0 0 0 0 0 0 0 0 0 0 0 0 0
1 0 0 1 1 1 0 1 0 0 0 1 0 1 1 0 1 0 0 1 1 1 0 1 0 0 0 0 1 0
1 1 1 1 0 1 0 0 0 1 0 1 0 0 1 1 1 0 1 1 0 1 0 0 1 1 0 0 0 0
0 0 1 1 1 1 1 0 1 1 0 0 1 1 1 0 1 1 0 1 1 0 1 0 0 1 1 0 0 1
0 1 0 1 0 1 1 1 1 0 0 1 1 1 1 1 1 1 1 0 1 1 0 1 0 1 1 1 1 1
1 1 0 1 1 0 1 0 0 0 1 1 0 1 1 1 0 0 1 0 0 1 0 1 1 0 0 0 0 1
0 0 1 1 1 0 0 1 0 1 1 1 1 1 1 0 1 0 1 1 1 1 1 1 0 1 1 1 1 0
0 0 1 1 1 0 1 0 0 1 1 0 1 1 0 1 0 1 0 0 1 0 0 0 1 1 0 0 0 1
0 1 0 0 1 0 0 0 1 0 0 0 1 0 0 0 1 1 0 1 1 0 0 1 1 1 0 1 0 1
0 0 0 1 1 0 0 1 1 1 0 0 1 0 1 0 1 1 1 1 0 1 0 0 1 1 0 0 1 0
0 1 1 0 0 0 1 1 1 0 1 0 1 1 0 0 0 0 0 0 1 1 0 1 1 0 0 1 0 1
0 0 1 1 0 1 1 1 1 0 0 0 1 0 1 0 0 1 0 1 0 0 0 1 0 0 1 1 1 1
0 1 0 1 1 1 0 0 0 1 1 0 1 1 1 0 1 0 1 0 0 1 0 0 0 1 0 1 0 0
1 1 1 0 1 1 0 0 1 0 0 0 1 0 0 0 0 1 0 1 1 0 0 0 1 0 1 0 1 1
0 0 0 0 0 0 0 1 1 0 0 0 1 1 1 1 1 1 0 0 1 1 1 0 0 0 0 1 1 0
1 0 0 0 1 0 1 0 1 1 0 1 0 0 0 1 0 0 1 1 1 1 1 0 1 0 0 0 0 0
0 0 0 0 0 0 1 0 0 0 1 1 1 1 1 1 0 1 1 0 1 0 0 0 1 1 0 1 1 0
0 1 1 1 1 1 0 1 1 0 1 0 1 1 1 1 0 0 0 0 0 1 0 0 0 0 0 0 1 1
1 0 0 1 0 0 0 1 1 0 1 0 0 1 1 1 0 1 1 1 0 0 0 1 0 1 0 1 0 0
0 1 0 0 1 1 1 0 0 0 1 0 0 1 1 1 0 1 0 1 0 0 1 0 1 1 0 0 1 1
0 1 0 1 0 0 1 1 1 1 0 1 1 1 1 0 1 1 1 0 0 0 0 0 0 0 0 1 0 1
0 0 1 0 0 1 0 1 0 1 1 1 1 1 0 1 1 0 0 0 0 0 0 1 0 0 1 1 1 1
0 1 1 1 0 0 1 0 1 0 1 1 0 1 1 1 0 1 0 0 0 0 0 1 0 1 1 0 0 1
1 1 1 0 1 0 1 1 0 1 0 0 0 0 1 1 1 1 0 0 0 1 0 0 1 0 0 0 1 1
1 1 0 1 0 0 0 1 1 1 1 0 1 0 0 1 0 1 1 0 1 1 0 1 0 0 0 0 0 1
1 0 0 1 1 1 1 0 1 0 1 1 1 1 0 1 0 1 1 1 0 0 0 0 0 0 0 0 0 1
1 1 1 1 1 0 0 0 1 0 1 0 1 1 0 1 1 1 0 0 0 0 0 1 1 0 0 1 0 0
0 0 0 1 0 0 1 1 0 0 1 1 0 1 0 0 1 1 0 1 1 0 0 1 1 0 0 1 0 1
1 0 1 0 1 1 0 1 1 1 0 0 0 0 0 1 1 0 1 0 0 0 0 1 0 0 0 0 0 1
1 1 0 0 0 1 0 0 1 1 1 0 0 0 1 0 0 1 1 0 1 1 0 0 1 0 1 1 0 0
1 0 1 1 0 0 0 1 0 0 0 0 0 1 1 0 0 1 1 1 1 0 0 0 0 1 0 0 1 1
0 1 1 0 0 0 1 0 0 1 0 0 0 1 1 1 1 1 0 1 0 0 0 1 1 1 1 1 0 0
0 0 1 0 1 0 1 0 1 0 0 1 1 1 1 0 1 1 0 0 0 0 0 0 1 0 1 0 1 1
0 1 1 1 1 0 1 1 1 1 0 0 0 0 1 1 0 0 1 0 0 0 1 0 0 0 1 1 1 0
1 1 0 1 0 0 0 0 0 0 1 0 1 0 0 0 1 1 1 0 1 0 0 0 1 1 1 1 1 1
0 0 1 0 1 1 0 0 1 0 1 0 0 1 0 1 0 1 0 0 1 1 0 1 0 0 1 1 1 0
0 0 0 1 1 1 1 0 1 1 0 0 0 0 1 0 0 0 0 0 1 0 1 1 0 0 1 0 1 1
1 0 0 0 1 1 0 0 0 0 1 1 1 1 1 1 0 1 0 1 1 0 1 0 0 1 0 1 1 0
0 0 1 0 0 0 1 1 1 1 0 1 1 0 0 1 1 0 1 0 0 1 0 0 1 0 0 1 1 0
0 1 1 1 1 0 0 0 1 1 0 1 1 0 0 1 1 1 0 0 1 1 0 0 0 0 1 0 0 0
0 0 1 0 1 0 0 1 0 1 0 1 1 1 0 0 1 1 1 0 1 1 1 1 0 0 0 0 0 1
0 1 1 1 1 0 0 0 1 0 1 0 0 0 1 0 1 1 0 1 0 1 1 0 1 0 1 1 1 0
1 1 0 0 0 0 1 0 0 1 1 1 1 1 1 0 0 0 0 1 0 1 1 0 0 0 0 0 1 1
1 0 1 0 0 1 1 0 1 0 1 0 1 0 0 0 1 1 0 1 1 1 0 0 0 1 1 0 0 0
1 1 0 1 1 0 1 1 0 0 0 0 0 1 0 1 0 0 0 0 1 0 0 1 1 1 0 1 1 0
0 0 0 1 0 0 1 1 0 1 0 1 0 0 1 1 1 0 1 1 0 0 0 1 1 0 1 0 1 1
1 1 0 0 1 1 0 1 1 0 0 1 0 1 0 1 0 0 1 1 0 1 0 0 1 0 1 1 0 0
1 0 0 0 0 1 1 0 1 1 1 0 1 1 0 1 0 0 0 0 0 1 0 1 1 1 0 0 1 1
1 0 0 0 1 0 0 1 1 0 0 1 1 0 0 1 0 0 1 0 1 0 0 1 0 1 1 1 1 1
0 1 1 0 1 0 0 1 0 0 0 0 1 1 1 0 1 0 0 1 0 0 1 1 1 0 0 1 1 1
1 1 1 1 0 0 0 0 1 1 0 0 0 1 0 0 0 0 0 0 1 1 1 1 0 0 1 1 0 0
1 1 0 1 1 1 0 0 1 0 0 0 1 1 1 0 0 1 1 0 0 0 0 0 0 0 1 1 1 0
1 1 1 1 1 0 1 0 1 0 1 1 0 1 1 1 1 1 1 1 1 0 0 1 1 0 0 1 1 1
1 1 0 0 0 0 1 1 0 1 0 1 1 0 0 1 1 1 0 1 1 0 0 0 0 0 1 1 1 0
0 1 0 0 0 1 1 1 1 1 1 1 0 0 0 1 1 0 0 1 0 0 0 0 1 1 0 1 0 1
1 1 0 0 0 0 0 0 1 0 1 1 1 1 0 1 0 0 0 0 1 0 1 1 1 0 1 0 1 0
1 0 1 1 1 1 0 1 0 0 0 0 0 1 0 0 1 0 1 0 1 0 1 0 0 1 1 1 1 0
0 1 0 1 0 0 1 0 1 1 0 1 0 0 1 0 0 1 0 0 1 1 0 1 1 1 0 1 1 1
0 0 0 0 0 0 1 0 0 1 1 1 1 0 0 1 1 0 1 0 1 1 1 1 0 1 1 0 1 0
1 1 0 1 0 0 1 1 0 1 0 0 0 0 1 0 1 1 0 0 1 0 1 0 0 1 1 0 0 1
0 0 1 1 1 0 1 0 0 1 1 1 1 0 0 0 0 1 1 0 0 0 1 0 0 0 0 1 1 1
0 0 1 0 0 1 0 1 1 0 1 0 0 0 1 0 0 0 1 1 1 1 1 1 1 0 1 1 0 0
1 1 1 0 0 1 1 1 1 1 1 0 0 0 0 1 0 1 0 0 1 0 1 0 0 0 0 0 1 0
0 0 1 0 0 0 0 1 1 1 0 1 1 0 1 1 0 1 0 0 1 0 1 1 1 1 0 1 0 1
1 0 0 0 0 1 0 0 0 0 0 0 0 1 0 1 1 0 1 0 1 1 0 0 1 1 0 1 0 1
0 0 1 0 1 1 1 1 0 0 1 0 1 0 1 1 1 0 1 0 0 1 1 1 0 0 0 0 0 0
0 1 0 1 1 0 0 1 0 1 0 0 0 1 0 0 0 1 1 1 1 1 0 1 0 0 1 1 1 1
1 1 1 0 0 0 0 0 0 0 0 1 0 0 0 1 0 1 0 0 0 0 0 1 1 1 1 1 1 1
1 0 0 1 1 0 1 1 1 0 1 1 0 0 1 0 1 1 1 0 1 0 0 0 1 0 1 0 1 0
0 1 1 1 1 1 0 1 1 1 1 0 1 0 1 1 1 1 1 0 1 1 0 1 1 1 0 1 1 1
0 1 0 0 1 0 1 0 1 0 0 1 0 1 0 1 1 1 1 0 1 0 1 1 0 0 1 1 0 0
1 1 0 0 1 1 1 0 0 0 1 1 1 1 1 1 1 1 0 0 1 0 1 1 1 0 1 1 1 1
0 0 1 0 0 1 0 1 0 1 1 0 0 1 0 0 1 0 1 1 0 1 1 0 1 1 0 1 1 0
0 0 0 1 1 1 0 0 0 1 0 1 1 1 0 0 1 1 1 1 0 0 1 0 1 1 1 1 0 0
1 1 1 1 1 0 0 0 0 0 1 0 0 1 1 1 0 0 0 0 1 1 1 0 0 1 1 0 0 0
0 1 0 1 0 1 0 1 0 1 1 0 1 0 0 0 1 1 0 1 0 1 1 0 0 0 0 1 1 1
1 0 1 1 0 1 1 1 1 1 0 1 0 0 0 0 1 0 1 1 1 1 0 1 0 1 1 1 1 1
0 1 1 1 1 0 1 1 0 0 1 0 0 0 0 0 0 1 1 0 1 1 1 1 1 1 0 1 0 0
1 0 0 0 0 1 1 1 0 0 1 1 0 0 1 0 0 0 0 0 1 0 0 1 1 1 1 0 0 1
1 1 1 1 0 0 0 1 0 0 1 1 1 0 0 0 1 1 0 0 0 1 0 1 0 0 1 1 1 1
0 1 0 1 1 0 0 1 0 0 0 1 1 1 0 1 1 0 1 0 0 0 0 0 1 1 1 0 0 1
1 1 1 0 1 1 0 0 1 1 0 0 0 0 1 0 0 0 0 1 1 0 1 1 1 1 0 1 0 0
0 1 1 0 0 0 1 0 1 1 0 0 1 0 0 0 0 0 0 0 0 1 0 0 0 1 0 1 0 1
1 0 0 1 1 0 0 0 0 1 0 0 1 0 0 0 0 1 0 1 0 1 1 1 1 0 1 0 1 1
1 0 0 0 0 0 0 1 1 0 0 1 0 0 0 1 1 1 1 1 0 1 1 0 0 1 1 0 1 0
1 1 0 0 0 1 0 0 0 0 1 0 0 0 1 1 1 0 0 0 0 1 1 1 1 1 0 1 1 0
1 1 1 1 0 1 0 0 0 1 0 1 0 1 1 0 1 1 0 0 0 0 1 1 0 0 0 0 0 0
1 0 1 1 1 0 1 0 0 1 1 1 1 0 0 1 0 0 1 0 0 0 0 1 0 0 1 0 0 0
1 0 1 0 0 1 1 0 1 0 1 1 0 0 1 1 0 0 1 0 0 1 0 0 0 0 1 1 1 1
1 0 0 0 0 0 0 1 1 1 1 0 1 1 0 0 1 1 0 1 1 1 0 1 0 1 0 1 0 1
1 0 1 0 1 0 0 0 0 0 1 0 0 0 0 1 0 1 1 1 0 0 1 1 0 0 1 1 0 1
0 1 0 0 1 1 0 0 1 1 0 1 1 1 0 1 1 0 0 1 0 1 0 0 0 1 0 0 1 0
0 0 1 1 1 1 1 0 1 1 0 1 0 0 1 0 0 0 1 0 1 1 1 0 0 1 0 0 0 0
1 1 1 0 0 0 0 0 0 0 1 1 0 1 0 1 1 1 1 1 1 1 0 0 0 0 1 0 0 1
1 0 1 1 0 0 1 1 1 1 0 1 1 1 1 1 0 0 0 0 1 0 0 1 0 0 0 0 1 0
0 0 0 1 0 1 0 0 1 0 1 0 1 0 1 1 0 1 1 1 1 1 1 0 0 0 1 0 1 0
1 0 1 1 0 0 1 0 0 1 0 0 1 0 1 0 1 0 0 1 1 1 0 0 1 0 0 1 1 0
0 1 0 0 0 1 1 0 1 0 1 0 0 1 1 0 0 1 0 0 0 0 1 1 0 1 1 1 1 0
0 0 0 0 1 1 1 1 1 1 0 1 1 0 0 1 0 1 0 0 0 1 1 0 0 0 1 0 1 1
1 0 1 0 0 1 0 1 1 0 1 1 0 1 1 1 1 1 0 1 0 0 0 0 1 0 0 0 1 0
0 0 0 0 1 0 0 0 0 1 1 1 0 0 1 1 1 1 0 1 0 0 0 0 0 0 1 1 0 1
0 0 0 0 0 1 1 1 0 1 0 1 1 1 1 0 1 1 0 1 0 0 1 1 0 1 0 0 1 0
1 0 1 1 0 1 0 1 0 0 0 0 1 1 0 1 0 1 0 0 0 1 0 1 1 1 0 0 0 0
0 1 1 0 0 1 1 0 0 1 0 1 0 0 0 0 1 1 1 0 0 1 1 0 0 0 1 1 1 0
0 1 1 1 0 0 0 1 1 0 0 1 1 0 1 1 0 0 1 0 0 1 1 1 1 1 1 1 0 0
1 0 0 0 1 0 1 1 1 1 0 1 1 1 0 1 1 0 1 1 1 1 1 1 1 1 0 0 1 1
1 1 0 1 1 1 1 0 0 1 0 1 1 0 1 1 0 0 0 0 0 0 0 0 0 1 0 1 1 1
0 1 0 1 0 1 0 1 1 1 0 1 0 0 0 0 0 1 1 0 1 0 1 1 1 1 1 0 1 0
1 0 0 1 0 1 0 0 0 0 0 0 0 0 0 1 0 1 0 1 1 0 1 1 0 1 1 1 1 0
1 1 1 0 0 1 0 1 0 0 0 0 0 0 1 0 0 0 1 1 1 1 0 1 0 1 1 0 1 0
1 0 0 1 0 1 0 1 0 1 0 0 0 0 1 1 1 0 1 1 0 1 0 0 0 0 1 1 0 0
1 0 1 0 0 1 1 0 1 1 1 1 1 0 1 0 0 0 0 1 1 0 1 0 1 0 0 0 1 1
0 1 0 0 1 1 1 1 0 0 0 1 1 1 1 1 0 0 0 1 1 0 0 1 0 0 1 0 0 1
0 0 1 0 0 0 0 1 0 0 0 1 1 1 1 0 1 1 0 1 1 1 0 0 1 1 1 1 0 0
1 0 0 0 0 0 0 0 1 0 0 0 0 1 1 1 0 1 0 1 1 1 1 0 1 1 1 0 0 1
1 0 1 0 1 0 1 1 0 1 1 1 0 0 0 0 0 0 0 1 1 1 0 1 0 0 1 0 1 1
0 0 0 0 0 1 1 1 0 1 0 0 1 0 0 1 0 0 1 0 1 0 1 1 1 0 0 1 1 1
0 0 1 0 1 0 1 0 0 1 0 1 1 0 1 1 1 0 0 0 0 0 1 1 1 1 0 0 0 1
0 0 1 0 1 1 0 0 1 1 1 1 1 0 0 0 0 0 1 0 0 0 1 0 0 1 1 1 1 0
0 0 1 1 0 0 1 0 0 0 1 0 1 0 1 1 0 1 1 0 0 1 0 1 1 0 0 0 1 1
1 0 0 1 0 0 1 0 0 1 0 1 0 1 1 0 1 0 1 1 1 0 0 0 0 1 1 0 0 0
1 0 0 1 1 0 0 0 0 1 0 1 0 0 0 1 1 1 1 0 1 1 0 1 1 0 0 1 1 0
1 0 1 1 0 0 1 0 0 0 0 1 1 0 0 0 0 1 1 0 1 1 1 0 1 1 1 0 0 0
1 1 0 1 1 0 1 0 0 0 1 1 0 0 0 0 1 0 1 0 1 0 1 1 0 1 0 0 0 1
1 0 1 0 0 0 0 0 1 1 0 1 0 1 1 0 1 0 1 0 1 1 1 0 1 0 1 0 1 0
0 1 1 0 0 0 1 1 1 0 0 0 1 1 0 0 0 1 1 0 0 0 0 1 1 1 1 0 1 0
1 1 1 1 1 0 0 1 0 0 1 1 1 1 0 0 0 1 0 1 1 0 1 0 0 0 0 0 1 0
0 0 0 1 1 1 0 1 0 0 0 1 0 0 0 1 1 1 0 1 0 1 1 1 1 1 0 0 0 1
0 1 1 0 1 0 0 0 1 1 1 1 0 0 0 1 1 1 0 1 0 0 1 1 0 0 0 0 1 1
0 1 0 1 0 0 0 0 0 0 1 1 1 0 0 1 0 1 1 1 0 0 1 1 1 0 0 1 1 0
0 0 0 0 1 1 0 1 1 0 1 0 1 1 0 0 0 1 1 0 1 1 0 0 1 1 1 0 0 1
1 0 0 0 0 0 1 1 0 1 1 0 0 1 1 1 1 1 1 0 1 0 1 1 1 0 0 0 0 0
1 1 1 1 1 0 1 1 1 1 0 1 1 1 1 1 1 1 1 1 1 1 0 1 1 0 1 0 1 0
1 0 0 0 0 1 1 1 1 0 0 0 1 1 1 1 0 0 1 1 0 0 1 0 1 1 0 0 0 0
0 0 0 1 0 0 1 1 1 1 1 0 1 1 1 1 1 0 0 0 1 1 0 0 0 0 1 0 0 1
0 1 1 0 1 1 1 0 0 0 0 0 0 0 0 1 1 1 0 1 1 1 1 0 1 0 0 1 0 0
0 0 0 0 1 1 1 0 0 1 1 1 0 0 1 0 0 0 1 1 0 1 0 1 1 1 0 1 1 0
0 1 0 0 1 1 0 1 0 1 1 0 1 0 1 0 0 0 1 1 0 0 0 0 1 0 1 0 1 1
1 1 1 0 0 0 1 0 0 0 1 0 1 0 1 1 1 0 1 1 0 0 1 0 1 0 1 0 1 0
0 1 1 1 1 1 1 0 0 0 0 1 1 0 1 0 1 0 0 0 0 0 0 1 1 0 1 1 0 0
0 0 1 1 1 1 0 1 0 0 0 1 1 0 1 1 0 0 1 1 1 0 0 0 1 0 0 1 1 0
0 0 1 0 0 1 0 1 1 1 0 0 1 1 1 0 0 0 1 1 1 1 0 1 0 0 0 0 1 1
1 0 0 0 0 1 0 1 0 0 1 1 1 0 0 0 1 0 1 1 0 1 1 1 1 0 1 1 0 1
1 1 1 1 1 1 1 1 0 1 0 0 1 1 0 0 0 1 0 0 0 1 1 0 1 0 0 1 0 0
0 1 1 0 0 0 0 1 1 1 0 0 0 1 1 1 1 0 0 1 1 0 0 0 1 1 1 0 1 1
1 0 0 0 1 0 0 0 1 1 1 1 0 1 0 0 0 1 1 0 0 0 1 1 1 1 0 1 0 1
0 1 0 1 1 1 0 1 1 1 0 0 1 1 1 0 0 1 0 1 0 0 0 0 1 0 1 1 0 1
1 0 0 0 1 1 1 1 0 1 1 1 0 0 0 0 1 1 0 0 1 1 1 0 0 1 0 1 0 0
0 0 0 1 0 1 0 0 1 1 0 1 1 0 0 1 0 0 0 1 1 1 0 1 1 0 1 1 0 1
0 1 1 1 1 1 0 0 1 1 0 0 0 0 1 0 0 1 1 1 0 1 0 1 0 0 0 0 0 1
1 0 1 0 1 0 0 1 1 1 0 1 1 0 1 0 1 0 0 1 0 1 0 0 0 0 1 1 0 1
0 0 1 1 1 0 1 1 0 0 0 0 1 0 0 1 1 1 0 0 1 0 1 1 1 0 1 0 1 0
1 0 0 1 0 1 1 1 1 1 1 0 1 0 0 0 0 0 1 1 1 0 0 0 0 1 0 1 1 0
1 1 0 1 0 1 1 0 1 1 0 0 1 0 0 1 1 1 1 0 0 0 0 0 1 0 0 0 0 0
1 1 0 0 0 1 1 0 1 0 0 1 0 0 1 1 1 0 0 0 1 1 1 1 0 0 0 0 0 1
1 1 0 0 0 1 0 0 0 1 1 1 0 1 0 0 1 0 1 1 1 0 1 1 0 0 0 1 1 0
0 0 0 0 1 1 1 0 1 0 0 0 0 0 0 0 1 1 1 1 1 0 0 0 0 0 0 1 1 1
0 0 0 0 0 0 0 0 1 1 1 0 1 1 1 0 1 0 1 1 0 0 0 1 1 1 1 0 0 1
0 1 1 0 1 0 1 1 0 1 0 1 0 0 0 0 1 0 1 1 1 0 1 0 1 1 0 0 1 0
0 0 1 0 0 1 1 0 0 1 0 1 0 1 1 0 0 1 1 0 1 0 0 1 1 0 1 1 0 1
1 1 1 0 1 1 1 1 1 0 1 0 1 0 1 0 1 1 0 1 1 0 1 1 1 1 0 0 1 1
0 0 0 0 0 1 0 0 1 0 0 1 0 1 0 1 1 1 1 0 0 1 0 1 1 0 1 1 1 1
0 1 1 1 0 1 0 1 0 0 0 1 1 0 0 0 0 0 0 1 1 0 1 1 0 1 0 1 0 1
1 1 1 0 1 0 0 1 1 0 1 0 0 0 0 1 0 0 1 0 0 0 1 0 1 1 0 0 1 1
0 1 1 1 0 0 1 1 0 1 1 0 1 0 1 0 1 0 1 1 1 0 0 1 0 0 0 0 0 0
1 0 1 1 0 0 1 1 0 0 1 1 0 0 0 1 0 0 0 1 0 1 1 0 1 1 0 1 1 0
0 0 1 0 0 0 0 0 1 1 1 0 0 0 1 0 1 1 1 0 1 0 0 1 0 1 1 0 1 0
0 1 1 0 0 1 0 1 1 1 0 1 0 1 0 0 0 1 0 0 0 1 1 0 1 1 0 0 0 1
0 1 0 0 1 0 1 0 1 1 1 0 1 0 1 1 0 0 0 0 1 1 1 0 1 1 0 0 0 0
0 0 1 1 1 0 0 0 0 0 1 1 0 1 1 0 0 1 0 0 0 1 0 0 1 1 0 1 1 1
0 0 1 0 1 0 0 1 1 1 0 0 0 1 0 1 0 1 0 1 1 0 1 0 1 0 1 0 0 0
0 0 1 1 1 1 1 1 0 1 1 0 0 0 1 1 0 0 0 0 0 1 1 1 0 1 0 0 1 1
1 0 0 0 1 0 1 0 1 0 0 0 1 0 1 1 1 1 1 0 0 0 1 0 0 1 1 0 0 1
1 0 1 0 1 0 0 0 0 1 1 0 0 0 1 0 1 1 1 1 0 1 1 0 0 1 0 0 0 1
1 0 0 0 0 1 0 0 1 1 0 0 1 0 1 0 1 1 0 0 0 0 1 0 1 1 0 1 1 1
1 0 1 1 0 0 0 0 0 0 1 1 1 0 1 1 1 0 0 0 1 1 0 1 0 1 0 1 0 1
0 1 1 0 1 1 1 0 1 1 1 1 0 1 1 0 1 0 1 1 0 0 0 0 0 0 1 0 0 0
1 1 0 0 1 0 0 0 0 1 1 1 1 0 0 0 0 0 0 1 0 1 0 0 1 1 1 1 0 0
1 1 0 0 0 1 1 1 0 1 1 1 0 1 0 0 0 1 1 0 0 0 0 0 0 1 1 0 1 1
1 1 0 0 1 0 0 0 0 0 0 1 0 1 1 0 1 1 1 1 0 0 0 1 1 1 1 0 1 0
1 1 1 1 1 1 1 1 1 0 1 0 0 1 1 1 0 1 1 1 1 1 0 0 1 0 1 1 1 1
0 0 0 1 1 0 0 1 0 1 1 0 0 1 1 1 1 0 0 1 1 0 1 1 0 1 0 1 1 0
0 0 1 1 1 1 1 1 1 0 0 0 0 1 0 1 0 0 0 0 0 0 1 1 1 1 1 1 0 1
0 1 0 1 1 1 0 0 1 1 1 0 0 0 0 1 0 1 0 0 1 0 1 0 0 1 1 1 0 1
1 0 0 1 1 1 0 0 0 0 0 1 0 0 1 0 0 1 1 1 1 1 0 0 0 1 1 1 0 1
0 0 0 1 1 0 0 1 1 0 1 1 1 1 0 0 1 1 1 0 0 0 1 1 0 0 0 1 1 0
1 1 1 1 1 1 1 1 1 1 0 1 0 1 0 1 1 1 1 1 0 1 1 1 1 0 0 1 1 1
0 0 0 0 0 1 1 1 1 0 1 1 0 0 1 0 1 1 1 0 0 1 0 1 0 0 0 0 0 1
0 0 1 0 1 1 0 0 0 0 1 1 0 0 1 1 1 1 1 0 1 0 1 0 1 1 1 0 0 0
1 0 0 1 0 0 0 0 1 1 1 1 1 0 0 1 1 1 0 1 1 0 1 0 1 1 0 0 0 0
0 1 0 1 0 0 0 1 1 0 0 1 0 1 1 0 0 0 1 1 1 1 1 0 0 1 0 1 1 0
0 0 0 0 1 1 1 0 0 1 1 0 1 0 0 0 1 0 0 1 1 0 1 1 0 0 1 1 0 1
1 1 1 0 1 1 0 1 0 0 1 0 1 0 1 0 1 1 0 0 0 0 0 0 1 1 0 1 0 1
1 1 0 0 0 0 1 0 0 1 1 0 0 0 1 1 0 0 1 1 1 0 0 1 0 1 1 1 0 1
1 1 0 0 1 1 1 0 1 1 0 1 1 0 0 0 0 0 1 0 1 1 0 1 0 0 0 1 0 0
1 0 1 1 0 1 0 0 0 0 0 1 1 0 0 1 1 0 1 0 0 0 1 0 0 0 0 0 1 1
1 1 1 0 1 1 0 0 1 0 1 1 0 0 0 1 1 0 0 0 0 1 0 1 1 1 1 0 0 1
1 0 0 0 1 0 1 1 0 1 0 0 1 1 1 0 0 1 0 0 0 1 0 1 0 1 1 1 0 1
1 1 0 1 0 1 0 1 1 1 1 1 1 1 0 0 0 0 0 1 1 1 0 0 0 1 1 0 0 1
1 0 0 1 1 1 0 1 0 0 1 0 1 0 1 0 0 1 1 0 0 0 1 1 0 1 0 0 1 1
1 1 1 0 0 1 0 1 1 0 0 1 1 0 0 0 1 1 1 0 1 0 1 0 1 0 0 1 0 0
0 1 0 0 0 0 0 0 0 0 1 1 1 1 1 0 0 1 1 0 1 0 1 1 0 1 1 0 0 0
1 0 1 1 1 0 0 0 1 0 0 1 0 1 1 0 0 0 1 1 0 0 1 1 0 0 1 0 0 1
0 1 1 0 0 1 0 0 0 0 0 1 0 1 0 1 0 0 1 1 0 0 0 1 0 1 0 1 1 1
0 1 0 1 0 0 0 1 1 0 1 1 0 0 1 1 0 0 0 0 1 0 0 0 1 0 1 1 1 1
0 0 1 1 0 0 0 0 0 0 0 0 0 1 1 0 1 1 1 0 0 1 1 1 0 1 1 1 0 1
1 0 1 0 1 1 0 0 0 0 0 1 1 1 0 0 0 0 1 1 0 1 1 0 1 1 0 0 1 1
0 1 0 0 1 1 1 1 1 1 1 1 0 0 1 0 1 1 0 1 1 1 1 0 1 1 1 1 1 0
0 1 1 0 1 0 0 0 0 1 1 0 1 1 0 0 1 1 0 0 1 1 1 0 1 1 1 1 1 0
1 0 0 1 0 1 1 0 0 1 1 1 1 0 1 0 1 1 0 0 0 1 0 0 1 1 1 0 0 1
0 1 1 0 0 1 0 1 0 1 1 1 0 0 1 1 0 0 0 1 1 0 1 0 0 0 1 1 0 0
0 0 1 1 1 0 0 1 0 1 0 0 1 0 0 1 0 0 1 1 1 1 0 1 0 1 1 0 0 0
1 0 0 1 1 1 0 0 1 0 0 0 1 0 0 0 1 0 0 0 0 1 1 1 1 0 0 1 1 0
1 1 0 1 0 1 0 0 1 0 0 1 1 1 1 0 0 0 1 0 1 0 0 1 1 1 0 0 0 1
1 0 1 0 0 1 0 0 1 0 0 0 1 1 1 1 1 0 1 1 1 0 0 1 0 0 1 1 0 0
0 1 1 1 0 1 0 0 0 1 1 0 1 0 1 1 0 0 0 0 1 0 0 1 1 1 1 0 1 0
1 1 1 1 0 0 0 1 0 1 1 1 0 1 0 0 0 0 1 1 0 0 0 0 1 0 0 1 0 1
0 1 0 0 0 0 1 0 1 1 0 0 1 0 0 0 1 1 1 1 1 1 1 0 1 0 1 0 0 1
0 0 0 1 0 1 1 1 0 0 0 1 1 1 0 0 0 1 1 0 0 1 0 1 0 1 0 1 1 1
0 1 0 1 1 0 1 1 0 0 0 0 0 1 1 0 0 1 1 0 0 1 1 0 1 0 1 0 0 1
0 0 0 1 0 1 1 0 1 1 0 0 0 1 0 1 1 0 0 1 1 1 1 0 1 0 0 0 1 0
0 1 0 1 0 0 1 1 1 0 0 0 1 0 0 1 0 1 0 1 1 0 1 0 0 1 0 0 0 1
0 1 0 0 0 0 1 0 1 1 1 1 0 1 0 1 0 1 1 0 0 1 0 0 0 0 0 0 0 0
1 1 0 1 0 1 1 0 1 0 1 1 1 0 0 0 0 0 0 0 0 0 1 0 1 0 1 1 0 1
1 0 0 1 1 0 1 0 0 0 1 0 1 1 1 0 0 0 0 1 0 1 1 1 1 1 0 0 0 0
1 1 0 1 0 0 1 1 0 0 1 0 1 0 1 0 0 0 0 0 1 1 1 1 0 0 1 1 1 0
1 0 1 1 1 0 0 0 1 1 0 0 1 1 0 1 0 1 1 0 0 1 0 0 0 1 1 0 1 1
1 1 0 1 1 1 0 1 1 1 1 1 1 0 1 1 1 0 1 1 1 1 1 1 0 0 1 1 1 1
1 0 1 1 1 0 1 0 1 0 0 1 0 0 1 1 0 1 0 0 1 0 1 0 1 0 0 1 0 1
1 0 1 1 0 1 0 0 0 1 0 0 0 1 1 1 0 0 0 1 0 1 1 0 1 0 1 1 1 1
1 1 0 1 0 1 0 0 0 1 0 0 1 1 0 1 1 1 0 1 0 0 0 1 0 1 1 0 0 1
0 0 1 1 0 0 0 0 0 0 1 1 0 1 0 0 1 0 0 1 1 0 1 1 1 1 1 0 1 1
1 1 0 1 1 0 0 1 1 0 0 1 0 1 0 0 1 1 0 0 1 1 0 0 1 1 0 0 0 0
1 1 1 0 0 0 0 0 0 0 0 0 1 1 1 1 0 0 1 0 1 1 0 0 0 0 0 1 1 1
1 1 1 0 1 0 1 0 1 0 0 0 1 0 0 0 0 1 1 0 0 1 1 1 0 0 0 1 1 1
1 0 1 1 1 1 1 1 1 1 1 0 0 1 0 0 1 1 1 1 0 0 1 1 0 1 1 1 1 1
0 0 0 0 1 0 1 1 1 1 1 1 0 1 0 0 1 0 0 0 0 1 1 1 1 0 1 0 0 0
1 0 1 0 0 1 1 1 0 1 0 0 0 1 0 1 0 1 1 1 0 1 0 1 0 0 0 1 1 0
0 0 1 0 1 0 1 0 1 0 1 0 0 1 1 0 0 0 1 1 1 0 1 1 0 1 0 0 1 0
0 0 0 1 0 0 1 1 0 0 1 0 0 0 0 1 1 1 1 1 1 1 0 0 1 1 1 0 0 0
1 1 0 0 1 1 1 0 0 1 0 0 0 0 0 1 0 1 1 0 0 1 1 1 1 1 1 0 0 0
0 0 0 1 0 1 0 1 0 1 1 1 1 0 1 0 0 0 1 0 1 1 1 0 1 0 0 0 0 0
1 1 1 0 1 0 1 1 1 0 1 1 0 0 1 1 0 0 0 1 0 0 0 1 0 0 0 1 0 0
0 0 1 0 0 1 1 0 0 0 1 1 1 1 0 1 0 1 0 1 0 1 1 1 1 0 1 0 0 0
1 1 0 1 1 0 0 1 1 0 1 1 0 0 1 0 0 1 0 1 0 0 0 0 0 0 0 0 0 1
0 0 0 0 1 0 1 1 1 0 1 0 1 0 0 1 0 1 1 1 0 0 0 1 1 0 1 1 0 0
1 0 1 0 1 0 1 0 1 1 1 0 0 0 0 1 1 0 0 0 1 0 0 0 1 1 1 1 1 0
0 0 0 0 1 1 0 1 0 0 1 1 0 1 0 1 0 0 0 0 1 1 1 0 1 0 0 1 1 1
1 0 0 1 1 1 1 1 1 1 0 1 0 1 0 0 0 1 0 1 1 0 0 1 1 0 0 0 0 1
0 1 1 1 0 1 1 1 1 1 1 0 0 1 1 1 1 1 1 1 1 1 1 1 1 1 1 0 0 1
0 1 1 1 1 1 1 1 1 1 1 1 1 0 0 1 1 0 1 0 1 0 1 0 1 0 1 0 0 1
0 1 0 1 0 1 1 0 1 0 1 0 0 0 0 1 1 0 1 0 0 1 0 1 0 0 0 1 1 0
0 0 0 1 0 0 1 1 0 1 0 1 1 0 1 1 0 1 0 0 0 1 1 1 1 0 0 1 0 0
1 1 0 0 0 0 1 1 1 0 0 1 1 0 1 0 0 0 0 1 0 1 0 0 1 1 1 0 1 1
0 1 0 1 1 0 1 1 1 1 1 0 1 0 0 0 1 0 0 0 0 0 0 1 0 1 1 0 1 1
0 0 0 1 1 1 0 1 0 1 1 1 0 1 1 1 0 1 1 0 0 1 0 1 0 0 1 0 0 0
1 0 1 1 0 0 0 0 1 1 1 0 0 0 0 1 1 1 0 1 1 0 1 1 1 0 1 1 1 1
0 1 1 1 1 1 1 1 0 1 0 1 1 0 0 1 1 1 1 0 0 1 0 0 0 1 1 1 1 1
1 1 0 1 1 0 0 1 1 0 0 1 1 0 1 1 1 0 0 1 0 0 1 1 1 0 1 0 0 0
0 1 1 0 0 1 0 0 1 0 0 1 1 1 1 1 1 1 0 0 0 1 1 0 0 1 1 1 1 1
1 1 1 0 0 0 0 0 1 1 0 1 1 1 0 0 0 1 1 1 1 0 0 0 1 0 0 1 1 1
1 1 1 1 1 0 1 1 0 1 1 1 1 1 0 1 1 0 0 0 1 1 1 1 1 1 1 1 0 1
1 1 0 1 0 0 0 1 0 0 1 1 0 0 1 1 1 1 1 0 0 1 1 0 0 0 0 1 0 0
1 1 0 1 1 1 1 1 0 0 0 0 1 1 1 1 1 1 0 1 0 1 1 0 1 1 1 1 1 0
0 0 0 0 0 0 0 1 0 1 1 0 0 0 1 1 0 1 1 0 0 1 1 0 1 1 1 1 1 1
1 1 1 0 0 1 1 0 0 0 1 0 1 1 0 0 0 0 0 0 1 0 0 1 1 0 0 0 0 0
1 1 1 0 1 0 0 1 0 1 0 1 0 1 1 1 0 1 1 0 1 0 0 0 0 1 0 1 0 0
1 0 1 0 0 1 0 1 1 0 1 1 0 1 0 1 0 0 1 1 1 1 1 1 0 1 0 0 0 0
0 0 1 0 0 1 1 1 0 0 1 0 0 1 1 0 1 1 0 0 1 1 1 0 0 0 1 0 1 1
1 1 0 0 1 0 0 0 1 0 0 0 0 0 1 1 1 0 0 1 0 1 0 1 0 0 1 0 1 1
1 1 1 0 1 1 0 1 0 0 0 1 1 1 1 1 0 1 0 0 0 0 1 0 0 1 1 0 0 0
0 0 0 0 1 1 1 1 0 0 0 0 0 0 0 0 1 0 1 1 0 1 0 0 0 1 0 1 1 1
1 0 1 0 1 0 1 0 0 0 1 1 1 1 1 0 0 0 1 0 0 0 0 0 1 0 1 1 0 0
1 0 0 0 1 1 1 0 0 0 0 0 1 0 1 0 1 0 1 0 1 1 0 1 1 0 1 0 1 1
1 1 0 0 0 0 1 0 0 1 0 0 1 1 1 0 0 1 1 0 1 1 1 0 0 1 0 0 1 0
0 0 1 1 1 1 0 1 1 1 1 1 1 1 0 0 0 0 0 1 0 0 0 1 1 1 0 0 0 0
0 1 1 0 1 0 1 0 0 0 0 0 0 1 0 0 0 0 1 1 1 1 0 1 1 1 1 0 0 1
0 0 0 0 0 1 1 0 0 0 0 1 1 1 1 0 1 0 1 1 1 1 1 0 0 0 0 1 0 1
0 1 0 0 1 0 1 1 0 0 1 1 0 1 1 1 1 0 0 0 0 1 0 0 0 1 1 1 1 0
0 0 0 1 1 0 0 0 1 1 0 1 0 1 1 1 0 1 0 0 0 0 0 1 1 1 1 1 1 0
0 1 1 1 0 0 0 1 1 1 1 1 1 1 1 0 1 0 0 0 0 0 1 0 1 1 0 0 0 0
0 0 0 1 1 0 1 0 1 0 0 1 1 1 0 0 0 1 0 1 1 1 0 1 0 1 1 0 1 0
0 1 0 0 1 1 1 1 0 1 0 0 0 1 1 1 0 0 1 0 1 0 0 0 1 1 1 0 1 0
0 1 0 1 1 1 1 0 0 0 0 0 1 1 0 1 1 0 1 0 0 0 1 1 0 1 0 0 1 0
0 1 0 1 0 1 0 1 0 0 1 0 0 1 1 0 0 0 0 1 0 1 0 1 1 1 1 1 0 1
0 0 0 1 0 0 0 1 1 0 0 1 0 0 0 1 1 0 0 1 1 1 0 1 1 0 0 1 0 0
1 0 1 0 1 0 0 1 0 0 1 0 0 1 0 0 1 0 1 0 0 1 0 1 1 0 1 0 1 0
1 1 0 0 0 0 1 1 0 0 1 0 1 1 1 0 1 1 1 1 0 1 1 1 0 1 0 1 0 1
0 0 1 1 0 0 0 1 1 1 0 0 1 1 0 0 0 0 1 1 0 0 1 0 0 0 1 0 1 0
0 0 1 0 0 0 1 1 1 0 1 1 0 0 0 0 0 1 1 1 1 0 1 0 0 1 1 1 0 1
0 1 1 0 1 0 1 0 0 1 0 1 0 1 1 0 0 0 0 0 1 1 1 1 0 0 0 1 1 0
1 1 1 0 0 0 1 0 0 1 0 0 0 0 0 0 0 1 0 1 0 0 0 1 0 0 0 0 0 0
0 0 0 1 0 1 0 0 1 1 1 1 0 1 1 1 1 0 1 0 0 0 1 0 0 1 0 0 1 1
0 1 1 0 0 1 1 0 1 0 0 1 1 0 0 1 1 1 1 1 1 0 0 1 0 1 0 0 1 0
1 0 0 0 1 1 0 1 1 1 0 0 0 0 1 1 1 1 0 0 1 0 0 1 0 1 1 0 0 0
0 1 1 1 1 0 0 0 1 0 0 0 0 1 0 1 0 1 0 1 0 1 1 1 1 1 0 0 1 0
1 0 0 0 1 0 0 1 0 1 1 1 1 1 0 0 1 0 0 0 1 0 0 0 1 1 0 0 1 1
1 0 0 0 0 0 1 1 1 1 0 1 0 0 1 0 0 1 1 1 0 0 1 0 1 0 0 1 1 0
0 1 0 1 1 1 0 1 1 0 1 0 0 0 0 0 1 0 0 1 1 0 1 0 0 0 1 0 0 0
0 0 1 1 0 0 0 1 0 1 1 0 1 1 1 1 1 1 0 1 0 0 1 0 0 0 1 0 0 0
0 1 0 0 1 1 0 1 0 1 0 1 0 0 1 0 1 0 1 0 0 0 1 1 0 1 1 1 0 1
1 1 1 0 1 0 0 1 1 1 1 1 1 1 1 0 1 1 1 1 1 0 1 0 1 0 1 1 1 0
0 1 1 0 1 1 1 1 1 0 1 1 1 0 1 1 1 1 1 1 0 1 0 1 1 1 1 1 0 1
0 1 0 1 1 0 1 0 0 0 0 0 1 0 1 1 0 1 0 1 1 1 0 1 0 0 0 1 0 0
0 1 0 1 1 0 1 0 1 0 0 1 0 0 0 0 1 0 1 0 0 1 1 0 1 1 1 1 1 1
1 1 1 0 0 1 0 0 0 1 1 0 1 1 1 0 1 0 1 0 0 1 1 1 0 0 1 0 0 1
1 1 0 1 0 1 1 0 0 0 0 1 0 1 1 1 0 1 0 0 1 1 0 0 1 0 1 0 1 0
0 0 0 0 1 1 0 0 0 1 1 0 1 1 0 1 1 1 1 0 1 0 0 0 0 0 1 0 1 0
0 0 0 1 0 0 0 1 1 0 0 0 1 1 0 1 0 1 1 1 0 1 1 0 1 0 0 1 0 1
0 1 1 1 0 1 1 1 1 1 0 1 0 1 0 0 1 0 0 0 0 1 0 1 0 1 0 0 0 0
1 0 1 0 0 1 1 0 1 1 1 0 0 1 0 1 1 1 0 0 0 1 1 0 0 0 0 1 0 1
0 0 1 0 0 0 0 1 0 1 1 0 0 1 1 1 0 0 0 0 0 0 0 0 0 1 0 1 0 0
1 1 1 1 1 0 0 0 0 1 0 0 1 0 0 1 1 0 1 1 1 0 1 0 0 1 0 1 0 1
0 0 0 1 0 1 1 0 0 1 0 0 0 1 0 1 0 1 1 0 1 1 1 1 0 1 0 0 0 1
1 1 1 1 0 1 1 1 1 0 0 1 1 0 1 1 0 1 0 1 0 1 1 0 0 0 0 0 0 0
0 1 1 0 1 1 1 0 1 1 0 1 1 1 1 1 0 0 1 1 1 1 1 0 1 1 1 1 1 1
1 0 1 1 1 0 1 1 0 0 0 1 1 0 0 0 1 1 1 1 0 0 0 1 0 1 0 1 0 0
0 1 1 0 0 1 0 1 1 1 0 0 1 0 0 0 0 1 0 1 1 1 1 1 1 0 1 0 1 0
1 0 0 0 0 1 1 1 1 0 1 1 0 1 0 0 0 0 0 1 1 0 0 1 1 1 0 1 0 0
1 1 1 1 0 1 0 0 1 0 1 0 0 1 0 0 1 1 1 1 0 0 1 0 0 1 1 1 0 0
0 1 0 0 0 1 0 1 0 0 1 1 1 0 0 1 0 1 0 0 0 1 0 1 0 1 0 0 0 0
1 0 1 1 1 0 1 1 1 1 1 0 1 0 0 1 1 1 0 1 0 1 1 1 1 1 1 1 0 0
0 1 0 1 1 1 1 1 0 1 1 0 0 0 1 1 1 1 1 1 1 1 1 0 0 1 0 0 1 1
0 0 1 0 1 0 1 1 1 0 1 1 1 1 0 1 1 0 0 0 0 0 0 0 0 1 0 0 0 1
0 0 1 1 0 0 0 1 1 1 1 1 0 0 0 0 1 1 0 0 1 1 0 0 0 1 0 1 1 1
0 1 1 0 1 1 0 0 0 1 0 0 0 1 0 0 1 0 0 0 1 0 0 0 0 0 1 1 1 1
0 1 1 1 0 1 0 0 0 0 0 0 1 1 0 0 1 1 1 1 1 1 0 0 1 0 0 0 1 0
0 1 1 1 0 0 1 0 1 0 1 0 1 0 1 0 0 0 1 1 0 0 1 0 1 1 0 1 0 1
0 0 1 1 0 1 0 1 0 0 1 1 0 1 0 0 0 1 1 1 0 1 0 0 0 0 1 0 1 1
1 0 1 1 1 1 1 0 0 1 1 1 1 1 1 1 0 1 0 1 0 1 1 1 1 1 1 0 1 1
0 1 0 1 0 0 0 0 0 1 0 0 1 1 1 1 1 1 0 0 1 0 1 0 1 0 0 0 1 1
0 0 1 1 1 1 0 0 1 0 1 1 0 0 0 0 0 0 1 0 1 0 0 1 1 0 0 1 0 0
0 0 1 1 1 0 1 1 1 1 1 0 0 1 1 0 0 1 1 1 1 1 0 0 0 0 1 1 0 0
1 1 1 0 0 0 1 1 0 0 0 0 0 1 0 1 1 0 0 1 1 1 1 1 0 0 0 0 0 1
1 0 0 1 0 0 0 0 1 1 0 0 1 0 1 0 0 0 1 1 0 1 1 1 0 1 0 1 0 1
1 1 0 1 0 1 0 1 1 0 0 0 0 1 0 1 0 0 0 0 1 0 1 0 0 0 0 1 1 1
C Elapsed Time 59174.770000 
