C CINVESTAV-TAMAULIPAS, MEXICO 
C email: jtj@cinvestav.mx 
C http://www.tamps.cinvestav.mx/~jtj/ 
C 
505 36 2^36 6
0 0 0 0 0 0 1 1 1 0 0 1 0 0 0 1 1 1 1 1 0 1 0 0 1 1 0 1 1 1 1 1 1 1 0 0
0 0 0 0 1 1 1 0 0 0 1 1 1 1 1 1 0 0 1 0 1 0 0 1 1 0 1 1 0 1 0 1 1 1 1 1
0 0 0 0 1 0 0 0 0 0 1 1 0 1 0 1 0 1 1 0 0 1 1 0 1 0 1 1 0 0 0 1 1 1 1 0
0 0 0 0 1 1 0 0 1 1 1 0 1 0 1 0 1 1 0 1 0 1 1 0 0 1 0 0 1 1 1 0 0 0 0 0
0 0 0 1 0 0 0 1 1 0 0 0 1 1 0 1 1 0 0 1 0 1 0 0 1 0 0 0 1 0 0 0 0 0 0 0
0 0 0 1 0 1 1 1 0 0 0 0 0 1 1 0 1 1 1 1 1 1 1 1 0 1 1 1 0 0 0 1 0 0 1 1
0 0 0 1 1 0 1 1 1 1 1 1 0 0 1 0 1 1 0 0 1 0 0 0 1 1 1 1 0 1 0 0 1 0 0 0
0 0 0 1 1 1 0 0 0 1 0 1 1 1 0 0 0 1 1 1 0 1 0 1 0 1 0 0 1 1 0 1 1 0 1 0
0 0 1 0 0 0 0 0 1 1 0 0 0 0 0 1 0 0 1 0 0 0 1 1 0 0 0 0 0 0 1 0 1 1 0 0
0 0 1 0 0 1 1 1 1 0 0 1 1 1 0 0 0 0 0 0 0 0 0 0 0 0 1 0 0 1 0 0 0 0 0 0
0 0 1 0 1 0 1 1 0 1 1 0 0 0 1 0 0 1 1 0 0 1 1 0 1 0 1 0 0 1 0 0 0 1 0 1
0 0 1 0 1 1 1 0 0 1 0 0 1 1 1 0 0 0 0 1 1 1 1 1 0 0 0 1 0 0 1 1 0 0 0 1
0 0 1 1 0 0 1 0 0 1 1 1 0 1 0 0 0 0 0 0 0 0 1 1 0 0 1 1 0 1 1 1 0 0 0 1
0 0 1 1 0 1 0 1 0 1 1 0 1 1 0 0 0 1 0 0 1 1 0 0 1 1 1 1 0 1 1 0 0 0 1 1
0 0 1 1 1 0 0 0 0 0 1 0 1 0 1 0 1 0 1 0 1 0 1 0 0 1 0 1 1 1 0 0 1 0 0 0
0 0 1 1 1 1 1 1 1 0 1 1 0 0 1 1 0 1 1 1 1 1 0 1 0 0 0 1 1 0 1 0 0 1 0 1
0 1 0 0 0 0 0 1 0 1 0 0 0 0 1 0 1 1 1 1 1 0 1 1 1 1 0 1 0 1 1 0 1 0 0 1
0 1 0 0 0 1 1 1 1 1 1 1 1 0 1 1 0 1 0 0 1 1 0 0 0 0 1 0 0 0 0 1 1 1 1 0
0 1 0 0 1 0 1 1 0 0 1 0 1 1 0 0 1 0 1 1 1 0 1 1 1 0 0 1 0 0 1 0 0 0 0 0
0 1 0 0 1 1 1 0 0 0 0 0 0 1 1 1 1 0 0 0 0 0 0 1 1 1 0 0 1 1 0 0 0 0 1 0
0 1 0 1 0 0 1 0 0 1 0 0 0 1 0 1 1 0 1 0 1 1 0 1 0 0 0 0 0 0 0 1 0 1 1 0
0 1 0 1 0 1 0 0 0 0 1 0 0 0 0 1 0 0 0 0 1 0 1 1 1 0 0 0 1 0 1 1 0 1 0 0
0 1 0 1 1 0 0 0 1 1 1 0 0 1 1 0 0 1 1 0 1 0 1 0 0 0 0 1 1 1 0 1 0 1 0 1
0 1 0 1 0 1 0 1 0 1 0 0 0 1 0 1 1 1 0 0 0 1 1 0 0 0 0 0 1 1 0 1 1 1 0 0
0 1 1 0 0 0 1 0 0 0 1 1 0 0 1 1 1 1 0 1 0 0 1 0 1 0 0 0 0 1 1 1 0 1 1 0
0 1 1 0 0 1 0 1 0 0 0 1 0 0 1 0 1 0 1 1 1 1 1 1 1 0 0 0 1 1 0 1 0 1 0 0
0 1 1 0 1 0 0 1 1 1 1 1 1 1 0 0 0 0 1 1 0 1 1 1 0 0 1 1 1 0 1 0 1 0 1 1
0 1 1 0 1 1 0 0 1 0 1 1 1 1 1 0 1 1 1 1 1 0 0 1 0 1 1 1 0 1 0 0 0 1 0 1
0 1 1 1 0 0 0 0 1 1 0 1 1 0 0 1 1 1 0 1 0 1 0 1 1 1 1 0 1 1 1 0 1 1 1 0
0 0 0 0 0 0 1 0 0 1 0 0 0 1 1 1 0 1 0 1 1 1 0 1 0 0 1 1 0 0 0 0 0 1 1 1
0 1 1 1 1 0 0 1 0 0 0 1 0 1 1 0 0 1 0 0 0 0 1 1 1 0 0 1 1 1 1 0 0 0 1 0
0 1 1 1 1 1 1 1 0 0 0 0 1 0 0 0 0 1 1 0 1 1 0 0 1 0 0 1 0 0 0 0 0 0 1 0
1 0 0 0 0 0 0 0 0 0 1 0 1 1 0 1 1 1 1 1 1 0 1 1 1 1 1 0 1 0 0 1 1 1 0 1
1 0 0 0 0 1 0 1 1 1 0 0 1 0 0 1 1 0 0 1 1 0 0 1 1 1 0 1 0 0 1 0 0 0 1 0
1 0 0 0 1 0 1 1 1 0 1 0 0 0 1 0 1 1 1 0 1 1 0 1 0 1 1 0 1 0 0 1 0 0 0 1
1 0 0 0 1 1 0 1 0 1 0 1 1 0 1 0 0 1 1 1 0 0 0 0 0 1 1 1 0 1 1 1 0 1 0 1
1 0 0 1 0 0 1 0 1 0 1 0 0 0 1 1 0 1 0 0 0 0 0 1 1 0 1 1 0 1 0 0 0 0 1 0
1 0 0 1 0 1 0 0 1 0 1 1 1 0 1 1 1 0 0 1 0 1 1 0 1 1 1 0 0 1 0 1 1 0 0 1
1 0 0 1 1 0 0 1 0 0 0 0 0 0 0 1 1 1 1 0 1 0 0 0 0 0 0 1 0 1 0 0 0 1 0 1
1 0 0 1 1 1 1 0 0 0 1 0 1 1 1 0 0 1 0 0 1 1 1 1 1 1 0 1 1 1 1 1 1 1 0 1
1 0 1 0 0 0 1 1 0 1 1 1 1 0 0 1 0 0 1 1 1 1 0 1 1 0 1 1 0 0 0 0 1 0 1 1
1 0 1 0 0 1 0 0 0 0 0 1 0 1 0 1 0 1 1 0 1 0 1 1 0 1 0 1 1 0 1 0 0 0 0 0
1 0 1 0 1 0 0 0 1 0 0 0 1 0 0 0 1 0 1 1 0 1 0 1 1 0 0 0 0 0 1 1 0 0 1 1
1 0 1 0 1 1 0 1 1 1 0 1 1 1 1 1 1 1 1 0 0 1 0 1 1 1 1 1 0 1 0 1 0 0 1 0
1 0 1 1 0 0 0 0 0 0 1 1 0 0 0 1 0 0 0 0 1 1 0 0 0 1 1 1 0 1 0 0 1 1 1 0
1 0 1 1 0 1 1 1 1 0 1 1 0 1 0 1 1 1 0 0 1 1 0 0 0 1 0 0 1 1 1 1 0 1 0 0
1 0 1 1 1 0 1 1 0 1 0 1 0 1 1 0 0 0 1 0 1 1 1 0 0 0 0 0 0 0 0 0 1 0 0 1
1 0 1 1 1 1 0 1 1 0 1 0 0 1 0 0 0 0 1 1 0 1 1 0 0 0 1 1 0 1 0 0 1 1 1 1
1 1 0 0 0 0 1 0 1 0 1 0 0 0 0 0 1 0 0 0 0 1 0 0 0 1 1 1 0 1 1 0 0 1 1 1
1 1 0 0 0 1 0 0 1 1 0 0 0 1 0 0 1 1 0 1 1 1 1 0 1 0 1 0 0 0 0 0 1 0 0 0
1 1 0 0 1 0 0 1 1 0 1 1 0 0 0 1 0 1 1 1 1 0 0 1 1 0 0 1 1 0 0 0 0 1 1 1
1 1 0 0 1 1 0 0 0 1 1 1 0 0 1 1 1 1 1 0 1 1 0 0 1 0 0 0 0 1 1 0 0 0 1 0
1 1 0 1 0 0 0 1 0 0 1 1 0 1 1 1 1 1 0 1 1 1 1 0 1 0 1 1 0 1 0 0 0 1 1 1
1 1 0 1 0 1 1 1 1 0 0 0 0 0 1 0 0 0 1 0 0 0 0 0 1 1 0 0 0 1 0 0 0 1 0 0
1 1 0 1 1 0 1 0 0 0 1 1 1 1 0 1 0 0 0 0 1 1 1 1 0 0 0 0 1 0 1 0 0 1 1 0
1 1 0 1 1 1 1 1 0 1 1 0 1 0 1 0 1 1 0 1 1 0 0 1 1 1 0 0 1 1 0 0 1 1 1 1
1 1 1 0 0 0 0 1 1 0 0 1 1 0 0 0 0 0 1 0 1 0 1 1 0 0 1 1 0 0 1 1 1 1 0 1
1 1 1 0 0 1 1 0 1 0 1 0 1 1 1 0 1 0 0 1 0 0 0 0 1 1 1 1 0 0 0 1 1 0 1 0
1 1 1 0 1 0 1 0 0 0 1 0 0 1 1 0 0 1 1 0 1 0 0 0 0 0 1 1 0 0 1 1 0 1 1 0
1 1 1 0 1 1 1 1 1 0 0 1 1 0 1 0 1 1 0 0 1 1 1 1 0 1 0 0 0 1 1 0 1 0 1 1
1 1 1 1 0 0 1 0 1 1 1 1 1 0 0 1 1 1 1 0 1 1 0 1 0 1 0 0 1 0 1 1 1 1 0 1
1 1 1 1 0 1 0 1 0 1 0 0 1 1 1 1 1 1 1 1 0 1 0 1 0 0 0 1 0 0 1 1 1 1 1 0
1 1 1 1 1 0 0 1 1 0 1 1 0 0 1 1 1 0 1 1 1 0 0 1 1 1 1 1 1 0 0 1 1 0 0 0
1 1 1 1 1 1 0 0 0 0 0 0 1 1 0 0 1 0 0 0 1 1 1 1 1 0 1 0 0 1 1 1 0 1 1 1
0 0 0 0 0 1 0 1 1 1 1 1 0 1 0 0 1 1 1 0 1 1 1 1 0 0 0 1 1 0 0 0 1 0 1 0
1 1 0 1 1 1 0 0 1 0 0 1 0 1 1 1 1 0 0 1 0 0 1 1 0 1 1 1 1 0 1 1 0 0 1 0
0 0 1 0 1 1 0 1 0 0 1 0 0 0 0 1 1 0 0 1 0 0 0 1 0 1 1 0 0 1 0 0 1 1 0 1
1 1 1 0 1 1 0 1 0 1 1 0 1 1 0 1 1 1 0 0 1 0 1 1 0 0 1 0 1 0 0 0 0 0 1 1
0 1 0 0 1 1 0 1 1 0 0 1 1 0 0 0 0 0 0 1 1 1 0 0 1 1 1 1 1 0 1 0 0 1 1 0
0 0 0 0 1 1 1 1 0 1 1 1 1 1 1 1 1 1 0 0 0 0 1 0 1 1 1 1 0 0 1 1 0 1 0 0
1 1 0 0 1 1 1 0 1 1 1 1 1 1 0 1 1 0 1 1 1 1 1 0 0 1 0 0 0 1 0 0 0 0 0 0
0 1 1 0 0 1 1 1 1 1 0 0 1 0 1 1 1 0 1 1 1 1 0 0 0 1 1 1 1 1 0 0 0 0 0 1
1 0 1 0 1 1 1 0 0 0 1 1 0 0 0 0 0 1 0 0 0 1 1 1 0 1 1 0 0 0 0 0 0 1 1 1
1 1 1 1 1 1 1 0 1 1 0 1 1 1 0 0 0 1 0 0 0 1 0 0 0 0 1 1 0 1 0 1 0 0 1 1
0 1 0 1 1 1 1 0 1 0 1 0 1 0 0 1 0 0 0 1 0 0 1 1 0 0 1 0 0 0 0 0 0 0 1 1
0 1 1 1 0 0 1 1 1 0 0 1 0 1 1 0 0 0 0 1 1 0 1 0 0 1 1 0 0 1 1 0 0 1 0 1
0 1 1 1 0 1 1 0 0 1 0 1 1 1 1 1 0 0 1 1 0 0 1 1 1 0 0 0 1 0 1 0 1 0 1 0
0 0 1 1 1 0 1 0 1 1 0 0 0 0 1 0 1 0 0 0 0 1 1 1 1 1 1 1 0 1 0 0 1 1 1 1
0 0 1 1 1 1 0 1 1 1 0 0 1 1 1 0 1 0 0 0 0 1 1 0 0 1 1 0 1 0 1 0 1 1 1 1
0 1 0 0 0 0 0 0 1 0 1 1 1 1 0 1 0 1 0 1 1 0 1 0 0 0 1 1 1 1 1 1 0 0 0 1
1 1 0 1 0 1 0 0 0 0 0 1 1 0 0 1 0 1 1 1 0 1 1 0 0 0 0 1 1 1 1 0 1 0 0 1
0 0 0 1 0 0 1 0 1 1 1 0 1 1 1 0 0 0 1 0 0 1 0 1 1 1 0 0 0 0 0 0 0 0 0 1
1 0 1 1 1 1 1 0 1 1 1 0 1 0 1 1 1 0 1 0 1 0 1 1 0 0 1 0 0 1 1 1 0 1 0 0
1 0 0 0 1 1 1 0 1 0 0 0 1 1 0 0 1 1 1 0 0 1 1 0 0 0 0 1 1 0 0 0 0 1 0 0
1 0 0 1 0 1 1 1 0 1 1 1 0 1 1 1 1 0 0 1 0 0 0 0 0 0 1 0 1 1 0 0 1 1 0 1
0 1 0 1 0 0 1 1 0 1 0 1 1 1 0 0 0 1 0 1 1 0 0 0 1 0 1 1 1 0 0 1 1 1 1 1
1 1 0 0 0 1 1 1 0 0 0 1 1 1 0 1 0 0 0 1 0 1 0 1 0 1 0 0 0 0 1 1 1 0 1 1
0 0 1 1 0 0 1 1 1 1 0 0 1 0 0 1 0 0 0 0 0 1 1 1 0 1 0 0 0 1 0 1 0 1 1 0
1 0 0 1 1 0 0 0 1 1 0 1 1 1 1 0 0 0 1 0 0 0 0 0 1 0 1 1 1 0 1 0 1 1 0 0
0 0 1 1 0 1 0 0 1 0 0 0 1 1 0 1 1 1 1 0 0 0 1 0 1 1 1 0 1 1 1 0 1 0 1 0
1 0 0 1 0 0 0 1 0 1 0 0 0 1 0 0 0 1 1 0 0 1 0 0 1 1 1 0 1 0 1 1 0 1 1 1
0 1 1 0 1 0 0 0 0 1 0 1 0 0 0 0 1 1 1 0 0 0 1 0 0 1 0 0 1 0 1 1 0 0 0 0
0 1 1 0 0 1 0 0 0 1 1 0 0 1 1 1 0 1 0 1 0 1 0 0 0 1 0 0 0 1 1 0 1 0 0 1
0 1 0 1 0 1 0 1 1 0 1 1 1 1 1 1 0 1 1 0 0 0 0 1 0 1 0 1 1 0 0 1 0 1 0 0
1 1 1 0 0 0 0 0 0 1 0 1 1 1 1 1 1 0 1 0 0 1 0 0 0 0 1 1 0 1 1 0 0 1 0 0
1 0 1 1 1 0 1 0 0 0 0 0 1 1 0 1 0 1 1 1 0 1 1 1 1 1 0 1 0 1 1 1 0 1 0 1
1 1 0 0 1 0 0 0 0 0 0 1 0 1 0 0 0 0 1 1 0 1 0 0 0 1 1 0 0 1 0 0 1 0 0 1
1 0 1 1 0 1 1 0 0 0 0 0 1 0 0 0 1 1 0 1 0 0 1 1 1 0 0 1 1 0 1 1 1 0 1 0
1 1 1 0 0 1 1 1 0 1 1 1 0 1 1 0 0 1 1 0 0 0 0 0 0 0 0 1 1 1 0 0 0 0 0 1
1 1 1 0 1 0 1 1 0 1 0 0 1 1 1 1 1 0 1 0 0 0 0 1 0 1 0 0 0 1 1 1 1 0 0 1
1 1 1 1 0 0 1 1 0 0 1 0 1 0 1 0 0 0 1 1 0 0 0 1 0 1 0 0 1 0 1 1 0 1 1 1
0 0 1 0 0 0 0 1 0 0 1 1 1 1 1 1 1 1 0 0 1 0 1 0 0 0 0 0 1 0 1 1 0 0 0 1
1 0 0 0 0 0 0 1 1 1 0 1 0 0 0 1 0 1 0 1 0 1 1 1 0 0 1 1 1 0 0 1 0 0 0 0
0 0 0 1 0 1 0 1 0 0 0 0 0 0 1 1 0 0 1 0 0 1 0 1 0 0 0 1 0 1 0 0 1 0 1 1
1 1 0 1 1 0 0 0 1 1 0 0 0 1 1 1 1 1 1 0 1 1 0 1 0 0 1 1 1 0 1 0 0 0 1 0
0 0 0 1 0 0 0 0 0 1 1 1 0 0 1 1 1 0 1 1 0 0 0 0 0 1 1 1 0 0 1 1 1 0 0 1
0 0 0 0 1 0 1 0 1 1 1 1 1 0 0 1 1 1 0 0 0 0 0 1 0 0 1 1 1 0 1 0 0 1 0 1
1 0 1 1 0 0 0 1 1 1 1 1 1 1 1 1 0 1 1 0 0 0 1 0 1 0 0 1 1 1 1 1 0 1 1 0
1 0 1 0 0 0 1 0 1 1 0 1 0 1 1 0 0 1 0 0 1 1 1 1 1 1 1 1 1 0 1 1 0 1 1 0
1 1 0 1 0 1 0 1 1 1 1 0 1 1 1 1 0 0 0 1 1 0 0 1 0 0 1 0 0 0 1 1 1 0 0 1
1 1 1 1 1 0 0 0 0 1 0 0 1 0 0 1 0 1 1 0 0 1 0 1 1 0 1 0 1 1 0 1 0 0 0 0
1 0 1 1 1 1 0 0 0 1 1 1 0 1 0 0 1 1 0 1 0 0 1 0 1 1 0 0 1 1 0 1 0 1 0 1
1 0 1 1 1 1 1 1 0 0 0 0 0 0 1 0 0 1 1 1 1 1 0 0 0 0 0 0 1 0 0 1 1 1 1 0
1 0 0 0 0 1 0 1 0 0 1 0 1 0 0 0 0 1 1 1 1 1 0 1 0 1 0 1 1 1 0 0 1 0 0 0
0 0 0 0 1 0 0 1 0 1 0 0 1 1 1 1 1 0 1 1 1 1 1 0 0 0 1 1 1 1 1 0 1 1 1 0
1 1 0 1 0 1 1 0 0 1 1 0 1 0 0 0 0 0 1 0 1 1 0 0 0 0 0 1 1 0 1 0 0 0 0 1
1 1 0 0 1 0 1 1 0 1 1 0 0 0 0 1 0 1 0 1 0 0 0 1 0 1 1 1 1 1 1 1 1 1 1 0
0 0 1 0 0 0 0 1 1 0 0 0 0 1 0 0 1 1 0 0 0 1 0 1 0 1 1 0 0 1 1 1 0 1 0 0
0 1 1 0 0 0 1 0 1 1 1 0 1 1 0 0 1 1 0 0 0 0 0 1 1 0 0 0 1 0 0 1 0 1 1 1
1 0 0 0 1 0 1 0 0 1 0 0 0 0 0 1 1 0 0 0 1 1 1 0 1 1 0 0 0 1 1 1 0 0 0 0
0 0 0 1 1 0 1 1 0 0 1 1 1 0 0 0 0 1 1 1 1 0 1 0 0 1 0 1 1 1 0 0 0 1 0 0
0 1 0 1 0 0 1 0 1 0 0 1 1 0 1 0 1 1 0 1 1 1 0 1 1 0 0 1 1 0 0 1 0 0 1 0
1 0 1 0 1 0 1 1 1 0 1 1 1 0 1 1 0 0 0 0 0 0 1 0 0 1 0 1 0 0 0 0 1 0 0 1
1 1 1 0 0 1 0 1 1 1 1 0 0 0 0 0 0 0 0 0 1 0 1 0 0 1 0 1 1 1 0 0 0 1 0 0
0 1 0 0 0 1 0 0 0 1 0 0 1 0 0 0 0 0 1 0 0 0 1 0 0 1 1 0 0 1 0 1 0 1 1 1
1 0 0 0 0 0 1 0 0 0 0 1 1 0 1 0 1 0 1 1 0 0 1 0 0 0 1 0 1 1 1 0 1 1 0 0
0 1 0 0 1 0 1 1 1 1 0 1 0 0 0 0 0 0 1 0 0 1 0 0 0 0 0 1 0 0 1 1 0 0 1 0
1 0 0 1 1 1 0 1 1 0 0 1 0 1 0 1 0 0 1 1 1 1 0 1 1 1 1 0 0 1 1 0 1 0 0 1
0 1 1 1 1 0 1 0 0 1 1 1 1 1 1 0 1 1 1 1 0 1 1 0 1 1 0 0 0 1 1 1 1 1 1 1
0 1 1 1 1 1 1 1 1 1 1 1 0 1 0 0 1 0 1 0 0 0 0 1 1 1 0 1 1 0 1 0 1 1 0 1
0 0 0 0 0 1 1 0 1 0 1 0 0 0 0 0 0 0 1 1 1 0 0 0 1 0 1 1 0 1 0 1 0 1 1 1
0 0 1 0 1 0 1 0 0 0 0 1 1 0 1 1 0 0 0 1 0 1 0 1 1 1 1 0 0 0 1 0 0 1 1 1
1 0 1 0 0 1 0 0 0 1 1 1 1 1 0 1 0 1 0 0 0 0 0 0 1 0 1 0 0 0 1 1 1 1 0 1
0 1 1 0 1 0 0 0 1 1 1 0 0 0 1 1 1 0 0 1 0 0 0 0 0 0 1 1 1 0 0 1 0 1 0 1
1 1 0 1 0 0 1 1 1 1 0 1 1 1 1 0 1 0 1 1 1 1 0 1 1 1 0 1 1 1 1 1 0 1 1 1
1 0 1 0 1 0 0 1 0 1 1 0 0 1 1 0 1 0 0 0 1 0 0 0 1 0 0 1 1 0 1 1 1 1 1 0
1 0 1 1 1 0 0 0 1 1 1 1 1 0 0 0 0 0 0 1 1 0 0 0 1 1 0 0 0 0 1 1 1 1 0 0
0 1 1 1 0 1 0 1 1 0 1 0 1 0 1 0 0 1 1 1 0 0 1 0 1 0 1 1 1 0 0 0 1 0 0 1
0 1 1 0 1 1 1 0 1 1 0 1 0 0 0 1 0 1 0 0 0 0 1 0 1 1 0 1 1 0 0 0 1 1 1 1
1 1 0 0 0 0 0 0 1 1 1 1 1 0 1 0 1 0 0 0 0 0 1 1 0 0 0 1 0 0 0 0 1 0 1 1
1 1 0 0 1 1 0 1 1 0 1 0 0 1 1 1 1 1 1 0 0 0 0 0 1 0 1 0 1 1 1 1 1 1 0 1
0 1 1 1 0 1 1 0 0 0 1 1 1 1 0 1 1 0 1 0 1 0 1 0 0 0 0 1 0 0 0 0 1 1 1 1
0 0 1 1 1 0 1 1 1 1 1 0 0 0 0 0 1 0 1 0 1 0 1 0 1 0 1 1 1 0 0 1 0 1 1 0
0 0 0 1 0 0 0 0 0 0 0 1 1 1 0 0 1 0 1 0 0 1 1 1 0 1 0 1 0 1 1 1 0 0 1 0
0 1 1 1 0 0 0 1 0 1 1 0 0 0 0 1 1 1 0 0 1 0 1 1 0 1 1 1 0 0 0 1 0 0 1 0
1 0 0 0 0 1 0 0 0 1 0 0 0 0 1 0 1 0 0 0 0 1 0 1 0 0 1 1 1 1 1 0 1 1 0 0
0 1 0 1 1 0 1 1 1 0 1 0 1 0 0 0 0 0 0 0 1 1 0 1 0 0 1 1 1 1 0 1 1 0 0 1
1 0 0 0 0 0 0 1 1 0 1 0 0 1 0 0 0 1 0 0 0 0 0 1 0 1 0 0 0 0 1 0 1 0 1 1
1 1 1 1 0 0 0 0 1 0 1 0 0 1 0 1 1 0 1 1 0 1 1 1 0 1 0 1 1 1 0 1 0 0 0 1
1 1 0 1 1 0 0 1 0 1 1 1 1 0 0 1 0 0 0 1 0 0 1 1 1 1 1 0 0 1 1 0 0 0 1 1
0 1 0 0 0 1 1 0 0 1 0 1 0 1 1 0 1 1 1 0 1 0 0 0 1 0 1 0 1 1 0 0 1 0 1 0
0 0 0 1 1 1 1 0 1 1 0 0 0 1 1 1 1 1 1 1 0 1 1 0 1 0 0 0 1 1 1 1 0 0 1 1
0 0 0 0 1 1 0 0 1 0 0 1 0 0 1 0 0 1 0 0 1 0 1 0 0 0 0 0 0 1 0 0 0 0 0 0
0 1 0 0 1 0 1 0 1 0 0 1 1 1 1 1 0 1 1 0 0 1 1 1 0 0 1 0 0 1 1 0 1 0 0 1
0 0 0 1 1 1 0 0 0 0 1 1 0 1 0 0 0 0 1 0 1 0 1 0 0 1 1 0 1 0 1 0 0 1 0 1
1 1 0 1 1 1 0 1 1 1 0 1 1 0 0 0 1 1 1 1 1 0 1 0 1 0 0 0 0 0 1 1 1 1 1 1
1 1 1 0 0 1 1 1 1 1 0 0 0 1 0 1 0 1 1 0 1 1 1 1 1 0 0 0 1 1 1 1 0 0 1 0
0 0 1 1 1 0 1 1 1 1 0 1 1 1 0 1 1 1 0 1 1 0 1 1 0 1 1 0 1 0 1 1 1 0 0 1
0 0 1 0 0 1 0 0 1 0 1 0 0 1 1 1 1 0 0 0 1 1 0 0 0 0 0 1 0 0 0 0 0 0 0 0
1 1 1 0 1 0 0 1 0 0 1 1 1 1 0 0 1 1 1 1 1 1 0 0 1 1 0 1 1 0 1 1 0 1 0 0
0 0 0 1 1 0 1 0 1 0 0 0 1 0 1 0 0 0 0 0 0 0 0 0 1 0 1 0 0 0 1 1 0 1 0 1
1 1 1 1 1 1 1 1 0 1 1 0 0 1 0 1 0 1 1 1 0 0 0 0 1 1 1 1 0 0 1 0 0 0 1 0
1 0 1 0 0 0 1 1 0 0 0 0 0 1 0 1 1 0 0 0 0 1 1 1 1 0 1 1 1 0 1 0 0 0 0 1
1 1 1 0 0 0 0 0 1 0 0 1 0 0 1 0 1 1 1 0 1 1 1 0 1 0 1 1 0 0 1 0 0 0 0 1
1 0 0 1 1 1 0 1 1 1 1 0 0 0 0 1 0 1 1 0 0 0 1 0 0 1 1 0 1 0 0 0 1 0 0 0
0 1 1 0 1 1 1 1 0 0 1 1 0 1 0 1 1 1 1 1 0 1 1 0 1 0 0 1 1 1 0 1 1 0 0 1
1 0 0 1 1 0 0 1 1 0 0 0 1 1 1 0 0 1 0 0 1 0 1 1 1 1 1 0 0 1 0 1 0 0 1 0
0 1 1 1 1 1 0 1 0 1 1 1 1 0 1 1 0 0 0 0 1 0 1 0 0 1 0 1 0 1 1 1 1 0 1 0
0 0 1 0 1 0 0 0 1 1 1 1 0 1 1 1 0 0 1 1 1 0 1 0 1 0 1 0 0 0 1 1 0 1 1 0
0 0 0 1 0 0 0 1 1 0 1 1 0 0 1 0 0 0 0 1 0 1 1 1 0 0 0 0 1 1 1 1 1 1 0 1
1 1 0 1 1 0 1 0 0 1 0 1 0 0 0 1 0 0 1 1 1 0 1 1 0 0 0 1 0 1 0 1 0 0 1 1
0 0 1 1 0 1 0 1 0 1 0 1 0 0 0 1 1 0 1 1 1 0 1 0 1 1 0 1 1 0 0 0 0 0 1 1
0 0 0 0 1 1 1 1 0 1 0 1 0 1 1 0 1 0 0 0 1 0 0 1 0 1 0 0 0 0 0 1 0 1 1 0
0 0 0 0 0 1 0 1 1 0 0 0 0 0 0 0 1 0 1 1 0 0 1 0 0 0 1 1 0 0 1 1 0 0 0 0
0 0 1 1 0 0 0 0 0 1 0 0 0 1 0 0 0 1 1 1 1 0 0 0 0 0 0 1 1 1 1 1 1 1 0 0
1 0 1 1 1 1 0 1 0 0 0 1 1 1 1 1 1 0 0 1 1 0 0 0 1 0 0 1 0 1 0 1 0 0 1 1
1 1 1 1 1 0 0 1 1 1 0 0 0 0 0 0 1 1 1 1 0 0 1 1 0 0 1 0 1 1 1 0 0 0 0 1
0 1 0 1 0 1 1 1 0 1 1 0 1 0 1 1 1 0 1 1 0 1 1 1 1 0 1 1 1 1 1 1 0 1 1 1
0 0 0 1 1 1 1 0 0 1 1 0 0 0 0 1 1 1 1 1 1 0 0 1 0 1 0 0 0 0 0 1 1 0 0 1
1 1 0 0 0 0 1 1 1 0 1 1 0 1 1 1 1 0 1 0 0 0 1 1 1 0 1 0 1 0 0 0 1 1 1 0
1 1 0 0 1 0 0 0 0 0 1 0 1 0 1 1 0 0 1 1 1 1 1 0 0 0 0 0 0 0 0 1 1 1 0 0
1 1 0 1 0 1 1 1 0 0 1 1 0 0 0 0 1 0 0 0 0 0 1 0 0 0 1 0 1 1 1 1 0 0 1 0
1 0 0 1 1 0 1 1 1 1 1 0 1 1 0 0 1 1 0 1 0 1 0 1 0 0 0 1 0 1 1 1 0 0 0 0
0 1 1 0 0 0 0 0 0 0 0 0 1 1 0 1 0 0 0 1 0 0 1 0 1 1 1 1 1 0 0 0 0 1 1 1
1 1 1 1 0 1 1 1 0 1 0 0 0 0 1 0 0 0 0 0 1 0 0 1 1 0 1 0 0 1 1 1 1 1 1 1
0 1 0 1 1 1 0 0 1 1 0 1 1 0 1 0 1 0 1 0 0 0 1 1 1 0 1 1 0 0 0 1 0 0 0 1
0 1 1 1 1 0 1 0 1 0 0 1 0 0 0 1 0 1 1 1 0 1 0 1 0 1 1 0 1 0 0 1 1 1 0 0
0 1 1 0 1 0 0 1 1 0 1 0 1 0 0 1 0 1 0 1 1 1 1 0 1 1 1 0 0 1 0 1 0 0 1 0
1 0 0 1 1 0 1 0 1 0 1 1 0 1 1 0 1 1 1 1 0 0 0 0 0 1 0 1 1 1 1 0 1 0 1 1
1 0 1 0 0 1 1 0 0 1 1 0 0 0 1 1 1 0 1 1 0 0 1 0 0 1 0 0 0 0 0 0 0 0 1 0
1 0 1 0 0 0 0 1 1 1 0 0 1 0 1 0 1 1 0 0 0 1 0 0 1 1 0 1 1 1 0 1 1 0 0 1
1 1 1 1 0 1 0 1 1 1 1 1 0 0 0 1 1 0 1 0 0 1 0 0 0 0 0 0 0 0 1 0 0 1 1 1
0 1 0 0 1 0 1 0 1 1 0 0 1 0 1 1 0 1 1 1 1 0 0 1 1 0 1 1 1 1 1 1 1 0 0 1
0 0 1 0 0 1 1 1 1 1 1 1 1 0 1 0 1 1 1 0 0 0 1 1 0 0 0 0 0 0 1 1 0 0 1 0
1 1 1 0 0 1 1 0 1 0 0 1 0 0 0 1 1 0 0 1 1 0 0 0 1 0 1 1 1 1 1 0 1 1 1 0
0 0 1 0 1 1 1 1 1 0 1 0 1 1 0 1 0 0 1 0 0 0 1 1 1 0 0 0 1 1 0 1 0 1 0 1
1 0 1 0 1 0 0 1 0 1 1 1 1 0 0 0 1 0 1 0 1 1 0 1 0 0 1 0 1 1 0 1 0 1 1 1
0 1 0 0 0 0 0 1 0 1 1 1 0 1 0 1 0 0 1 0 1 0 0 0 1 0 0 0 1 1 1 1 1 0 1 0
0 0 0 0 1 0 1 1 0 0 1 0 0 1 1 1 0 0 1 1 0 1 0 0 0 1 0 0 0 1 1 0 0 1 1 0
0 1 1 0 0 0 1 1 1 0 1 0 0 1 1 0 0 0 0 1 1 1 0 1 1 0 0 0 0 0 0 0 1 1 0 1
0 0 1 0 0 1 0 0 0 1 1 1 1 0 0 0 1 0 0 1 0 1 0 0 0 0 1 1 1 1 0 1 0 1 0 0
1 0 0 0 0 0 0 0 0 0 0 0 0 1 1 0 0 0 0 1 1 0 1 0 0 0 0 0 1 1 0 0 0 0 1 1
0 0 1 0 0 1 0 1 1 1 0 0 1 1 1 0 0 1 0 1 0 0 1 1 1 0 1 1 0 1 1 0 1 1 1 0
1 1 1 0 1 1 0 1 0 0 0 0 0 0 1 0 0 0 1 0 1 0 1 0 1 0 1 0 0 0 0 0 1 0 1 1
0 0 0 1 1 1 0 0 1 0 0 0 0 1 0 0 1 0 1 1 1 0 0 1 1 0 1 1 0 1 1 0 0 1 1 0
0 1 0 1 1 1 0 0 0 0 1 1 1 1 1 0 0 0 0 1 1 1 0 0 0 0 0 0 1 0 1 0 1 1 1 1
0 1 0 0 0 0 0 1 1 0 1 0 1 0 1 1 1 0 1 0 1 1 0 1 0 1 1 0 0 0 1 0 0 1 1 0
0 0 1 0 0 1 1 0 0 1 0 0 0 1 1 0 0 0 1 1 0 0 1 0 1 1 0 1 0 0 0 0 1 0 0 1
1 1 1 1 0 1 0 0 0 0 1 0 0 1 1 0 1 1 1 0 0 1 1 1 0 1 1 0 0 0 1 0 1 0 0 0
1 1 0 1 0 0 1 0 0 1 0 0 1 1 1 1 1 1 0 0 0 0 1 0 0 1 0 1 1 0 0 0 0 0 0 1
1 0 1 1 1 1 1 1 1 1 1 1 0 1 1 1 0 0 0 0 0 0 0 1 0 0 0 0 0 1 0 1 1 1 1 0
0 0 1 0 0 0 0 0 1 1 0 1 1 1 1 1 1 0 1 1 1 1 1 0 1 0 0 1 0 1 0 1 1 0 0 0
0 0 1 1 0 1 1 0 0 0 0 1 0 1 1 0 1 1 0 1 0 1 0 1 1 1 0 1 1 1 0 0 0 1 0 0
1 0 0 1 1 0 1 1 0 1 0 1 1 0 1 1 1 1 1 0 0 1 1 1 1 0 0 0 1 0 0 1 1 0 1 0
1 0 1 1 1 1 0 0 1 0 0 0 0 0 0 0 0 0 0 0 1 0 0 1 0 1 0 1 1 0 1 0 0 0 1 1
1 1 1 0 1 1 1 0 0 0 1 1 1 0 0 0 0 0 1 1 0 0 0 1 1 0 0 1 0 1 0 1 0 0 1 0
0 0 0 1 0 1 1 0 1 1 1 1 0 1 0 1 0 0 0 1 1 1 1 0 1 1 0 1 0 0 0 1 0 1 1 0
0 1 0 0 1 1 1 0 0 1 1 1 0 0 1 0 0 1 1 1 0 0 0 0 0 0 1 1 1 0 1 0 1 0 0 0
1 1 1 0 0 1 0 0 1 0 0 0 1 0 1 1 0 1 0 0 0 0 0 1 0 0 0 0 1 0 0 0 0 0 1 0
0 1 0 1 1 1 0 0 0 0 0 0 1 0 1 1 1 1 1 1 1 0 0 1 1 1 0 1 0 0 0 1 1 1 1 0
0 1 0 0 0 1 0 1 0 0 1 1 1 1 1 0 1 0 0 0 0 0 0 0 1 1 0 1 0 1 1 1 0 1 1 1
0 0 0 0 0 0 1 1 0 0 0 0 1 0 0 0 1 1 0 0 1 1 1 0 1 0 0 1 0 1 0 1 1 1 1 1
1 1 0 1 0 1 1 0 1 0 1 1 0 0 0 0 1 1 1 1 1 0 1 1 0 1 1 0 0 1 1 1 1 1 1 0
1 0 0 1 0 1 0 0 0 1 0 0 1 1 1 1 0 1 1 0 1 0 1 0 0 0 0 0 0 0 1 0 0 1 1 0
1 0 0 0 0 1 1 1 1 1 1 1 1 1 1 0 0 1 1 1 0 1 1 0 1 1 0 0 0 0 0 1 0 1 0 1
0 0 1 0 0 0 1 1 0 1 0 1 0 0 1 0 0 0 1 0 0 1 0 1 0 1 0 0 1 1 1 0 1 1 1 0
0 0 1 1 1 1 0 0 1 0 1 1 1 1 0 1 1 1 0 0 1 1 1 1 1 0 0 0 0 0 0 0 1 0 0 1
0 0 0 1 0 0 0 0 1 0 0 0 1 0 0 0 0 1 0 1 1 1 1 1 0 1 1 0 0 0 0 0 1 1 0 1
0 1 0 0 1 0 0 0 0 0 1 0 0 0 0 0 1 1 0 0 0 1 0 0 1 1 1 1 1 0 0 0 1 0 1 1
1 1 1 1 1 0 1 1 0 0 0 1 1 0 0 1 1 0 1 0 0 0 1 0 1 1 1 0 1 1 1 0 1 1 1 0
1 0 1 1 0 1 1 1 0 0 0 0 0 0 1 1 0 1 0 1 1 0 1 0 1 1 1 0 1 1 0 1 1 1 0 1
0 1 1 1 0 0 1 1 1 1 0 0 0 1 1 0 1 1 0 0 0 0 1 0 1 0 0 0 0 0 1 0 0 1 0 0
0 1 1 1 0 1 1 0 0 0 1 1 0 0 0 0 0 1 0 1 1 1 0 0 1 1 0 0 0 1 1 1 0 0 0 1
1 1 0 1 0 0 1 0 0 0 0 1 0 1 0 1 0 1 1 1 0 0 1 0 1 0 1 0 0 0 0 1 0 0 0 0
0 0 1 0 1 1 1 0 1 1 0 1 1 0 0 0 1 0 0 0 1 0 0 0 1 1 0 0 1 1 1 0 0 0 0 1
1 0 0 0 1 0 1 0 1 1 1 0 1 1 1 1 0 1 0 0 1 1 0 0 0 1 1 0 1 1 0 0 1 1 1 1
1 1 0 0 0 1 1 1 0 1 0 1 1 0 0 0 1 1 1 0 0 1 1 1 1 1 1 0 0 0 1 1 1 0 0 0
1 0 0 1 1 1 1 0 1 1 0 0 0 0 0 0 0 0 1 1 1 1 1 1 1 0 1 1 1 1 0 0 1 0 0 0
0 1 0 0 1 0 0 1 1 1 0 1 0 1 1 1 1 1 0 1 0 0 0 0 0 1 0 0 0 0 0 1 0 1 1 1
0 0 1 0 0 1 1 0 0 0 1 0 1 0 0 1 1 1 1 0 0 1 0 0 0 1 1 0 1 0 0 1 1 0 1 1
0 1 1 1 1 1 0 1 1 1 1 1 0 0 0 0 0 1 0 1 1 1 1 1 1 0 1 1 0 0 1 1 1 1 0 0
0 1 1 1 0 0 0 0 0 1 0 0 1 0 1 0 1 0 0 1 1 1 0 0 0 0 1 0 0 1 0 0 0 0 1 1
1 1 0 0 0 1 1 1 0 1 1 0 1 1 1 0 0 0 0 0 0 1 1 0 1 0 1 0 1 1 1 0 1 0 0 1
0 0 1 1 0 0 0 1 1 0 0 0 1 1 1 1 1 1 1 0 1 0 0 1 1 0 0 0 0 1 1 0 1 0 1 1
0 1 1 0 1 0 0 0 1 1 0 0 0 1 0 1 0 0 0 0 1 0 0 1 1 1 1 1 0 1 1 1 0 0 0 1
0 0 0 0 1 1 0 0 0 0 0 1 1 0 0 1 1 0 0 0 1 1 1 1 0 0 1 1 1 0 0 1 1 0 0 1
1 1 0 1 0 0 0 1 0 0 1 0 1 1 0 0 1 0 1 0 0 0 0 1 0 0 1 1 1 1 0 0 1 1 1 0
0 0 1 0 1 0 1 0 1 0 1 1 0 1 0 0 1 0 0 1 0 0 1 0 0 0 0 0 1 0 0 0 1 1 1 0
1 1 1 0 0 1 0 1 0 1 0 1 0 1 0 0 1 0 0 1 0 1 1 1 1 1 0 1 0 1 1 0 1 0 1 0
0 1 0 1 0 1 1 1 1 1 0 0 1 1 0 0 1 0 0 1 0 0 1 0 0 1 0 1 1 0 0 1 1 0 0 1
0 0 1 0 1 0 1 1 0 1 0 0 1 1 0 1 0 1 1 1 0 0 0 0 0 0 0 0 0 0 0 0 0 0 0 0
0 1 0 1 1 0 0 0 1 1 1 0 1 1 0 1 1 0 0 0 1 1 0 0 1 1 0 1 1 1 1 0 1 1 0 0
0 0 1 1 0 0 1 1 0 1 1 0 1 0 1 1 1 0 0 1 1 1 0 0 1 0 0 0 1 0 1 1 0 1 0 1
1 1 1 0 1 1 0 0 1 0 1 1 0 1 1 0 0 0 0 0 0 1 0 1 0 0 1 0 1 1 1 1 0 0 1 0
0 0 0 0 0 1 1 1 1 1 0 0 0 0 0 1 0 0 1 0 1 0 1 1 0 1 0 1 1 1 1 0 1 1 1 1
1 1 0 0 1 1 0 0 1 1 0 0 0 1 1 0 0 0 1 1 0 1 1 1 0 1 0 1 1 0 0 0 0 1 1 1
1 0 1 1 1 0 0 0 0 1 0 0 0 0 1 1 0 1 0 1 0 1 0 0 0 0 1 0 1 1 1 0 1 0 1 1
1 1 0 1 1 0 1 1 1 0 1 0 0 1 0 1 1 1 0 0 1 1 1 0 1 0 0 1 0 0 1 1 1 0 1 1
1 0 0 1 0 0 0 0 1 0 0 1 1 1 0 1 1 0 0 0 1 0 0 0 0 1 1 0 1 0 1 1 1 0 1 0
1 0 1 1 1 0 0 1 0 1 0 0 1 1 0 0 0 0 0 1 1 1 0 1 0 1 0 1 1 0 0 0 0 1 0 1
0 0 0 0 1 0 1 1 1 0 0 1 1 1 0 0 1 0 0 1 0 0 1 1 1 1 1 1 1 1 0 1 1 1 1 0
1 1 0 1 0 0 1 1 1 1 0 1 0 0 1 1 0 0 0 0 1 1 1 0 1 0 0 0 1 0 1 0 0 0 0 1
0 0 1 0 1 1 0 1 1 1 1 0 1 0 1 1 0 1 1 1 1 1 1 1 1 1 0 0 0 0 1 1 1 1 1 1
1 0 1 0 1 0 0 1 1 1 1 1 0 0 0 1 1 1 1 1 0 1 1 1 1 1 0 0 0 1 0 0 1 0 1 0
1 0 0 1 0 1 0 1 1 0 1 0 1 0 0 1 1 1 0 0 0 1 1 1 1 1 1 1 1 0 1 0 0 1 0 1
1 0 0 1 0 1 0 1 0 0 1 1 0 1 0 0 1 1 1 1 0 0 0 1 1 0 0 1 0 0 0 1 0 0 0 1
1 1 0 1 1 0 0 1 0 0 0 0 0 0 1 0 1 1 0 1 1 1 0 0 0 1 1 1 1 1 1 1 1 0 0 0
0 0 0 0 0 1 1 1 0 0 1 0 0 0 1 1 0 1 0 1 1 0 0 1 0 0 0 0 0 1 1 1 0 0 0 0
0 0 1 0 0 0 0 1 1 0 0 1 1 1 1 0 0 1 1 1 1 1 0 0 0 1 0 1 0 0 0 1 0 0 1 1
1 1 1 1 0 0 0 0 0 1 1 1 1 0 1 0 0 1 1 0 1 1 1 1 0 1 1 1 1 0 0 1 1 1 1 1
0 1 0 0 0 1 1 0 0 0 1 0 1 1 1 0 0 1 1 1 0 1 0 1 1 0 1 0 1 0 1 0 0 1 0 1
1 0 1 1 0 1 1 0 0 0 0 0 0 1 1 1 0 0 1 0 0 1 0 0 0 0 1 0 1 0 0 1 0 0 1 1
1 0 0 0 1 1 1 1 0 0 1 1 0 0 1 1 0 0 0 0 0 1 0 0 1 1 0 1 1 0 0 1 0 0 1 1
0 1 1 0 1 0 1 0 0 0 0 1 0 1 0 1 1 1 0 1 1 1 0 1 0 0 0 1 0 1 1 0 0 0 1 1
1 0 1 0 0 1 1 0 1 1 0 1 0 0 1 1 0 1 1 1 0 1 0 0 1 0 0 0 1 0 1 0 0 1 0 1
1 0 0 0 1 1 1 1 1 1 1 1 0 0 1 0 1 0 0 1 1 1 1 0 0 0 1 1 0 1 1 1 0 0 1 1
0 0 1 1 1 0 1 0 0 1 1 0 1 1 0 1 1 1 0 0 1 1 0 1 0 1 0 1 1 1 1 0 0 0 1 0
0 0 0 0 1 0 1 0 0 1 1 1 0 0 1 0 0 0 0 1 1 0 1 1 1 1 0 0 1 0 1 0 1 0 0 1
1 0 1 1 0 0 1 0 1 0 1 1 1 1 1 0 1 0 0 1 1 1 1 1 1 0 1 0 1 0 1 0 0 0 1 0
0 0 0 0 0 0 0 1 0 0 0 1 1 0 1 1 0 1 0 0 1 0 0 1 1 0 1 0 1 0 1 0 1 1 1 0
1 1 1 0 1 0 0 1 1 0 0 1 1 0 1 1 1 1 0 1 0 0 0 1 1 0 1 0 0 0 1 1 0 1 0 0
0 1 1 0 0 1 1 1 1 0 1 0 0 1 1 1 1 1 0 1 1 0 1 1 0 1 0 1 1 0 1 1 1 1 1 0
1 1 1 0 1 0 1 0 0 1 0 1 1 0 1 0 0 1 0 1 1 0 1 0 1 0 0 1 1 1 0 0 0 1 1 1
1 1 1 0 1 1 1 0 1 0 0 0 1 1 1 1 0 0 0 1 0 1 1 0 1 0 0 1 0 1 1 0 0 1 1 0
1 1 1 1 1 1 1 0 0 1 1 0 0 1 1 1 1 0 0 1 1 1 0 1 1 1 1 1 1 0 0 0 0 0 0 1
0 0 1 1 1 1 1 0 0 1 0 1 1 0 0 1 0 1 1 0 1 1 1 0 0 0 1 1 1 1 1 1 0 1 1 0
1 0 1 0 0 1 0 1 1 0 1 0 1 1 0 0 1 0 1 1 1 0 1 0 0 1 0 0 0 1 1 1 1 0 1 1
1 0 0 1 1 1 0 0 0 1 0 1 0 0 0 0 0 0 0 1 0 1 0 0 1 0 0 0 0 0 0 0 1 1 0 0
0 0 0 1 1 0 0 1 0 0 1 1 0 1 1 1 1 1 1 0 1 1 1 1 0 0 1 0 0 1 1 1 1 1 0 0
1 0 0 0 1 1 1 1 0 0 0 1 1 1 1 0 1 1 0 1 0 0 0 1 1 0 1 0 1 1 0 0 0 0 1 1
1 1 1 0 0 0 1 0 1 0 1 0 1 0 0 0 0 1 1 0 1 1 1 0 1 0 0 0 1 1 1 0 1 1 1 0
1 1 1 1 1 0 1 1 0 0 1 0 1 0 1 0 1 1 0 1 0 1 0 0 0 1 1 0 0 0 0 0 0 1 1 0
1 0 0 0 1 1 0 0 0 1 1 0 1 1 0 1 0 0 0 0 0 0 0 0 1 0 0 1 1 1 0 0 1 0 1 0
0 1 0 1 1 1 1 1 0 1 0 1 0 0 0 1 1 0 0 1 0 1 0 0 1 0 1 0 0 1 0 0 0 0 1 0
1 0 1 1 1 1 0 0 0 0 1 0 0 0 1 0 0 0 1 1 0 0 1 1 1 1 1 1 1 1 1 0 0 1 1 1
0 1 1 1 1 0 0 0 1 0 1 1 1 0 1 1 0 0 1 0 0 1 0 0 1 1 0 0 1 1 0 0 0 1 0 1
0 1 0 0 0 1 1 0 0 0 0 0 0 0 1 0 0 1 0 0 1 1 1 0 0 1 1 1 1 1 1 1 0 0 1 0
1 0 1 0 0 0 0 0 0 1 0 1 0 0 1 0 1 1 0 0 1 0 0 1 1 1 0 0 0 0 0 0 0 1 0 0
1 0 0 0 1 0 0 0 1 1 0 1 1 0 0 1 0 1 1 0 1 1 1 0 1 1 1 1 0 1 0 0 0 0 1 1
1 0 1 0 0 1 1 0 1 1 0 1 0 1 1 1 1 0 1 1 0 0 0 1 0 0 1 0 0 0 0 1 1 1 1 1
1 1 0 0 0 0 1 0 0 0 1 1 1 0 0 1 1 1 0 0 1 0 0 0 1 1 1 0 0 0 0 1 0 0 0 1
0 0 1 0 0 1 0 1 0 0 0 1 0 0 0 0 0 1 0 1 0 0 1 1 0 0 0 1 0 0 0 1 1 1 1 1
1 1 0 1 1 0 1 1 1 0 1 0 0 0 1 1 1 0 0 1 1 0 0 1 1 1 0 0 0 0 1 0 0 1 1 1
1 0 1 1 0 1 0 0 1 1 1 0 1 0 1 0 1 1 1 1 1 1 0 0 1 0 0 1 0 1 0 0 1 1 0 1
1 1 1 0 0 0 1 0 0 1 1 1 1 0 1 1 1 1 1 1 1 0 0 0 0 1 1 0 0 1 0 1 0 0 1 0
1 1 1 0 0 0 0 0 0 0 0 0 0 1 1 1 0 1 1 1 1 1 0 1 1 1 0 0 0 1 0 0 1 1 1 0
0 0 1 1 1 1 1 1 0 0 1 1 1 1 0 0 1 0 1 1 1 1 0 1 1 1 1 0 0 0 1 1 1 0 1 0
1 0 0 1 1 1 0 0 1 1 1 0 0 0 0 1 1 0 1 0 0 1 0 1 1 1 1 0 1 0 1 1 1 0 1 0
0 0 0 1 0 1 1 0 1 1 1 0 1 0 0 0 0 0 1 1 0 0 0 0 0 0 1 0 1 1 0 0 1 1 1 0
0 0 1 0 0 1 1 1 1 1 0 1 0 0 0 0 0 1 0 1 0 1 0 1 1 1 1 0 1 0 0 1 0 0 0 0
1 1 0 1 0 1 0 1 0 1 1 1 0 1 1 1 0 1 1 1 1 1 0 1 1 1 1 0 1 1 1 0 0 1 0 0
1 0 1 0 0 0 1 0 1 1 0 1 0 1 0 0 0 0 1 1 0 1 0 0 0 0 1 1 1 1 0 1 1 1 0 1
0 1 1 0 0 0 0 1 0 1 1 1 1 0 1 1 1 0 0 0 1 1 1 1 0 1 1 1 0 0 1 0 0 1 0 1
0 0 0 0 1 0 0 0 0 1 1 0 0 1 1 0 0 1 0 1 0 1 0 1 1 0 1 1 1 0 1 0 1 0 1 1
0 1 1 1 0 0 1 1 1 1 0 0 0 1 1 0 0 1 1 1 0 0 1 1 0 1 1 0 1 1 0 1 1 0 1 0
1 0 0 0 0 1 0 1 1 1 1 1 1 1 0 0 0 0 0 0 1 1 1 1 1 0 0 0 0 1 0 0 0 1 1 1
1 0 1 0 1 1 1 1 1 0 1 0 1 1 0 0 0 1 0 1 1 0 0 0 1 0 1 0 1 0 1 0 1 0 0 1
1 1 0 0 1 1 1 1 0 1 0 0 1 1 0 1 0 1 0 1 1 0 1 1 0 0 1 1 0 1 0 0 1 1 0 0
1 0 1 1 1 0 1 1 0 0 0 1 0 0 1 0 1 0 0 0 0 0 0 1 0 0 1 1 1 0 0 0 1 0 0 1
1 0 1 1 1 0 1 0 0 1 0 1 0 1 0 1 1 1 0 1 0 0 1 0 0 1 1 1 0 1 1 1 1 1 1 1
1 1 0 0 0 1 0 0 1 0 0 0 1 1 1 1 0 1 1 0 1 1 1 0 1 1 0 1 1 0 1 1 1 0 0 1
0 1 1 1 1 1 0 0 1 0 0 0 1 1 0 1 0 0 1 1 1 0 0 0 0 1 0 0 1 1 1 1 0 1 0 0
1 1 1 1 0 0 0 1 0 1 1 1 1 0 0 0 0 1 0 1 0 1 1 0 0 0 0 0 1 0 0 0 0 0 1 0
0 1 1 1 1 1 0 1 1 1 1 0 0 0 1 0 1 1 0 0 1 1 0 0 0 1 0 0 1 0 0 1 0 0 1 1
1 1 0 0 0 0 1 0 1 1 1 0 1 0 0 1 0 1 1 1 0 0 1 0 0 0 0 0 0 1 1 1 0 1 1 1
0 1 1 0 1 0 1 0 1 0 0 0 0 0 1 1 1 0 1 1 1 1 1 0 1 1 1 0 1 0 1 0 1 0 1 1
0 0 0 1 1 0 0 1 0 1 1 0 0 1 1 1 0 0 0 1 0 0 0 1 1 0 0 1 0 1 0 1 0 0 0 0
1 1 1 1 0 0 1 0 0 1 1 0 0 0 0 1 0 1 0 1 1 1 1 0 0 0 1 0 1 0 1 0 1 1 0 1
0 1 1 0 1 1 1 1 0 1 1 1 1 1 0 0 0 0 0 0 1 1 0 1 0 1 1 0 1 0 0 1 1 1 0 0
0 0 1 0 1 1 0 0 0 0 1 0 0 0 0 1 1 0 1 1 1 1 1 1 0 0 1 0 1 0 1 0 1 0 1 0
1 0 1 0 0 0 1 1 0 0 1 0 1 1 1 1 0 1 1 1 0 1 1 1 0 1 1 0 0 1 0 1 1 0 1 0
0 1 0 0 0 0 0 0 1 0 1 1 0 0 0 0 0 1 1 1 0 1 0 1 1 0 0 0 0 1 1 0 1 0 1 0
0 0 1 1 1 0 0 0 0 0 1 0 1 1 1 1 0 1 0 1 0 0 0 1 0 1 1 1 1 0 0 1 1 0 0 0
0 0 0 1 0 1 0 0 0 1 1 1 0 1 1 1 1 0 0 0 1 1 1 1 0 1 0 0 1 1 0 0 1 1 1 1
1 1 0 0 1 0 1 1 1 0 0 0 0 0 0 0 0 1 0 1 0 0 1 1 0 0 1 0 0 0 0 1 1 0 1 1
0 1 1 0 0 1 0 1 0 0 0 1 0 0 1 0 1 1 0 0 1 0 0 0 0 1 1 1 1 0 1 0 1 1 0 1
1 1 1 1 1 1 0 1 0 0 0 1 1 1 0 1 0 0 1 1 0 0 1 1 0 1 1 0 0 0 0 1 0 1 1 0
1 0 1 0 1 0 1 1 1 1 0 0 0 1 0 1 1 1 1 1 1 1 0 0 1 0 1 0 0 0 0 1 1 1 0 0
1 0 1 0 0 0 0 1 1 1 1 1 0 1 1 1 1 0 1 1 0 0 0 0 1 1 1 0 1 1 1 0 0 0 0 0
1 0 0 0 0 0 1 1 1 1 1 0 1 1 1 1 0 1 1 1 1 0 1 0 0 0 1 1 0 0 1 0 0 0 1 1
1 0 0 1 1 0 1 0 1 1 1 0 0 1 0 0 0 1 1 0 1 0 1 1 1 1 0 0 0 1 1 0 0 0 0 0
1 0 1 1 0 0 1 1 0 0 1 0 1 0 0 1 1 0 1 0 1 1 1 0 0 0 1 1 0 1 0 1 1 0 0 0
0 1 0 0 1 1 1 0 0 0 1 0 1 0 0 0 0 1 1 0 0 0 0 1 0 1 0 1 0 0 1 1 1 1 0 1
1 1 0 0 1 1 0 0 1 1 0 1 1 0 1 1 0 0 0 0 1 0 1 1 0 1 1 0 1 1 0 1 1 1 0 0
1 0 1 1 0 0 1 1 1 1 0 1 1 1 0 0 1 1 1 0 0 0 0 1 1 1 1 1 0 0 0 0 0 1 0 1
0 0 0 1 1 0 1 1 1 0 1 0 1 1 1 0 1 0 1 1 0 0 1 0 0 0 1 0 0 0 0 1 1 0 1 0
0 1 1 0 0 1 1 0 1 0 1 1 0 0 0 1 0 0 1 0 0 1 1 1 1 1 1 1 0 1 1 0 0 0 0 0
1 1 0 0 0 0 0 0 0 1 0 0 1 0 0 1 1 0 0 1 1 0 0 1 0 0 1 0 1 1 0 1 1 0 0 1
0 1 0 1 0 0 0 0 1 1 1 1 0 1 0 0 0 0 0 1 1 0 0 1 0 1 1 0 0 0 0 0 0 0 1 0
0 1 1 1 0 0 1 1 0 1 0 0 0 0 1 1 0 0 0 0 0 1 0 0 1 1 1 1 0 0 1 1 1 0 1 0
1 0 1 0 0 1 1 0 0 1 0 1 1 1 0 0 1 1 0 1 1 1 0 0 0 1 1 0 1 0 1 0 0 1 1 0
1 1 1 1 0 0 0 1 1 0 0 0 0 0 0 1 0 0 0 1 0 0 0 0 1 1 0 0 1 1 0 1 1 1 1 1
1 0 0 0 1 0 0 0 1 1 1 0 1 1 0 0 1 1 1 0 0 1 1 0 0 0 1 1 0 0 1 1 0 1 1 0
1 1 1 1 0 1 1 0 1 0 0 1 0 1 0 1 1 1 0 0 1 0 1 1 1 0 0 0 1 0 0 1 1 1 0 1
0 1 1 0 0 1 0 0 1 0 0 1 1 1 1 0 1 1 1 0 0 1 1 0 0 0 0 0 1 1 0 1 1 1 0 1
0 0 1 1 0 0 0 1 1 1 0 1 0 0 1 0 1 1 1 1 1 0 0 1 0 0 1 0 0 1 0 0 1 0 1 0
0 0 1 0 1 1 0 1 0 1 1 0 1 0 1 1 1 0 1 0 0 1 0 1 1 0 0 1 1 0 0 0 0 1 1 0
0 1 1 1 0 0 0 1 0 1 0 1 1 1 0 1 0 1 0 0 1 1 0 1 1 1 0 1 0 1 0 0 1 1 0 1
1 0 1 1 0 0 1 0 0 0 1 1 0 1 0 0 1 0 1 0 0 1 0 0 1 1 0 0 1 1 0 1 1 0 1 1
1 0 0 0 0 1 0 0 0 1 0 0 1 0 1 0 0 0 1 1 1 0 0 1 0 1 1 0 1 0 1 1 0 0 0 0
1 0 1 0 1 1 1 0 0 1 0 0 0 1 0 0 1 1 1 0 1 0 0 0 1 1 0 1 1 1 0 1 0 1 1 0
1 1 0 0 1 0 1 0 0 0 1 1 1 0 0 0 1 0 0 1 1 0 0 1 1 1 1 1 1 1 1 1 0 1 0 0
0 1 0 1 1 1 1 0 0 1 0 0 1 1 0 0 0 0 0 1 0 0 1 1 0 1 1 1 1 1 1 0 0 1 0 0
1 0 1 0 0 1 0 0 0 1 1 0 0 0 1 0 1 1 0 0 1 0 1 1 1 0 0 1 0 1 1 1 1 0 1 1
1 0 1 1 0 0 1 1 0 0 0 0 1 0 1 0 0 0 1 1 1 1 1 0 1 1 1 1 0 0 1 0 0 0 0 0
0 0 1 0 0 1 0 0 1 0 1 1 0 0 1 0 0 0 1 0 0 0 0 1 1 1 0 1 1 0 1 1 1 0 1 1
1 1 0 1 1 0 0 0 0 0 1 1 0 1 1 1 0 1 0 0 0 1 0 1 1 0 0 0 0 0 1 1 1 1 1 1
0 1 1 1 1 0 0 1 0 0 1 1 1 0 0 0 0 1 0 0 0 0 0 0 0 0 0 0 0 1 1 0 1 0 0 0
1 0 0 0 1 1 0 0 1 0 1 1 0 1 1 1 0 1 0 1 0 1 0 1 0 1 0 1 0 1 1 1 1 1 0 1
0 0 0 1 0 1 1 0 1 0 0 1 1 1 1 0 1 0 0 0 1 0 0 0 0 1 1 0 0 1 1 1 1 1 0 0
0 1 0 1 0 0 0 1 1 0 1 0 0 1 0 0 1 0 1 0 1 1 1 0 1 1 1 0 0 1 0 1 1 1 0 1
0 1 0 0 0 1 1 1 1 0 1 1 0 1 1 1 1 1 0 0 0 1 0 1 0 0 1 1 1 1 0 0 1 0 1 1
0 1 1 0 1 1 1 0 1 1 1 0 1 0 0 1 0 0 0 1 1 1 0 1 0 0 0 1 1 1 0 1 1 1 1 1
1 1 1 1 1 1 1 1 1 1 1 1 1 1 1 0 0 0 1 0 1 0 0 0 0 1 1 1 1 0 1 1 0 0 0 1
1 0 0 0 1 0 1 1 1 0 0 0 1 1 0 1 0 1 0 1 0 1 1 0 1 1 0 1 1 0 1 0 1 1 1 1
0 1 0 1 1 1 0 1 1 0 0 0 1 0 0 0 0 1 1 0 0 1 1 0 1 1 0 0 1 1 1 1 0 0 1 1
0 1 0 0 1 0 0 1 1 1 0 0 1 0 1 0 1 1 0 0 1 0 0 1 0 0 0 0 1 1 1 0 1 1 0 0
1 0 0 0 1 1 0 1 0 0 1 0 0 0 0 1 1 0 0 1 0 1 1 0 1 1 0 0 1 0 1 0 1 1 0 0
1 1 0 0 1 1 0 1 0 1 1 0 0 0 0 0 0 0 0 0 1 1 0 1 1 1 0 1 0 0 0 1 1 0 0 1
1 0 0 1 0 1 0 0 1 0 1 0 1 1 1 1 1 1 1 1 1 1 0 0 0 0 1 1 1 1 0 1 0 1 1 0
1 1 0 1 0 1 0 0 1 0 0 1 1 0 0 1 1 1 1 0 0 0 0 1 1 0 0 1 0 1 0 1 1 0 0 0
1 0 0 1 0 0 1 1 1 0 0 1 0 1 1 1 0 0 0 1 1 0 1 1 0 0 0 1 1 1 0 1 0 0 0 0
0 0 1 1 1 0 0 0 0 1 0 1 0 0 1 1 0 0 0 1 0 1 1 0 0 1 1 0 1 0 0 1 0 0 0 0
1 1 1 1 0 1 1 1 1 1 1 1 0 1 0 1 0 0 0 0 0 0 1 0 1 1 1 1 1 1 0 0 1 0 1 1
0 1 0 0 0 1 1 1 0 0 0 1 1 0 0 1 1 1 0 0 1 0 1 1 1 1 0 0 1 1 0 0 0 0 1 0
0 1 0 0 0 1 0 1 0 1 1 0 1 0 1 0 1 0 1 1 0 0 0 0 1 1 0 0 1 1 0 1 1 0 1 0
0 0 1 0 1 1 1 0 1 0 0 0 0 1 1 1 1 1 1 1 1 0 1 1 1 1 1 1 1 1 0 0 0 1 0 0
1 0 0 1 1 1 0 1 0 1 0 1 0 0 0 1 0 1 0 0 1 0 0 0 0 0 1 0 0 0 1 1 0 1 0 0
0 0 0 0 0 0 0 0 0 1 1 0 1 0 1 0 1 0 1 0 0 1 1 1 1 1 0 0 0 0 1 0 0 0 1 1
1 1 1 1 1 1 1 0 0 0 1 0 0 0 1 1 1 0 1 0 1 0 0 0 1 0 0 1 1 1 1 1 0 0 0 0
1 1 0 1 0 1 0 0 0 1 0 1 0 0 1 1 0 1 1 0 0 0 1 1 1 0 1 1 0 1 0 0 1 1 0 1
1 1 1 0 1 0 1 0 0 0 1 0 0 0 1 1 1 1 0 0 0 0 1 1 0 1 0 0 0 1 0 0 1 0 0 0
0 1 1 0 0 0 0 0 0 1 1 0 1 1 1 1 1 0 0 1 0 1 1 1 1 0 1 0 0 0 0 1 1 0 0 0
1 1 1 1 1 0 0 0 1 1 0 0 0 0 1 0 0 1 0 1 0 1 1 0 1 1 0 1 0 0 1 0 0 1 0 0
0 1 1 0 1 1 0 1 0 0 0 0 1 1 0 1 1 1 1 0 0 0 0 0 0 0 1 1 1 1 1 1 1 0 1 1
0 0 1 1 1 1 0 1 1 0 0 0 0 1 1 0 0 0 1 0 1 1 1 1 1 1 0 0 0 1 0 1 1 0 0 0
1 1 1 1 0 0 1 0 0 1 1 0 1 1 0 0 0 0 0 1 1 0 0 1 0 0 0 0 0 1 0 1 0 1 0 0
0 0 0 1 0 1 1 0 1 1 1 1 0 0 1 1 0 1 1 0 1 0 1 0 1 1 0 0 0 0 0 0 1 0 1 1
0 0 1 1 0 0 0 0 0 0 1 1 1 0 1 0 1 1 1 0 1 0 0 1 1 0 1 0 1 1 1 0 0 1 0 1
1 1 0 1 0 1 0 0 1 1 1 1 1 1 0 0 1 0 0 0 0 0 1 0 1 0 1 1 1 1 1 1 1 0 0 0
0 0 0 0 0 0 1 0 1 1 1 1 0 0 0 1 1 0 0 1 1 0 1 1 1 0 0 1 1 1 0 0 0 1 0 1
0 1 0 0 1 1 1 0 1 0 0 0 0 1 0 0 1 0 1 1 1 1 0 0 0 0 0 0 1 0 1 1 1 0 0 1
0 0 1 0 0 0 1 0 1 1 0 0 1 0 0 1 1 1 0 1 1 0 0 0 0 1 0 1 0 1 0 0 1 0 1 0
0 1 0 0 1 0 1 1 0 0 1 1 0 1 1 1 0 0 1 1 0 1 1 1 0 1 1 1 1 0 0 1 0 0 0 1
0 0 0 1 1 1 0 0 1 0 0 1 0 0 1 0 0 1 0 0 1 1 0 0 1 0 1 0 1 1 0 1 1 1 1 1
0 1 1 0 1 0 0 1 1 0 0 1 0 0 1 1 1 1 0 0 0 1 1 0 0 0 1 1 1 1 0 0 0 1 1 0
0 1 0 0 1 0 0 1 1 1 0 1 0 1 0 1 0 0 1 0 0 1 0 1 1 0 1 0 1 0 0 0 0 0 0 1
0 1 0 0 1 0 0 0 0 1 1 0 1 0 0 0 1 1 0 1 1 1 1 1 1 1 0 1 0 0 1 1 0 1 1 0
1 1 0 1 0 0 1 1 1 0 1 1 1 0 1 1 1 1 1 1 0 1 1 1 0 1 0 1 0 0 0 0 1 1 0 0
1 1 0 0 0 1 1 1 0 0 1 1 1 0 1 1 1 0 1 1 0 0 0 1 0 0 0 0 1 0 0 0 0 0 0 0
0 0 1 1 1 1 1 1 1 1 1 1 1 0 1 1 0 1 0 0 0 1 1 1 1 0 1 1 0 1 1 0 1 0 0 0
1 0 0 0 1 0 0 1 1 0 1 1 1 0 1 0 0 1 0 0 1 0 1 0 1 1 0 1 1 0 0 1 1 0 0 0
0 0 0 1 1 0 1 0 0 1 0 0 0 1 0 0 0 1 1 0 0 0 0 1 1 0 0 0 0 1 1 0 1 1 1 1
1 0 1 1 1 1 1 0 1 0 0 0 1 0 0 1 1 0 1 0 0 1 0 1 1 1 1 1 0 0 0 0 1 1 1 0
0 0 1 1 0 0 0 1 1 0 1 0 0 1 0 1 0 1 0 0 1 0 0 1 1 0 0 0 1 0 1 0 1 1 0 0
1 0 0 0 0 0 1 0 0 0 1 0 0 1 1 1 1 0 1 0 1 1 1 1 0 0 0 1 1 0 1 1 1 0 0 0
1 1 0 1 1 0 1 1 0 0 0 1 1 1 1 0 1 0 0 1 0 1 1 0 1 0 1 1 0 0 0 1 0 1 0 1
1 1 1 0 1 0 1 0 0 1 0 0 1 1 0 0 0 0 0 1 1 1 1 0 0 1 1 0 1 1 0 1 1 0 1 0
1 1 1 1 0 0 1 1 1 1 1 0 1 0 0 0 1 0 1 1 0 1 0 1 0 0 1 1 0 1 1 0 1 0 0 1
1 0 0 1 0 0 1 0 0 1 0 0 0 0 1 0 1 1 0 0 0 0 1 0 0 0 0 1 0 0 0 1 1 1 0 1
0 1 0 1 1 1 1 1 0 0 1 0 1 1 0 1 1 0 1 0 1 1 0 0 1 1 1 1 0 1 0 0 0 0 0 0
1 1 1 1 1 1 1 1 0 0 0 1 1 1 1 1 0 1 0 0 0 0 1 0 0 1 1 0 1 1 0 1 1 1 0 0
0 1 0 1 0 0 1 0 1 1 1 0 1 1 1 1 0 1 1 1 0 1 1 0 1 1 1 1 1 1 0 0 1 0 0 0
0 0 0 1 0 1 1 1 0 0 0 1 0 0 1 0 0 1 0 1 0 0 1 0 1 1 1 1 0 0 1 0 1 1 1 1
1 1 0 0 0 0 1 0 1 0 1 1 0 1 1 0 0 0 1 0 0 0 1 1 0 1 0 1 0 1 0 1 1 1 1 0
1 1 0 0 0 1 0 0 0 1 0 1 0 1 0 1 1 0 1 1 1 1 1 0 1 1 1 0 0 0 1 1 0 1 0 1
1 1 1 1 1 1 0 0 1 1 0 1 0 1 1 1 0 1 0 1 1 0 0 1 0 1 0 1 0 0 1 0 1 0 0 0
0 0 0 1 0 1 0 1 1 1 0 0 1 1 1 1 1 0 0 0 1 0 1 1 1 0 1 1 0 1 0 1 1 1 0 1
0 0 0 0 0 0 0 1 0 1 1 1 1 0 1 1 0 0 1 1 0 1 0 1 1 1 0 1 0 1 0 1 0 1 0 0
0 0 1 1 0 1 0 1 1 0 1 1 0 0 0 1 0 1 1 0 0 1 0 0 1 0 1 1 0 0 1 1 0 0 1 1
0 0 0 1 1 0 0 1 0 1 0 1 1 1 1 1 1 1 1 1 0 1 0 0 0 1 1 0 0 0 1 0 1 0 0 1
0 1 0 1 1 1 1 0 1 0 0 0 1 0 0 1 1 1 1 0 1 0 1 0 0 1 1 0 0 0 1 0 0 1 0 1
1 0 0 1 1 1 0 0 1 0 1 0 1 1 1 0 0 1 0 1 0 0 1 0 1 1 0 0 0 0 0 0 0 1 1 0
0 1 0 0 0 1 1 1 1 1 0 0 0 0 1 1 1 1 0 1 0 1 0 1 0 1 0 0 0 1 0 1 0 1 0 1
0 0 0 0 0 0 1 0 1 1 0 0 1 0 0 0 0 1 0 0 0 1 1 0 0 0 1 1 0 0 1 1 1 0 0 0
1 0 0 0 1 0 1 0 0 0 1 1 1 1 0 0 1 1 0 1 1 0 0 1 0 1 0 1 0 0 0 0 1 0 0 1
1 0 1 1 1 1 0 0 0 1 0 1 0 0 0 0 1 1 1 0 1 0 0 1 1 0 1 1 1 0 1 1 0 1 1 1
1 0 1 1 0 0 0 0 1 0 0 0 1 0 1 1 1 0 0 1 1 1 1 0 0 0 0 1 1 0 1 1 1 1 1 1
1 1 1 1 1 0 0 0 1 1 1 0 0 1 0 0 0 0 1 1 1 0 0 0 1 0 0 0 0 0 0 1 0 0 1 1
1 1 1 0 0 1 1 1 0 0 0 0 0 0 0 1 0 1 0 0 1 1 1 0 0 0 0 1 0 0 0 1 0 1 0 1
1 1 0 1 1 1 0 1 0 1 0 1 0 0 1 0 1 0 1 0 1 1 1 0 0 1 0 1 0 1 0 0 1 1 1 0
1 0 1 0 0 1 1 0 0 1 1 1 1 0 1 1 0 0 1 0 1 1 0 0 1 0 0 0 1 1 1 1 1 0 0 0
1 0 0 0 1 1 0 0 1 1 0 0 0 1 1 0 1 1 0 1 0 0 1 1 1 1 1 0 1 0 0 1 1 1 1 0
1 1 1 0 0 0 0 0 1 1 1 1 1 1 1 0 0 0 1 0 1 0 0 0 1 1 1 0 0 0 0 0 1 1 1 0
0 1 1 0 1 1 0 1 0 0 0 1 0 1 1 0 1 1 0 0 0 1 0 0 1 1 0 0 0 0 1 1 1 0 0 0
0 0 1 0 0 1 0 1 0 1 1 0 0 1 1 0 0 0 1 0 0 0 1 1 0 1 1 1 0 0 0 1 1 1 0 0
1 1 1 1 0 1 0 1 1 0 0 0 0 1 0 0 0 0 0 0 0 1 0 0 0 0 1 1 1 0 1 0 1 0 0 0
1 1 0 1 1 0 0 1 0 0 0 1 1 1 1 0 1 0 1 0 1 1 1 0 1 1 0 0 1 0 0 0 1 0 1 0
0 1 0 1 1 0 1 0 1 0 0 1 0 0 0 0 1 0 0 0 1 0 1 1 0 0 0 1 0 0 1 0 1 1 1 0
0 1 0 0 0 0 0 1 0 0 1 1 1 1 0 1 1 1 0 1 0 0 1 0 1 1 0 1 0 0 1 0 1 1 0 0
1 1 1 1 1 0 1 0 0 0 1 1 0 0 0 0 1 0 0 0 0 1 1 1 1 0 0 1 1 0 0 0 1 1 0 0
1 0 1 0 1 0 1 1 1 0 1 0 0 0 0 1 0 0 1 0 0 1 0 1 0 0 1 1 1 1 1 1 0 1 0 0
1 1 1 0 1 0 1 0 1 1 1 1 0 1 1 0 1 1 0 1 1 1 0 1 1 0 1 1 0 1 0 1 1 0 0 0
1 0 0 0 0 1 1 1 0 0 0 0 1 1 0 0 1 0 1 0 0 0 0 0 1 0 0 0 0 0 1 0 1 1 1 1
0 1 0 0 0 0 1 0 0 0 0 0 0 1 1 1 0 0 1 0 1 0 0 0 1 1 1 1 1 0 0 0 1 1 0 0
1 0 1 1 1 1 0 1 1 1 0 1 1 0 1 0 1 1 0 1 0 1 0 1 0 1 0 1 1 0 0 1 0 0 1 1
0 1 0 0 0 1 1 1 1 0 0 1 0 1 0 0 1 1 1 1 1 0 1 0 0 1 1 0 1 1 0 0 0 1 1 1
0 0 0 0 0 0 0 1 1 1 1 1 0 0 0 1 0 0 0 1 1 1 1 0 1 0 1 0 1 1 0 1 1 0 1 1
1 1 0 1 0 1 0 0 0 0 1 1 0 1 1 0 0 0 0 0 1 1 0 1 1 0 1 0 0 0 0 0 0 0 0 0
0 0 1 0 0 0 1 0 0 0 1 0 1 1 0 0 0 1 0 0 1 1 1 1 0 1 1 1 0 1 1 0 1 1 0 0
1 0 0 0 0 0 1 1 1 0 0 1 1 1 0 1 0 1 1 1 1 1 0 0 1 0 0 0 0 1 1 1 1 1 1 0
0 1 1 1 0 0 0 1 0 0 1 0 0 1 0 0 1 0 0 1 1 0 0 1 1 1 1 1 1 1 1 1 0 0 0 1
1 0 1 0 1 0 0 0 1 0 0 1 1 0 0 0 0 0 1 1 0 0 1 1 1 0 0 0 1 1 0 0 1 0 0 1
0 0 0 0 1 1 0 1 1 1 0 1 0 1 0 1 1 0 0 0 0 1 1 1 0 0 0 1 0 0 1 0 0 1 0 1
0 1 1 1 1 0 0 0 0 0 0 0 0 1 1 1 1 1 0 0 0 0 1 1 0 1 0 0 1 0 1 0 1 1 1 1
1 0 0 1 1 1 0 1 1 0 1 1 1 0 0 1 1 1 0 0 1 0 1 1 0 1 1 1 1 1 1 1 1 1 1 1
0 0 0 1 0 1 1 0 1 1 1 0 0 0 1 0 1 0 1 0 0 1 0 0 1 1 0 1 0 0 1 1 1 1 1 0
0 1 1 1 0 1 1 0 0 0 1 0 1 1 0 0 0 0 1 1 0 1 1 1 1 0 0 1 0 0 0 0 1 1 0 1
0 1 1 0 1 0 1 1 0 1 1 0 0 1 0 0 0 1 1 0 1 0 1 1 0 1 0 0 1 1 0 0 0 0 1 1
0 1 0 0 0 1 0 1 1 0 1 0 0 1 0 0 0 0 0 1 0 1 0 0 0 0 1 0 1 0 0 1 0 1 0 0
1 0 0 0 1 0 0 1 0 0 0 1 1 1 0 1 0 1 1 0 1 1 0 1 0 1 0 1 1 1 1 1 1 0 1 1
0 1 0 1 0 1 1 0 1 1 0 0 1 1 0 0 0 1 0 1 1 0 1 1 1 1 1 0 0 1 1 1 1 0 1 0
1 0 1 1 0 1 0 0 1 1 1 0 1 0 1 0 0 1 1 1 1 1 1 1 0 0 0 0 1 1 1 1 0 0 1 0
1 0 0 1 1 0 0 1 0 0 1 1 1 0 1 1 1 1 1 1 0 0 1 1 0 0 1 1 1 0 1 0 0 0 1 0
1 0 1 0 1 1 1 1 1 0 0 0 1 1 1 0 1 0 0 0 1 1 1 1 1 0 1 0 0 1 0 0 0 1 0 0
0 0 1 1 1 1 1 1 1 1 0 0 1 0 1 1 0 0 1 1 1 1 1 1 0 1 1 0 1 0 0 0 0 1 0 0
0 1 1 0 1 0 1 1 1 0 0 0 1 0 1 1 0 1 0 0 0 0 1 1 1 0 1 1 1 0 1 1 0 1 0 1
0 1 1 1 1 1 1 0 0 1 0 0 0 0 0 0 1 0 0 0 0 1 0 1 0 0 0 0 1 1 1 1 1 1 0 1
0 1 1 1 0 1 0 0 1 1 0 0 1 0 0 1 0 1 0 1 0 0 0 1 1 0 1 0 0 0 0 0 0 1 0 0
0 1 1 0 0 1 0 0 0 1 0 0 0 1 0 1 0 0 1 1 1 1 1 0 0 1 1 1 0 1 1 1 1 0 1 1
0 0 0 0 1 0 1 0 0 1 1 0 1 0 0 0 0 0 0 1 1 0 1 0 0 0 1 1 1 0 1 1 0 0 1 0
1 1 1 0 1 1 1 1 1 1 1 1 1 1 1 1 1 0 1 1 1 0 0 0 0 1 1 1 1 0 1 0 1 1 1 0
0 0 0 0 1 0 0 0 0 0 0 1 0 0 1 1 1 0 1 0 0 0 0 1 1 1 1 0 0 1 0 1 0 1 1 0
1 0 1 0 1 1 1 1 1 1 1 0 0 0 0 1 1 0 1 0 0 0 1 0 1 1 0 1 0 1 1 1 0 1 0 1
0 1 1 1 1 0 1 0 1 0 1 0 1 0 1 1 0 1 1 0 1 0 0 0 0 1 0 1 0 0 1 0 1 0 1 0
1 0 1 0 0 0 1 1 1 0 0 1 1 0 0 0 0 0 1 0 1 0 1 1 1 0 1 0 1 1 1 1 0 0 1 1
0 1 0 1 1 1 1 1 0 1 1 0 0 1 1 1 1 0 0 0 0 0 1 0 1 0 1 0 0 0 1 0 1 0 0 1
0 0 0 0 0 0 1 0 1 1 0 1 1 0 0 0 0 0 1 0 1 1 0 0 1 1 0 1 1 0 0 1 1 1 0 1
1 1 0 0 1 1 1 1 0 0 0 0 0 0 1 0 0 1 0 0 0 1 1 1 1 1 1 0 1 1 0 1 0 1 1 1
1 1 0 0 1 0 1 1 0 1 1 1 0 1 0 0 0 0 1 1 1 0 1 1 1 1 0 0 0 0 1 1 1 1 0 0
1 1 1 1 0 1 0 1 0 0 0 0 1 1 1 1 1 0 1 1 1 0 1 1 0 1 0 0 0 1 1 0 0 0 0 1
0 0 0 1 1 0 1 1 1 0 0 1 0 1 0 1 0 0 0 0 1 1 1 0 0 1 1 1 0 1 0 0 1 0 1 1
0 0 0 1 0 1 0 0 1 1 0 1 1 0 0 0 1 0 1 1 0 0 0 1 0 1 0 0 1 1 1 0 0 1 0 1
1 0 0 1 0 0 1 0 0 1 0 0 1 0 0 1 1 0 1 0 0 0 0 0 1 1 1 1 1 0 0 1 0 1 1 1
0 0 1 1 1 1 0 0 0 0 1 1 1 0 0 1 0 1 1 1 1 0 0 0 0 0 1 0 0 1 0 0 1 1 1 0
1 0 1 1 0 1 1 0 1 0 1 1 0 0 1 0 1 1 1 1 1 0 1 0 1 0 1 0 1 0 1 0 1 1 0 1
0 0 1 0 1 0 1 0 0 1 0 1 1 1 0 0 1 1 1 1 1 0 1 0 1 0 1 0 0 0 1 0 0 0 0 1
0 0 1 1 0 0 1 1 1 0 0 0 0 0 0 1 1 0 0 0 0 0 0 1 0 0 0 0 1 1 1 0 0 0 1 1
0 1 1 1 1 0 1 0 0 0 0 1 0 0 1 0 0 0 0 1 0 0 0 0 0 0 0 1 0 1 0 1 1 1 0 1
1 1 0 1 0 0 1 1 0 1 0 0 0 1 1 0 1 1 0 1 1 0 0 0 0 0 0 0 1 1 1 0 0 0 0 0
0 0 0 1 0 1 1 0 1 1 0 1 1 0 1 1 0 1 0 0 0 0 0 1 0 1 0 0 1 1 1 1 0 0 1 1
1 1 0 0 1 0 0 0 1 0 0 0 1 0 1 1 0 0 0 1 0 0 1 0 0 1 1 1 0 1 1 1 1 0 1 0
0 1 1 1 0 0 0 1 1 1 0 1 1 1 0 0 1 1 1 1 1 1 1 0 0 1 1 1 0 1 0 0 1 1 0 0
1 1 0 1 0 1 1 1 0 0 0 1 1 0 1 0 0 0 0 0 0 1 0 1 0 1 0 1 0 1 1 0 1 0 0 0
0 0 0 1 0 0 1 1 0 0 1 1 0 0 0 0 1 1 1 1 0 1 1 0 1 1 1 0 1 1 0 0 0 0 1 0
C Elapsed Time 148687.230000 
