685 63 2^63 6
0 1 0 1 0 0 1 1 0 1 0 1 1 0 1 1 1 0 0 0 1 1 0 1 0 0 1 1 0 1 1 1 0 1 1 0 1 0 0 0 0 0 1 1 1 0 0 0 0 1 0 1 1 0 0 1 0 1 1 0 1 1 0
0 0 0 1 1 1 0 1 1 1 1 0 0 0 0 1 1 0 0 0 1 0 1 0 0 1 0 0 0 0 0 1 0 0 1 1 0 0 0 0 1 1 1 1 1 1 1 0 1 1 0 1 1 0 1 0 1 1 0 1 1 0 0
0 1 0 0 0 0 1 1 1 1 1 1 1 0 0 1 1 0 0 1 1 0 1 0 0 1 1 0 1 1 1 0 0 0 0 0 0 0 0 1 1 0 1 1 0 1 1 0 0 1 0 1 0 1 0 0 0 1 0 0 0 0 0
1 0 1 0 0 1 1 0 1 0 0 0 0 0 1 1 0 0 0 1 0 1 0 1 1 0 1 1 1 0 1 1 1 1 0 1 1 0 0 1 0 1 0 0 1 1 0 0 1 0 1 1 1 1 1 1 0 0 0 0 1 1 0
1 0 0 0 0 1 1 1 0 0 1 1 1 1 0 1 1 0 1 1 0 0 1 0 1 0 0 1 1 0 0 0 1 0 1 1 1 0 0 0 0 0 1 0 1 1 1 0 0 1 0 0 1 1 0 1 0 1 1 1 0 1 1
0 1 1 1 0 1 1 1 0 1 0 0 0 0 0 0 0 0 0 1 0 1 1 0 1 1 1 0 0 0 1 0 1 1 0 0 1 1 0 0 1 1 1 1 1 0 0 0 1 0 1 0 1 1 1 0 0 1 0 1 1 1 1
1 0 1 0 0 1 0 1 1 1 1 1 0 1 1 0 0 0 0 1 1 0 0 0 0 0 0 0 1 0 0 1 1 0 0 0 1 1 1 1 0 1 0 0 0 0 0 0 0 0 1 0 0 0 0 1 0 1 0 0 0 0 0
0 1 1 0 0 1 0 1 1 0 1 0 1 1 0 0 0 0 1 0 0 0 0 0 0 1 1 0 0 0 0 0 0 0 1 0 0 0 1 0 0 0 1 0 1 0 1 0 1 0 1 0 1 0 1 1 0 0 1 0 1 0 0
0 1 1 0 1 1 1 1 1 1 1 1 0 0 0 0 1 0 1 1 0 0 1 1 0 0 0 0 1 1 1 1 1 0 1 1 1 1 1 1 0 0 0 0 1 1 1 0 0 0 1 1 1 1 0 0 1 0 1 0 1 0 0
0 0 0 1 0 1 0 0 1 0 0 0 0 0 1 0 0 0 0 0 0 0 1 1 0 1 1 0 1 0 0 0 1 0 1 0 1 1 1 1 0 1 1 1 0 1 1 0 0 1 0 0 1 0 0 0 1 0 0 0 0 1 1
1 1 1 1 0 0 1 1 1 0 0 0 1 1 1 1 1 0 0 0 0 0 0 0 1 1 1 0 1 1 1 1 1 0 0 0 1 1 1 0 1 0 0 0 1 1 1 0 1 1 1 1 1 0 1 0 1 0 1 1 0 1 1
1 0 1 0 0 1 0 0 1 1 1 0 0 0 0 1 0 0 1 1 0 1 1 0 0 0 1 1 0 0 0 1 0 0 0 1 0 1 1 1 0 0 0 0 0 1 0 0 1 1 1 0 1 1 0 0 0 1 0 1 0 1 1
1 1 0 0 0 1 1 0 0 1 1 1 0 1 1 1 0 0 0 1 1 1 1 1 1 0 1 0 0 1 1 1 0 1 1 1 1 1 1 0 0 1 1 0 0 1 0 0 0 1 1 0 0 1 1 1 1 0 0 1 0 0 1
1 0 0 1 1 0 1 1 1 1 1 0 0 1 1 0 1 1 1 0 0 0 0 1 0 0 0 1 0 1 0 0 1 1 0 1 0 0 0 1 0 1 0 0 1 0 0 0 0 1 1 1 1 0 0 0 1 1 1 1 0 1 0
1 1 1 0 0 1 1 1 0 0 0 1 0 1 0 1 0 1 0 0 1 0 0 1 0 0 1 0 1 1 1 1 1 0 1 1 1 1 0 0 1 0 1 1 1 1 1 0 1 0 0 0 0 0 1 1 0 1 1 1 0 0 0
0 0 0 0 0 1 0 0 0 1 0 0 1 0 1 0 1 1 0 0 0 0 1 1 1 1 1 1 1 1 0 1 0 1 1 0 0 1 0 1 0 1 0 0 0 1 0 0 1 1 1 1 0 1 0 0 0 0 1 1 1 0 0
1 0 1 0 0 1 0 1 1 0 0 0 1 1 0 0 1 1 1 1 1 1 1 1 0 1 1 1 1 1 0 0 0 0 1 1 1 1 0 0 1 1 0 0 0 0 0 0 0 0 1 1 1 1 1 0 0 0 0 0 1 1 0
0 1 0 1 1 0 0 1 1 1 1 1 1 0 0 0 0 1 0 0 1 0 0 0 1 1 1 1 1 1 1 0 1 0 1 0 1 0 0 0 1 1 0 1 1 0 1 0 0 0 1 0 0 0 0 0 0 0 0 1 1 0 1
0 0 0 0 1 1 0 1 0 0 1 1 1 0 1 1 1 1 0 1 1 1 1 1 1 0 1 0 1 0 0 0 0 0 0 0 0 0 0 1 1 1 0 1 0 1 0 0 0 0 0 0 0 0 1 0 0 0 0 1 1 0 1
1 1 1 0 0 0 1 1 1 1 1 1 1 1 0 1 0 1 0 0 0 1 1 1 0 1 0 0 0 0 0 1 1 0 0 1 1 0 0 1 0 0 0 1 0 1 0 0 0 1 1 0 1 1 0 1 1 0 0 1 1 0 1
1 1 0 1 0 0 1 0 0 0 1 1 1 1 0 0 0 1 1 0 1 1 0 1 1 1 1 0 1 1 1 1 1 0 0 0 1 1 0 1 0 0 0 1 0 0 0 0 0 0 1 0 1 1 1 0 0 1 1 0 1 0 1
0 1 1 0 0 0 1 1 0 0 0 1 1 0 1 1 1 1 1 0 1 0 1 0 1 0 0 1 1 1 0 1 0 1 1 1 1 0 1 1 1 1 1 1 1 1 0 1 0 0 0 1 1 0 0 0 0 0 0 0 1 0 0
0 1 1 0 0 1 0 0 1 1 1 1 1 1 0 1 1 1 1 1 0 1 0 1 0 0 1 1 0 0 1 1 0 1 0 1 1 1 1 1 0 1 1 1 0 0 0 0 0 0 1 0 1 0 1 0 0 0 1 1 0 0 0
0 0 0 0 1 1 0 0 1 1 1 0 0 0 1 1 0 1 0 1 0 1 0 0 1 1 0 0 1 1 1 1 1 1 0 0 1 0 1 1 1 1 1 0 0 1 1 0 1 1 1 0 0 1 0 1 1 1 1 0 1 0 0
1 1 1 1 0 0 1 0 1 1 0 1 0 0 0 1 0 1 0 1 0 0 0 0 0 1 1 1 1 1 0 0 0 1 0 1 1 0 1 0 0 1 1 0 0 1 1 0 1 1 1 0 1 1 1 1 1 0 0 1 0 1 0
1 1 0 0 0 1 1 1 0 0 0 1 1 0 1 1 1 1 1 0 1 1 0 0 0 0 1 1 0 1 1 0 1 1 0 0 1 0 1 0 1 1 1 0 1 0 1 0 1 0 1 0 1 0 0 1 0 1 0 0 0 1 1
0 1 0 1 1 0 0 1 0 1 0 1 0 0 0 1 1 1 0 0 0 0 1 0 0 1 1 0 0 0 1 1 1 0 0 1 1 1 1 0 1 0 1 0 0 0 1 0 0 1 1 0 0 0 1 1 1 1 0 1 0 0 1
1 1 0 0 0 1 1 1 1 0 1 0 0 0 1 0 1 1 1 0 0 1 0 0 1 1 1 0 1 1 0 0 0 0 0 1 1 1 1 1 1 1 1 0 1 0 0 0 0 1 1 0 1 1 0 0 0 0 1 0 1 0 1
0 1 1 0 0 0 1 0 0 1 1 1 1 0 0 0 1 0 0 0 1 1 0 1 0 1 0 1 1 0 0 1 1 1 0 0 1 1 0 1 0 1 0 1 1 1 1 1 1 0 1 0 0 0 0 0 1 1 0 1 1 1 0
0 1 0 1 0 1 0 0 0 0 0 0 0 0 1 0 1 0 0 1 1 0 1 1 0 0 0 1 0 0 0 0 1 0 1 0 1 0 0 0 1 1 0 0 1 0 0 1 1 1 0 1 0 0 1 1 0 0 1 1 0 1 0
0 0 1 1 0 0 1 1 1 1 0 0 1 1 0 0 0 0 0 1 0 1 1 1 1 0 1 1 1 0 1 1 0 0 1 1 0 1 0 0 0 1 0 1 0 1 1 1 0 0 0 0 0 1 0 1 1 0 1 1 1 1 0
0 0 1 1 0 0 1 0 0 1 0 1 0 1 1 1 0 0 1 0 0 0 1 0 0 0 0 0 1 0 0 1 1 1 0 1 1 1 0 0 0 0 1 1 1 0 1 1 1 1 1 0 1 1 1 0 1 0 1 0 1 1 0
1 1 0 0 1 0 1 0 1 0 1 0 1 0 0 0 1 0 1 0 1 0 0 1 0 0 1 0 0 0 0 0 0 0 1 1 0 1 0 0 1 1 0 0 0 1 1 1 0 1 1 0 1 0 0 1 0 0 0 0 0 0 1
1 0 1 0 1 1 0 1 0 0 1 0 1 0 0 1 1 0 0 0 1 0 1 0 0 0 1 1 1 0 1 0 0 1 0 1 1 1 0 1 1 0 1 1 0 1 1 1 1 0 1 0 1 0 1 1 1 1 0 0 0 1 1
1 0 1 0 0 1 1 1 0 1 0 1 1 1 0 0 0 0 0 1 1 0 1 0 1 0 0 1 0 1 0 0 0 0 0 0 0 1 0 0 0 0 0 0 1 0 0 1 0 1 0 1 1 1 0 0 1 0 1 1 0 0 1
1 0 1 1 0 1 1 0 0 0 0 1 1 1 1 1 1 0 1 1 0 1 1 1 0 1 0 0 0 1 1 0 0 0 1 1 0 1 0 1 0 1 0 1 1 1 0 1 1 1 0 0 1 1 1 0 1 1 0 1 1 1 1
1 1 0 1 0 0 0 0 0 1 0 0 0 0 0 1 1 0 1 1 1 0 0 0 1 0 1 0 0 1 1 0 1 1 1 0 1 1 1 0 1 1 1 0 0 1 1 1 1 1 1 1 0 0 0 0 1 1 1 1 0 0 0
0 1 0 0 1 0 1 1 1 1 0 0 1 1 1 0 0 0 1 0 1 1 0 1 0 1 0 0 1 1 0 1 0 0 0 0 0 1 1 1 0 1 1 0 0 0 0 1 0 1 0 0 0 0 1 0 0 0 0 1 0 1 0
1 0 0 1 0 0 0 1 0 1 0 0 1 1 1 0 1 0 0 1 0 0 0 1 0 0 0 1 1 0 1 1 0 1 0 0 0 1 1 0 1 1 0 1 1 0 0 1 1 0 1 1 0 1 0 1 1 0 0 0 1 0 0
1 0 1 1 0 1 1 0 1 1 0 0 1 1 0 0 1 0 0 1 1 0 0 0 0 1 0 1 1 1 1 0 1 0 0 1 0 0 1 0 1 1 1 1 1 0 1 1 0 1 1 0 1 1 1 1 0 0 1 0 0 1 0
0 0 0 0 0 1 0 1 0 0 0 1 1 1 0 0 0 0 1 0 1 0 1 1 0 0 0 0 0 0 1 0 0 0 0 0 1 1 1 0 1 0 1 0 1 1 1 1 0 1 1 1 1 0 0 0 0 1 0 1 1 1 1
0 0 1 0 1 1 1 0 1 0 1 1 1 0 1 1 0 0 1 0 1 1 0 1 1 1 1 1 1 0 1 1 0 0 1 0 0 1 1 0 0 0 1 1 0 1 0 1 0 0 0 0 1 0 1 1 1 0 1 1 0 1 1
1 1 0 1 0 0 0 0 0 1 1 1 1 0 1 0 0 0 1 0 0 0 0 0 0 1 0 0 0 1 1 1 1 0 1 0 0 1 1 1 0 0 1 0 1 0 0 1 0 0 1 0 0 1 0 0 1 1 1 1 0 0 1
1 0 0 0 1 1 0 0 0 1 0 1 0 1 0 0 0 0 0 0 0 0 0 1 0 1 1 0 0 1 1 0 0 1 0 0 0 1 1 1 1 0 0 0 1 1 1 1 0 1 1 0 1 1 1 1 1 1 1 0 0 0 1
0 0 0 0 1 1 1 1 1 0 0 0 0 1 0 1 1 1 1 1 0 0 1 1 0 1 1 1 0 0 1 1 1 1 0 0 0 0 0 0 0 0 0 0 1 0 1 1 0 0 0 1 0 0 1 1 0 1 0 1 1 0 0
1 1 1 1 1 0 1 1 1 1 0 1 0 1 0 1 1 1 1 0 1 1 0 1 0 0 1 0 1 1 0 1 0 1 0 0 0 1 0 0 1 1 1 0 1 1 0 1 0 1 1 0 0 1 0 1 1 0 1 1 1 0 0
0 1 1 1 0 0 1 1 0 1 1 0 0 0 1 1 1 1 1 1 1 0 0 1 0 0 0 1 0 0 1 0 1 0 0 1 1 0 0 0 1 0 1 0 0 1 0 1 0 0 1 0 1 1 1 0 0 0 0 1 1 0 0
0 1 0 1 1 0 1 0 1 0 1 1 0 0 0 1 1 1 1 1 1 0 0 0 1 1 0 1 1 1 1 1 0 1 0 1 0 0 0 1 1 0 1 0 0 1 1 1 0 1 1 1 1 0 0 0 1 0 1 1 1 0 1
1 0 0 1 1 0 0 0 0 1 0 1 1 0 0 1 1 1 1 0 0 0 1 1 0 0 0 0 1 0 0 1 0 0 1 1 1 1 0 0 0 0 0 0 1 0 0 1 0 0 0 0 1 0 1 1 0 0 1 0 1 1 1
0 1 1 0 0 1 0 1 1 0 0 1 0 0 1 1 0 1 0 0 1 1 0 0 1 1 0 0 0 1 1 0 0 0 1 0 0 1 0 1 1 1 1 0 1 1 0 1 1 0 1 1 0 1 0 0 0 0 0 1 0 0 1
1 0 0 0 1 1 1 0 1 0 0 1 1 0 0 0 1 1 0 0 0 1 1 1 0 0 1 1 0 1 0 1 1 1 1 1 0 1 0 0 1 1 0 0 0 1 1 1 1 0 1 1 1 1 1 0 1 1 1 1 1 1 1
0 0 1 0 1 0 0 0 1 1 0 1 1 1 1 0 0 1 0 0 0 0 1 1 0 0 0 0 0 1 0 0 0 0 0 0 1 1 1 1 0 1 1 1 1 0 1 1 1 1 0 1 0 0 0 1 1 1 1 1 1 0 0
1 1 1 1 0 1 0 0 0 0 0 1 0 0 0 0 1 1 0 0 0 0 0 0 1 1 1 1 1 0 0 0 0 1 1 1 1 0 0 0 1 0 0 1 1 1 1 1 1 1 1 1 0 0 1 1 0 1 0 0 1 1 0
1 0 0 1 1 0 1 1 0 1 1 1 1 0 1 1 0 1 1 0 0 0 0 1 1 1 1 0 0 1 0 1 0 0 1 1 0 1 1 0 1 0 0 1 0 1 1 1 0 1 1 0 0 1 0 0 0 1 0 1 1 0 0
0 1 0 1 1 1 1 1 1 0 1 0 0 1 1 0 0 1 1 0 0 0 1 0 1 0 1 1 0 1 1 0 0 0 1 1 0 1 1 1 1 1 1 0 0 0 0 1 1 0 1 0 1 1 1 1 1 1 1 1 0 1 0
0 0 1 0 1 1 1 1 0 1 1 0 0 0 1 0 0 1 0 0 1 1 1 1 0 0 0 1 0 0 1 1 1 0 1 0 1 0 1 0 0 1 1 1 1 1 0 1 0 1 0 0 0 0 0 1 1 1 0 1 1 1 1
1 1 0 0 0 0 1 1 0 1 1 1 1 1 1 1 0 1 0 0 1 0 0 1 1 1 0 1 0 0 1 0 1 1 0 1 0 0 1 0 1 1 0 1 1 0 0 1 1 1 0 0 0 0 1 0 0 1 1 0 0 0 1
0 1 0 1 0 0 0 0 0 0 1 1 0 0 1 1 1 1 0 0 0 0 1 1 0 1 0 1 0 0 1 0 0 0 0 0 1 1 1 1 1 0 0 1 0 0 1 1 1 0 0 1 1 1 1 0 1 0 0 1 0 0 1
0 0 1 1 0 1 1 1 1 1 1 0 0 1 0 1 0 0 1 1 0 1 1 1 1 1 0 1 0 0 1 0 1 0 0 0 0 1 0 1 1 1 1 0 0 1 0 0 0 1 0 1 0 0 1 1 0 1 1 1 0 0 0
0 0 0 0 1 1 1 1 0 0 0 0 0 0 1 1 0 1 0 0 1 1 1 1 0 1 0 1 0 0 0 1 0 1 0 1 0 0 0 1 1 1 1 1 0 0 1 1 0 1 1 0 0 1 1 1 0 0 0 0 1 1 1
0 1 0 1 0 1 0 0 0 0 1 1 1 0 0 1 0 0 1 1 1 0 1 1 0 0 0 1 0 0 0 1 0 1 0 0 1 0 1 0 0 1 0 0 0 1 1 0 0 0 0 0 1 1 1 0 1 1 1 0 1 1 0
1 0 1 1 0 1 1 0 1 0 1 0 1 1 0 0 0 1 1 0 1 1 0 0 1 1 0 1 1 0 0 0 1 0 0 0 0 0 1 1 1 1 0 0 0 1 1 1 1 0 1 1 0 1 1 0 1 0 1 1 1 0 0
1 0 1 1 1 1 0 0 0 0 1 1 1 0 1 0 1 1 0 1 0 1 0 1 1 0 0 0 0 1 1 1 0 1 0 0 1 1 0 0 1 0 1 0 0 0 1 0 1 1 1 0 0 1 1 1 0 0 1 1 0 1 0
0 1 1 0 1 1 1 0 0 0 1 1 0 1 1 1 1 0 0 0 1 0 0 1 1 1 1 1 0 1 0 0 1 0 1 1 0 0 0 1 0 0 1 1 0 1 1 0 1 1 1 0 0 1 1 0 0 0 1 0 1 1 0
0 0 1 1 0 0 0 0 0 1 1 0 1 1 0 1 0 1 0 0 1 0 1 1 1 1 0 1 1 1 1 1 1 1 1 0 1 1 0 1 0 0 1 0 1 1 0 1 1 0 0 0 1 1 1 1 0 0 0 1 0 1 0
0 1 0 0 1 0 0 0 0 1 0 0 1 1 0 0 0 1 1 1 1 1 0 1 1 0 0 1 0 0 1 0 1 1 1 1 0 0 1 0 0 0 0 0 1 0 1 0 1 1 1 1 1 1 1 1 0 0 1 1 1 1 0
0 1 0 1 0 1 1 0 1 0 0 1 1 1 0 0 0 0 0 0 0 0 1 0 1 0 0 0 1 0 1 1 0 0 1 0 1 0 1 1 1 1 1 0 1 1 1 1 0 0 1 0 0 1 1 0 1 0 0 0 1 1 0
1 1 0 0 0 1 1 0 0 0 0 0 1 0 0 1 0 1 1 0 0 0 1 1 1 1 0 0 1 1 1 0 1 0 1 0 0 1 1 0 1 0 1 1 0 0 1 1 1 1 0 0 1 1 1 1 1 0 0 0 1 0 1
0 0 0 1 1 0 0 0 1 0 0 0 0 1 0 1 0 1 1 1 1 0 1 1 0 0 0 0 0 1 0 0 0 1 1 0 0 1 0 1 1 1 0 0 0 1 1 0 1 0 0 0 0 1 1 1 1 0 0 0 1 0 1
1 1 1 1 0 1 0 0 0 0 1 1 1 1 1 1 0 1 0 1 1 0 1 1 0 1 1 0 1 1 0 0 0 1 1 1 0 0 1 1 0 0 1 0 0 0 1 0 0 0 0 1 1 0 0 1 1 0 1 1 1 1 1
1 1 0 1 1 0 0 1 0 1 0 0 0 0 1 1 1 1 1 1 1 1 1 1 0 1 1 0 0 1 0 1 1 1 1 1 1 0 1 1 0 1 1 0 1 0 0 0 1 0 1 0 0 0 1 0 0 1 0 0 1 0 1
1 0 0 0 1 1 0 1 1 0 0 1 1 1 0 1 1 1 0 1 0 0 0 0 1 0 0 1 0 1 1 1 0 0 1 1 1 0 1 1 1 1 0 0 1 0 0 0 0 1 0 0 1 1 0 1 1 1 0 0 0 0 1
1 0 0 1 0 1 0 0 1 0 1 1 0 1 1 0 0 0 1 0 0 1 1 0 0 1 1 1 0 0 1 1 1 0 0 1 1 0 1 1 1 0 0 0 0 0 1 0 1 0 0 0 0 1 1 1 0 1 1 0 1 1 1
0 1 0 1 0 1 1 0 0 0 0 0 0 1 1 1 0 1 1 1 1 1 0 0 1 1 1 0 0 0 0 1 0 1 0 0 0 1 0 1 0 0 1 1 0 1 1 0 1 1 1 0 1 0 0 1 1 0 0 1 0 0 0
1 0 1 0 0 1 1 1 1 1 1 0 1 1 1 1 0 1 1 1 1 1 1 0 0 0 0 0 0 0 1 0 0 1 0 0 1 0 0 1 0 0 1 0 1 0 0 1 1 1 0 1 1 0 1 0 1 1 0 0 0 0 1
0 0 1 1 1 1 0 0 0 1 0 1 0 0 1 0 0 0 1 0 1 0 0 1 0 0 1 1 1 1 0 1 1 0 1 1 1 1 1 1 0 1 0 1 1 1 1 1 1 0 1 1 1 1 1 1 0 0 0 1 1 0 1
0 1 1 0 0 0 1 1 0 1 0 1 0 0 0 1 0 0 1 1 0 1 1 0 0 1 1 1 1 0 1 1 0 0 1 0 1 0 0 1 0 0 0 0 0 0 0 1 1 1 0 0 0 1 1 1 0 0 0 0 1 0 0
0 0 1 1 0 0 0 1 1 0 1 1 0 1 0 0 0 0 1 1 1 1 1 0 1 1 1 1 0 0 0 0 1 1 1 1 1 1 0 0 0 0 1 0 1 1 1 1 0 0 1 0 0 0 1 0 1 1 1 0 1 0 1
1 1 1 0 1 1 1 1 1 0 0 1 0 0 0 0 1 1 0 1 0 1 0 1 0 1 0 0 0 0 0 0 1 1 1 0 1 0 0 0 1 0 1 1 0 0 1 0 1 1 1 0 0 0 0 0 1 1 1 1 1 0 1
1 1 0 1 0 0 0 0 0 1 1 1 0 0 1 1 1 0 1 1 0 1 0 0 0 1 1 0 1 0 0 0 1 0 0 1 0 1 0 0 0 0 1 0 1 0 1 1 1 1 0 1 0 1 0 1 0 1 0 0 0 0 1
0 0 0 1 0 0 1 0 0 0 1 0 1 1 1 1 1 0 1 1 1 0 0 0 1 1 1 1 0 1 0 0 0 0 0 0 1 1 1 1 1 0 0 0 0 0 1 0 0 0 0 1 1 0 1 1 0 1 0 0 1 1 1
1 0 1 0 1 1 1 1 1 1 1 1 1 0 1 1 1 0 0 0 0 1 1 0 0 1 0 0 1 1 1 1 1 0 0 0 1 1 0 0 1 0 0 1 0 0 1 1 0 0 0 0 0 0 0 0 1 0 1 0 1 1 1
1 1 0 0 0 1 1 0 0 1 1 0 1 1 1 1 0 1 0 1 0 1 1 1 1 0 0 1 1 1 0 0 1 0 0 0 0 1 1 1 0 0 1 1 1 0 0 0 0 0 0 0 0 1 0 0 0 0 0 0 1 1 0
0 1 0 0 0 1 1 0 1 0 1 0 0 0 1 0 0 1 1 1 1 0 1 0 0 1 1 0 1 1 1 0 1 1 0 1 0 0 1 0 0 0 0 0 1 1 0 0 0 0 0 0 1 0 1 0 1 1 0 0 0 1 0
0 1 0 0 0 0 1 0 1 1 0 1 1 1 0 1 0 1 1 1 1 1 1 0 1 1 0 0 1 0 0 0 0 0 0 0 1 1 0 0 0 1 1 1 1 1 0 0 1 1 0 0 0 0 1 1 0 0 1 0 1 1 1
1 1 0 1 1 1 1 0 0 1 1 1 1 0 1 1 1 0 0 0 1 0 0 0 0 1 1 0 1 0 0 0 0 1 1 0 1 0 1 1 0 1 0 1 0 0 0 1 1 1 0 0 0 1 0 1 1 0 0 0 1 1 1
0 0 0 1 1 1 0 1 1 1 1 0 1 0 0 0 0 1 1 1 0 0 0 1 1 1 0 0 1 0 1 0 0 1 0 0 0 1 0 0 0 0 1 0 0 0 1 1 0 0 1 0 1 1 0 0 1 1 0 0 1 1 0
0 1 0 0 0 0 1 0 1 0 0 0 0 1 1 0 1 0 1 0 0 1 0 0 0 0 1 1 0 0 0 1 0 1 1 0 0 1 1 1 1 1 0 1 1 0 0 1 1 1 0 1 0 0 1 0 0 1 0 0 1 0 1
0 0 0 0 0 1 0 0 0 1 1 1 1 0 1 1 0 1 1 0 0 1 0 0 0 0 0 0 0 1 0 1 0 1 1 1 0 0 1 0 1 1 0 1 0 1 0 1 1 0 1 1 0 0 0 0 1 0 1 0 1 1 1
1 1 0 1 0 0 1 1 0 0 0 1 1 0 1 0 0 0 1 1 1 1 0 1 0 1 1 1 1 0 1 0 0 0 0 1 0 0 1 1 0 0 1 1 0 1 0 0 1 0 1 1 0 0 0 0 1 0 1 0 0 0 0
0 0 0 1 0 1 0 1 1 1 0 0 0 0 0 0 0 0 1 0 1 0 0 0 0 0 1 0 1 0 1 0 0 0 0 1 1 0 0 0 1 1 0 0 0 0 0 0 1 1 1 1 1 1 1 1 1 1 1 0 0 0 1
0 1 1 1 1 0 1 0 0 1 0 0 0 1 1 0 0 1 1 0 1 1 0 1 1 1 0 1 0 1 1 1 1 0 1 1 1 1 0 0 1 1 0 0 1 0 1 1 0 1 0 1 0 1 0 1 0 0 1 1 0 0 1
1 0 1 1 1 1 0 1 1 1 1 0 1 0 1 1 0 0 1 0 1 0 0 1 0 0 1 1 1 1 0 1 1 1 0 1 0 0 0 0 0 0 1 1 0 1 1 0 0 1 0 0 0 0 0 0 1 1 0 0 1 1 1
1 0 0 1 0 0 1 1 0 0 1 1 1 0 1 1 0 0 1 1 1 1 1 0 1 0 0 1 1 1 0 1 1 0 1 0 0 1 0 0 1 1 1 0 1 1 1 0 1 1 0 0 0 1 0 1 1 0 0 0 0 0 0
0 1 0 0 1 0 1 1 0 1 0 1 0 1 1 0 1 0 1 1 1 0 1 1 0 1 0 0 0 0 0 0 1 0 0 1 1 1 1 1 1 0 1 1 0 1 0 1 1 1 0 0 1 0 0 1 0 0 1 0 0 0 1
0 1 1 0 1 1 1 1 0 0 0 1 1 1 1 1 1 0 0 0 0 1 1 0 0 1 1 0 1 0 1 1 1 0 1 1 0 1 1 1 1 1 1 1 1 0 1 1 0 1 0 1 0 0 0 1 0 0 0 1 0 1 0
0 0 1 1 1 1 0 0 0 0 0 0 0 1 1 0 0 1 0 0 1 0 1 0 0 1 0 0 1 1 0 1 1 1 0 1 1 0 0 0 0 1 0 1 0 1 1 1 1 0 1 0 0 0 1 1 1 1 1 1 0 0 1
1 1 0 1 1 1 1 1 1 1 0 0 0 0 0 0 1 1 1 0 1 1 1 0 0 0 1 0 1 0 1 0 1 0 0 0 1 0 1 0 0 1 0 1 1 0 1 1 1 0 0 1 1 1 0 0 0 0 0 0 1 0 1
1 1 1 0 1 0 1 1 0 0 0 1 0 1 0 0 1 0 1 0 0 1 1 0 1 1 0 1 1 0 0 0 1 1 0 0 0 1 1 1 0 0 1 1 0 1 0 1 0 0 0 1 1 1 1 0 1 0 0 0 0 1 1
1 1 1 1 1 1 1 1 0 1 1 1 1 1 0 1 0 0 1 1 0 1 0 1 1 0 1 0 0 0 1 0 0 1 1 1 1 0 1 0 1 0 1 1 0 0 0 1 0 0 0 1 0 1 1 0 0 1 1 1 1 0 1
1 1 1 0 0 1 1 1 0 1 1 0 1 1 0 0 0 0 0 0 0 1 0 0 0 0 0 0 1 1 1 1 0 1 0 0 0 0 0 0 0 1 0 0 1 1 0 1 1 1 0 1 1 0 1 0 0 1 1 1 1 1 0
0 1 0 1 0 0 1 1 1 0 1 1 0 1 1 1 0 1 0 1 1 1 0 1 1 0 1 0 1 0 0 1 1 1 1 0 1 0 0 0 1 1 0 1 0 1 1 1 0 1 0 1 1 0 0 0 0 1 1 0 1 1 0
0 1 1 1 1 0 1 0 0 0 1 1 1 1 0 1 1 1 1 0 0 1 1 0 0 1 1 1 0 1 0 1 1 0 1 0 1 0 1 0 1 1 0 1 0 1 0 0 1 0 0 0 0 0 0 1 1 0 0 0 1 0 0
0 1 1 0 0 0 0 0 1 0 1 0 1 1 1 1 1 0 1 0 1 0 1 1 0 0 0 1 0 0 1 0 1 0 1 0 0 0 0 1 0 0 0 1 0 0 0 1 0 0 0 1 1 1 0 0 0 0 0 1 1 1 0
0 0 1 1 0 0 1 0 1 1 1 1 0 0 0 0 0 0 1 0 0 1 0 1 1 0 1 0 1 1 0 0 0 1 1 0 1 0 0 1 0 0 1 0 0 1 0 0 1 1 0 1 1 1 0 0 0 0 1 1 1 1 1
0 0 1 1 0 1 0 1 0 0 0 0 0 1 0 0 0 0 1 1 1 0 0 0 1 0 0 0 1 1 0 1 0 0 1 1 1 1 1 1 0 0 1 0 0 1 0 1 1 1 0 1 0 1 0 1 1 1 1 0 1 1 0
0 0 1 1 1 1 1 1 0 0 1 0 1 1 1 1 0 0 1 1 1 1 0 1 0 0 0 0 1 0 0 1 1 0 1 1 1 1 0 0 1 1 1 1 1 0 0 0 1 0 0 1 1 0 1 1 1 0 0 0 1 1 1
0 1 0 0 1 1 0 1 1 0 1 1 0 0 0 1 0 1 0 0 0 1 0 1 1 0 0 0 0 1 0 0 1 0 0 0 1 0 1 1 0 0 0 0 1 1 0 1 0 1 1 0 1 0 1 1 0 0 1 1 1 1 0
1 0 1 1 1 0 0 1 1 1 0 1 1 1 0 1 0 1 0 1 0 0 0 0 0 0 1 0 0 1 0 1 1 0 0 0 0 0 0 1 1 0 0 1 1 0 1 0 1 0 0 1 1 0 1 0 1 0 0 0 0 1 0
0 0 0 0 1 1 0 1 0 1 1 1 0 0 1 1 0 0 1 1 0 0 1 1 0 0 1 1 0 1 0 0 0 1 1 1 0 1 0 1 0 0 1 0 0 0 1 1 1 0 0 1 1 0 0 0 0 1 0 0 0 0 0
1 1 0 0 0 1 0 0 1 1 0 0 1 1 1 1 0 1 1 1 0 0 0 0 0 0 1 0 1 0 1 1 1 0 1 0 0 1 0 0 1 0 1 1 0 0 0 0 0 1 0 0 0 1 0 1 0 0 1 0 1 0 0
0 1 0 0 1 0 0 0 1 1 0 0 0 0 1 1 1 0 0 0 1 0 0 0 1 1 1 0 1 0 1 1 0 1 1 0 1 1 0 0 0 1 1 0 1 0 1 1 0 0 0 1 1 1 1 1 1 1 1 1 1 1 1
0 0 0 0 0 1 1 1 1 1 0 1 0 1 1 1 1 1 0 1 0 0 0 1 0 1 0 1 0 0 1 0 1 1 1 1 0 1 1 1 1 0 1 1 1 1 1 0 1 0 0 1 1 1 0 0 1 1 0 0 1 1 1
1 0 1 1 0 0 0 1 0 1 0 1 1 1 1 0 1 1 0 1 0 1 0 1 0 1 0 1 1 0 0 0 1 0 1 0 1 0 1 0 0 1 0 0 0 1 0 0 0 1 1 0 0 1 1 1 1 1 1 0 1 1 1
1 0 1 0 1 1 0 1 1 0 0 1 1 1 1 1 1 0 0 0 1 0 1 1 1 0 0 0 1 0 1 0 0 1 1 1 0 0 1 0 1 1 1 0 0 0 1 0 1 1 0 1 0 1 0 0 1 0 0 0 0 1 0
1 1 1 1 0 1 1 0 1 0 1 1 0 0 1 1 1 0 0 0 1 0 1 1 1 1 0 0 0 1 0 0 1 1 0 0 1 1 1 0 0 1 1 1 1 1 1 1 1 0 0 1 1 1 1 1 1 1 0 0 0 0 0
0 0 0 0 0 1 0 1 1 0 1 1 0 0 0 0 0 1 0 0 1 1 0 0 0 0 0 1 0 1 0 0 1 1 0 1 0 0 1 0 0 0 0 1 1 1 1 1 0 1 0 1 0 1 0 1 1 0 0 0 0 0 0
0 0 1 0 0 1 0 1 1 1 0 1 0 1 1 1 1 1 1 0 0 1 0 0 1 1 1 1 1 0 1 0 1 1 1 1 0 1 0 0 1 1 1 1 0 0 0 1 1 1 0 0 1 0 0 1 1 0 1 1 1 1 1
0 1 1 0 0 1 0 0 1 0 0 1 0 1 1 1 1 0 0 1 0 1 0 1 0 1 1 1 0 1 0 0 1 0 0 1 1 0 1 0 1 0 0 1 1 1 0 1 0 1 0 0 0 1 0 0 0 1 1 1 0 0 0
0 1 1 1 0 0 1 1 1 1 0 0 0 0 0 1 1 1 0 0 0 1 0 0 1 0 0 0 1 0 0 1 0 1 0 1 0 1 1 1 0 0 0 0 0 1 1 0 1 1 0 0 0 0 1 1 1 1 1 0 1 0 1
1 1 1 0 0 0 1 0 1 0 1 1 0 0 0 1 1 1 1 1 1 1 0 1 0 0 1 0 0 0 0 0 1 0 1 0 0 0 1 1 1 0 1 0 1 0 0 0 0 1 1 1 0 1 1 1 1 1 0 0 1 1 0
0 1 0 0 0 0 0 0 1 0 0 0 1 0 0 1 0 1 1 1 0 0 1 0 0 0 0 1 1 0 0 0 1 0 0 1 0 0 0 1 1 1 1 0 1 1 0 1 1 1 1 1 0 0 0 1 1 1 0 0 1 0 0
0 0 1 0 1 1 1 1 0 1 0 1 1 1 1 0 1 1 0 0 1 1 0 0 1 1 0 1 1 0 0 1 0 0 0 1 0 0 0 0 0 0 0 1 1 1 1 1 0 0 0 1 1 1 1 1 1 1 1 0 1 0 0
1 0 1 0 0 1 0 0 1 1 1 1 1 1 0 0 0 1 1 1 1 0 0 1 1 1 1 1 0 1 0 0 0 0 1 0 1 0 1 1 1 0 1 0 0 1 0 0 1 1 0 1 0 0 1 0 1 1 0 1 0 0 1
0 1 0 1 1 0 0 1 0 1 1 1 0 1 0 1 1 0 1 0 0 1 0 1 0 0 0 1 1 0 0 1 0 0 1 0 0 0 1 1 1 0 0 1 0 1 1 0 0 1 0 1 0 0 0 1 0 0 1 1 0 0 1
1 1 0 1 1 1 0 0 0 1 0 0 0 0 1 1 0 0 0 1 0 0 0 1 0 1 0 1 1 1 1 1 0 0 0 0 0 1 0 1 1 1 1 1 0 0 0 0 1 1 0 1 1 0 0 0 0 0 0 0 1 1 1
0 1 1 1 1 1 1 1 0 0 1 0 1 0 0 0 0 1 1 1 1 0 1 1 0 0 1 1 0 1 0 0 1 0 0 0 0 1 1 1 1 1 0 1 1 1 1 0 0 1 0 0 0 0 0 0 0 0 1 1 0 1 1
0 0 0 1 0 1 0 0 0 0 1 1 1 1 1 0 0 0 0 0 0 1 1 0 1 0 0 1 1 1 1 0 1 0 0 1 1 0 0 0 0 1 0 0 0 0 1 1 0 1 0 1 1 0 1 0 0 0 0 0 0 0 1
0 0 1 1 1 0 0 0 0 0 1 0 1 0 0 1 0 1 0 0 0 1 1 0 1 0 1 0 1 0 1 0 0 0 1 0 0 1 0 0 0 1 0 1 1 1 1 0 1 1 1 1 1 1 0 1 1 1 1 1 1 0 1
1 1 0 1 0 1 0 1 1 1 0 0 1 0 0 0 0 1 0 1 1 1 1 1 1 1 0 1 0 1 1 0 0 1 0 0 1 0 1 1 1 1 0 1 0 1 0 1 0 1 1 1 1 0 0 1 1 0 0 0 0 1 1
0 1 1 1 0 0 0 1 0 0 0 0 1 0 1 0 1 1 0 1 1 0 0 0 0 0 0 0 1 1 0 0 1 1 0 0 0 1 0 1 1 1 1 0 1 1 1 1 1 0 0 0 1 1 0 0 1 0 1 0 1 1 1
0 0 0 1 1 0 1 1 0 1 1 0 0 1 1 1 1 0 0 0 1 1 0 0 0 1 1 1 1 0 1 0 1 1 1 1 0 0 0 1 1 0 0 1 0 0 0 0 0 0 0 0 1 1 1 1 1 0 0 0 0 0 1
1 0 0 1 1 1 1 0 0 1 0 1 0 0 1 0 0 1 1 1 1 0 1 1 1 1 0 0 0 0 1 0 0 0 1 1 1 0 0 1 0 1 1 0 1 0 1 0 1 0 1 0 1 1 0 1 1 1 0 0 1 0 0
1 1 1 1 0 1 1 1 0 1 0 1 1 1 1 0 1 1 0 0 0 1 1 0 1 0 0 1 1 1 0 1 1 1 0 0 1 0 0 1 1 0 1 1 1 0 0 1 1 0 1 1 0 1 1 1 1 1 1 0 0 0 1
0 0 0 1 0 1 1 1 1 1 1 0 0 0 1 0 1 1 1 1 1 1 0 0 0 1 0 0 0 1 1 1 1 0 1 0 1 1 1 1 1 1 0 1 1 0 0 1 0 0 0 0 1 0 1 1 0 0 1 1 1 0 0
1 1 0 1 0 1 1 1 1 0 1 0 0 1 1 1 0 0 1 0 1 1 0 1 1 1 0 1 1 1 0 0 1 1 1 0 0 0 1 1 0 1 1 1 1 0 1 0 1 0 0 1 0 1 0 1 1 1 1 1 1 1 1
0 1 0 0 1 0 0 0 0 0 1 0 0 1 0 0 0 0 1 0 1 0 1 0 1 1 0 1 1 0 1 0 0 0 0 1 0 1 1 0 0 0 0 0 0 1 0 0 0 1 0 0 0 0 1 1 0 0 0 1 1 0 0
0 0 0 0 0 0 1 1 1 1 0 1 0 0 1 0 1 1 1 1 0 1 1 0 1 1 0 1 0 1 1 0 0 0 0 0 0 0 1 0 0 0 1 1 1 1 0 1 1 1 1 1 0 1 0 0 0 0 1 1 0 1 0
0 1 0 0 0 0 0 0 1 0 0 1 0 1 1 1 1 0 0 0 0 0 1 1 1 0 1 0 1 1 0 0 0 0 1 1 1 0 0 0 0 0 0 1 1 0 1 0 1 0 1 0 0 1 0 1 1 0 0 0 1 0 1
1 0 0 0 0 1 1 0 0 1 0 0 0 0 1 1 1 1 0 1 1 0 1 0 0 1 0 0 1 1 0 1 1 1 1 0 1 0 1 0 1 0 0 0 0 1 1 1 0 1 0 1 0 1 1 0 0 0 0 0 0 1 1
1 1 0 0 1 1 0 0 1 0 0 0 1 0 1 0 1 0 0 1 1 1 1 0 0 1 0 1 0 0 1 1 0 0 1 0 0 0 1 1 0 1 0 0 0 0 1 1 0 1 1 0 0 0 0 0 1 0 1 0 1 0 0
0 0 1 1 0 1 1 1 0 1 0 0 0 1 1 1 0 0 1 1 0 0 0 0 0 0 1 1 0 0 1 0 0 0 0 1 1 0 1 1 0 0 1 0 1 0 1 1 0 1 0 0 0 0 0 1 1 0 0 1 1 0 1
1 1 1 1 1 0 1 0 0 1 1 0 0 0 0 0 0 0 0 1 1 1 1 1 0 0 1 0 0 1 0 0 1 0 0 0 1 0 0 1 0 0 0 0 0 1 1 1 0 0 0 0 0 1 1 1 0 1 1 0 0 1 1
1 0 1 1 1 1 1 0 1 1 0 0 1 0 0 1 1 1 0 1 1 1 1 0 1 1 1 1 0 1 1 1 0 1 1 0 1 1 1 1 0 0 1 1 0 1 0 0 0 1 0 0 1 1 1 0 1 1 1 0 1 0 0
0 0 1 1 0 0 1 1 0 0 1 0 0 0 0 0 1 1 0 1 0 0 0 1 1 1 0 0 0 0 0 1 0 0 0 1 1 0 0 1 1 1 0 1 1 0 1 1 1 0 1 1 1 1 0 1 0 0 1 1 1 1 1
1 1 1 1 1 1 0 0 1 0 0 0 1 0 1 1 0 1 1 0 1 0 0 1 1 0 0 0 1 0 0 1 1 0 0 1 1 0 1 1 1 0 1 1 1 1 0 0 1 1 1 0 1 1 1 0 0 1 1 1 1 1 1
1 1 0 1 1 1 0 1 1 1 1 1 1 1 1 0 1 0 1 0 1 0 0 0 1 1 0 0 0 0 0 0 1 1 0 1 1 0 1 1 1 0 1 0 1 1 1 0 0 0 0 0 0 1 0 1 0 0 0 1 1 0 0
1 1 0 0 1 1 0 1 0 0 1 1 0 1 1 0 0 0 1 0 0 1 0 1 1 0 1 0 0 0 1 1 0 1 0 1 0 1 0 1 0 1 1 1 0 1 0 0 0 0 0 0 1 0 0 1 1 1 1 0 1 0 1
0 1 0 0 1 0 0 1 1 1 1 0 1 1 0 0 0 1 1 0 1 0 0 0 0 0 0 0 0 1 0 1 1 1 1 1 1 1 0 1 1 1 1 1 0 0 0 1 0 1 0 1 1 1 1 0 1 0 0 1 0 1 1
1 0 0 0 0 0 0 1 0 1 1 0 1 1 0 0 1 0 0 1 1 1 0 0 0 0 1 1 0 0 0 1 1 1 0 0 0 0 1 1 1 0 1 0 0 0 0 0 0 1 0 0 0 0 1 0 1 0 1 1 1 1 1
1 0 1 0 1 1 0 0 0 0 1 1 0 1 0 0 0 0 0 0 0 0 0 1 0 1 1 1 0 0 0 0 0 0 1 1 1 1 0 0 1 1 1 1 1 0 0 0 0 0 1 1 0 1 0 0 1 0 1 1 1 1 0
1 1 1 0 0 0 0 0 1 1 0 0 0 0 1 1 0 1 1 1 1 0 0 1 1 0 0 1 0 1 0 1 0 1 0 0 1 1 0 1 0 0 0 1 1 0 1 0 0 1 0 0 0 0 1 1 0 0 1 0 0 0 0
0 0 0 0 1 1 1 0 0 1 1 1 0 0 1 0 0 0 0 1 0 1 0 1 1 1 0 0 0 0 0 1 1 1 0 0 1 0 1 0 0 0 0 1 1 0 0 0 0 1 0 1 1 0 0 0 0 1 0 1 0 0 1
0 1 0 0 1 0 1 1 0 1 1 0 1 0 1 1 0 1 0 1 0 1 0 0 1 0 1 1 1 0 0 1 1 1 0 0 1 1 1 1 0 1 0 0 0 0 1 1 0 0 1 0 1 1 0 1 1 0 1 0 0 0 1
1 1 0 0 0 1 1 0 1 1 0 0 1 0 0 1 0 0 1 0 0 0 0 0 0 0 1 1 0 0 0 0 1 1 1 0 0 0 0 0 0 1 0 1 1 1 0 0 0 0 0 0 0 1 1 0 1 1 0 1 1 0 1
1 0 0 0 1 0 0 0 1 1 1 1 0 0 0 0 1 1 1 1 1 1 1 0 0 1 1 1 1 1 0 0 0 0 1 1 0 1 0 1 1 1 1 1 0 1 1 1 0 0 0 0 0 0 0 1 1 1 1 0 0 0 0
1 1 0 0 1 1 0 1 1 1 0 1 0 1 0 1 0 1 1 0 1 0 1 1 1 0 0 0 1 0 1 1 0 1 0 1 1 0 0 1 0 1 0 1 0 1 0 1 1 0 0 1 0 1 0 0 0 1 0 1 0 0 0
1 1 0 0 0 1 0 0 0 0 1 0 0 1 1 0 0 1 1 0 0 1 1 0 0 0 0 1 1 1 0 1 0 0 1 0 0 0 0 1 1 0 1 1 1 1 1 1 0 0 0 1 1 1 1 0 0 0 1 0 1 0 1
0 0 0 0 0 0 0 0 1 0 1 1 1 1 0 1 1 1 1 1 1 1 1 0 0 1 0 0 0 0 0 0 0 1 0 0 0 1 1 1 1 0 0 0 1 0 1 0 1 1 1 0 0 0 0 0 1 0 0 0 0 1 0
0 0 0 1 1 0 0 0 1 0 0 1 1 1 1 0 1 1 0 1 0 0 0 0 1 0 0 0 1 0 0 0 1 0 1 1 0 0 1 0 1 1 1 1 0 0 1 1 0 0 1 1 1 0 1 0 1 1 1 1 0 0 1
1 0 0 1 0 1 1 1 0 1 0 1 0 1 0 0 0 1 1 0 1 1 0 0 0 0 0 0 0 1 0 0 0 0 1 0 0 0 0 0 0 1 1 1 0 0 1 0 0 0 1 0 0 1 0 0 0 1 0 0 0 1 1
0 0 1 0 1 0 1 1 1 0 0 0 1 1 0 0 1 1 1 0 1 0 0 0 0 0 1 0 1 0 1 1 0 1 0 0 1 0 1 1 1 0 0 1 0 1 1 0 1 0 1 0 1 1 0 1 0 0 1 1 1 1 0
1 1 1 1 0 1 1 1 1 1 1 0 0 1 1 1 0 0 0 0 0 1 0 0 0 1 0 1 0 1 0 0 0 1 1 1 1 1 0 0 1 0 1 0 0 1 0 1 0 1 1 1 1 1 0 1 1 1 0 0 1 1 1
1 1 0 1 1 1 0 1 1 1 1 0 1 0 0 1 0 0 0 0 0 0 1 1 0 0 1 1 1 1 1 1 1 1 1 1 0 1 1 1 1 0 0 0 1 1 0 1 0 1 0 1 0 0 1 0 0 0 0 0 1 1 0
1 1 1 1 1 0 1 0 0 0 0 0 0 1 0 1 1 0 1 1 0 1 1 1 0 0 1 1 1 1 1 1 1 0 0 1 0 1 1 0 0 0 0 1 0 0 0 1 1 1 1 1 1 0 0 1 1 1 1 0 0 1 0
1 1 0 1 1 0 0 0 1 1 0 1 0 1 1 0 0 1 1 0 1 0 0 0 0 0 1 1 1 1 1 0 1 0 0 0 1 0 1 0 1 0 1 0 0 1 0 1 0 0 0 1 0 0 1 1 1 0 1 0 1 0 1
0 0 0 0 0 1 1 0 1 1 1 0 0 1 1 1 1 1 1 1 1 1 1 0 0 0 0 0 0 0 0 0 1 1 1 1 1 1 0 0 0 1 0 1 0 0 1 0 1 1 1 1 1 1 0 1 1 1 0 1 0 0 0
1 0 0 1 0 0 1 0 0 1 1 0 1 0 1 0 0 0 0 0 0 0 1 0 1 0 1 1 0 1 0 0 1 0 1 1 1 0 1 1 1 1 1 1 0 1 0 0 1 0 1 0 0 0 1 1 0 0 1 0 0 0 1
0 1 1 1 0 1 0 1 1 0 0 1 0 0 1 0 1 1 1 0 1 1 1 1 1 0 1 1 1 0 0 1 0 1 1 0 0 1 1 0 1 0 1 0 1 0 1 1 0 1 0 0 1 0 1 1 0 1 0 1 0 0 0
1 1 0 1 1 1 0 0 0 1 0 1 1 0 0 0 1 0 0 1 1 1 0 1 1 1 0 0 1 1 0 0 0 0 1 0 1 0 1 0 0 1 0 1 1 1 0 0 1 0 1 0 1 1 1 1 1 0 1 0 0 0 0
0 0 1 0 1 1 0 0 0 1 0 1 1 0 0 1 0 0 1 0 0 1 1 1 1 0 0 1 0 0 1 0 1 0 0 0 1 0 0 0 1 1 1 1 1 1 1 1 1 0 0 0 1 1 0 0 1 0 1 1 0 0 0
1 0 1 0 1 1 0 0 0 1 0 0 1 0 1 1 1 1 1 0 1 1 0 0 0 1 0 0 0 1 0 0 1 0 0 0 0 1 0 0 1 0 1 1 1 1 0 0 0 0 1 1 1 0 0 0 0 1 1 1 0 0 0
0 1 0 0 0 0 0 1 0 1 0 1 0 0 1 0 0 0 1 1 1 0 0 0 1 1 0 0 0 0 1 1 0 1 1 1 0 0 0 0 1 0 0 0 1 1 0 0 0 0 0 0 1 1 0 0 0 0 1 0 0 1 1
1 1 0 0 0 1 0 1 0 0 0 0 0 1 0 1 0 0 0 1 0 1 1 0 0 1 1 0 0 1 0 0 0 1 0 1 1 0 0 1 1 0 1 0 0 0 0 1 0 0 0 0 1 0 0 0 1 0 1 1 0 0 0
1 0 1 0 1 0 1 1 0 0 1 1 1 1 0 1 1 0 1 0 0 0 0 1 0 1 0 0 1 1 0 1 1 1 0 1 1 0 0 1 1 1 0 0 0 0 1 0 1 1 0 1 1 0 1 1 0 1 1 0 1 0 0
1 0 1 0 1 1 0 0 1 1 1 1 1 0 1 1 1 0 1 0 0 0 1 0 1 1 1 1 1 1 0 0 0 1 0 0 0 0 0 0 1 1 0 0 1 0 1 0 0 1 1 0 1 1 1 1 0 0 0 1 1 0 1
0 0 0 1 0 0 0 1 1 0 1 1 1 1 1 0 0 1 0 0 0 1 0 0 0 1 1 0 1 0 1 1 0 1 0 1 0 1 0 0 1 0 1 0 0 1 0 0 1 0 0 0 0 1 1 0 1 1 0 1 1 0 1
1 1 1 0 1 1 0 1 1 1 1 1 0 0 1 1 0 1 0 1 1 0 1 1 0 0 0 1 0 1 1 0 0 0 0 1 0 0 0 0 1 1 0 0 1 1 1 0 1 0 0 1 0 0 0 1 0 0 1 1 1 1 0
0 0 1 0 1 0 0 1 1 1 1 0 0 1 0 0 1 0 0 0 0 0 1 1 1 1 0 0 1 0 0 1 1 1 1 0 0 0 0 1 0 0 0 1 1 0 0 1 0 1 1 0 0 1 1 0 1 1 1 0 0 1 0
1 0 0 1 1 1 1 1 1 0 0 0 0 0 0 1 0 1 1 0 1 1 0 0 1 1 0 1 1 1 0 0 1 0 1 1 1 1 0 1 0 0 0 0 0 0 0 1 1 1 0 0 0 0 0 0 1 0 0 0 0 1 1
1 0 1 1 1 0 0 1 1 0 0 1 0 0 0 1 0 0 0 0 1 0 1 1 1 1 1 0 1 1 0 0 1 0 1 1 0 0 1 0 1 1 1 1 0 1 0 1 0 0 0 1 1 1 1 1 0 1 1 0 1 0 1
0 1 1 1 0 1 0 1 0 1 1 0 0 1 0 1 1 0 0 1 1 0 1 0 1 1 0 1 1 1 1 0 1 0 0 1 1 0 1 1 0 0 1 1 1 0 0 0 1 1 1 1 1 0 0 1 0 1 0 1 1 0 0
0 1 0 1 1 0 1 1 1 0 1 1 0 0 0 1 1 0 0 1 0 1 1 0 0 1 0 1 0 0 1 0 0 1 1 1 1 0 1 0 0 1 1 0 1 0 0 0 0 1 1 1 1 0 1 0 0 0 0 0 1 1 1
0 0 1 0 1 0 1 0 0 1 0 0 1 0 0 1 1 0 1 1 1 1 0 1 1 0 0 1 1 0 1 1 1 0 1 1 0 1 0 1 1 1 1 1 0 0 0 1 1 0 1 0 0 1 0 0 0 1 1 0 0 0 1
1 0 1 0 1 0 0 0 0 0 0 0 0 1 1 1 0 0 1 0 0 1 0 1 1 0 1 0 1 0 0 1 0 0 0 0 1 0 1 0 1 1 0 0 0 0 0 1 1 1 0 1 0 1 1 1 1 0 0 1 0 1 1
0 0 1 0 0 1 0 0 1 0 1 1 0 0 0 1 1 0 1 1 1 0 1 0 0 1 1 0 0 1 1 1 1 1 1 0 1 1 0 1 1 0 1 1 1 1 0 0 0 1 1 0 0 0 1 1 0 0 0 1 0 1 1
0 0 0 0 1 1 1 1 1 1 0 0 1 1 1 0 0 1 0 0 0 1 1 0 1 0 1 0 1 1 0 0 1 1 1 1 1 1 0 0 0 0 1 0 1 1 1 0 0 1 1 1 0 1 1 1 0 1 0 0 0 0 0
1 0 0 1 0 1 1 0 0 0 1 0 1 0 0 1 0 1 0 0 1 1 1 1 1 0 1 0 1 1 0 1 0 0 0 1 0 1 1 0 1 1 0 0 1 0 0 1 1 0 1 1 0 0 1 1 0 1 0 0 0 0 0
0 1 1 1 1 1 1 0 0 1 1 1 0 1 0 1 1 1 1 0 1 0 1 0 0 0 1 1 1 1 0 0 0 1 0 1 0 1 1 0 1 0 0 1 1 0 0 0 1 1 0 1 0 1 1 0 0 1 0 1 0 1 1
1 0 0 0 0 1 0 1 0 0 1 1 1 0 1 0 1 1 1 1 0 0 1 1 1 1 1 1 1 1 0 1 0 0 0 1 0 0 0 0 1 0 1 1 1 1 0 0 1 1 1 0 1 0 1 0 1 0 1 0 0 1 0
0 0 1 1 1 0 1 1 0 0 0 1 0 0 0 0 1 0 1 0 0 0 0 0 0 0 1 1 1 0 1 0 0 0 1 0 0 1 0 1 1 0 0 1 1 0 0 0 1 0 0 0 1 0 0 0 1 1 1 1 1 0 0
0 1 0 0 0 0 1 0 1 1 0 1 1 0 1 0 0 1 0 1 0 0 1 1 0 0 0 1 0 0 0 0 0 1 1 0 0 0 0 1 1 1 1 1 1 1 1 1 0 0 0 0 1 0 1 1 0 1 0 1 0 1 1
0 1 0 1 1 1 1 0 1 1 0 1 1 1 1 1 0 0 0 1 1 0 1 1 0 1 1 0 1 0 0 0 1 0 0 1 1 1 0 1 1 1 0 0 1 0 0 1 1 0 1 1 0 0 1 0 0 0 0 1 0 0 1
0 1 0 0 0 1 1 0 0 1 1 1 1 1 0 0 1 0 1 1 0 0 0 0 1 1 1 0 0 0 1 0 0 1 1 1 1 0 0 1 0 0 1 1 0 1 0 1 1 0 0 1 0 0 1 1 1 0 1 0 1 1 0
1 0 1 1 0 0 0 1 1 1 0 1 1 0 1 0 0 0 1 0 0 1 0 1 0 0 1 0 1 1 1 0 1 0 1 1 1 1 1 0 1 1 1 0 1 0 0 0 0 0 0 1 1 0 0 0 0 1 1 0 0 1 0
1 0 1 0 0 0 1 1 1 0 0 0 1 0 0 0 1 0 0 0 1 0 1 1 0 1 1 1 1 1 1 0 0 0 0 0 1 1 1 1 0 1 1 0 1 1 0 0 1 0 1 0 0 1 1 1 1 1 0 1 1 0 1
0 0 0 0 0 0 1 1 0 0 1 1 0 0 0 1 0 0 1 0 0 0 1 0 1 0 1 0 0 1 1 1 0 1 0 0 0 1 0 1 0 1 0 0 1 0 1 0 1 0 1 1 0 0 0 1 1 1 0 1 1 1 1
1 0 1 0 0 0 1 0 1 0 0 0 0 0 0 0 1 1 1 1 0 1 0 0 1 0 0 1 0 0 1 1 0 0 0 0 1 1 0 0 1 0 0 0 1 1 1 0 0 1 0 1 0 1 0 0 1 1 0 0 1 1 0
1 0 1 1 1 1 0 1 0 1 0 1 0 1 1 1 1 1 0 0 1 1 0 1 1 0 1 1 0 0 0 1 0 0 1 0 1 1 1 1 1 0 1 0 1 0 1 1 1 1 1 0 1 1 0 0 0 1 1 0 1 1 1
0 1 0 0 0 0 1 1 1 0 1 1 0 1 0 1 1 0 1 0 1 1 0 1 0 0 1 0 1 1 0 0 0 1 1 1 1 0 1 1 0 0 0 1 1 0 1 1 0 0 1 0 1 0 1 0 1 1 1 1 0 1 1
1 1 1 0 1 1 1 0 1 0 0 0 1 1 1 0 1 1 0 0 0 0 0 1 1 0 0 0 0 1 1 1 0 1 1 0 0 0 1 0 0 0 1 1 0 1 0 0 0 0 1 1 1 0 1 0 1 0 0 1 1 1 1
0 0 0 0 1 0 1 1 0 1 0 0 0 1 0 1 1 1 0 1 0 0 0 0 1 1 0 0 0 1 0 0 0 1 1 0 0 1 0 1 0 0 1 1 1 0 0 1 0 0 1 0 0 0 0 1 0 0 0 0 0 0 1
0 1 0 0 0 0 0 1 1 1 1 1 0 0 1 0 1 0 0 0 0 1 1 0 0 0 0 1 1 0 0 1 1 0 1 0 0 0 1 0 0 0 1 0 0 0 0 0 1 0 1 1 1 1 1 1 1 0 0 1 0 1 0
0 0 0 0 0 0 1 1 0 0 0 1 0 1 0 1 0 0 0 0 1 1 0 1 1 1 1 0 0 0 1 1 1 0 1 1 1 0 0 0 1 0 0 0 0 1 1 1 1 0 1 1 1 1 0 1 1 1 0 1 0 1 0
0 1 0 1 0 1 1 0 1 1 0 0 0 0 1 1 1 1 1 0 0 0 0 0 0 0 0 1 1 1 1 0 1 0 1 0 1 1 0 1 0 1 1 1 0 0 1 1 1 0 1 1 0 0 1 0 0 1 1 0 1 1 0
1 1 1 1 0 0 0 0 1 1 0 0 1 1 0 1 1 0 0 1 0 1 0 1 0 0 1 0 0 1 1 1 1 1 1 0 1 0 0 1 0 1 0 0 0 0 1 1 0 1 1 0 1 1 0 1 0 1 0 1 1 0 1
1 0 0 1 1 1 1 0 1 0 0 1 1 1 0 1 0 1 1 1 1 0 1 0 1 1 1 1 0 0 0 0 1 1 0 1 1 0 0 0 1 0 1 1 0 0 0 0 0 0 1 0 0 1 0 1 1 0 1 0 0 1 0
0 0 1 1 1 1 1 0 1 1 0 0 0 1 0 1 0 0 0 0 1 1 1 1 0 0 0 1 0 0 1 0 0 0 1 0 1 0 1 0 1 0 0 1 0 1 1 0 1 0 1 1 0 0 1 0 1 1 0 0 0 1 0
1 1 1 1 0 1 0 1 1 0 1 0 1 1 1 0 1 1 0 0 0 1 0 1 1 1 1 0 0 0 1 0 1 0 1 1 1 0 0 1 0 0 0 0 0 1 1 1 1 0 0 1 1 0 0 0 1 1 1 0 0 0 0
1 0 1 0 1 0 0 1 0 0 0 0 0 0 1 1 1 1 1 1 1 0 0 1 0 1 0 0 1 1 0 1 1 0 0 0 0 1 1 0 0 1 0 1 1 0 1 0 0 1 0 0 1 1 0 1 1 0 0 1 0 1 0
0 1 0 0 0 0 0 1 0 0 1 0 0 1 0 0 0 0 0 0 1 1 0 1 1 0 1 1 0 0 1 0 0 0 0 0 1 0 0 1 0 1 1 1 1 0 1 0 1 1 0 0 0 1 1 0 1 1 0 1 0 0 0
0 0 0 1 0 0 0 1 1 1 0 1 0 0 0 1 0 1 1 1 0 1 1 1 0 1 0 1 1 1 0 1 0 0 0 0 1 0 0 0 1 1 0 0 1 1 1 1 1 1 1 0 1 0 0 0 0 1 1 0 0 0 1
1 1 1 0 1 1 0 1 0 0 0 0 1 0 0 0 0 0 0 0 0 1 1 1 1 1 1 1 0 0 0 0 0 1 1 0 0 0 1 1 1 0 1 0 1 1 0 0 0 0 0 0 0 1 0 1 0 1 0 0 1 0 0
1 0 1 0 1 0 0 0 0 0 1 0 1 0 1 0 1 1 0 1 0 0 1 1 1 1 1 1 1 0 1 0 1 1 0 0 1 0 1 1 1 1 1 0 0 0 0 1 0 1 0 1 1 0 0 0 0 1 1 0 1 1 0
0 0 0 0 0 1 0 0 0 0 0 0 1 1 0 0 0 1 0 1 0 1 0 1 0 1 1 1 1 0 0 0 1 1 1 0 1 1 0 1 0 0 0 1 1 0 0 0 1 1 0 1 0 0 1 1 1 1 1 0 0 1 1
0 1 1 0 0 0 1 1 0 1 0 0 1 0 0 1 0 0 0 0 1 0 0 1 1 1 0 0 0 0 0 0 1 1 1 0 1 1 1 0 0 0 0 0 0 0 0 0 1 0 0 1 0 1 0 0 0 0 1 0 1 0 0
1 1 0 0 1 0 0 1 1 0 0 1 1 0 1 1 1 1 1 0 1 1 1 1 1 1 0 1 1 1 1 0 1 1 0 0 1 1 0 0 0 0 0 0 0 1 0 0 1 1 0 1 1 1 0 1 0 1 0 1 0 1 1
0 0 0 1 1 1 0 0 1 0 0 1 1 0 1 1 1 0 0 1 1 1 1 0 0 0 0 1 0 0 1 1 1 1 1 1 1 1 1 0 0 0 0 1 1 1 0 0 1 0 0 1 0 0 0 0 1 0 1 1 0 0 1
1 1 1 0 1 0 0 0 1 0 1 0 0 1 1 1 0 1 0 1 0 1 1 0 0 1 0 0 0 0 1 1 0 0 0 1 1 1 1 0 1 1 1 1 1 1 1 1 0 0 1 1 1 1 1 1 0 0 0 0 0 0 0
1 1 1 1 0 1 0 0 0 1 1 1 1 0 1 1 0 0 0 0 1 1 0 0 1 0 0 0 1 1 0 0 1 0 1 1 0 1 0 1 1 1 0 0 0 0 1 0 0 1 1 0 1 0 1 1 1 1 1 1 1 1 0
1 0 1 0 1 0 0 0 0 1 0 1 1 0 0 0 0 1 0 1 0 1 0 0 1 1 1 0 0 1 1 0 1 1 0 1 1 1 0 1 1 1 0 0 1 0 0 1 0 1 0 1 0 1 1 1 1 0 0 0 1 1 0
1 1 1 1 1 0 1 1 0 0 0 0 0 0 1 1 0 0 0 0 1 1 1 1 1 0 0 0 0 1 1 1 1 1 0 1 0 0 1 0 1 0 0 0 1 0 1 1 0 0 1 0 1 1 0 0 1 1 0 0 1 0 1
1 1 0 1 1 1 1 1 0 0 1 0 0 1 1 1 1 1 1 1 1 0 1 1 1 1 1 1 1 0 1 0 0 0 1 0 1 1 0 1 1 0 0 1 1 1 0 1 0 1 0 1 0 1 0 1 1 1 1 1 1 0 1
1 1 1 1 0 0 0 1 0 0 0 0 1 0 1 1 0 0 0 0 1 1 1 0 1 1 0 1 0 0 0 1 0 0 0 0 0 0 0 0 1 0 1 1 0 0 1 1 1 0 0 0 0 0 0 1 0 1 0 1 0 1 1
0 0 0 1 1 0 0 1 1 0 1 1 0 1 0 1 0 0 1 1 1 1 1 1 0 1 1 0 1 0 1 0 1 1 0 0 0 0 1 0 0 1 0 0 1 0 0 1 1 1 0 1 0 1 0 0 1 0 1 1 1 1 1
0 0 0 0 0 0 0 1 1 0 0 0 0 0 1 0 1 1 0 0 1 1 1 1 1 0 0 0 1 0 1 1 1 0 0 1 0 1 0 1 0 0 1 0 1 0 0 1 0 0 0 1 0 0 0 1 1 0 1 1 0 0 1
0 1 1 1 0 1 1 1 0 1 0 1 0 0 1 1 1 0 0 1 1 0 0 1 1 0 1 0 0 1 0 1 1 1 0 1 0 1 1 1 1 1 0 1 0 1 0 0 1 0 0 0 0 1 1 1 1 1 1 1 0 1 0
0 1 1 1 1 0 1 0 1 1 1 0 1 1 0 1 1 0 1 0 1 0 0 0 1 0 0 1 0 0 1 1 1 1 0 0 0 1 1 1 1 1 1 0 1 1 0 1 0 0 0 1 1 1 0 1 0 1 0 0 0 1 0
1 0 0 1 0 1 1 1 1 0 1 0 0 1 1 0 0 0 0 1 1 0 0 0 0 0 0 0 1 1 0 0 0 1 1 1 1 1 0 0 0 0 0 1 0 1 0 0 1 0 1 0 1 0 1 0 0 0 1 1 0 0 0
1 0 0 0 0 0 1 1 1 1 0 0 0 0 0 1 0 0 1 1 0 0 1 1 1 1 1 0 0 0 1 1 0 1 0 1 1 1 1 0 1 0 1 1 1 0 0 0 1 1 0 1 0 0 0 1 1 0 1 1 0 1 0
1 0 0 1 1 1 1 0 1 1 1 1 1 1 0 0 0 1 0 1 0 1 0 0 1 0 1 0 1 1 1 0 1 0 0 1 1 1 1 1 1 1 1 1 0 1 1 1 1 1 1 1 0 0 0 0 1 1 0 1 0 1 1
0 1 0 1 1 1 1 1 0 1 1 1 0 1 1 1 1 1 1 0 0 1 0 0 0 1 1 0 1 1 1 0 0 1 1 0 1 1 0 0 0 1 0 0 1 1 1 0 1 0 0 1 0 0 1 0 1 0 0 0 0 0 0
1 1 1 1 1 1 0 0 1 1 1 0 0 1 0 1 0 0 1 1 1 1 0 1 1 1 0 0 0 0 1 1 0 0 1 1 0 1 1 1 1 0 0 1 1 0 1 1 0 0 0 0 0 0 1 0 1 0 0 0 0 0 1
1 1 1 0 1 1 1 0 1 1 0 1 1 0 1 0 1 0 1 0 1 1 1 0 0 0 0 0 0 1 1 0 1 1 1 1 0 1 0 0 0 0 1 0 0 0 0 1 0 0 0 0 0 0 1 1 1 0 0 0 1 0 0
1 1 1 0 1 1 0 0 0 0 1 0 1 0 1 1 0 0 0 1 0 0 0 0 1 0 1 1 0 0 1 1 1 1 1 1 0 0 0 1 1 0 1 1 1 1 1 1 0 1 0 1 1 1 1 1 1 1 1 1 0 0 0
0 1 0 1 1 0 0 0 0 0 1 0 1 0 1 1 1 1 0 1 0 1 1 0 1 0 0 0 0 0 0 0 1 1 1 1 1 1 0 1 0 1 1 0 0 1 0 0 0 0 0 0 0 1 0 0 1 1 0 1 0 1 0
1 0 0 0 1 0 0 1 1 0 1 0 1 1 1 1 1 0 0 0 0 1 0 1 0 1 0 1 1 1 1 0 0 1 1 1 1 1 1 1 1 1 1 0 0 1 1 1 1 0 0 1 0 0 0 1 0 0 0 1 1 0 1
1 1 1 0 1 0 1 0 1 0 1 1 0 1 1 0 1 0 1 1 1 1 1 0 1 0 1 0 1 0 0 1 0 0 0 1 0 0 0 0 1 1 1 0 1 0 1 0 1 0 1 1 0 0 0 0 0 1 1 1 1 0 0
1 0 1 0 0 0 1 0 0 0 1 1 0 1 1 0 1 1 1 1 1 0 0 0 1 0 1 1 1 1 0 0 0 1 0 1 0 1 1 0 0 1 1 1 1 0 1 1 1 0 0 0 0 1 0 1 0 0 1 0 0 0 0
0 0 1 1 1 0 1 1 1 0 0 1 1 0 1 1 0 1 0 1 1 1 0 0 0 1 1 1 0 0 0 0 0 1 1 1 0 1 1 1 1 1 0 1 0 1 0 0 0 1 1 1 0 0 1 1 0 1 1 1 0 1 0
0 1 0 1 0 1 1 1 0 0 1 1 1 0 0 0 1 1 0 0 0 1 0 1 1 0 0 0 1 0 0 0 1 1 1 1 0 1 1 1 1 0 1 0 1 0 0 1 1 1 1 1 1 1 0 0 1 0 0 1 0 0 0
1 1 0 0 0 1 0 1 0 0 1 0 1 0 0 1 1 1 0 1 1 1 0 1 0 1 1 1 1 0 1 1 1 1 1 1 1 1 1 0 0 1 0 0 1 1 1 1 0 1 1 0 0 1 1 0 1 0 0 1 0 1 1
0 1 1 1 1 0 0 0 0 1 0 1 0 1 1 0 0 1 1 1 0 0 1 0 1 0 1 0 0 0 0 1 1 1 1 0 1 0 1 1 0 0 0 1 1 1 1 0 0 0 1 1 0 0 0 0 1 1 1 1 0 1 0
0 1 0 0 1 0 1 0 0 1 0 1 1 1 1 0 0 0 1 1 1 1 1 0 0 0 0 0 0 1 1 1 1 0 1 0 0 0 1 1 1 0 1 1 0 0 1 0 1 1 1 1 1 1 1 0 1 0 0 1 1 0 1
1 1 1 0 1 0 0 1 1 1 0 0 1 0 1 1 0 0 1 1 0 0 0 0 0 1 0 1 1 0 0 0 0 1 0 0 1 0 1 1 1 0 0 1 1 1 0 1 1 0 0 0 1 0 1 1 1 1 1 1 1 1 0
0 1 1 1 0 0 0 1 1 0 0 1 1 1 1 0 1 0 1 1 0 0 0 0 1 0 0 0 0 1 1 1 1 1 0 0 1 1 0 0 0 0 1 0 1 0 0 0 0 1 0 0 0 1 1 0 0 1 0 0 0 0 1
1 0 1 1 1 0 1 0 1 1 0 0 0 1 1 1 0 0 0 0 1 0 1 0 1 1 0 1 1 1 1 1 0 0 0 1 1 1 0 1 0 1 1 1 0 1 1 0 0 0 0 0 1 1 0 0 0 1 1 1 0 0 1
1 1 0 0 0 1 1 0 1 0 1 0 1 1 0 1 1 0 0 0 0 1 0 0 0 1 0 1 0 1 0 1 0 1 1 0 1 1 0 0 1 1 1 0 1 0 1 1 1 0 1 0 1 1 1 0 1 0 1 0 0 0 0
0 1 1 0 0 1 1 0 1 1 0 1 0 1 1 0 1 1 0 1 0 1 1 0 1 0 1 0 1 1 1 0 0 0 1 0 0 1 1 1 1 0 0 0 0 1 0 1 1 0 1 1 1 0 0 1 0 1 0 1 1 0 0
0 1 1 0 1 0 1 1 0 0 1 1 1 1 0 0 0 1 0 0 0 0 1 1 1 0 0 1 1 0 1 0 0 0 1 1 1 1 1 0 1 0 0 0 0 1 1 1 1 0 1 1 0 1 0 0 0 0 1 0 0 1 1
0 1 0 0 1 1 0 0 0 0 0 0 0 0 0 0 1 0 0 1 1 1 0 0 0 1 0 0 1 0 0 1 1 0 0 0 0 1 0 0 1 0 0 0 1 1 0 1 1 1 1 0 1 1 1 0 0 1 0 0 1 0 0
0 0 1 1 1 1 0 1 1 0 1 0 0 1 0 0 1 1 0 0 1 0 0 1 1 0 1 1 0 1 1 0 1 1 1 0 1 0 0 0 1 0 1 0 1 0 1 0 0 0 0 1 1 1 1 0 0 0 1 0 0 0 1
0 0 0 0 0 1 0 0 1 1 0 1 0 1 1 1 1 0 1 0 0 1 0 1 1 0 0 0 1 0 0 0 0 1 0 1 0 1 1 1 1 1 0 0 1 1 1 1 0 1 0 1 1 1 1 0 1 0 0 0 1 1 0
0 0 1 0 1 0 0 1 0 1 1 1 1 0 0 1 1 1 1 1 1 1 0 0 1 0 1 0 0 1 1 0 0 0 0 1 0 1 1 0 0 0 1 0 1 1 0 0 1 0 0 0 1 1 0 1 1 0 0 0 1 1 1
1 0 0 0 1 1 1 0 1 0 0 0 1 0 1 0 0 1 1 0 0 1 1 1 0 0 1 0 0 1 1 0 0 0 1 1 1 0 0 1 1 0 0 1 1 0 1 0 0 1 1 0 1 0 1 0 0 0 0 1 1 1 0
1 1 0 0 0 0 1 0 1 0 0 1 0 1 0 1 1 0 0 0 0 0 1 1 1 0 1 1 0 1 0 1 1 0 0 1 0 1 1 0 0 1 1 0 0 0 0 1 0 0 0 0 0 0 0 0 0 0 0 1 1 1 1
1 1 1 0 1 1 1 1 1 1 1 0 0 0 0 0 1 0 1 0 1 0 1 1 1 0 1 0 1 1 1 1 1 0 0 0 1 0 0 1 1 0 1 0 0 0 1 1 1 1 0 0 1 1 0 1 1 0 0 1 1 1 0
0 1 1 0 0 1 0 1 0 1 0 1 1 1 0 1 0 0 1 0 1 0 0 1 0 1 1 1 1 0 0 1 1 1 1 1 0 0 1 0 1 1 1 1 0 0 1 1 0 0 1 1 0 0 1 1 1 1 0 0 0 0 0
1 1 0 1 1 0 1 1 0 0 1 0 1 1 0 0 1 1 0 1 1 0 1 1 0 0 0 1 1 1 0 0 0 0 1 0 1 0 0 0 0 0 1 1 1 1 1 1 1 0 1 1 0 0 0 0 1 0 0 1 0 1 0
1 0 1 1 0 0 0 1 1 0 0 1 1 0 1 0 0 0 1 0 1 0 1 1 0 0 0 1 0 1 0 1 0 1 1 1 1 0 0 1 1 1 0 0 0 1 0 1 0 0 1 0 0 1 0 1 0 0 1 1 0 1 1
1 1 0 1 1 0 1 0 1 1 1 1 1 1 0 0 1 0 1 1 0 0 1 1 1 0 1 1 1 0 1 1 1 1 0 1 1 0 1 0 0 0 0 0 1 1 0 1 1 1 0 0 1 0 1 1 1 1 0 1 0 0 1
0 0 1 0 1 1 1 0 1 1 0 1 0 1 0 1 1 0 1 0 1 0 0 0 0 1 0 0 0 1 1 0 0 1 0 1 1 1 1 0 1 1 0 0 0 0 0 1 0 0 1 0 1 0 0 0 0 1 0 1 1 1 0
1 1 1 0 1 0 0 0 0 1 1 0 0 1 1 0 1 0 1 1 0 0 0 1 0 1 1 1 1 0 1 1 0 1 1 0 1 0 1 0 1 1 1 1 0 1 1 0 1 0 0 0 0 1 1 0 0 1 1 0 0 1 1
0 0 0 1 0 0 0 0 1 1 0 1 1 0 0 1 0 0 0 1 0 1 0 0 1 0 0 0 0 0 0 1 1 1 1 0 1 0 0 0 1 0 1 0 0 1 1 0 1 0 1 1 1 0 1 1 0 1 0 0 1 0 1
1 0 0 1 1 1 1 0 0 0 1 0 0 1 0 1 1 0 0 0 0 1 0 1 1 0 1 0 1 0 1 1 1 1 1 0 0 1 1 0 0 1 0 1 1 0 1 0 0 0 1 0 0 0 1 1 0 0 1 0 1 1 0
1 1 0 1 1 1 1 1 0 1 0 1 1 0 1 0 1 1 1 1 1 1 1 0 1 1 1 0 0 0 1 1 1 1 0 1 0 0 0 0 0 1 1 0 0 1 1 1 0 0 1 0 1 0 1 0 0 0 1 1 1 1 1
0 1 1 0 0 0 1 0 0 0 0 0 0 0 1 0 1 0 1 0 0 1 1 1 1 1 1 0 1 1 1 0 1 1 0 1 0 0 0 0 1 1 1 1 0 1 1 0 0 1 1 1 0 1 0 0 1 1 0 0 1 0 0
1 1 1 0 0 1 1 0 1 1 0 0 0 0 0 0 0 1 1 1 0 1 0 0 1 1 1 0 1 1 0 1 1 1 1 1 0 0 1 1 1 1 0 1 0 0 1 0 0 0 0 1 1 0 0 1 0 1 1 0 0 1 1
1 0 0 1 0 1 0 1 1 0 0 1 1 0 0 1 1 0 1 1 0 0 0 0 0 1 1 0 0 0 1 1 1 0 0 0 1 1 0 1 1 1 1 0 0 1 0 1 1 0 0 1 1 0 1 1 1 0 1 1 1 0 0
1 1 0 1 0 0 1 1 0 0 1 1 0 0 0 0 0 1 0 0 1 0 1 0 1 1 1 0 0 1 0 0 1 1 1 0 0 1 0 1 0 1 0 0 0 0 1 1 1 1 0 0 1 1 1 0 0 1 1 1 0 0 0
1 1 0 0 1 0 0 0 1 0 1 0 1 0 0 1 0 0 0 1 0 1 0 1 0 0 0 1 1 1 0 0 0 0 1 1 0 1 1 0 0 1 1 0 1 0 1 0 0 1 0 1 0 1 1 0 1 1 1 0 0 0 1
1 0 0 0 0 0 1 0 1 0 0 1 1 1 1 0 0 0 1 1 1 0 0 1 1 1 0 1 1 0 0 0 1 1 1 0 1 0 0 1 1 0 1 1 1 0 1 1 0 1 1 1 1 1 0 0 1 1 0 0 1 0 1
0 1 1 0 1 1 0 1 0 1 1 0 0 0 1 0 1 1 1 0 1 1 0 1 0 1 1 0 0 0 1 1 0 0 0 1 1 1 0 1 0 0 0 0 0 0 0 0 1 1 1 1 0 0 1 1 1 1 0 1 1 1 0
0 0 1 1 0 1 0 1 1 1 0 1 0 1 1 0 0 1 1 0 1 1 1 1 0 1 0 0 1 1 0 1 0 1 0 0 1 1 1 0 0 0 0 1 1 0 0 0 1 0 1 1 1 1 1 1 0 0 0 1 1 1 1
0 0 0 0 0 1 1 0 0 0 1 0 0 0 0 0 0 1 1 1 0 1 1 1 0 0 1 0 1 0 1 1 1 1 0 0 1 1 1 1 1 0 1 0 1 1 0 1 1 0 1 0 0 0 0 0 0 0 1 0 0 0 0
0 1 0 1 0 0 1 0 0 0 0 0 0 1 0 1 0 1 1 1 0 1 0 0 0 0 0 1 0 1 1 0 1 0 0 1 1 1 1 0 1 0 0 1 1 1 0 0 0 0 1 0 0 1 1 1 1 0 1 1 0 1 1
1 0 1 0 0 1 0 0 0 1 0 0 0 0 1 0 1 1 1 0 1 1 0 1 0 0 0 1 1 0 1 0 0 1 1 1 0 0 1 1 1 0 0 0 0 0 1 0 0 0 0 0 0 1 0 1 1 1 0 1 0 1 0
1 0 0 1 0 0 0 0 0 0 0 0 1 1 0 1 1 0 1 1 1 0 1 0 1 1 1 0 0 0 0 1 1 1 0 1 0 0 0 1 0 1 0 1 1 1 0 0 0 1 1 0 1 1 0 0 0 0 1 0 0 0 1
1 0 1 0 0 0 1 0 1 0 0 1 1 1 1 1 0 1 1 1 1 1 0 0 0 0 1 0 1 1 1 1 1 1 1 0 0 0 1 1 0 0 0 0 0 1 1 1 0 0 0 0 0 1 0 0 1 1 0 1 0 0 1
1 0 1 1 0 0 0 1 0 1 1 0 1 0 1 0 0 0 1 1 1 1 1 1 1 0 0 1 0 1 1 1 0 1 0 0 0 0 1 1 1 1 0 0 0 1 1 0 0 0 1 1 1 1 1 0 0 1 0 1 0 0 0
1 0 0 0 0 0 1 0 0 1 0 0 0 1 0 1 0 0 1 0 1 0 0 1 0 1 1 0 0 1 1 0 0 0 1 1 0 0 1 1 1 1 0 1 1 1 1 1 1 0 0 0 1 0 0 0 0 0 1 0 1 1 0
0 0 1 0 1 1 1 1 0 1 0 0 1 1 1 1 1 1 1 1 0 0 1 1 1 0 1 0 1 0 1 0 1 1 0 0 1 0 0 0 1 1 0 0 1 1 0 0 0 1 1 0 1 0 0 1 0 0 0 0 0 0 0
0 1 0 1 1 1 1 1 0 0 1 0 1 1 0 1 0 0 1 1 1 1 0 0 1 1 0 0 0 1 0 1 0 1 0 1 1 0 1 0 0 1 0 1 1 1 1 0 1 1 1 1 0 1 0 0 0 1 0 0 0 1 1
1 1 1 1 1 0 0 0 0 0 1 1 0 0 0 0 0 0 1 0 1 1 0 1 0 1 0 1 0 1 1 1 1 0 0 1 0 0 0 1 1 1 1 0 1 1 0 0 0 0 0 1 1 0 1 0 1 1 0 1 0 1 1
1 1 0 0 0 1 1 1 0 0 0 1 0 0 1 1 0 1 1 0 0 1 1 0 1 0 1 1 1 0 0 0 0 0 0 1 1 0 1 0 0 0 1 0 0 0 1 0 0 1 0 1 0 0 1 0 1 1 1 1 1 1 0
1 1 1 0 0 1 0 1 1 1 1 1 1 1 0 1 0 1 0 1 1 0 1 0 1 1 1 0 0 0 0 1 0 1 0 0 1 1 1 1 1 1 1 1 0 0 1 1 1 0 1 1 0 1 1 0 0 0 1 0 1 1 1
1 0 0 0 1 1 1 0 1 1 1 1 0 0 0 0 1 0 0 0 1 0 0 1 1 1 1 1 1 0 1 0 1 1 1 0 1 1 1 0 0 0 0 1 0 0 1 0 0 1 0 1 0 1 0 1 0 1 1 1 0 0 0
1 0 0 0 1 1 0 0 0 1 1 0 0 1 1 1 1 0 1 1 1 1 0 1 1 1 0 1 1 1 0 1 1 1 0 1 1 0 1 0 0 0 1 0 0 1 1 1 0 0 1 1 1 0 0 1 0 0 1 0 0 1 0
1 0 1 0 0 1 1 1 0 1 1 0 0 0 1 0 0 0 0 0 1 0 1 1 0 1 1 0 1 0 0 1 1 1 1 1 0 0 0 1 1 0 0 0 1 1 1 1 1 1 1 0 0 0 0 1 1 0 1 1 1 0 0
1 0 1 0 1 0 1 0 1 1 0 0 1 0 1 0 1 0 1 1 0 1 0 0 0 1 0 0 1 0 0 0 1 0 1 0 1 0 0 1 0 1 1 0 1 1 0 1 0 0 1 1 1 1 0 1 0 0 0 1 0 1 1
0 0 0 0 1 1 0 0 0 1 0 1 1 1 0 1 0 1 0 0 1 0 1 0 1 0 1 1 0 1 1 1 0 1 1 0 0 1 1 0 0 0 0 1 0 0 1 1 1 0 0 0 0 0 0 1 0 1 1 1 1 0 1
1 1 1 0 1 0 1 1 1 1 1 1 0 0 1 1 0 1 1 0 0 0 0 1 1 0 0 0 1 1 0 1 0 0 1 0 1 1 0 0 0 1 0 1 0 1 0 0 1 1 1 0 0 1 1 0 1 1 0 0 0 1 0
1 0 0 1 0 1 0 0 0 0 0 1 0 1 0 1 1 1 0 0 1 1 0 0 0 0 1 0 0 0 0 0 1 0 0 1 0 0 0 1 0 1 1 1 0 0 0 1 1 0 0 0 1 1 1 1 0 1 0 1 1 1 0
1 0 1 1 1 0 1 0 1 1 0 1 1 0 0 0 1 0 1 1 0 0 0 1 1 1 1 1 0 1 0 1 1 0 1 0 0 0 1 0 0 1 1 0 1 0 1 1 1 1 1 1 0 0 0 1 1 0 1 0 1 1 1
1 0 0 0 0 1 0 0 1 1 1 0 1 0 0 0 0 0 1 1 0 0 1 1 0 1 0 1 0 1 0 0 0 1 0 1 1 1 0 1 1 0 0 1 1 1 1 0 1 0 1 1 0 1 0 1 0 1 1 0 1 0 1
1 0 0 1 0 0 0 1 0 1 1 0 0 0 1 0 1 1 0 0 1 0 0 0 1 0 1 0 1 0 1 1 0 0 1 0 0 0 1 1 0 1 1 0 0 1 1 0 0 1 0 1 1 0 1 1 0 0 0 0 0 1 0
1 0 0 0 1 0 0 0 1 0 1 0 0 0 1 1 0 1 0 0 1 1 0 1 1 0 1 1 1 1 0 1 1 1 0 0 1 1 0 0 1 1 1 1 0 0 0 1 1 0 1 0 1 0 0 0 1 1 0 1 0 0 0
1 1 1 1 0 0 0 1 0 0 1 0 0 1 0 1 0 1 1 0 0 0 0 1 1 1 1 0 1 0 0 0 1 1 0 1 0 1 0 0 1 1 1 0 0 1 1 0 0 0 1 1 0 0 0 1 0 0 0 1 0 1 1
0 1 0 0 0 0 0 1 1 0 1 0 0 1 1 1 1 1 0 1 1 0 1 1 0 0 0 0 0 1 1 1 1 0 1 1 0 1 1 0 1 0 0 1 0 0 1 0 0 1 1 1 0 0 0 0 0 1 1 0 1 1 1
0 0 0 1 1 0 1 0 0 0 0 1 1 1 1 1 0 0 0 1 0 1 0 0 1 1 1 1 0 1 0 0 1 1 1 0 0 0 1 0 1 0 1 0 1 0 1 1 1 0 0 0 0 0 1 0 0 0 0 1 1 1 0
1 1 1 1 1 0 0 1 1 0 1 1 0 0 0 0 1 1 0 1 1 1 0 0 0 0 1 0 0 0 0 1 0 1 0 0 0 1 1 0 1 0 0 1 1 0 0 1 0 0 0 1 1 0 0 1 1 1 1 0 0 1 1
0 0 1 1 1 0 1 1 1 1 0 1 0 0 1 0 0 0 0 1 0 0 0 0 1 0 1 1 0 0 1 0 1 1 0 0 0 0 0 1 1 0 0 1 0 1 1 1 1 1 1 0 0 1 0 0 0 0 0 0 0 0 1
0 0 1 0 1 1 0 0 1 0 1 1 0 0 0 1 1 0 1 1 0 1 1 0 1 1 0 1 0 0 0 1 0 0 1 0 1 0 1 1 0 1 0 1 0 0 0 1 0 0 1 1 0 0 1 1 1 1 0 1 1 1 1
1 0 0 0 0 0 1 0 1 1 1 1 0 1 0 1 0 1 1 0 0 1 0 1 1 1 0 1 1 1 1 1 0 0 0 1 0 0 1 1 0 0 1 1 1 0 0 0 1 0 1 0 1 0 1 1 1 1 0 0 1 0 0
0 0 1 1 0 0 1 0 0 1 1 0 0 0 0 0 0 0 1 1 1 0 1 0 0 0 1 1 1 0 0 0 1 1 0 0 0 1 1 0 1 1 1 1 0 0 1 0 0 0 1 1 1 0 0 1 0 1 1 1 1 0 1
0 1 1 1 0 1 1 0 0 0 1 1 1 1 0 0 1 1 1 1 1 0 0 0 1 1 0 0 1 0 1 1 1 0 0 0 1 0 1 0 0 1 1 0 0 0 0 0 1 1 0 0 1 0 0 0 1 1 1 1 0 1 1
1 0 0 0 0 1 0 1 0 1 0 0 0 1 0 1 1 0 1 0 0 1 0 0 1 0 1 1 1 1 1 1 0 0 1 0 1 1 1 0 0 0 1 1 1 1 0 1 0 0 1 1 1 0 0 0 1 1 0 0 0 0 1
1 0 1 0 0 0 0 1 1 1 0 0 1 0 0 1 1 0 1 0 0 1 1 0 1 0 0 0 1 1 0 0 1 1 0 1 0 1 0 0 0 1 0 1 0 0 1 1 1 0 1 1 0 0 1 0 0 0 0 1 0 1 0
1 1 1 1 0 1 1 0 0 1 1 1 1 0 0 0 0 0 1 1 0 1 1 1 0 1 1 1 0 0 0 1 1 0 1 0 0 0 1 0 1 0 0 1 1 0 0 1 0 1 1 0 1 1 1 0 0 0 0 1 0 1 0
1 0 1 1 1 0 0 1 1 0 1 1 1 1 1 0 1 1 1 1 0 1 0 0 1 0 0 1 0 0 0 0 0 1 1 0 1 0 0 0 0 1 0 1 1 1 1 1 1 1 0 0 1 1 0 0 0 0 0 1 1 0 0
1 1 1 0 0 1 0 1 0 0 0 1 0 1 1 0 0 1 1 0 0 1 1 1 1 1 0 0 0 0 0 1 1 0 1 0 0 1 0 1 0 1 0 0 1 0 1 0 1 1 1 1 1 1 1 0 0 0 0 0 0 1 1
0 1 1 1 1 0 0 0 1 1 1 0 0 0 1 0 1 0 0 0 0 0 1 0 1 0 0 0 0 1 1 0 0 1 1 1 1 1 1 1 0 0 0 0 1 0 1 1 1 1 0 0 0 0 0 0 0 0 1 1 0 1 1
1 0 0 0 1 1 1 1 1 0 0 0 0 1 1 1 0 1 0 1 0 0 0 0 1 0 1 0 0 0 0 1 0 0 0 0 0 0 1 0 0 0 1 0 0 1 0 0 1 0 0 1 1 1 0 0 0 1 1 0 0 0 1
1 0 0 1 1 0 0 1 1 0 0 1 0 1 1 0 0 0 1 1 1 0 1 1 0 1 1 1 1 0 1 1 0 1 0 0 0 0 0 0 0 1 1 1 1 1 0 1 0 1 0 0 1 1 1 1 1 1 0 0 0 1 0
1 1 1 0 1 0 0 1 1 0 0 1 0 1 1 0 0 0 1 1 0 0 0 0 1 1 0 1 0 1 1 0 0 0 1 1 1 1 0 0 0 0 1 1 0 0 1 0 1 0 0 1 1 0 1 1 0 1 0 1 0 1 1
1 1 0 0 0 0 1 1 0 0 0 0 1 1 0 0 0 1 0 1 1 1 0 1 0 1 0 1 0 1 1 0 0 0 1 1 0 0 0 0 1 1 1 0 0 1 1 0 0 1 0 0 1 0 1 1 1 1 1 0 1 0 0
1 1 1 1 1 0 0 1 0 0 1 1 1 1 0 0 0 1 1 0 1 1 1 0 0 0 0 0 1 0 1 0 1 1 1 0 1 1 1 0 1 1 0 1 0 1 0 0 1 1 0 0 1 1 1 1 1 1 0 1 0 0 0
1 1 0 1 1 0 0 0 1 1 0 0 0 1 0 0 0 1 0 0 0 1 0 1 0 1 0 0 0 0 0 1 1 0 1 1 0 1 1 0 0 0 1 1 0 1 1 1 1 0 0 0 0 1 1 1 1 0 1 1 0 1 0
0 1 1 0 1 0 1 0 1 1 1 0 1 0 1 1 1 1 1 1 0 1 0 1 1 0 0 0 0 1 1 0 0 0 0 0 0 0 0 1 1 0 0 1 0 0 0 0 1 0 0 1 1 1 1 1 1 0 1 0 0 1 1
0 0 0 0 1 1 1 1 0 0 0 1 1 1 1 0 0 1 1 1 0 1 0 1 0 0 0 1 1 1 0 0 1 0 0 1 0 0 0 0 0 1 0 0 0 0 0 0 1 0 1 0 1 1 0 1 0 1 1 1 1 0 0
1 0 0 1 1 1 0 0 1 0 1 1 1 1 1 1 1 0 1 0 1 1 0 0 1 0 1 1 1 1 1 0 0 1 0 0 0 1 0 1 0 0 0 0 1 1 0 1 0 0 1 1 0 1 1 0 0 1 1 0 0 1 0
1 1 1 1 0 1 1 0 1 1 0 1 1 0 0 1 0 0 1 0 1 1 0 0 1 1 1 1 0 1 1 1 0 1 0 1 0 1 0 0 1 0 0 1 1 1 1 1 1 1 0 1 1 0 1 1 0 0 0 1 1 0 1
1 1 0 0 1 1 1 0 0 1 1 0 1 0 0 0 1 1 1 1 1 0 0 1 1 0 1 1 1 1 0 0 0 1 0 0 0 0 0 0 0 1 1 1 0 0 0 1 1 1 1 1 1 0 1 1 0 1 0 0 1 0 1
1 1 1 0 1 0 0 1 0 0 1 0 1 0 0 0 0 0 0 1 1 1 1 0 1 1 1 0 1 1 0 1 0 1 1 1 1 1 0 0 0 1 1 1 1 0 0 1 0 1 0 0 1 0 0 1 0 0 1 1 1 0 1
0 1 1 0 1 0 0 0 0 0 0 0 0 0 0 1 0 0 0 0 1 1 0 0 0 0 1 0 1 0 1 0 1 1 0 1 1 1 1 1 0 0 1 1 0 0 1 0 0 0 1 1 0 1 0 0 0 0 0 0 1 1 1
0 0 1 0 1 1 0 0 0 0 0 0 1 0 0 1 1 1 1 0 1 1 1 0 1 1 0 0 0 1 1 0 1 0 1 1 0 0 1 1 1 0 1 0 1 1 1 1 1 1 0 1 0 0 1 1 1 1 1 0 0 1 1
0 0 1 0 0 0 1 0 1 0 0 0 0 1 0 1 1 1 0 0 1 1 1 0 1 0 1 1 1 1 0 1 0 0 1 0 0 0 0 1 0 1 1 0 1 0 0 0 1 0 0 1 1 0 1 0 1 0 1 1 0 1 0
0 0 0 0 1 0 0 0 0 1 0 0 0 1 0 0 1 1 1 0 0 1 1 0 1 0 1 1 0 1 0 0 1 1 0 1 1 0 0 0 1 0 0 1 0 1 0 0 1 0 0 0 1 0 1 0 0 1 1 0 1 1 0
1 0 0 0 1 0 1 1 0 1 0 1 0 1 0 0 1 0 0 1 1 1 1 0 1 0 0 1 0 1 0 1 0 1 1 1 1 1 1 1 1 1 0 0 1 0 1 0 1 1 1 0 1 0 1 1 0 0 0 1 0 1 0
0 0 0 0 0 1 1 1 1 0 1 1 1 0 1 1 0 0 1 1 1 0 0 1 0 0 0 0 0 0 0 1 1 0 0 0 0 0 0 0 0 1 1 1 0 0 1 1 0 0 1 1 0 1 1 0 0 0 1 1 0 0 1
1 1 0 1 0 0 0 0 1 1 0 0 1 0 1 1 1 1 0 1 1 1 0 0 1 0 1 1 1 1 0 0 0 0 1 1 0 0 1 0 0 0 0 1 0 1 0 1 0 1 0 1 1 1 1 0 0 0 0 1 0 0 1
0 1 1 0 1 1 1 1 1 1 0 1 0 1 0 1 1 1 0 1 1 0 0 1 0 0 0 1 1 0 0 0 1 0 0 0 0 1 0 1 0 1 1 0 0 0 1 1 0 1 0 0 1 0 1 0 1 1 0 0 1 0 1
0 0 1 1 0 1 1 0 1 0 1 1 1 0 1 0 1 1 1 0 0 0 1 0 1 0 1 0 0 0 1 1 1 1 0 1 0 0 1 1 0 0 0 0 0 0 0 1 0 1 1 1 0 1 0 1 0 0 0 0 1 1 1
1 1 0 0 1 0 1 1 0 1 0 0 0 0 1 1 0 1 0 0 1 1 1 0 0 1 1 1 1 1 0 0 0 0 1 0 0 1 1 0 1 0 0 1 1 0 1 0 1 1 1 1 1 1 1 0 1 1 1 0 1 0 0
1 0 1 0 0 0 1 1 0 0 1 1 0 0 0 0 0 1 0 1 0 0 0 1 0 1 1 0 0 1 1 0 0 1 1 0 1 1 1 0 0 1 0 0 0 1 0 1 1 0 0 0 1 0 0 0 0 0 0 1 1 0 1
0 0 0 1 0 1 1 1 0 1 0 0 1 0 0 0 1 0 0 0 1 0 0 0 1 0 0 0 0 0 0 0 1 0 1 1 0 1 0 1 0 0 1 0 1 1 0 0 0 0 1 1 0 0 1 0 1 1 0 1 1 1 1
0 0 1 1 1 0 0 1 1 0 1 0 1 1 1 0 1 1 0 0 0 1 0 0 0 1 1 1 1 1 0 1 1 0 0 0 0 1 1 1 0 0 1 1 1 1 1 1 1 1 1 0 1 0 1 1 0 1 0 0 1 0 1
0 1 0 0 0 0 0 1 0 0 1 0 1 1 1 0 0 1 0 0 1 1 1 1 1 0 1 0 1 0 0 0 0 1 0 1 0 1 0 1 1 0 0 1 1 0 1 1 1 1 0 0 1 1 0 1 0 1 0 0 1 1 0
0 0 1 0 1 1 0 0 0 0 0 1 0 1 0 0 1 0 1 1 1 1 0 0 0 0 1 1 1 1 0 0 1 1 1 0 1 0 0 1 0 1 1 0 0 1 0 0 0 1 1 1 1 0 0 1 1 0 0 1 1 0 0
1 1 0 1 1 0 0 0 0 1 1 0 1 1 1 1 0 0 0 1 0 1 1 0 0 1 0 1 0 1 1 1 0 1 1 0 0 0 0 0 0 0 0 1 0 0 0 0 0 0 1 1 0 0 1 1 1 1 1 1 0 0 0
0 1 0 0 0 1 1 1 1 0 1 0 1 0 0 1 0 0 0 0 1 0 1 0 1 0 0 1 1 1 0 1 1 1 1 0 0 0 1 0 1 0 0 0 0 0 0 0 1 1 1 0 1 0 0 1 0 1 0 1 1 1 0
1 0 1 1 0 0 0 0 1 1 1 0 1 0 1 1 0 1 1 0 1 1 0 1 0 1 0 0 0 0 1 0 0 1 1 1 1 0 0 1 0 1 1 1 1 1 1 0 0 1 1 1 0 1 0 0 1 0 1 0 0 1 0
1 0 1 1 0 0 1 1 1 0 1 1 1 0 0 1 1 0 0 0 0 1 0 0 0 0 0 0 1 1 1 0 0 0 0 1 1 0 1 0 0 0 1 1 0 0 1 0 0 0 0 1 1 1 1 1 1 1 0 1 1 0 0
0 0 0 1 1 1 1 0 1 0 0 1 1 0 0 1 0 1 0 1 1 1 1 1 0 0 1 1 1 0 0 1 0 0 0 1 1 1 1 1 1 0 1 0 0 0 1 1 0 1 0 1 1 1 0 1 0 0 1 0 1 0 0
1 1 0 0 0 0 1 0 0 0 1 1 0 1 1 1 0 1 0 1 0 0 0 0 0 1 0 1 0 0 1 0 1 1 0 0 1 0 0 1 1 1 0 1 0 1 0 0 1 1 1 1 0 1 0 0 0 0 0 1 1 1 0
0 1 1 1 0 1 1 0 1 1 0 1 0 1 0 0 0 1 0 0 1 0 0 0 0 0 1 1 0 0 1 1 0 1 1 1 0 0 0 1 0 1 1 0 1 1 0 1 1 1 1 0 0 0 0 1 0 1 1 0 0 1 1
0 0 1 1 0 1 0 0 1 0 1 0 1 1 1 1 1 0 1 0 1 1 0 1 0 0 1 0 0 1 0 1 1 0 1 1 0 1 1 0 0 1 1 0 0 1 1 0 1 1 0 0 1 1 1 1 0 1 1 0 0 0 1
0 0 0 1 1 0 1 0 1 0 1 0 0 0 0 1 1 0 0 0 0 1 0 0 0 0 1 0 0 1 0 1 0 0 0 1 0 0 0 1 0 0 1 1 1 1 0 1 1 1 0 0 0 1 0 1 0 1 1 1 1 1 0
0 0 1 1 0 1 1 0 1 1 1 0 0 0 1 1 1 0 1 0 0 0 0 0 0 1 1 1 0 1 0 1 1 1 0 0 1 0 1 1 0 0 1 0 0 0 1 0 1 0 1 1 0 1 0 0 1 0 0 1 0 0 0
0 0 0 1 1 1 1 1 0 1 1 1 0 1 1 0 1 0 1 1 0 0 1 1 1 1 1 0 0 1 0 1 1 0 1 0 0 1 0 0 1 1 0 0 0 0 0 0 0 0 0 1 1 1 0 0 1 1 0 0 0 0 1
1 0 0 0 0 0 1 0 0 0 0 1 1 1 0 0 1 0 0 0 1 1 1 0 0 1 0 0 0 0 0 0 0 1 0 0 1 0 1 0 0 1 0 0 1 1 1 0 0 0 0 1 0 0 0 1 0 0 1 1 0 0 1
0 0 0 0 0 0 0 1 0 1 1 0 1 0 1 0 0 0 1 1 0 1 1 0 1 1 0 1 1 0 1 1 0 0 1 1 1 1 0 1 1 1 0 1 1 0 0 1 0 1 1 1 0 0 0 0 0 1 0 1 0 0 0
1 1 1 1 1 0 0 1 0 0 1 1 1 0 0 1 1 1 1 0 0 0 1 1 0 1 1 1 0 1 1 1 0 1 1 1 0 0 0 1 0 0 1 1 1 0 1 1 1 1 0 0 0 1 0 0 1 0 1 0 0 0 1
0 0 1 0 1 1 0 1 0 0 1 0 0 1 0 0 0 1 0 1 0 1 0 0 0 1 0 0 0 1 1 0 1 1 1 0 0 0 1 1 1 0 0 1 0 0 1 1 1 0 1 1 1 1 0 0 0 1 0 1 0 1 0
1 0 0 0 1 0 1 0 0 0 1 1 1 0 0 1 0 0 1 1 0 0 0 1 0 0 0 0 0 0 1 0 1 0 0 1 1 1 0 0 0 0 0 1 0 0 1 1 0 1 1 0 0 0 1 0 1 1 0 0 0 0 0
0 0 0 1 1 1 0 0 0 1 1 0 0 1 0 1 1 1 1 1 1 0 0 0 0 1 1 1 0 0 1 0 1 0 1 0 1 1 0 0 0 0 0 0 0 1 1 0 1 1 1 0 1 1 1 0 0 0 1 1 1 1 1
1 1 1 0 0 1 1 0 0 0 1 0 0 0 0 0 1 1 1 0 1 1 0 0 0 1 0 0 0 0 0 1 0 0 1 1 1 1 1 1 0 0 1 1 0 1 1 1 1 0 0 1 1 1 1 0 0 1 1 0 0 0 0
1 0 0 1 1 0 1 1 0 1 1 0 0 1 0 0 1 1 0 1 1 1 1 0 0 1 0 0 1 0 1 1 1 1 1 1 0 1 0 1 0 0 1 0 0 1 1 0 1 1 1 1 1 0 0 1 0 1 0 0 1 1 1
1 1 0 1 0 1 1 0 0 0 0 0 1 1 1 1 1 0 1 0 0 0 1 1 0 0 0 0 1 0 0 1 0 1 1 1 0 1 0 1 1 0 1 0 0 0 0 0 0 1 1 1 0 0 1 0 1 1 1 0 0 1 1
1 0 1 0 0 1 0 0 0 1 1 1 1 1 0 0 0 1 0 0 0 0 0 0 1 0 0 0 0 1 0 1 0 0 0 1 1 1 0 1 1 1 1 1 0 1 0 1 0 1 0 0 1 0 0 1 0 1 0 0 0 1 0
1 0 1 1 0 0 0 1 0 1 0 1 0 1 1 0 1 1 1 0 1 0 1 1 1 1 1 1 1 1 1 0 1 1 0 0 1 1 1 1 0 0 1 1 0 0 1 1 0 0 1 0 0 0 1 0 1 0 0 1 0 1 0
0 1 0 1 1 1 1 0 0 0 1 1 0 1 0 1 0 1 0 1 0 0 0 1 1 0 1 1 0 0 0 0 1 1 0 1 1 1 1 0 0 1 0 0 1 1 0 0 1 1 0 0 1 0 0 1 1 0 1 0 1 1 1
1 1 0 1 1 0 0 1 0 1 0 1 1 0 0 0 0 0 1 0 0 1 1 0 0 0 1 0 0 0 1 1 1 1 0 1 1 1 0 1 1 1 0 1 1 1 1 0 0 1 1 0 0 1 0 1 0 0 1 0 1 1 0
0 0 1 0 1 0 1 0 0 1 1 0 1 0 1 0 1 0 0 0 1 0 0 0 1 0 0 0 0 0 1 1 0 0 0 1 1 1 1 0 1 0 1 1 1 1 1 0 0 1 1 1 0 0 1 1 1 0 1 0 1 0 1
0 1 0 1 0 0 1 1 1 1 1 0 1 1 1 1 1 0 1 1 0 1 1 1 1 0 1 1 1 0 1 0 0 1 1 0 0 0 0 1 1 0 1 0 1 1 1 0 1 0 1 0 1 0 0 0 0 0 1 0 1 1 1
1 1 1 1 1 1 1 1 1 0 1 1 1 0 1 0 0 1 0 1 1 0 0 0 1 0 1 1 1 0 0 1 0 0 1 0 1 1 0 1 0 0 0 0 1 0 1 0 1 0 0 0 0 1 1 1 1 0 0 1 1 1 1
1 1 0 0 0 1 1 1 1 0 1 1 1 1 0 0 1 0 1 1 0 0 0 1 1 1 0 0 1 1 0 1 0 1 0 1 0 0 0 1 1 0 0 0 0 1 0 1 1 0 0 0 0 1 1 1 0 0 0 0 0 1 1
1 1 0 1 0 0 1 1 1 0 0 1 0 0 0 0 0 1 1 0 1 0 1 0 1 0 0 1 1 0 1 1 1 0 1 1 0 1 0 0 0 1 0 1 0 0 0 0 0 0 1 1 1 0 1 0 1 0 1 0 1 1 0
1 0 1 1 1 1 1 0 0 0 1 0 1 1 1 0 0 0 1 0 0 0 0 0 1 0 0 0 1 0 1 0 1 0 1 0 0 0 0 1 0 0 0 1 1 0 1 0 1 1 0 1 0 0 0 1 0 1 0 0 0 0 0
1 0 1 1 1 1 1 1 0 0 0 0 1 0 0 1 0 0 1 0 0 0 0 0 0 1 1 1 1 0 0 1 0 1 1 0 1 0 0 0 0 1 1 0 0 0 0 1 0 1 0 1 0 1 0 0 0 1 0 1 0 1 0
1 0 0 1 0 0 1 0 1 1 0 1 0 0 1 1 1 0 0 0 1 1 0 0 1 0 0 1 0 1 0 0 1 0 0 0 1 1 1 1 1 1 0 1 1 0 1 0 0 1 0 1 0 1 0 0 1 0 0 1 1 0 0
0 0 1 1 1 1 0 0 1 1 1 0 1 1 0 1 1 1 0 1 0 0 1 0 1 1 0 0 1 0 0 1 1 1 0 0 0 1 1 0 1 0 0 1 0 1 0 1 0 0 0 1 0 1 0 1 1 0 0 1 1 0 1
1 0 0 0 0 1 1 0 0 0 0 1 0 0 0 1 0 1 0 0 1 0 0 1 0 1 0 0 1 1 1 1 0 0 1 0 1 0 1 1 0 0 0 1 1 0 0 1 0 1 1 1 0 0 1 0 1 0 1 1 1 0 0
0 0 1 0 0 0 0 0 0 1 0 1 0 1 0 1 0 1 0 1 0 0 1 0 1 1 1 1 1 1 1 1 1 0 0 1 0 0 0 1 1 0 1 0 0 0 0 1 0 1 1 1 1 1 1 0 0 1 1 1 1 1 1
1 0 0 0 0 0 0 0 0 1 0 0 1 0 1 0 1 0 0 1 1 1 1 1 1 0 1 0 1 0 1 1 1 0 1 1 1 0 1 0 0 0 1 1 0 1 1 1 1 0 0 0 1 0 1 0 0 1 0 1 1 0 0
0 1 1 1 1 0 1 0 1 0 0 1 0 0 0 1 1 0 1 1 0 1 1 1 1 1 0 1 1 1 0 0 1 1 1 1 1 1 0 1 1 1 0 1 1 0 1 1 0 0 0 0 0 1 1 1 0 1 0 0 0 1 0
1 0 1 0 0 1 0 0 0 1 0 1 0 0 0 0 1 1 1 1 0 0 1 1 0 1 0 0 0 1 0 1 1 0 0 0 0 0 1 1 1 0 1 0 0 1 1 0 1 0 0 0 0 0 0 1 0 1 0 1 1 1 0
0 0 1 0 1 1 1 1 0 0 1 0 1 0 1 0 1 1 0 0 0 0 1 0 0 1 0 1 0 0 1 0 0 0 0 1 1 1 1 0 0 0 1 1 1 0 0 0 0 0 0 0 0 1 1 0 0 1 1 0 0 1 0
1 0 0 1 1 0 0 1 0 1 1 1 0 0 0 0 0 0 0 1 0 0 0 0 0 1 0 0 1 0 0 0 1 0 0 1 1 1 1 1 0 1 0 1 1 1 1 0 0 1 0 1 0 0 1 0 0 1 1 0 1 1 0
1 1 1 0 1 0 0 0 1 1 0 0 1 1 0 0 1 1 1 0 0 1 1 1 0 1 0 1 1 0 1 0 0 0 0 1 0 0 0 1 1 0 1 0 1 0 0 1 1 0 1 0 0 1 0 0 0 1 1 1 1 1 1
1 0 1 1 0 1 1 1 1 0 0 1 0 1 1 1 1 1 0 0 1 0 1 1 0 1 1 0 0 0 0 0 0 1 0 0 1 1 0 0 0 0 1 0 0 1 0 0 1 1 1 0 0 0 0 0 0 1 1 0 1 1 0
0 0 1 0 1 1 1 1 1 1 1 1 1 0 1 0 0 0 0 0 0 1 1 1 1 1 1 0 0 0 0 1 0 1 0 1 1 0 1 1 0 1 0 0 0 1 1 0 1 0 0 0 1 0 1 0 0 0 0 0 0 1 0
0 0 0 1 1 1 0 1 0 1 1 1 0 0 1 1 0 0 1 1 1 1 1 0 1 0 1 0 0 1 1 0 0 0 1 0 1 1 1 0 0 1 0 1 0 0 1 1 0 1 1 1 1 1 0 1 0 0 1 0 0 1 0
0 0 0 0 0 1 1 1 0 0 0 0 0 0 0 0 1 0 1 0 0 0 0 1 1 1 0 1 0 1 1 1 1 1 1 1 1 1 1 0 0 1 1 1 0 1 1 1 0 1 1 0 1 1 0 1 0 1 0 0 1 0 0
1 0 1 1 0 1 0 0 1 1 1 1 0 0 1 1 1 0 0 1 0 0 0 1 1 1 0 1 1 0 0 0 0 0 1 0 0 0 0 0 1 0 0 0 0 0 0 1 1 0 0 0 0 0 1 0 1 1 1 0 0 0 0
1 1 1 1 1 1 0 0 1 1 1 1 1 0 0 1 1 1 1 1 1 1 1 1 1 1 0 0 1 0 0 1 0 0 1 1 1 0 0 0 0 0 0 0 0 0 1 0 0 1 0 1 0 0 0 0 0 1 0 1 0 1 0
0 0 1 1 1 1 1 1 0 1 1 1 0 1 0 0 0 1 1 0 0 1 1 0 0 1 0 1 1 0 1 0 0 1 1 0 1 0 0 1 1 0 1 0 1 0 1 0 0 0 1 1 1 0 1 1 1 0 1 1 0 1 0
0 1 0 0 0 1 0 0 1 0 0 0 1 1 0 0 1 0 1 1 1 1 1 1 1 0 0 0 1 1 1 1 1 1 0 0 0 0 0 1 1 0 1 1 1 1 1 0 0 0 0 0 1 0 0 1 1 1 1 1 0 0 1
0 1 1 1 0 1 0 0 0 0 0 0 1 0 0 1 1 1 0 0 0 0 0 1 1 1 0 0 1 1 1 0 0 0 0 1 1 0 0 0 0 1 1 0 1 1 1 1 0 0 0 0 0 0 1 0 0 0 0 1 1 0 1
0 1 1 1 1 0 1 0 1 0 1 1 1 0 1 1 0 0 1 1 0 0 0 1 0 1 0 0 1 0 1 1 0 1 1 0 0 1 1 1 0 1 1 0 1 1 1 0 1 1 1 0 1 0 0 0 0 1 0 1 1 0 0
0 0 1 1 0 0 1 0 1 0 1 1 1 0 1 1 1 0 0 0 0 0 1 0 1 1 0 0 0 0 1 0 0 1 1 0 1 0 0 0 1 0 1 1 0 0 0 1 0 0 1 0 1 0 0 1 0 1 1 1 0 0 0
0 1 1 0 1 1 0 1 0 0 1 0 1 1 1 0 1 1 1 0 1 1 1 1 1 1 0 1 1 1 0 0 0 1 1 0 1 1 1 0 0 1 0 1 0 1 1 0 0 1 1 0 1 0 1 0 1 1 1 1 1 1 1
1 0 0 1 0 0 1 1 0 1 0 0 0 0 0 0 1 0 0 0 0 0 1 0 0 0 0 0 1 1 0 1 0 1 0 0 0 0 1 1 0 1 0 0 0 0 0 1 1 0 0 0 1 0 0 1 1 1 0 0 0 0 0
0 0 1 1 1 1 0 1 0 0 1 1 1 1 1 1 0 0 0 0 1 0 1 1 1 1 0 1 0 0 1 0 1 0 0 0 1 1 0 1 0 0 1 0 1 0 0 0 0 1 1 1 0 1 1 1 1 0 1 0 1 0 0
0 0 1 1 0 0 1 1 0 0 1 1 0 0 1 1 0 1 0 0 1 1 1 1 0 1 1 1 1 1 0 1 0 0 0 1 0 0 1 1 1 1 0 0 1 0 0 0 0 0 1 1 0 1 0 0 1 1 0 0 0 1 1
1 0 1 0 0 1 0 0 0 1 0 1 0 1 0 1 1 0 0 0 0 0 1 0 1 1 1 0 1 0 1 1 1 0 0 0 0 0 1 1 0 1 0 0 1 1 0 0 1 1 0 1 0 0 1 0 1 1 0 0 1 0 1
0 0 0 0 1 1 1 1 0 1 0 0 0 1 0 1 0 1 0 0 0 1 1 0 0 1 0 0 1 0 0 1 1 0 1 0 0 1 1 1 1 1 0 0 1 1 0 0 0 0 0 0 1 1 0 0 1 1 1 1 1 1 0
0 0 1 0 0 0 0 0 1 0 0 1 0 0 0 0 0 1 0 0 0 1 1 1 1 1 1 0 1 0 1 1 0 0 0 0 0 0 0 0 0 0 0 1 0 1 1 0 0 0 1 1 0 0 1 1 0 0 1 0 0 0 0
1 0 0 1 1 1 0 0 1 0 1 0 0 0 1 1 1 1 0 0 0 1 1 1 0 1 1 0 0 1 0 1 1 1 1 0 1 0 0 1 1 1 0 1 1 1 1 0 1 0 0 1 1 0 0 1 0 1 0 1 0 1 1
0 0 1 1 0 0 0 1 1 1 1 0 1 1 1 0 1 1 1 1 1 0 0 1 1 0 1 0 0 0 0 0 0 0 1 0 1 0 1 1 1 0 1 1 1 1 0 1 1 0 1 1 0 1 0 1 0 1 0 1 0 1 1
0 0 1 0 1 0 0 0 1 0 0 0 0 0 1 1 0 1 1 1 0 0 0 1 1 0 1 0 0 1 1 0 0 0 1 1 0 0 0 0 0 1 1 0 0 0 0 1 0 1 0 0 0 0 1 0 0 1 1 0 0 1 0
1 0 1 1 0 1 0 1 0 1 0 1 0 0 0 1 1 0 0 1 1 1 1 0 0 0 0 1 1 0 1 0 1 1 1 1 1 0 0 1 0 1 0 0 1 0 1 0 1 0 0 0 0 1 0 0 0 0 1 1 1 1 1
0 0 0 1 0 0 1 1 1 1 0 1 1 1 1 0 1 1 1 0 1 1 1 1 1 1 1 0 0 1 0 1 1 0 1 1 1 0 1 1 0 0 0 1 0 0 1 0 1 1 0 1 0 1 1 1 1 0 1 0 0 0 0
0 0 0 1 0 0 0 0 1 1 0 0 1 0 1 0 0 1 0 0 1 0 1 0 1 1 1 0 0 0 1 1 1 1 0 0 0 1 1 1 1 1 0 1 1 0 1 0 0 1 0 1 1 0 1 0 1 1 0 1 1 1 0
1 0 1 1 0 0 0 0 0 0 0 0 0 1 0 1 0 0 1 0 0 1 1 1 0 0 0 0 1 1 0 1 1 1 1 0 1 0 0 0 1 0 1 1 1 1 0 0 0 1 0 1 0 1 0 0 0 0 0 1 1 0 0
0 0 0 1 1 0 0 0 1 1 1 1 1 0 1 0 0 1 1 1 1 0 0 0 0 1 0 1 1 0 0 0 1 1 1 1 1 1 1 0 1 0 1 0 0 1 1 1 1 1 0 0 0 1 1 1 0 1 1 1 0 1 0
0 1 0 1 0 1 0 0 1 1 0 1 0 0 1 0 1 0 0 0 1 0 1 1 1 0 1 1 0 0 0 1 0 0 0 1 0 1 0 0 1 0 1 1 1 0 1 0 0 0 1 0 1 1 0 0 0 0 1 0 0 1 0
0 0 0 1 1 1 1 0 0 1 0 1 1 0 1 0 1 0 1 1 0 1 0 0 0 0 1 1 1 1 0 1 0 1 0 1 1 1 1 1 1 1 1 0 1 1 1 1 0 0 0 0 1 0 1 0 1 1 0 1 0 0 1
0 0 0 0 0 0 0 1 1 1 0 1 1 0 1 1 1 0 1 0 1 0 1 0 0 0 1 1 0 1 0 0 1 0 0 0 0 1 1 1 0 1 0 1 0 1 0 1 1 1 1 0 1 1 1 1 1 0 1 0 1 1 0
0 0 1 0 1 0 1 1 0 1 0 0 1 1 1 0 0 0 0 1 1 0 1 0 0 0 1 0 1 1 0 0 0 0 1 1 0 0 1 0 1 1 0 0 1 1 0 0 1 1 0 1 0 1 1 1 0 1 0 1 1 1 1
1 0 0 0 1 0 0 0 1 0 0 1 0 1 0 0 0 1 1 0 0 1 1 0 0 0 1 0 1 0 0 1 0 1 1 1 1 0 1 0 0 0 1 1 0 0 0 0 0 1 1 0 1 1 0 0 1 1 0 0 0 0 1
1 1 0 0 1 0 1 1 0 0 0 0 1 1 1 1 1 0 0 0 0 0 1 1 1 0 0 1 0 0 1 1 0 1 0 0 1 1 0 1 0 0 1 0 0 1 0 1 1 1 0 0 1 1 1 0 0 0 1 1 1 0 0
1 0 0 0 1 0 1 0 0 1 1 1 0 1 0 1 1 0 0 0 1 0 0 1 1 0 0 0 1 0 0 0 0 0 0 0 0 0 1 0 1 0 1 0 1 1 1 0 1 0 1 0 1 1 1 0 0 1 0 1 0 0 1
1 1 0 0 1 0 0 1 0 0 0 0 1 0 1 0 1 1 1 0 1 0 0 0 0 1 0 1 0 0 0 1 1 0 1 1 1 0 0 1 0 0 0 0 0 1 1 0 0 0 0 1 0 1 0 0 1 1 1 0 1 0 1
1 1 0 1 1 1 0 1 1 1 0 1 1 0 0 1 1 0 0 1 0 1 1 1 1 0 1 0 0 0 1 0 1 0 1 0 0 0 0 0 0 0 1 1 1 0 0 0 1 1 1 0 0 0 0 1 1 1 0 1 0 1 0
1 1 0 1 0 0 0 1 1 0 1 1 0 1 1 0 1 1 1 0 0 0 1 0 1 1 1 0 1 1 0 1 1 0 1 0 0 0 0 1 0 1 1 1 1 1 0 1 0 0 1 0 0 1 0 1 0 0 0 1 1 1 0
1 0 1 1 1 1 0 0 0 1 0 0 0 0 1 0 0 1 1 0 1 0 0 0 1 1 1 1 0 0 0 0 0 1 0 1 0 0 1 1 0 1 0 0 1 0 0 1 1 0 0 1 0 0 1 0 1 0 1 1 0 1 1
0 0 0 0 1 0 0 0 1 0 1 0 1 1 0 0 0 0 0 0 0 1 1 0 1 1 1 1 0 1 1 0 0 0 1 0 0 0 0 0 1 0 1 0 0 0 1 0 0 1 1 1 0 1 0 1 1 1 0 1 0 1 1
0 1 0 0 1 1 1 0 1 1 1 1 1 0 0 1 0 1 1 0 1 0 1 1 1 1 1 1 0 0 0 1 1 1 0 0 0 0 1 1 0 0 1 0 1 0 1 0 1 1 1 1 1 0 0 1 0 1 1 1 0 1 1
1 1 1 1 0 0 1 1 0 0 1 0 1 0 1 0 0 0 1 1 0 1 1 0 0 0 1 1 0 1 0 1 1 0 0 0 1 1 0 0 0 0 1 1 0 1 0 1 0 0 0 1 1 0 0 0 0 0 1 1 1 1 0
0 1 1 0 0 1 0 0 0 0 0 1 1 0 0 0 1 0 0 1 1 1 0 1 1 0 1 0 0 1 0 1 1 0 1 0 1 1 0 0 1 0 0 1 0 0 1 1 1 1 0 1 0 0 0 0 1 0 0 0 1 1 1
1 0 0 0 1 0 0 1 1 0 1 0 1 1 1 0 1 0 1 0 1 1 0 0 1 1 1 0 0 1 0 1 1 1 1 1 0 1 1 0 1 0 0 1 1 0 0 0 1 0 1 1 0 1 1 1 1 1 0 1 1 0 0
1 1 0 1 0 1 0 1 0 1 0 0 0 0 0 0 0 0 1 1 0 0 1 1 0 0 0 0 1 1 1 0 1 1 1 1 0 1 1 0 0 1 1 1 1 1 0 1 0 0 0 1 0 1 1 1 0 1 1 1 0 1 1
0 0 0 0 0 0 1 1 1 1 1 1 1 0 0 1 0 0 0 1 0 1 1 0 0 0 0 0 0 1 0 1 1 1 1 1 0 0 1 1 0 1 1 0 1 0 1 1 0 1 0 0 1 1 1 1 0 1 1 0 1 0 0
1 1 0 1 1 0 1 1 1 1 1 0 0 0 0 0 0 1 1 0 0 1 1 1 1 1 0 1 0 0 0 1 0 1 0 0 1 1 0 0 1 0 1 0 0 0 0 1 1 0 0 1 0 0 1 0 0 0 0 0 1 0 1
0 0 1 1 1 0 0 1 0 0 0 1 1 0 0 1 1 0 0 0 1 1 0 1 0 0 1 0 0 0 1 1 0 1 1 0 0 1 0 1 0 1 0 0 0 0 1 1 0 1 1 1 1 0 1 0 0 0 0 1 1 0 1
0 0 0 1 0 0 1 0 1 0 1 1 1 0 1 0 1 0 0 1 1 1 1 1 1 1 0 1 1 1 1 1 1 1 0 1 1 0 0 0 1 0 0 0 1 1 0 0 1 1 0 0 0 0 1 0 1 1 1 0 1 1 0
0 1 0 0 0 1 0 0 0 1 1 0 1 1 1 1 1 1 1 0 0 0 1 0 0 0 0 0 1 1 1 1 0 0 0 1 0 0 1 1 0 1 0 1 1 1 1 1 1 1 1 0 0 1 0 1 1 0 0 1 0 1 1
1 0 0 0 1 0 1 1 1 0 0 1 0 1 1 0 0 1 0 1 1 1 1 0 0 1 0 1 0 1 0 1 1 0 1 1 0 0 1 1 1 0 1 0 0 1 0 0 1 0 1 1 0 0 1 1 0 1 0 1 0 0 0
1 0 0 1 1 0 1 0 1 0 0 0 0 1 0 0 1 0 1 1 0 0 1 0 1 0 0 0 1 0 0 0 1 0 0 0 1 1 1 1 1 0 0 0 0 0 1 1 1 0 1 1 0 1 1 1 0 0 1 1 0 1 0
1 1 1 0 0 0 0 1 1 0 1 1 1 0 1 0 0 1 0 1 0 0 1 0 0 0 1 0 0 1 1 0 1 1 0 1 1 1 0 1 0 0 0 0 1 0 1 1 0 0 1 1 1 0 1 0 0 1 1 1 1 0 1
1 0 0 0 0 0 1 0 0 1 1 1 1 0 1 1 1 1 1 1 1 0 1 1 0 1 1 1 1 0 1 1 0 0 1 1 0 0 1 0 1 1 0 1 0 1 0 0 1 0 0 1 1 1 0 1 0 0 0 1 0 1 0
0 1 1 0 0 0 0 1 0 1 1 1 1 1 1 1 0 1 0 1 0 1 0 1 1 1 0 1 0 1 0 1 1 0 0 0 0 0 1 1 0 1 1 0 0 1 1 1 1 1 0 1 1 1 1 1 1 1 0 1 0 1 1
1 0 0 0 1 0 0 0 0 1 1 1 0 0 0 1 0 1 0 1 1 0 0 0 1 0 0 1 1 0 1 0 0 1 1 1 0 1 1 0 1 1 1 0 1 1 0 0 0 0 1 0 0 0 1 0 1 1 0 1 1 1 0
1 0 0 1 1 1 1 0 0 0 0 1 0 0 1 0 0 0 0 1 1 1 1 0 1 0 0 0 1 1 1 1 0 1 0 0 0 1 0 0 1 0 0 1 0 1 0 0 0 1 0 0 0 0 0 1 0 1 1 1 1 1 1
1 1 0 1 1 1 0 0 0 0 0 1 0 1 1 0 1 1 1 0 0 0 1 0 1 1 0 1 0 0 0 1 1 1 1 0 1 1 0 0 1 1 1 0 1 1 0 1 0 0 1 0 0 0 0 0 0 0 0 1 1 0 1
0 0 1 1 1 0 0 1 1 0 0 1 0 1 0 0 1 1 1 0 0 1 0 1 0 1 0 0 0 1 1 1 1 1 1 1 1 0 1 1 1 0 1 0 0 1 1 1 1 1 1 0 1 0 1 0 1 0 0 0 1 1 0
0 1 0 1 1 1 0 1 1 0 0 0 0 0 1 1 0 1 0 0 0 1 0 1 1 1 1 1 1 1 1 1 1 1 0 0 1 0 1 1 1 0 0 1 0 1 0 0 0 0 0 0 0 1 1 0 0 0 0 0 0 1 0
1 0 1 1 0 0 1 0 0 1 1 0 1 1 0 1 0 1 0 1 1 0 0 0 1 0 1 0 1 1 1 0 0 1 1 0 1 0 0 0 1 0 0 0 1 1 0 0 0 0 1 1 1 1 0 1 1 0 1 0 1 0 0
0 1 1 1 1 1 0 1 1 0 0 0 0 0 0 1 1 1 1 0 0 1 1 0 1 1 1 1 0 1 0 1 0 0 1 1 1 1 0 0 1 0 1 0 0 1 1 0 1 0 1 1 1 0 1 1 0 0 1 1 1 0 0
0 1 1 0 1 0 1 1 1 1 0 1 0 0 1 1 0 0 1 0 1 1 1 0 1 1 1 0 0 0 0 0 1 0 1 1 1 0 1 1 0 1 0 0 1 1 0 1 0 1 0 0 1 1 0 1 1 1 0 1 0 0 1
1 1 0 0 0 1 0 1 1 0 0 1 1 0 0 0 1 0 1 0 1 1 0 1 1 1 1 0 1 1 1 1 0 1 1 1 1 0 1 1 0 1 1 0 1 0 1 1 1 1 0 1 0 1 0 0 0 1 1 1 1 1 0
1 1 0 1 1 1 0 1 0 1 0 0 1 0 0 0 0 0 0 0 1 0 1 0 1 1 1 1 1 0 0 0 1 1 1 0 0 1 0 0 1 1 1 0 0 1 1 0 1 0 0 1 1 0 0 0 1 0 1 0 0 1 0
1 0 1 0 0 0 0 1 0 0 1 1 0 0 1 0 1 0 0 1 0 1 1 1 0 0 1 0 0 0 1 0 1 1 0 0 0 0 1 0 1 1 1 1 1 1 1 0 1 1 1 0 1 0 1 1 1 0 1 1 0 0 1
1 1 0 0 1 0 0 0 1 1 0 1 1 0 0 1 0 0 0 0 1 0 1 0 0 0 1 0 1 1 0 1 0 0 0 0 1 1 0 1 0 0 0 0 0 1 0 0 0 1 1 1 0 0 0 1 1 1 1 1 0 1 0
0 0 0 1 0 0 1 0 1 1 0 0 0 0 0 1 1 0 0 1 0 1 1 1 1 1 1 1 1 1 0 0 1 0 1 0 0 1 1 0 1 0 1 1 1 1 0 1 0 0 1 0 0 1 1 0 1 0 1 1 1 0 1
0 0 0 0 0 1 0 1 1 1 0 0 0 0 1 1 1 1 1 1 1 0 1 0 1 0 0 0 1 0 1 0 0 1 1 0 1 0 1 1 0 0 0 0 0 0 0 0 0 1 1 0 0 1 1 0 0 1 1 1 1 0 1
0 1 1 0 1 0 1 0 1 0 0 0 1 1 0 1 1 1 0 1 1 0 1 0 1 1 1 0 0 0 1 1 0 0 0 0 0 0 1 0 1 1 0 0 0 0 0 1 1 1 0 0 1 1 1 1 0 0 1 0 1 0 1
1 1 0 0 1 1 0 1 0 0 0 1 1 0 0 0 1 0 1 1 0 0 0 0 1 0 1 1 0 1 1 0 1 0 0 0 0 0 1 1 1 1 0 1 0 0 1 1 0 0 1 0 0 1 1 0 1 1 0 0 1 1 0
0 1 1 0 1 1 1 0 0 1 0 0 0 1 1 0 1 0 0 1 1 1 0 1 0 0 0 0 1 1 0 0 0 0 1 1 0 0 1 0 0 0 0 1 1 0 1 1 1 1 0 1 1 0 1 0 1 1 0 0 0 0 1
0 0 1 1 0 0 0 1 0 0 0 1 0 0 1 1 1 1 1 1 1 1 0 0 1 1 0 1 1 0 1 1 0 1 0 0 0 0 1 0 0 1 1 1 0 0 1 0 0 0 0 0 0 1 1 0 0 0 1 1 1 0 0
0 0 0 1 1 0 1 0 1 0 1 1 1 1 1 0 1 1 0 0 0 0 1 1 0 0 0 0 1 1 0 0 1 1 0 1 0 0 1 0 1 0 0 1 1 1 0 1 0 0 0 0 1 1 0 1 0 0 0 1 1 1 0
0 0 1 0 1 1 1 0 0 1 0 1 0 1 1 0 0 1 1 1 1 0 1 0 0 0 1 1 0 0 0 1 1 1 1 0 1 1 1 0 1 1 1 0 0 0 0 1 0 1 1 0 0 1 1 0 1 0 1 0 1 0 0
0 0 1 1 1 1 0 0 1 0 0 0 1 0 0 0 0 1 0 1 1 1 0 0 0 0 0 0 1 1 1 1 0 1 0 0 1 0 1 0 0 0 1 0 1 0 1 0 0 0 0 0 0 0 0 1 0 0 0 1 0 1 0
0 0 1 1 1 0 1 0 1 0 0 0 0 0 1 0 0 0 0 1 0 0 1 1 0 1 0 1 0 0 0 0 0 1 1 1 0 0 0 0 0 0 0 0 0 1 0 0 0 1 0 1 1 1 0 1 1 0 0 1 1 0 0
1 0 0 0 1 0 1 1 0 1 0 0 1 0 1 1 0 0 0 0 0 1 0 0 1 1 1 1 1 1 1 1 0 0 1 1 1 0 0 1 0 0 0 1 1 0 0 1 1 0 1 0 1 0 1 0 0 1 1 0 1 1 1
0 1 0 1 0 0 0 0 1 1 0 1 1 1 1 1 1 0 0 0 1 0 0 1 1 1 0 0 0 1 1 0 1 1 0 0 0 0 0 0 1 1 0 0 0 1 0 1 1 1 0 1 0 0 1 1 1 0 0 0 1 1 0
1 0 0 1 1 0 0 0 0 1 1 1 0 0 1 0 0 1 1 0 1 0 1 1 1 1 0 1 0 0 0 0 0 1 1 0 0 1 1 1 0 1 1 1 1 1 0 1 1 1 1 1 0 0 1 1 0 0 0 0 1 1 1
1 1 1 1 0 0 1 0 0 0 1 0 1 1 0 1 0 0 0 1 1 0 0 1 1 0 0 1 0 0 1 1 0 0 1 1 1 1 1 1 0 0 1 0 0 0 1 0 1 0 1 1 0 0 0 1 0 1 1 1 0 1 0
1 0 1 0 0 1 0 1 1 1 1 1 1 1 0 0 1 0 0 0 1 1 1 0 0 0 1 1 1 0 1 1 1 1 1 1 0 0 1 0 1 1 1 1 0 1 0 1 0 0 1 1 0 0 0 0 0 1 1 1 0 0 0
0 0 0 0 1 0 1 0 0 0 1 1 0 0 1 0 1 0 0 1 1 0 1 0 0 1 1 0 1 1 1 1 1 0 1 0 1 1 0 1 0 0 1 1 0 0 1 0 1 0 0 1 1 1 1 0 0 0 0 0 1 0 1
1 0 1 0 0 1 1 0 1 1 1 1 0 0 0 0 1 1 0 1 0 0 0 1 1 0 1 0 1 0 1 1 0 0 0 1 0 0 0 1 0 1 1 1 1 0 1 1 0 0 0 0 0 1 0 0 1 0 0 1 0 0 1
0 0 1 1 1 0 0 1 1 1 1 1 1 1 0 0 1 1 1 0 1 0 0 0 0 0 0 1 0 0 0 0 0 0 0 0 1 0 0 1 0 1 0 0 0 0 0 1 1 1 1 1 1 0 0 0 0 1 1 0 1 0 0
1 0 1 1 0 0 1 0 1 1 1 1 0 1 0 1 0 1 0 1 1 0 1 1 1 0 0 0 0 1 1 1 1 0 1 0 0 0 0 0 0 0 1 0 1 1 1 0 0 0 0 0 1 0 1 0 0 0 0 1 1 1 0
0 1 0 0 0 0 0 1 0 1 1 0 0 1 1 1 1 0 0 1 1 1 0 0 0 1 0 0 1 1 1 0 0 0 0 0 1 0 0 0 0 1 0 0 0 1 0 1 1 0 0 1 1 0 1 1 1 1 1 1 0 0 0
1 1 1 0 1 0 1 1 0 1 0 1 1 1 1 0 1 1 0 1 0 0 1 1 0 1 0 1 1 0 0 1 1 1 1 0 0 0 0 0 0 1 1 0 1 0 0 0 0 0 0 1 0 0 1 0 1 0 0 1 0 0 1
1 1 1 1 1 0 1 0 1 0 1 0 1 1 1 0 0 0 0 0 0 0 1 1 0 0 1 1 0 1 0 1 0 1 0 1 1 1 0 1 0 1 1 0 1 0 1 1 0 1 0 0 0 0 1 0 0 0 0 0 1 0 0
1 1 0 0 0 0 1 0 1 1 1 0 0 1 0 0 0 1 1 0 1 1 1 0 1 1 1 0 1 0 1 0 1 1 1 1 1 0 0 1 1 1 1 0 0 0 0 0 0 0 0 0 1 1 1 1 0 0 1 1 0 0 0
0 0 0 0 1 0 1 1 0 0 1 1 0 0 0 0 1 0 1 0 0 0 0 1 1 0 1 0 1 1 0 0 1 1 0 0 1 1 1 0 1 1 1 1 1 0 0 1 1 0 0 1 0 0 1 1 1 0 0 0 1 1 0
0 1 1 0 0 0 0 0 0 0 1 1 0 1 0 0 0 1 0 1 0 0 0 1 0 0 1 1 1 1 1 1 0 0 1 0 0 1 0 0 1 0 0 0 0 0 1 1 0 1 1 0 1 0 0 1 1 0 0 0 0 1 0
0 1 1 1 1 1 0 1 1 1 0 1 1 1 1 0 0 0 1 1 1 1 1 0 0 1 1 1 1 1 1 0 1 1 0 1 0 1 0 1 1 0 0 0 1 0 1 0 1 1 0 0 1 1 0 0 1 1 1 1 0 0 0
0 1 0 0 0 1 1 0 1 0 0 1 1 1 1 0 0 0 0 0 0 0 0 0 1 1 0 1 0 1 1 0 0 0 0 0 1 1 1 0 1 1 0 1 0 0 1 0 0 0 0 0 1 1 0 1 1 0 1 1 0 1 0
0 1 1 1 1 1 0 1 1 1 0 0 0 1 0 0 1 1 1 1 0 0 1 1 1 0 1 1 1 0 0 1 1 0 0 1 1 0 0 1 0 1 1 1 0 0 1 0 1 1 0 1 0 1 1 1 1 0 0 0 0 0 1
1 0 1 0 0 1 1 0 1 0 0 0 0 1 1 0 0 1 0 1 1 0 0 1 1 1 0 0 0 0 0 0 1 1 0 1 0 1 1 0 0 1 1 0 1 0 0 1 0 1 1 0 0 1 1 1 0 1 0 1 1 1 1
1 1 0 1 1 1 1 1 1 1 1 0 0 0 1 0 1 1 0 1 1 1 1 1 0 0 0 1 1 1 0 0 0 1 1 1 1 0 1 1 1 0 1 1 0 0 1 1 1 0 0 1 0 1 1 0 1 0 1 1 1 1 0
1 0 1 0 1 1 1 0 0 0 1 0 0 1 0 1 0 0 1 0 1 1 1 1 0 1 1 0 0 1 1 0 0 1 0 0 1 1 0 0 0 1 0 0 0 0 1 1 0 1 0 0 0 0 0 0 1 1 1 0 0 1 0
0 1 0 1 0 1 1 1 0 1 1 0 0 1 0 0 0 0 0 0 0 1 1 1 0 0 0 0 0 0 1 1 1 0 0 1 0 0 1 0 0 0 1 1 0 1 1 1 1 1 1 0 1 0 1 0 1 0 1 0 1 1 1
0 0 0 0 1 0 1 0 0 1 1 0 1 0 0 1 0 1 1 0 0 1 1 1 0 1 1 0 1 0 0 0 1 0 1 1 1 0 1 0 0 1 1 0 0 1 0 1 0 1 1 1 1 0 1 0 1 0 1 1 1 0 0
1 1 1 0 1 1 1 1 1 0 0 0 0 1 0 1 0 0 1 1 1 1 1 0 1 0 0 0 0 1 1 0 1 1 0 0 0 0 0 1 0 1 1 1 1 0 1 1 0 1 1 1 0 0 0 1 0 0 1 0 1 0 0
0 0 0 0 1 0 0 0 0 1 1 0 1 1 1 0 1 0 1 0 0 0 0 1 0 0 1 1 0 1 1 1 1 0 1 1 1 0 0 1 1 1 0 0 1 1 0 0 1 1 0 0 0 1 0 0 1 0 0 0 0 0 0
1 1 0 1 1 1 0 1 1 0 1 0 1 1 0 0 0 0 1 0 0 0 1 1 1 1 1 0 0 1 0 0 0 0 0 0 1 0 1 0 0 1 0 1 0 0 1 1 1 0 0 0 0 0 0 0 1 1 0 1 1 0 0
0 1 0 0 0 1 0 0 0 0 1 1 0 1 1 0 0 1 1 0 0 0 0 0 1 0 1 0 0 1 0 1 1 0 1 0 1 0 0 1 1 1 0 0 0 1 0 0 0 0 1 1 0 1 1 1 0 1 0 0 1 0 1
1 1 1 1 1 1 0 0 1 1 1 0 1 0 0 1 1 1 1 0 1 0 1 1 0 1 1 0 1 0 1 0 1 1 1 1 0 1 1 1 1 1 0 0 1 0 0 0 1 0 1 0 1 0 0 1 1 1 1 0 1 0 0
1 1 1 0 0 0 0 0 0 1 1 1 1 1 0 0 1 0 1 0 0 1 1 0 0 1 1 1 0 0 1 0 1 1 1 0 1 1 1 0 0 0 0 1 1 0 1 0 0 1 0 0 1 0 0 1 1 1 0 0 1 1 0
1 0 1 1 0 1 1 0 0 1 1 1 0 0 1 1 0 1 1 0 1 1 0 1 1 0 1 1 0 0 0 0 1 1 0 0 0 1 0 1 1 0 0 1 0 1 0 1 1 0 0 1 1 0 0 1 1 0 0 0 1 1 0
1 1 0 0 1 0 1 0 1 0 0 0 0 1 0 0 0 1 1 1 1 0 0 1 1 1 1 1 0 1 0 1 0 0 1 0 0 1 1 1 1 0 0 0 1 1 0 1 0 0 1 1 1 0 1 0 0 1 1 1 1 1 0
1 1 0 1 1 0 0 1 0 0 1 0 1 0 1 0 0 1 0 1 1 0 0 1 0 0 0 1 1 0 1 1 1 0 1 0 1 0 1 1 0 0 1 1 1 1 0 1 0 1 1 0 0 0 1 1 0 1 0 0 0 1 1
1 1 0 1 1 1 1 0 1 0 0 0 0 0 1 1 0 1 0 0 0 1 0 1 0 0 0 1 1 0 1 0 0 1 0 1 0 1 0 0 0 0 0 1 1 0 1 1 0 1 0 1 1 1 0 0 0 1 1 1 0 1 1
1 0 0 0 1 0 0 1 1 1 1 1 1 1 1 1 0 1 0 0 1 0 0 0 0 1 1 1 1 0 1 1 1 0 0 1 1 0 1 0 0 0 1 0 1 0 1 1 1 1 1 1 1 0 0 0 0 0 0 0 0 1 0
1 1 0 0 0 1 0 1 1 1 1 0 0 1 1 1 1 1 1 0 1 1 1 0 1 0 1 1 0 0 1 1 1 0 0 0 0 1 0 0 1 1 0 1 1 1 1 1 0 0 1 0 0 1 1 1 1 1 0 0 0 1 1
1 1 1 0 1 1 0 1 0 1 1 1 0 0 0 0 1 1 0 0 1 1 0 0 1 0 1 1 0 1 1 1 1 0 0 1 0 1 1 0 0 1 0 0 0 1 0 0 1 1 0 1 0 1 1 0 0 0 1 0 1 0 0
1 0 1 0 0 0 0 0 1 1 0 0 0 1 1 1 0 1 1 0 0 0 1 1 1 0 0 1 0 0 1 1 1 1 1 0 0 1 1 0 0 1 0 0 0 1 1 1 1 1 1 1 1 0 0 1 1 1 1 0 0 0 1
1 0 1 0 1 0 1 1 0 0 0 0 1 0 0 1 0 0 1 1 1 1 1 0 1 1 1 0 1 1 1 0 0 1 0 0 1 1 1 1 1 0 1 0 0 0 0 0 0 0 1 0 0 0 1 1 1 1 0 1 0 0 1
0 0 1 0 1 0 0 0 1 0 1 1 0 1 1 0 0 1 0 1 1 0 0 1 1 1 1 0 1 1 1 1 0 0 1 1 1 1 0 1 1 0 1 1 1 1 1 0 1 1 0 0 1 1 0 1 1 1 1 0 1 0 1
0 0 1 1 0 0 0 0 0 0 1 0 0 1 1 1 0 0 0 0 1 1 1 0 0 1 0 0 1 0 0 0 0 0 1 0 0 1 0 1 1 0 1 1 0 0 0 1 0 1 1 0 1 0 0 0 0 0 1 0 1 1 0
1 1 0 0 1 1 0 1 0 1 0 1 0 0 0 1 0 1 1 1 0 0 0 0 0 0 0 0 0 0 0 1 0 1 1 1 1 0 1 0 1 0 1 1 1 0 0 1 1 1 1 1 1 0 1 0 0 0 0 0 0 1 0
0 0 1 0 0 0 0 1 0 1 1 0 1 1 0 1 1 1 1 0 1 0 1 0 1 0 1 0 1 1 0 1 0 0 0 1 1 1 1 1 1 0 0 0 1 0 1 1 0 0 0 0 0 1 1 0 1 1 1 1 0 0 0
1 1 1 1 1 1 0 1 0 0 1 1 0 1 1 1 1 1 1 1 1 0 0 1 0 1 0 0 1 1 1 0 0 1 1 1 0 0 1 1 1 0 0 0 0 0 0 1 1 1 1 1 1 1 1 1 0 0 1 0 0 0 0
1 0 1 0 1 0 1 1 1 1 0 1 0 1 0 1 1 0 1 0 0 0 0 1 0 0 0 1 0 1 1 1 1 0 0 1 0 0 1 1 1 0 0 1 0 1 1 1 0 0 1 0 0 1 0 0 0 0 1 0 0 1 1
1 0 1 1 0 0 0 0 0 0 0 1 1 1 0 0 0 1 0 0 1 1 0 0 0 0 1 1 1 0 1 1 1 0 0 0 0 0 1 1 1 0 0 0 1 1 0 1 0 1 0 0 0 0 0 1 0 0 1 1 0 1 0
1 0 0 1 1 1 0 1 0 1 0 0 0 1 1 0 0 1 1 1 0 1 0 1 1 0 1 0 1 1 1 1 1 0 1 0 0 0 0 0 0 0 0 0 1 1 0 1 1 1 1 0 0 0 1 0 1 0 1 1 1 0 1
0 0 1 0 0 1 1 0 0 1 0 0 1 0 1 0 0 0 1 1 1 0 1 1 1 1 1 1 1 1 1 1 1 1 0 1 0 1 0 0 0 0 1 0 0 0 1 0 1 0 0 1 0 1 1 0 1 1 1 0 0 1 1
0 0 1 0 0 1 1 0 0 1 0 1 0 0 1 1 1 0 0 1 0 0 0 0 0 0 0 1 0 1 1 1 0 0 1 0 0 1 1 0 0 1 1 0 0 1 1 0 0 1 1 1 1 1 0 1 0 1 1 1 0 1 0
1 1 0 0 0 0 1 1 1 1 0 0 1 1 1 1 1 1 0 1 0 1 0 1 0 1 1 0 0 0 0 1 1 0 0 0 1 0 1 1 1 1 0 0 1 1 0 1 0 0 1 0 0 0 0 1 0 1 1 1 0 0 0
0 0 0 0 1 1 1 1 0 1 0 0 1 1 0 1 0 0 0 1 0 0 0 1 1 1 0 1 1 1 1 1 0 1 1 1 1 0 0 1 1 1 0 1 0 0 1 0 0 1 1 0 0 0 1 0 1 0 1 1 1 1 1
0 0 0 1 0 1 0 1 1 0 1 0 1 1 0 1 1 1 1 0 0 0 0 0 0 1 0 0 1 1 1 1 0 1 1 1 0 1 1 0 0 1 0 0 1 1 0 0 0 0 0 1 0 0 0 1 1 1 1 1 0 0 0
1 0 1 1 0 0 0 1 1 0 0 1 1 1 0 1 1 1 1 1 0 1 1 1 1 0 1 1 0 1 1 0 1 1 0 1 0 1 1 1 1 0 1 1 1 0 0 0 1 1 0 0 0 1 0 1 0 1 0 0 0 0 1
1 1 0 1 0 1 1 0 1 0 1 1 0 1 0 1 1 0 0 1 1 0 0 0 0 0 0 0 0 1 1 1 1 0 0 0 1 1 0 1 1 0 0 1 1 1 0 1 1 0 1 1 1 1 0 0 1 1 0 1 0 0 1
0 1 1 1 0 1 1 1 1 1 1 0 1 0 1 1 1 0 0 1 0 0 1 0 0 1 0 1 1 0 0 0 0 1 0 0 0 1 0 0 0 1 1 1 0 1 0 1 0 1 1 1 0 0 1 0 1 0 1 0 0 0 1
0 0 0 1 0 1 1 1 1 0 1 1 0 1 1 0 1 1 1 1 1 1 1 0 0 0 1 1 1 1 1 1 0 0 0 0 1 0 0 1 0 1 0 0 0 1 1 1 1 1 0 1 0 0 1 1 1 0 1 0 0 1 1
1 0 0 0 1 0 1 0 0 1 1 1 0 1 1 1 1 0 1 1 1 1 1 1 0 1 0 0 0 1 1 1 0 1 1 0 1 1 1 1 1 0 1 0 1 0 0 1 1 0 0 1 0 1 0 1 1 1 1 0 1 1 0
0 1 1 1 1 1 0 0 0 0 1 1 0 1 1 1 1 1 0 0 0 1 1 1 0 0 0 1 1 1 1 0 0 0 1 0 0 0 1 1 0 1 1 0 0 1 0 1 0 1 1 0 0 1 0 0 0 1 0 0 0 0 0
1 1 0 0 1 1 0 1 1 1 0 1 1 1 0 1 0 1 1 1 1 0 1 0 0 0 0 0 1 0 0 0 1 1 1 1 0 1 1 0 0 0 1 1 1 1 1 1 0 0 1 0 1 0 0 1 0 0 0 1 0 1 1
1 0 0 1 0 0 0 0 0 0 1 0 0 0 1 0 1 0 1 1 0 1 0 0 1 0 0 1 0 1 1 0 0 1 0 1 0 0 1 1 1 1 1 0 0 1 1 1 1 1 1 0 1 1 0 1 1 1 1 1 1 1 1
0 1 1 0 1 0 1 0 1 1 1 1 0 1 1 0 0 0 0 0 1 1 0 1 0 0 1 0 0 1 0 0 1 1 0 0 0 0 0 0 0 1 1 0 1 0 0 0 1 0 1 0 1 1 0 1 1 0 0 0 0 1 1
0 1 0 0 0 0 0 0 1 1 1 0 1 1 0 1 1 1 0 0 1 1 1 1 1 0 1 1 0 0 0 0 0 1 0 1 1 0 1 0 0 1 1 1 1 1 1 1 0 0 1 1 0 1 0 1 0 1 1 1 1 1 1
0 1 0 1 0 1 0 0 1 1 1 1 1 0 0 0 0 1 0 1 1 1 0 1 0 1 0 1 0 1 1 1 1 0 1 1 0 0 0 1 0 1 1 1 0 0 0 0 1 0 0 1 0 1 0 1 0 1 0 0 1 0 1
1 1 1 1 0 0 1 1 1 1 0 0 1 0 0 0 1 1 0 0 0 0 1 0 0 0 0 0 0 0 1 1 0 0 1 0 0 0 1 0 1 1 0 0 1 0 1 0 1 1 0 0 0 1 1 0 0 0 1 1 0 0 1
0 0 0 1 0 0 1 0 0 1 1 0 1 1 1 1 0 1 0 0 1 1 1 1 0 1 1 0 1 1 1 0 0 0 0 0 1 0 0 0 1 1 1 1 0 0 0 1 1 1 1 0 1 1 0 0 1 1 1 1 0 1 1
1 0 1 1 1 0 1 1 0 0 1 0 0 1 1 1 1 0 0 1 0 0 1 0 0 0 1 1 1 0 0 1 1 0 0 1 1 0 1 1 1 1 0 1 0 1 1 1 0 1 1 0 1 0 1 0 1 1 0 1 1 0 0
0 1 1 1 0 1 1 0 1 0 0 1 0 0 1 0 1 0 1 1 1 0 1 0 0 1 0 1 1 1 1 1 0 0 1 0 0 0 0 0 0 0 0 1 1 0 1 1 1 0 1 0 1 1 0 1 0 1 0 0 1 1 1
0 1 1 1 1 0 1 0 0 1 0 0 0 0 1 1 0 1 0 1 1 0 0 0 0 0 1 1 0 1 0 1 0 0 1 0 0 0 1 0 0 0 1 1 0 1 1 1 0 0 0 0 0 0 1 0 1 1 0 0 1 0 0
0 1 0 1 1 0 0 0 1 0 0 1 1 0 1 0 0 1 1 1 0 1 1 1 1 0 1 1 0 0 1 0 1 0 0 0 0 1 1 0 0 1 0 1 1 0 0 0 0 0 1 1 1 1 1 0 1 1 0 0 1 0 1
0 0 1 1 1 1 0 1 0 1 0 1 1 1 1 0 1 1 0 1 0 0 0 1 1 0 0 1 1 1 1 1 1 0 1 1 0 1 0 1 1 0 0 1 1 1 0 0 0 1 1 1 0 0 1 1 0 1 0 0 1 1 1
0 1 0 0 0 1 0 0 1 1 0 1 0 0 0 0 0 1 1 1 0 0 0 0 1 1 0 1 0 1 0 1 1 1 0 0 0 1 0 1 0 1 1 1 1 0 1 0 1 1 0 1 0 0 0 0 1 1 1 1 0 1 1
0 1 1 0 1 1 0 1 0 1 0 0 1 1 1 0 0 0 0 1 1 1 0 0 0 0 0 1 1 1 0 0 0 1 0 1 1 1 0 1 1 1 1 0 0 1 1 0 1 1 1 0 0 1 0 0 0 0 0 0 0 0 1
0 0 1 0 1 0 1 0 1 1 0 0 0 1 1 0 0 0 1 1 1 1 0 1 0 1 1 0 0 0 1 1 1 1 1 0 1 1 0 1 0 1 0 1 1 0 1 1 1 0 1 1 0 0 1 1 1 1 1 1 1 1 1
1 0 1 0 1 1 1 0 0 0 1 1 1 1 0 0 0 1 1 1 0 0 1 0 0 1 0 1 0 0 1 1 0 1 0 1 0 1 0 0 1 1 1 1 1 1 1 0 1 1 0 1 1 1 1 1 1 0 0 1 0 1 1
0 0 0 0 0 0 1 0 0 1 0 0 1 1 0 0 0 0 1 1 1 1 1 1 0 0 1 0 0 1 1 1 1 1 0 0 1 1 0 0 1 1 1 1 0 1 0 1 1 0 0 1 0 1 0 1 0 0 0 0 0 1 1
0 1 0 0 0 1 0 0 0 0 1 1 1 0 0 1 0 1 1 0 1 1 0 0 0 1 0 1 1 0 1 0 0 1 1 0 1 0 0 1 1 1 0 0 1 0 0 1 0 0 0 1 1 1 0 1 0 1 1 0 1 0 1
1 0 0 1 0 0 0 0 1 0 1 0 0 0 0 0 1 0 1 0 1 0 1 1 0 1 0 1 0 1 0 1 0 1 0 1 1 0 1 0 1 0 1 1 0 0 0 1 1 1 0 0 1 1 1 0 1 0 1 1 1 0 1
1 1 1 0 1 0 0 0 1 1 1 1 0 1 1 0 1 1 0 1 1 1 1 1 1 0 1 1 1 0 1 0 1 1 1 1 1 1 0 1 1 1 0 1 1 1 1 0 1 1 0 1 1 0 1 0 1 0 1 0 1 0 1
0 1 1 1 1 0 0 1 1 1 0 0 1 1 0 1 0 1 0 1 1 1 0 1 1 0 1 1 0 0 0 1 0 1 1 1 0 0 0 0 1 1 1 0 1 1 0 1 1 0 1 1 0 0 1 0 0 0 1 0 0 0 0
0 1 0 1 1 0 1 1 1 1 1 0 0 1 0 0 0 1 0 0 0 0 0 1 1 0 1 1 1 0 1 0 1 0 1 0 1 1 0 0 1 1 0 0 0 0 0 0 0 1 0 1 0 1 1 1 1 1 0 1 1 1 1
0 1 0 1 0 0 1 0 0 0 1 0 0 0 0 0 1 1 1 0 1 0 0 1 0 0 0 0 1 0 0 0 1 1 0 1 1 0 1 0 0 1 0 0 0 0 1 0 1 0 1 0 0 0 1 1 0 0 0 0 0 0 1
1 0 1 1 1 1 1 0 1 0 1 0 0 0 1 1 1 0 1 1 1 1 0 1 1 1 1 1 0 0 1 0 1 0 1 0 0 0 1 0 1 1 0 0 0 1 0 0 1 1 1 0 1 1 0 0 0 0 0 1 1 1 1
0 0 0 0 0 0 0 0 1 0 0 1 1 0 1 1 1 0 1 1 0 0 0 0 1 0 1 1 1 0 0 0 1 0 1 0 1 1 0 1 1 0 1 0 1 0 0 0 1 1 1 1 1 1 1 0 0 0 1 0 0 0 0
0 1 0 0 1 1 1 1 1 0 0 0 1 1 1 0 0 0 0 0 0 0 1 1 0 1 1 1 0 1 1 1 1 1 1 0 1 0 0 0 0 0 0 1 1 1 0 1 1 1 1 1 1 1 0 1 0 0 1 0 0 0 1
0 1 1 0 0 1 1 0 1 1 1 0 1 0 0 1 1 1 0 0 0 1 0 0 1 1 1 1 0 0 0 1 1 0 1 1 0 1 0 1 1 0 1 0 0 0 1 0 0 0 0 0 1 0 1 0 0 1 0 1 1 1 0
1 1 0 1 0 1 0 1 1 0 0 1 1 1 0 1 0 0 0 1 1 0 0 0 1 1 0 1 1 0 0 1 0 0 1 1 0 0 1 1 0 1 0 1 1 0 1 1 1 1 1 1 1 0 1 1 1 1 1 1 1 0 1
0 0 1 0 0 1 0 1 0 1 1 0 0 0 0 1 1 1 0 0 0 0 0 1 0 0 1 0 0 0 0 0 0 1 1 0 0 1 1 0 1 1 1 1 1 1 0 1 1 1 0 0 1 1 1 0 0 0 0 0 0 0 0
1 1 0 1 0 0 0 0 1 0 0 1 0 1 1 0 0 1 0 0 1 1 0 0 0 0 0 1 1 0 1 1 1 1 1 0 1 1 0 0 1 0 1 0 1 0 1 0 1 0 0 0 1 0 0 1 0 0 1 1 1 0 0
1 1 0 1 0 1 1 1 0 0 1 0 1 1 1 1 0 1 1 0 1 0 1 0 0 1 1 1 0 0 1 1 0 1 0 0 0 1 1 0 1 1 1 0 1 0 0 1 1 1 1 1 1 1 0 0 1 0 0 1 1 0 0
0 1 1 1 1 0 0 0 1 0 0 1 1 0 1 0 0 0 0 0 1 1 0 1 1 0 1 1 1 1 1 0 0 1 0 1 1 0 1 1 1 0 0 1 0 0 0 1 1 1 1 0 0 0 0 1 1 1 0 1 1 0 1
0 1 1 1 1 0 0 0 1 1 0 1 1 0 0 0 1 1 0 1 1 1 1 1 1 1 1 0 1 1 0 0 1 1 0 0 0 1 1 0 1 1 1 0 1 0 0 0 0 0 1 1 1 1 1 0 0 1 1 0 0 1 0
0 1 1 0 1 1 1 1 0 0 1 0 0 0 1 0 0 1 0 1 1 0 1 1 0 1 1 0 0 0 0 1 0 1 1 1 1 1 0 1 0 1 1 0 1 1 0 1 0 1 1 1 1 1 0 0 0 1 1 0 0 1 0
1 0 1 0 1 0 0 1 0 0 1 1 0 1 0 1 0 0 1 1 1 0 1 1 1 0 0 0 1 1 1 0 1 0 1 0 1 0 1 1 0 1 0 1 1 0 0 0 1 0 1 0 1 0 0 1 0 0 1 0 0 1 1
0 1 1 0 0 1 1 1 1 0 1 1 1 0 1 1 1 0 1 1 1 1 1 0 1 0 1 1 0 0 0 1 0 0 1 1 1 0 0 0 0 0 0 1 0 0 1 0 1 1 1 0 1 0 1 0 1 0 0 0 0 0 1
1 1 0 1 0 0 1 0 0 0 0 0 1 1 1 0 1 1 0 1 0 0 0 1 0 0 1 0 0 1 1 1 0 1 0 1 0 0 0 0 1 0 0 0 1 0 1 0 0 1 0 1 1 1 1 0 1 1 0 0 1 0 0
0 1 1 1 0 0 1 1 0 1 0 0 1 1 1 0 0 1 1 1 0 0 1 0 0 1 1 1 0 1 1 1 0 0 0 1 0 1 1 1 0 1 0 0 0 1 0 1 0 0 1 1 0 0 1 0 0 1 0 0 1 1 1
1 0 0 1 1 0 1 1 0 0 0 1 0 1 1 1 1 1 1 1 0 0 0 0 0 0 0 0 0 1 1 0 1 1 0 0 1 0 1 1 0 1 1 1 1 1 1 0 0 1 0 1 1 1 1 1 0 0 1 1 1 0 1
1 0 0 1 0 0 0 1 0 1 1 0 0 0 0 1 1 1 0 0 0 0 0 1 1 1 1 1 0 1 1 0 1 0 0 0 1 0 0 1 0 0 0 1 0 1 1 0 0 0 0 0 1 0 0 1 1 1 1 0 0 1 1
1 1 1 1 1 1 0 0 1 1 0 0 1 0 1 0 0 1 1 1 0 1 0 1 0 1 0 0 1 0 1 0 0 1 0 0 1 1 0 0 0 0 0 0 0 1 1 1 0 1 1 1 0 0 1 1 0 0 1 0 1 0 1
1 1 0 0 1 0 1 0 1 0 0 1 0 0 1 0 0 0 0 0 1 1 1 0 0 0 0 1 0 0 0 0 0 0 0 0 1 0 0 1 1 1 1 1 0 1 0 1 1 1 1 1 1 1 1 1 1 1 1 1 1 1 1
1 1 1 1 1 1 1 0 0 1 0 0 1 1 0 0 1 0 0 0 0 1 0 1 0 0 1 0 0 0 0 0 0 0 0 0 1 1 0 1 0 0 1 0 1 1 1 0 0 0 0 1 1 1 0 0 1 1 0 1 0 1 0
0 1 0 1 0 0 1 1 0 1 1 1 1 1 0 0 1 0 1 0 0 0 1 1 0 1 0 1 0 0 0 1 0 0 0 1 0 1 0 0 1 0 1 0 0 1 1 0 1 1 1 1 0 1 1 1 0 1 1 1 1 0 0
1 1 1 1 0 1 0 0 0 1 1 0 1 1 1 1 0 1 0 1 0 0 1 0 1 1 1 1 0 1 0 1 1 0 1 1 1 0 1 0 0 1 0 1 1 0 0 1 1 0 0 0 1 1 0 0 1 1 1 0 1 1 0
0 1 0 1 1 0 0 1 0 0 1 1 1 0 1 1 1 0 0 1 0 0 1 1 0 0 1 0 1 1 0 1 1 1 0 0 1 1 1 0 0 0 1 1 0 1 0 1 1 0 1 1 0 1 0 1 0 1 1 1 1 1 1
1 0 0 0 1 1 0 1 1 0 1 1 1 1 0 1 0 1 1 1 0 1 1 0 1 1 1 1 1 1 1 1 1 0 1 0 1 1 1 0 0 1 1 1 1 1 1 0 1 0 0 1 0 1 1 0 0 1 1 1 1 1 0
1 0 1 0 0 0 0 1 0 0 0 0 0 1 0 0 1 1 0 1 1 0 1 1 1 0 1 1 0 0 0 1 0 1 0 1 1 1 0 0 1 1 0 1 0 1 0 0 0 1 0 1 0 0 1 1 0 1 0 1 1 0 1
0 1 1 1 1 0 0 0 0 1 0 1 1 1 0 1 0 1 1 0 0 0 1 0 1 1 0 1 0 1 0 0 0 0 0 0 1 0 0 0 0 0 1 0 1 1 0 1 0 1 1 0 1 0 1 0 1 1 0 0 0 1 1
1 0 0 1 1 1 0 0 1 0 0 0 1 1 0 0 1 1 0 1 1 0 0 1 1 1 0 1 0 0 1 0 0 1 0 1 0 1 1 1 0 1 0 1 0 1 1 0 1 0 0 0 1 0 0 0 0 1 0 0 0 0 0
0 0 1 1 0 0 0 1 1 0 1 0 1 1 0 1 0 1 0 0 1 0 0 0 1 1 0 1 1 0 0 0 1 1 0 1 0 0 0 0 0 1 0 1 1 0 0 0 1 1 0 0 1 0 0 1 0 1 0 0 0 1 1
1 1 1 1 0 0 0 0 0 1 1 0 0 1 0 0 1 0 0 1 1 1 0 0 1 1 1 0 0 0 0 0 1 1 1 1 0 0 0 1 1 0 1 1 1 0 1 1 1 1 1 1 0 0 0 0 0 0 0 0 0 0 0
0 0 0 1 1 1 0 0 0 1 1 0 0 1 0 0 0 1 0 1 1 0 1 0 0 0 1 1 0 0 0 1 0 0 0 0 1 0 0 1 0 0 0 0 1 0 1 1 0 0 1 0 1 0 0 1 1 0 0 0 1 0 0
0 0 1 0 1 1 1 1 1 0 1 1 0 1 0 1 0 0 0 1 0 1 0 1 1 0 0 1 1 1 0 1 0 1 0 0 0 1 1 0 1 0 1 1 1 0 0 0 0 1 1 1 1 1 0 0 1 0 1 1 0 1 0
0 1 1 0 0 0 0 0 1 1 0 0 1 0 0 0 0 1 0 0 1 0 0 0 0 0 0 1 1 1 1 0 0 0 0 1 1 0 1 0 1 0 0 1 0 0 0 0 1 0 0 0 1 0 1 0 0 0 0 0 1 1 1
0 1 1 0 1 0 0 1 0 0 0 1 0 1 0 1 1 0 0 1 0 0 0 0 1 1 1 1 1 0 1 0 0 0 1 1 0 1 1 1 0 1 0 0 1 1 1 1 1 0 1 0 1 1 1 1 0 1 1 1 0 0 0
1 1 1 0 0 0 0 1 1 1 0 0 0 1 0 0 1 0 0 1 0 0 1 0 0 1 0 0 0 0 1 0 1 0 1 1 0 0 0 0 0 1 0 0 0 1 0 0 1 0 1 0 0 0 0 1 1 0 0 0 0 1 1
1 1 0 0 1 1 0 1 0 1 0 0 0 0 0 1 1 1 0 0 0 1 0 0 1 0 0 1 0 1 0 0 1 1 0 1 1 1 0 1 0 0 0 1 0 0 0 1 0 1 1 1 1 1 0 1 1 0 1 1 1 0 1
1 0 0 1 1 0 0 1 0 0 0 1 1 0 0 1 0 1 0 1 0 1 1 0 0 1 0 0 0 0 1 0 0 1 1 0 0 0 1 0 1 0 0 0 0 0 0 0 0 0 0 0 1 0 0 1 0 0 1 0 0 0 1
0 1 1 1 0 1 0 1 0 0 1 0 0 0 0 0 1 0 1 0 1 1 0 1 0 1 0 1 0 1 1 1 0 1 0 0 0 1 0 0 0 0 0 0 0 0 0 0 1 0 1 0 0 0 0 1 0 0 1 0 0 0 1
1 1 1 0 0 1 1 1 0 0 0 0 1 0 1 1 1 0 1 1 0 1 1 1 1 0 0 0 0 0 0 0 0 1 1 0 0 1 1 0 0 0 0 0 1 1 1 1 1 0 1 0 0 1 1 1 1 1 1 1 0 0 0
0 1 1 0 1 0 0 1 1 0 1 0 0 0 1 1 1 1 0 1 0 0 1 0 0 1 0 0 0 1 0 1 1 1 0 1 0 0 0 0 0 1 1 0 0 0 0 0 1 1 0 1 1 0 0 1 1 0 1 0 1 1 0
0 0 0 1 0 1 1 1 1 0 1 0 0 0 0 0 1 1 0 1 0 1 1 0 1 0 1 1 1 1 1 0 0 1 1 1 0 0 0 0 1 1 1 1 0 0 0 0 1 1 0 1 0 0 0 1 0 0 0 1 0 0 1
1 1 1 0 0 0 1 0 0 1 1 1 1 1 1 0 0 0 0 1 1 0 1 0 0 1 1 0 1 0 0 1 0 1 0 1 0 1 1 0 0 0 1 0 0 1 1 1 0 0 0 1 0 1 1 1 1 1 0 0 0 1 0
1 1 0 1 0 0 1 0 1 1 0 0 1 1 1 0 1 1 0 1 0 0 1 0 1 1 0 0 1 1 0 1 0 0 1 1 0 1 1 0 1 0 1 1 1 0 1 0 1 1 1 0 0 0 0 0 0 0 0 1 1 1 1
1 1 1 1 1 0 1 1 0 0 1 0 0 0 1 0 0 0 1 0 0 0 0 0 1 1 0 0 1 0 0 0 0 0 0 0 1 0 0 0 1 1 0 0 1 1 0 1 0 0 1 0 0 0 0 1 1 1 1 0 0 1 0
1 0 0 0 0 0 0 0 1 0 1 1 0 1 1 0 1 1 0 1 1 1 0 1 0 1 1 1 0 1 1 0 0 1 0 1 0 1 0 1 0 1 0 0 0 0 0 1 0 0 1 1 1 1 1 1 0 0 1 1 0 1 1
1 1 1 1 0 1 0 1 1 0 0 1 1 0 1 1 1 0 0 1 1 1 0 1 1 1 0 1 0 0 1 0 1 0 1 0 0 1 1 0 0 0 0 1 1 1 1 0 0 0 1 1 1 1 0 1 0 0 1 0 1 0 1
0 1 0 1 1 1 0 1 1 1 0 0 0 1 1 1 1 0 0 0 0 0 0 1 1 0 0 0 1 0 1 1 0 0 1 0 0 0 1 1 1 1 1 1 0 0 1 1 0 0 1 1 1 0 0 1 1 0 1 1 0 0 0
0 0 0 1 0 0 0 1 1 0 1 0 1 0 1 1 0 1 1 1 0 0 0 1 1 1 1 0 1 0 1 0 1 1 1 0 1 0 1 1 1 0 1 1 0 0 1 1 1 1 1 0 0 0 1 1 1 1 0 0 1 0 0
1 1 0 1 1 0 0 0 1 0 0 1 1 1 0 0 1 0 0 0 0 1 0 0 1 0 0 1 1 0 0 1 0 1 0 1 0 1 0 1 1 1 1 1 0 0 1 0 1 1 1 1 1 1 0 1 0 1 1 0 0 1 0
0 1 0 0 1 0 0 0 1 1 1 0 0 1 1 0 0 0 0 1 1 1 0 1 1 1 1 0 0 1 0 0 1 0 0 1 0 1 0 1 0 1 0 1 0 1 0 1 0 0 1 1 1 0 0 0 1 0 1 1 1 0 0
1 1 1 0 0 1 0 1 0 0 0 0 0 0 0 0 0 1 1 1 0 0 1 0 1 0 0 1 1 0 0 1 1 1 0 1 1 0 1 0 1 1 0 0 1 0 1 0 1 0 0 1 1 0 0 0 1 0 0 1 1 0 1
0 1 0 1 0 1 0 0 1 1 1 0 0 1 1 0 1 0 1 1 0 1 1 1 0 0 0 0 1 1 0 1 0 0 0 1 1 0 1 0 1 1 1 1 1 0 0 0 0 1 1 0 0 0 1 1 1 1 0 0 1 1 0
1 0 1 1 0 1 1 1 0 1 0 1 1 1 0 0 0 0 1 0 0 0 0 1 1 1 1 0 1 0 0 0 0 1 0 1 0 1 1 1 0 0 1 1 1 0 1 0 0 1 0 0 1 0 1 0 0 0 1 1 0 0 1
0 1 1 1 0 0 1 0 0 1 0 0 1 1 1 1 1 1 1 1 1 0 0 1 0 1 1 1 1 0 1 1 0 0 0 1 1 0 0 0 1 0 0 1 1 0 0 1 0 0 0 0 0 1 0 0 1 0 1 1 0 1 0
1 0 1 1 0 1 1 1 0 0 0 0 1 0 0 1 0 1 0 1 0 0 1 1 0 0 1 0 0 1 0 0 0 1 1 0 1 1 0 1 1 0 0 1 0 0 1 1 0 0 1 1 0 1 0 1 1 1 1 0 1 0 0
0 1 1 1 1 1 1 0 0 0 0 1 0 0 0 0 0 0 1 0 0 0 1 0 1 0 0 0 0 1 0 0 0 1 0 0 1 0 1 1 1 1 1 1 1 0 0 0 0 1 0 0 0 0 1 0 1 0 1 0 0 0 0
1 0 0 0 1 1 1 0 1 1 1 0 0 1 1 0 1 0 1 1 0 0 1 0 0 0 1 1 1 0 0 0 0 0 1 0 0 0 1 0 0 0 0 1 1 1 1 1 1 1 0 0 1 0 1 1 0 1 0 1 1 0 1
0 0 0 1 1 1 1 0 1 1 1 0 0 1 0 0 1 0 0 0 1 1 1 1 1 1 1 0 0 1 1 1 0 0 1 0 1 0 1 1 1 1 1 1 0 1 0 1 1 1 1 1 1 1 0 0 0 0 0 0 1 0 0
0 0 0 1 0 1 0 1 1 1 1 1 1 0 0 0 1 0 1 0 1 0 0 1 1 0 0 1 1 1 1 0 0 0 1 0 1 1 1 0 1 1 0 0 1 0 1 1 1 1 0 0 0 1 1 1 0 1 0 0 1 1 1
0 1 0 1 0 0 1 1 0 1 1 1 1 1 1 1 0 1 0 0 0 0 0 1 1 1 0 1 1 1 0 1 0 1 1 1 1 1 1 0 0 1 1 1 0 1 0 0 1 0 1 1 1 1 0 0 1 1 1 0 1 0 0
0 1 1 0 1 1 0 1 1 1 1 1 1 1 1 1 1 0 1 1 0 1 1 1 1 0 0 1 0 0 1 1 0 1 0 1 0 0 0 0 1 0 0 1 0 1 0 0 0 1 1 0 1 0 0 0 1 1 0 0 1 0 1
1 0 1 1 1 0 1 0 0 1 0 0 1 1 1 1 1 0 1 0 0 1 1 1 1 0 0 1 0 0 0 0 1 0 0 1 0 1 1 0 0 1 1 0 0 0 1 0 1 0 1 0 1 0 0 0 1 0 0 1 1 0 1
0 1 1 0 0 0 1 0 0 1 1 0 1 0 1 0 1 1 0 1 1 0 1 1 0 1 1 1 0 1 0 1 0 0 1 1 1 1 1 0 1 0 0 0 1 0 0 0 0 0 1 0 1 0 0 1 1 1 1 1 0 0 1
1 1 1 0 1 0 0 1 1 0 1 0 0 0 0 0 1 0 0 1 1 1 1 0 1 0 0 0 1 0 1 0 0 0 1 1 1 0 0 0 1 0 1 1 0 1 0 1 0 1 1 0 0 1 1 0 1 0 1 1 0 1 0
0 1 1 0 0 1 0 1 1 1 1 0 0 1 1 1 1 0 1 0 0 1 1 0 1 0 1 1 1 0 0 0 0 0 1 0 1 1 1 0 1 1 0 0 1 1 0 0 0 0 0 1 0 0 0 1 1 0 1 0 1 1 1
0 1 0 1 1 1 1 0 0 1 0 1 1 0 0 1 1 0 1 0 0 1 0 1 0 1 0 0 0 0 0 1 1 1 0 0 0 0 0 0 1 0 0 0 0 1 1 1 1 1 0 1 1 1 0 0 1 1 1 0 0 0 0
1 0 0 0 0 1 1 0 0 0 1 0 0 1 1 0 1 1 0 0 0 1 1 0 0 1 1 0 0 1 1 0 1 0 0 1 1 0 0 0 0 1 1 0 1 0 1 0 0 0 1 1 0 0 0 0 1 1 1 0 1 1 1
0 0 0 1 0 0 0 0 1 0 1 1 0 1 0 1 0 1 0 1 1 0 0 1 0 0 1 1 0 1 1 1 1 0 1 1 0 1 0 0 0 1 1 0 1 0 1 0 1 1 1 0 0 1 0 0 1 0 1 1 1 0 0
0 1 1 0 0 0 0 0 1 0 1 0 0 0 1 1 0 0 1 0 0 1 0 1 0 0 0 0 0 1 0 0 1 1 1 1 0 1 0 0 0 0 1 0 1 1 0 1 1 0 0 1 0 1 1 1 0 1 0 1 1 0 1
0 0 0 0 1 0 0 1 0 0 1 0 0 0 1 0 0 0 0 1 1 1 0 1 1 0 0 1 1 1 0 0 1 0 0 0 1 1 1 1 1 0 0 0 1 1 1 0 0 0 0 1 1 0 1 0 1 0 1 0 0 1 1
0 0 1 1 1 0 1 0 1 0 0 1 0 0 1 0 0 0 1 1 0 1 0 0 0 1 0 0 0 0 0 0 1 0 0 1 1 0 1 0 0 0 0 1 1 1 0 0 1 0 0 0 1 0 0 1 0 1 1 0 0 0 0
1 1 0 1 0 0 0 1 1 0 1 1 0 0 0 0 0 0 1 0 0 1 0 1 0 0 0 1 1 0 1 0 0 1 0 0 1 1 1 1 1 1 0 1 1 0 1 1 1 0 1 0 1 0 0 0 0 1 0 1 1 1 0
1 0 0 1 1 1 1 1 0 1 0 1 1 0 0 1 0 1 1 0 0 0 0 1 0 0 1 1 1 0 1 1 1 0 1 0 1 1 1 1 0 1 1 0 0 0 0 0 1 0 1 1 0 1 1 1 0 0 0 1 0 1 1
0 1 1 1 1 0 1 0 0 0 0 1 0 0 0 0 0 1 0 1 0 1 1 0 1 0 0 0 1 1 1 1 1 1 0 1 0 0 0 1 0 0 0 1 1 1 0 0 1 0 1 0 1 1 1 0 1 0 0 1 0 0 0
1 0 1 0 1 1 1 0 1 0 1 1 0 1 1 1 1 1 0 0 0 0 0 0 0 1 0 1 0 0 0 1 1 0 1 1 0 1 0 1 0 0 0 0 1 1 0 0 0 0 0 1 0 0 1 1 0 0 1 0 0 0 1
1 0 0 1 1 1 1 1 1 1 1 0 1 0 0 0 1 0 0 1 1 0 0 0 1 0 0 1 0 0 1 1 1 0 0 1 0 1 1 0 1 0 0 0 1 0 0 1 1 0 1 0 1 1 1 0 1 1 0 1 0 1 1
1 1 0 1 1 1 1 0 1 1 0 0 1 0 1 0 1 0 1 0 0 1 0 1 1 1 0 0 1 1 1 0 1 1 1 1 0 1 0 0 0 1 1 1 1 1 0 0 1 1 0 0 1 1 1 1 0 0 1 1 0 1 0
1 1 0 0 1 0 1 1 1 0 1 0 1 1 1 1 1 0 0 1 0 1 1 0 0 1 1 0 0 0 1 0 1 0 1 0 0 1 0 1 1 0 0 0 1 1 1 1 0 1 0 0 0 1 1 0 0 0 1 1 0 1 1
0 0 1 0 0 0 1 1 0 0 1 0 0 0 1 1 1 1 1 0 0 0 1 0 1 0 0 0 0 0 1 1 1 1 1 0 0 0 0 0 1 0 0 0 1 1 1 1 1 0 1 0 0 0 1 0 1 0 0 1 0 1 1
0 1 1 0 1 0 0 1 1 0 1 0 0 1 0 1 0 1 0 0 1 0 1 0 1 0 1 1 0 1 1 1 1 1 1 1 1 0 1 1 0 1 0 0 0 1 1 0 0 0 0 1 1 1 1 0 1 0 0 0 1 1 0
0 0 1 0 0 1 0 0 0 0 0 0 0 1 1 0 0 0 0 1 1 0 1 0 0 1 1 1 0 1 1 0 0 0 0 0 0 0 1 1 1 1 0 0 1 1 0 0 1 0 1 1 1 0 1 0 1 1 0 0 0 1 0
1 1 1 0 0 0 0 1 1 1 0 1 0 1 0 0 1 0 1 1 0 0 1 1 1 0 1 0 0 1 0 0 0 1 1 0 0 1 0 0 1 0 0 1 0 1 1 0 0 1 0 1 1 0 1 1 1 0 0 1 1 1 0
0 1 0 1 1 1 0 1 1 0 1 0 1 0 0 0 0 0 1 1 0 0 0 0 0 0 0 1 0 0 0 0 1 1 1 1 0 0 1 0 1 0 0 0 0 0 0 1 0 1 0 1 1 0 0 1 0 1 1 1 1 1 1
1 0 1 0 0 0 0 0 1 1 1 1 1 1 0 0 1 0 0 0 1 0 1 0 1 1 0 1 0 1 1 1 1 1 1 0 0 1 0 0 1 1 0 1 0 1 1 0 1 0 1 0 0 1 0 0 0 1 1 0 0 1 1
0 0 0 1 0 0 1 1 0 0 0 1 0 1 0 1 1 1 0 1 0 1 1 0 1 0 1 0 0 0 1 0 0 1 1 1 1 1 0 1 1 1 1 1 0 0 1 1 0 1 0 1 1 1 1 0 1 0 1 0 0 1 0
1 1 1 0 1 1 1 0 0 0 1 1 0 0 1 1 1 1 1 0 0 0 1 0 0 0 1 1 1 0 1 0 1 0 1 0 0 0 1 1 0 1 0 0 0 0 0 1 1 1 1 0 0 0 1 0 1 0 1 1 0 0 1
1 1 0 0 1 1 0 0 1 1 0 1 0 1 1 0 0 0 0 1 0 1 1 0 1 1 0 0 1 1 1 1 0 1 0 1 1 0 1 1 0 1 1 1 1 0 0 1 1 1 0 1 0 1 0 0 1 0 1 0 0 1 1
1 1 0 1 0 1 0 1 1 0 0 1 0 1 0 1 0 0 0 1 0 1 1 1 0 0 0 1 1 1 1 0 1 1 0 0 0 1 1 0 0 0 1 1 0 1 1 0 1 1 1 0 1 0 1 0 0 0 0 0 1 0 0
0 0 1 1 1 1 0 0 1 1 0 0 1 1 0 1 1 0 0 1 0 1 0 0 0 1 0 1 1 1 0 0 0 0 0 1 1 1 0 1 0 0 1 0 0 0 0 1 1 0 1 1 0 1 0 0 1 1 0 1 1 1 0
0 0 1 0 0 1 0 0 1 1 1 1 0 0 0 0 1 1 1 0 0 0 0 1 0 0 0 0 1 1 1 1 1 0 0 0 1 1 0 0 0 1 0 1 0 1 0 1 0 1 0 1 1 1 1 0 1 1 1 1 0 1 0
1 1 1 1 1 1 1 1 1 1 0 0 0 1 1 1 1 0 1 0 1 0 1 0 1 0 1 1 0 1 0 1 1 0 1 1 1 0 1 0 1 0 0 1 0 0 0 0 0 1 0 0 1 0 1 0 0 0 1 0 0 0 0
0 1 0 0 1 1 1 1 0 0 0 1 1 1 1 1 1 1 0 1 0 1 0 0 0 0 1 0 1 0 1 1 0 0 0 0 1 0 0 0 1 1 1 1 1 0 1 0 1 0 0 1 1 1 1 1 1 0 0 1 1 1 0
1 0 1 1 0 1 1 0 0 0 1 0 0 1 0 0 0 1 0 1 0 1 1 1 1 1 0 1 1 0 0 1 0 1 1 1 1 1 1 0 0 1 0 0 1 0 0 0 0 0 1 0 1 1 1 0 1 1 0 1 0 0 1
1 0 1 0 0 0 0 1 0 1 0 0 0 0 1 0 1 0 0 0 1 0 0 0 0 1 1 1 0 1 1 0 0 0 0 1 0 0 0 0 1 0 0 1 0 0 0 0 1 1 1 1 0 1 1 0 0 0 0 1 1 0 0
0 1 1 1 0 1 0 0 0 0 0 1 0 0 0 0 1 0 0 1 0 0 1 0 1 1 1 0 0 0 0 0 1 0 1 0 0 1 1 0 1 0 1 0 0 1 1 0 0 1 0 1 0 1 0 1 0 0 0 0 0 0 1
0 1 0 1 1 0 1 0 0 0 1 0 1 0 0 0 0 0 1 1 0 0 0 0 0 0 1 0 1 1 0 1 0 0 0 1 0 0 0 1 0 0 1 1 1 0 0 0 0 0 1 1 1 1 1 1 0 0 0 1 0 0 0
0 0 1 1 0 1 1 1 1 0 0 0 1 0 1 0 0 1 1 1 1 0 1 0 1 1 0 0 0 1 1 1 0 1 1 0 0 1 0 0 1 1 1 1 1 0 0 1 1 0 0 0 0 0 1 0 1 1 1 0 1 1 0
0 0 0 0 0 0 1 1 1 1 1 0 1 1 1 0 0 1 1 0 0 0 0 1 0 1 0 1 0 0 0 1 0 1 0 0 1 1 0 1 1 0 0 0 1 0 1 0 0 1 0 0 0 0 0 0 1 0 0 1 0 0 1
0 1 1 1 0 0 0 1 0 0 0 1 0 0 1 1 0 0 1 1 1 1 0 1 0 1 0 0 1 0 1 1 0 0 1 1 0 1 1 1 1 1 1 0 0 0 1 0 1 1 1 1 1 1 0 1 1 0 0 1 1 1 0
1 1 0 0 0 1 1 0 0 1 1 0 0 0 1 1 0 0 0 1 0 1 0 0 1 0 0 0 1 0 1 1 1 0 0 1 0 1 1 1 1 1 0 1 0 1 0 1 1 1 0 0 0 0 1 1 0 0 0 1 0 0 1
0 1 1 0 0 0 1 1 1 0 1 0 1 0 0 0 0 0 1 0 0 1 0 0 0 0 1 1 1 1 1 0 1 1 0 1 1 0 1 0 1 1 1 1 1 0 0 1 1 1 1 1 0 1 1 1 1 0 1 1 1 1 1
0 1 1 1 0 0 1 0 0 1 1 1 0 1 0 0 1 1 1 1 1 1 1 1 1 1 0 0 0 0 1 0 0 1 1 1 0 0 1 0 0 1 0 1 0 0 1 1 0 1 0 1 0 0 0 0 1 0 0 0 1 0 1
0 1 0 0 0 1 0 1 0 1 0 1 0 0 0 0 0 1 1 0 1 1 0 0 0 1 1 1 0 1 1 0 0 1 0 1 0 1 1 1 1 0 0 0 0 1 1 1 0 1 1 0 0 1 1 1 0 0 0 1 1 1 1
0 0 1 0 0 0 1 0 1 0 0 0 1 0 1 0 1 1 1 0 1 0 0 0 0 1 1 0 1 0 0 0 1 0 0 1 0 1 0 0 0 1 0 1 0 1 1 0 1 1 0 1 0 0 0 0 0 1 1 1 1 1 1
1 1 1 1 0 1 0 0 1 0 1 0 1 1 1 0 0 0 1 1 0 0 1 0 0 0 1 0 1 1 1 0 1 1 1 1 1 1 1 1 0 1 0 1 0 0 0 0 1 1 0 1 0 1 1 0 1 0 0 1 1 0 0
0 1 0 1 0 1 0 0 0 1 0 1 0 0 0 1 1 1 0 0 1 1 1 1 0 1 0 1 1 1 1 1 1 0 0 0 0 1 0 0 0 1 1 0 0 0 1 0 0 0 0 1 0 1 0 1 1 0 1 0 1 0 0
1 0 1 1 0 1 1 1 0 1 0 0 1 0 1 0 0 0 0 0 0 1 1 0 0 1 0 1 0 1 1 0 1 0 0 1 0 1 1 0 0 0 0 0 0 0 0 0 1 1 1 1 1 0 1 1 1 0 0 0 0 0 1
0 1 0 0 0 0 0 0 0 0 0 1 1 0 0 1 0 1 0 0 0 0 1 1 0 1 1 0 0 0 1 0 0 1 1 1 1 1 1 1 0 0 0 1 1 1 0 0 1 1 0 1 1 0 1 1 1 1 0 0 0 0 0
0 1 0 0 1 1 1 1 0 0 0 0 0 1 1 0 1 0 0 0 1 0 0 0 1 1 1 1 1 0 0 0 1 0 0 1 0 1 1 1 1 1 1 1 0 1 0 0 1 1 1 1 0 0 0 1 0 1 1 1 0 1 1
1 0 0 0 0 0 0 1 1 0 1 1 1 0 0 0 0 1 0 1 1 1 1 1 0 0 0 1 0 0 1 0 0 0 1 0 0 1 0 1 0 0 1 1 0 0 0 1 1 0 0 0 1 1 1 0 1 1 1 0 0 1 1
1 1 0 0 1 0 0 1 0 1 1 0 1 1 0 0 0 0 1 0 0 0 1 1 0 0 0 0 0 0 0 0 1 0 0 0 0 1 1 0 0 1 0 0 0 0 1 0 0 1 0 0 1 1 1 0 0 0 1 0 1 1 1
0 1 1 1 1 1 0 1 0 1 0 0 1 1 0 0 1 0 0 0 0 1 1 1 0 1 1 0 0 0 1 0 0 0 0 1 0 0 1 1 0 1 0 1 0 0 0 0 0 0 0 1 1 1 1 1 0 1 1 1 0 1 1
0 0 1 1 1 1 0 1 0 0 0 0 0 0 0 0 1 0 1 0 0 0 0 0 0 0 0 0 0 1 0 1 0 0 1 0 0 0 0 1 0 0 0 1 0 0 1 1 0 1 1 0 0 1 0 1 1 0 0 0 0 0 1
1 1 1 1 1 0 1 0 0 1 1 1 0 0 0 1 1 0 0 1 0 1 1 0 0 0 0 0 0 1 0 0 0 1 1 1 0 0 1 1 1 1 0 1 1 1 0 0 1 1 0 1 0 1 1 0 0 1 1 0 1 0 1
1 1 1 0 1 1 1 0 0 0 0 1 1 0 0 1 0 1 1 1 0 1 0 0 0 1 0 1 1 1 0 0 1 0 0 1 0 1 0 0 0 1 0 1 1 1 0 1 1 0 1 0 0 1 0 1 0 0 1 1 1 0 1
0 1 1 0 1 1 1 1 1 1 1 1 0 1 0 0 0 0 0 1 0 0 0 0 0 0 1 0 1 0 1 0 0 1 1 1 0 0 0 0 0 0 0 0 0 0 0 0 0 0 1 0 0 1 0 0 0 0 1 1 1 1 1
0 0 0 1 1 1 1 1 1 0 0 1 1 1 0 1 1 0 0 1 1 0 0 0 0 1 1 0 1 1 0 1 0 1 0 1 1 1 0 0 1 1 1 1 0 0 0 1 0 0 1 1 1 1 1 1 0 1 1 0 0 0 1
1 1 1 0 0 0 0 1 0 0 1 1 1 1 1 1 1 1 0 0 0 0 0 1 0 0 0 1 0 1 0 0 0 1 0 0 0 1 0 0 0 1 0 0 1 0 1 1 0 0 1 0 0 1 1 1 1 1 1 0 1 0 0
0 0 0 0 0 1 0 1 1 1 0 1 1 1 1 1 0 0 0 0 1 0 0 1 0 1 1 1 0 1 0 1 0 0 0 1 1 0 0 0 1 0 1 0 1 0 0 0 1 0 1 0 0 1 1 0 0 0 0 1 1 1 1
0 1 1 1 1 1 1 0 1 0 0 1 1 0 1 0 1 1 1 1 1 0 0 1 0 1 1 0 0 0 1 1 0 0 0 1 1 1 0 0 1 1 1 1 1 1 0 1 0 0 0 1 0 1 0 0 1 1 0 0 1 0 1
0 1 0 0 1 0 0 1 1 0 0 0 1 0 0 1 1 1 1 1 0 0 1 1 0 1 0 0 1 1 1 0 1 1 0 0 0 0 0 0 1 1 0 0 0 0 0 0 0 1 1 1 0 1 1 0 1 0 1 1 0 0 1
1 0 0 1 1 0 0 1 0 1 0 0 0 0 1 1 1 0 1 1 0 1 1 1 0 1 1 0 0 1 0 0 0 0 0 1 0 0 0 1 0 0 1 0 1 1 1 0 0 0 1 1 0 1 1 0 1 0 1 1 1 1 1
1 0 1 1 1 1 1 0 1 0 1 0 1 0 1 1 0 1 1 1 0 1 1 0 0 0 0 1 1 0 1 1 0 1 1 1 0 0 0 0 1 1 1 0 1 1 0 1 0 0 1 1 1 0 1 1 1 0 0 0 0 1 0
0 1 0 1 1 1 1 0 0 1 1 0 1 1 1 0 1 1 1 0 0 0 1 1 0 0 1 1 1 1 1 1 0 1 0 0 0 0 0 0 1 0 0 0 0 0 1 0 0 0 0 1 1 0 0 1 0 1 1 1 0 1 0
0 0 0 1 1 1 1 1 1 1 0 1 0 0 1 1 0 0 1 1 0 0 1 0 1 1 1 1 1 1 0 0 0 0 0 1 1 1 0 1 0 0 0 0 1 1 0 1 0 0 1 1 0 1 0 1 0 0 0 1 1 0 0
0 0 1 1 1 0 1 0 1 0 0 1 1 1 0 0 0 1 0 0 1 1 1 1 0 0 1 1 1 1 0 0 0 1 1 0 0 1 1 1 0 0 0 0 0 0 0 0 0 1 1 0 0 0 0 0 0 1 0 0 0 0 0
0 1 1 1 0 1 0 0 0 1 0 1 1 1 0 1 0 1 0 0 1 1 0 0 0 1 1 0 0 1 0 0 1 0 1 0 1 0 0 1 0 1 0 1 0 0 1 0 0 0 1 0 0 1 1 1 1 1 0 0 0 1 1
1 0 1 1 0 1 0 1 0 1 0 1 1 0 0 1 1 1 0 1 1 0 1 1 0 0 1 1 0 1 0 0 1 1 0 1 0 0 0 1 0 1 1 0 0 1 0 1 0 0 0 1 1 0 0 0 0 0 1 0 0 0 0
1 1 0 1 1 1 1 0 1 0 0 0 1 1 1 0 1 0 0 1 1 1 1 0 1 1 1 0 1 1 0 1 0 1 0 0 0 0 1 0 0 0 0 0 1 1 1 1 0 1 0 1 1 1 0 0 1 1 0 0 0 1 1
1 0 1 0 0 1 0 1 1 1 1 0 1 1 0 0 1 0 1 0 1 1 1 0 1 1 0 0 0 1 0 1 0 0 1 0 0 1 0 1 0 1 1 0 0 0 0 0 1 0 0 1 1 0 0 1 0 0 0 1 0 0 0
0 1 0 1 1 0 1 0 0 0 0 0 0 0 0 1 0 0 1 0 1 0 1 0 0 1 1 1 1 0 0 1 0 1 1 1 1 0 0 1 1 1 1 0 1 1 1 0 1 1 0 0 0 0 0 1 1 0 1 0 0 1 1
1 1 1 0 0 0 1 0 1 0 1 0 1 0 1 1 0 1 0 1 0 1 1 0 1 0 0 0 1 1 0 0 1 0 1 0 1 0 1 1 0 0 0 1 0 1 0 0 1 1 0 1 0 0 0 0 0 0 1 1 0 0 1
0 1 1 0 1 0 1 1 1 1 1 1 1 0 0 0 1 0 0 1 1 0 0 1 0 1 0 1 0 1 1 0 0 0 0 1 0 1 1 1 1 1 0 0 1 0 1 1 0 0 0 1 1 0 0 1 1 1 0 1 0 0 0
0 0 1 0 1 0 1 1 0 0 1 0 1 0 0 0 0 1 1 1 1 1 1 0 1 1 0 1 0 1 0 0 0 0 1 1 0 0 1 1 0 1 1 0 0 1 0 1 0 1 1 0 0 1 0 0 1 0 0 1 0 0 0
0 0 0 0 1 0 1 0 1 0 0 0 1 0 1 0 1 1 0 0 1 1 1 1 1 0 0 1 1 0 1 0 0 0 1 1 0 0 1 1 0 1 0 1 0 0 0 1 1 0 0 0 1 0 0 0 1 0 0 0 0 1 0
0 1 1 0 1 0 0 1 1 1 1 0 0 1 0 1 0 1 1 1 0 1 1 0 0 1 1 1 1 1 1 0 0 0 0 0 0 1 0 1 1 1 0 1 1 0 1 0 0 1 0 0 1 1 1 0 0 0 0 0 1 0 1
0 0 1 0 1 1 1 0 1 0 1 1 1 0 0 1 0 0 0 0 0 0 1 1 0 1 0 1 1 1 0 1 1 0 1 0 1 1 1 1 1 0 0 1 1 0 1 1 0 1 1 0 1 1 0 1 0 0 0 0 0 0 1
1 1 0 0 1 1 0 1 0 1 1 0 1 0 1 0 1 0 0 0 0 0 0 1 0 0 0 0 1 0 0 0 0 0 0 0 0 1 0 0 1 1 1 1 0 1 1 0 1 0 0 0 0 0 0 1 0 1 0 0 0 0 1
0 0 1 1 0 1 0 0 1 0 1 0 1 1 1 1 1 0 1 1 0 0 0 1 0 1 1 1 1 1 1 1 1 1 0 1 0 1 0 0 1 0 0 1 1 0 0 1 0 1 1 0 0 0 0 0 0 0 1 0 1 0 0
0 1 1 1 0 0 0 0 0 0 0 1 1 0 1 0 0 0 1 0 0 0 1 0 0 0 0 1 0 1 0 0 0 0 1 1 1 1 0 0 1 0 0 0 1 0 1 1 1 0 1 1 1 1 0 0 1 1 0 0 0 0 0
0 0 0 0 0 0 0 0 1 1 1 1 1 0 0 0 1 0 0 1 0 0 1 1 1 1 0 1 1 0 1 0 1 1 1 1 1 1 1 0 0 1 0 1 0 0 0 0 0 0 1 0 1 0 1 1 0 0 1 1 1 0 0
0 1 0 1 0 0 0 0 0 0 1 0 0 0 1 1 0 0 1 1 0 0 0 1 1 1 1 0 0 0 1 1 1 0 0 1 1 1 0 1 0 1 1 1 1 0 1 1 0 0 0 1 1 0 0 0 0 0 0 0 0 1 1
0 0 0 0 1 0 1 1 0 0 0 0 0 0 0 0 1 0 0 0 1 0 0 1 1 0 0 0 0 1 0 0 0 1 0 0 0 1 0 1 0 0 1 0 1 1 0 0 0 1 0 0 1 1 1 1 0 1 0 0 0 1 1
1 0 0 1 1 1 1 0 0 0 0 1 0 1 1 1 1 1 1 0 1 1 1 0 1 1 0 1 0 0 1 1 1 1 0 1 0 0 0 0 0 0 1 1 1 1 0 1 0 1 0 0 0 0 0 1 1 0 1 0 0 0 0
1 0 0 0 0 1 1 1 1 1 1 0 0 0 1 1 0 0 0 0 1 1 1 1 0 0 0 0 0 1 1 0 0 0 0 1 0 1 1 0 0 1 1 0 0 1 0 0 1 0 1 0 0 1 1 0 0 0 1 0 0 1 0
1 0 0 0 1 0 0 1 0 1 0 0 0 0 1 0 0 1 1 1 1 1 0 0 0 1 0 0 0 1 0 1 0 1 1 1 1 0 0 0 0 0 0 0 0 0 0 0 1 1 1 0 1 1 0 0 1 1 1 1 0 0 0
1 1 0 0 0 0 1 0 1 0 0 0 0 0 1 1 1 0 1 1 0 0 1 1 0 1 0 0 0 0 0 1 1 1 1 0 1 0 1 1 0 1 1 0 0 0 1 0 0 0 0 0 0 0 0 0 1 0 0 1 0 1 0
0 1 1 1 1 0 1 1 1 0 0 0 1 0 0 1 0 1 1 0 0 1 1 0 1 0 0 0 0 0 0 1 1 0 0 1 1 1 1 0 0 1 1 0 0 0 1 1 1 0 0 0 1 0 0 0 0 1 0 0 1 1 0
1 1 0 1 0 0 0 1 0 0 1 1 1 1 0 0 1 1 0 1 1 0 0 0 0 0 1 0 0 0 1 1 0 0 0 1 1 1 0 1 0 1 0 1 1 1 0 0 1 1 1 0 0 0 1 0 1 0 0 0 1 0 0
0 1 1 0 0 1 1 0 0 1 0 1 1 0 1 1 0 0 0 0 1 1 1 1 0 1 0 0 1 1 0 1 0 1 0 0 0 0 0 1 0 1 0 1 1 1 1 1 0 0 1 0 0 0 1 1 0 0 1 0 0 0 0
0 0 1 0 0 0 0 0 0 0 1 0 0 1 0 0 0 0 0 0 0 1 1 1 1 0 0 0 1 0 0 0 1 1 0 0 1 0 1 0 1 0 0 0 0 0 1 1 0 0 0 1 0 0 0 1 1 1 0 0 0 0 0
C Elapsed Time 95921.060000 
