421 29 2^29 6
1 0 1 0 0 1 0 0 1 0 1 0 1 1 0 1 0 0 0 0 0 0 0 0 1 0 1 0 1
1 1 1 0 0 1 1 1 1 0 0 0 0 1 1 1 1 1 0 1 0 0 0 1 0 0 1 0 0
0 1 1 1 0 1 1 1 0 1 1 1 1 0 0 0 0 0 1 1 0 0 1 0 0 1 0 0 1
1 1 0 0 0 0 1 1 1 1 0 0 0 1 1 1 0 0 0 1 1 1 1 1 1 0 0 1 0
0 1 1 0 1 1 0 0 1 1 0 0 1 1 1 1 0 1 0 0 0 1 0 0 0 1 0 0 1
1 1 0 0 0 1 1 1 1 0 0 1 1 1 0 0 0 0 1 0 1 0 1 1 1 1 0 1 1
0 0 0 0 1 0 0 0 1 1 1 1 1 1 1 0 0 0 0 0 0 0 1 1 0 1 0 1 0
0 0 1 0 1 0 0 0 1 1 0 1 1 0 0 0 1 1 0 1 1 0 1 1 1 0 1 1 1
0 1 1 0 0 1 1 1 0 1 0 0 1 0 1 0 1 1 1 0 0 0 1 1 1 1 0 1 1
0 1 0 0 1 1 0 1 1 1 0 1 1 1 0 0 1 1 1 1 1 0 0 1 0 1 0 0 0
1 0 1 0 0 0 0 0 0 0 1 1 0 0 1 0 1 0 1 1 0 1 0 0 0 0 1 1 0
0 1 1 1 1 0 0 0 0 1 0 0 1 0 1 0 0 1 1 0 0 1 1 1 0 1 1 0 0
0 0 1 1 0 0 1 0 0 0 1 1 1 1 0 1 1 0 0 0 1 0 1 0 0 1 1 0 0
0 1 0 1 0 0 1 0 0 0 1 0 0 0 1 0 1 0 1 1 0 1 1 0 1 0 1 0 0
0 0 1 0 0 1 1 0 1 1 1 1 1 1 0 0 1 0 1 0 1 1 1 1 0 0 1 1 1
1 0 0 0 1 0 1 1 1 0 1 1 1 0 0 0 0 0 1 0 1 1 1 1 1 0 0 1 0
0 0 1 0 1 0 1 1 1 1 0 0 1 1 1 0 1 1 0 1 0 1 0 1 0 1 1 1 0
1 0 0 0 0 0 0 1 1 0 0 0 1 0 0 0 0 1 1 0 0 0 1 1 1 0 1 1 0
0 0 0 0 0 1 0 1 1 1 0 1 0 0 1 0 0 0 0 1 0 1 0 0 0 0 1 1 1
1 0 1 1 0 1 0 1 1 0 0 0 1 0 1 1 0 0 0 0 1 1 1 0 1 0 1 1 1
1 1 1 1 0 0 1 0 0 0 1 0 0 1 0 0 1 0 0 1 0 0 1 1 0 0 0 0 0
0 0 1 0 1 1 1 1 1 1 0 1 0 1 0 1 1 0 1 1 1 0 0 0 0 0 0 0 1
1 0 1 1 1 1 1 0 0 0 0 0 1 0 1 1 1 0 0 0 0 1 0 1 0 0 1 1 1
0 1 0 0 1 1 1 1 0 0 1 1 0 0 0 1 1 1 1 0 0 1 0 1 0 0 1 1 1
0 0 1 1 0 1 1 0 0 1 0 1 0 0 0 1 0 1 0 0 0 0 0 0 0 1 0 0 0
1 0 1 1 1 1 0 0 0 1 1 1 0 1 0 1 1 1 1 1 0 0 0 1 0 1 1 0 0
1 1 0 0 0 0 1 0 0 1 1 1 0 1 0 0 0 0 1 1 1 1 1 0 1 0 0 1 1
1 1 1 1 0 1 1 0 1 0 1 1 1 0 1 0 0 1 1 1 1 1 0 1 0 0 1 0 0
0 0 1 1 0 1 0 1 1 1 1 0 1 1 1 1 1 0 1 1 0 1 1 0 1 1 1 0 0
0 1 1 0 1 1 1 0 0 0 1 1 1 1 0 0 0 1 0 1 1 1 1 0 0 0 0 0 0
0 1 0 1 1 1 0 0 0 0 0 1 1 0 1 1 0 0 1 0 1 0 1 0 0 1 1 1 0
0 1 0 0 1 0 1 1 1 0 1 1 0 0 0 0 1 0 0 0 1 0 1 1 0 0 1 0 0
0 0 1 0 0 1 0 0 0 1 0 1 1 1 0 1 0 0 0 0 1 0 1 1 1 1 1 1 0
0 1 0 0 0 1 0 0 0 0 1 0 0 0 1 1 0 1 0 0 1 0 0 0 0 1 1 0 0
1 0 1 1 0 0 1 0 1 0 1 0 0 0 1 1 0 0 0 0 0 1 0 0 0 1 1 0 1
1 0 1 0 1 1 0 0 0 0 1 0 0 1 1 0 0 0 1 0 0 1 1 1 0 0 0 1 1
0 1 0 0 0 0 0 0 1 1 0 1 0 1 0 0 0 0 1 1 0 0 0 1 0 1 0 1 1
0 1 0 1 0 0 0 1 0 1 0 0 0 1 1 0 0 1 0 0 1 1 0 1 0 0 0 1 0
1 1 0 0 1 0 0 1 0 1 1 0 1 1 1 0 1 0 1 0 1 0 1 0 0 0 0 0 0
0 1 0 1 0 0 0 0 1 0 1 1 0 1 0 0 0 1 1 0 0 1 1 0 0 0 0 0 1
1 1 1 1 1 0 0 0 0 0 0 1 0 1 1 0 1 1 0 1 0 1 1 1 1 1 1 1 0
1 1 1 1 0 1 0 0 1 1 1 0 0 0 0 1 1 0 1 0 0 1 0 1 1 0 0 1 1
1 1 1 0 1 0 1 0 1 0 1 1 1 1 1 0 1 1 1 1 0 0 1 1 1 0 1 1 0
1 1 0 1 1 0 0 1 0 1 1 0 1 0 0 0 0 0 0 0 1 1 1 0 1 1 1 1 0
1 1 0 0 1 1 1 0 0 0 0 0 1 0 0 0 1 0 0 0 1 1 0 0 1 0 0 0 0
1 0 1 0 0 0 1 1 0 0 1 0 0 0 0 0 1 1 0 0 1 1 1 0 1 1 0 1 0
1 1 1 0 1 0 0 0 0 1 1 0 0 1 0 1 0 0 0 1 1 0 0 0 0 0 1 1 1
1 0 0 0 0 0 1 1 1 1 1 0 1 1 1 0 1 0 1 0 0 1 0 1 1 1 1 0 0
1 1 0 0 1 1 0 0 0 0 0 1 0 1 0 1 1 1 1 0 0 0 0 0 0 0 1 1 0
0 0 1 1 1 1 1 0 1 0 0 1 0 0 1 1 1 1 1 1 0 1 1 0 0 0 0 0 0
1 0 0 0 0 0 1 1 1 1 0 1 1 1 0 0 0 1 0 1 1 0 1 0 0 1 0 0 0
0 0 1 0 0 1 1 1 1 0 1 1 1 0 1 1 0 0 1 1 0 0 0 1 0 0 0 1 0
1 1 0 1 1 0 0 0 1 1 0 0 0 0 0 1 0 0 0 0 0 0 0 1 1 1 0 0 0
0 1 1 0 1 0 1 0 0 0 0 1 1 1 1 1 1 0 1 0 0 1 0 0 1 1 0 0 0
0 1 1 0 0 1 1 0 1 0 1 0 1 1 0 1 1 1 1 0 0 0 1 1 0 1 0 0 1
1 0 1 1 1 0 1 1 1 0 1 1 1 1 0 0 1 0 0 1 0 1 0 0 1 0 1 1 1
1 0 1 0 1 1 0 0 1 0 1 1 0 1 1 0 0 1 1 1 1 1 0 1 1 0 0 0 1
1 0 1 0 1 1 0 1 0 1 1 1 1 0 0 1 0 0 1 0 0 1 0 0 1 1 0 1 1
1 0 1 1 1 0 0 0 1 1 1 1 0 1 0 1 1 1 0 0 1 0 1 0 1 1 0 0 0
1 0 0 1 1 1 1 1 0 0 0 1 1 0 1 1 1 1 0 0 0 0 0 1 0 1 0 1 0
0 1 1 1 0 0 1 1 1 0 1 0 1 0 0 1 1 0 1 0 0 0 0 0 0 0 0 0 0
1 0 1 1 1 0 0 1 1 1 1 0 0 0 1 0 1 1 0 1 0 0 1 0 1 0 0 0 1
1 1 0 1 1 1 1 0 1 1 1 1 0 1 1 0 1 1 1 0 1 1 1 0 1 0 1 0 1
0 1 1 1 1 0 1 1 0 0 1 0 0 1 0 1 0 1 0 0 0 1 1 1 1 0 1 0 1
1 0 0 1 1 1 0 1 0 0 1 0 0 1 0 0 1 1 1 0 1 0 0 0 1 1 0 0 1
1 1 1 0 1 1 0 1 1 1 1 0 0 1 0 0 1 1 0 1 0 0 1 0 0 0 0 1 0
1 1 0 0 0 0 0 1 0 1 0 0 0 0 0 1 1 0 0 0 0 0 1 0 0 1 0 1 1
0 0 1 1 1 1 0 0 0 0 1 0 1 0 1 1 1 1 0 0 1 0 1 1 1 1 1 0 0
0 1 1 0 1 1 0 1 0 1 1 1 0 0 1 0 1 1 1 0 1 1 1 0 0 1 0 0 0
0 1 0 1 0 1 0 0 1 1 1 1 1 0 0 0 1 1 0 0 1 0 1 0 0 0 1 0 0
0 1 1 1 1 1 0 1 0 1 1 0 1 0 1 1 1 0 1 1 1 0 0 1 0 0 1 0 1
0 0 0 0 0 1 1 0 0 0 0 0 1 0 0 1 1 0 0 1 1 0 0 1 0 1 1 0 0
1 0 0 1 1 0 1 1 1 0 1 0 0 1 1 1 1 0 1 1 1 0 1 1 1 0 1 1 0
0 0 0 0 0 1 1 0 0 0 1 0 0 1 1 0 1 0 1 0 0 1 1 0 1 1 1 1 1
0 1 0 1 1 0 1 1 1 1 0 1 0 1 1 0 0 1 1 1 0 0 1 1 0 0 0 0 1
0 1 0 0 0 1 1 1 0 1 0 0 1 1 1 0 0 1 1 1 1 0 0 0 0 0 1 0 0
0 0 0 0 1 1 0 1 0 1 1 1 1 0 0 0 1 0 1 0 0 1 1 0 0 0 1 0 1
1 0 1 0 0 0 0 0 0 0 0 0 1 0 1 0 1 1 1 1 0 0 0 1 0 1 0 0 1
1 0 1 0 1 0 0 0 1 0 1 0 1 0 0 0 0 1 0 1 1 0 0 0 0 1 0 0 0
0 1 0 0 0 0 1 1 0 0 1 0 1 0 1 0 1 1 0 1 0 0 0 1 0 0 0 0 1
0 1 1 0 0 0 1 1 1 1 1 1 0 1 1 0 0 0 0 1 0 1 1 1 1 1 1 0 1
1 1 0 0 1 0 0 1 1 1 0 1 1 0 1 1 0 0 1 0 0 1 0 1 1 0 1 1 1
0 0 1 1 1 1 0 0 1 1 1 0 1 1 0 1 1 1 0 1 0 1 0 0 1 0 0 1 0
1 0 0 0 0 1 0 0 0 1 0 0 0 1 0 0 1 1 0 1 1 1 0 1 0 0 1 1 0
0 1 1 1 1 0 0 0 1 0 0 0 0 0 0 0 1 1 0 0 1 0 0 1 0 0 0 1 1
0 0 1 0 1 0 0 0 1 0 1 0 1 0 0 1 1 0 1 0 0 1 1 0 1 0 0 1 1
0 1 1 0 1 0 1 0 1 0 1 0 0 1 1 1 1 1 1 1 1 1 0 0 0 1 1 0 1
0 0 1 0 0 0 1 0 1 1 1 1 0 1 1 0 1 1 1 0 1 1 0 0 0 1 0 1 1
1 0 0 0 0 0 1 1 0 0 1 0 1 1 0 1 1 1 0 1 1 1 1 0 0 1 1 1 1
0 0 0 1 1 0 1 0 1 1 1 0 0 1 1 0 0 1 0 1 0 0 0 1 0 0 1 0 0
0 0 1 0 1 0 1 0 0 1 1 0 1 0 0 0 0 1 1 1 1 1 0 1 0 0 1 1 0
0 1 0 0 1 1 1 0 0 1 0 1 1 1 1 1 1 1 1 0 0 1 1 1 0 1 0 1 0
0 0 1 1 0 1 1 1 0 0 1 0 0 0 0 1 0 0 1 0 0 1 0 1 1 0 1 0 0
0 1 0 0 0 0 0 0 1 0 1 0 1 1 1 0 0 0 0 1 1 0 1 0 1 0 1 1 0
0 0 0 0 0 0 1 1 0 1 1 0 0 1 0 1 0 1 1 0 0 1 1 0 1 1 0 0 1
1 1 1 0 0 1 1 1 0 0 0 1 0 1 0 0 1 1 0 1 1 0 0 0 1 0 0 1 1
0 1 1 0 1 0 0 1 0 0 0 0 0 0 0 0 0 0 1 1 0 1 0 0 0 1 0 0 0
0 0 0 1 1 1 0 0 0 0 1 0 0 0 0 0 1 0 1 1 0 0 0 1 0 1 0 1 0
1 1 1 1 0 1 0 0 0 0 0 1 0 0 1 1 1 1 0 1 1 1 0 0 1 1 0 0 1
1 0 0 0 1 1 0 0 0 1 0 1 1 0 0 0 0 1 1 0 0 0 0 0 1 0 0 1 0
0 0 1 1 1 0 1 1 0 0 1 0 0 0 1 0 0 1 1 1 1 0 0 0 1 0 0 1 0
1 1 1 1 0 0 1 0 1 1 1 1 1 0 0 0 0 0 0 0 0 1 0 1 1 0 0 1 0
0 0 1 0 1 0 1 0 1 1 0 1 0 1 1 1 1 0 0 0 0 0 0 0 0 0 0 1 1
1 1 1 1 0 1 1 0 1 1 0 1 1 1 1 1 1 0 1 1 0 0 1 0 1 1 0 1 1
1 1 1 0 0 1 1 1 1 1 1 0 0 0 1 0 1 1 0 0 1 1 1 0 0 0 1 1 0
1 1 0 0 0 0 1 1 1 0 0 1 1 0 1 1 1 1 1 1 0 1 1 0 0 1 1 0 0
0 0 1 1 1 1 0 1 0 1 1 0 0 1 1 0 0 0 0 1 1 1 1 0 0 0 1 1 1
1 0 1 1 1 0 1 1 1 1 1 1 1 0 0 1 1 1 0 0 0 1 0 1 0 0 0 0 0
1 0 0 0 0 1 1 1 0 0 0 1 0 1 0 1 1 0 1 1 0 1 0 1 1 1 0 0 1
1 1 0 1 0 1 0 0 1 1 1 1 0 0 1 0 0 0 1 1 1 0 0 0 1 0 0 1 0
1 0 1 0 0 0 0 1 0 1 0 0 0 1 1 0 1 0 0 0 1 1 0 0 1 1 1 0 1
1 0 1 0 1 1 1 1 1 0 0 0 0 1 1 0 0 1 1 0 0 1 1 0 1 1 0 0 0
0 0 1 0 1 0 0 1 0 0 0 1 1 0 1 1 1 0 0 0 1 1 1 1 0 1 0 0 0
0 1 0 1 1 1 0 1 1 0 1 0 0 0 0 1 1 0 0 0 0 1 1 0 1 1 1 0 1
0 0 1 0 0 1 0 1 1 0 1 1 1 0 0 0 1 1 0 1 1 0 0 0 1 1 1 0 0
0 1 1 1 0 1 0 0 0 0 1 1 1 1 1 0 0 1 0 0 1 1 1 1 1 0 1 0 0
1 1 0 1 1 1 1 0 0 1 1 0 0 1 0 1 0 0 1 0 1 1 0 1 0 1 0 0 0
0 0 0 1 0 0 1 1 1 1 0 0 1 0 0 1 1 0 0 1 1 0 0 1 1 1 1 0 1
0 0 1 1 1 0 1 1 1 0 0 0 1 1 0 1 0 0 1 0 1 0 1 0 1 0 1 0 0
1 0 0 0 1 1 0 1 0 1 1 0 1 1 1 0 0 1 0 0 1 1 0 1 1 1 0 1 0
0 0 0 0 1 1 0 0 0 0 0 1 0 1 0 0 0 0 0 1 0 0 1 1 1 1 0 0 1
0 0 0 0 0 0 0 0 0 0 0 1 1 0 0 1 1 1 1 1 0 1 1 0 0 0 0 1 1
1 0 1 1 1 1 1 1 0 1 0 1 1 1 0 1 0 1 0 1 1 0 1 0 1 1 1 0 1
0 0 1 1 1 1 0 1 1 0 0 1 0 1 0 1 0 0 0 0 1 1 0 0 0 0 0 0 1
0 0 0 0 1 0 1 0 0 0 0 0 1 1 0 0 0 1 1 0 1 0 1 0 0 0 0 0 1
1 0 0 0 0 0 0 0 1 1 0 0 0 1 1 1 1 1 1 0 0 0 1 1 0 1 1 0 1
1 1 0 0 1 0 1 1 1 1 0 0 0 0 0 0 1 1 1 0 0 0 0 0 0 1 0 1 0
0 0 0 1 0 0 1 0 0 0 0 1 1 1 0 0 1 1 1 0 0 0 0 1 1 0 1 0 0
1 0 1 0 0 1 0 1 0 0 0 0 1 1 1 1 1 1 1 1 1 0 0 0 1 1 0 1 0
0 0 0 1 1 1 1 1 1 1 1 1 0 0 0 0 0 1 0 0 1 0 0 1 1 0 1 1 1
1 0 1 1 1 0 1 1 0 1 1 1 0 1 0 0 0 1 1 0 1 0 1 1 0 1 0 1 1
0 1 0 0 0 1 1 1 1 0 1 0 0 1 0 1 0 1 1 0 1 0 1 0 1 0 0 1 1
0 1 0 1 0 1 1 0 1 0 1 0 1 0 0 0 1 1 1 0 1 1 1 1 0 1 0 1 0
1 1 0 0 1 0 1 0 0 1 0 1 1 1 0 1 0 0 0 1 0 1 1 1 0 0 1 0 0
0 0 0 1 0 0 0 0 0 1 0 0 1 1 1 1 1 0 0 0 1 0 0 0 0 1 0 0 1
0 1 0 1 1 0 0 0 1 1 1 1 1 1 0 1 1 0 1 1 1 1 1 1 0 0 0 0 1
1 1 1 0 1 1 0 0 1 1 0 1 1 0 1 1 1 0 0 1 0 0 0 0 1 1 1 0 0
0 1 0 0 1 1 0 1 1 0 0 0 1 0 1 1 1 1 0 1 1 0 0 0 0 0 1 1 1
1 1 0 0 0 0 0 0 0 1 1 1 1 0 1 0 1 0 0 0 0 1 1 1 1 1 0 0 1
1 1 0 1 0 1 0 0 1 0 0 0 1 1 0 0 0 1 1 1 1 0 0 1 0 1 1 0 1
1 0 0 0 0 1 0 1 0 1 1 0 1 0 0 1 0 1 0 1 0 1 1 0 0 0 0 0 0
1 1 0 1 0 1 0 1 0 0 1 1 1 1 0 0 0 0 0 0 0 0 1 1 1 0 1 1 1
1 1 1 0 1 1 1 0 1 0 0 1 0 0 1 0 1 0 0 1 1 1 1 0 0 1 0 1 1
1 1 0 1 0 0 0 1 1 0 1 1 0 0 0 1 1 0 1 1 1 1 1 1 1 1 1 1 1
1 1 0 1 0 1 0 1 0 1 0 1 1 0 0 1 1 0 1 0 1 0 1 1 1 0 0 1 1
0 1 1 1 1 1 1 1 0 1 1 1 0 1 0 1 1 1 0 1 1 1 0 1 1 1 1 0 0
0 0 0 0 1 1 0 0 1 0 0 1 1 1 1 0 0 0 1 1 0 1 1 0 1 1 1 0 0
1 1 1 1 1 0 1 1 1 1 0 0 0 0 0 0 0 1 0 0 1 1 0 0 0 0 1 0 1
1 1 1 1 1 1 1 1 0 1 0 1 1 1 1 0 0 0 1 1 0 1 0 1 0 1 0 1 0
1 1 1 1 0 0 1 1 0 1 1 0 0 1 1 1 1 0 1 1 1 1 0 0 0 1 0 0 0
0 0 0 0 0 1 0 1 0 1 1 1 0 0 1 0 0 0 1 0 0 0 0 0 1 0 0 0 0
0 0 0 1 0 1 1 1 0 1 1 1 1 1 0 0 1 0 1 1 1 1 0 0 0 0 0 1 0
0 1 1 0 0 0 1 0 1 1 0 1 0 0 0 1 1 0 1 0 1 1 0 1 1 0 1 0 0
1 1 0 1 1 1 1 0 0 0 0 1 0 0 1 1 0 0 0 0 0 0 1 0 0 0 0 0 1
0 0 1 0 1 1 0 0 1 1 1 0 0 0 1 0 1 0 0 0 1 1 1 1 1 0 0 1 0
0 1 0 0 0 1 0 1 0 0 0 0 0 0 0 0 0 1 0 0 1 1 1 1 0 1 0 0 1
0 1 1 0 0 0 1 0 0 0 1 0 1 0 1 1 0 0 0 1 1 1 1 1 0 1 0 1 0
1 1 1 1 1 0 0 1 1 1 1 1 1 1 1 0 0 1 1 1 1 0 1 0 1 1 0 1 1
1 0 1 1 0 1 0 0 1 1 0 0 1 1 1 0 1 1 0 1 1 0 1 1 0 0 0 0 0
0 1 1 0 1 1 0 1 1 0 0 1 0 0 0 0 0 1 0 0 0 0 1 1 1 0 0 0 0
1 0 0 0 1 1 1 0 1 0 0 1 1 1 0 1 0 1 0 0 1 1 0 1 0 0 0 1 1
0 1 0 0 1 0 1 0 0 1 0 0 1 0 1 1 1 1 0 1 0 0 1 0 1 0 1 0 0
1 1 0 1 0 0 0 1 0 0 0 1 1 1 0 0 0 0 0 0 1 1 0 0 0 1 1 0 0
0 0 1 0 0 1 1 1 0 1 1 0 1 1 0 0 0 0 0 0 0 0 0 1 0 0 0 1 0
0 1 1 0 0 0 0 1 1 1 1 0 1 0 0 1 0 1 1 1 1 0 1 0 1 0 1 0 1
1 0 0 0 0 1 0 0 0 1 1 1 1 1 1 1 1 0 0 1 1 0 1 1 0 0 1 1 0
0 0 0 0 1 1 0 1 0 1 0 0 0 1 1 1 1 1 0 0 0 0 1 1 0 0 1 0 1
1 1 1 1 1 0 1 0 1 0 1 1 1 1 0 1 1 0 0 1 1 0 0 0 0 0 0 1 0
0 0 0 1 0 0 1 0 1 1 0 0 1 0 1 0 0 1 0 0 0 1 1 0 1 0 1 1 1
0 0 0 0 1 1 1 0 1 0 1 0 1 0 1 1 1 1 1 0 0 1 0 0 1 0 0 1 0
0 0 0 1 1 0 0 0 1 0 1 1 0 1 1 0 0 0 1 1 1 0 1 0 0 1 1 0 1
1 1 0 0 1 1 0 1 0 0 1 0 1 1 0 1 0 0 1 1 1 0 1 1 1 1 0 0 0
0 1 0 1 0 0 1 0 0 1 1 1 0 0 1 0 1 1 1 1 1 0 1 1 0 0 0 1 1
0 0 0 1 1 1 0 1 1 1 0 0 1 0 1 0 0 0 1 0 1 0 0 1 1 1 0 0 1
0 1 1 1 0 1 0 1 1 1 0 1 1 1 1 0 0 1 1 0 0 1 1 0 0 0 0 1 0
0 1 0 0 1 1 1 1 0 1 1 1 0 1 1 1 1 0 0 0 1 0 1 0 1 1 1 1 0
1 1 1 0 1 0 1 1 1 0 0 1 0 0 1 0 1 0 1 0 1 0 0 0 1 1 0 0 1
1 1 0 1 1 0 1 1 1 1 1 1 1 0 1 1 1 1 0 0 1 0 1 1 0 1 1 0 1
1 1 1 0 1 0 1 1 0 0 0 0 0 1 1 1 0 0 1 0 0 0 0 1 1 1 1 0 1
0 0 1 0 0 0 1 1 0 1 0 1 0 0 0 1 1 0 1 1 1 0 1 1 0 1 1 1 0
1 0 0 1 0 0 0 1 1 0 1 1 0 1 1 0 1 1 1 1 0 1 1 1 0 1 0 1 1
0 1 0 1 1 1 1 1 0 1 0 0 0 1 1 1 0 0 1 1 0 0 0 0 1 0 0 1 1
1 0 0 1 0 0 1 0 1 1 0 1 1 0 0 1 1 1 1 0 1 0 0 0 0 0 1 1 0
0 1 0 0 0 1 1 1 1 0 1 0 1 0 0 0 0 0 1 1 1 1 0 0 0 1 0 1 1
0 0 0 1 0 1 0 0 0 1 1 0 1 0 1 1 0 1 1 1 1 1 0 0 0 1 0 0 1
0 1 0 0 0 1 0 1 0 0 1 0 1 0 0 1 1 0 1 0 0 1 0 1 0 1 1 1 0
1 1 0 0 0 0 1 0 1 0 0 1 0 0 0 1 0 1 0 1 0 0 1 1 0 0 1 1 1
1 0 0 1 1 1 0 0 1 1 0 1 1 0 0 1 1 0 1 1 1 1 0 0 0 1 0 1 1
1 0 0 0 1 0 0 0 1 0 1 1 0 0 0 0 1 1 0 1 0 1 0 1 1 1 0 0 1
0 0 0 0 1 0 0 0 0 1 1 0 0 0 1 1 0 0 0 1 1 0 1 0 1 0 0 0 1
1 0 0 0 0 1 1 0 1 1 0 0 1 1 1 0 1 1 1 1 0 0 0 0 1 0 0 0 1
0 1 1 1 0 1 1 0 0 1 0 0 0 0 0 0 1 1 0 1 1 0 1 0 1 1 0 1 0
0 0 0 0 0 0 1 0 0 0 0 1 0 0 1 0 0 0 0 0 1 1 0 1 1 1 1 0 0
1 1 0 1 0 0 1 0 0 0 1 1 0 0 0 0 0 1 1 1 0 1 0 1 0 1 0 0 0
1 1 1 0 0 1 1 1 1 0 1 0 1 1 1 1 0 0 0 0 1 1 1 0 0 0 0 0 1
1 1 0 0 1 0 0 1 1 0 1 1 0 1 1 1 0 0 0 1 0 1 0 0 1 1 0 0 0
1 0 1 0 0 1 0 1 1 1 1 1 0 1 0 1 1 1 0 0 0 1 1 1 1 0 0 1 0
1 0 1 0 1 0 1 0 0 1 1 0 0 0 0 1 1 1 1 0 1 0 0 1 1 0 0 0 1
0 0 0 1 0 1 1 0 1 0 1 1 1 1 1 1 0 1 0 1 1 0 0 1 1 1 0 1 1
0 1 0 1 0 0 0 1 1 0 0 0 0 1 0 0 1 1 0 1 0 0 1 0 1 1 0 0 0
1 0 0 1 1 1 1 0 0 1 0 1 0 0 1 0 1 1 1 1 0 0 1 1 1 1 1 0 1
1 1 1 1 0 0 0 1 0 1 0 0 1 1 0 1 0 1 1 1 0 0 1 1 0 0 1 1 0
0 0 1 0 1 1 1 1 1 1 1 0 1 0 1 1 0 0 1 0 1 0 0 0 0 1 1 1 0
0 0 0 0 1 0 0 0 0 1 0 0 0 0 0 1 1 1 1 0 1 1 0 0 1 1 1 1 1
1 0 0 1 1 0 0 1 0 1 0 1 0 0 1 0 1 0 0 1 1 1 0 1 1 0 0 0 0
1 1 1 1 0 0 1 0 0 0 1 0 0 0 0 0 0 0 1 0 1 0 1 0 1 0 1 0 1
1 0 1 1 1 0 0 0 0 1 0 1 0 0 1 1 1 0 1 1 1 0 1 0 0 0 1 1 0
0 0 0 1 0 1 0 1 0 0 1 1 1 1 1 0 0 1 0 1 0 0 0 0 1 1 0 0 0
1 1 0 1 0 0 1 0 0 1 0 0 1 1 1 0 1 0 1 0 1 1 0 1 0 0 0 1 1
1 1 0 0 0 0 0 0 0 0 1 0 0 1 1 1 0 1 0 0 0 1 1 0 1 1 0 1 1
1 0 0 1 0 0 0 0 0 0 1 0 1 0 1 1 1 1 1 0 1 0 1 0 1 1 0 0 0
0 0 1 1 1 0 0 0 0 0 0 0 1 1 0 0 1 0 1 1 1 1 1 1 1 1 0 1 1
0 1 0 0 1 0 0 1 1 1 1 1 0 1 0 0 0 1 1 0 1 0 0 1 1 1 1 0 0
1 0 1 0 1 1 1 1 1 1 0 0 0 0 0 0 0 1 1 0 1 1 1 1 0 1 1 1 1
0 0 1 0 0 0 1 1 1 0 1 0 1 0 1 0 0 0 0 0 1 0 0 1 0 1 0 0 1
1 1 0 1 0 1 0 0 0 1 0 1 0 1 1 1 0 0 1 0 0 1 1 0 0 0 1 0 0
0 1 1 1 0 0 0 1 1 1 0 1 0 0 1 1 0 1 0 1 0 1 1 0 1 0 1 1 0
1 1 0 0 1 0 0 1 0 0 1 0 1 1 0 1 1 0 0 1 1 0 0 1 0 0 0 1 0
1 0 1 1 0 0 0 0 1 0 0 0 0 1 0 1 0 0 0 0 0 1 1 1 0 1 1 0 1
1 1 1 0 1 0 0 0 0 0 0 1 0 1 0 1 0 0 1 0 1 1 1 0 0 1 1 1 1
1 0 0 1 1 0 1 0 0 0 0 0 0 1 1 1 1 1 0 0 1 0 1 1 1 1 0 1 1
1 1 0 1 0 1 1 1 0 1 1 0 1 0 0 0 0 1 1 0 0 0 0 1 1 0 1 0 0
1 0 0 0 1 1 1 0 1 0 1 0 0 1 0 1 0 0 1 1 0 0 0 0 0 0 1 1 0
0 1 1 0 0 1 1 0 0 0 0 1 0 0 1 1 0 0 0 1 1 1 0 1 1 0 0 1 1
0 0 1 0 1 0 1 1 0 0 1 1 0 0 1 1 1 0 0 1 0 0 1 0 1 1 0 1 1
0 0 0 1 0 0 1 1 0 1 1 0 0 0 1 1 0 0 0 0 0 0 1 1 0 0 0 1 0
0 0 1 1 0 0 0 1 1 1 1 0 1 1 0 0 1 1 1 0 0 0 0 0 0 1 1 1 1
1 0 0 1 0 0 1 0 1 0 0 0 1 1 1 1 0 0 1 1 0 1 0 1 1 1 1 1 1
1 0 0 0 0 1 1 1 0 0 0 1 0 1 1 0 0 1 1 0 1 1 1 0 0 0 1 1 0
0 1 0 0 0 1 1 0 0 1 1 1 0 1 0 1 1 1 0 1 0 0 0 1 1 1 0 1 0
1 1 0 1 0 0 0 0 1 0 1 0 1 0 0 1 1 1 0 1 1 1 0 1 1 0 1 0 1
0 0 0 1 0 0 0 0 1 1 1 1 1 0 0 1 1 0 1 1 0 0 0 0 1 0 1 0 1
1 0 1 0 1 0 1 1 0 1 0 0 0 1 0 1 1 0 1 0 0 1 1 0 1 0 1 1 0
1 0 1 1 0 1 0 0 0 1 1 1 0 1 1 0 0 0 0 0 1 1 0 0 1 1 0 1 0
0 1 1 0 0 0 0 0 0 1 0 1 1 1 0 1 0 1 1 1 1 1 0 0 1 0 0 0 0
1 0 1 1 1 0 1 1 1 0 0 1 0 0 0 1 0 1 1 1 1 0 0 1 1 1 0 1 0
0 1 0 1 1 0 1 0 1 1 1 1 1 0 1 0 1 0 0 1 1 1 0 0 0 1 0 0 0
1 0 1 0 0 0 0 1 0 0 0 1 1 0 0 1 0 0 1 1 1 1 1 1 1 0 1 0 0
1 0 0 0 1 0 0 1 1 1 0 1 1 1 1 1 0 1 0 1 1 1 0 0 1 1 1 1 0
1 1 1 0 1 1 0 0 1 0 1 1 1 1 1 1 1 0 1 1 1 1 0 1 1 1 1 1 1
0 0 0 0 1 1 1 1 1 0 0 1 0 1 1 1 0 1 0 1 1 0 1 0 0 1 0 1 0
1 0 1 1 0 1 1 1 0 0 0 1 0 1 1 0 0 0 0 1 1 1 0 1 0 1 0 0 1
0 1 1 1 0 1 0 0 1 0 1 1 0 0 0 1 0 0 0 1 0 0 1 1 0 0 0 0 0
1 1 0 1 0 0 1 0 0 0 0 1 0 1 1 1 0 1 0 1 1 0 0 0 1 0 1 0 0
0 1 0 0 1 1 1 1 1 0 0 0 1 1 0 0 0 0 0 0 0 0 1 0 0 1 1 1 1
1 1 1 1 1 1 0 1 0 0 1 1 1 1 1 1 1 1 0 0 0 1 1 0 0 0 0 1 0
0 1 1 0 1 1 1 0 1 1 0 0 0 1 1 0 0 0 0 0 1 0 0 1 1 0 1 0 1
1 1 1 1 0 1 1 1 0 0 0 0 1 0 1 1 0 0 0 1 1 0 1 1 1 1 1 1 0
1 0 1 1 0 0 0 0 1 1 0 1 1 0 0 0 0 1 1 0 0 1 0 1 1 1 0 0 1
0 1 0 1 0 0 0 0 0 0 0 0 1 1 1 1 1 0 0 0 0 1 0 0 1 0 1 1 1
0 0 1 1 1 1 1 0 1 1 0 1 0 0 0 0 0 0 1 1 0 1 0 0 1 1 1 1 0
1 1 0 0 1 0 1 0 1 1 1 1 1 0 0 1 0 1 1 1 0 0 1 0 1 1 0 0 0
0 0 1 0 1 1 0 1 0 0 1 1 1 0 1 1 0 1 1 1 0 1 1 1 1 0 1 1 1
0 0 1 0 0 0 0 1 0 0 1 0 0 1 1 0 0 1 1 1 0 0 1 1 1 1 1 1 0
0 0 0 1 1 0 0 1 0 1 1 1 0 1 0 1 1 1 1 1 0 0 1 1 1 0 0 1 0
1 0 0 1 1 1 1 0 0 0 1 0 1 1 0 0 1 0 0 0 0 1 0 0 0 1 0 1 1
0 1 0 1 0 1 1 1 1 1 0 1 1 1 0 1 1 0 0 1 0 0 1 0 1 0 1 0 0
1 0 1 1 0 0 0 1 1 1 0 0 0 1 0 0 0 0 1 1 0 0 0 1 1 0 1 0 0
0 1 1 1 0 1 0 1 1 0 1 1 0 0 1 0 1 1 0 0 0 0 1 1 0 1 1 1 1
0 0 0 1 0 1 1 0 1 0 0 0 0 1 1 0 1 0 1 0 1 0 1 1 0 1 0 1 0
0 1 1 1 1 0 1 0 0 0 0 1 1 0 0 1 1 1 1 0 1 0 1 0 1 1 1 1 1
1 1 0 1 1 0 0 0 0 1 0 0 1 1 0 0 0 1 0 1 0 0 0 0 1 0 0 0 1
1 0 1 1 0 0 0 1 1 0 0 1 1 1 1 0 1 0 1 1 0 0 1 0 0 0 0 1 0
0 0 1 0 0 0 0 0 1 1 1 0 0 0 0 0 1 0 0 1 0 0 1 0 0 1 0 0 1
0 0 1 1 1 1 1 1 0 1 0 0 1 1 1 0 1 0 0 0 1 1 1 0 0 1 0 0 0
1 0 0 0 1 1 1 1 0 0 1 1 1 0 1 0 1 0 0 1 1 0 0 0 1 0 1 0 1
1 0 1 1 0 1 1 1 0 0 0 0 0 0 1 0 1 0 0 0 0 0 0 0 1 0 1 1 0
1 0 1 1 1 0 1 0 0 1 1 1 0 0 1 1 0 0 0 1 0 1 0 0 1 1 1 0 1
0 1 1 1 1 1 1 0 1 0 0 1 0 1 0 0 0 0 1 1 0 1 1 1 0 0 1 1 1
1 1 1 0 0 0 1 1 0 1 1 1 0 1 1 1 1 1 1 1 0 0 0 0 1 0 1 0 1
1 1 0 1 0 1 1 1 0 1 0 1 0 1 0 0 1 1 0 0 0 1 1 1 0 1 1 0 0
1 0 1 0 1 0 1 1 0 0 1 1 0 1 1 0 0 1 0 0 0 0 0 0 0 0 1 0 0
1 1 1 1 1 1 1 0 1 1 1 0 0 0 0 1 0 1 0 1 0 0 1 1 0 1 0 1 1
1 1 1 0 0 1 0 0 0 1 1 1 0 0 0 1 1 1 0 1 1 1 1 0 0 0 1 0 1
0 0 0 0 1 0 0 1 1 0 1 0 0 1 0 0 0 1 0 1 1 1 0 1 1 0 1 1 1
0 0 0 1 1 0 1 1 1 1 0 0 0 1 0 0 1 0 0 1 0 1 0 1 1 1 0 1 1
1 0 1 0 0 0 1 0 0 1 1 0 1 1 1 1 0 1 0 1 1 1 1 1 1 0 1 0 1
0 1 1 1 0 0 1 0 1 1 0 1 1 1 1 1 0 1 0 0 1 1 0 1 0 1 1 1 1
0 1 1 0 0 0 0 1 0 1 1 1 1 0 1 1 1 0 0 1 1 0 0 0 1 0 0 1 1
1 1 0 0 0 0 0 1 0 1 1 1 1 0 1 0 1 1 1 0 1 1 0 1 1 0 1 1 0
0 0 0 0 0 0 0 1 0 1 1 1 0 1 0 1 0 0 1 0 1 1 0 1 0 0 1 0 1
0 1 1 1 0 1 0 1 0 0 0 1 0 0 0 0 0 1 1 1 0 1 0 0 1 1 1 1 1
0 1 1 1 1 1 0 0 1 0 1 1 0 1 0 0 1 0 1 0 0 0 0 0 1 0 0 1 0
0 1 1 1 0 0 0 1 1 0 0 0 0 0 1 1 0 0 1 1 0 1 1 1 1 1 0 1 1
0 1 1 0 0 1 0 0 0 0 0 0 1 1 1 0 1 0 1 1 0 1 0 0 0 0 1 0 1
0 1 1 1 0 0 0 1 0 0 0 1 0 1 1 0 1 0 1 0 1 0 1 1 1 0 1 0 1
0 1 1 0 1 0 0 1 0 1 0 0 1 0 0 1 1 1 0 0 0 1 0 0 1 0 1 0 0
0 0 0 1 1 1 1 1 1 0 1 0 1 0 0 0 0 1 0 1 0 1 1 1 1 1 1 0 0
1 1 1 0 1 1 1 0 0 0 1 0 1 0 0 0 0 1 0 1 0 1 0 0 1 1 1 0 1
1 0 1 1 0 1 1 1 1 0 1 0 1 0 0 0 1 1 1 1 1 0 1 0 0 0 1 1 1
0 1 1 1 0 1 0 1 1 0 1 1 0 1 0 1 0 0 1 0 1 0 0 0 0 1 1 1 0
1 1 0 1 1 1 0 0 0 0 0 0 1 0 1 0 0 0 0 1 0 1 1 0 0 0 0 1 0
1 0 1 1 0 0 0 0 1 1 0 0 1 0 0 0 1 0 0 1 1 1 1 1 0 1 1 1 0
1 0 1 1 1 0 1 0 1 1 0 0 1 0 1 1 0 0 1 1 1 1 1 0 1 0 0 0 1
0 1 0 0 1 0 1 1 1 1 1 0 1 0 0 1 1 1 1 1 0 1 1 1 1 1 0 1 1
1 1 1 0 0 0 0 0 0 1 0 1 0 0 1 0 0 1 1 0 1 0 1 1 1 1 0 0 0
0 1 1 1 1 0 0 0 1 1 1 1 0 0 1 1 1 0 1 0 0 1 1 1 0 1 1 1 0
0 1 0 1 1 1 0 1 1 0 1 0 1 1 1 0 1 0 1 0 1 1 0 1 1 0 0 0 0
1 0 0 1 0 1 0 1 1 1 1 1 0 1 1 1 1 0 0 1 0 0 0 0 0 1 1 1 1
1 1 0 1 0 1 1 1 1 1 1 0 0 0 1 0 0 1 0 1 0 0 0 0 1 1 1 1 1
0 1 0 0 1 0 1 1 1 0 0 1 1 1 1 0 1 1 0 0 1 1 1 0 1 0 0 1 1
1 0 1 0 0 1 0 1 1 0 0 1 0 0 0 1 1 1 1 0 0 0 1 0 1 1 1 0 1
0 0 0 0 1 0 0 1 0 1 1 1 0 0 1 0 0 1 0 0 0 1 0 0 0 1 1 1 0
0 0 1 1 1 1 1 0 0 0 1 0 0 1 1 0 1 1 0 1 1 0 0 1 0 1 1 1 1
1 1 1 1 0 1 0 1 1 0 0 1 1 0 0 0 1 0 0 0 0 1 1 0 1 1 0 1 0
0 1 1 1 1 0 0 0 0 1 1 1 1 1 1 0 0 1 1 0 0 0 0 0 1 0 1 1 1
1 0 1 1 1 1 0 1 1 1 0 1 1 1 1 0 1 0 1 0 0 0 0 1 0 0 1 0 0
0 1 1 1 1 1 0 1 0 1 0 0 0 1 0 1 1 0 0 0 1 1 0 1 1 1 0 1 1
1 0 0 1 1 1 0 0 0 0 1 1 0 0 0 1 0 1 0 0 1 1 1 0 1 0 1 1 0
1 0 0 1 1 0 0 1 0 0 1 0 0 0 0 1 0 0 0 1 0 0 1 0 0 1 1 0 0
1 1 1 0 0 1 0 1 1 1 1 1 0 0 0 1 0 1 0 1 1 1 0 1 0 1 0 1 0
1 0 0 0 1 1 0 0 1 1 0 0 0 1 0 0 1 0 1 1 1 1 1 0 0 1 1 0 0
0 0 0 1 0 0 0 1 1 0 1 1 0 0 1 1 1 0 0 0 1 1 0 0 0 0 0 1 1
1 1 1 0 0 1 0 1 1 1 1 0 1 1 0 0 0 0 0 1 0 1 0 1 0 0 0 0 1
0 0 1 0 0 0 1 0 0 1 0 1 0 0 0 0 1 1 0 0 0 1 1 1 0 0 0 0 1
1 1 1 0 0 0 0 1 0 0 1 1 1 1 0 0 1 1 1 0 1 1 0 1 0 1 1 0 1
0 0 0 0 0 0 1 0 1 0 1 1 0 0 1 1 0 1 0 0 0 0 1 0 1 0 1 0 0
0 0 1 1 0 1 1 0 0 0 0 0 0 1 0 1 0 1 1 1 0 0 1 0 0 0 1 0 1
0 0 1 0 1 0 0 0 0 0 1 1 1 1 0 0 1 0 0 0 0 0 0 1 1 0 0 0 1
0 0 1 1 1 0 0 1 1 1 0 0 1 1 0 1 0 0 0 1 0 0 1 1 0 1 0 1 1
0 0 0 0 1 0 0 0 1 1 1 0 1 0 1 0 0 0 1 0 0 1 0 1 0 0 1 0 0
1 0 1 0 1 1 1 0 0 1 1 0 1 1 0 0 1 1 1 0 1 0 0 0 0 1 1 0 0
1 1 1 0 1 0 1 1 0 1 0 1 1 0 0 0 1 0 0 1 0 0 0 1 0 1 1 1 1
1 0 0 0 0 1 1 0 1 0 1 1 0 0 1 1 1 1 1 1 1 1 1 1 1 1 1 1 0
0 1 0 1 1 1 0 0 1 1 0 0 1 1 0 1 0 1 1 1 1 0 1 1 1 0 1 1 0
1 1 1 1 1 1 1 1 0 0 0 0 1 0 0 1 1 1 1 1 1 1 1 1 0 0 0 0 0
0 1 0 0 0 1 1 0 1 1 0 1 1 0 0 1 0 0 0 0 1 1 1 0 1 1 0 0 1
1 0 1 0 0 0 1 0 0 0 0 0 1 1 0 1 0 0 0 1 0 0 1 0 1 1 0 1 0
0 1 0 1 1 0 1 1 0 0 1 1 1 0 1 1 0 1 1 0 1 1 0 0 1 1 0 1 1
1 0 1 1 0 1 1 1 1 1 1 0 0 1 0 0 1 0 0 0 1 0 1 1 1 1 0 0 1
1 0 0 1 0 0 0 1 1 0 0 0 0 0 0 0 0 0 1 1 1 0 0 0 0 0 0 0 1
0 0 0 1 1 1 0 1 1 0 0 1 0 1 1 1 1 0 0 0 0 0 0 1 1 0 1 1 0
0 1 1 0 0 0 1 0 1 0 0 0 0 1 0 0 0 0 0 0 1 1 0 0 1 1 1 1 0
0 0 1 1 0 0 0 1 1 0 0 0 0 1 1 1 1 1 1 1 1 1 0 1 0 0 1 0 0
0 1 0 0 0 1 0 0 1 1 1 0 1 1 1 0 1 1 0 1 1 1 1 1 0 1 1 0 1
1 0 1 1 1 0 0 0 0 0 1 1 1 1 1 1 0 0 1 1 0 0 0 1 0 0 0 0 1
1 0 0 1 1 1 0 1 1 1 1 0 1 0 1 1 0 1 1 0 1 0 1 0 0 0 0 1 1
1 1 0 0 1 1 0 1 1 0 0 0 1 0 1 1 1 0 0 1 0 0 1 1 1 0 0 0 1
1 1 0 0 0 1 0 0 1 0 1 1 1 0 1 0 0 1 0 0 0 0 0 0 0 1 1 1 1
0 0 0 0 0 0 0 1 1 0 0 1 1 1 1 1 1 1 1 0 1 0 1 1 1 0 0 0 1
0 1 0 1 1 1 0 0 0 1 1 1 0 0 0 0 0 0 0 1 1 0 0 1 1 1 1 0 1
0 0 1 0 0 1 0 0 0 0 0 0 1 0 0 0 0 0 1 0 1 0 0 0 0 0 0 1 1
1 1 0 0 1 1 0 1 0 1 0 0 1 1 0 0 1 1 1 1 0 1 1 1 1 0 1 1 1
1 0 0 0 0 0 1 0 0 1 0 1 1 0 1 0 0 0 1 1 1 0 0 0 0 1 1 1 1
1 1 1 1 1 1 1 0 1 0 0 0 1 1 0 0 1 1 0 0 0 0 0 1 1 1 1 1 0
1 1 1 0 0 1 1 0 0 0 1 1 0 0 1 1 1 0 1 0 1 0 0 1 0 0 0 0 0
1 0 0 1 0 1 0 0 0 1 0 0 0 1 0 0 0 1 0 1 1 1 1 0 1 0 0 1 1
1 0 0 1 1 0 0 0 1 0 0 1 1 1 0 0 1 1 0 0 1 1 1 0 0 0 1 0 1
0 1 0 1 0 0 0 0 0 1 1 0 1 1 1 1 1 0 0 1 0 0 0 1 1 1 1 1 0
1 1 1 0 1 1 0 1 1 0 1 0 0 0 1 0 0 0 1 1 0 0 1 1 0 1 1 0 0
0 1 0 1 1 0 0 1 0 0 0 1 0 0 0 0 1 1 0 1 1 0 1 0 0 0 1 1 0
0 0 1 0 0 1 1 0 1 1 0 0 0 0 1 1 0 1 1 1 0 0 0 1 1 1 1 1 1
1 0 1 0 0 0 1 1 0 0 0 0 0 0 1 1 0 1 0 1 0 1 0 0 0 0 0 1 1
0 1 1 0 0 1 1 0 1 0 0 0 0 0 0 0 0 1 1 0 0 1 1 0 0 0 0 1 0
0 1 1 1 0 0 1 1 1 1 1 0 1 1 1 1 0 1 0 0 1 0 0 1 1 1 0 0 0
1 1 0 1 0 1 1 1 1 0 1 1 0 1 1 1 0 1 1 0 0 1 0 1 1 0 0 0 1
1 1 0 0 1 1 0 1 0 1 0 1 0 0 1 1 0 1 1 1 1 0 0 1 0 1 1 0 1
0 0 0 1 0 0 1 1 0 0 0 0 1 1 0 1 0 1 1 0 0 1 0 1 1 1 0 1 0
0 1 0 0 1 0 1 1 0 0 1 1 1 1 0 1 0 1 1 1 0 0 0 0 0 1 1 1 1
1 0 1 1 1 0 1 0 1 0 1 0 1 1 1 0 0 1 1 1 0 1 1 0 0 1 1 1 0
0 0 0 1 0 1 0 0 0 1 1 1 1 0 0 1 0 1 0 1 0 1 1 1 0 1 1 1 1
1 1 1 0 1 0 0 0 1 0 0 0 0 1 1 1 0 1 1 0 1 1 1 1 0 0 0 1 0
0 0 0 0 0 0 1 0 1 0 1 0 0 1 0 1 1 0 0 1 1 1 0 0 1 0 0 0 0
1 0 1 0 1 1 1 0 1 0 1 1 1 0 0 1 0 0 0 0 1 0 1 1 0 1 1 0 1
1 0 0 0 1 1 1 1 0 1 1 0 0 0 1 1 1 0 1 1 0 1 1 1 0 1 0 0 1
0 1 1 0 0 1 0 0 0 0 0 0 0 1 1 1 1 0 1 1 1 0 1 0 1 0 0 0 0
1 1 0 1 1 1 1 1 0 0 0 0 0 1 1 0 1 0 1 1 1 1 0 0 1 1 1 1 0
0 0 1 1 0 0 1 1 0 0 0 1 1 0 1 0 1 1 0 1 0 1 1 0 0 1 1 0 1
0 1 1 1 1 0 1 1 0 1 0 1 1 0 0 0 0 0 0 1 1 0 0 1 1 0 0 1 0
1 0 0 1 0 1 1 0 1 1 1 1 1 1 1 0 0 0 1 0 0 0 1 0 1 1 0 0 0
0 1 1 1 1 1 1 0 0 0 1 1 1 1 1 0 1 0 1 1 0 0 1 1 1 1 0 0 1
0 1 0 1 1 0 1 1 0 0 0 0 1 0 1 0 0 0 1 1 1 1 1 1 0 0 1 0 1
1 1 1 0 0 0 0 1 1 1 0 1 1 0 1 0 0 0 0 0 1 0 1 0 0 0 1 0 0
0 1 0 1 1 0 1 1 1 1 0 0 0 0 0 1 0 0 1 1 1 1 1 0 0 1 1 0 0
1 0 0 1 0 1 1 0 1 1 0 0 0 1 0 1 1 0 0 0 1 1 1 1 0 0 1 1 1
0 1 1 1 0 0 1 0 1 1 1 0 1 1 0 0 1 1 1 1 1 1 0 0 1 1 0 0 1
0 0 0 1 1 0 1 1 0 0 0 1 0 0 0 0 0 0 0 0 0 1 1 0 1 0 0 1 0
1 1 0 0 1 1 1 0 1 1 1 1 0 1 0 0 0 0 0 0 0 1 0 0 0 0 1 0 0
0 0 0 1 1 0 1 0 1 0 0 1 0 0 0 0 1 0 1 0 0 0 0 1 0 1 1 0 1
1 1 1 1 0 0 0 0 1 0 0 0 1 0 1 1 0 1 1 0 0 0 0 0 0 1 0 1 0
1 0 0 1 1 0 0 1 0 0 0 1 1 1 1 1 0 1 0 1 0 1 0 1 0 0 1 0 1
1 0 1 1 0 0 1 1 0 1 0 1 1 1 1 1 0 1 0 0 0 0 1 1 1 0 0 0 1
1 0 0 1 0 1 0 1 1 1 0 0 0 0 1 1 0 1 1 0 1 1 1 1 0 1 0 0 0
0 0 1 1 0 0 0 0 1 0 1 1 0 1 0 1 0 1 0 1 1 1 1 1 0 1 0 1 0
1 1 0 0 1 0 0 0 1 0 1 0 0 0 1 0 1 0 1 0 1 0 0 1 1 1 1 1 1
0 0 0 1 1 1 1 0 0 1 1 1 1 1 1 1 0 0 1 0 1 1 1 1 1 0 0 0 0
0 0 1 1 0 1 1 1 0 1 0 1 1 0 1 0 1 1 1 0 1 1 0 0 1 0 1 0 1
0 1 0 1 0 1 1 1 0 1 1 0 1 1 0 1 1 1 0 0 0 1 0 0 0 0 1 1 1
1 1 1 0 1 1 1 0 0 1 0 1 1 0 1 0 0 1 0 0 1 0 1 1 0 0 0 1 1
1 0 0 1 1 1 0 1 1 0 0 0 1 1 0 1 1 1 1 0 0 1 1 0 0 1 1 1 1
1 0 1 1 0 0 0 1 0 0 1 0 0 0 1 1 0 1 0 0 1 0 0 1 0 0 1 1 1
1 1 1 0 1 1 1 0 0 1 1 0 1 0 0 1 0 0 1 0 0 0 1 1 1 0 1 1 0
0 1 1 0 1 1 0 1 0 0 1 0 0 1 1 1 0 1 0 1 0 1 0 1 0 1 0 1 0
1 1 0 1 1 0 1 0 0 1 1 0 0 0 1 0 1 1 1 1 0 1 0 0 0 0 0 1 1
0 0 1 0 0 1 1 1 0 1 0 0 0 0 0 0 1 0 1 1 1 1 1 1 1 0 0 0 0
0 0 0 1 0 1 1 0 1 0 0 0 1 0 0 0 1 0 0 1 0 0 1 1 1 0 0 1 1
0 1 0 0 1 1 0 0 1 0 0 0 0 0 0 1 0 1 1 1 0 1 0 1 1 0 1 0 0
0 0 0 0 0 1 0 0 0 1 0 1 1 0 1 0 1 1 0 1 0 1 0 1 1 0 0 1 0
0 1 0 1 0 1 1 0 1 1 0 0 0 0 1 1 1 0 0 0 0 1 0 1 0 0 0 0 0
0 1 1 0 0 1 0 0 0 1 0 0 0 0 0 0 1 0 0 0 0 0 1 0 1 1 1 0 1
1 0 0 0 0 0 1 1 1 1 1 1 0 0 0 1 1 0 0 0 0 0 0 0 1 1 1 1 0
0 1 0 0 0 1 0 1 1 1 0 1 0 1 1 0 1 1 0 0 0 0 0 0 1 1 0 1 1
1 0 0 0 1 0 1 0 0 1 1 0 1 0 1 0 1 1 1 1 0 1 1 0 1 1 1 1 0
0 0 0 0 1 0 0 0 1 0 0 0 1 0 1 1 0 1 0 1 1 1 0 1 1 0 0 0 0
0 1 1 1 0 0 1 0 0 1 1 0 0 1 1 0 0 0 1 0 0 0 1 0 0 1 1 1 0
1 0 0 0 0 0 0 0 1 0 0 1 0 1 1 0 0 0 1 0 1 0 0 1 0 0 0 1 0
1 1 1 0 0 0 0 0 1 1 0 0 1 1 0 0 1 0 1 0 0 1 0 0 1 0 1 1 0
0 1 0 1 1 1 0 0 1 1 0 0 0 0 1 0 0 1 0 0 1 1 1 1 1 1 1 0 1
0 1 1 0 1 0 0 1 1 1 1 0 0 1 1 1 0 1 1 0 1 0 1 0 1 0 1 1 0
1 1 0 0 1 1 1 0 1 1 1 0 1 1 1 1 1 0 0 0 0 0 0 1 1 1 1 0 1
1 0 0 0 0 1 0 0 0 0 1 1 0 0 1 1 1 0 1 0 0 0 1 0 1 1 0 0 0
0 1 1 1 0 1 0 0 1 1 0 1 0 1 0 1 1 1 1 0 1 1 0 0 1 1 1 0 0
1 0 1 0 0 1 0 0 1 0 0 1 1 1 0 0 1 0 0 1 0 1 1 1 1 0 0 0 0
0 1 0 1 1 1 1 1 1 0 1 1 0 1 1 1 1 0 0 1 0 0 1 0 0 0 0 0 0
1 0 1 0 1 1 0 0 1 1 0 1 0 1 0 1 0 0 1 0 0 0 1 0 0 0 0 0 0
1 0 0 1 1 1 0 1 0 0 1 0 1 0 1 0 0 1 1 0 0 1 0 1 0 1 1 1 0
1 0 1 0 0 0 1 1 1 0 0 1 0 1 0 1 1 0 0 0 0 1 1 1 0 0 0 1 0
1 1 0 0 0 0 0 0 1 1 0 0 0 1 1 0 1 1 0 1 1 1 0 0 0 1 0 0 1
0 1 1 0 0 1 1 1 0 1 0 0 0 0 0 0 0 1 1 1 0 1 0 0 1 1 0 0 0
0 0 1 0 1 0 1 0 1 1 1 0 1 0 1 1 0 0 1 1 1 0 1 1 1 0 0 0 0
1 1 0 0 0 1 0 0 1 0 1 1 1 1 0 1 0 0 0 1 0 1 0 0 1 0 1 0 1
C Elapsed Time 42.820000 
