375 25 2^25 6
1 0 0 0 1 1 0 1 1 1 1 0 0 1 1 1 1 1 1 1 1 0 1 0 1
1 0 1 1 1 0 1 1 1 0 1 0 1 1 1 1 1 0 0 1 1 0 1 1 1
0 0 1 1 1 0 1 1 1 0 0 1 0 1 0 0 0 1 0 0 1 0 1 1 1
0 1 1 0 0 0 0 0 1 1 0 1 1 0 0 0 0 0 1 1 1 1 1 0 1
1 1 0 0 1 1 0 1 0 0 0 0 1 1 0 1 1 0 0 0 1 1 1 1 1
1 1 1 1 1 1 1 1 1 1 1 0 0 1 1 1 0 0 0 0 0 1 0 1 0
0 0 0 1 0 1 0 0 0 1 1 0 1 0 1 1 1 0 1 0 0 0 1 0 0
1 1 0 0 0 0 1 1 1 1 1 1 0 1 1 0 0 1 0 1 1 1 0 1 1
0 1 1 0 1 1 1 1 0 1 1 0 1 1 1 0 1 1 0 1 0 0 0 1 1
1 0 1 1 0 0 0 0 1 1 0 1 0 0 0 0 0 1 1 0 0 0 1 0 0
1 1 1 1 0 1 1 0 0 1 0 0 0 0 1 0 1 0 1 0 0 0 0 0 0
1 0 0 0 1 0 1 1 0 1 1 1 1 1 1 1 0 0 0 0 1 0 0 1 0
0 1 1 0 1 1 1 0 0 0 0 0 0 1 1 0 0 1 1 0 1 1 1 1 0
1 0 1 1 1 0 1 0 0 1 1 0 0 0 1 1 0 1 0 0 0 1 1 0 1
1 0 0 0 0 0 0 0 1 1 1 0 1 1 0 1 0 0 0 0 1 1 1 0 0
1 1 1 0 0 1 0 0 1 0 0 0 0 1 0 0 1 1 1 1 0 1 0 1 0
0 0 0 1 1 1 0 1 1 1 1 0 0 1 0 0 1 0 1 1 1 0 0 1 0
0 1 0 0 0 1 1 0 1 0 0 1 1 0 0 0 0 1 1 0 1 0 1 0 1
1 0 0 0 1 0 1 0 1 0 0 1 0 1 0 1 1 1 0 0 1 0 0 0 0
1 1 0 1 0 1 1 0 1 0 1 0 1 1 0 1 1 0 1 0 1 0 0 1 0
0 0 0 0 1 1 0 1 1 0 1 0 1 0 0 0 0 1 0 0 1 0 0 1 1
0 1 1 0 1 0 1 1 1 1 1 0 0 1 0 1 0 0 1 0 0 0 1 0 1
0 0 1 0 1 0 1 1 1 0 1 1 1 0 0 1 1 1 0 1 1 0 0 0 1
1 1 1 0 0 0 0 0 0 0 0 0 1 1 1 1 1 1 0 1 1 1 1 1 0
0 0 0 0 1 0 0 0 0 1 1 1 0 1 1 0 0 1 0 1 1 0 1 1 0
1 0 0 1 0 0 1 1 1 0 1 1 0 0 1 1 0 0 0 1 1 0 0 0 1
0 1 0 1 1 1 0 1 1 0 0 0 0 0 0 0 1 0 0 1 0 0 0 0 1
0 1 0 1 0 0 1 0 0 1 1 1 0 1 1 1 1 1 1 1 1 1 1 0 1
1 0 0 1 0 0 1 0 0 0 0 1 0 0 1 1 1 0 0 0 0 1 1 1 0
1 1 1 1 0 0 1 0 0 1 0 1 0 0 1 0 1 0 1 0 0 1 1 1 1
1 1 1 0 1 0 1 0 0 0 1 1 0 0 0 0 0 1 0 0 0 1 0 1 1
0 0 0 1 1 1 0 0 1 1 1 0 1 0 1 1 0 0 1 0 1 1 1 1 1
1 1 1 0 0 1 1 1 1 1 0 1 0 1 0 1 0 1 0 1 0 1 0 0 1
0 0 1 1 0 1 1 0 1 1 1 1 0 0 0 0 0 0 0 0 1 1 0 0 0
0 1 1 0 0 1 1 1 1 0 0 0 0 0 0 0 1 1 0 0 0 1 1 0 0
0 1 0 1 1 1 1 1 0 0 0 1 0 1 1 1 0 0 1 1 1 1 0 1 1
1 1 0 1 0 1 1 0 0 1 0 1 1 0 0 1 1 0 0 0 0 0 0 1 1
0 0 1 0 1 0 0 1 0 1 0 1 1 1 1 1 0 1 1 0 0 1 1 1 1
1 0 1 0 1 1 1 0 1 1 0 0 1 1 1 0 0 1 0 1 0 0 0 0 1
1 1 0 1 1 0 1 0 1 1 0 0 0 1 0 1 0 1 0 1 1 0 1 0 0
0 0 0 1 1 1 0 1 0 0 1 0 0 0 0 0 1 0 1 0 0 1 1 1 0
0 1 0 0 1 0 1 1 1 0 1 0 0 1 1 0 1 1 0 0 1 1 0 0 0
0 1 1 1 0 0 1 0 1 0 0 0 1 1 1 0 1 0 0 1 0 1 1 0 0
1 1 0 1 0 1 0 1 0 0 1 0 1 1 1 0 1 1 0 0 0 0 1 1 1
0 1 0 1 0 0 1 0 1 1 1 0 1 0 1 0 0 1 0 0 0 0 0 0 1
0 1 0 1 1 0 0 1 1 1 1 1 1 0 0 1 1 1 1 1 1 1 1 0 0
1 1 0 1 1 0 1 1 0 0 0 0 1 0 0 0 1 1 0 1 0 0 0 1 0
1 0 0 1 1 1 0 0 0 0 1 0 1 1 0 0 0 0 0 1 0 0 0 0 0
1 1 1 0 1 1 0 0 0 1 0 1 0 0 1 1 1 1 1 1 1 0 0 0 0
0 1 1 1 1 0 1 1 0 1 0 0 0 0 1 0 0 0 1 1 0 0 0 0 1
0 0 0 0 1 1 1 1 0 0 0 0 1 1 0 1 1 1 1 0 0 0 1 1 0
1 1 0 1 0 1 0 1 1 1 0 1 0 1 0 1 1 1 1 1 0 0 0 1 0
0 1 1 0 0 0 1 1 1 1 0 1 1 1 1 1 1 1 0 0 0 0 1 0 0
0 0 0 0 0 0 0 1 1 0 1 0 1 0 0 1 1 1 0 1 0 0 1 1 0
1 1 1 0 0 1 0 1 1 1 0 0 1 0 0 1 1 0 1 0 0 0 1 1 1
0 1 1 1 1 0 0 1 0 0 1 1 1 0 1 0 0 0 0 0 0 1 0 1 1
1 0 0 0 0 1 0 0 1 1 0 0 0 1 0 0 1 0 0 0 0 0 1 1 0
1 1 0 0 0 1 1 1 1 0 0 0 1 0 1 1 1 0 1 1 0 0 0 0 1
1 1 0 0 0 0 0 1 0 1 1 0 0 0 0 1 1 1 0 0 1 1 0 0 1
0 0 0 0 0 1 1 0 1 1 0 1 0 1 1 1 1 0 1 0 0 1 0 0 0
0 0 0 1 1 0 0 0 0 0 0 0 1 1 1 0 1 0 0 0 1 1 0 0 1
1 0 1 1 1 0 0 1 1 1 1 1 0 0 0 1 1 0 0 0 0 0 1 1 1
1 0 0 0 1 0 0 1 1 0 1 0 1 1 1 1 0 1 1 0 0 1 0 0 0
0 1 0 0 1 0 1 0 0 0 0 1 1 1 0 0 1 1 1 1 1 1 0 1 0
1 0 1 0 0 0 1 1 0 1 0 0 1 1 1 0 0 1 1 1 0 1 0 0 0
0 1 1 1 1 0 1 1 1 0 0 1 1 1 0 1 0 0 0 1 1 1 1 1 0
0 1 1 1 0 1 0 0 1 1 0 1 1 1 1 0 1 0 1 0 1 0 0 1 1
1 0 1 1 0 1 0 1 0 1 0 1 0 1 1 0 1 1 0 0 1 0 0 1 0
0 1 1 1 1 1 0 1 1 0 0 0 0 1 1 1 1 1 0 0 1 0 1 1 0
0 1 0 0 0 0 0 0 0 1 0 0 0 1 1 1 1 0 1 1 1 0 1 1 0
1 0 0 1 1 0 1 0 1 1 0 1 0 1 0 0 1 0 1 0 0 0 0 1 1
0 1 0 1 0 0 1 1 0 0 0 1 1 0 1 0 1 1 1 0 1 1 1 0 0
0 1 0 0 1 1 0 1 1 1 0 0 1 0 1 0 0 0 0 1 1 0 1 0 0
0 0 1 0 1 0 0 0 1 0 1 0 0 1 0 1 0 1 0 1 0 1 0 1 0
0 1 1 1 1 0 0 0 1 1 0 0 0 0 0 0 1 0 0 0 1 0 0 0 0
1 1 1 1 0 1 0 0 1 1 1 0 0 1 0 1 1 0 0 1 1 0 1 0 1
0 0 1 0 1 1 1 1 1 0 1 1 0 0 1 1 0 1 1 1 1 1 1 0 1
1 1 0 0 0 1 1 0 0 1 1 1 0 1 1 0 1 1 1 0 0 1 1 0 0
1 1 1 0 1 0 0 0 0 1 1 0 1 1 1 0 1 1 1 0 1 0 1 0 0
0 1 1 0 0 1 0 0 0 0 1 0 0 0 1 0 0 0 0 1 1 0 0 1 1
1 1 1 0 0 0 1 0 1 0 0 1 0 1 1 0 0 0 0 1 1 0 0 0 1
0 0 1 0 1 1 0 0 1 1 1 1 1 1 1 0 0 0 1 1 0 1 1 1 0
1 0 1 1 0 0 0 0 0 0 1 0 1 0 0 0 1 1 1 0 0 0 1 1 0
1 0 1 1 1 1 0 0 0 0 1 1 0 1 0 0 1 0 0 1 1 1 0 0 0
1 0 0 1 1 1 1 1 1 1 1 0 0 0 0 0 0 0 0 1 0 1 1 1 1
1 0 0 0 1 0 0 0 0 1 0 0 1 0 0 1 1 0 1 1 0 1 0 0 0
1 1 0 1 0 0 0 0 0 1 1 1 1 1 1 0 0 1 1 1 1 1 0 0 1
0 1 0 0 1 1 0 0 0 0 1 0 1 0 1 0 1 1 1 1 0 1 1 0 1
0 0 0 1 1 0 1 1 0 1 0 0 0 0 1 1 1 1 0 0 0 1 0 0 0
1 0 1 1 1 0 1 0 1 0 0 0 0 0 0 1 1 0 1 0 1 1 1 0 1
1 0 0 1 0 1 0 1 0 1 1 0 0 1 0 0 0 1 0 1 0 0 0 0 1
0 1 1 1 0 1 0 0 0 1 0 0 0 1 1 1 0 1 0 1 0 1 0 1 0
1 0 0 0 0 0 1 0 1 1 1 0 1 0 0 0 1 0 1 1 1 0 1 0 1
0 0 1 1 0 1 0 1 1 0 1 1 0 1 1 0 1 0 1 1 0 1 1 1 1
0 1 1 0 1 0 0 0 1 1 1 0 1 1 0 0 1 0 1 1 1 0 0 1 1
1 1 1 1 0 0 1 0 1 0 1 1 1 0 0 1 1 1 1 1 0 1 0 0 1
1 1 1 0 0 0 0 1 1 0 1 1 0 1 0 0 1 1 0 1 1 0 0 1 0
0 0 0 1 0 1 1 0 0 1 1 1 0 0 0 1 0 1 1 1 0 1 0 1 1
0 1 0 0 0 1 0 1 1 0 0 1 1 1 1 1 0 1 0 1 1 0 0 0 1
0 1 1 0 0 0 1 1 0 1 0 1 0 0 1 0 1 1 0 1 1 0 1 1 1
0 0 0 0 0 1 1 0 1 0 1 0 0 1 1 1 0 0 0 1 0 1 1 0 1
1 1 0 0 1 1 0 1 1 0 0 0 0 1 1 0 0 0 1 0 1 1 0 1 1
1 0 0 0 0 1 1 0 0 0 1 0 1 1 1 1 1 1 0 1 1 0 0 0 0
1 0 1 0 1 0 0 1 0 0 0 0 0 0 1 0 1 0 0 1 1 1 1 0 0
0 0 0 1 0 0 0 0 1 0 1 0 0 1 0 0 0 0 1 1 1 0 1 1 0
1 1 0 0 1 0 1 0 0 0 0 0 0 1 1 0 1 0 0 1 0 0 1 0 1
1 1 0 1 1 1 0 0 1 0 0 1 0 0 0 0 0 1 0 1 1 0 1 1 1
0 1 0 1 0 1 1 1 0 0 0 0 0 1 1 0 0 0 0 0 0 0 0 0 0
0 0 0 1 1 0 1 1 1 1 1 1 0 1 1 0 1 1 0 1 0 0 1 0 0
1 1 0 1 1 0 0 1 0 1 0 1 0 1 1 0 1 0 0 1 1 1 1 1 1
1 0 0 1 1 1 1 1 1 0 0 0 1 0 0 1 0 1 0 1 1 1 1 0 1
1 0 1 1 1 0 0 0 1 1 0 1 1 0 1 1 0 1 0 1 1 0 0 1 1
1 1 0 0 0 0 0 1 1 1 1 0 0 0 1 0 0 0 1 1 0 1 0 1 0
1 0 0 1 0 1 1 0 1 0 0 1 0 0 1 0 1 1 1 1 1 0 0 0 1
0 0 0 0 0 0 0 1 0 0 0 1 1 1 1 0 1 1 0 1 0 1 0 1 1
1 1 1 0 1 1 0 1 1 0 1 0 1 0 0 1 0 0 0 0 0 0 0 0 0
0 0 1 0 1 0 0 1 1 0 0 0 0 0 1 0 1 1 1 0 0 0 0 1 1
0 0 0 0 0 0 1 1 1 1 0 0 1 1 0 1 0 0 0 1 0 0 0 1 1
0 1 1 0 1 0 1 0 0 1 1 1 1 1 1 1 1 0 0 1 0 1 0 0 1
0 1 0 1 1 0 0 1 0 0 1 0 1 1 0 1 0 1 1 1 0 0 1 0 1
0 0 0 0 0 0 1 0 1 0 1 1 0 1 1 0 1 1 1 0 0 0 1 1 1
1 0 0 0 0 1 1 1 0 1 1 1 1 1 1 0 1 0 0 0 0 1 0 1 1
1 1 1 1 1 0 0 0 0 0 0 1 1 1 0 1 1 1 0 0 0 0 0 0 0
1 1 0 1 0 1 0 0 1 1 1 1 1 0 1 0 1 0 0 1 0 1 1 0 0
1 1 1 0 1 0 1 1 1 1 0 1 0 0 0 0 1 0 1 0 1 1 1 1 0
0 0 1 1 0 1 1 0 0 0 1 1 1 1 1 0 0 1 0 1 0 0 0 0 0
0 0 1 0 1 1 1 0 0 1 0 0 0 1 1 0 1 0 1 1 1 1 1 1 1
0 0 1 1 0 0 0 0 1 0 0 0 0 1 0 1 0 0 0 0 0 1 0 1 1
0 0 1 0 1 0 0 0 1 0 0 1 1 1 1 1 1 0 1 1 0 0 1 0 0
1 1 0 1 0 0 0 1 0 0 0 1 0 0 0 0 0 0 1 0 0 1 0 0 1
1 1 1 0 0 1 1 0 0 0 1 0 1 0 0 0 0 1 0 1 1 1 1 1 1
1 1 0 0 0 0 0 0 1 0 0 0 0 1 1 0 0 1 1 1 1 0 1 0 1
0 0 1 1 0 0 0 1 1 1 1 0 0 1 1 0 0 1 0 0 1 1 1 0 0
0 0 1 0 0 1 0 1 1 1 0 0 0 0 0 1 0 1 1 1 1 0 0 0 0
1 1 0 0 1 0 1 0 1 1 1 1 1 0 1 1 1 1 0 0 1 1 1 1 1
0 1 0 0 0 1 0 0 0 1 1 0 1 1 0 1 0 0 1 0 0 0 0 0 0
0 0 0 0 0 0 1 1 0 1 1 1 0 1 0 1 0 1 0 0 0 1 1 1 0
0 0 0 1 0 0 1 1 1 1 0 1 1 0 0 0 1 1 1 0 1 1 0 1 1
0 0 0 1 0 1 1 0 1 1 0 0 0 1 1 1 0 1 0 0 1 0 1 1 1
0 0 0 0 0 0 1 0 0 0 0 0 0 0 0 0 0 1 0 1 1 1 1 0 0
0 0 1 0 1 1 0 1 0 0 1 0 0 1 0 1 0 0 0 0 1 0 1 0 1
1 1 1 1 0 1 0 1 0 0 0 1 0 0 0 0 1 0 1 1 1 0 1 0 0
1 0 1 1 0 1 0 1 0 0 1 0 0 1 0 1 0 1 1 0 1 1 1 0 0
1 0 0 0 1 1 0 1 1 0 1 1 1 1 0 0 0 0 0 0 1 1 1 0 0
1 1 0 0 1 0 0 1 0 1 0 0 0 1 1 1 0 0 0 0 0 0 0 1 1
1 0 1 1 0 0 1 1 0 0 1 1 1 1 0 1 1 0 1 1 0 0 0 1 1
1 1 1 1 0 1 1 1 1 1 1 1 1 0 0 1 0 0 0 0 1 0 1 0 0
0 0 1 1 0 0 1 0 0 1 0 0 1 1 0 1 1 1 1 1 1 0 0 0 1
0 1 0 1 1 1 1 0 0 1 0 1 1 1 1 0 0 0 1 1 0 0 1 1 1
1 1 0 0 1 1 1 1 1 0 1 1 0 1 0 1 1 0 1 1 0 1 1 0 0
1 0 1 0 0 0 0 0 0 1 0 1 0 1 0 0 1 0 0 0 0 1 0 0 0
0 1 0 0 1 1 1 0 1 1 1 0 0 0 0 1 1 1 1 0 0 0 0 0 1
0 0 0 0 1 1 0 1 0 1 1 1 1 0 0 1 0 1 0 1 0 1 0 0 1
0 1 0 0 1 0 1 0 1 0 0 1 0 0 0 1 0 0 1 0 0 0 0 1 0
0 0 1 1 0 1 1 1 1 0 0 0 1 0 1 0 0 0 0 0 0 0 1 1 0
1 0 1 0 0 0 1 0 1 1 1 0 0 0 1 1 1 1 1 1 0 1 1 1 0
0 0 1 0 1 1 1 0 0 0 0 1 1 0 0 0 0 0 1 0 0 1 0 0 1
1 0 0 0 0 1 0 0 0 0 1 1 1 0 0 1 0 0 1 1 1 1 1 1 1
1 1 1 0 0 0 0 1 0 0 1 1 0 1 1 1 1 0 1 0 0 0 1 1 0
1 1 0 0 1 1 0 0 1 0 1 1 1 1 1 1 1 0 0 1 0 0 0 1 1
0 1 1 1 1 1 1 0 1 1 0 1 1 0 0 1 1 1 1 1 0 0 1 1 0
0 0 1 0 0 0 1 0 0 0 1 1 1 1 1 0 0 0 1 0 1 1 0 1 0
0 0 1 1 1 1 0 1 1 0 0 1 0 0 1 0 0 1 0 1 1 1 0 1 0
0 1 0 1 1 1 0 1 0 1 1 1 1 1 0 1 1 0 0 0 1 1 0 1 0
1 1 0 0 0 0 0 0 0 0 0 1 1 0 1 0 0 0 0 0 1 0 1 1 0
1 0 0 0 0 1 0 0 1 0 1 1 0 0 1 1 0 1 0 0 0 0 0 0 0
1 1 0 1 1 1 1 0 1 0 0 1 0 0 1 0 1 0 0 0 1 1 0 1 0
0 0 0 0 1 1 0 1 0 0 0 1 0 0 1 0 0 1 1 0 0 0 1 0 0
1 0 1 0 1 1 1 1 0 0 0 1 0 0 1 1 0 1 0 1 0 0 1 1 1
0 1 0 0 1 1 1 0 0 1 1 0 0 0 0 1 0 0 0 1 1 1 1 1 0
0 1 1 0 0 0 0 0 0 1 1 0 1 0 0 1 0 1 0 1 0 0 1 0 0
1 0 0 0 1 0 0 0 0 0 1 1 0 0 0 0 1 1 1 1 0 0 0 0 1
0 0 1 1 0 1 0 1 1 0 1 1 1 1 0 1 1 1 1 0 0 0 0 0 1
1 1 0 0 0 0 1 0 1 0 1 0 1 1 0 1 0 0 1 0 0 1 1 1 1
0 1 0 1 0 0 1 0 1 1 0 0 0 0 0 0 1 1 0 1 0 1 0 1 1
0 0 0 1 1 0 1 0 0 0 1 1 1 0 0 1 1 0 0 0 0 0 1 0 1
1 0 1 1 1 1 1 0 0 1 1 0 1 1 0 1 1 1 0 0 0 1 1 0 0
1 1 0 1 1 1 0 0 0 0 0 1 1 1 1 1 0 1 1 0 0 1 1 1 0
1 0 1 1 0 0 1 1 1 1 0 0 0 1 1 1 0 0 1 0 0 0 1 0 1
1 1 1 1 0 0 0 1 1 1 0 0 1 0 1 1 1 0 0 1 1 1 0 1 0
1 1 0 1 0 0 1 1 0 0 0 0 1 1 0 0 1 0 1 0 1 0 1 1 1
1 0 1 0 0 1 1 0 0 1 0 1 1 1 0 1 0 0 1 1 0 0 1 0 1
0 1 0 0 1 0 0 0 0 0 1 1 0 0 0 1 1 1 1 0 1 0 1 1 1
1 0 0 1 0 1 1 0 0 0 1 0 0 1 0 0 1 1 0 0 1 1 0 1 1
0 0 1 1 0 0 0 0 0 0 0 1 0 0 1 1 1 1 0 1 0 0 1 0 1
1 1 0 0 1 1 1 1 1 1 0 1 1 0 1 0 0 1 1 0 0 1 0 1 0
1 0 0 1 1 1 1 0 0 0 1 0 0 1 1 1 0 1 1 0 0 0 0 1 1
1 1 1 1 0 1 1 0 0 0 1 1 0 0 1 1 0 1 1 0 1 0 1 0 1
1 0 0 1 0 1 1 0 1 0 0 1 1 1 0 0 0 1 0 1 0 1 1 1 0
0 1 1 1 0 1 1 0 0 0 1 0 0 1 0 0 1 0 1 1 0 0 0 0 1
1 0 1 0 1 1 0 0 1 1 1 1 1 1 0 0 0 1 1 0 1 1 0 1 1
0 0 0 1 1 1 0 0 0 1 0 1 0 1 0 1 0 1 1 0 0 1 1 0 1
1 1 0 1 1 0 1 1 1 0 1 0 0 0 1 0 0 1 1 0 0 0 1 0 0
0 1 1 1 1 1 0 1 0 1 1 1 0 0 1 0 1 1 1 0 0 1 0 0 0
0 1 0 1 1 1 1 1 0 0 0 1 0 0 0 1 1 1 0 1 1 0 0 0 0
1 1 1 1 1 0 0 1 1 0 0 0 1 0 0 0 0 1 1 1 0 1 1 1 1
1 0 0 0 1 0 0 1 0 1 0 1 0 0 0 1 0 1 1 1 1 1 0 1 0
0 0 0 0 1 1 0 0 1 1 0 1 0 1 0 0 1 1 0 1 1 1 0 0 1
0 0 1 1 1 1 0 1 0 1 1 1 1 0 1 0 0 0 1 1 1 0 0 0 1
0 1 1 1 0 1 1 1 0 1 1 0 1 0 1 1 0 1 1 0 0 1 1 0 1
0 1 1 1 1 0 1 0 1 1 1 1 0 1 1 1 0 1 1 0 1 0 0 1 0
1 0 0 1 0 0 0 0 1 1 1 0 1 1 1 1 1 1 1 1 0 1 0 1 1
1 1 0 1 1 0 0 0 0 0 1 0 0 0 1 1 1 0 1 1 1 0 0 1 0
0 0 0 0 0 0 0 1 0 1 1 1 0 1 0 0 1 0 1 0 1 0 0 0 1
1 1 1 1 0 0 1 0 0 1 1 0 0 1 0 1 0 0 1 1 1 1 0 1 0
0 1 0 0 1 0 0 0 1 1 0 0 1 1 0 0 0 1 0 0 0 1 1 1 0
1 1 0 1 1 1 1 0 1 1 0 0 1 1 1 1 1 0 1 1 1 1 0 0 1
1 1 1 0 1 1 0 0 1 1 0 1 0 0 1 1 0 0 0 0 0 1 1 0 1
0 0 1 0 1 1 1 1 0 1 0 1 0 1 0 1 1 0 0 1 0 0 0 1 0
1 0 1 0 0 1 0 1 1 1 1 1 1 0 1 0 0 1 1 1 0 0 1 0 1
1 0 1 1 1 1 0 0 1 0 0 0 0 0 0 1 0 0 1 1 0 0 1 1 0
1 0 1 0 0 1 0 0 1 0 0 0 1 0 1 0 1 1 0 0 0 1 1 0 1
0 0 1 0 1 1 1 0 1 1 1 0 0 0 1 0 1 0 0 0 0 0 1 1 0
0 1 0 0 1 0 0 1 1 0 0 1 0 0 0 1 1 0 1 1 0 1 1 1 1
1 1 0 1 0 0 0 1 0 0 1 0 0 0 1 1 0 1 0 1 0 1 1 1 0
0 1 0 1 0 1 1 1 1 1 0 0 0 1 0 0 0 1 1 1 1 1 1 0 1
1 1 1 1 1 1 0 1 0 1 0 0 0 0 0 1 0 1 1 0 1 0 0 1 1
0 1 0 1 0 1 0 1 1 1 1 1 0 0 1 1 0 0 1 0 0 0 1 1 1
0 0 0 0 1 1 0 0 0 1 0 0 1 0 1 0 1 1 0 0 1 0 1 0 1
0 0 1 1 0 0 0 1 0 0 1 0 1 0 1 0 1 1 1 1 1 1 0 1 0
0 0 1 0 0 0 0 1 0 1 1 0 1 1 0 0 1 0 0 1 0 1 1 0 1
1 0 0 1 0 1 0 1 1 0 0 1 1 0 1 1 1 0 1 0 1 0 1 0 1
0 1 0 1 0 0 0 0 1 0 0 0 0 0 0 1 1 1 1 0 0 1 1 0 0
1 0 1 0 0 0 1 0 0 1 0 0 0 0 1 1 0 0 0 0 1 0 0 0 0
1 0 0 1 1 1 1 1 0 1 1 1 1 0 0 0 1 1 1 1 1 0 1 1 0
1 0 1 0 0 1 1 1 0 0 0 0 0 0 0 1 1 0 1 1 1 1 0 1 1
1 1 1 0 1 1 1 1 0 0 1 1 1 1 1 0 1 0 1 0 1 0 0 0 1
1 0 0 1 1 1 1 1 0 1 0 1 0 0 1 0 0 0 0 0 1 0 0 0 1
1 0 1 1 0 0 0 0 0 0 1 1 0 1 1 0 0 0 0 0 0 0 1 1 1
0 1 1 0 0 1 0 0 0 0 0 1 0 1 0 0 0 1 1 0 0 0 0 1 1
1 1 1 1 1 0 0 0 0 1 0 0 0 0 0 1 1 1 0 1 0 1 1 1 1
1 0 1 1 0 1 0 1 0 0 0 1 1 1 1 1 0 0 0 1 1 1 1 0 1
1 0 0 1 0 1 0 0 0 1 0 0 0 0 1 0 0 1 1 0 1 1 0 1 0
0 1 0 0 0 1 1 1 0 0 1 1 1 0 0 0 0 0 1 1 1 1 0 0 0
0 1 1 1 0 0 1 1 1 0 1 0 0 0 0 1 1 0 0 0 1 1 1 1 1
1 1 0 1 0 0 0 0 0 0 0 0 1 0 0 1 0 0 0 0 1 0 1 0 1
1 1 1 0 1 0 1 1 0 0 0 0 0 1 0 1 1 1 1 0 0 1 1 0 1
0 1 1 1 0 0 1 1 0 1 0 1 0 1 0 0 0 0 1 1 0 1 1 0 0
1 0 1 0 0 1 1 0 1 1 0 1 1 0 0 0 1 0 0 1 1 0 0 1 0
1 1 0 0 0 1 1 1 1 0 1 0 0 1 0 0 0 1 1 1 0 0 1 1 1
1 1 0 1 1 0 0 1 1 1 0 1 1 1 1 0 1 1 0 0 0 0 1 0 1
0 0 0 1 1 1 1 0 1 0 0 0 1 0 1 1 0 0 1 1 0 1 0 0 0
0 0 1 0 1 0 1 1 1 1 1 0 1 0 0 1 1 0 1 0 0 1 0 1 0
1 0 1 0 0 1 0 1 0 1 1 1 0 0 1 1 1 0 0 0 1 1 1 1 0
0 0 1 1 0 0 0 1 0 1 1 1 0 0 1 1 0 0 1 1 0 0 0 1 0
1 1 1 1 1 1 0 0 1 0 1 0 1 0 0 0 0 1 1 1 1 1 0 0 0
0 0 0 0 1 1 1 1 0 0 1 1 0 0 1 1 1 0 1 0 1 0 0 1 1
0 1 0 1 1 0 0 1 1 1 0 1 1 1 1 0 1 0 1 1 0 0 0 0 0
0 1 1 0 0 1 1 1 1 1 1 0 1 1 1 1 0 0 1 0 1 1 0 1 0
0 1 1 1 0 1 0 0 0 1 1 1 1 0 0 0 1 1 0 0 1 1 1 1 1
1 0 1 0 0 0 1 0 0 1 1 1 1 0 1 1 1 1 1 0 0 0 0 1 1
0 0 1 1 0 1 0 0 0 1 0 0 1 0 0 0 0 0 0 1 0 1 0 1 1
0 1 1 0 1 1 1 1 1 0 0 1 1 1 0 0 1 0 0 0 0 1 0 1 1
1 0 0 1 0 0 1 1 1 0 0 1 1 1 0 1 0 0 1 0 0 1 0 0 0
1 0 0 0 1 0 1 0 1 0 1 0 1 0 1 0 0 0 0 1 1 1 0 1 0
0 0 0 1 1 1 1 0 1 0 1 1 1 0 1 1 1 1 0 0 0 1 0 1 0
1 0 1 1 0 0 1 1 1 0 1 0 0 0 0 0 1 0 0 0 0 0 0 0 0
0 1 1 0 1 0 1 1 1 0 1 1 1 0 1 0 1 0 1 1 0 0 1 1 0
0 1 1 0 1 0 0 1 0 0 0 0 1 1 0 0 0 0 0 1 1 0 0 0 0
0 1 0 0 1 0 0 1 0 0 1 1 0 0 1 1 1 0 0 1 0 1 0 0 0
0 0 0 1 0 0 0 1 0 0 0 0 0 0 0 1 0 0 1 1 1 0 1 0 1
0 1 0 1 0 1 0 0 1 0 0 0 1 1 0 0 0 0 0 0 1 1 0 0 0
0 1 1 0 0 1 0 0 0 0 1 1 0 0 0 1 1 1 1 0 0 1 0 1 0
1 0 1 0 0 0 1 1 1 0 0 1 1 1 0 0 0 1 1 0 1 0 1 1 0
1 0 1 1 0 1 1 1 0 1 0 1 0 0 0 0 1 1 0 1 0 1 1 0 1
0 0 1 1 1 0 0 0 0 1 1 0 0 1 1 0 0 0 1 0 0 1 0 0 1
0 0 1 1 1 0 1 0 0 1 1 1 0 1 0 0 1 0 0 1 1 1 1 1 1
0 0 1 1 1 1 1 0 0 1 0 1 1 0 0 1 0 0 1 0 1 1 1 0 0
0 0 0 0 1 0 1 0 0 1 0 0 1 0 1 0 0 1 1 0 0 0 0 1 0
1 1 1 0 0 1 0 1 1 0 1 0 1 1 0 0 0 0 1 1 0 1 0 0 1
0 1 0 1 0 1 0 1 1 1 1 1 1 1 0 0 0 1 1 0 0 0 0 1 0
1 0 0 1 0 1 0 1 0 1 0 0 1 1 1 1 1 1 1 1 0 1 1 0 0
0 0 1 1 1 0 1 0 0 0 0 0 1 0 1 0 0 1 1 1 1 0 1 1 1
1 1 0 0 1 1 1 1 0 1 0 0 1 0 0 0 1 1 0 0 1 1 0 0 0
1 1 1 1 1 0 0 0 1 0 1 1 0 1 1 1 0 0 1 0 1 1 0 0 1
0 1 1 1 1 1 1 1 0 0 1 0 0 0 1 1 1 0 0 1 0 0 1 0 0
1 0 0 0 0 0 1 1 0 0 1 0 1 0 1 0 0 0 1 0 1 1 1 0 1
0 0 1 0 1 1 1 0 1 0 0 0 1 1 0 0 1 1 0 1 1 0 1 0 0
0 1 1 0 0 0 0 0 1 0 1 1 1 0 1 0 1 0 1 0 1 0 0 0 0
0 0 0 1 1 0 0 0 0 1 0 1 1 0 0 0 0 0 0 1 0 0 1 1 0
1 1 0 0 0 1 1 0 0 0 0 0 0 0 1 1 0 0 1 1 0 1 1 0 0
1 0 1 0 1 1 0 1 0 0 0 1 1 0 1 0 1 0 1 1 0 1 0 1 0
1 0 1 0 0 0 1 0 1 0 1 1 1 0 0 0 0 0 0 1 0 1 1 0 0
1 0 0 0 0 1 1 1 1 0 0 1 0 1 1 1 0 0 1 1 1 0 1 1 0
0 0 1 1 0 1 1 1 0 0 0 0 1 0 0 1 0 1 0 0 1 0 0 1 0
0 1 0 0 0 1 0 1 1 0 1 0 1 0 1 1 1 1 1 1 1 1 1 1 0
0 0 1 0 0 1 1 1 1 1 1 0 0 1 0 0 1 1 1 0 1 1 0 0 0
0 1 0 0 0 1 1 0 0 1 1 1 0 0 0 0 1 1 0 1 1 0 0 1 0
0 1 0 0 0 0 0 1 0 0 0 0 0 1 1 1 1 1 1 0 1 1 0 0 1
0 1 0 1 1 0 0 0 1 1 1 1 0 1 0 1 0 0 0 1 0 0 0 0 0
1 0 0 0 1 0 0 1 0 1 1 0 0 0 0 0 0 1 1 0 0 1 1 1 1
1 0 1 0 1 0 1 1 0 0 1 0 0 1 0 0 0 1 1 1 1 0 0 0 0
1 0 0 1 1 0 1 1 1 0 0 0 1 1 1 0 1 1 1 1 1 1 1 1 0
0 0 0 0 0 0 0 0 1 1 0 1 0 0 1 0 0 0 1 1 0 1 0 1 1
1 1 1 0 1 1 0 1 0 1 1 1 1 1 0 1 0 1 0 1 1 0 1 1 0
1 0 1 1 1 1 0 0 0 0 0 0 1 1 1 1 0 0 1 0 1 0 0 0 0
0 0 0 0 0 1 1 1 0 1 0 0 1 0 1 1 1 0 0 1 0 1 1 1 1
0 1 1 0 1 0 1 0 0 0 0 0 1 0 1 1 0 1 0 0 1 1 0 0 1
0 0 0 1 0 1 1 1 0 1 1 0 1 1 1 0 1 0 0 1 1 0 1 0 0
1 0 1 0 0 0 0 1 1 1 0 1 1 1 0 1 1 1 1 1 1 1 1 1 1
1 1 1 1 1 1 1 0 1 1 1 0 1 0 0 0 0 0 1 0 0 0 0 1 1
1 1 0 1 1 1 1 1 0 1 1 1 1 1 0 0 0 1 0 0 1 0 1 0 1
0 1 1 1 1 1 1 1 0 0 1 0 1 1 0 1 1 1 1 1 1 1 0 1 1
1 0 1 0 0 0 0 1 0 1 0 0 1 1 0 0 0 0 0 0 1 0 0 1 1
0 1 0 1 0 0 1 0 1 0 1 1 1 1 0 1 0 0 0 1 1 0 0 1 1
0 0 1 0 0 1 0 0 1 0 0 0 1 1 0 1 1 1 1 0 1 1 1 1 1
1 0 1 1 1 1 0 1 1 1 0 0 1 1 0 0 1 0 1 0 0 1 0 0 1
0 1 0 0 0 1 1 0 0 0 0 1 0 1 0 1 1 0 0 0 1 0 1 0 1
1 0 0 0 1 0 1 0 0 0 0 1 1 1 1 1 0 1 0 1 0 1 1 0 1
1 0 1 1 0 1 1 0 1 1 1 0 1 1 1 0 0 1 1 1 1 0 1 1 0
1 0 0 0 1 1 0 0 1 1 0 1 1 1 0 0 1 0 1 0 1 0 1 0 0
1 1 0 1 0 0 0 1 1 1 1 0 1 1 0 1 1 0 0 0 0 1 0 0 0
0 0 1 1 1 0 0 1 1 0 0 1 0 1 0 0 0 1 1 1 0 1 0 0 1
0 1 1 0 0 1 0 1 0 0 0 1 1 0 0 1 0 0 0 0 0 1 1 1 0
1 1 0 1 1 1 0 0 0 0 1 0 0 1 1 0 0 0 0 0 1 1 1 0 0
1 1 1 1 0 1 1 1 1 0 0 1 0 1 1 1 1 1 0 0 0 1 0 1 1
0 0 1 0 1 1 0 0 0 1 1 0 0 1 1 1 1 1 0 0 0 0 0 1 1
1 1 0 0 0 0 1 1 1 1 0 0 0 0 1 1 1 1 1 0 1 0 1 1 0
0 1 1 1 0 0 1 1 0 1 1 0 0 0 0 0 0 1 1 0 1 0 1 1 0
0 1 1 1 1 1 0 0 1 0 1 1 0 1 0 0 1 1 0 0 0 0 1 0 1
1 1 1 1 1 1 1 1 0 0 1 1 0 1 1 0 0 1 0 1 0 1 1 1 0
0 1 0 0 1 0 1 1 1 1 1 0 1 0 0 0 0 0 0 0 0 1 1 0 1
0 1 1 0 0 1 1 0 1 1 0 1 1 1 1 1 0 1 0 0 1 1 0 0 0
0 0 1 0 0 0 0 0 1 0 1 0 0 0 1 1 1 0 0 1 1 1 0 0 1
0 0 0 0 0 0 0 1 1 1 0 1 0 0 1 1 0 0 0 0 1 0 1 0 1
0 0 0 1 0 1 0 0 1 1 0 1 0 0 0 1 1 0 0 1 1 1 1 1 0
1 0 1 1 1 0 0 1 1 0 1 1 1 0 1 0 1 1 0 0 1 1 1 0 0
1 1 1 0 1 1 1 0 0 1 1 1 0 0 0 0 0 0 1 1 1 0 1 0 1
1 1 1 1 0 0 1 0 1 0 0 1 1 0 1 1 0 1 1 1 0 0 0 1 0
1 1 0 0 1 1 0 1 0 1 0 0 1 0 1 1 0 1 1 1 1 0 0 1 1
1 1 1 0 1 1 1 0 0 1 0 0 0 1 0 0 0 0 0 0 0 0 1 1 0
0 1 1 0 1 0 1 0 0 0 1 0 1 1 1 1 1 0 0 0 1 0 1 1 0
0 1 1 1 0 0 0 1 1 1 1 0 1 1 1 1 0 1 0 1 0 0 1 1 1
1 0 1 1 1 0 1 1 1 1 0 0 0 1 1 1 1 0 1 1 1 1 0 0 0
1 1 0 0 0 0 0 1 1 1 0 0 1 0 0 0 0 1 0 0 0 0 0 0 0
1 1 0 1 1 0 0 0 1 1 1 0 0 0 1 0 1 1 0 0 1 0 0 1 0
1 1 0 0 1 0 1 1 0 1 1 1 1 0 1 1 0 0 1 1 0 0 1 0 0
0 1 1 1 1 1 1 0 1 0 1 1 1 1 1 0 1 0 1 0 1 1 1 0 1
1 0 0 0 0 0 0 0 1 0 0 1 0 0 0 1 0 1 0 0 1 1 0 1 1
0 0 0 1 0 0 0 1 0 1 0 1 1 0 1 1 0 1 0 0 1 1 0 0 0
1 0 0 0 1 0 1 0 0 0 1 0 0 0 1 0 1 0 1 1 0 1 0 1 1
1 0 1 1 0 1 1 1 1 0 0 0 1 0 1 1 1 1 0 0 0 1 0 1 1
0 0 0 1 1 0 1 0 1 0 1 1 0 1 1 0 1 0 1 0 1 0 0 0 0
0 1 1 0 1 0 0 1 0 1 0 1 1 0 0 1 1 0 1 0 1 0 0 0 1
0 1 0 1 0 0 0 0 0 0 0 0 1 1 1 0 1 0 1 1 0 0 0 1 0
0 0 0 0 0 0 1 1 0 0 1 0 0 1 0 1 0 0 1 1 0 1 0 0 0
0 1 1 0 1 0 0 0 1 1 1 1 0 0 1 0 0 1 0 1 0 1 1 0 0
0 1 0 0 0 1 0 1 1 1 1 1 0 1 1 0 1 0 0 0 1 1 1 1 1
1 1 0 0 0 1 0 1 0 0 1 1 1 0 0 1 1 1 0 1 0 0 1 0 0
0 0 1 1 1 0 0 0 1 1 1 0 1 0 1 1 0 1 1 1 1 0 1 0 0
1 1 1 1 1 1 1 1 1 1 1 0 0 0 1 0 1 1 0 1 1 1 0 0 1
1 1 1 1 0 0 1 1 0 1 1 1 1 0 1 1 1 0 0 1 1 1 0 0 0
0 0 1 0 1 0 1 1 1 1 0 0 1 0 1 1 0 0 1 0 1 1 1 1 1
1 0 0 1 1 0 1 1 0 1 1 1 1 1 0 1 0 0 1 0 1 1 1 1 1
0 0 0 1 0 0 0 0 0 0 1 1 1 1 0 1 1 1 1 1 1 0 1 1 0
0 1 0 1 1 1 1 1 1 1 0 1 1 0 1 0 0 0 0 0 1 0 1 1 1
0 0 0 1 0 0 0 1 0 0 0 0 0 1 1 1 0 1 0 1 1 0 0 1 0
1 1 1 0 0 0 0 0 1 1 1 1 1 1 0 1 1 0 1 0 1 1 0 1 0
1 0 0 1 1 0 1 0 0 1 1 0 1 0 0 0 0 0 1 1 1 1 0 0 0
0 1 0 0 1 1 0 1 0 0 0 1 0 1 0 0 1 0 0 0 0 0 0 0 1
0 0 0 0 0 1 0 1 0 1 1 0 0 0 1 0 1 0 0 0 0 1 0 0 1
1 1 0 1 1 0 1 1 1 0 1 1 1 0 0 0 0 1 1 0 0 0 0 0 1
1 0 1 1 0 1 0 0 1 1 1 1 0 1 0 1 0 1 0 0 1 1 0 0 1
1 1 0 1 0 1 0 0 0 1 1 0 0 0 0 1 0 0 0 1 0 1 0 0 1
1 0 1 1 1 1 0 1 0 0 0 1 1 1 0 0 1 1 1 1 1 0 1 1 1
1 0 1 1 1 1 1 0 1 0 0 0 0 1 1 1 1 1 0 1 0 0 0 1 0
1 0 1 1 1 0 1 1 0 0 1 1 1 0 0 1 1 1 0 1 1 1 0 1 0
1 1 1 1 0 0 1 1 0 1 1 0 1 1 0 0 1 1 1 0 0 0 0 1 0
1 0 1 0 0 0 0 1 0 0 1 0 0 0 0 0 0 0 0 0 1 0 1 0 1
0 1 1 1 1 0 0 0 0 0 0 0 1 1 0 0 0 1 1 0 0 1 0 0 1
1 1 1 0 0 0 0 0 1 1 0 0 0 1 1 1 0 1 0 0 1 0 1 1 1
0 1 0 1 1 0 1 1 1 0 1 0 0 1 1 0 0 0 0 1 0 0 1 0 0
1 0 0 1 1 1 1 1 1 1 0 1 0 0 0 1 1 0 0 0 1 1 1 0 1
0 1 1 1 1 1 1 0 1 0 1 1 0 1 1 1 1 1 1 1 0 1 1 0 0
1 0 0 0 1 1 1 0 0 0 1 1 1 1 0 1 0 1 1 0 1 0 0 1 1
C Elapsed Time 225.030000 
