318 21 2^21 6
1 0 0 0 1 1 0 1 1 1 1 0 0 1 1 1 1 0 1 1 1
1 0 1 1 1 0 1 1 1 0 1 0 1 1 1 1 1 0 0 1 1
0 0 1 1 1 0 1 1 0 0 0 1 0 1 0 0 0 1 0 0 1
0 0 1 0 0 0 0 0 1 1 0 1 1 0 1 1 0 0 1 1 0
1 1 1 0 1 1 0 1 0 0 1 0 1 1 0 1 0 1 1 1 1
0 1 1 1 1 1 1 1 1 1 0 1 0 0 1 0 0 0 0 0 1
0 0 0 1 0 1 1 0 0 1 0 0 0 0 1 1 1 0 0 1 1
0 0 1 1 0 1 1 1 0 0 1 1 1 0 0 0 0 0 0 1 0
0 1 0 0 1 1 1 1 0 1 0 0 1 1 1 0 0 1 0 0 1
1 0 1 1 0 0 0 1 1 1 0 1 1 1 0 0 1 0 1 0 1
1 1 1 1 0 1 0 0 1 0 1 1 1 0 1 1 0 0 1 1 1
0 1 1 0 1 1 0 0 1 1 0 1 1 0 0 1 1 0 1 0 0
0 1 1 1 0 0 1 0 1 0 0 1 1 0 1 0 0 1 1 1 1
0 1 0 0 0 1 0 0 0 1 1 0 1 0 1 1 0 1 1 0 0
0 0 1 1 0 0 1 1 1 1 1 0 1 0 0 1 0 0 1 1 0
1 0 1 0 0 1 0 0 0 0 0 0 1 1 1 1 1 0 1 0 0
1 0 1 1 1 1 0 1 1 1 0 0 1 1 0 0 1 0 1 1 0
0 1 0 0 0 1 1 0 1 0 0 1 1 1 0 1 1 0 0 0 1
1 0 0 0 1 0 1 0 1 0 0 1 0 1 1 1 1 1 0 0 1
1 0 0 0 1 1 1 0 1 0 1 0 1 0 1 0 0 0 1 1 1
0 0 0 1 1 1 0 0 1 0 1 1 1 0 1 1 1 1 0 0 1
0 0 1 0 1 0 1 1 1 1 1 0 1 0 0 0 0 1 1 0 0
0 0 1 0 1 1 1 1 1 0 1 1 1 0 0 0 1 0 0 1 0
0 1 1 0 0 0 0 1 0 0 0 0 1 1 0 0 0 0 0 1 1
0 0 0 0 1 0 0 0 0 1 1 1 0 0 1 0 0 1 0 1 0
1 0 0 1 1 0 1 1 1 0 1 1 0 0 1 0 0 0 0 0 1
0 1 0 1 0 1 0 0 0 0 0 0 1 0 0 1 0 0 1 1 0
0 1 1 0 0 1 0 0 1 0 1 1 0 1 1 1 1 1 0 0 1
1 0 0 0 0 0 1 1 1 0 0 1 1 0 0 1 0 1 1 0 1
1 0 1 1 1 0 1 0 0 1 0 1 1 0 1 0 1 0 1 0 0
1 1 1 0 1 0 1 0 0 0 1 1 0 0 0 0 0 1 0 0 0
0 0 0 1 1 0 0 1 1 1 1 0 1 0 0 1 0 0 1 0 1
1 1 1 0 1 1 1 1 1 0 0 0 1 1 1 0 0 1 1 1 0
0 0 1 1 0 1 1 0 1 1 1 1 0 0 0 0 0 0 0 1 1
0 1 1 0 0 1 1 1 1 0 0 0 0 0 0 0 1 1 0 0 0
0 0 0 1 1 0 1 1 0 0 0 1 0 1 1 1 0 0 1 1 1
1 1 0 1 0 0 1 0 0 1 0 1 0 0 0 1 0 0 0 0 0
0 0 1 0 1 0 0 1 0 1 0 1 1 1 1 1 0 1 1 0 1
1 0 1 0 1 1 1 0 1 1 0 0 0 1 1 0 0 1 0 0 0
1 1 0 1 1 0 1 0 1 1 0 0 0 1 1 1 0 1 0 1 1
0 0 0 1 1 1 0 1 0 0 1 0 0 0 0 0 1 0 1 0 0
0 1 0 0 1 0 1 1 1 0 1 0 0 1 1 0 1 0 0 1 1
1 1 1 1 0 0 1 0 1 0 0 0 1 1 1 0 1 0 0 1 0
1 1 0 1 0 1 0 1 1 0 1 0 1 1 1 0 1 1 0 0 0
0 1 0 1 0 0 1 0 1 1 1 0 1 0 1 0 0 1 0 0 0
0 1 0 1 1 0 0 1 1 1 1 0 1 1 0 1 1 1 1 1 0
1 1 0 1 1 0 1 1 0 0 0 0 1 0 0 0 1 1 0 1 0
1 0 1 1 1 0 0 0 1 0 1 1 0 1 1 0 0 0 1 0 0
1 1 1 0 1 1 0 0 0 1 0 1 0 0 1 1 1 1 1 1 1
0 1 1 1 1 0 1 1 0 1 0 0 0 0 1 0 0 0 1 1 0
0 0 0 0 1 1 1 1 0 0 0 0 1 1 0 1 1 1 1 0 0
1 1 0 0 0 1 0 1 1 1 0 1 1 1 0 1 1 1 1 1 1
0 1 1 0 0 0 1 1 1 1 0 1 1 1 0 1 1 1 0 0 0
0 0 0 0 0 0 0 1 1 0 1 0 1 0 1 1 1 1 0 1 0
0 1 1 0 0 1 1 1 0 1 0 0 1 0 0 1 1 0 1 0 0
0 1 1 1 1 0 0 0 0 0 1 0 1 0 0 1 1 0 0 1 0
1 0 0 0 0 1 0 1 1 1 0 1 0 1 0 1 1 0 0 0 0
1 1 0 0 0 1 1 1 1 0 0 0 0 0 1 1 1 1 1 1 0
1 1 0 0 0 0 0 1 0 1 1 0 0 0 0 1 1 1 0 0 1
0 0 0 0 0 1 1 1 1 1 1 1 0 1 1 1 1 0 1 0 1
0 0 0 1 1 0 0 0 0 0 0 0 1 1 1 0 1 0 0 0 1
1 0 1 1 1 0 0 1 1 1 1 1 0 0 0 1 1 1 0 0 0
1 0 0 1 1 0 0 0 1 0 0 0 1 1 1 1 0 1 1 1 0
0 1 0 0 1 0 1 0 0 1 0 1 1 1 0 0 1 1 1 1 1
1 0 0 0 0 0 1 1 0 0 0 0 1 1 1 0 1 0 1 1 1
1 1 1 1 1 0 1 1 1 1 0 1 1 0 0 1 0 0 0 1 1
0 1 1 1 0 1 0 0 1 1 0 1 1 1 1 0 1 0 1 0 1
1 0 1 1 0 1 1 1 0 1 0 1 0 1 1 0 1 1 0 0 1
0 1 1 1 1 1 0 1 1 0 0 0 0 1 1 1 1 1 1 0 1
0 1 0 0 0 0 0 0 0 1 0 0 0 1 1 1 1 0 1 0 0
1 0 0 0 1 0 1 0 0 1 1 0 0 1 0 1 1 0 1 0 0
0 1 0 1 0 0 1 0 0 0 0 1 1 0 1 1 1 1 1 0 1
0 1 0 0 1 1 0 1 1 1 0 0 1 0 1 0 1 0 0 1 1
0 1 1 0 1 0 0 0 1 0 1 0 0 1 0 1 0 1 0 1 0
0 1 1 1 1 0 0 0 0 1 0 0 0 0 0 0 1 1 0 0 1
1 1 1 1 0 1 0 0 1 1 1 0 0 1 0 1 1 0 0 1 1
0 0 1 0 1 1 1 1 1 0 1 1 0 0 1 1 0 1 1 1 1
1 1 0 0 0 1 1 0 0 1 1 1 0 1 1 0 1 1 0 0 0
1 1 1 0 1 0 0 0 1 1 1 0 1 1 1 0 1 1 1 0 1
0 1 1 0 0 1 0 0 1 0 1 0 0 0 1 0 0 0 0 1 0
1 1 0 0 0 1 1 1 1 1 0 1 0 1 1 0 0 0 0 1 0
0 1 1 0 1 1 0 1 1 1 1 1 0 1 0 0 0 0 1 1 0
1 0 1 1 0 0 0 0 0 0 1 0 1 0 0 0 0 1 1 0 0
1 0 1 1 1 1 0 0 0 0 1 1 0 1 1 0 1 0 0 1 1
1 0 0 1 0 1 0 1 1 1 1 0 1 0 0 1 0 1 0 1 1
1 0 0 0 1 0 0 0 0 1 0 0 1 0 0 1 1 1 0 1 0
1 1 0 1 0 0 0 0 0 1 1 1 1 1 1 0 0 1 1 1 1
0 1 0 0 1 1 0 0 0 0 1 0 0 0 1 0 1 1 1 0 1
0 0 0 1 1 0 1 1 0 1 0 0 0 0 1 1 1 1 0 0 0
0 0 1 0 1 0 1 0 0 0 1 1 0 0 0 1 1 0 1 0 1
1 0 0 1 1 1 0 1 0 1 1 0 0 1 0 0 0 1 0 1 0
0 1 1 1 0 1 0 0 0 1 0 0 0 1 1 1 0 1 0 1 0
1 0 0 0 0 0 1 0 1 1 0 0 1 0 0 0 1 0 0 1 1
0 0 1 1 0 0 1 1 1 0 0 1 0 1 1 0 1 0 1 1 0
0 1 1 0 0 0 0 0 1 0 1 0 1 0 0 0 1 0 1 0 1
1 1 1 1 0 0 1 0 1 0 1 1 1 0 0 1 1 1 1 1 0
1 1 1 0 0 0 0 1 1 0 1 1 0 1 0 0 1 1 0 1 1
0 0 1 1 0 1 0 0 0 1 1 1 0 0 0 1 1 1 1 0 0
0 1 0 1 0 0 0 1 1 1 0 1 0 1 1 1 0 1 0 1 1
0 1 1 0 0 0 1 1 0 1 0 1 0 0 1 0 1 1 0 1 1
1 0 0 1 0 1 1 0 1 0 1 0 0 1 1 1 0 0 0 1 0
1 1 0 1 1 1 0 1 1 0 0 0 0 1 0 0 0 0 1 0 1
1 1 0 0 0 1 1 0 0 0 1 0 1 1 1 1 1 1 0 1 1
1 0 1 0 1 0 0 1 0 0 0 0 0 0 1 0 0 0 0 1 0
0 0 0 1 0 0 0 0 1 0 1 1 0 1 0 0 0 0 1 1 1
1 1 0 0 1 1 0 0 0 0 0 0 0 1 0 0 1 0 0 1 0
1 1 0 1 1 1 0 0 1 1 1 1 1 0 0 0 0 1 1 0 1
0 1 0 1 0 1 1 1 0 0 0 0 1 1 1 0 0 0 0 0 0
0 0 0 1 1 0 1 1 1 1 1 1 0 1 1 0 1 1 0 1 0
1 1 0 1 1 0 0 1 0 1 0 1 0 1 1 0 1 0 0 1 1
1 0 0 1 1 1 0 0 0 0 0 0 1 0 0 1 0 1 0 0 1
1 0 1 1 1 0 0 0 1 1 0 1 1 0 1 0 0 1 0 1 1
1 1 0 0 0 0 0 1 1 1 1 0 0 0 0 0 0 0 1 1 0
1 0 0 1 1 1 1 0 1 0 0 1 0 0 1 0 1 1 1 1 1
0 0 0 0 0 1 0 1 0 0 0 1 1 1 1 0 1 1 0 1 0
1 1 1 0 1 1 0 1 1 0 1 0 1 0 0 1 0 0 0 0 0
1 0 1 0 1 0 0 1 1 0 0 0 0 0 1 0 1 1 1 0 0
0 0 0 0 1 0 1 1 1 1 0 0 1 1 0 1 0 0 0 1 0
0 1 1 0 1 0 1 0 0 1 1 1 1 1 1 1 1 0 0 1 0
0 1 0 1 0 0 0 1 0 0 1 1 1 1 1 1 0 0 1 1 0
0 0 0 0 0 0 1 0 1 0 1 1 1 1 1 0 1 1 1 0 0
1 0 0 1 0 1 1 1 0 0 1 0 0 0 0 0 1 0 0 0 0
1 1 1 1 1 0 0 0 0 0 0 1 1 1 0 1 1 1 0 0 0
1 1 0 1 0 1 0 0 0 1 1 1 1 0 0 0 1 0 0 1 0
1 1 1 0 1 0 1 1 1 1 0 1 0 0 0 0 1 0 1 0 1
0 0 1 1 1 1 1 0 0 0 1 0 1 1 1 0 0 1 0 1 1
0 0 1 0 1 1 1 0 0 1 0 0 0 1 1 0 1 0 1 1 1
0 0 1 1 0 0 0 0 1 0 0 0 0 1 0 1 0 1 0 0 0
0 0 1 0 1 0 0 0 1 0 0 1 1 1 0 1 1 0 1 1 1
1 1 0 1 1 0 1 1 0 0 0 1 1 1 1 0 0 1 1 0 0
1 1 1 0 0 1 1 0 0 1 0 0 1 0 0 0 0 1 0 1 0
1 1 1 0 0 0 0 0 1 0 0 0 0 1 1 0 0 1 1 1 1
0 0 1 1 0 0 0 1 1 1 1 0 0 1 1 0 0 1 0 0 1
0 0 1 0 0 1 0 1 1 1 0 0 0 0 0 1 0 1 1 1 1
1 1 0 0 1 0 1 1 1 1 1 1 1 0 1 1 1 1 0 1 1
0 0 0 0 0 1 0 0 0 1 1 0 1 1 0 0 0 0 1 0 1
0 0 0 0 0 0 1 1 0 1 1 1 0 1 0 1 0 1 0 1 0
0 0 0 1 0 1 1 1 1 1 0 1 1 0 0 0 1 1 1 0 0
0 0 0 0 0 1 1 0 1 1 0 1 1 0 1 1 0 1 0 0 1
0 0 0 0 0 0 1 0 0 0 0 0 0 0 0 0 0 1 1 1 0
0 0 1 0 1 1 0 1 0 0 1 0 0 1 1 1 0 0 0 0 1
1 1 1 1 0 1 0 1 0 0 0 1 0 0 0 0 1 0 1 1 1
1 0 1 0 0 1 1 1 0 0 1 0 0 1 0 0 0 1 1 0 1
1 0 0 0 1 0 0 1 1 0 1 1 1 1 0 0 0 0 0 0 1
1 1 0 0 1 0 0 1 0 0 1 0 0 1 1 1 0 1 0 0 1
1 0 1 0 0 0 1 1 0 0 0 1 1 1 0 0 0 0 1 1 0
1 1 1 1 0 1 1 1 1 1 1 1 1 1 0 0 0 0 0 0 0
0 0 1 1 0 0 1 0 0 1 0 0 1 1 0 1 1 1 1 1 1
0 0 0 1 1 1 1 0 0 1 0 1 1 1 1 0 0 0 1 1 0
1 1 0 1 1 1 1 1 1 0 1 1 0 1 0 1 1 0 1 1 0
0 0 1 0 0 0 0 0 0 1 0 1 0 1 0 0 1 0 0 0 0
1 1 0 0 1 1 1 0 1 1 1 0 0 0 0 1 1 1 1 0 0
0 1 0 1 0 1 0 0 0 0 1 1 0 1 0 0 0 1 0 0 1
0 1 0 0 1 0 1 0 1 0 0 1 0 0 1 0 0 0 1 0 0
0 0 1 1 0 1 1 1 1 0 0 0 1 0 1 0 0 0 1 0 1
1 0 1 0 0 0 1 0 1 1 1 0 0 0 1 1 1 1 1 1 0
0 0 1 0 1 1 0 0 0 0 0 1 1 0 0 0 0 0 1 0 1
1 0 0 0 1 1 0 0 0 0 1 1 1 0 0 1 1 0 1 1 1
1 1 1 1 0 0 0 1 0 0 1 1 0 1 1 1 1 0 1 0 0
0 1 0 0 1 1 1 0 1 0 1 1 1 1 1 1 0 1 0 1 0
0 1 1 1 1 1 0 0 1 1 0 1 1 0 0 0 1 1 0 1 0
0 0 1 0 0 0 1 0 0 0 1 1 1 1 1 0 0 0 0 0 1
0 0 0 1 1 1 0 1 1 0 0 0 0 0 0 0 0 1 0 1 1
0 1 0 1 1 1 0 1 0 1 1 1 1 1 0 1 1 0 0 0 1
1 1 0 0 0 0 0 0 0 0 0 1 1 0 1 0 0 0 0 0 1
1 0 0 0 0 1 0 0 1 0 1 1 0 0 0 1 0 1 0 0 0
1 1 0 1 1 1 1 0 1 0 0 1 0 0 1 0 1 0 0 0 0
0 0 0 0 1 1 0 1 1 0 0 1 0 1 1 0 0 1 0 0 0
1 0 1 0 1 1 1 0 0 0 0 1 1 0 1 1 1 1 0 0 0
0 1 0 0 1 1 1 0 0 1 1 0 0 0 0 1 0 0 0 1 1
0 1 1 0 0 0 0 0 0 1 1 1 1 0 0 1 0 1 0 1 1
1 0 0 0 1 0 0 0 0 0 1 1 0 1 0 0 1 1 1 1 0
0 0 1 1 0 1 0 1 1 0 1 1 1 1 0 1 0 1 1 0 0
1 1 0 0 0 0 1 0 1 0 1 0 1 1 0 1 0 0 1 0 0
0 1 0 1 0 0 0 0 1 1 0 0 0 0 1 0 1 1 1 1 0
0 0 0 1 1 0 1 0 0 0 1 1 1 0 0 1 0 0 0 0 0
1 1 1 1 0 1 1 1 0 1 1 0 1 1 0 1 1 1 0 0 0
1 0 0 1 0 1 1 1 0 1 0 1 0 0 1 1 0 1 1 1 0
1 0 1 1 0 0 1 1 1 1 0 0 0 1 1 1 0 0 1 0 0
1 1 1 1 0 0 0 1 1 1 0 0 1 0 1 1 1 0 0 0 1
1 1 0 1 0 0 1 1 0 1 1 0 1 1 0 1 0 0 0 0 1
1 1 0 0 0 0 1 0 0 1 0 1 0 1 0 1 0 0 1 1 1
0 1 0 0 1 0 0 1 1 0 0 1 0 0 0 1 0 1 1 0 1
0 0 0 1 0 0 1 0 1 0 1 0 0 1 0 0 1 1 0 0 1
0 0 1 1 0 0 0 0 0 0 0 1 0 0 1 1 1 1 0 1 0
1 1 0 0 1 1 0 1 0 1 0 0 1 0 0 0 0 0 1 0 0
1 0 0 1 1 1 1 0 0 0 1 0 0 1 1 1 0 1 1 0 0
1 1 1 1 0 1 1 0 0 0 1 1 0 0 1 1 0 0 1 0 1
1 0 0 1 0 1 1 0 1 0 0 1 1 1 0 0 0 1 0 1 0
0 1 1 1 0 1 1 0 0 0 1 0 0 1 0 0 1 1 1 1 0
1 0 1 0 1 1 1 0 1 1 1 1 1 1 0 1 0 0 0 0 1
0 0 0 1 1 1 0 0 1 1 0 1 0 1 0 1 0 0 1 0 0
1 1 0 1 0 0 1 1 1 0 1 0 0 0 1 0 0 1 1 0 1
0 1 1 1 1 1 0 1 0 1 1 1 0 1 1 0 1 1 1 0 0
0 1 0 1 1 1 1 1 0 0 1 1 0 0 0 1 1 1 0 1 1
0 1 1 0 1 0 0 1 1 0 0 1 1 0 0 0 0 1 1 1 0
0 0 1 1 1 0 0 1 0 1 1 1 0 0 0 1 0 0 1 1 1
0 0 1 0 1 1 0 0 1 1 1 1 0 1 0 0 1 1 0 1 1
0 0 1 1 1 1 0 0 0 1 1 0 1 0 1 1 1 0 1 1 0
0 1 1 1 1 1 1 1 0 1 1 1 1 0 1 1 0 1 1 0 0
0 1 1 1 1 0 1 0 1 1 1 1 0 1 1 1 0 1 1 0 1
1 0 0 1 0 0 0 0 1 1 1 1 1 1 1 1 1 0 0 1 0
1 1 0 1 1 0 0 0 0 0 1 0 0 0 1 1 1 0 1 1 1
0 0 0 0 0 0 0 1 0 1 1 1 0 0 1 0 1 0 1 0 1
1 1 1 1 1 0 1 0 0 0 1 1 1 1 0 0 0 0 1 1 1
0 1 0 0 1 0 0 0 1 1 0 0 1 1 0 0 0 1 0 0 0
1 1 0 1 1 1 1 0 1 1 0 0 1 1 1 1 1 0 1 0 1
1 1 1 0 1 1 0 0 1 1 0 1 0 0 1 1 0 0 0 1 0
0 0 1 1 1 1 1 1 0 1 0 1 0 1 0 1 1 0 0 1 0
1 0 1 0 0 1 0 1 1 1 1 1 1 0 1 0 0 1 1 1 0
1 0 1 1 1 1 1 0 1 0 0 0 0 0 0 1 0 0 1 1 0
1 0 1 0 0 1 0 0 1 0 0 0 1 0 0 0 1 1 0 0 1
0 0 1 0 1 1 0 0 1 1 1 0 0 0 1 0 1 0 0 0 0
0 1 0 1 0 0 0 1 1 0 0 0 0 1 0 1 1 0 0 1 0
1 1 1 1 0 0 1 1 0 0 1 0 0 0 1 1 0 1 0 1 0
0 1 0 1 0 1 1 1 1 1 0 0 0 1 0 0 0 1 1 1 1
1 1 1 1 1 1 1 1 0 1 0 0 1 0 0 1 0 1 1 0 1
0 1 0 1 0 1 0 1 1 1 1 1 0 0 1 1 0 0 0 0 0
0 0 1 0 1 1 0 1 0 1 1 1 1 0 0 0 1 1 0 0 1
0 0 1 1 0 0 0 1 0 0 1 0 1 0 1 0 1 1 1 1 1
0 0 1 0 0 0 0 1 0 1 1 0 1 1 0 0 1 0 0 1 0
1 0 0 1 1 1 0 1 1 0 0 1 1 0 1 1 1 0 1 0 0
1 0 0 1 0 0 0 1 0 0 0 0 0 1 0 1 1 1 1 0 1
1 0 1 0 0 0 0 0 0 1 1 0 0 0 1 1 0 0 0 0 1
1 0 0 1 1 0 1 1 0 1 1 1 1 0 0 0 1 1 1 1 1
1 0 1 0 0 1 1 1 0 0 0 0 0 0 0 1 1 0 0 1 1
1 1 1 0 1 1 1 1 0 0 1 1 1 1 1 0 1 0 1 0 1
1 0 0 0 1 1 1 1 0 1 0 1 0 0 0 0 0 0 0 0 1
1 1 1 1 1 1 0 0 0 1 1 0 1 1 1 0 0 0 0 0 0
0 1 1 0 0 1 1 0 0 0 0 1 0 1 0 1 0 1 1 0 0
1 1 1 0 1 0 1 1 0 1 0 0 0 1 0 1 1 1 1 1 0
1 0 1 1 0 1 0 1 0 1 0 1 1 1 1 1 0 0 0 1 1
1 0 0 1 0 1 0 0 0 1 0 0 0 0 1 0 0 1 1 0 1
0 1 0 0 0 1 1 1 0 0 1 1 1 0 0 0 0 0 1 1 1
0 1 1 1 0 0 1 1 1 0 1 0 0 0 0 1 1 0 0 0 1
1 0 0 1 0 0 1 0 0 1 1 1 1 1 1 1 1 1 0 0 1
0 1 1 1 1 0 1 1 1 0 1 1 1 1 0 0 1 1 1 0 1
0 0 1 1 0 1 1 1 1 0 0 1 1 1 0 1 1 1 0 1 1
0 0 0 0 0 1 0 0 1 0 0 0 0 0 1 1 0 0 1 0 1
1 1 1 0 0 1 1 0 0 0 1 1 0 0 1 0 1 0 1 1 0
0 1 0 1 1 0 1 0 1 1 0 1 0 0 0 1 1 0 1 1 0
0 0 0 0 0 1 0 0 1 1 1 0 1 1 1 0 1 1 1 1 0
0 1 1 0 1 0 1 1 0 0 0 0 1 0 1 1 0 1 0 0 1
1 0 1 0 1 1 1 0 0 1 1 1 1 1 0 1 0 1 1 1 0
1 1 1 1 0 1 0 1 0 0 0 1 1 0 1 0 0 1 0 0 1
1 1 1 0 1 0 1 0 0 0 0 0 0 1 0 1 1 0 0 0 1
1 1 0 0 1 0 0 1 1 1 1 1 1 1 1 1 0 0 1 0 0
0 1 0 0 1 1 0 0 0 0 0 1 1 1 1 0 0 1 1 1 1
0 0 0 0 1 0 1 0 0 1 1 0 0 1 1 1 0 1 1 1 1
0 0 0 1 0 0 0 1 0 1 0 1 1 0 0 0 0 0 0 0 0
1 0 1 1 1 1 1 0 1 0 1 0 0 1 0 1 1 1 1 0 1
1 1 1 1 0 0 0 0 1 1 1 0 0 0 0 1 0 1 1 0 0
0 1 1 1 1 0 1 1 0 1 1 0 0 1 0 0 0 0 0 0 0
1 0 0 0 0 1 1 0 1 1 1 1 0 0 0 0 1 0 1 0 0
1 0 0 1 0 0 0 1 1 0 0 0 1 1 0 0 0 1 0 1 1
0 1 1 0 0 0 1 0 1 1 0 0 0 1 0 0 0 0 0 0 1
0 0 1 1 1 1 1 0 1 1 0 0 1 0 1 1 1 1 0 0 0
1 1 1 0 0 0 0 1 0 1 0 1 0 0 1 0 0 1 1 0 0
0 1 1 0 1 0 1 1 1 0 1 0 1 1 1 1 1 0 1 0 0
1 1 0 1 0 0 0 0 1 1 0 1 0 1 0 0 1 1 1 0 0
1 1 1 1 1 1 1 1 1 1 1 0 0 0 1 0 1 1 0 1 1
1 0 0 0 1 0 1 0 1 1 0 1 0 0 1 0 0 1 1 0 1
0 1 1 0 1 1 1 0 1 0 0 0 1 0 0 1 1 1 1 1 1
0 1 1 0 0 1 1 1 1 1 1 0 1 1 1 1 0 0 1 1 1
0 1 0 1 1 0 1 0 1 0 1 0 1 0 1 0 0 0 0 1 1
0 0 0 1 1 1 0 0 1 1 1 0 0 1 0 1 0 1 1 1 1
1 1 1 0 0 0 0 1 1 0 1 1 1 0 1 0 1 0 0 1 0
1 0 0 0 1 1 1 1 1 1 0 0 1 1 0 0 1 1 0 0 1
0 1 0 0 0 0 0 1 0 0 1 1 1 0 0 0 1 1 1 0 0
1 1 0 1 1 1 0 1 0 0 0 1 0 0 0 1 0 1 0 1 0
0 1 1 1 1 1 0 1 1 0 0 1 1 1 1 0 0 0 0 1 0
0 1 1 1 0 1 1 0 0 1 1 0 1 0 1 0 1 0 1 0 1
1 0 1 0 0 0 1 1 1 0 0 1 1 0 1 1 0 0 0 0 0
0 1 0 0 0 1 1 1 0 0 1 1 0 0 1 1 1 0 0 0 0
0 0 0 0 0 0 0 0 1 0 0 1 0 0 0 1 1 0 0 1 1
1 1 0 0 1 0 0 0 1 0 1 1 0 0 0 1 0 0 0 1 1
1 1 0 1 1 0 1 1 1 1 1 0 1 0 1 0 1 0 1 0 0
0 0 0 1 1 1 1 0 1 1 1 0 1 1 0 0 1 0 0 0 0
0 0 0 0 0 1 0 1 0 0 1 1 1 1 1 1 1 1 1 1 1
1 0 1 0 0 0 1 1 0 1 1 0 1 1 1 0 1 1 0 0 0
0 0 0 0 0 1 0 1 0 0 0 0 0 1 1 1 0 0 1 1 0
1 0 0 0 0 0 0 1 0 1 0 0 1 0 1 1 0 1 1 1 1
0 0 0 1 0 0 1 1 0 1 1 0 0 1 1 0 0 0 1 0 0
1 0 1 1 1 0 0 0 0 1 0 0 0 1 0 0 0 0 1 1 1
1 1 1 1 1 1 0 1 0 0 0 1 1 1 1 1 1 1 1 1 0
1 0 1 1 0 1 0 0 0 1 0 1 0 1 0 1 1 0 1 0 1
1 1 0 1 0 1 0 1 0 1 1 0 0 0 1 0 1 0 1 1 1
0 1 0 1 0 0 1 1 1 1 1 1 1 0 1 1 1 0 1 1 1
0 1 0 0 1 0 0 1 0 1 0 1 1 0 1 1 1 0 0 1 0
0 0 1 0 0 1 0 1 1 1 1 0 1 1 1 1 0 1 0 0 0
1 0 1 1 0 1 0 0 1 0 0 1 0 1 0 0 1 1 1 1 0
1 0 0 0 1 1 1 1 0 1 1 1 1 0 1 0 0 0 0 1 1
1 0 1 0 0 0 1 0 1 0 0 0 1 1 1 1 0 1 0 1 1
0 1 1 1 1 0 0 0 0 0 0 0 0 0 1 1 0 0 1 0 1
1 0 0 0 0 0 0 0 1 1 1 0 0 1 1 0 0 0 0 0 0
0 1 0 1 1 1 1 0 0 0 1 0 1 1 0 0 0 1 1 0 0
1 1 0 1 0 1 1 0 0 1 0 1 1 1 0 1 0 1 0 1 1
0 0 1 0 0 1 1 0 1 0 0 0 1 1 0 0 0 0 1 0 0
1 0 0 0 0 1 1 0 0 0 1 1 1 0 0 0 1 1 0 1 1
1 1 1 0 0 0 0 1 0 1 1 0 0 1 0 1 0 0 1 1 1
0 1 1 1 1 0 0 1 1 0 1 1 0 0 1 0 1 0 0 0 0
1 1 0 1 0 1 1 1 1 0 1 1 0 1 1 1 0 1 0 1 1
0 1 0 0 0 0 1 0 1 0 1 1 0 0 0 1 1 0 0 1 0
1 1 0 0 1 1 0 1 1 1 0 0 0 0 1 1 1 0 0 0 1
1 0 1 1 1 0 1 1 1 0 1 0 0 0 0 0 1 1 1 1 1
1 0 1 0 0 1 1 1 0 1 0 1 1 0 1 1 1 0 1 1 1
1 0 0 0 1 0 1 1 0 0 1 0 1 0 1 1 0 0 1 1 0
1 0 1 1 1 1 1 1 1 0 0 0 0 0 0 1 0 0 0 0 0
1 0 1 0 0 0 0 0 0 0 1 1 0 1 0 1 0 0 0 0 0
1 0 1 1 0 0 1 0 1 1 1 1 0 1 0 0 0 1 1 1 1
0 0 0 1 1 1 0 1 0 0 1 1 0 1 1 1 1 1 1 0 0
0 0 0 0 0 1 0 0 0 1 0 0 0 0 1 0 1 1 0 0 1
0 0 0 0 1 1 0 0 1 0 1 0 1 1 0 0 1 0 0 1 1
1 1 1 1 1 0 1 0 1 0 0 0 1 0 0 0 0 0 1 0 1
0 0 1 1 0 0 0 0 0 0 0 0 1 0 0 1 0 0 0 1 1
1 1 1 0 1 0 0 1 0 0 0 0 0 1 1 0 1 1 0 0 1
1 1 0 0 1 0 0 1 0 0 1 0 1 1 1 1 1 1 1 1 0
1 0 1 0 1 1 0 1 1 1 1 1 0 1 1 1 1 0 1 1 0
C Elapsed Time 3.240000 
