600 48 2^48 6
1 1 0 1 0 0 1 0 0 0 0 1 1 0 0 1 1 0 1 0 1 1 1 0 1 1 0 1 1 0 0 1 0 1 0 1 1 1 1 0 0 1 0 1 0 0 1 1
0 0 1 0 0 0 1 1 1 0 0 1 0 0 1 1 0 1 0 1 0 0 0 1 1 1 1 0 1 0 0 1 0 0 1 1 1 1 1 1 0 0 1 1 1 1 1 0
1 0 0 1 0 0 0 0 1 1 0 0 0 0 0 0 1 1 0 0 0 0 1 1 1 1 0 0 1 0 1 0 0 1 0 1 1 1 1 1 0 0 1 0 0 1 1 0
1 1 0 1 1 1 1 1 0 1 0 1 1 0 0 1 0 1 1 1 1 1 0 0 0 0 0 1 0 0 1 1 0 1 1 0 1 0 0 1 1 1 0 0 1 0 1 0
1 0 0 1 1 0 0 0 0 0 1 0 0 0 0 1 0 0 1 1 1 1 1 0 0 0 0 1 0 0 0 0 0 0 0 1 1 0 0 0 0 0 1 0 0 0 0 1
0 1 1 1 1 1 1 1 0 0 1 0 0 0 1 1 0 0 1 0 1 0 1 1 1 0 1 0 1 0 1 0 0 1 1 0 0 0 1 0 0 1 1 1 1 1 0 1
0 1 0 0 0 1 0 0 1 1 1 1 0 0 0 0 1 0 1 0 0 0 0 1 0 1 1 1 0 0 0 1 0 1 1 0 1 1 1 1 1 1 0 1 0 0 0 1
1 1 0 1 1 1 1 1 1 1 1 1 0 0 0 0 0 0 0 1 1 1 0 0 1 1 1 0 1 0 0 1 0 1 0 0 0 1 0 0 1 1 1 0 1 1 0 0
0 1 0 0 1 0 0 1 0 0 0 0 1 0 0 1 1 1 0 0 0 0 0 0 0 1 0 1 1 1 1 0 0 0 0 1 0 0 0 0 1 0 0 0 0 0 0 0
0 1 1 1 1 0 1 0 1 1 0 1 0 0 1 1 1 1 0 0 0 0 1 1 0 0 0 0 1 1 1 1 0 1 1 0 1 0 0 1 1 0 0 1 0 0 1 1
1 1 0 1 0 0 1 1 1 1 0 0 1 0 1 0 0 1 0 1 1 0 1 0 1 0 1 0 0 1 1 0 0 0 1 0 1 0 1 0 1 0 1 1 1 0 1 0
1 1 0 0 0 0 0 1 1 0 1 0 1 0 1 0 0 1 0 0 0 0 0 1 1 0 0 0 0 1 1 1 0 0 0 0 0 1 1 1 1 1 1 1 0 0 0 0
1 1 0 1 1 1 0 0 0 0 1 1 1 0 1 1 0 1 0 1 0 0 1 1 0 0 1 0 0 1 0 1 0 1 0 0 1 0 1 1 1 1 1 0 1 1 1 1
1 0 0 0 1 0 0 0 1 1 1 0 0 0 0 1 0 1 1 1 0 1 0 0 0 1 1 0 1 1 1 1 0 0 1 0 0 0 1 1 0 1 0 0 0 0 0 0
1 1 0 1 1 1 0 1 1 1 1 0 1 0 1 1 1 0 0 0 1 1 1 0 0 0 1 1 1 1 0 0 0 1 1 1 0 1 1 1 0 0 0 1 1 0 0 0
0 0 1 0 1 0 0 1 0 0 0 1 1 1 1 0 0 1 1 0 1 0 1 0 0 1 1 0 1 0 1 1 0 1 1 0 1 0 1 0 1 1 0 0 0 0 1 1
1 1 0 1 0 0 0 0 0 0 0 1 0 1 0 1 1 0 0 1 0 0 1 1 1 1 1 1 0 0 0 0 0 1 1 1 0 1 0 1 1 0 0 1 1 1 0 1
1 0 0 0 1 1 1 1 1 1 0 0 1 1 0 1 0 0 1 1 1 0 1 0 0 0 1 0 1 0 1 0 0 0 0 0 1 0 1 1 0 1 1 1 0 0 1 1
1 1 0 0 1 0 1 1 1 1 0 0 0 1 0 0 0 1 1 0 0 1 1 0 0 0 0 0 0 0 0 1 0 0 1 1 1 0 0 0 0 1 1 1 1 1 1 0
1 1 1 1 1 1 1 1 0 0 1 1 0 1 0 0 1 1 1 0 0 0 1 1 1 0 1 0 1 0 0 0 0 0 0 1 0 0 0 0 1 0 1 1 0 1 0 0
1 0 1 0 0 1 1 1 1 0 1 0 1 1 0 0 1 0 0 0 0 1 0 0 1 0 1 0 0 0 1 0 0 0 0 1 1 0 0 1 0 0 0 0 1 1 0 0
0 1 0 0 1 0 1 0 1 1 1 0 0 1 1 1 1 1 0 0 0 1 0 0 1 0 1 1 1 0 1 1 0 1 1 0 0 0 1 1 1 0 1 0 0 0 0 0
0 1 0 0 0 1 1 1 1 0 0 1 1 1 0 1 1 0 1 0 1 0 1 0 1 0 0 0 0 1 1 1 0 1 1 1 1 1 0 1 0 0 0 1 0 1 1 0
1 1 0 1 1 0 0 1 0 0 0 0 0 1 0 1 1 1 1 0 1 1 0 0 1 0 1 0 1 1 1 1 0 0 1 0 1 1 0 0 0 0 0 0 1 0 0 1
0 1 1 1 1 1 1 1 0 1 0 0 1 1 1 1 0 1 0 1 1 1 1 1 0 1 0 1 1 1 1 0 0 0 0 0 0 1 1 1 1 0 1 0 0 1 0 1
1 1 0 0 1 0 0 1 0 1 0 0 0 1 1 0 1 1 1 1 1 0 1 1 0 0 1 1 1 1 0 1 0 1 1 0 0 1 1 1 0 1 1 0 1 0 0 0
1 1 1 1 1 0 0 0 1 0 1 0 0 1 1 1 1 0 0 0 1 0 0 1 0 1 1 1 1 1 0 0 0 0 1 0 1 1 1 0 1 0 1 0 1 1 0 0
1 1 0 0 1 1 1 1 0 1 1 1 1 1 0 0 0 1 0 0 0 1 1 0 0 0 0 0 0 1 1 1 0 1 1 0 1 1 1 0 0 0 1 0 0 1 0 1
0 0 0 1 0 0 0 1 1 1 1 1 0 1 0 1 0 1 0 1 0 0 0 1 0 0 1 0 1 1 0 0 0 1 0 0 1 0 1 0 0 0 0 1 1 1 0 1
0 1 0 0 1 0 1 1 0 0 0 1 0 0 1 1 1 0 1 1 1 1 0 1 1 1 1 0 1 0 1 0 1 1 0 1 1 0 0 1 1 1 1 0 0 0 0 0
0 1 0 0 0 0 0 1 1 0 0 1 1 0 0 0 0 0 1 1 0 0 0 0 0 0 1 1 0 0 0 0 1 0 0 1 1 0 1 0 1 1 0 1 1 1 1 1
1 0 0 1 0 1 1 1 1 1 0 0 0 0 1 1 0 1 1 0 0 1 0 1 1 0 1 1 1 0 0 0 1 1 1 0 0 0 0 1 0 1 0 1 0 0 0 1
1 0 1 0 1 0 0 1 0 0 1 0 0 0 0 0 0 1 0 0 0 0 0 1 0 0 0 1 0 0 0 1 1 1 1 1 1 0 1 1 0 0 0 1 0 1 0 0
1 1 1 1 1 0 0 0 1 0 1 0 0 0 1 0 0 0 1 1 1 0 0 1 1 1 0 1 0 0 1 1 1 0 1 1 1 1 0 1 0 1 0 0 1 1 0 0
0 0 0 0 0 1 0 0 1 1 1 1 0 0 1 0 1 0 1 0 0 0 1 0 0 0 1 0 1 0 0 1 1 1 0 1 0 0 1 0 0 0 0 0 0 0 1 1
0 0 0 1 0 0 1 1 1 1 1 1 1 0 1 0 1 0 0 1 0 1 1 0 1 1 1 0 0 0 1 1 1 1 1 0 1 0 1 1 0 1 1 1 1 0 0 0
1 1 0 1 1 1 0 1 0 0 0 0 0 0 1 0 0 0 0 1 1 0 1 1 0 1 1 0 1 1 0 0 1 0 0 1 1 1 1 1 1 0 0 1 0 1 1 1
0 0 1 0 0 0 0 1 0 0 0 0 1 0 0 1 0 1 0 0 0 1 1 0 0 0 1 0 1 1 1 0 1 1 0 1 0 1 1 0 0 1 1 0 1 0 0 0
0 0 0 1 1 0 1 1 0 1 0 1 1 0 1 1 0 0 1 1 1 0 0 0 1 0 0 1 1 1 0 0 1 0 0 0 1 0 0 0 0 0 0 0 0 1 1 0
0 0 0 1 1 0 0 1 0 1 0 1 0 0 0 0 0 1 1 0 0 0 1 1 1 0 0 1 1 1 0 1 1 1 1 1 1 1 1 0 1 1 1 0 1 1 0 1
0 1 0 1 1 0 1 0 1 0 1 1 0 0 0 0 1 0 0 0 0 0 0 1 0 1 1 0 0 1 0 1 1 0 0 1 0 1 1 1 0 1 0 0 0 1 1 0
1 0 1 1 0 1 0 0 0 0 1 0 1 0 1 1 1 1 1 0 0 1 0 0 1 0 1 1 0 1 0 1 1 1 0 1 0 1 0 1 0 1 1 1 1 0 0 1
0 0 0 1 1 0 0 0 0 1 1 1 1 0 1 1 1 0 0 0 0 0 1 0 0 1 1 0 1 1 1 0 1 0 0 0 0 1 0 0 1 0 1 1 0 0 0 1
1 0 1 1 1 0 0 0 0 1 1 1 0 0 1 0 1 0 0 0 1 0 1 1 0 1 0 1 1 1 1 1 1 0 0 0 0 0 1 1 0 0 1 0 1 1 0 1
1 0 0 1 1 0 0 0 0 0 0 0 1 1 1 1 1 0 1 0 0 0 1 1 0 0 0 1 0 0 0 1 1 0 0 0 0 0 1 0 0 1 0 1 0 1 0 0
1 0 1 1 0 0 1 0 1 0 0 1 0 1 0 1 0 1 1 0 1 0 0 1 0 1 1 1 0 0 0 0 1 1 0 0 1 0 0 0 1 0 1 0 1 0 1 0
1 0 1 0 1 0 1 1 0 1 0 1 0 1 1 1 1 1 0 0 1 1 1 0 0 0 1 1 1 0 0 0 1 1 0 1 1 1 1 1 0 0 0 0 0 1 0 1
0 1 0 1 1 0 1 0 0 1 0 0 1 1 0 0 0 0 1 0 0 0 0 0 0 0 1 0 1 0 0 1 1 1 1 1 1 1 0 1 1 0 0 0 1 1 0 0
0 0 1 1 1 1 1 0 0 0 1 0 0 1 1 1 1 1 1 0 1 0 1 1 0 0 1 0 0 0 1 1 1 1 1 1 1 1 1 1 0 0 1 0 0 1 1 1
0 1 1 0 0 0 1 0 1 0 1 1 0 1 0 1 1 0 0 0 0 0 0 0 0 0 0 1 1 0 0 1 1 0 1 0 1 0 0 0 0 1 0 1 1 0 0 1
0 0 0 1 1 1 0 1 0 1 1 1 1 1 0 0 1 1 0 1 0 1 1 0 0 0 1 0 0 0 1 0 1 0 0 1 0 1 0 1 0 0 1 1 0 1 1 0
1 0 1 0 1 0 1 1 1 1 1 0 0 1 1 1 1 1 1 1 1 1 1 1 0 1 1 0 0 0 0 1 1 1 1 0 1 0 0 1 1 1 0 1 1 1 1 1
0 1 1 0 0 0 1 1 1 0 0 1 1 1 1 0 1 1 0 1 0 0 1 1 1 1 1 1 1 1 1 0 1 0 0 0 0 1 1 0 0 0 0 0 0 0 1 1
1 0 1 0 1 1 1 0 0 1 0 0 1 1 0 1 1 0 0 0 0 0 1 1 1 1 1 0 1 1 0 0 1 1 1 0 0 0 1 1 0 0 1 1 0 1 0 0
1 0 1 1 1 1 0 1 1 1 0 0 1 1 1 0 0 1 1 1 0 0 1 0 0 1 1 1 0 1 1 1 1 1 1 0 0 1 0 0 0 1 0 1 1 1 0 1
0 1 1 1 0 0 1 1 1 0 1 1 1 1 1 1 0 0 1 0 0 1 0 0 1 1 1 1 1 1 0 0 1 1 0 1 0 1 1 1 1 1 0 1 0 0 0 0
0 0 0 1 0 1 0 1 0 0 1 1 1 1 0 0 1 0 1 1 1 0 0 0 1 1 0 0 1 1 0 0 1 1 1 1 0 0 1 0 1 0 1 0 1 1 0 1
1 1 0 0 1 1 1 1 1 1 1 1 0 1 0 0 0 1 1 0 1 1 0 1 1 1 1 1 1 1 0 0 1 0 1 1 1 1 1 1 0 1 0 0 0 0 1 1
0 1 0 1 0 0 0 0 1 1 1 0 1 1 1 0 1 0 1 1 0 0 0 1 1 0 1 0 0 1 1 1 1 0 0 0 1 0 0 0 0 0 1 0 1 1 1 0
0 0 0 1 0 1 0 1 1 0 0 0 0 0 0 0 0 1 1 0 0 1 0 0 0 1 1 1 1 0 1 0 0 1 0 0 0 1 1 1 1 0 1 0 1 1 1 1
0 0 1 0 1 0 1 1 1 1 1 0 1 1 0 1 0 0 1 0 1 1 0 1 1 0 0 1 0 0 1 0 1 1 1 1 0 1 1 0 0 1 1 0 1 1 0 0
0 1 0 0 0 0 1 1 1 1 0 0 0 0 1 1 1 0 1 0 1 0 0 1 0 1 0 0 0 1 0 1 0 0 0 1 0 0 0 1 0 1 0 0 1 0 0 1
0 0 0 0 1 1 1 1 0 1 0 0 0 1 1 0 0 1 1 1 0 1 0 1 0 0 1 0 0 1 1 0 1 1 0 1 0 0 0 1 1 0 1 0 1 1 1 1
0 1 1 1 1 1 0 0 0 1 0 0 1 1 0 1 1 0 0 1 1 1 1 1 0 0 1 1 0 0 0 0 0 0 0 0 1 1 1 0 0 1 0 0 1 1 0 1
1 0 1 0 1 1 1 0 0 1 0 0 1 0 0 0 1 0 1 1 0 0 1 1 1 0 0 0 0 0 1 0 0 1 1 1 1 1 1 1 1 1 1 1 1 0 0 1
0 0 1 1 1 1 1 0 0 1 0 1 0 1 0 0 0 0 1 1 1 1 0 1 0 0 1 1 1 1 0 1 0 0 1 1 0 0 1 0 1 1 0 1 1 0 1 1
0 1 0 1 1 1 1 1 1 1 0 1 0 0 1 1 1 1 0 0 0 0 0 1 0 0 0 0 0 1 1 0 1 1 0 0 0 1 0 1 0 0 0 1 1 1 0 0
0 0 0 1 0 1 1 0 1 1 1 0 0 1 1 0 0 0 0 1 0 0 1 1 1 0 0 1 0 1 0 1 1 1 0 0 0 1 1 0 1 0 1 1 1 1 0 0
0 0 1 0 0 0 1 1 1 1 1 0 0 1 1 0 0 1 0 1 1 0 1 1 0 0 0 1 0 0 1 0 0 0 0 1 0 0 0 1 0 0 0 1 1 1 0 0
1 0 0 0 0 0 1 0 1 0 1 0 1 1 1 0 1 0 0 0 1 0 1 1 0 0 1 1 0 1 1 1 0 0 1 1 0 1 0 0 0 1 1 1 0 0 1 1
0 1 1 1 0 1 0 1 0 1 1 1 0 1 1 1 1 1 1 0 0 0 1 0 0 1 0 1 0 1 1 1 0 0 1 0 1 0 1 0 0 0 0 1 0 1 0 0
1 1 0 1 0 0 1 0 1 1 1 0 1 0 0 1 1 1 1 1 0 1 0 1 0 1 0 1 0 1 1 0 0 0 1 0 0 0 0 0 1 1 1 0 1 1 0 1
1 0 0 0 1 1 0 0 0 0 0 0 1 1 1 1 0 0 0 1 1 1 0 1 1 0 1 1 0 0 1 1 0 1 0 1 0 1 1 1 0 0 1 0 0 0 0 0
0 1 1 1 0 0 0 0 1 0 1 1 1 1 1 0 0 1 0 1 1 1 0 0 0 1 0 0 1 0 1 1 1 1 0 1 0 1 1 0 0 0 0 0 1 0 1 0
0 0 0 1 1 0 0 1 0 0 1 0 0 0 1 0 0 1 0 1 0 0 0 0 0 0 0 1 1 0 0 0 0 0 1 0 1 0 0 1 1 1 1 1 0 0 0 0
1 1 1 0 1 0 1 1 0 1 1 1 1 0 0 1 1 0 1 1 0 0 1 1 1 0 1 1 1 1 1 1 1 0 1 1 0 0 0 1 1 0 0 1 1 0 1 0
1 1 0 1 0 0 1 0 1 1 0 0 0 0 0 1 1 0 1 1 0 1 0 0 0 0 0 1 1 0 1 0 1 1 0 0 0 0 1 0 0 0 1 1 1 0 0 0
1 1 0 0 1 1 1 0 1 0 1 1 0 0 1 0 1 1 1 0 1 1 0 1 0 1 0 0 0 0 0 0 1 0 1 1 0 1 0 1 1 0 1 1 1 0 0 1
0 1 1 0 1 0 1 0 0 0 1 0 0 1 1 0 1 1 0 1 1 1 0 1 1 1 1 0 0 0 0 0 0 1 0 0 1 1 1 0 1 0 1 1 0 1 0 1
0 1 1 1 1 1 0 1 1 0 1 1 0 0 0 0 1 0 0 1 0 0 1 0 1 0 0 1 0 1 1 1 0 0 0 1 0 0 0 0 1 1 0 1 0 1 0 1
1 0 0 0 0 0 0 0 0 1 1 1 1 0 0 0 1 0 0 1 0 1 0 1 0 1 0 1 1 0 0 0 1 0 1 0 1 1 1 0 1 0 1 0 0 0 1 0
1 1 0 0 0 1 1 0 0 0 1 0 1 0 0 0 0 0 1 0 0 0 1 1 0 1 0 1 0 1 1 1 0 1 0 1 1 0 0 0 0 1 1 0 1 1 1 0
0 1 1 1 0 0 1 0 1 0 1 0 1 0 1 1 1 1 0 0 0 1 1 1 1 0 0 0 1 0 0 0 1 1 0 0 1 0 0 0 1 1 1 0 0 1 0 1
0 0 0 0 0 1 1 0 1 1 0 1 1 1 0 0 0 0 1 0 0 1 1 0 1 0 0 0 1 1 1 0 0 1 1 0 0 1 0 0 1 1 0 0 0 0 0 0
1 0 0 1 0 0 0 0 1 0 0 1 1 1 1 0 0 1 0 0 1 0 1 0 0 1 0 0 0 1 0 1 0 1 1 1 0 0 0 1 1 1 1 0 1 0 0 0
0 1 0 0 0 1 1 1 1 0 1 1 0 1 0 0 1 1 0 1 0 1 0 0 1 0 0 1 1 0 0 0 0 1 0 1 0 1 1 1 0 1 1 0 1 0 0 1
1 1 1 1 1 0 0 0 0 0 0 1 1 1 0 1 1 1 1 1 0 0 0 1 0 0 0 0 1 1 0 1 1 0 1 1 0 1 1 0 1 1 1 0 0 0 1 0
1 1 1 0 0 0 1 1 0 1 1 0 1 0 1 0 1 0 0 1 1 0 0 0 1 0 0 1 1 1 1 0 1 1 0 1 1 0 1 0 0 1 1 1 0 0 0 0
0 0 1 1 1 1 1 0 0 1 0 0 0 1 1 0 0 1 0 0 1 0 0 1 0 1 0 0 1 0 0 1 1 0 0 0 0 1 0 0 0 1 1 0 0 0 0 0
1 0 0 0 0 0 1 1 0 0 1 1 1 0 0 1 0 1 1 1 1 1 0 0 1 1 0 0 0 1 1 0 1 1 0 0 1 0 1 0 0 0 0 1 1 1 1 0
1 1 1 0 1 0 1 1 1 0 0 0 0 1 1 0 0 0 0 0 0 1 0 0 0 0 1 0 1 1 0 1 1 1 1 0 0 1 1 1 1 0 1 1 1 0 1 1
1 1 0 0 0 1 1 1 1 1 0 1 1 1 1 1 0 0 1 1 0 0 1 0 1 1 0 0 1 1 0 1 1 0 1 0 0 0 0 0 1 1 1 1 0 0 0 1
0 0 0 0 1 0 1 1 0 0 1 0 1 1 1 1 1 0 0 1 1 1 1 0 1 0 0 0 1 1 0 0 1 0 1 0 0 0 0 1 0 1 0 1 0 1 1 1
1 0 0 1 1 0 0 0 0 0 0 0 1 0 1 0 1 0 1 1 0 1 0 0 1 0 0 0 0 1 1 0 0 1 1 1 0 1 0 1 0 0 1 0 0 0 1 1
1 1 0 1 1 0 0 1 0 1 1 0 0 0 1 0 0 1 0 1 0 0 0 0 0 1 0 1 1 0 0 1 0 0 1 1 0 0 1 0 0 0 0 0 1 1 1 1
0 1 1 1 0 1 0 1 0 1 1 1 1 1 0 1 0 0 1 0 0 1 1 1 0 0 1 1 1 0 0 0 1 1 1 1 0 0 1 0 1 0 1 1 0 1 1 1
1 0 1 0 0 0 1 0 0 0 1 0 1 0 1 1 0 1 1 0 1 0 1 1 1 1 0 0 1 0 0 0 0 0 1 1 0 1 1 1 1 1 0 0 0 0 0 0
0 1 1 0 0 0 0 0 1 0 1 0 1 0 0 0 1 0 0 1 0 0 0 0 1 0 0 1 1 1 1 1 1 1 1 1 1 1 1 1 1 0 1 0 0 1 0 1
1 0 1 1 0 0 0 1 1 0 0 1 1 0 0 1 1 0 0 0 0 1 0 1 1 0 1 1 0 1 1 0 1 1 1 0 1 1 1 0 1 1 1 1 0 1 1 0
0 1 1 0 1 0 0 1 1 0 1 0 1 1 1 1 0 0 0 1 1 0 1 1 1 1 1 1 0 0 0 0 1 0 1 1 0 0 0 1 1 0 1 0 1 0 0 1
1 1 1 1 0 0 1 1 1 1 1 1 0 1 0 0 0 1 0 1 0 1 0 1 1 0 0 0 1 1 0 1 1 1 0 1 1 0 1 0 1 0 0 0 0 0 1 0
0 0 1 0 0 1 0 0 1 1 1 0 0 0 1 0 1 0 1 0 1 1 0 0 1 0 0 0 0 1 1 1 1 1 0 0 1 1 0 1 1 1 1 0 1 0 1 0
1 1 1 1 0 1 1 0 0 1 1 0 0 0 0 0 1 0 0 0 1 1 0 0 1 1 1 0 1 1 0 0 1 1 1 0 0 1 0 0 0 0 0 1 1 1 1 1
0 0 0 1 0 0 1 1 0 0 0 1 0 0 0 1 0 0 0 1 1 1 1 0 0 1 1 0 1 0 0 1 1 1 0 0 0 0 1 1 0 1 0 0 1 0 1 1
1 0 1 1 0 0 0 0 1 1 0 1 1 0 1 1 1 1 1 1 1 1 1 1 0 1 1 0 1 0 1 1 0 0 1 1 0 0 1 0 1 0 1 0 0 1 0 1
1 0 1 1 1 1 1 0 0 0 1 1 1 1 1 1 0 0 0 1 0 1 1 0 0 0 1 0 1 0 0 0 1 0 0 0 0 0 1 1 1 0 0 1 1 0 0 0
1 1 0 0 0 1 1 1 0 0 0 0 1 1 0 1 1 1 0 0 1 1 0 1 1 1 0 0 0 0 0 1 1 1 0 1 0 0 1 1 1 1 0 1 0 1 1 1
1 1 1 0 0 0 1 1 1 0 0 0 0 1 1 1 1 0 1 1 0 1 1 0 1 0 0 1 0 1 0 0 0 1 0 0 1 0 0 1 1 0 1 1 0 1 0 0
0 0 0 1 0 0 1 0 1 1 0 0 1 0 0 0 0 1 1 0 0 0 0 0 1 0 1 0 0 0 1 1 1 0 0 1 1 0 0 0 1 1 0 1 0 0 1 0
1 1 0 0 0 1 1 0 0 1 1 0 0 0 0 0 1 1 0 1 1 1 1 0 0 0 1 0 1 0 1 1 0 1 0 0 0 1 1 1 0 1 0 1 0 1 1 1
1 0 0 1 0 1 0 1 1 0 1 0 0 1 0 0 0 1 1 1 1 1 1 0 1 0 1 1 0 0 0 0 0 1 1 0 1 1 1 0 0 0 0 1 0 1 1 0
0 1 0 0 0 1 1 0 0 1 0 0 0 0 1 1 0 0 0 1 0 0 1 0 0 1 0 1 0 1 1 0 1 0 1 1 0 1 1 1 0 1 0 1 0 0 1 1
0 1 1 0 0 0 1 1 0 0 1 1 1 0 1 1 0 1 0 1 0 1 0 0 1 0 0 1 0 0 0 1 0 1 1 1 0 1 0 0 1 1 0 1 1 1 1 0
0 1 1 0 1 1 1 0 0 0 0 1 0 1 0 0 1 1 0 0 0 1 1 0 0 0 1 1 0 1 1 1 1 0 0 0 1 0 1 1 1 1 0 0 1 0 0 1
1 0 1 0 0 0 0 0 0 0 0 1 0 1 1 1 1 1 0 1 0 0 1 1 1 0 0 0 1 0 1 1 0 0 0 0 0 0 0 0 1 1 0 0 1 1 1 0
1 0 1 0 0 0 0 0 1 0 0 0 1 0 0 0 1 0 1 1 1 0 1 1 0 1 0 0 1 0 1 1 1 0 1 0 0 1 0 0 0 0 0 1 0 0 1 0
1 0 0 1 0 0 1 0 0 1 0 0 1 1 0 1 0 1 0 0 0 0 0 0 1 0 0 1 1 0 0 0 0 0 0 0 0 1 1 0 1 0 0 1 0 1 0 1
1 1 1 1 0 1 1 1 0 1 1 1 1 0 1 1 0 1 0 0 1 0 0 1 0 1 1 1 1 0 0 1 1 0 0 1 1 1 0 0 0 1 1 1 1 0 1 1
0 0 0 1 0 0 1 0 0 1 1 1 1 1 1 0 1 1 1 1 1 0 0 1 1 1 0 0 1 1 1 1 0 1 1 0 1 1 0 1 1 1 1 1 0 1 1 0
0 1 0 0 1 0 1 1 0 1 1 0 1 1 1 0 1 0 1 0 0 1 0 0 0 1 0 1 1 1 0 0 0 0 0 0 1 0 1 1 1 1 1 1 1 0 0 1
1 0 0 0 0 1 1 0 1 0 0 0 0 0 1 0 1 1 0 0 1 0 1 1 1 0 1 1 1 0 0 1 0 0 0 0 1 0 1 1 0 1 0 1 1 1 1 1
0 0 1 1 0 1 0 1 1 1 0 0 1 0 1 0 1 1 0 1 1 0 0 1 0 0 0 0 0 1 0 0 0 0 1 1 0 1 1 0 0 1 0 1 0 1 1 0
0 1 0 0 0 1 0 1 1 0 0 1 1 0 1 0 1 1 0 1 1 0 1 1 1 1 0 1 0 1 0 1 1 1 0 1 1 1 0 1 1 0 1 0 1 0 1 0
0 0 0 0 0 0 0 0 0 1 0 1 0 1 1 0 1 1 1 0 1 1 1 1 1 0 0 1 0 1 0 0 1 0 1 1 0 0 1 1 1 0 0 0 0 0 1 0
1 0 0 1 0 1 1 1 0 0 1 0 1 1 1 0 1 1 1 1 1 1 0 0 1 0 1 1 1 0 0 1 1 0 1 0 1 1 1 0 1 1 1 1 0 1 0 1
1 1 0 0 0 0 0 0 0 1 0 1 1 0 0 0 1 1 1 0 0 1 1 0 1 1 1 0 0 1 0 0 1 0 1 0 1 0 1 1 1 0 1 0 0 1 0 1
1 1 1 0 1 0 1 0 1 1 1 0 1 0 0 1 1 0 0 1 1 0 1 0 1 1 1 1 0 1 0 0 1 0 0 0 1 1 0 1 1 1 0 0 0 0 1 0
0 0 0 0 0 1 1 0 0 0 1 0 0 1 1 0 0 1 0 1 1 1 0 1 0 1 0 1 1 1 1 0 0 1 1 0 1 0 1 1 0 0 0 0 1 0 0 1
1 0 0 0 1 0 1 0 0 1 0 1 0 1 1 0 1 1 0 0 0 1 0 0 0 1 0 1 0 1 1 0 0 1 0 1 1 1 1 0 1 1 0 1 1 1 1 0
0 0 0 0 1 0 1 1 1 0 0 1 0 1 1 0 0 1 1 1 0 0 0 0 0 1 0 1 0 0 1 0 1 0 1 0 0 1 1 1 1 0 0 0 0 1 1 0
0 0 1 0 0 1 1 0 0 1 0 1 1 1 1 1 1 0 1 0 0 1 0 1 1 1 0 1 1 0 0 1 1 1 1 1 1 0 0 1 0 0 1 0 1 0 1 1
1 1 0 0 0 1 0 0 0 0 1 0 0 1 1 0 1 1 1 1 0 0 1 0 0 1 1 0 1 1 1 0 0 0 0 1 0 1 1 1 0 0 1 1 1 1 1 0
0 0 1 0 0 0 0 0 0 0 1 0 0 0 0 1 1 0 1 0 0 1 0 1 1 0 1 1 1 1 1 0 0 0 0 0 1 0 1 1 0 0 0 1 0 1 1 1
0 0 1 1 0 0 1 1 0 0 1 0 1 0 0 1 0 0 1 1 0 0 1 0 1 0 0 0 1 0 1 1 0 0 0 0 0 1 1 0 0 1 1 0 0 1 1 0
1 0 1 0 0 0 0 1 1 0 1 1 0 1 0 0 0 1 1 0 0 0 1 1 1 0 1 0 0 1 1 0 0 1 0 1 0 0 1 1 1 1 0 0 0 1 0 1
0 1 0 1 0 1 0 1 1 0 1 0 1 0 0 0 1 0 1 0 0 1 1 1 0 0 0 0 0 0 0 1 1 0 1 0 0 0 1 0 1 0 0 0 1 0 1 0
0 1 1 0 1 1 0 1 0 0 0 1 1 0 1 0 0 0 0 0 0 0 0 0 0 1 0 1 0 0 0 0 1 1 0 0 0 0 0 1 0 1 1 0 0 1 0 1
0 1 0 1 1 1 0 1 1 0 1 0 0 1 1 0 0 1 1 0 1 1 1 0 1 0 0 1 1 1 1 1 1 0 0 1 0 0 1 1 0 1 1 0 0 1 1 0
0 0 0 0 0 0 1 1 0 1 1 1 1 1 1 0 0 0 0 1 1 0 1 1 0 0 0 0 0 0 1 1 1 0 0 1 1 1 0 1 1 1 0 0 0 1 0 1
1 0 0 0 0 1 1 0 0 0 0 0 0 1 0 1 0 1 1 0 0 1 0 1 0 1 1 0 1 0 1 1 0 1 1 0 1 1 0 0 1 1 1 1 1 1 0 0
1 0 1 1 0 0 0 0 0 1 1 0 1 0 1 0 0 0 1 0 1 1 0 0 1 0 0 1 1 0 1 1 0 1 1 1 1 0 0 0 1 0 1 1 1 1 0 0
1 0 1 0 1 0 0 0 0 1 0 1 0 0 0 1 0 0 0 0 0 0 1 0 0 0 1 1 0 0 1 1 0 1 1 0 0 1 0 0 0 0 0 0 1 0 1 0
0 1 1 1 1 1 1 1 1 1 0 1 1 1 1 0 1 0 0 1 0 0 0 1 0 1 0 1 1 0 1 1 0 1 1 1 0 1 0 0 0 0 1 1 0 0 0 0
1 0 1 0 1 0 1 0 1 1 1 1 1 0 1 0 0 1 0 0 0 1 1 1 0 0 1 0 1 0 1 0 0 0 1 0 1 1 0 1 0 1 1 0 1 0 1 1
0 1 0 0 1 1 0 0 1 1 1 1 1 1 1 1 1 0 1 1 1 1 1 0 1 1 1 1 1 0 1 0 1 1 0 0 1 1 0 0 1 0 0 0 1 1 1 1
0 0 0 0 0 1 1 1 0 1 1 1 1 0 1 0 0 1 1 1 1 1 1 1 1 1 1 1 0 1 1 0 0 1 0 1 0 1 0 0 1 1 1 1 0 0 1 1
0 0 1 1 0 1 1 0 1 0 0 0 0 0 0 0 0 0 1 0 0 0 0 0 0 0 1 1 0 1 0 0 0 0 1 1 0 0 1 1 0 0 1 0 1 0 0 0
0 0 0 1 1 1 0 0 1 1 0 1 1 1 0 0 1 1 1 1 0 1 1 0 1 0 1 0 1 1 0 0 1 1 0 0 1 1 1 1 0 1 1 0 0 0 1 1
1 1 0 0 1 1 1 0 1 1 1 1 1 0 1 0 1 1 0 1 0 0 1 1 1 0 0 1 0 0 0 0 0 0 1 0 1 0 0 0 0 0 0 1 0 0 0 0
0 1 0 0 0 0 0 0 1 1 1 0 1 1 0 1 0 0 0 0 1 0 1 1 0 0 0 0 1 1 0 0 1 1 0 1 1 0 1 1 1 1 1 1 1 1 1 0
0 0 1 1 1 0 1 1 1 0 0 0 1 0 1 1 0 1 1 0 0 1 0 1 0 0 0 0 0 1 1 0 1 0 0 1 1 0 1 0 0 0 1 1 0 0 0 1
1 1 0 1 0 0 1 0 0 0 1 1 1 0 1 0 0 0 1 0 0 0 0 1 0 0 1 1 1 1 1 0 1 1 1 0 0 1 1 0 0 0 0 0 0 0 0 0
1 1 1 0 0 0 0 0 1 1 1 0 0 0 0 0 0 0 0 0 0 1 1 1 0 1 0 1 1 0 1 0 1 1 0 1 0 0 0 1 1 1 0 0 1 0 0 1
1 1 1 1 0 1 1 0 1 1 0 0 0 1 0 1 0 1 1 0 1 1 1 0 1 1 0 0 1 1 1 1 0 1 0 1 1 1 1 1 0 0 1 1 1 0 0 1
0 1 0 0 1 1 1 1 0 1 1 1 0 1 0 1 0 0 0 1 0 0 0 1 1 0 1 1 0 0 0 1 1 1 1 0 1 0 0 0 0 1 1 0 0 1 1 1
0 1 1 0 1 1 1 0 0 1 1 1 1 1 0 1 0 1 0 1 0 0 0 0 1 1 1 0 0 1 1 1 0 0 1 1 0 1 1 1 1 1 0 0 1 1 0 1
0 0 1 1 0 1 1 1 0 0 1 0 1 0 1 1 1 0 0 0 1 1 0 0 1 1 0 1 0 0 1 1 0 0 1 0 0 1 0 1 0 0 0 0 0 0 0 1
0 1 1 0 0 0 0 1 0 1 1 0 0 1 1 1 0 1 0 0 1 0 1 0 1 0 1 0 1 0 1 1 1 0 1 1 0 1 1 0 1 1 0 1 1 1 1 0
1 0 0 0 0 0 1 0 0 0 1 0 0 0 1 1 0 0 1 0 1 1 0 0 0 0 1 0 1 1 1 0 0 0 0 1 1 1 1 0 1 1 0 0 1 1 0 1
1 1 1 0 1 0 1 1 0 1 0 1 0 0 1 0 1 0 1 0 0 0 0 0 1 0 1 0 0 0 0 0 0 0 1 0 1 1 0 0 0 1 1 1 0 1 1 1
0 1 0 0 0 1 0 0 0 0 0 1 1 1 0 1 0 1 1 0 1 0 1 1 1 0 0 1 1 0 1 0 0 0 0 1 0 0 1 0 0 0 0 0 1 0 0 1
0 1 1 0 0 1 0 0 0 0 1 1 1 0 0 1 1 0 0 0 1 1 0 0 1 1 1 0 1 1 0 1 0 1 0 0 0 0 1 0 1 0 1 0 0 0 1 0
0 1 0 0 0 0 1 0 0 1 1 0 0 0 1 1 0 1 1 1 1 0 1 0 1 0 1 0 0 1 0 1 1 0 1 1 1 1 1 0 0 0 1 0 1 1 0 1
1 0 0 0 0 0 1 1 0 1 1 1 0 0 1 0 0 1 1 0 1 0 0 0 1 1 1 0 1 0 0 0 0 1 0 0 0 0 0 1 1 0 0 1 1 0 0 0
0 1 1 1 0 1 0 1 1 1 0 0 0 1 0 1 1 1 0 1 1 0 0 0 1 1 1 0 1 0 1 0 1 0 1 1 0 0 0 1 0 0 0 0 0 0 1 0
0 0 0 0 0 0 1 0 1 1 1 1 1 1 0 1 0 0 1 0 0 1 1 1 1 0 0 0 0 0 1 1 1 0 0 0 0 1 0 1 0 0 0 1 1 1 1 1
1 1 1 1 1 0 0 1 1 1 1 1 1 0 0 1 0 1 1 1 1 0 1 0 1 0 0 1 0 0 0 1 1 1 0 0 0 0 1 1 1 0 1 1 0 0 1 1
0 0 0 0 1 0 0 0 1 0 0 1 0 1 1 0 1 1 0 1 1 1 0 1 0 0 0 0 0 1 1 0 0 0 0 1 1 0 1 0 0 1 1 0 0 1 0 0
0 0 1 0 1 1 0 1 0 0 1 0 1 1 1 0 1 1 0 0 0 0 0 1 1 1 1 0 0 1 0 1 1 0 1 0 1 1 0 0 1 0 0 1 1 1 1 1
1 1 1 0 0 1 0 1 1 1 1 0 0 1 1 1 0 1 1 1 0 0 0 1 1 0 0 1 1 0 1 0 0 0 1 0 1 1 1 0 1 0 0 0 1 0 1 0
0 0 0 0 1 0 0 1 0 1 1 0 0 1 0 0 1 0 0 0 0 1 1 1 1 1 0 0 1 0 0 0 0 1 0 1 0 1 0 0 0 1 0 1 0 0 0 0
1 1 1 1 1 0 1 0 0 1 0 0 0 1 0 1 0 1 0 1 1 0 0 1 1 0 1 1 0 1 1 1 0 1 0 1 1 0 0 1 0 1 0 0 0 1 0 1
0 1 0 0 1 0 1 0 0 1 1 0 1 0 1 0 0 1 1 0 1 1 1 0 0 1 0 1 1 0 0 1 1 1 1 0 0 1 1 1 0 1 1 1 0 1 1 0
1 0 1 1 0 0 1 0 1 0 0 1 0 0 0 1 0 1 1 0 1 0 1 0 0 0 0 0 1 1 1 0 1 0 1 0 0 0 1 1 1 1 0 1 1 1 1 0
1 0 1 1 1 0 0 0 1 0 0 0 0 0 1 1 0 0 1 1 0 1 1 0 1 1 0 1 0 1 0 1 1 1 1 0 1 0 1 0 1 1 0 0 0 0 1 1
1 1 1 1 0 0 1 0 0 0 1 0 1 1 1 0 1 1 1 0 0 0 1 0 0 0 0 1 1 1 0 0 1 0 0 1 0 1 0 1 1 0 0 0 1 1 1 1
0 1 0 0 1 0 0 1 1 1 0 0 1 1 1 0 0 1 0 1 1 1 0 1 1 1 1 1 1 0 0 1 0 1 1 1 1 0 1 0 1 0 0 1 0 0 1 0
1 1 0 0 1 1 0 1 1 0 1 0 1 0 0 0 0 0 1 1 0 0 1 0 1 0 0 1 1 1 1 0 0 1 1 0 0 1 0 1 1 0 0 1 1 1 0 1
1 0 0 0 0 1 0 0 1 0 0 1 1 1 0 1 1 1 1 0 1 1 0 1 0 1 1 1 0 1 0 1 1 0 0 1 1 1 1 0 0 0 0 1 1 1 0 0
0 1 1 0 1 1 0 1 0 1 0 1 0 0 1 0 1 1 0 1 0 1 1 0 1 0 0 1 1 1 1 1 0 0 0 1 1 0 0 1 0 0 1 1 1 0 0 1
0 1 1 1 0 1 0 1 1 1 0 1 0 0 1 0 1 0 1 1 0 1 0 1 1 0 1 0 1 0 0 1 1 0 0 0 0 1 0 1 1 0 0 0 0 1 0 1
0 0 1 0 1 0 0 0 0 0 0 1 1 1 0 0 0 0 0 0 0 1 1 0 1 1 1 0 1 0 0 1 0 0 0 1 1 1 0 1 1 0 1 0 0 1 1 1
0 0 0 1 0 1 0 0 0 1 1 1 1 0 0 1 1 0 0 0 1 0 0 0 0 0 0 0 1 0 0 1 0 0 1 1 0 0 0 1 0 1 1 1 0 1 0 1
0 0 0 1 1 0 1 0 1 0 0 0 0 0 0 0 1 1 1 1 1 1 1 1 1 0 0 0 0 1 0 1 0 0 0 0 0 1 1 1 1 0 0 0 1 0 0 0
1 1 0 0 0 0 0 0 1 0 0 0 0 0 1 0 0 0 0 0 1 1 1 0 0 0 1 0 0 0 1 1 1 0 1 0 0 0 0 0 0 0 1 0 0 1 0 0
0 1 1 0 0 0 1 1 0 0 0 0 0 0 0 1 1 0 0 1 1 0 1 1 0 1 0 1 0 0 1 1 0 1 1 0 1 0 1 0 1 0 1 0 1 1 1 1
1 1 0 0 0 1 0 0 1 1 0 1 0 1 1 1 0 0 0 0 0 0 1 1 0 1 1 0 1 1 1 0 1 0 1 1 1 0 0 0 0 0 0 0 1 1 0 1
1 0 1 0 1 1 1 1 1 1 1 1 1 0 0 0 1 1 1 0 1 0 1 1 0 0 1 1 1 0 0 1 0 0 0 0 1 0 1 0 0 0 1 0 1 1 0 0
1 0 0 1 0 0 1 0 0 1 1 0 1 1 1 1 1 1 0 1 1 1 0 0 0 1 1 0 0 0 0 0 0 0 1 0 0 1 0 1 0 0 1 0 1 1 0 0
0 0 1 1 0 0 1 1 1 0 0 1 1 1 0 0 1 1 1 1 0 0 1 1 0 0 1 1 1 0 0 0 0 0 1 1 0 0 0 1 0 1 0 0 0 1 1 1
0 0 1 0 1 1 0 0 1 1 0 1 0 0 1 1 0 1 0 0 1 0 0 0 1 1 0 0 1 0 1 0 1 0 0 0 1 0 1 0 1 1 1 1 1 0 0 1
1 0 0 1 1 0 1 1 1 0 1 0 1 1 0 1 0 0 1 0 0 0 1 1 0 1 0 0 1 1 1 0 1 1 1 0 0 0 0 1 0 1 1 0 1 0 1 0
0 1 1 0 0 1 0 0 0 0 1 0 0 1 1 0 0 1 1 1 0 1 1 0 0 0 0 0 0 0 1 0 1 1 1 1 0 0 1 0 1 1 1 1 0 0 0 0
1 0 1 0 0 1 1 1 1 1 1 0 0 0 0 0 1 1 0 0 0 0 1 0 1 1 0 1 0 1 0 1 1 0 1 1 0 1 0 1 1 0 1 1 1 1 1 1
0 1 0 1 1 1 1 0 1 0 0 1 0 0 0 0 0 0 1 1 0 0 1 0 1 1 1 1 1 1 1 1 0 0 1 1 1 1 1 0 1 0 1 0 0 0 1 0
0 1 1 1 1 0 1 1 1 0 1 1 0 0 0 0 1 1 1 0 1 1 0 0 0 0 0 0 0 1 0 1 0 1 1 0 1 1 1 0 0 1 1 1 1 0 1 0
0 0 1 1 1 1 0 1 0 1 1 0 0 0 0 1 0 0 1 1 0 1 0 0 1 1 0 0 1 0 1 0 1 1 1 1 1 1 0 0 1 0 0 1 0 1 0 1
1 1 1 0 0 1 0 1 0 1 1 0 1 0 1 1 0 0 0 0 0 1 0 0 0 0 1 1 0 1 0 0 1 0 0 0 0 0 1 0 0 1 0 0 1 1 1 1
1 0 0 0 0 0 0 1 0 1 0 1 0 1 0 0 0 0 0 1 1 0 0 0 1 0 0 0 1 1 0 1 1 0 0 0 1 1 1 1 0 0 0 1 1 1 0 0
1 1 0 1 1 0 0 0 1 0 1 1 0 0 0 1 1 1 0 0 1 0 1 0 1 0 1 1 0 0 1 0 0 0 0 1 1 1 1 1 1 1 1 1 1 1 0 0
1 1 1 0 1 1 0 0 1 1 0 1 1 1 0 0 0 1 0 0 1 1 1 1 0 1 0 1 1 0 0 0 0 1 1 0 0 1 1 1 1 0 0 1 1 0 1 0
1 0 1 0 0 0 0 0 1 1 1 1 0 1 0 0 1 0 1 1 1 0 1 0 1 1 1 0 1 0 0 0 0 1 1 1 1 0 1 0 0 1 0 0 1 1 1 0
1 0 0 0 1 1 0 0 1 0 0 1 1 1 1 1 1 0 1 1 0 0 1 0 1 0 0 0 0 0 0 1 0 0 1 0 1 1 1 1 0 1 1 0 1 1 0 1
0 0 0 0 0 0 0 1 1 0 1 1 1 1 0 0 1 1 1 0 1 0 0 1 1 1 1 1 1 0 1 1 1 1 0 0 0 1 0 1 0 1 0 1 1 1 0 0
1 1 1 0 1 0 0 1 1 0 1 1 1 0 0 0 1 1 0 1 0 0 0 0 0 0 1 0 1 0 1 0 1 1 1 1 0 0 0 0 1 0 1 0 1 1 1 0
1 1 0 1 0 1 1 0 0 0 0 0 0 0 1 0 1 0 0 1 1 0 0 0 1 0 0 1 1 0 1 0 1 1 1 0 1 1 0 1 0 1 1 1 1 0 1 1
1 1 0 1 0 0 0 1 0 0 0 1 1 0 0 0 1 1 0 0 0 1 1 0 0 1 0 0 1 1 0 1 0 0 0 0 0 1 0 0 1 1 0 1 0 1 1 1
1 1 0 1 1 0 1 1 1 1 1 1 0 0 1 0 0 1 1 1 0 0 1 0 0 1 1 1 0 1 1 0 0 1 0 1 1 1 0 1 0 0 1 0 1 0 0 0
1 0 0 1 1 1 1 1 1 0 1 1 0 0 1 1 1 0 0 1 1 0 1 1 0 1 1 1 0 0 1 0 0 1 0 0 0 0 0 0 0 1 0 0 0 0 1 0
0 1 0 1 0 1 1 0 0 1 0 1 0 1 1 1 0 1 1 0 0 1 0 1 0 1 0 0 0 0 0 0 0 1 0 0 1 0 1 1 0 1 0 0 0 1 1 0
1 1 1 0 1 1 1 0 0 1 1 1 1 1 0 1 1 0 1 1 0 1 0 1 0 1 0 0 1 1 1 1 1 0 0 1 1 1 1 0 0 1 0 1 0 1 0 1
1 1 0 0 1 0 0 0 0 0 1 1 0 0 1 0 1 1 0 0 1 1 1 1 1 1 1 0 0 1 1 1 1 1 1 1 1 0 0 0 0 1 0 1 1 0 0 1
0 0 1 0 1 0 0 0 0 0 1 1 1 1 0 1 1 1 1 0 0 0 0 0 0 0 0 1 0 0 1 0 0 1 1 0 1 0 0 1 1 0 1 1 1 0 1 1
0 0 1 1 1 1 1 0 0 0 1 0 1 1 1 1 0 1 0 0 1 0 1 0 1 0 1 0 0 1 0 1 0 1 0 0 1 1 0 1 0 1 0 1 1 0 1 0
0 0 1 0 1 1 0 0 0 0 1 1 0 1 0 0 0 0 0 0 1 0 1 0 1 0 0 1 1 0 1 0 1 1 0 0 1 1 0 0 0 0 1 1 0 0 0 0
0 0 0 0 1 0 0 0 1 1 0 0 1 0 1 1 1 1 1 1 0 1 0 0 0 0 1 1 1 1 0 1 0 0 0 0 1 1 0 0 1 1 0 1 1 0 1 0
1 1 0 1 1 1 0 0 0 1 0 0 0 0 1 1 1 0 0 1 0 1 0 1 0 1 1 1 0 0 0 1 1 1 1 1 0 0 0 1 1 1 1 1 0 1 1 0
0 1 0 1 1 0 1 1 0 0 0 0 1 1 0 0 0 1 1 1 0 0 1 1 1 1 0 0 1 0 1 0 1 1 0 0 1 1 0 0 1 1 0 1 1 0 1 1
1 1 0 1 1 0 1 1 0 1 1 0 0 0 0 1 0 1 0 0 1 1 1 1 0 1 1 1 1 0 1 1 1 0 0 0 1 0 1 0 1 0 0 1 0 0 0 0
1 1 1 0 1 1 0 0 1 1 0 0 0 1 1 0 1 1 1 0 1 0 0 0 1 0 0 1 0 0 0 0 0 1 1 1 0 1 0 0 1 1 1 0 0 1 0 1
0 1 1 1 1 0 0 0 1 0 0 0 0 0 1 0 0 1 1 1 0 1 0 1 1 1 0 0 1 1 0 0 0 1 0 1 0 0 0 1 0 1 0 1 1 1 1 0
0 1 1 1 0 0 1 1 0 1 1 1 1 1 0 0 1 0 0 0 1 0 1 1 1 0 1 1 0 1 1 0 0 1 0 0 1 1 1 1 1 0 0 0 1 0 1 1
0 1 0 0 0 1 1 1 1 0 1 1 0 1 1 1 0 0 1 1 1 0 0 1 0 0 1 0 0 1 0 1 0 0 1 0 0 0 0 0 1 0 0 0 0 1 1 0
1 1 0 1 1 1 0 0 0 0 0 0 1 1 1 0 0 1 0 1 0 1 0 1 0 1 0 0 0 0 1 1 1 0 1 0 1 0 0 1 1 0 1 1 0 0 1 1
1 1 0 0 1 0 0 0 1 0 1 1 1 1 1 1 0 0 1 1 0 0 1 0 0 1 1 1 1 1 0 1 0 1 1 1 1 0 0 0 0 0 1 1 0 1 0 1
0 0 1 0 0 0 0 1 0 1 0 1 1 1 1 1 0 0 0 0 0 0 1 1 1 0 1 1 0 1 0 1 0 0 0 1 1 0 1 0 1 1 1 0 0 0 0 0
1 1 0 1 0 1 0 1 0 1 0 1 0 0 1 0 0 0 1 1 0 1 0 1 1 1 1 0 0 0 1 0 0 0 0 1 0 1 1 0 0 0 0 0 1 0 0 0
0 1 0 0 1 0 0 1 1 0 1 1 0 1 0 1 1 1 1 1 0 1 1 1 0 1 0 0 1 0 0 1 1 0 0 0 0 0 1 1 0 0 1 0 0 1 0 1
1 0 1 0 0 1 1 0 1 1 0 1 0 0 0 0 0 0 1 0 1 1 0 0 0 1 0 1 0 1 1 0 0 0 0 0 0 1 0 1 0 0 1 1 0 1 0 0
1 1 1 1 0 1 1 1 1 0 0 0 1 1 0 0 0 0 1 0 1 0 0 0 0 1 0 0 0 1 1 1 1 0 0 0 1 1 1 0 1 1 1 0 0 1 1 1
1 1 0 0 0 0 0 0 0 0 1 1 0 1 1 0 0 0 1 1 1 1 0 0 1 1 0 1 0 0 1 0 0 0 0 0 0 0 1 0 1 1 1 1 1 0 1 1
0 1 0 0 0 1 1 0 0 1 0 0 0 0 0 0 0 0 0 1 1 0 0 0 0 0 0 0 1 1 0 0 0 1 0 1 0 0 0 0 1 0 1 1 0 0 1 1
0 1 1 1 0 1 0 0 1 1 1 0 1 1 0 0 1 1 1 1 1 1 1 0 0 1 1 1 0 0 0 1 0 0 0 1 1 0 1 1 1 1 1 0 0 0 1 0
0 1 1 1 0 0 0 0 1 0 1 1 1 0 1 1 1 1 1 1 1 1 0 0 1 0 1 0 0 1 0 0 0 0 1 1 1 0 0 1 1 0 0 1 0 0 1 1
0 1 1 1 1 0 0 1 1 1 0 1 1 1 0 1 0 1 0 0 0 1 0 1 1 0 0 1 0 1 0 1 1 0 1 0 0 1 0 1 1 0 1 0 1 1 1 0
0 0 0 0 1 1 1 1 0 0 0 0 1 0 1 0 1 0 0 0 0 1 1 1 0 1 1 1 1 0 1 1 0 0 1 1 0 0 1 0 1 1 0 1 1 1 0 1
1 1 1 1 0 1 1 1 0 1 0 1 0 1 1 0 1 0 0 0 1 1 1 0 0 0 0 1 1 0 1 0 1 0 1 0 0 0 1 0 1 1 1 0 1 1 1 0
0 0 1 1 1 1 1 0 1 1 1 1 1 0 1 1 0 0 0 0 1 1 1 1 0 1 0 0 0 1 0 1 1 1 1 1 0 0 0 0 1 0 0 0 0 1 0 0
1 1 1 1 0 1 1 0 1 1 1 1 1 1 1 0 0 0 1 0 0 0 0 0 1 1 1 1 0 0 1 0 1 1 0 1 1 0 1 1 0 0 1 1 0 1 1 1
0 0 0 0 0 1 0 0 1 0 1 0 1 0 0 1 0 0 1 1 0 1 0 1 1 1 1 1 0 0 0 0 1 0 0 1 0 1 0 0 0 1 1 0 0 1 0 0
1 0 1 1 0 0 1 1 1 1 1 1 0 0 1 0 1 1 0 1 1 1 0 0 0 0 1 0 0 1 0 0 1 0 0 1 0 0 1 0 1 1 1 0 0 0 1 1
0 0 1 0 1 1 0 1 0 1 0 0 0 0 0 1 1 1 1 1 0 1 0 1 1 1 0 1 0 0 1 1 0 0 0 0 1 1 1 0 0 1 1 0 0 1 1 1
0 0 1 1 0 1 0 1 0 1 0 1 0 0 0 1 0 1 1 0 1 0 0 0 0 1 0 1 1 1 1 1 1 1 0 1 1 1 0 1 1 1 0 0 0 1 1 0
1 1 0 1 0 0 0 1 1 0 1 0 1 1 1 1 1 1 1 1 0 1 1 1 0 0 0 1 0 0 1 0 1 1 0 1 1 0 1 1 0 1 0 0 1 0 1 1
0 0 1 1 0 0 0 0 0 1 1 1 1 1 0 0 0 1 1 0 1 1 0 1 1 1 1 0 0 0 0 1 1 1 1 0 0 0 1 0 0 1 0 0 0 0 0 1
0 1 0 0 0 0 0 0 0 0 0 0 1 0 0 0 0 1 0 1 1 0 1 0 1 0 1 0 0 0 0 1 0 1 1 1 0 0 0 1 0 0 0 1 1 0 0 1
1 1 0 1 0 1 0 0 1 0 0 1 0 0 1 1 0 1 0 1 1 0 0 0 1 0 1 1 1 1 0 0 0 1 1 0 0 1 1 0 0 1 1 0 0 1 1 1
1 1 1 1 1 1 0 1 0 0 1 0 0 1 1 0 1 1 0 1 0 1 1 1 1 1 1 0 1 1 1 0 1 1 1 0 0 1 1 1 1 1 0 0 0 1 1 0
1 1 1 1 0 0 0 1 0 0 0 1 1 1 1 0 1 0 0 1 1 1 1 1 0 0 0 0 1 0 0 0 0 1 0 0 1 0 0 1 0 0 1 1 1 0 1 0
0 0 1 1 0 1 0 0 0 0 1 1 0 0 1 1 0 1 0 0 0 1 0 1 1 0 0 0 1 1 1 0 1 0 1 1 0 0 0 0 0 0 1 1 1 1 0 0
0 1 1 1 1 1 1 0 1 1 0 0 0 0 1 0 0 1 0 0 0 1 0 0 1 0 1 0 0 0 0 0 1 0 1 1 1 1 1 1 0 1 0 1 1 1 0 1
1 0 0 1 1 0 1 0 1 1 0 1 1 1 1 1 0 0 1 0 1 0 0 0 0 0 1 0 0 1 0 1 0 1 0 1 0 1 1 0 0 0 1 1 0 1 1 0
0 0 1 1 0 0 1 0 1 0 0 0 1 0 1 0 1 1 0 0 1 1 1 0 0 0 0 1 1 0 0 0 1 1 1 1 1 1 0 0 1 0 0 1 1 0 0 0
1 0 1 1 0 1 0 0 0 1 0 1 1 0 1 1 0 0 1 0 1 0 0 1 1 1 1 1 0 0 1 1 1 0 1 0 0 1 1 1 1 0 0 1 1 1 1 1
1 0 1 1 1 1 1 1 0 1 1 0 1 0 0 0 0 1 1 1 0 1 0 0 0 0 1 0 0 1 0 1 0 1 0 1 1 0 1 1 1 1 1 1 0 1 0 0
0 1 1 0 0 1 0 1 1 1 0 0 1 1 1 0 0 0 0 1 1 1 0 0 0 1 1 0 0 0 1 0 0 0 1 0 1 1 0 1 1 1 0 1 1 0 0 0
0 1 1 1 0 0 1 1 0 0 1 0 1 0 0 0 0 1 1 1 1 1 1 1 0 0 1 1 0 1 1 0 1 0 1 0 1 1 0 1 0 0 1 1 0 1 1 0
1 0 1 0 1 1 1 1 1 0 0 1 1 0 0 1 1 1 0 1 0 1 0 1 0 1 1 0 0 0 0 0 0 1 1 1 1 1 0 0 0 0 0 0 0 1 1 1
1 0 1 0 1 0 0 1 0 0 0 0 1 1 0 0 1 1 1 0 1 1 0 0 1 1 1 1 0 1 1 0 0 1 1 1 0 0 1 1 0 1 1 1 1 1 1 1
0 0 0 0 1 1 0 0 0 1 0 1 0 1 1 0 1 0 0 1 1 1 0 0 0 0 1 0 0 1 1 1 1 1 1 0 1 1 1 0 1 0 0 1 0 1 1 0
0 0 1 1 1 0 0 0 0 1 0 0 1 1 0 1 1 0 0 1 1 0 1 0 0 0 0 1 0 1 1 1 1 0 1 1 1 0 1 0 0 0 1 1 1 1 1 1
1 1 0 1 1 0 0 1 0 1 1 1 0 1 1 1 0 0 1 0 1 1 0 1 0 0 1 0 0 1 0 0 1 0 1 1 1 0 1 1 1 1 1 1 1 0 0 0
1 1 1 0 1 1 0 0 1 0 0 1 1 1 1 1 1 0 0 0 1 0 0 1 1 1 1 0 0 1 1 0 0 0 0 0 0 0 0 1 1 1 0 1 0 0 1 1
0 0 1 1 1 0 1 0 1 1 1 0 1 0 1 1 1 0 0 1 0 1 1 1 1 0 1 0 1 1 1 1 0 1 0 1 0 1 1 0 1 0 0 1 1 1 1 0
0 1 1 0 0 0 1 0 0 0 0 1 1 0 1 0 0 1 1 1 1 0 0 0 1 1 1 1 1 1 1 1 1 0 0 0 0 0 0 1 0 1 1 0 1 1 0 1
0 1 0 1 0 1 0 0 0 1 1 1 1 0 0 1 1 1 0 0 1 0 1 0 0 1 0 0 0 0 0 0 0 0 0 0 1 1 1 0 1 0 0 0 1 0 0 0
0 1 1 1 0 1 0 1 1 1 1 0 1 0 0 1 0 1 1 0 0 0 1 1 1 1 1 0 1 0 1 1 0 1 1 1 0 1 0 1 0 0 1 0 0 0 0 1
0 1 0 0 1 0 0 1 0 1 0 1 0 0 1 1 0 0 1 1 1 1 1 1 0 0 0 0 0 0 0 1 1 1 1 0 1 1 0 0 0 0 1 1 1 1 0 1
1 0 0 1 1 1 1 0 1 0 0 0 1 1 0 0 1 1 0 1 0 1 1 0 0 1 1 1 1 1 1 1 1 1 0 0 1 0 0 1 0 0 0 1 0 1 1 0
0 1 1 0 1 1 0 0 1 1 1 0 0 1 0 0 1 0 1 1 0 0 0 1 0 0 0 0 0 1 0 0 1 1 1 0 0 0 0 1 0 1 0 1 0 1 1 1
0 0 1 0 1 0 1 0 0 1 0 1 0 0 0 1 0 0 0 1 0 1 0 0 0 1 0 0 0 0 0 1 1 0 0 1 1 0 1 1 1 0 1 0 1 1 0 0
1 1 1 1 0 1 0 0 0 1 1 1 0 1 0 0 0 1 1 0 1 0 1 1 0 0 0 0 0 0 0 1 0 0 0 1 1 1 0 0 1 0 0 1 1 1 1 1
0 0 0 0 0 1 1 1 0 1 0 1 1 0 1 0 1 1 0 0 1 1 0 1 0 0 0 0 1 1 1 1 1 0 1 0 1 0 1 1 0 1 0 0 1 1 1 0
1 0 1 1 0 1 1 0 0 1 1 1 0 1 1 0 1 0 0 1 0 1 1 0 0 0 0 1 1 1 0 1 0 0 1 1 1 1 0 1 0 1 0 0 0 0 0 0
1 1 1 1 1 0 1 0 1 0 0 1 1 1 0 0 0 1 0 0 0 1 1 1 1 0 1 0 0 0 1 1 0 1 1 0 0 0 1 0 0 1 0 1 1 1 0 0
1 0 0 0 0 1 1 1 1 0 1 0 0 0 0 1 1 1 1 0 0 0 1 0 0 0 1 0 0 1 0 0 1 1 1 0 1 1 0 0 1 1 0 0 0 0 0 0
1 1 1 1 0 1 1 0 1 1 0 0 0 0 1 1 0 1 0 1 0 0 1 1 0 0 1 1 1 0 1 1 1 1 0 1 1 1 1 0 1 1 0 0 0 1 0 0
1 0 0 0 1 0 0 1 0 0 0 0 0 0 1 1 1 0 1 0 1 0 0 1 1 1 0 1 1 1 0 0 1 0 1 1 0 1 0 0 1 0 1 1 1 1 1 0
0 0 1 0 0 1 0 1 1 0 0 1 0 0 1 0 1 0 0 0 1 0 1 0 1 0 0 0 0 1 1 0 0 1 0 0 0 1 1 0 0 0 0 0 1 1 0 1
0 0 1 0 1 0 0 0 1 0 1 1 0 1 0 0 1 1 0 0 1 0 0 1 1 0 1 1 1 1 0 1 1 0 1 1 0 1 0 1 1 1 0 1 0 0 0 0
0 1 1 1 1 0 1 1 0 0 0 0 0 0 0 0 1 1 0 0 1 0 1 0 0 1 1 0 1 1 0 1 1 1 1 1 1 0 0 0 0 1 1 0 0 1 0 0
1 1 1 1 0 0 0 1 0 1 1 0 1 0 0 1 0 0 1 1 1 0 0 1 1 1 0 0 1 1 0 0 0 0 0 0 1 1 0 1 0 1 1 1 1 1 0 1
1 0 0 1 1 1 0 1 1 1 1 1 1 1 1 1 0 1 1 0 0 1 0 1 1 1 0 1 1 0 0 0 1 0 0 1 1 0 0 1 1 1 0 0 1 1 0 0
0 1 0 0 1 1 1 0 0 0 1 0 0 0 0 1 1 1 0 1 1 1 0 1 0 1 0 1 1 0 0 1 0 0 0 0 0 1 0 1 1 0 0 1 1 1 1 0
1 0 1 1 1 1 1 1 0 0 0 1 0 0 0 1 0 0 0 0 1 1 0 1 1 0 0 1 0 1 0 0 0 1 0 0 1 0 0 0 1 1 0 1 1 0 0 1
1 1 0 1 0 0 1 0 1 0 0 1 0 0 1 0 1 0 1 0 1 1 0 1 1 1 0 1 1 1 0 1 0 0 0 0 1 0 1 0 1 1 1 1 0 1 0 0
1 0 0 1 1 1 1 1 1 1 0 0 1 0 1 0 0 0 0 0 1 1 1 1 1 1 0 0 0 0 0 0 0 1 1 0 1 1 1 1 1 0 1 0 0 1 1 0
1 0 0 0 0 1 0 1 0 0 1 0 0 1 0 1 0 1 0 0 1 1 1 1 1 1 0 1 1 1 1 1 0 1 1 0 0 0 0 0 1 1 1 1 0 1 1 1
1 1 0 1 0 0 1 1 0 0 0 0 0 0 1 1 1 1 0 1 0 0 0 0 0 0 1 1 0 0 1 1 1 0 0 0 1 1 0 1 1 0 1 0 1 1 1 1
1 0 0 0 0 1 0 1 1 1 0 0 0 1 0 0 1 0 0 1 1 0 1 1 0 1 1 0 0 0 1 1 1 1 0 1 0 0 1 0 1 0 1 1 1 0 0 1
0 0 1 0 0 0 0 1 0 1 1 1 0 0 1 0 0 1 1 0 0 1 1 1 0 1 0 0 0 1 0 0 0 0 1 0 0 1 1 0 0 0 0 1 1 0 1 1
0 1 0 0 1 1 1 0 0 1 1 1 1 0 1 0 1 1 1 0 1 0 1 1 1 1 0 0 0 0 1 1 1 1 0 1 0 1 1 0 1 0 1 1 0 1 1 0
1 1 1 1 1 0 1 0 0 0 0 0 1 1 1 1 0 0 0 1 0 1 0 0 1 1 1 1 1 0 1 0 0 0 1 1 1 0 1 0 0 1 1 0 1 0 1 0
0 1 0 0 1 0 1 0 1 1 1 1 1 1 0 1 1 1 0 1 1 1 1 0 1 0 1 1 1 1 0 1 0 0 0 1 0 0 0 0 0 1 1 0 1 0 1 0
1 1 0 1 1 0 0 0 1 0 0 1 0 1 0 1 0 0 0 1 1 1 0 0 0 0 0 0 0 1 1 0 1 1 0 0 0 1 0 1 1 0 0 0 0 1 0 1
0 0 0 1 0 0 0 0 0 1 0 0 1 1 1 0 0 0 1 0 1 1 0 1 0 1 1 1 1 1 1 0 0 0 1 1 1 0 0 0 0 1 0 1 0 1 0 0
1 0 0 0 1 1 0 1 1 1 1 1 0 0 0 1 0 0 0 0 1 0 0 0 1 0 0 0 0 0 1 1 0 0 1 1 1 0 1 1 1 0 1 0 0 0 1 1
1 1 1 1 0 1 1 1 1 1 0 1 0 1 0 1 1 0 0 1 0 1 1 1 1 1 1 0 0 1 0 0 0 0 0 0 0 1 0 1 1 1 1 1 1 0 1 1
0 0 0 1 1 1 0 1 1 1 0 0 1 0 0 1 0 0 1 0 1 1 1 1 0 1 1 0 1 1 1 1 0 0 0 1 0 0 0 1 0 0 0 0 1 1 1 0
1 0 0 1 0 0 1 1 0 0 0 1 0 0 0 0 0 0 0 1 0 0 1 1 1 0 0 0 1 1 1 1 1 1 1 1 0 0 0 1 0 1 1 1 0 1 0 1
1 1 1 1 1 1 0 1 1 0 0 1 1 1 0 0 0 0 0 0 1 0 0 0 0 0 0 1 1 0 0 1 0 1 0 0 1 0 1 1 1 0 0 0 0 1 0 0
0 1 1 0 1 1 0 1 0 1 1 1 0 0 0 1 0 0 0 1 1 1 1 1 1 1 0 0 0 1 0 0 0 1 1 1 0 0 1 1 0 1 1 0 0 0 1 0
0 0 1 1 0 0 0 1 0 0 1 1 0 0 1 1 1 0 1 0 0 1 1 0 0 1 1 0 0 0 1 1 0 0 1 1 0 1 0 1 1 1 1 0 1 1 1 0
1 1 0 0 1 0 1 1 1 1 0 0 1 1 1 0 0 0 0 0 1 0 1 1 1 1 0 1 0 0 1 0 1 1 0 0 0 0 0 0 0 0 0 1 0 1 1 1
1 1 0 0 0 1 1 0 1 0 0 0 1 1 1 0 1 0 1 0 0 1 0 1 0 1 1 0 0 1 0 0 0 1 1 0 0 1 1 0 0 1 0 0 1 0 1 1
1 1 1 1 0 1 0 0 0 1 0 0 0 0 0 0 1 1 1 0 1 0 0 1 1 1 1 1 1 1 0 0 0 1 0 1 1 0 1 0 1 0 1 1 0 0 1 1
0 1 1 0 1 1 0 0 0 0 0 0 1 0 0 1 0 0 1 0 1 1 1 1 0 0 0 1 1 1 0 1 1 0 1 1 1 1 0 1 1 1 1 0 0 0 1 1
1 0 0 0 1 0 1 0 1 0 0 1 1 0 1 1 0 0 0 1 1 0 0 1 0 0 1 1 1 0 1 0 1 1 1 1 0 0 1 1 1 0 1 1 0 1 0 1
1 0 1 1 0 1 1 0 1 0 1 0 0 1 0 1 1 0 1 1 1 0 1 1 1 1 1 1 0 1 0 0 1 0 0 1 0 0 0 0 0 0 0 1 0 0 0 1
0 1 1 0 1 1 0 1 0 1 0 0 1 1 1 1 1 1 0 1 0 0 1 0 1 1 0 0 1 0 0 0 0 1 0 0 0 0 1 1 0 1 0 1 1 0 0 0
1 0 0 0 0 0 1 1 0 1 0 0 0 1 0 0 1 0 0 1 0 1 0 0 1 1 1 1 0 0 1 1 1 0 1 1 1 1 0 0 1 1 0 0 1 0 0 0
1 0 1 0 1 1 1 1 0 0 1 1 0 0 1 1 1 1 1 1 0 0 1 1 0 0 0 1 1 1 0 0 1 1 0 0 1 1 1 0 1 1 1 1 0 0 1 1
0 1 0 0 1 0 1 0 1 1 1 1 0 0 0 0 0 1 1 1 1 0 1 1 1 1 0 1 1 0 1 0 0 0 1 0 0 0 0 1 0 0 1 0 0 1 1 1
1 0 0 1 0 1 0 1 0 0 0 0 1 1 0 1 0 0 0 0 0 0 0 1 0 0 0 1 1 1 1 1 0 0 0 1 1 1 1 1 0 1 0 1 1 0 1 0
1 1 1 0 1 1 0 0 0 0 0 0 1 1 1 1 0 1 1 1 1 1 1 0 1 1 1 0 0 0 0 1 1 0 0 1 0 1 0 0 1 0 0 0 0 1 0 0
1 0 0 0 1 1 0 1 0 0 1 0 0 1 0 0 0 0 0 0 1 0 0 1 0 0 1 1 0 0 0 0 0 0 1 0 0 1 0 1 1 1 1 0 0 1 1 0
1 0 1 0 0 1 1 0 0 0 0 1 1 0 0 0 1 0 1 1 1 1 1 1 0 0 1 0 0 1 0 0 1 1 0 0 0 1 0 0 1 1 1 1 1 1 0 0
1 0 1 0 0 0 0 0 0 0 1 1 0 1 1 1 1 1 0 0 1 1 0 0 1 1 0 1 0 1 0 1 1 0 0 1 1 0 0 0 0 1 0 0 0 1 1 1
1 0 1 1 1 1 0 0 0 1 1 0 1 0 0 0 1 1 1 1 1 0 0 1 1 0 0 0 1 0 1 0 1 1 0 0 0 0 1 1 1 0 0 0 0 1 0 0
0 1 1 0 1 1 1 1 1 0 1 0 0 0 1 1 1 1 1 0 0 1 0 0 1 1 1 1 0 1 1 0 1 0 0 0 1 0 0 0 0 1 1 1 1 0 1 0
0 0 0 1 1 1 1 0 0 0 0 1 0 1 1 1 1 1 1 1 0 1 1 0 1 1 0 1 1 1 1 1 0 1 1 0 0 1 0 0 0 0 1 0 1 0 0 0
1 0 1 1 0 1 1 1 0 1 0 0 0 1 0 1 1 0 1 1 0 1 1 0 0 0 0 0 1 1 0 0 0 0 1 1 1 0 1 1 1 0 0 0 1 0 1 1
0 1 0 1 0 1 0 1 0 0 1 0 0 1 1 1 1 0 0 1 0 0 0 0 0 1 1 0 0 1 0 1 0 1 0 1 1 1 1 0 1 1 1 0 0 0 0 1
1 1 0 1 1 1 0 0 0 0 1 1 0 0 1 1 0 0 1 0 0 1 1 0 1 1 0 0 1 1 0 1 1 0 0 0 1 1 0 1 0 0 0 1 0 0 1 0
0 0 0 0 1 1 0 1 1 0 0 0 0 0 0 0 0 1 0 1 1 1 1 1 1 0 1 0 1 0 0 0 1 0 1 0 1 0 0 0 1 1 0 0 1 0 1 0
1 0 0 0 1 0 0 0 1 1 0 1 0 0 0 1 1 0 1 0 0 1 0 0 1 0 1 0 1 1 0 1 1 1 0 0 0 0 1 0 1 1 1 1 1 1 0 0
0 0 0 0 1 1 0 1 1 1 1 1 1 1 0 1 1 0 0 1 0 1 0 1 0 0 0 0 0 0 1 1 0 0 0 0 0 0 1 0 1 1 1 1 1 0 1 0
1 1 1 0 1 0 1 1 1 0 0 0 1 0 1 1 0 0 1 0 0 0 0 1 1 1 1 0 0 1 1 1 1 1 1 0 1 0 1 1 1 0 0 0 1 1 0 0
0 1 1 1 0 1 0 0 1 0 1 1 1 0 0 0 0 1 0 1 1 0 1 1 0 0 1 0 1 1 1 0 1 0 1 0 1 0 1 0 0 1 0 1 0 0 0 1
0 1 0 0 1 0 1 1 1 0 0 1 1 0 1 1 0 1 0 0 0 1 1 0 1 1 0 1 1 1 0 0 0 0 1 0 1 1 1 0 0 1 0 0 1 1 0 0
1 1 1 1 0 0 1 1 0 1 1 1 1 1 1 1 1 1 0 0 0 0 0 0 1 1 0 0 0 0 0 0 1 1 1 1 1 1 0 1 0 0 1 0 0 1 1 0
1 0 1 0 0 1 0 0 0 1 1 0 1 1 0 1 0 1 0 1 0 0 0 0 0 1 0 0 0 1 0 1 0 1 0 0 0 1 0 1 0 0 0 0 0 0 1 1
1 0 1 1 0 0 0 1 1 1 0 1 1 0 1 1 1 1 1 0 1 0 0 0 1 1 0 1 0 0 0 1 1 0 0 1 0 1 1 1 0 1 1 0 1 0 0 0
0 1 1 1 0 1 0 0 0 0 1 0 1 0 0 0 1 1 1 1 0 0 1 1 1 1 1 1 0 0 0 1 0 0 1 0 0 1 0 0 0 1 1 1 1 0 1 0
0 0 0 1 0 0 1 1 0 0 0 0 0 1 1 0 0 0 1 0 0 1 1 1 0 1 0 1 0 0 0 1 0 1 1 1 0 1 1 1 0 0 1 1 1 1 0 1
0 1 1 1 0 0 0 1 1 1 0 0 0 1 1 0 1 0 0 1 1 1 0 0 1 1 1 1 0 1 0 1 0 0 0 1 0 0 1 1 1 0 0 1 1 1 0 0
0 0 1 0 0 0 0 0 0 1 0 0 0 1 1 1 0 1 0 1 0 1 0 1 1 0 1 1 1 1 0 0 1 0 1 0 0 1 0 1 1 1 1 1 1 0 0 1
0 1 1 1 0 0 1 0 1 1 0 1 1 0 1 1 1 0 0 1 1 1 1 0 0 1 0 1 0 0 1 0 1 1 0 1 1 1 0 0 0 1 1 1 0 1 1 1
0 0 1 1 0 1 0 0 0 1 1 0 1 1 1 0 0 1 0 1 0 1 1 0 1 0 0 1 1 0 1 1 0 1 0 0 1 0 0 0 0 1 0 0 1 1 1 1
0 0 1 0 1 0 1 1 0 1 0 0 1 1 0 0 1 0 1 1 0 1 1 0 0 1 1 1 0 0 0 1 0 1 1 0 0 0 0 0 1 0 0 0 0 0 0 1
1 0 1 1 1 1 0 0 0 1 0 1 1 0 0 0 1 1 1 0 1 1 1 0 0 1 0 0 0 0 1 0 1 0 0 1 1 0 0 1 0 1 0 0 1 0 1 1
0 1 0 1 0 0 0 1 0 1 0 0 0 1 1 1 1 1 0 0 0 0 1 0 1 1 1 0 1 0 0 1 1 0 0 0 1 0 1 1 1 1 0 0 1 0 1 1
1 0 0 1 0 1 1 0 0 0 1 1 0 0 0 1 1 1 1 1 1 1 1 1 1 0 1 1 1 0 0 1 1 1 1 1 0 0 1 1 0 0 1 0 1 1 1 0
1 0 1 0 1 1 1 1 0 0 1 0 0 1 0 0 0 0 1 1 1 0 1 0 1 1 0 1 1 0 0 1 1 1 0 1 1 1 1 0 0 0 0 0 1 0 1 0
1 1 1 0 0 1 1 1 1 0 1 1 0 0 0 1 0 0 0 0 1 1 1 0 1 0 1 1 0 0 0 1 1 0 1 1 0 1 1 0 0 0 1 1 0 0 0 1
0 0 1 1 0 1 0 0 1 0 1 1 0 1 1 0 0 0 0 1 0 1 1 1 0 1 0 1 0 1 1 0 1 0 1 1 1 1 1 1 1 1 1 1 1 1 1 1
0 1 1 0 0 1 1 0 1 0 0 0 0 1 0 0 0 0 1 1 1 1 1 0 1 1 0 0 1 0 0 1 0 0 1 0 1 0 0 1 1 1 0 0 1 1 0 1
0 1 1 0 1 1 0 1 1 0 0 1 0 0 1 1 1 0 1 1 1 1 1 1 0 0 1 1 1 1 1 1 0 1 1 1 1 0 1 0 0 1 0 1 1 1 0 0
0 0 0 0 1 0 0 1 0 1 1 0 1 0 0 1 1 1 0 0 0 0 0 1 1 0 1 0 0 0 0 0 1 1 0 1 0 1 0 0 1 0 0 0 1 0 1 1
1 1 1 1 0 0 0 1 0 0 0 1 1 0 1 1 0 0 1 1 0 0 1 0 0 0 0 0 1 0 1 0 0 0 1 0 1 0 1 1 1 1 0 0 0 1 0 0
1 0 0 0 0 1 0 0 0 1 1 0 1 1 0 0 0 1 1 0 0 1 1 0 1 0 1 0 1 1 0 1 1 0 1 1 1 0 1 1 0 0 0 1 1 0 1 0
0 0 1 0 0 0 1 1 0 0 1 0 0 1 1 0 1 1 1 0 0 0 0 1 0 1 0 0 1 0 1 1 1 1 0 1 1 1 1 0 1 0 0 0 1 0 0 0
0 0 1 1 0 1 0 1 0 0 0 0 0 1 0 0 0 1 1 1 1 0 0 1 1 1 0 0 0 1 1 0 0 0 1 1 1 0 0 1 1 0 1 0 0 0 0 0
1 0 0 1 1 1 1 0 1 1 1 0 1 1 0 1 1 1 0 0 1 0 0 0 0 0 0 1 0 1 1 0 1 1 1 0 1 0 1 0 1 1 0 0 0 0 1 0
1 0 1 0 1 0 1 0 1 1 0 1 1 1 1 0 0 0 1 1 0 1 1 1 1 1 0 0 1 1 0 1 0 1 0 1 0 0 1 0 0 0 1 1 1 1 1 1
0 0 1 1 0 0 0 1 1 1 1 0 0 0 0 0 0 0 0 0 0 0 0 0 1 1 1 1 1 1 1 1 0 0 1 0 1 0 0 0 0 1 1 0 1 0 1 1
0 0 0 0 1 1 1 0 0 0 1 1 0 0 1 0 0 0 0 0 0 0 0 0 0 1 1 0 1 0 1 0 0 1 1 1 1 1 0 1 1 1 0 1 1 0 1 0
0 0 1 0 1 1 1 1 1 0 1 0 1 0 1 0 0 0 1 1 0 1 0 1 0 0 1 0 1 1 0 1 0 1 1 0 1 1 0 0 0 0 0 0 0 0 0 0
1 0 1 0 1 0 1 0 0 0 1 1 1 1 0 1 0 1 1 1 0 1 1 1 1 1 0 1 0 1 1 1 1 0 0 0 1 1 1 1 1 0 1 0 1 0 0 0
1 0 0 0 0 1 1 0 1 1 0 1 1 1 0 0 0 0 0 1 1 1 0 1 1 1 0 1 0 0 1 1 1 0 1 1 0 0 1 0 0 1 0 0 0 1 0 0
1 1 1 0 1 0 1 1 0 0 0 0 0 0 1 0 1 0 1 0 1 1 1 0 0 0 1 1 0 0 1 1 0 0 0 1 1 1 1 1 1 0 0 1 0 0 1 0
0 0 0 0 1 1 1 0 1 0 0 0 0 0 0 1 0 1 1 1 1 0 1 0 0 1 1 1 0 1 0 1 0 1 0 1 0 0 1 0 1 1 0 1 0 1 0 0
0 1 0 1 1 0 0 1 0 1 0 1 1 1 1 0 0 1 0 0 1 1 0 1 1 0 0 0 1 0 1 0 0 0 1 1 0 1 1 1 0 1 1 1 0 0 1 1
0 1 0 1 0 0 1 0 0 1 0 0 0 0 1 0 1 1 0 0 0 1 1 1 1 1 1 1 0 1 0 1 0 1 1 0 1 1 0 0 0 0 0 0 1 0 1 0
1 1 1 0 0 0 1 0 1 1 0 0 0 1 0 1 1 1 1 0 0 1 0 1 0 0 0 1 0 1 1 1 1 1 1 1 0 1 1 0 0 0 0 0 0 1 1 1
0 0 0 1 0 0 1 1 1 1 0 0 0 1 1 1 1 0 1 0 1 1 1 1 0 0 0 1 1 0 0 0 0 0 0 1 1 1 0 0 1 0 1 0 0 0 1 1
1 0 1 0 1 1 0 1 0 0 0 1 0 1 0 1 0 1 1 1 1 1 0 0 0 0 0 0 1 0 0 0 1 0 1 1 0 1 0 1 0 0 0 1 1 0 1 1
1 0 0 0 0 0 0 1 1 1 1 0 1 0 0 1 0 1 0 1 0 1 1 1 0 1 0 1 0 1 0 1 0 0 1 1 1 1 1 1 1 0 0 1 1 0 0 1
1 0 1 0 0 0 1 0 0 1 0 1 0 0 0 1 0 1 0 1 0 1 1 0 1 1 1 1 0 0 1 0 1 1 1 0 1 1 1 1 0 1 0 0 0 0 0 1
1 1 0 0 1 0 0 0 0 1 0 0 1 0 1 1 0 1 1 1 1 0 1 1 0 0 1 0 1 1 1 0 0 1 0 0 1 1 0 0 1 0 1 1 0 0 1 0
1 0 1 0 0 1 0 1 1 1 1 0 1 0 1 1 1 0 0 0 0 0 1 0 0 1 0 0 1 0 0 1 0 1 0 0 1 0 0 0 1 0 1 1 0 1 1 0
0 1 0 1 1 1 0 1 1 0 0 1 1 0 0 1 0 0 1 0 0 1 0 0 1 1 1 0 1 0 1 0 1 0 1 0 0 0 1 0 0 0 1 1 0 1 1 0
1 0 1 1 0 0 0 0 1 1 1 1 0 1 1 1 1 0 1 1 1 0 1 1 1 0 0 0 0 0 1 0 1 0 1 0 1 1 1 0 0 0 1 1 0 0 0 1
0 0 1 1 1 0 0 0 0 1 0 0 0 1 0 0 0 0 0 1 1 1 1 1 1 1 1 0 0 1 1 1 1 0 0 0 0 0 0 0 1 1 1 1 0 1 1 0
0 0 0 1 1 1 0 1 1 0 1 0 1 1 1 1 0 1 1 1 1 0 0 1 0 1 0 1 1 1 0 1 1 0 0 0 0 0 1 1 1 0 0 1 0 0 1 1
0 1 1 1 1 0 0 0 0 0 0 0 0 0 1 0 1 0 0 0 0 0 0 0 1 1 0 0 0 0 0 0 1 1 1 0 0 0 1 0 1 0 0 0 1 0 0 0
1 1 1 1 1 0 1 0 0 1 1 0 0 1 0 0 0 0 1 1 0 0 0 1 0 0 1 0 1 0 0 1 0 0 0 1 1 0 1 1 0 1 1 1 1 0 0 1
0 1 0 0 0 0 0 0 0 1 0 0 0 1 0 1 0 0 0 1 0 1 0 1 1 1 0 0 0 1 1 1 1 1 1 1 1 1 0 1 0 0 1 1 1 0 1 1
0 0 1 1 1 0 1 0 1 0 1 0 0 1 0 1 0 0 0 1 1 1 0 1 0 1 0 1 1 0 1 1 0 1 1 1 1 1 1 1 1 1 1 1 0 0 1 0
0 0 0 0 1 0 0 0 1 0 1 0 1 0 1 1 0 0 0 0 1 0 0 0 0 1 0 0 0 0 1 0 0 1 1 0 1 1 1 0 0 1 0 1 1 1 1 1
0 1 0 0 0 1 0 1 0 0 0 0 0 1 0 1 1 0 0 0 0 0 1 0 1 1 0 1 1 0 1 1 1 0 1 0 0 1 1 1 0 1 0 0 0 1 0 0
1 1 0 1 1 1 0 0 1 0 0 0 1 1 1 0 1 0 1 0 1 0 1 1 1 0 0 0 1 1 1 0 1 0 0 1 1 1 0 0 1 1 1 0 1 0 0 0
0 0 0 0 1 1 1 1 0 1 1 1 1 1 0 0 0 1 0 0 1 0 0 0 0 1 1 1 0 1 0 0 1 1 1 1 0 1 1 0 1 1 1 0 1 0 0 0
0 1 1 1 1 1 1 0 0 0 1 1 1 0 1 1 0 0 0 0 0 0 0 1 1 0 0 1 1 1 0 0 0 1 1 1 1 1 1 1 0 0 0 0 1 1 1 1
1 0 0 1 0 1 0 0 1 1 1 0 1 0 1 1 0 0 1 1 1 0 1 1 0 1 0 0 1 0 0 0 0 1 1 1 0 1 0 0 1 1 1 0 1 0 1 1
1 0 0 1 1 1 1 0 1 0 1 1 1 0 0 0 0 1 1 1 1 1 0 1 0 0 0 0 1 0 1 1 0 1 0 0 1 1 0 1 0 1 0 1 0 1 0 1
1 0 1 0 1 1 1 1 0 0 0 0 1 0 1 0 0 1 0 0 0 0 1 0 1 0 1 0 1 1 1 1 1 0 1 1 0 0 0 1 1 0 1 0 0 0 1 1
1 1 1 0 0 1 1 0 0 1 1 1 1 1 1 1 1 1 1 1 0 0 0 1 0 0 1 1 0 0 1 0 0 1 0 1 0 0 0 0 0 1 0 1 1 0 0 0
0 0 0 0 0 1 0 0 0 1 1 0 0 0 0 1 1 1 0 1 1 0 1 0 0 0 0 1 0 0 1 0 1 1 1 0 1 0 0 1 0 1 1 0 1 1 0 0
0 0 0 1 1 1 1 1 1 0 0 0 0 1 1 1 1 1 1 0 0 0 0 0 1 0 0 0 0 0 0 1 0 1 1 1 0 0 0 0 1 1 0 1 1 0 1 1
0 0 1 1 0 1 0 0 0 0 0 1 1 0 0 0 0 0 0 1 0 0 0 1 1 1 0 1 0 0 1 0 0 1 0 1 0 0 1 0 1 0 0 1 0 0 1 0
0 0 0 1 0 0 0 0 1 1 1 0 0 1 1 0 1 1 1 1 1 1 0 0 1 1 0 0 0 1 1 1 1 0 0 1 0 1 0 0 0 1 0 1 1 0 0 1
0 1 0 0 0 1 1 1 0 1 0 1 1 0 1 0 1 1 1 0 0 1 1 1 1 0 0 0 1 1 1 0 0 1 0 1 1 0 1 0 1 0 0 0 0 1 1 0
0 0 1 0 0 1 1 0 1 1 1 0 0 1 1 1 0 1 0 0 1 0 0 0 1 0 1 1 1 1 0 0 1 0 0 0 1 0 0 1 1 0 1 0 0 1 1 0
1 0 0 1 1 1 1 0 1 1 1 0 0 1 0 1 1 0 1 0 0 0 1 0 0 1 1 0 1 0 1 0 1 0 1 0 0 1 1 0 1 1 1 0 1 1 1 1
0 1 1 0 0 1 0 1 1 1 0 1 0 1 0 0 1 1 1 0 1 1 1 1 1 1 0 1 0 0 1 0 1 1 1 0 0 0 0 0 1 1 1 1 1 1 0 0
0 0 0 0 0 0 1 0 1 0 0 0 0 1 0 1 1 0 0 1 0 0 1 1 0 1 1 0 1 1 1 0 0 0 0 0 1 1 0 1 1 1 1 0 0 1 0 0
0 0 1 0 0 0 1 1 0 0 0 0 0 0 0 0 1 0 0 0 0 0 0 1 1 1 0 0 1 1 1 0 0 0 1 0 0 0 1 1 1 1 1 0 1 0 1 1
0 1 0 1 0 0 1 1 0 1 1 1 0 1 0 0 1 0 1 0 1 1 0 0 0 1 0 1 0 0 1 1 1 0 0 1 0 0 0 0 0 0 1 1 0 1 1 1
1 1 0 0 1 0 1 0 1 0 0 0 1 1 0 0 1 1 0 1 1 0 0 0 0 1 0 0 0 0 0 0 0 1 0 1 1 1 1 1 0 1 1 0 0 0 0 1
0 0 1 1 1 0 0 1 1 1 1 0 1 1 0 0 1 0 1 0 0 1 1 0 0 1 0 0 0 1 1 0 1 0 0 0 1 1 1 1 0 0 0 1 0 0 0 0
1 1 1 0 0 1 0 1 1 0 0 0 1 0 0 1 1 1 0 1 1 1 0 1 0 0 0 0 1 1 1 1 0 1 1 0 0 0 0 1 0 1 1 0 1 0 0 0
1 1 1 1 1 1 0 1 1 1 0 0 1 0 0 0 1 0 0 0 0 1 1 1 1 0 0 1 1 1 0 1 1 0 0 1 0 0 1 0 0 1 0 1 0 0 1 1
0 1 0 1 1 1 1 1 0 1 0 0 0 0 0 1 0 0 1 0 1 0 1 1 1 1 0 1 0 1 0 1 1 1 1 0 1 1 1 1 1 0 1 1 0 0 0 0
0 0 0 0 0 1 1 0 0 0 0 0 1 0 1 0 1 1 1 1 0 0 0 0 0 1 0 0 1 0 0 0 1 0 0 0 1 0 0 0 0 0 1 1 1 1 0 1
0 1 1 0 0 1 0 0 1 0 0 0 0 1 0 1 1 1 0 0 0 1 0 1 0 1 1 0 1 0 0 0 0 0 1 1 1 0 1 0 0 1 1 1 0 0 1 0
1 1 0 1 1 0 1 1 0 1 1 1 0 1 1 1 0 1 1 0 1 1 1 0 1 0 0 1 0 1 0 0 1 1 1 0 0 1 1 0 1 1 0 1 1 1 1 1
0 1 1 1 1 0 0 0 1 0 0 1 0 1 1 0 1 0 1 0 1 1 0 1 0 0 1 1 1 0 1 1 0 1 0 0 0 1 0 0 0 1 1 1 1 1 1 1
0 0 0 1 0 1 0 0 1 0 1 1 0 0 1 1 0 1 0 0 1 1 1 1 1 1 1 1 0 0 1 1 0 0 0 1 1 1 0 1 1 0 0 0 0 1 0 1
0 1 0 1 0 1 1 1 0 0 1 1 0 1 0 0 0 0 0 0 0 0 1 1 0 0 1 0 0 0 0 0 1 0 1 0 1 1 0 1 0 0 1 0 1 0 0 0
0 0 1 1 1 0 1 1 0 0 0 1 1 0 0 1 1 1 0 1 1 0 0 1 0 1 1 0 0 1 1 1 0 1 0 0 0 1 1 1 0 0 1 1 0 0 0 0
0 1 0 1 1 1 0 0 1 0 0 0 1 0 0 0 1 1 0 0 1 0 0 0 1 1 1 1 0 0 0 1 1 1 0 0 1 1 0 0 0 0 1 1 0 1 0 1
0 0 0 0 0 0 0 1 1 0 0 0 0 0 1 1 0 0 0 1 1 0 1 0 0 1 0 1 1 1 1 1 1 1 0 0 1 0 0 0 0 0 0 0 0 0 0 0
0 1 1 1 1 1 1 0 1 1 0 1 1 0 1 0 1 0 1 0 0 0 0 0 0 0 0 1 0 0 1 0 0 0 0 1 0 1 1 0 1 0 1 0 1 0 1 1
0 1 1 0 1 0 1 1 1 1 1 0 1 0 1 0 1 1 1 1 0 1 0 1 1 1 1 1 0 0 1 1 1 1 0 1 0 1 1 1 0 1 0 0 1 1 1 1
0 0 1 1 1 1 1 0 0 0 1 1 1 0 0 1 1 0 1 0 0 0 1 0 1 1 0 1 1 0 1 0 0 0 1 0 1 0 1 1 1 1 0 1 1 1 1 0
1 0 0 1 0 1 1 1 1 0 1 1 0 0 1 1 1 0 0 1 0 0 0 0 0 1 0 0 1 1 1 0 0 0 0 0 1 0 1 1 1 0 1 0 1 0 1 0
0 0 1 0 0 0 1 1 1 1 0 1 0 1 1 1 0 0 0 0 0 1 0 0 0 1 1 0 1 1 1 1 0 1 0 0 0 0 0 1 1 1 1 1 0 1 0 1
1 0 0 1 1 1 0 0 1 0 0 0 0 1 0 1 1 1 0 0 0 1 0 1 1 0 0 1 0 0 0 0 0 0 0 0 0 0 0 1 0 0 1 0 1 0 1 1
1 1 1 0 0 0 0 1 1 0 1 1 1 1 0 1 0 1 0 1 1 1 1 1 1 1 1 1 0 0 1 1 0 1 0 0 1 0 0 1 1 1 1 1 0 1 1 0
0 0 0 1 0 1 0 1 1 0 1 0 0 1 1 0 1 0 0 0 1 1 0 1 1 1 0 0 1 1 0 0 1 1 1 1 1 0 1 0 0 0 1 1 0 0 1 0
1 1 0 0 1 1 0 0 0 1 1 1 1 1 0 0 0 1 0 1 0 0 0 0 1 1 1 1 1 1 1 0 1 0 0 1 1 1 0 1 0 1 0 1 0 1 1 0
1 0 1 1 0 1 0 1 0 0 0 0 1 1 0 0 0 1 0 0 0 0 1 0 0 1 0 0 0 0 0 0 1 0 1 0 0 1 1 0 0 1 0 1 1 0 0 1
0 1 0 1 0 0 1 1 1 1 1 1 0 0 0 0 1 0 1 1 1 1 0 1 0 0 1 0 1 0 1 0 0 0 1 1 1 0 0 0 1 1 0 1 0 0 0 1
1 1 1 0 0 1 1 1 1 0 0 0 0 0 1 0 0 1 0 1 0 0 1 1 1 1 1 0 0 1 0 0 1 0 0 0 0 0 0 0 0 0 1 0 0 0 0 0
0 1 0 0 1 1 0 1 0 0 1 0 0 1 0 0 1 0 1 1 1 1 0 1 0 0 0 1 0 1 0 0 0 1 0 1 1 0 0 0 1 0 0 0 1 0 0 0
1 0 0 0 1 0 0 0 1 1 0 1 1 0 0 1 1 1 1 0 0 0 0 1 1 0 0 0 1 0 0 1 0 0 1 1 1 1 0 0 0 1 0 0 0 1 0 0
1 0 0 0 1 0 1 1 1 1 0 0 1 0 1 0 1 1 1 1 0 0 1 0 1 0 0 1 1 1 1 1 1 0 0 1 1 0 1 1 1 1 0 0 1 0 0 1
1 0 1 0 0 0 1 1 1 1 1 1 1 0 0 0 0 0 0 1 0 0 1 0 0 1 1 1 1 1 0 0 0 1 1 1 0 0 1 1 0 1 0 1 1 1 1 0
1 1 1 0 1 0 0 0 1 1 1 0 0 1 1 1 1 1 0 1 1 1 0 0 1 1 0 0 0 1 0 1 0 0 1 0 0 1 1 0 0 0 0 1 0 0 0 0
0 1 1 1 0 1 1 0 1 1 0 0 1 0 0 1 0 0 1 1 1 0 0 0 0 0 1 0 0 0 1 1 1 1 0 0 1 1 1 1 0 0 0 0 1 0 0 1
0 0 1 0 1 1 0 0 0 1 1 1 0 0 0 0 1 0 0 1 0 0 0 1 0 1 1 0 1 1 0 1 0 1 0 1 1 1 0 1 0 0 0 0 1 1 0 0
1 0 1 1 1 1 0 0 1 0 0 1 0 0 1 0 1 1 0 1 0 1 0 0 1 1 1 1 1 0 0 0 0 1 0 0 1 1 1 0 1 1 0 0 0 0 0 0
1 0 0 0 1 1 1 1 1 1 0 1 1 1 0 1 1 1 0 0 0 0 1 0 1 0 1 1 0 0 1 0 1 0 0 0 1 1 0 1 1 1 1 1 0 0 0 0
1 0 1 0 0 1 0 1 0 0 1 1 1 1 1 0 0 0 1 1 1 0 0 0 0 0 1 0 1 1 1 0 1 0 1 1 0 0 0 0 0 1 1 0 1 1 1 1
1 0 1 0 1 1 0 0 1 0 1 1 0 1 0 1 1 1 1 1 1 0 0 1 0 1 1 0 1 1 1 1 0 1 0 1 0 1 1 0 1 1 1 0 0 0 1 1
1 0 1 0 1 0 0 1 0 1 1 1 1 0 1 0 1 1 0 1 1 1 1 0 0 0 0 1 1 0 0 1 0 1 0 1 0 1 0 0 1 1 0 0 0 0 0 0
1 1 0 0 0 1 1 0 0 0 1 0 0 0 1 1 1 0 0 1 0 1 1 1 1 0 0 0 0 0 0 0 1 0 0 1 1 0 1 0 1 1 0 1 0 1 1 0
1 0 1 0 1 1 1 0 0 1 0 1 1 0 1 1 0 1 0 1 1 1 1 0 1 1 1 1 0 1 0 0 0 0 1 1 1 0 0 0 1 0 1 1 1 1 1 0
0 0 0 1 1 0 1 0 1 1 1 1 1 0 0 1 1 1 1 1 0 0 1 1 1 1 0 1 0 0 0 1 1 1 0 1 1 0 0 0 0 1 1 1 1 0 0 0
0 0 0 0 0 0 1 1 1 1 0 1 0 0 0 1 1 1 0 0 1 1 1 1 0 1 0 1 1 1 1 1 1 1 1 0 0 1 1 0 1 0 0 1 1 0 0 1
0 1 0 1 0 1 1 0 1 0 0 1 1 0 1 1 1 1 1 1 1 1 1 0 0 1 0 0 0 0 0 0 0 1 1 1 1 0 1 1 1 1 1 0 1 1 0 1
0 1 1 0 1 0 0 0 1 0 0 0 1 1 0 1 1 1 1 1 0 1 1 0 0 1 1 1 0 1 1 0 0 1 1 1 0 1 0 1 1 0 1 1 1 1 1 0
1 1 0 1 1 0 1 0 1 0 1 1 1 1 0 1 1 1 0 0 1 0 1 1 0 1 1 0 0 0 1 1 1 0 1 0 0 0 0 0 1 0 0 0 1 0 1 1
1 0 0 1 0 0 0 1 1 1 0 0 1 1 0 1 1 0 1 1 0 0 0 0 1 0 1 1 1 1 0 1 0 1 1 1 1 0 0 1 0 1 1 1 0 1 1 0
0 0 0 0 0 1 0 1 0 1 1 0 1 1 1 1 1 0 1 1 0 1 1 1 0 1 1 1 1 1 1 1 1 0 0 0 0 1 1 1 1 1 1 0 1 0 1 0
1 1 1 0 1 0 0 1 0 1 0 1 1 1 0 1 0 0 0 0 1 0 0 0 0 1 0 0 0 0 1 1 1 1 1 1 0 1 1 1 0 1 1 1 0 0 1 1
1 0 0 1 1 1 1 1 0 1 0 0 0 0 1 0 1 0 1 0 0 0 1 1 1 1 0 0 0 1 1 0 1 0 0 0 1 0 0 0 1 1 0 0 1 1 0 0
1 0 0 1 0 1 0 0 0 0 0 1 0 1 0 1 1 0 1 0 0 1 0 0 0 0 1 1 0 1 1 0 1 0 0 1 0 0 1 1 1 1 0 0 0 1 0 1
0 0 0 1 0 1 1 1 0 1 0 0 1 1 0 1 1 0 1 0 1 1 0 1 1 0 1 0 0 1 0 0 0 0 0 1 1 1 0 0 0 0 1 0 1 0 0 1
0 1 0 1 1 1 0 0 0 0 0 0 0 0 0 1 0 0 1 1 0 0 0 1 0 1 0 1 0 1 1 0 0 1 1 1 0 1 0 0 0 1 0 1 0 0 1 1
1 1 0 1 1 0 0 1 0 0 1 1 1 1 0 0 1 0 1 1 1 1 1 1 0 1 0 1 0 1 0 1 0 1 0 0 1 1 0 0 1 1 0 0 0 1 0 0
0 1 0 1 0 0 1 1 0 0 0 1 1 1 0 0 0 1 0 0 0 1 1 0 1 0 1 1 1 1 1 1 1 1 0 1 1 0 0 0 1 0 1 1 1 1 0 1
1 1 1 0 1 1 0 1 0 1 1 0 1 1 1 1 0 0 1 0 1 1 0 1 0 0 0 1 1 1 1 1 1 1 0 0 0 0 0 0 1 0 1 0 0 0 0 1
1 0 1 0 0 0 0 1 1 0 0 0 0 1 1 0 1 1 1 0 0 1 1 1 1 1 1 1 1 0 1 0 1 1 1 1 1 1 0 1 0 0 1 1 0 1 0 1
0 1 0 1 1 0 0 0 0 1 1 1 0 1 1 0 0 0 0 0 0 1 1 0 1 0 1 1 0 1 0 0 0 1 1 0 0 0 0 1 1 1 0 0 1 1 0 1
0 0 1 1 1 0 1 0 1 1 1 1 0 1 0 0 0 1 1 1 0 1 0 0 0 1 1 0 1 1 1 0 1 0 1 0 1 1 0 0 0 0 1 0 0 1 0 1
1 0 1 0 0 0 0 0 0 1 0 0 0 0 1 0 0 0 0 1 1 1 0 1 1 1 1 0 1 0 0 1 1 1 0 0 1 0 1 1 1 0 1 0 0 0 1 1
1 1 0 0 0 1 0 1 1 1 1 1 1 0 1 0 1 1 0 0 0 1 0 0 0 1 1 1 1 1 1 1 1 1 1 1 0 0 1 1 1 0 1 1 0 0 0 0
1 0 0 1 1 0 0 1 1 1 0 0 0 0 0 1 1 1 1 0 1 1 1 0 1 1 1 0 1 1 0 0 1 0 1 1 1 1 0 1 1 0 0 1 0 1 1 1
1 0 0 0 1 0 1 1 1 0 1 0 1 0 0 0 0 0 1 0 1 0 0 1 1 1 1 1 1 1 0 1 0 1 0 1 0 1 0 0 1 0 0 0 0 1 1 1
0 1 0 0 1 1 1 0 0 1 1 0 0 1 1 0 0 0 1 0 1 1 1 0 1 0 1 1 1 0 1 1 1 0 1 0 1 0 1 0 1 0 0 0 0 0 1 1
1 1 0 1 0 1 0 1 1 1 0 0 0 1 1 0 1 0 0 0 0 1 0 1 1 0 0 0 0 0 1 1 1 1 1 0 1 1 1 0 0 1 0 1 1 1 1 1
0 0 1 1 1 1 1 1 0 0 0 1 0 1 1 0 1 0 1 0 1 0 0 0 0 0 1 0 1 1 0 0 0 0 1 1 0 1 0 1 0 1 0 1 1 1 0 0
1 1 1 0 1 0 1 1 1 1 0 0 1 1 1 1 1 0 1 1 1 0 0 0 0 0 0 0 1 1 0 0 1 1 0 1 0 1 1 0 1 1 0 1 1 1 0 1
1 0 0 1 0 1 0 1 0 1 0 1 1 1 1 0 1 0 1 1 1 0 1 1 1 0 0 1 0 1 0 0 1 1 1 1 1 1 0 0 0 0 0 0 0 0 0 1
0 0 0 1 1 0 1 0 1 0 1 0 1 1 0 0 0 1 0 0 0 0 1 1 1 1 0 0 0 1 0 0 0 0 1 1 1 0 1 0 1 1 0 1 0 1 1 1
0 0 0 0 0 1 0 1 1 1 0 1 1 0 1 1 1 0 1 1 0 1 1 1 0 0 0 1 0 0 0 0 0 1 0 1 0 1 1 1 1 0 0 1 0 1 0 0
1 0 0 1 1 0 1 1 0 1 0 1 0 1 1 1 1 1 1 1 0 0 1 1 1 0 1 0 0 0 1 1 0 0 1 1 0 1 1 0 1 1 0 1 0 0 0 1
1 0 1 1 1 0 0 0 1 0 1 0 1 1 1 0 0 0 1 1 0 0 0 1 0 0 1 1 0 1 1 0 1 1 0 0 1 0 1 0 1 0 0 1 1 0 0 1
1 1 1 0 0 0 1 0 0 0 1 0 0 0 1 0 0 1 1 1 1 0 0 0 0 1 1 1 0 1 0 1 1 0 1 0 0 0 0 0 1 1 0 1 1 1 1 1
0 0 0 0 1 1 0 0 1 1 0 1 1 0 1 0 0 0 0 1 1 1 0 1 0 1 1 1 0 1 0 0 1 1 1 0 1 0 0 1 0 0 1 1 1 0 0 1
1 0 0 1 1 0 0 1 0 0 1 1 0 1 0 1 1 1 1 1 1 1 0 0 0 1 0 1 1 0 1 0 1 1 0 1 0 1 1 1 0 1 0 1 0 0 0 1
1 1 1 1 1 0 1 1 1 1 0 1 0 0 0 1 1 0 0 0 1 1 0 1 1 0 0 1 1 0 1 0 0 0 1 0 0 0 1 1 1 1 0 0 0 1 0 1
0 0 0 1 0 0 0 1 1 1 1 1 0 0 0 0 0 0 0 0 1 0 1 0 1 1 1 1 1 1 0 0 1 0 1 0 0 1 0 1 1 1 0 1 1 1 1 1
0 1 1 0 1 1 1 1 1 0 1 1 1 1 1 1 1 0 1 0 1 0 0 0 0 0 1 0 0 0 0 0 1 0 0 0 1 1 0 1 1 0 1 1 0 1 0 0
0 1 1 0 1 0 1 0 0 1 0 0 0 0 1 0 0 1 1 1 0 1 1 0 0 1 0 0 1 0 1 0 0 0 1 0 1 1 0 0 0 0 1 0 0 0 1 0
0 1 1 0 1 1 0 0 1 1 0 0 0 0 0 0 0 1 0 1 0 0 0 1 0 0 1 1 0 1 1 0 1 1 1 0 1 0 0 0 1 1 0 0 1 1 1 1
0 1 0 1 0 1 0 1 0 1 0 0 1 0 1 0 1 1 1 0 1 0 1 1 1 0 1 1 0 1 0 1 0 1 0 0 0 0 0 0 0 1 1 0 0 1 0 1
1 1 0 0 0 0 1 0 1 0 0 0 1 0 0 1 0 0 1 0 0 1 1 0 1 0 1 0 0 0 0 1 0 1 0 0 0 1 0 1 1 1 0 0 0 0 1 1
1 0 0 0 1 0 1 0 0 0 0 1 0 0 0 0 0 1 0 1 0 0 0 1 0 0 0 1 0 1 1 1 0 0 0 0 0 1 0 0 0 0 1 1 1 0 0 1
0 1 0 0 0 0 0 1 1 0 1 1 0 0 0 0 1 0 0 0 1 1 0 1 0 0 0 1 0 1 0 0 0 1 0 1 1 0 0 1 0 0 1 0 0 0 1 1
0 0 1 0 0 0 1 1 1 1 0 0 0 1 0 1 0 1 0 1 1 0 1 0 0 0 0 1 0 1 0 1 0 0 1 0 1 1 1 0 1 1 1 0 0 0 1 1
1 0 0 0 1 1 1 1 0 0 1 1 0 0 1 1 1 1 0 1 0 0 0 1 1 1 1 1 0 1 1 1 1 0 1 1 1 0 1 0 0 0 1 1 1 0 1 1
1 1 0 0 0 1 1 0 0 0 1 1 1 0 0 0 0 1 1 0 0 1 0 0 0 0 0 1 1 0 0 0 0 0 0 1 0 0 0 0 0 0 0 0 0 1 1 1
1 0 0 1 1 1 0 1 0 1 0 1 0 0 0 0 1 0 1 1 0 0 0 1 0 0 1 1 0 1 0 1 1 0 1 0 0 0 0 1 1 0 1 1 1 0 0 1
0 1 0 0 1 0 1 0 1 1 0 1 1 0 1 1 1 0 0 1 1 0 0 1 1 0 0 0 1 0 0 1 1 1 1 1 0 1 1 0 1 1 0 0 1 0 0 1
0 0 1 1 1 0 0 0 1 0 0 0 1 0 1 1 0 0 1 0 1 1 1 0 1 1 1 1 1 0 0 1 0 0 0 0 0 0 0 1 0 0 1 1 1 0 0 1
0 1 1 0 1 0 0 1 0 1 1 0 1 0 0 0 0 0 1 1 1 1 1 1 0 0 1 0 1 0 1 0 0 0 1 1 0 1 1 1 0 0 0 0 0 1 0 1
1 1 0 1 1 1 1 0 0 1 0 1 0 1 1 0 0 0 0 0 1 0 1 0 0 0 0 1 1 0 0 1 0 1 0 1 0 0 0 1 0 0 0 1 1 1 1 1
0 0 1 1 1 1 1 1 1 0 0 1 0 0 0 0 0 1 0 0 1 1 1 1 1 0 0 1 0 0 1 0 1 1 0 1 0 1 1 0 1 0 0 0 1 0 1 1
0 1 1 1 1 1 0 1 0 0 0 0 1 0 1 1 0 1 0 0 0 0 0 1 1 0 1 1 1 1 1 1 1 0 0 0 1 1 0 0 0 0 0 1 0 1 1 1
0 1 1 0 0 1 1 0 1 1 1 0 0 1 0 1 0 1 1 1 1 1 0 0 0 0 0 0 1 1 0 0 1 1 0 0 0 1 0 0 0 0 1 0 1 1 1 0
0 0 0 1 0 1 0 0 1 0 1 1 1 1 1 1 0 1 0 0 0 1 0 0 0 0 1 1 0 0 1 0 1 0 1 1 1 1 0 0 1 0 0 0 0 0 1 1
0 1 0 0 1 0 0 1 1 0 1 0 1 0 1 1 0 1 1 0 1 0 0 0 1 0 0 0 1 0 0 0 1 1 0 0 1 1 1 1 0 0 1 0 1 0 1 1
1 1 0 0 1 1 1 1 1 1 1 0 0 1 0 1 1 1 0 1 1 0 0 1 1 0 0 0 1 1 1 0 1 0 0 1 0 1 0 0 0 1 1 0 1 1 1 1
1 1 1 0 1 0 1 1 0 0 1 1 1 1 0 1 0 0 0 1 1 1 1 0 0 1 0 0 1 1 1 0 0 0 1 1 1 1 0 0 1 0 1 1 1 0 0 0
0 0 0 1 0 0 0 1 0 0 0 1 0 1 0 1 1 1 0 0 1 0 1 0 0 1 1 1 0 1 0 0 0 0 1 0 1 0 0 1 0 0 1 1 0 0 1 1
1 0 0 0 0 1 0 1 0 1 0 0 1 0 1 1 1 0 0 1 1 0 1 0 1 1 1 1 1 1 1 0 0 1 0 1 1 0 0 1 1 1 0 0 1 1 0 1
1 0 0 0 0 1 0 1 1 0 0 1 0 1 1 1 0 1 1 1 0 1 1 0 0 0 1 0 0 0 1 1 0 1 0 1 1 1 0 0 0 1 0 1 1 0 1 1
1 0 1 1 1 0 0 1 0 0 1 0 0 0 0 1 0 0 0 0 0 1 0 1 0 1 1 0 0 0 1 1 1 0 0 1 1 0 1 0 0 0 0 1 1 0 1 0
1 0 1 1 1 1 0 1 1 0 1 0 1 1 0 1 1 0 0 0 1 1 0 1 0 0 1 0 1 0 0 1 1 1 1 1 1 1 0 1 1 1 1 0 1 0 0 1
1 1 1 0 1 1 1 0 0 0 0 1 0 1 0 1 0 1 1 0 0 0 1 1 0 1 1 0 0 1 0 1 1 1 0 1 0 0 0 1 0 1 1 1 0 0 0 1
1 1 0 0 1 1 1 0 0 0 0 1 0 1 0 0 1 0 1 1 1 0 0 1 1 1 0 1 0 1 0 1 1 0 1 0 1 0 1 1 0 1 0 1 1 1 1 0
1 1 0 1 1 1 1 0 0 1 1 0 0 1 0 1 1 0 0 0 0 1 1 0 1 1 0 0 0 0 1 1 0 1 0 1 0 0 0 0 0 0 1 0 1 0 0 1
1 1 1 1 0 1 1 1 1 0 1 1 1 1 1 0 1 1 1 1 1 1 0 1 1 0 0 0 1 0 1 1 0 0 1 1 0 0 1 1 1 0 0 1 1 1 1 1
1 1 0 1 1 0 0 1 1 1 1 0 0 1 1 0 0 0 0 1 0 1 1 0 1 1 1 0 1 0 0 1 1 1 0 1 0 1 1 0 0 1 1 0 0 1 0 1
1 0 0 0 0 1 1 0 0 0 1 1 0 0 0 0 1 0 0 0 1 0 0 1 1 0 1 0 1 1 1 1 0 1 1 0 0 1 1 0 1 0 1 0 1 0 0 1
0 1 1 1 0 0 0 1 1 1 0 1 1 1 0 0 0 0 1 0 0 0 0 0 1 1 0 0 0 1 0 0 0 1 1 0 1 1 0 0 0 1 1 0 1 0 0 1
0 0 1 1 1 0 0 1 1 1 1 0 0 1 1 0 0 1 0 0 1 0 1 0 0 0 1 1 0 0 0 0 0 1 0 0 1 0 1 0 1 0 1 0 1 1 1 1
1 1 0 0 0 1 0 0 1 1 0 0 1 1 1 1 1 1 0 1 0 1 1 1 1 0 0 1 1 1 1 0 0 1 1 1 1 0 1 0 1 0 1 1 1 0 1 1
1 1 1 0 0 0 0 1 0 0 1 1 1 0 1 1 1 0 1 0 1 1 1 1 0 1 0 0 1 1 1 1 1 1 1 0 1 1 0 1 0 0 0 0 1 1 0 0
0 1 1 0 1 1 0 0 1 1 1 1 0 1 1 0 1 1 1 0 0 0 1 0 0 1 0 0 0 0 1 1 1 0 0 0 0 1 0 1 1 1 1 0 1 0 0 0
0 0 0 1 0 0 0 1 0 0 1 0 1 0 0 1 0 0 0 1 0 1 0 0 1 0 1 1 0 1 1 1 1 1 1 0 0 0 1 1 1 1 0 0 1 1 0 0
0 0 0 0 1 0 1 0 1 1 0 0 0 0 1 1 1 0 1 1 0 0 0 1 0 1 1 1 1 0 0 0 0 1 1 0 1 1 1 1 0 0 1 0 1 1 1 1
1 1 1 0 0 1 0 0 1 0 0 0 1 0 0 1 0 1 1 0 0 0 0 0 1 0 0 0 1 1 0 1 0 1 1 1 1 0 1 0 1 0 0 0 1 1 0 1
0 0 0 1 0 0 1 1 0 1 1 0 0 1 0 1 1 1 1 1 0 1 1 0 1 1 0 1 1 0 1 0 0 1 1 1 0 1 0 0 1 0 1 1 0 0 1 0
1 0 1 1 1 1 0 0 1 1 1 0 0 0 1 0 0 1 1 0 0 1 1 1 0 1 1 1 0 0 0 0 0 0 0 0 0 1 1 0 0 1 1 1 0 1 1 0
0 0 0 1 0 1 1 1 1 0 0 1 1 1 1 1 0 1 0 1 1 0 1 1 1 1 0 0 0 0 0 0 1 0 0 1 0 1 0 0 0 1 1 1 1 1 0 1
0 1 0 0 0 0 0 0 0 0 1 1 1 1 1 1 0 1 1 0 1 0 0 1 0 0 1 1 1 0 1 0 0 1 1 0 1 0 1 0 0 1 1 0 0 1 0 0
0 1 0 1 0 1 1 0 1 0 1 0 1 1 0 0 0 0 0 1 0 1 1 0 1 0 1 0 0 0 1 1 1 1 0 0 0 0 1 1 1 0 1 1 0 0 1 1
1 1 1 1 1 0 1 0 0 1 1 0 0 0 0 0 0 0 0 0 1 1 0 1 1 0 0 0 0 1 1 0 0 0 1 1 0 1 0 1 1 1 0 0 0 0 1 0
1 1 0 1 0 1 1 0 1 0 0 1 1 0 0 1 0 0 0 1 0 1 0 1 1 1 1 0 1 1 0 1 1 0 1 1 1 1 0 1 1 0 0 1 1 0 0 0
0 1 1 0 0 0 1 0 0 1 1 0 1 1 1 1 0 0 1 0 0 0 0 1 0 1 0 0 0 0 1 0 0 0 1 1 1 0 0 1 1 0 1 1 0 0 1 1
0 0 0 1 1 0 0 1 1 1 1 1 1 1 1 1 0 0 0 1 1 0 1 1 1 0 1 1 1 1 1 0 1 0 1 0 1 0 1 1 0 1 0 0 0 0 0 0
1 1 0 1 0 1 1 0 0 0 1 0 0 1 1 0 0 0 1 0 0 0 1 1 1 1 1 1 1 0 1 1 0 0 0 0 1 0 0 1 1 1 1 0 0 0 0 1
1 0 0 1 0 1 1 1 1 0 0 1 1 1 1 1 0 1 0 0 1 0 0 1 1 1 1 0 1 1 1 1 0 0 0 1 0 0 1 0 1 1 1 0 1 1 1 0
1 0 0 0 1 1 1 0 1 0 1 1 0 0 1 0 0 1 1 0 0 1 1 0 1 0 1 0 1 1 0 0 1 1 0 0 1 1 0 1 1 0 1 1 1 1 0 1
0 0 1 0 1 1 1 1 1 0 1 1 1 0 0 0 1 0 1 1 1 0 0 0 1 0 0 1 1 0 1 0 1 0 0 1 0 1 1 1 0 1 1 1 1 0 1 0
0 1 1 1 0 0 0 0 0 0 0 0 0 1 0 1 0 1 0 0 1 1 1 1 0 0 1 1 0 1 0 0 0 0 0 1 0 1 0 0 0 1 0 0 0 0 0 0
0 0 1 1 0 1 1 0 1 0 1 1 1 0 0 0 1 0 0 0 1 1 1 0 1 1 0 1 0 0 0 0 0 1 0 1 0 0 1 1 0 1 0 0 0 1 0 1
1 0 1 0 0 1 0 1 1 0 0 0 0 0 1 0 0 1 1 1 0 1 0 1 0 1 0 0 1 0 0 1 1 0 0 1 0 1 0 1 1 1 1 1 0 1 1 1
0 1 1 1 1 0 1 0 0 0 1 0 1 0 0 0 0 0 0 0 1 1 0 1 0 0 0 1 0 0 0 0 1 0 0 0 0 0 1 1 0 0 1 0 1 0 1 1
1 1 1 0 0 0 0 1 0 1 0 0 0 0 0 1 1 0 1 0 1 0 0 0 0 1 1 0 0 0 0 0 1 1 0 0 0 1 1 0 0 1 1 1 0 0 1 0
1 0 0 1 1 0 1 1 1 0 1 0 1 1 1 0 1 0 1 0 1 0 1 0 0 1 0 0 1 0 1 1 1 0 1 1 1 0 1 1 1 0 0 1 0 0 0 0
0 1 1 0 0 1 1 0 0 1 0 1 1 0 0 0 1 1 0 0 1 0 0 1 0 0 1 1 1 1 1 0 0 0 1 1 1 1 0 1 1 0 1 1 0 1 0 0
0 0 1 0 0 0 1 0 1 1 0 0 1 0 1 0 0 1 1 0 1 0 0 1 0 0 0 1 0 0 0 1 0 1 1 0 0 0 1 1 0 1 1 1 0 0 1 0
1 0 1 1 0 0 0 1 0 1 0 1 0 1 1 0 1 0 1 1 0 0 1 1 0 1 1 0 1 1 1 0 1 1 0 0 1 1 0 0 1 0 1 0 0 0 1 0
1 1 1 0 1 0 1 0 1 0 0 1 0 1 1 1 0 0 1 0 0 0 0 1 0 0 0 1 1 0 1 1 1 0 0 1 0 0 0 0 0 0 0 0 0 1 0 0
0 1 1 1 1 1 1 0 0 0 1 0 1 0 1 0 1 1 1 1 1 1 1 0 1 1 1 1 0 1 1 0 1 0 1 1 0 0 1 0 0 0 0 0 0 1 0 0
1 0 0 1 0 0 0 0 0 1 1 0 1 1 1 1 1 1 0 0 1 1 1 1 0 1 1 0 0 1 1 0 1 1 0 1 0 0 0 1 1 0 0 1 0 0 0 0
1 0 0 0 1 0 0 1 1 1 1 1 1 0 1 1 1 0 1 0 0 1 1 0 0 0 0 0 0 1 1 0 0 1 1 1 0 0 0 1 0 1 1 0 0 1 1 1
1 0 1 1 1 0 1 1 1 0 0 1 0 1 1 0 0 1 0 1 1 0 0 0 0 1 0 1 1 1 1 1 0 0 0 1 1 0 0 0 1 0 0 1 0 1 0 1
0 0 1 0 1 1 0 0 0 1 1 0 0 0 1 1 1 1 1 0 1 1 1 0 0 0 0 0 0 1 0 1 0 0 0 0 0 0 1 0 0 1 0 0 0 1 1 1
1 0 0 1 1 0 0 1 1 0 1 1 1 0 1 0 1 0 0 1 1 1 0 1 1 0 1 1 0 1 0 1 0 0 0 0 1 1 1 1 0 0 0 0 1 1 0 1
0 1 0 1 0 1 1 1 0 1 1 1 0 0 0 0 1 1 1 1 0 0 1 1 0 1 0 1 1 1 0 0 1 0 0 1 1 0 1 0 0 1 0 1 1 1 0 1
1 0 0 1 0 0 1 1 0 0 1 0 0 1 0 0 1 0 0 1 1 0 1 0 0 0 0 1 0 1 0 1 1 1 0 0 0 0 0 1 0 0 1 1 0 0 0 0
1 1 0 1 0 0 0 0 1 0 0 1 0 0 1 1 1 1 0 1 0 0 0 0 1 1 0 1 0 0 1 1 0 0 1 0 0 0 1 1 0 0 1 1 0 0 1 0
0 1 1 0 0 1 0 1 0 1 0 1 1 1 0 0 1 1 1 1 1 1 0 1 1 0 1 0 0 0 0 1 1 0 0 0 1 0 1 1 0 0 0 1 0 0 0 0
0 1 1 0 1 1 1 1 1 0 1 0 1 1 1 0 0 0 1 0 1 1 1 1 1 1 1 0 0 1 0 1 0 0 0 1 1 0 1 0 0 1 1 1 1 0 0 0
1 0 1 1 1 1 1 1 1 1 1 1 1 1 1 0 1 1 1 0 0 1 0 0 1 1 0 0 1 1 0 1 0 0 0 0 0 0 0 0 1 0 0 0 1 0 1 0
1 1 1 1 1 0 1 1 0 0 1 0 0 1 0 0 1 0 0 1 0 0 0 0 0 0 1 1 1 1 1 0 0 1 0 0 0 1 0 0 1 1 0 1 1 0 1 0
0 1 0 1 1 1 1 1 1 1 1 0 1 1 0 0 0 1 0 0 1 0 0 0 0 1 1 0 1 1 1 1 0 0 0 1 1 0 1 0 0 0 0 1 1 0 0 1
0 1 1 0 1 0 0 0 1 0 0 1 0 1 1 0 0 0 1 1 0 0 1 1 1 0 1 0 0 0 0 0 1 1 0 1 1 1 0 1 0 1 0 1 0 0 1 0
1 0 1 1 1 1 1 1 1 1 1 1 0 1 1 0 0 0 0 1 0 0 0 1 1 1 1 1 0 0 0 1 0 0 0 0 0 0 1 1 0 0 0 1 0 0 1 1
1 1 0 0 0 1 0 1 1 0 1 0 0 1 0 1 0 0 1 0 1 0 0 0 1 1 1 1 0 0 1 0 0 0 1 1 1 0 1 1 0 0 0 0 1 1 1 0
1 1 1 0 1 0 0 0 1 0 1 0 0 0 1 1 1 1 0 0 0 0 1 0 0 1 1 1 1 0 1 0 0 0 0 1 0 0 1 1 0 1 0 0 0 0 1 1
0 1 0 1 1 0 1 0 0 0 0 1 0 1 1 1 1 0 0 0 0 0 1 0 1 0 1 0 0 1 1 0 1 1 0 1 0 0 1 0 0 0 1 1 1 0 1 1
1 1 1 1 1 1 1 0 0 0 1 1 1 0 0 1 0 1 0 1 1 1 1 0 1 1 0 0 1 0 1 0 1 1 1 0 1 0 0 0 0 1 1 1 1 0 0 1
0 0 1 1 1 1 0 0 1 1 1 1 0 1 0 1 1 0 0 1 1 1 1 0 1 0 0 0 0 0 1 0 0 1 1 0 0 0 0 1 1 0 0 0 1 0 0 0
0 1 0 0 0 0 1 0 1 1 0 1 0 0 0 1 0 0 0 0 1 1 1 0 1 0 1 0 1 0 0 0 0 0 0 0 0 1 1 1 1 0 0 1 0 1 0 0
1 1 0 1 0 1 0 0 0 1 0 0 0 0 0 1 0 1 1 0 1 1 0 0 1 0 0 0 0 1 1 0 0 0 0 0 0 0 0 1 1 1 1 0 1 1 0 0
0 1 0 1 0 1 0 0 1 1 0 1 0 1 0 1 0 0 1 1 1 0 1 0 0 0 1 1 1 0 1 1 1 0 0 1 0 1 0 1 1 1 1 1 1 0 0 0
0 1 0 1 1 0 0 0 0 1 1 1 0 0 1 1 1 1 0 1 0 0 0 0 1 1 1 0 0 0 1 1 1 1 0 1 1 0 0 0 0 0 0 0 0 1 0 0
0 1 0 0 1 0 0 1 1 1 0 0 1 0 0 1 1 1 1 0 1 0 1 0 0 0 1 1 0 0 1 0 1 0 1 1 0 0 0 1 0 1 0 1 0 1 0 1
1 1 0 1 0 1 0 1 1 0 0 1 0 1 0 1 0 1 0 1 0 1 1 0 0 1 0 1 0 1 0 0 1 0 1 1 0 0 0 0 0 0 1 0 1 1 1 0
1 0 0 1 0 1 1 1 1 1 1 1 0 1 0 1 1 1 0 1 0 0 0 0 1 0 1 0 1 0 1 1 0 1 1 0 1 1 1 0 0 1 0 1 0 0 0 0
1 1 1 0 0 1 1 1 0 0 1 1 0 1 1 0 1 0 1 1 1 0 0 0 0 0 0 1 0 1 0 1 0 1 1 0 0 0 1 1 1 1 0 0 0 0 0 1
0 0 1 1 0 0 1 0 0 0 0 1 0 0 1 0 0 0 1 1 0 0 0 0 1 1 1 0 0 0 1 1 0 1 0 0 1 0 0 0 0 0 0 1 0 1 0 1
1 1 1 1 1 0 1 0 0 1 0 1 1 1 0 1 1 0 0 1 0 1 0 1 1 0 1 1 1 0 0 1 1 1 0 0 1 1 0 0 0 1 0 0 0 1 1 0
0 0 1 0 1 0 0 1 1 0 1 1 0 1 0 1 0 0 1 0 1 1 0 0 0 1 1 1 0 1 0 1 0 1 0 0 0 0 0 0 0 0 1 1 1 0 1 0
1 0 0 0 0 0 1 0 0 0 0 0 1 1 1 0 1 1 1 1 0 1 0 0 0 0 0 1 1 0 1 1 1 1 0 1 0 0 0 1 1 0 0 0 0 1 1 0
0 0 1 1 0 0 0 1 1 1 1 0 0 1 1 1 1 0 1 1 1 0 0 1 1 0 1 1 0 0 0 1 1 1 1 0 0 1 1 1 1 1 1 0 1 1 1 0
0 1 1 1 1 0 0 1 0 1 1 1 1 0 0 0 0 1 0 0 0 1 0 0 0 0 1 1 1 0 1 1 1 1 0 0 1 0 0 1 1 1 1 1 0 0 1 0
0 0 1 1 1 0 0 0 1 0 1 0 1 0 1 0 0 0 1 1 0 1 1 0 0 0 0 1 1 1 0 1 0 0 0 0 0 0 1 0 1 0 1 0 1 0 0 0
0 0 1 1 0 0 1 0 0 1 0 1 1 1 0 0 1 1 0 1 1 0 1 0 1 0 1 1 0 1 0 1 1 1 1 0 0 0 0 1 1 0 0 0 0 1 1 1
0 1 1 1 1 0 0 1 0 1 1 1 1 0 0 1 0 0 0 0 0 0 0 0 1 1 0 0 0 1 1 1 0 1 0 1 0 1 1 0 0 0 0 1 1 1 0 0
1 1 0 1 0 1 1 1 0 0 0 1 0 0 0 1 1 1 0 1 1 1 1 1 1 1 1 0 0 1 1 0 1 0 1 1 1 1 0 0 0 1 1 1 0 0 1 0
1 1 0 1 0 0 1 0 0 1 0 1 1 0 1 1 0 0 0 1 1 0 0 1 1 0 0 1 0 0 0 0 0 0 0 0 0 0 0 1 0 0 0 0 1 1 1 0
1 0 1 0 1 1 0 1 0 0 1 1 0 0 0 0 0 0 1 1 0 0 0 0 1 1 1 1 0 1 1 0 0 0 1 0 1 0 1 1 1 0 1 0 0 0 0 1
1 1 1 0 0 0 0 0 0 1 0 1 0 0 1 0 0 0 0 0 0 1 0 1 0 1 1 0 1 0 1 1 1 1 0 0 0 1 0 1 0 1 0 0 0 0 1 0
0 1 1 1 1 0 1 0 0 0 0 0 0 1 1 1 1 1 0 1 1 1 1 1 0 0 0 0 0 1 1 1 1 0 1 0 1 1 1 1 1 1 1 1 1 1 0 0
0 1 0 1 1 0 0 0 0 1 0 1 1 1 0 0 1 1 1 0 0 0 1 1 0 1 1 1 1 0 0 0 1 0 1 1 0 1 1 1 0 0 1 0 1 0 0 1
1 1 1 1 0 1 0 0 1 0 1 1 0 0 1 0 0 1 1 1 1 0 0 0 0 1 1 1 1 1 0 1 1 0 1 0 0 0 1 1 0 0 1 0 1 0 0 0
0 0 0 0 1 0 1 0 1 0 0 0 1 0 0 0 0 0 0 0 0 1 0 0 1 0 0 1 0 1 1 1 1 0 0 1 0 1 0 0 0 0 1 1 0 1 0 0
0 0 1 0 0 0 0 0 0 0 1 1 1 0 0 0 1 0 0 1 0 1 1 1 1 1 0 0 1 1 0 1 0 0 1 1 1 0 1 0 1 0 1 1 1 0 1 0
0 0 0 1 0 1 0 1 0 0 0 0 1 0 0 0 1 0 0 1 1 0 1 0 0 0 1 0 1 0 0 0 0 0 1 0 0 1 0 1 1 1 1 0 0 0 0 0
1 1 0 0 1 0 0 1 1 0 1 1 1 1 0 0 0 0 0 0 0 1 1 1 0 1 0 0 0 0 0 0 1 1 1 1 1 1 0 0 1 1 1 0 0 0 1 0
1 1 1 0 1 1 1 1 1 0 0 0 0 1 0 1 0 1 0 1 0 0 1 1 0 0 1 1 1 0 0 1 0 0 1 0 1 1 0 0 0 0 1 1 1 1 0 0
1 0 1 0 1 0 0 0 1 0 0 0 0 1 0 0 1 1 1 0 1 1 0 0 0 1 0 0 1 0 1 0 0 1 1 0 0 0 0 1 0 0 0 1 0 0 0 0
1 0 0 1 1 0 1 0 0 1 0 0 1 0 0 0 1 1 1 0 1 0 0 0 0 0 1 1 0 0 1 0 1 1 1 1 0 0 0 0 0 0 0 1 1 0 1 0
1 0 1 0 0 1 1 0 1 1 0 1 1 0 1 1 0 1 0 1 1 1 1 1 0 0 0 0 0 1 0 1 1 0 1 1 1 0 0 1 0 1 1 0 0 0 1 0
0 0 0 1 0 0 1 1 0 1 0 0 1 0 0 0 1 0 1 1 1 0 0 0 1 0 1 0 0 0 1 0 0 1 0 0 0 0 1 0 1 1 1 0 0 1 1 1
0 0 0 1 1 1 0 1 1 1 1 0 0 0 0 1 1 1 1 1 1 0 1 1 0 1 0 0 1 0 1 0 0 0 0 1 1 0 0 1 1 0 0 0 0 1 0 1
1 1 0 0 1 0 0 1 0 0 1 0 0 1 0 0 1 0 1 0 1 1 1 0 0 1 1 1 1 1 1 0 1 0 0 0 1 1 0 0 0 1 1 0 1 0 1 0
0 0 0 1 0 1 0 0 1 0 0 1 0 1 1 1 0 0 0 0 1 0 1 0 1 0 0 0 1 1 0 0 0 1 0 1 0 0 0 1 0 1 0 1 0 0 0 0
0 0 0 1 0 0 1 0 0 0 0 1 1 1 0 0 1 1 1 1 0 1 0 1 0 0 0 1 0 1 0 1 0 1 0 0 0 1 1 0 0 0 0 1 0 0 0 1
0 1 1 0 1 0 0 0 1 0 1 0 0 1 0 1 1 0 0 1 1 0 1 1 0 0 1 0 0 1 1 0 0 1 0 1 0 1 0 0 1 0 1 1 0 1 0 1
1 0 1 0 0 0 1 0 0 1 0 0 0 0 0 0 0 0 0 0 1 0 0 0 0 0 1 0 0 1 0 0 0 1 0 1 1 1 0 0 0 1 0 0 1 0 1 0
0 1 1 0 0 1 0 0 1 0 0 1 1 1 1 1 1 0 0 0 0 1 0 0 1 0 0 1 1 1 0 0 0 0 1 0 0 0 0 1 0 1 1 0 0 0 0 1
C Elapsed Time 0.000000 
