300 20 2^20 6
1 0 0 0 1 1 0 1 1 1 1 0 0 1 1 1 1 0 1 1
1 0 1 1 1 0 1 1 1 0 1 0 1 1 1 1 1 0 0 1
0 0 0 0 0 1 1 0 1 1 0 0 0 0 0 1 0 1 0 0
0 0 1 0 0 0 0 0 1 1 0 1 1 0 1 1 0 0 1 1
0 0 1 1 1 1 0 1 0 0 1 0 0 1 0 1 0 0 0 1
0 1 1 1 1 1 1 1 1 1 0 1 1 0 0 1 0 1 0 0
0 0 0 1 1 1 0 1 1 1 0 0 0 0 1 1 1 0 0 1
0 1 1 0 1 0 1 0 0 0 0 0 1 0 1 1 0 1 0 0
0 1 0 0 1 1 1 1 0 1 1 0 1 1 1 0 0 1 0 0
1 0 1 1 0 0 1 0 1 1 0 1 0 1 0 1 0 1 1 1
1 1 1 1 1 1 1 1 1 1 1 0 0 0 1 0 1 1 0 1
1 1 0 0 1 0 1 1 0 1 1 1 1 0 1 0 0 0 1 1
0 1 1 1 1 1 1 0 1 0 1 0 1 1 0 0 1 0 0 0
0 1 1 0 0 1 1 1 1 1 1 0 1 1 1 1 0 0 1 1
0 0 1 1 0 0 1 0 0 1 0 0 1 1 0 0 0 0 0 1
1 0 1 0 0 1 0 0 0 0 0 0 1 1 1 1 1 0 1 0
1 0 1 1 1 1 0 1 1 1 0 0 1 1 0 0 1 0 1 1
0 1 0 0 0 1 1 0 1 0 0 1 1 1 0 1 1 0 0 0
1 0 0 0 1 0 1 0 1 0 0 1 0 1 1 1 1 1 0 0
1 0 0 0 1 1 1 0 1 0 1 0 1 0 1 0 0 0 1 1
0 0 0 1 1 1 0 0 1 0 1 0 1 0 1 1 1 1 0 0
0 0 1 0 1 0 1 1 1 1 1 0 1 0 0 0 0 1 1 0
1 0 1 0 1 1 1 1 1 0 1 1 1 0 0 1 1 0 0 1
0 1 1 1 0 0 0 1 0 0 0 0 1 1 0 0 0 0 0 1
0 0 0 1 1 0 0 0 0 1 1 1 0 0 1 0 0 1 0 1
1 0 1 1 0 0 1 1 1 0 1 1 0 0 1 0 0 0 0 1
0 1 0 1 0 1 0 0 1 0 0 0 1 0 0 1 0 0 1 1
0 1 1 0 0 1 0 0 1 1 1 1 0 1 1 1 1 1 0 0
1 0 0 0 0 0 1 1 1 0 0 1 1 0 0 1 0 1 1 0
1 0 1 1 1 0 1 0 0 1 0 1 1 0 1 0 1 1 1 0
1 1 1 0 1 0 1 0 0 0 1 1 0 0 0 0 1 1 0 0
0 0 1 1 1 0 0 1 1 0 0 0 0 0 0 1 0 0 1 0
1 1 1 0 1 1 1 1 1 0 0 1 1 1 1 0 0 1 0 1
0 0 1 1 0 1 1 0 1 1 1 1 0 0 0 0 0 0 0 1
0 1 1 1 0 1 0 1 1 0 0 0 0 0 0 0 0 1 0 0
0 0 0 0 0 1 1 1 0 0 0 1 0 1 1 1 0 0 1 1
1 1 0 1 0 0 1 0 0 1 0 1 0 0 0 1 1 0 0 0
0 0 1 0 1 0 0 1 0 1 0 1 1 1 1 1 0 1 1 0
1 0 1 0 1 1 1 0 1 1 0 0 0 1 1 0 0 0 0 0
0 1 0 0 1 0 1 0 1 1 0 0 1 0 1 1 0 1 1 1
0 0 0 1 1 1 1 1 0 0 1 0 0 0 0 0 1 0 1 1
0 1 0 0 1 0 1 1 1 0 1 0 0 1 1 0 1 0 0 1
1 1 1 1 0 0 1 0 1 0 0 0 0 1 1 0 1 0 0 1
1 1 0 1 0 1 0 1 1 0 1 0 1 1 1 0 1 1 0 0
0 1 0 1 0 0 1 0 1 1 1 0 1 0 1 0 0 0 0 0
1 1 0 1 1 0 0 1 1 1 1 0 1 1 0 1 1 1 1 1
1 1 0 1 1 0 1 1 0 0 0 0 1 0 0 0 1 1 0 1
1 0 1 1 1 0 0 0 1 0 0 1 0 1 1 0 0 0 1 0
1 1 1 0 1 1 0 0 1 1 0 1 0 0 1 0 1 1 1 1
0 1 1 1 1 0 1 1 0 1 0 0 0 0 1 0 0 0 1 1
0 0 0 1 1 1 1 0 0 0 0 0 1 1 0 1 1 1 1 0
0 1 0 0 0 1 0 1 1 1 0 1 1 1 0 1 1 1 1 1
0 1 0 1 1 1 0 1 0 1 0 0 1 0 1 0 1 1 1 0
0 0 0 0 0 0 0 1 1 0 1 0 1 0 1 1 0 1 0 1
1 1 1 1 1 1 1 1 1 1 1 0 0 0 0 0 0 0 1 0
0 1 1 1 1 0 0 1 0 0 1 1 1 0 1 0 1 0 0 0
1 0 0 0 0 1 0 1 1 1 0 0 1 1 0 1 1 0 0 0
1 1 0 0 0 1 1 1 1 0 0 0 0 0 1 1 1 1 1 1
1 1 0 0 0 0 0 1 0 1 1 0 0 0 0 0 1 1 0 0
0 0 0 0 0 1 1 1 1 1 1 0 1 0 1 1 1 0 1 0
0 0 0 1 1 0 0 0 0 0 0 0 1 1 1 0 1 0 0 0
1 0 1 1 1 0 0 1 1 1 1 1 0 0 0 1 1 1 0 0
1 0 0 1 1 1 0 0 1 0 0 0 1 1 1 1 0 1 1 1
0 1 0 1 1 0 1 0 1 1 0 1 0 0 0 0 0 1 1 1
1 0 0 0 0 0 1 1 0 1 0 0 1 1 1 0 0 1 0 1
1 1 1 1 1 0 1 0 1 0 0 1 1 0 1 1 0 0 0 1
0 1 1 1 0 1 0 0 1 1 0 1 1 1 1 0 1 0 1 0
1 0 1 1 0 1 1 1 1 1 0 1 0 1 1 0 1 1 0 0
0 1 1 1 1 1 0 1 1 0 0 0 0 1 1 1 1 1 1 0
0 1 0 0 0 0 0 0 0 1 0 0 0 1 1 1 1 0 1 0
1 0 0 0 1 0 0 0 0 1 1 1 0 1 0 1 0 0 0 0
0 1 0 1 0 0 0 0 0 0 0 1 1 1 1 1 1 1 1 0
0 1 1 0 1 1 0 1 1 0 0 0 1 0 0 0 1 0 0 1
0 0 1 0 1 0 0 0 1 0 1 0 0 1 0 1 0 1 0 1
0 1 1 1 1 0 0 1 0 1 0 0 0 0 0 0 1 0 1 0
1 1 1 1 0 1 0 0 1 1 1 0 0 1 0 1 1 0 1 1
0 0 1 0 1 1 1 1 1 0 1 1 0 0 1 1 0 1 1 1
1 1 0 0 0 1 1 1 1 1 0 0 0 1 0 0 1 1 1 0
1 1 1 0 1 0 0 0 1 1 1 0 1 1 1 0 1 1 1 0
0 1 1 0 0 1 0 0 0 0 1 0 0 0 1 0 1 0 1 1
1 1 0 0 0 1 1 0 1 1 1 1 0 1 1 0 0 0 0 1
0 0 0 0 1 0 0 1 0 0 1 0 0 1 0 1 1 0 1 1
1 0 1 1 0 0 0 0 0 0 1 0 1 0 0 0 0 1 1 0
1 0 1 1 1 1 0 0 0 0 1 1 0 1 1 0 1 1 0 1
1 0 0 1 0 1 1 1 1 1 1 0 1 0 0 1 0 1 0 1
1 0 0 0 1 0 0 0 0 1 0 0 1 0 0 1 1 1 0 1
1 1 0 1 0 0 0 0 0 1 1 1 1 1 1 1 0 1 1 1
0 1 0 0 1 1 1 0 0 0 0 1 0 0 1 1 1 0 1 1
0 0 0 1 1 0 1 1 0 1 0 0 0 0 1 1 1 1 0 0
0 0 1 1 1 0 1 0 0 0 1 0 0 1 1 1 1 0 1 0
1 0 1 1 1 1 0 1 0 1 0 0 0 1 0 0 0 1 1 1
1 1 0 1 0 1 0 0 0 1 0 0 0 1 1 1 0 1 0 1
1 0 0 0 0 0 1 0 1 1 0 0 1 0 0 0 1 0 1 1
0 0 0 1 0 0 1 1 1 0 0 1 0 1 0 1 1 0 1 1
0 1 1 0 0 0 0 0 1 0 1 0 1 0 0 0 1 0 1 0
1 1 1 1 1 0 1 0 1 0 1 1 1 0 0 0 1 1 1 1
0 1 1 1 1 0 0 1 1 1 1 1 1 1 0 0 1 1 0 1
0 1 1 1 0 0 0 0 0 1 1 1 0 0 0 1 0 1 1 0
0 1 0 1 0 0 1 1 1 0 0 1 1 1 1 1 0 1 0 1
0 1 1 0 0 0 1 1 0 1 0 1 0 0 1 0 1 1 0 1
0 0 0 1 0 1 1 0 1 0 1 0 0 1 1 1 1 0 0 1
1 1 1 0 0 1 0 1 0 1 0 1 0 1 1 0 0 1 1 0
1 1 0 0 0 1 1 0 0 0 1 0 1 1 0 1 1 1 0 1
1 0 1 0 1 0 0 1 0 0 0 0 0 0 1 0 0 0 0 1
0 0 0 1 0 0 0 0 1 0 1 0 0 1 0 0 0 0 1 1
1 1 0 0 1 1 0 0 0 0 0 0 0 1 0 0 1 0 0 1
1 1 0 1 1 1 0 0 1 1 1 1 1 0 0 0 0 1 1 0
0 1 1 0 0 1 1 1 0 1 0 0 0 0 1 1 0 0 0 0
0 0 0 1 0 1 1 1 1 1 1 1 1 1 1 0 0 1 1 1
1 1 0 1 1 0 0 1 0 1 0 1 0 1 1 0 1 0 0 1
1 0 0 1 0 1 1 1 0 0 0 0 1 0 0 1 0 0 0 0
1 0 1 1 1 0 0 0 1 1 0 0 1 0 1 0 0 1 0 1
1 1 0 0 0 0 0 1 1 1 1 0 0 0 0 0 0 0 1 1
0 1 0 1 1 1 0 1 0 1 1 1 0 1 0 1 1 1 0 0
0 0 0 0 0 1 0 1 0 0 0 1 1 1 1 0 1 1 0 1
0 1 1 0 1 0 1 1 1 1 1 1 0 0 1 1 0 0 1 0
1 0 0 0 1 0 0 1 1 0 0 1 0 1 1 0 1 1 1 1
0 0 0 0 1 0 1 1 1 1 0 0 1 1 0 1 0 0 0 1
0 1 1 0 1 0 1 0 0 1 1 1 1 1 1 1 1 0 0 1
0 1 0 1 0 0 0 1 0 0 1 0 1 0 1 1 0 0 1 0
0 0 0 0 0 0 1 0 1 0 1 1 1 1 1 0 1 1 1 0
1 0 0 0 1 1 0 1 0 1 1 0 1 0 1 0 1 0 0 1
1 1 1 1 1 0 0 0 0 0 0 1 1 1 0 1 1 1 0 0
0 1 1 1 0 1 1 0 0 1 0 1 1 0 1 0 1 0 0 1
1 1 0 0 1 0 0 0 1 1 0 1 0 0 0 1 1 0 1 0
0 0 1 1 1 1 1 0 0 0 1 0 1 0 1 0 0 1 0 1
0 0 1 0 1 1 1 0 0 1 0 0 0 1 1 0 1 1 1 1
1 1 1 1 0 0 0 0 1 0 0 0 0 1 0 1 0 0 0 0
0 0 1 1 0 0 1 0 1 1 1 1 1 0 0 1 1 0 1 0
1 1 0 1 1 0 0 1 1 0 0 0 1 1 0 0 0 0 1 0
1 1 1 0 0 1 0 0 0 1 0 0 1 0 0 0 0 1 0 1
1 1 1 0 0 0 0 0 1 0 0 0 0 1 1 1 0 1 1 1
0 0 1 1 0 0 0 1 1 1 1 0 0 1 1 0 0 1 0 0
0 0 1 0 0 1 0 1 1 1 0 0 0 0 0 1 1 1 1 1
1 1 0 0 1 0 1 1 1 1 1 1 1 0 1 1 1 1 0 0
0 0 0 0 0 1 0 0 0 1 1 0 1 1 0 0 0 0 1 0
0 0 0 0 0 0 1 1 0 1 1 1 0 1 0 1 0 1 0 1
0 0 0 1 0 0 0 1 1 1 0 1 1 0 0 0 1 1 1 0
0 0 0 0 0 1 1 0 0 1 0 1 1 0 1 1 0 1 0 0
0 0 0 0 0 0 1 0 0 0 0 0 0 0 0 0 0 1 1 1
0 1 1 0 1 0 0 0 1 1 1 0 0 0 1 1 1 0 0 1
1 1 1 1 0 1 0 1 0 0 0 1 0 0 0 0 1 0 1 1
1 0 1 0 0 1 1 1 0 0 1 0 0 1 0 0 0 0 1 0
1 0 0 0 1 0 0 1 1 0 1 1 1 1 0 0 0 0 0 0
1 1 0 1 1 0 1 1 0 0 1 0 0 1 0 1 0 1 0 0
1 0 1 0 0 0 1 1 0 0 0 1 1 0 1 1 1 0 1 1
1 1 1 0 0 0 1 1 1 1 0 1 1 1 0 0 0 0 0 0
1 1 0 1 1 0 0 0 0 0 0 1 1 1 0 1 0 0 1 1
0 0 0 1 1 1 1 0 0 1 0 1 1 1 1 0 0 0 1 1
1 1 0 1 1 1 1 1 1 0 1 1 0 1 0 1 1 0 1 0
1 0 1 0 0 0 0 0 0 1 0 1 0 1 0 0 1 0 1 0
0 1 0 0 1 1 1 0 1 1 1 0 0 0 0 1 1 1 1 0
0 1 0 1 0 0 0 1 0 0 1 1 0 1 1 0 0 1 0 1
0 1 1 0 1 0 1 1 1 0 0 1 0 1 0 0 0 0 1 1
0 0 1 1 0 1 1 1 1 0 0 0 1 0 1 0 0 0 1 0
1 0 1 0 0 0 0 0 1 1 1 0 0 1 1 1 1 1 1 1
0 0 1 0 1 1 0 0 0 0 0 1 1 0 0 0 0 0 1 0
1 0 0 0 0 1 0 0 0 0 1 1 1 0 0 1 1 0 1 1
1 1 1 0 0 0 0 1 1 0 1 1 0 1 1 1 1 0 1 0
0 1 0 0 1 1 0 0 1 0 1 1 1 1 1 1 0 0 0 1
1 1 0 1 1 1 0 0 1 1 0 1 1 0 0 1 1 1 0 1
0 0 1 0 0 0 1 0 0 0 1 1 1 1 1 0 0 0 0 0
0 0 0 1 1 1 0 1 1 0 0 1 0 1 1 1 0 1 0 1
1 0 0 1 0 1 0 1 1 0 0 1 0 0 0 0 0 1 0 1
1 1 0 0 0 0 0 0 0 0 0 1 1 0 1 0 0 0 0 0
1 0 0 0 0 1 0 0 0 0 1 1 0 0 0 1 0 1 0 0
0 1 0 1 1 1 1 0 1 0 0 1 0 0 1 0 1 0 0 0
0 0 0 0 0 1 0 0 1 0 0 0 0 0 1 0 0 0 0 0
1 1 1 0 1 1 0 1 0 0 1 0 0 0 1 1 1 1 0 0
0 1 1 1 1 1 0 0 0 1 0 0 0 0 0 1 0 1 0 1
0 1 1 0 0 0 0 0 1 0 1 1 1 0 0 0 0 1 0 1
1 1 0 0 1 0 1 0 0 1 1 1 0 1 0 0 1 1 1 1
0 0 1 1 0 1 0 1 1 0 1 1 1 1 0 1 0 1 1 0
1 1 0 0 0 0 1 0 1 0 1 0 1 1 0 1 0 0 1 0
0 1 0 1 0 0 0 0 1 1 0 0 0 0 1 0 1 1 1 1
0 0 0 1 1 0 1 0 0 0 1 1 1 0 0 1 0 0 0 0
1 0 1 1 0 0 1 0 0 1 1 0 1 1 0 1 1 1 0 0
1 1 0 0 1 1 1 1 0 0 0 1 0 0 1 1 0 1 0 1
1 0 0 1 0 0 1 1 1 1 0 0 0 1 1 1 0 0 1 0
1 1 1 1 0 0 0 1 1 1 0 0 1 0 1 1 1 0 0 0
1 1 0 1 0 0 1 1 0 1 1 1 1 1 0 0 1 0 1 0
1 1 1 0 0 1 1 0 0 1 0 1 0 0 0 1 0 0 1 1
0 1 0 0 1 0 0 1 0 0 0 1 0 0 0 1 0 1 1 0
0 0 0 1 1 0 1 0 1 1 1 0 0 1 0 0 1 1 0 0
0 0 1 1 0 0 0 0 0 0 0 1 0 0 1 1 1 1 0 1
1 1 0 0 1 1 0 1 0 1 0 0 1 0 0 1 0 0 1 0
0 0 1 1 0 1 1 0 0 1 1 0 0 1 1 1 0 1 1 0
0 1 1 0 0 1 1 0 0 0 1 1 1 1 0 1 0 0 1 1
1 0 0 1 0 1 1 0 1 0 0 1 1 1 0 0 0 1 0 1
0 1 1 1 0 1 1 0 0 0 1 0 0 1 0 0 1 1 1 1
1 0 1 0 1 1 1 0 1 1 1 1 1 1 0 0 0 1 1 1
0 0 0 1 1 1 0 0 1 1 0 1 0 1 0 1 0 0 1 0
1 0 0 1 1 0 1 1 1 0 1 1 0 0 1 0 0 1 1 0
0 0 1 1 0 1 1 1 1 0 1 0 1 0 0 1 1 1 0 1
0 1 0 1 0 1 1 0 1 0 1 1 0 0 0 1 1 1 1 1
0 1 1 1 1 0 0 1 1 0 0 1 1 0 1 0 0 1 1 1
1 0 1 1 1 0 0 1 0 1 1 1 0 0 0 1 0 0 1 1
0 0 0 0 1 1 0 0 1 1 0 1 0 0 0 0 1 1 0 1
0 0 1 1 1 1 0 0 0 1 1 0 1 0 1 1 1 1 1 1
0 1 1 0 1 0 0 1 0 1 1 1 1 0 0 1 0 0 0 1
0 1 1 1 1 0 1 0 1 0 1 1 0 1 1 1 0 1 1 0
1 0 0 1 0 0 0 0 1 1 1 1 1 1 1 1 1 0 0 1
1 1 0 1 1 0 0 0 0 0 1 0 0 0 1 1 1 0 1 1
0 0 0 0 0 0 0 1 0 1 1 1 0 0 1 0 1 0 1 0
0 1 0 1 1 0 0 0 0 1 1 0 1 1 0 0 0 0 1 1
0 1 0 0 1 0 0 0 1 1 0 0 1 1 0 0 0 1 0 0
1 1 0 1 1 1 1 0 1 1 0 0 1 1 1 1 1 0 1 1
1 0 1 1 0 1 0 0 0 1 0 0 0 0 0 0 1 0 0 0
1 0 1 1 1 1 1 0 0 1 0 1 0 1 0 1 1 0 0 1
1 0 1 0 0 1 0 1 1 1 1 1 1 0 1 0 0 1 1 1
1 0 1 1 1 1 1 0 1 0 0 0 0 0 0 1 1 1 1 1
1 0 1 0 0 1 0 0 1 0 0 0 1 0 0 0 1 1 0 0
0 0 1 0 1 0 0 0 1 0 0 1 1 1 0 0 1 0 0 1
0 1 0 0 0 0 0 1 1 0 0 1 0 0 0 1 1 0 0 1
1 1 1 1 0 0 1 1 0 1 1 0 0 0 1 1 0 1 0 1
0 1 0 1 0 1 1 1 1 1 0 0 0 1 0 0 0 0 1 1
1 1 1 1 0 0 1 1 0 1 0 0 1 0 0 1 0 1 1 0
0 1 0 1 0 1 0 1 1 1 1 1 0 0 1 1 0 0 1 0
0 0 1 0 1 1 0 1 0 1 1 1 1 0 0 0 1 1 0 0
0 0 1 1 0 0 0 1 0 0 1 0 1 1 1 0 1 1 1 1
1 0 1 0 0 0 0 1 0 1 1 0 1 1 0 0 1 0 0 1
1 0 0 1 1 1 0 1 1 0 0 1 1 0 1 1 1 0 1 0
1 0 0 1 0 0 0 1 0 0 0 0 0 1 0 1 1 1 1 0
1 0 1 0 0 0 1 0 0 1 1 0 0 0 1 1 0 0 0 0
0 0 0 1 1 0 1 1 0 0 1 1 1 0 1 1 1 1 1 1
0 0 1 0 0 1 1 1 1 1 1 1 0 1 0 0 1 0 0 0
1 1 1 0 1 0 1 1 0 0 0 0 1 1 1 0 1 0 1 0
1 0 0 0 1 1 1 1 0 1 0 1 0 0 0 0 0 0 0 0
1 1 1 1 1 1 0 0 0 1 1 0 1 1 1 0 0 0 0 0
0 1 1 0 0 1 1 0 0 0 0 1 0 1 0 1 0 1 0 1
1 1 1 0 1 0 1 1 0 1 0 0 0 1 0 1 1 1 1 1
1 1 1 1 0 1 0 1 0 0 0 1 1 1 1 1 0 0 0 1
0 1 0 0 1 1 1 1 1 1 0 1 1 0 1 0 1 0 1 0
0 1 0 0 0 1 1 1 0 0 1 1 1 0 0 0 0 1 1 0
0 1 1 1 0 0 1 1 1 0 1 0 0 0 0 1 1 0 0 0
1 1 0 1 0 0 1 0 1 1 1 1 0 1 1 0 0 1 0 0
0 0 1 0 1 0 1 0 1 1 1 1 0 0 0 0 1 0 1 1
0 0 1 0 1 1 1 0 0 0 0 0 1 0 0 1 1 0 0 1
1 0 0 1 0 0 0 1 0 1 0 1 1 0 1 0 0 1 0 0
1 0 0 1 1 1 1 1 0 1 1 1 1 1 1 1 0 0 0 0
1 0 0 0 0 1 0 1 0 0 1 0 0 1 1 1 0 0 0 1
1 0 0 1 0 1 1 0 0 0 0 1 0 0 1 0 0 1 1 0
1 1 0 1 1 1 1 0 0 0 0 0 0 1 1 0 0 1 1 0
1 0 1 0 1 1 1 1 0 1 1 1 1 1 0 1 1 1 1 1
1 1 1 0 1 1 0 0 1 1 1 0 1 1 0 1 0 1 0 0
1 1 0 0 0 1 1 1 0 0 1 0 0 0 1 0 1 0 0 0
1 0 1 1 0 1 1 1 0 0 0 1 1 1 0 0 1 1 1 1
1 1 0 1 1 0 1 0 1 1 1 0 0 0 0 1 0 0 0 1
1 0 0 1 0 1 1 1 0 1 1 1 0 1 1 1 1 1 1 0
1 1 1 1 0 0 1 1 0 0 1 1 0 1 1 0 0 0 1 1
0 1 1 1 1 0 1 0 0 1 0 1 0 1 1 1 0 0 0 0
1 1 1 0 0 1 1 0 1 0 1 0 1 0 1 1 1 1 1 0
0 0 1 1 1 1 0 1 0 0 1 1 0 1 1 0 1 0 1 0
0 1 1 0 0 1 1 0 1 1 0 0 1 1 1 0 1 1 0 1
0 1 0 0 1 0 0 1 0 0 0 0 1 1 1 0 0 1 1 1
0 1 1 0 1 1 0 0 0 1 1 1 0 1 1 0 0 0 1 1
1 0 1 1 1 0 1 1 1 1 1 0 1 0 1 0 1 0 1 0
1 0 0 0 1 1 0 0 0 0 1 1 1 1 0 0 1 1 1 0
0 0 1 0 1 1 0 0 0 1 0 1 1 1 1 1 1 0 0 0
0 1 1 1 0 0 1 1 0 1 1 0 0 0 1 0 1 1 1 0
0 1 0 1 0 1 0 0 0 0 1 1 0 1 0 0 0 0 0 0
0 0 1 1 1 0 1 1 1 1 0 1 1 1 1 1 1 1 1 1
0 0 0 0 0 0 1 1 0 0 0 0 0 1 0 0 1 0 0 0
0 0 0 0 0 1 0 0 0 1 0 1 1 1 0 0 0 1 1 1
0 1 1 0 0 0 0 1 0 0 1 0 1 1 0 1 1 1 0 0
1 0 0 0 1 0 0 0 0 1 1 0 0 0 1 1 0 1 1 0
0 1 0 0 1 1 1 1 1 0 1 0 0 0 0 0 0 1 0 1
0 0 1 1 1 0 1 1 0 0 0 1 0 1 0 0 0 1 0 0
1 0 1 0 0 1 0 1 1 1 0 1 0 1 1 1 0 0 0 1
1 1 1 1 1 1 1 0 0 1 1 1 1 0 1 1 0 0 1 0
0 0 0 0 1 1 0 1 1 0 1 0 0 1 0 0 0 1 1 0
1 0 1 0 0 0 1 1 1 1 0 0 0 0 0 0 0 1 0 1
1 0 1 1 0 1 0 0 1 0 1 1 1 0 1 1 0 0 0 0
0 1 0 0 1 0 0 1 1 1 0 1 0 1 1 0 0 0 0 0
0 1 0 1 0 0 1 1 0 1 0 0 1 0 0 1 1 0 0 1
1 0 0 0 0 0 1 0 0 0 1 1 1 0 1 0 1 1 0 1
1 1 1 0 0 1 1 0 1 0 0 1 0 0 0 0 0 0 1 0
0 0 0 1 0 1 0 1 0 1 1 1 1 0 0 0 0 0 0 1
1 0 1 0 1 1 1 1 1 0 0 0 1 1 1 1 0 1 0 0
1 1 1 0 1 1 0 1 1 0 0 0 0 0 0 1 0 0 0 0
1 1 0 1 0 1 0 1 1 0 1 1 1 0 1 0 1 0 1 1
1 1 1 1 1 1 0 1 0 0 1 0 1 0 0 1 0 1 1 1
1 0 0 1 0 1 1 0 0 1 1 0 0 0 1 0 1 0 1 1
0 1 0 1 0 0 1 0 1 0 0 0 1 1 0 1 0 1 1 0
0 0 0 0 1 0 0 1 0 0 1 0 0 0 1 1 0 0 0 0
1 0 0 1 1 0 0 0 1 0 1 0 0 0 0 0 1 0 0 0
0 1 1 0 1 1 0 0 0 0 1 1 0 0 1 0 0 1 1 0
1 1 1 1 0 1 1 1 0 0 1 1 1 0 1 1 1 1 0 0
0 0 1 0 0 0 1 0 0 0 0 1 0 0 0 1 1 1 1 0
0 1 0 0 0 1 0 1 0 1 1 0 0 1 1 1 1 1 1 1
0 1 1 0 1 1 1 1 0 1 0 1 1 1 0 1 1 0 1 0
1 1 0 0 1 1 1 0 0 1 1 0 1 0 0 0 1 0 0 0
1 1 1 0 0 0 0 1 1 0 1 1 0 1 0 0 1 1 0 1
1 0 1 0 1 0 1 0 0 0 1 0 1 1 0 1 0 0 1 1
0 0 1 0 1 0 0 0 1 0 0 0 0 0 1 0 1 1 1 0
0 0 0 1 0 1 0 0 0 1 0 0 1 1 0 1 1 0 0 0
1 0 0 0 0 1 0 0 1 0 0 0 0 0 1 1 1 1 1 0
0 1 0 0 1 0 0 0 0 0 1 1 1 0 0 0 1 1 1 1
0 0 0 1 1 0 0 1 1 0 1 1 1 1 0 0 1 0 1 1
0 1 1 0 0 0 0 0 1 0 1 0 0 1 1 1 1 0 0 1
C Elapsed Time 26781.120000 
