C CINVESTAV-TAMAULIPAS, MEXICO 
C email: jtj@cinvestav.mx 
C http://www.tamps.cinvestav.mx/~jtj/ 
C 
550 42 2^42 6
0 0 1 0 0 0 1 1 1 0 0 1 0 0 0 1 1 1 1 1 0 1 0 0 1 1 0 1 1 1 1 1 1 1 0 0 1 0 1 1 0 1
0 0 0 0 0 1 1 0 0 0 1 1 1 1 1 1 0 0 1 0 1 0 0 1 1 0 1 1 0 1 0 1 1 0 1 1 1 0 1 1 1 0
0 0 0 0 1 0 0 0 0 0 1 1 0 1 0 1 0 1 1 0 0 1 1 0 1 0 1 1 0 0 0 1 1 1 1 0 1 0 0 0 1 1
0 0 0 0 1 1 0 0 1 1 1 0 1 0 1 0 1 1 0 1 0 1 1 1 0 1 0 0 1 1 1 0 0 0 0 0 1 1 1 1 1 0
0 0 0 1 0 0 0 1 1 0 0 1 1 1 0 1 1 0 0 1 0 1 0 0 1 0 0 0 1 0 0 0 0 0 0 0 0 1 0 0 0 1
0 0 0 1 0 1 1 1 0 0 0 0 0 1 1 0 1 1 1 1 1 1 1 1 0 1 1 1 0 0 0 1 0 0 1 1 0 1 0 1 0 1
0 0 0 1 1 0 1 1 1 1 1 1 0 0 1 0 1 1 0 0 1 0 0 0 1 1 1 1 0 1 0 0 1 1 0 0 0 1 1 0 0 1
0 0 0 1 1 1 0 0 0 1 0 1 1 1 0 0 0 1 1 1 1 1 0 1 0 1 0 0 1 1 0 1 1 0 1 0 0 1 1 1 0 0
0 0 1 0 0 0 0 0 1 1 0 0 0 0 0 1 0 0 1 0 0 0 1 1 0 0 0 0 0 0 1 0 1 1 0 0 0 0 0 0 1 0
0 0 1 0 0 1 1 1 1 0 0 1 1 1 1 0 0 0 0 0 0 0 0 0 0 0 1 0 0 1 0 0 0 0 0 0 0 0 1 1 1 0
0 0 1 0 1 0 1 1 0 1 1 0 0 0 1 0 0 1 1 0 0 1 1 0 1 0 1 0 0 1 0 0 0 1 0 1 1 0 1 1 1 1
0 0 1 0 1 1 1 0 0 1 0 0 1 1 1 0 0 0 0 1 1 1 0 1 0 0 0 1 0 0 1 1 0 0 0 1 1 0 0 1 1 1
0 0 1 1 0 0 1 0 0 1 1 1 0 1 0 0 0 0 0 0 0 0 1 1 0 1 1 1 0 1 1 1 0 0 0 1 0 0 0 0 1 0
0 0 1 1 0 1 0 1 0 1 1 0 1 1 0 0 0 1 0 0 1 1 0 0 1 1 1 1 0 1 1 0 0 0 1 1 1 1 1 0 1 1
0 0 1 1 1 0 0 0 0 0 1 0 1 0 1 0 1 0 1 0 1 0 1 0 0 1 0 1 1 1 0 0 1 0 0 0 0 0 0 0 1 0
0 0 1 1 1 1 1 0 1 0 1 1 0 0 1 1 0 1 1 1 1 1 0 1 0 0 0 1 1 0 1 0 0 1 0 1 0 1 0 0 1 1
0 1 0 0 0 0 0 1 0 1 0 0 0 0 1 0 1 1 1 1 1 0 1 1 1 1 0 1 0 1 1 0 1 0 0 1 1 0 1 0 1 1
0 1 0 0 0 1 1 1 1 1 1 1 1 0 1 1 0 1 0 0 1 1 0 0 0 0 1 0 0 0 0 1 1 1 1 0 0 0 1 0 0 1
0 1 0 0 1 0 1 1 0 0 1 0 1 1 0 0 1 0 1 1 1 0 1 1 1 0 0 1 0 0 1 0 0 0 0 0 1 1 0 1 0 1
0 1 0 0 1 1 1 0 0 0 0 0 0 1 1 1 1 0 0 0 0 0 0 1 1 1 0 0 1 1 0 0 0 0 1 1 1 0 0 1 1 1
0 1 0 1 0 0 1 0 0 1 0 0 0 1 0 1 1 1 1 0 1 1 0 1 0 0 1 0 0 0 0 1 0 1 1 0 0 1 1 1 1 1
0 1 0 1 0 1 0 0 0 0 1 0 0 0 0 1 0 0 0 0 1 0 1 1 1 0 0 0 1 0 1 1 0 1 1 0 0 1 0 1 0 0
0 1 0 1 1 0 0 0 1 1 1 0 0 1 1 0 0 1 1 0 1 0 1 0 0 0 0 1 1 1 0 1 0 1 0 1 0 0 0 1 1 0
0 1 0 1 1 1 0 1 0 1 0 0 0 1 0 1 0 1 0 0 0 1 1 0 0 0 0 0 1 1 0 1 1 1 0 0 0 1 0 1 0 1
0 1 1 0 0 0 1 0 0 0 1 1 0 0 1 1 1 1 0 1 0 0 1 1 1 0 0 0 0 1 1 1 0 1 1 0 1 1 1 1 0 1
0 1 1 0 0 1 0 1 0 0 0 1 0 0 1 0 1 0 1 1 1 1 1 1 1 0 0 0 1 1 0 1 0 1 0 0 0 0 0 0 1 0
0 1 1 0 1 0 0 1 1 1 1 1 1 1 0 0 0 0 1 1 0 1 1 1 0 0 1 1 1 0 1 0 1 0 1 1 0 1 0 1 1 1
0 1 1 0 1 1 0 0 1 0 1 1 1 1 1 0 1 1 1 1 1 0 0 1 0 1 1 1 0 1 0 0 0 1 0 1 0 0 0 0 1 1
0 1 1 1 0 0 0 0 1 1 0 1 1 0 0 0 1 1 0 1 0 0 0 1 1 1 1 0 1 1 1 0 1 1 1 0 0 0 1 0 0 1
0 1 1 1 0 1 0 0 1 1 0 1 0 1 1 0 0 0 1 0 1 1 0 0 1 0 1 1 0 0 0 0 1 1 1 1 0 0 0 0 0 0
0 1 1 1 1 0 0 1 0 0 0 1 0 1 1 0 0 1 0 0 0 0 1 1 1 0 0 1 1 1 1 0 0 0 1 0 0 1 1 1 1 1
0 1 0 1 1 1 1 1 0 0 0 0 1 0 0 0 0 1 1 0 1 1 0 1 1 0 1 1 0 0 0 0 0 0 1 0 0 0 1 0 1 0
1 0 0 0 0 0 0 0 0 0 1 0 1 1 0 1 1 1 1 1 1 0 1 1 1 1 1 0 1 0 0 1 1 1 0 1 0 0 1 1 0 0
1 0 0 0 0 1 1 1 1 1 0 0 1 0 0 1 1 0 0 0 1 0 0 1 1 1 0 1 0 0 1 0 0 0 1 0 1 0 1 0 0 0
1 0 0 0 1 0 1 1 1 0 1 0 0 0 1 0 1 1 1 0 1 1 0 1 0 1 1 0 1 0 0 0 0 0 0 1 0 1 0 1 1 0
1 0 0 0 1 1 0 1 0 1 0 1 1 0 1 0 0 1 1 1 0 0 0 0 0 1 1 1 0 1 1 1 0 1 0 1 0 0 1 1 0 0
1 0 0 1 0 0 1 0 1 0 1 0 0 0 1 1 0 1 0 0 0 0 0 1 1 0 1 1 0 1 0 0 0 0 1 0 0 0 0 0 1 0
1 0 0 1 0 1 0 0 1 0 1 1 1 0 1 1 1 0 0 1 0 1 1 0 1 1 1 0 0 1 0 1 1 0 1 1 0 0 0 0 0 0
1 0 0 1 1 0 0 1 0 0 0 0 0 0 0 1 1 1 1 0 1 0 0 0 0 0 0 1 0 1 0 0 0 1 0 1 1 1 1 0 0 1
1 0 0 1 1 1 1 0 0 0 1 0 1 1 1 0 0 1 0 0 1 1 1 1 1 1 0 1 1 1 1 1 1 1 0 1 0 0 1 1 0 1
1 0 1 0 0 0 1 1 0 1 1 1 1 0 0 1 0 0 1 1 1 1 0 1 1 0 1 1 0 0 0 0 1 0 1 1 1 1 0 0 0 1
1 0 1 0 0 1 0 0 0 0 0 1 0 1 0 1 0 1 1 0 1 0 1 1 0 1 0 1 1 0 1 0 0 0 0 0 0 0 0 0 1 1
1 0 1 0 1 0 0 0 1 0 0 0 1 0 0 0 1 0 1 1 0 1 0 1 1 0 0 0 0 0 1 1 0 0 1 1 1 0 1 1 0 0
1 0 1 0 1 1 0 1 1 1 0 1 0 1 1 1 1 1 1 0 0 1 0 1 1 1 1 1 0 1 0 1 0 0 1 0 0 0 1 0 1 1
1 0 1 1 0 0 0 0 0 0 1 1 0 0 0 1 0 0 0 0 1 1 0 0 0 1 1 1 0 1 0 0 1 1 1 0 1 0 1 1 0 0
1 0 1 1 0 1 1 1 1 0 1 1 0 0 0 1 1 1 0 0 0 1 1 0 0 1 0 1 1 1 1 1 0 1 0 1 0 1 1 0 1 0
1 0 1 1 1 0 1 1 0 1 0 1 0 1 0 0 0 1 1 0 1 1 1 0 0 0 0 0 0 0 1 0 1 1 0 1 0 0 1 0 0 1
1 0 1 1 1 1 0 1 1 0 1 0 0 1 0 0 0 0 1 1 0 1 1 0 0 0 1 1 0 1 0 0 1 1 1 1 0 0 1 0 0 1
1 1 0 0 0 0 1 0 1 0 0 0 0 0 0 0 1 0 0 0 0 1 0 0 0 1 1 1 0 1 1 0 0 1 1 1 0 0 0 0 0 1
1 1 0 0 0 1 0 0 1 1 0 0 0 1 0 0 1 1 0 1 1 1 0 0 1 0 1 0 0 0 0 0 1 0 0 0 1 0 1 0 1 0
1 1 0 0 1 0 0 1 1 0 1 1 0 0 0 1 0 1 1 1 1 0 0 1 1 0 0 1 1 0 0 0 0 1 1 1 0 0 1 1 1 1
1 1 0 0 1 1 0 0 0 1 1 1 0 0 1 1 1 1 1 0 1 1 0 0 1 0 0 0 0 1 1 0 0 0 1 0 0 0 0 1 0 0
1 1 0 1 0 0 0 1 0 0 1 1 0 1 1 1 1 1 0 1 1 1 1 0 1 0 1 1 0 1 0 0 0 1 1 1 1 1 0 1 1 1
1 1 0 1 0 1 1 1 1 0 0 0 0 0 1 0 0 0 1 0 0 0 0 0 1 1 0 0 0 1 0 0 0 1 0 0 0 0 1 1 0 0
1 1 0 1 1 0 1 0 0 0 1 1 1 1 0 1 0 0 0 0 1 1 1 1 0 0 0 0 1 0 1 0 0 1 1 0 1 1 1 0 1 1
1 1 1 1 1 1 1 1 0 1 1 0 1 0 1 0 1 1 0 1 1 0 0 1 1 1 1 0 1 1 0 1 1 1 1 1 1 0 0 1 1 1
1 1 1 0 0 0 0 1 1 0 0 1 1 0 1 0 0 0 1 0 1 0 1 1 0 0 1 1 0 0 1 1 1 1 0 1 1 0 1 1 1 1
1 1 1 0 0 1 1 0 1 0 1 0 1 1 1 0 1 0 0 1 0 0 0 0 1 1 1 1 0 0 0 1 1 1 1 0 1 1 1 1 0 0
1 1 1 0 1 0 1 0 0 0 1 0 0 1 1 0 0 1 1 0 1 0 0 0 0 0 1 1 0 0 1 1 1 1 1 0 0 1 0 1 0 1
1 1 1 0 1 1 1 0 1 0 0 1 1 0 1 1 1 1 0 0 1 1 1 1 0 1 0 0 0 1 1 0 1 0 1 1 0 1 1 0 1 1
1 1 1 1 0 0 1 0 1 1 1 1 0 0 0 1 1 1 1 0 1 1 0 1 0 1 0 1 1 0 1 1 1 0 0 1 0 0 1 1 0 0
1 1 1 0 0 1 0 1 0 1 0 0 1 1 1 1 1 1 1 1 0 1 0 1 0 0 0 1 0 0 1 1 1 1 1 0 0 1 1 0 0 0
1 1 1 1 1 0 0 1 1 1 1 1 0 0 1 1 1 0 1 1 1 0 0 1 1 1 1 1 1 0 0 1 1 0 0 0 1 1 1 1 1 0
1 1 1 1 1 1 0 0 0 0 0 0 1 1 0 0 1 0 0 0 0 1 1 0 1 0 1 0 0 1 1 0 0 1 1 1 1 0 0 0 0 0
0 0 0 0 0 1 0 1 1 1 1 1 0 1 0 0 1 1 1 0 1 1 1 1 0 0 0 1 1 0 0 0 1 0 1 0 1 1 0 0 1 1
1 1 0 1 1 1 0 0 1 0 0 1 0 1 1 1 1 1 0 1 0 0 1 1 0 1 1 1 1 0 1 1 0 0 1 0 0 0 0 1 0 0
0 0 1 0 1 1 0 1 0 0 1 0 0 0 0 1 1 0 0 1 0 0 0 1 0 1 1 0 0 1 0 0 1 1 0 1 0 0 0 1 0 0
1 1 1 0 1 1 0 1 0 1 1 0 1 1 0 1 1 1 0 0 1 0 1 1 0 0 1 0 1 0 0 0 0 0 1 1 1 1 0 1 1 0
0 1 0 0 1 1 0 1 1 0 0 1 1 0 0 0 0 0 0 1 1 1 0 0 1 1 1 1 1 0 1 0 0 1 1 0 0 1 0 0 0 1
0 0 0 0 1 1 1 1 0 1 1 1 1 1 1 1 1 1 0 0 0 0 1 0 1 1 1 1 0 0 1 1 0 1 0 0 0 1 0 1 0 1
1 1 0 0 1 1 1 0 1 1 1 1 1 1 0 1 1 0 1 1 1 1 1 0 0 1 0 0 0 1 0 0 0 0 0 0 0 1 1 0 0 1
0 1 1 1 1 1 1 1 1 1 0 0 1 0 1 1 1 0 1 1 1 1 0 0 0 1 1 1 1 1 0 0 0 0 0 0 1 1 1 1 1 0
1 0 1 0 1 1 1 0 0 0 1 1 0 0 0 0 0 1 0 0 0 1 1 1 0 1 1 0 0 0 0 0 0 1 1 1 0 1 1 1 1 0
1 1 1 1 1 1 1 0 1 1 0 1 1 1 0 0 0 1 0 0 0 1 0 0 0 0 1 1 0 1 0 1 0 0 1 1 0 1 0 1 0 1
0 1 0 1 1 1 1 0 1 0 1 0 1 0 0 1 0 0 0 1 0 0 1 1 0 0 1 0 0 0 0 0 0 0 1 1 0 0 0 1 1 1
0 1 1 1 0 0 1 1 1 0 0 1 0 1 1 1 0 0 0 1 1 0 1 0 0 1 1 0 0 1 1 0 0 1 0 1 1 0 0 1 0 1
0 1 1 1 0 1 1 0 0 1 0 1 1 1 1 1 0 0 1 1 0 0 1 1 1 0 0 0 1 0 1 0 1 0 0 0 0 0 1 1 0 1
0 1 1 1 1 0 1 0 1 0 0 0 0 0 1 0 1 0 0 0 0 1 1 1 1 0 0 1 0 1 0 0 1 1 1 1 0 1 1 0 1 1
0 0 1 1 1 1 0 1 1 1 0 0 1 1 1 0 0 0 0 0 0 1 1 0 0 1 1 0 1 0 1 0 1 1 1 0 0 0 0 1 1 0
0 1 0 0 0 1 0 0 1 0 1 1 1 1 0 1 0 1 0 1 1 0 1 0 0 0 1 1 1 1 1 1 0 0 0 1 0 1 0 0 0 0
1 0 0 1 0 1 0 0 0 0 0 1 1 0 0 1 0 1 1 1 0 1 1 0 0 0 0 1 1 1 1 0 1 0 0 1 1 0 1 0 1 0
0 0 0 1 0 0 1 0 1 0 1 0 1 1 1 0 0 0 1 0 0 1 0 1 1 1 0 0 0 0 0 0 0 0 0 1 0 0 0 0 1 0
1 0 1 1 1 1 1 0 1 1 1 0 1 0 1 1 1 0 1 0 1 0 1 1 0 0 1 0 0 1 1 1 0 1 0 0 1 0 1 1 0 1
1 0 0 0 1 1 1 0 1 0 0 0 1 1 0 0 1 1 1 0 0 1 1 0 0 0 0 1 1 0 0 0 0 1 0 0 0 0 0 1 0 0
1 0 0 1 0 0 1 1 0 1 1 1 0 1 1 1 1 0 0 1 0 0 0 0 0 0 1 0 1 0 0 0 1 1 0 1 0 1 1 1 1 0
0 1 0 1 0 0 1 1 0 1 0 1 1 1 0 0 0 1 0 1 1 0 0 0 1 0 1 1 1 0 0 1 1 1 1 1 0 0 0 1 1 0
1 1 0 0 0 1 1 0 0 0 0 1 1 1 0 1 0 0 0 1 0 1 0 1 0 1 0 0 0 0 1 1 1 0 1 1 0 1 1 1 0 1
0 0 1 1 0 0 1 1 1 1 0 0 1 0 0 1 0 0 0 0 0 1 1 1 0 1 0 0 0 1 0 1 0 1 1 0 0 1 1 0 0 1
1 0 0 1 1 0 0 0 1 1 0 1 1 1 1 0 0 0 1 0 0 0 0 0 1 0 1 1 1 0 1 0 1 1 0 0 1 0 1 0 0 0
0 0 1 1 0 1 0 0 1 0 0 0 0 1 0 1 1 1 0 0 0 0 1 0 1 1 1 0 0 1 1 0 1 0 1 0 1 1 0 1 0 1
1 0 0 1 0 0 0 1 0 1 0 0 0 1 0 0 0 1 1 0 0 1 0 0 1 1 1 0 1 0 1 1 0 1 1 0 0 0 0 1 1 1
1 1 1 0 1 0 0 0 0 1 0 0 0 0 0 0 1 1 1 0 0 0 1 0 0 1 0 0 1 0 1 1 0 0 0 0 0 1 1 1 0 1
0 1 1 0 1 1 0 0 0 1 1 0 0 1 1 1 0 1 0 1 0 1 0 0 0 1 0 0 0 1 1 0 1 0 0 1 0 0 1 0 1 1
0 1 0 1 0 1 0 1 1 0 1 1 1 1 0 1 0 1 1 0 0 0 0 1 0 1 0 1 1 0 0 1 0 1 0 0 0 1 1 1 1 0
1 1 0 0 0 0 0 0 0 1 0 1 1 1 1 1 1 0 1 0 0 1 0 0 0 1 1 1 0 1 1 0 0 1 0 0 1 0 1 0 1 0
1 0 1 1 1 0 1 0 1 0 0 0 1 1 0 1 0 1 1 1 0 0 1 1 1 1 0 1 0 0 1 1 0 1 0 1 0 0 0 0 0 0
1 1 0 0 1 0 0 0 0 0 0 1 0 1 0 0 0 0 1 1 0 1 0 0 0 1 1 0 0 1 0 0 1 0 0 1 0 1 0 1 1 0
1 0 1 1 0 1 1 0 0 0 0 0 1 0 0 0 1 1 0 1 0 0 1 1 1 0 0 1 1 0 1 1 1 0 1 0 1 0 1 1 1 0
1 1 1 0 0 1 1 1 0 1 1 1 0 1 1 0 0 1 1 0 1 0 0 1 0 0 0 1 1 1 0 0 0 0 0 1 1 0 0 1 0 0
1 1 1 0 1 0 1 1 0 1 0 0 1 1 1 0 1 0 1 0 0 0 0 1 0 1 0 0 0 1 1 1 1 0 0 1 0 1 1 1 0 1
1 1 1 1 0 0 1 1 0 0 1 0 1 0 1 0 0 0 1 1 0 0 0 1 0 1 0 0 1 0 1 1 0 1 1 1 1 0 0 1 0 1
0 0 1 0 0 0 0 1 0 0 1 1 1 1 1 1 1 1 0 0 0 1 1 0 0 0 0 0 1 1 1 1 0 1 0 1 1 0 0 0 0 0
1 0 0 0 0 0 0 1 1 1 0 1 0 0 0 1 0 1 0 1 0 1 1 1 0 0 1 1 1 0 0 1 0 0 0 0 1 1 1 1 1 1
0 0 0 1 1 1 0 1 1 0 0 0 1 0 1 1 0 0 1 0 0 1 0 1 0 0 0 1 0 1 0 0 1 0 1 1 1 0 0 0 1 0
1 1 0 1 1 0 1 1 1 1 0 0 0 1 1 1 0 1 1 0 1 1 0 1 0 0 1 1 1 0 1 0 0 0 1 0 1 1 1 1 0 1
0 0 0 1 0 0 0 0 0 1 1 1 0 0 1 1 1 0 1 1 1 0 0 0 0 1 1 1 0 0 1 1 1 0 0 1 0 0 0 1 1 1
0 0 0 0 1 0 1 0 1 1 1 1 0 0 0 1 1 1 0 0 0 0 1 1 0 0 1 1 1 0 1 1 0 1 1 1 0 1 1 0 0 1
1 0 1 1 0 0 0 1 1 1 1 1 1 1 1 1 0 1 1 0 0 0 1 0 1 0 0 1 0 1 1 1 0 1 1 0 0 0 0 0 0 0
1 0 1 0 0 0 1 0 1 1 0 1 0 1 1 0 0 1 0 0 1 1 1 1 1 1 1 1 1 0 1 1 0 1 1 0 1 0 1 0 0 0
1 1 0 1 0 1 0 1 1 1 1 0 1 1 1 1 0 0 0 1 1 0 0 1 0 0 1 0 0 0 1 1 1 0 0 1 0 0 0 0 0 1
1 1 1 1 1 0 0 0 0 1 0 0 1 0 0 1 0 1 1 0 0 1 0 1 1 0 1 0 1 1 0 1 0 0 0 0 1 0 1 1 1 1
1 0 1 1 1 1 0 0 0 1 1 1 0 1 0 0 1 1 0 1 0 0 1 0 1 1 0 0 1 1 0 1 0 1 0 1 1 1 0 0 0 0
1 0 1 1 1 1 1 1 0 0 0 1 0 0 1 0 0 1 1 1 1 1 0 0 0 0 0 0 1 0 0 1 1 1 1 0 1 1 0 1 0 0
1 0 0 1 0 1 0 1 0 0 1 0 1 0 0 0 0 1 1 1 1 1 0 1 0 1 0 1 1 1 0 0 1 0 1 0 1 0 1 1 0 1
0 0 0 0 1 0 0 1 0 1 0 0 1 1 0 1 1 0 1 0 1 1 1 0 0 0 1 1 1 1 0 0 1 1 1 1 0 0 1 0 1 1
1 1 0 1 0 1 1 0 0 1 1 0 1 0 0 0 0 0 1 0 1 1 0 0 0 0 0 1 1 0 1 0 0 0 0 1 0 1 1 1 0 1
1 1 0 0 0 0 1 1 0 1 1 0 0 0 0 1 0 1 0 0 0 0 0 1 0 1 1 1 1 1 1 0 1 1 1 0 1 1 0 1 1 0
0 0 1 0 1 0 0 1 1 0 0 0 0 1 0 0 1 1 0 0 1 1 0 1 0 1 1 0 0 1 1 1 0 1 1 1 0 1 0 0 1 1
0 1 1 0 0 0 1 0 1 1 1 0 1 1 0 0 1 1 0 0 0 0 0 1 1 0 0 0 1 0 0 1 0 1 1 1 0 0 0 1 0 1
1 0 0 0 1 0 1 0 0 1 0 0 0 0 0 1 1 0 0 0 1 1 1 0 1 1 0 0 0 1 1 1 0 0 0 0 1 0 0 1 1 0
0 0 0 1 1 0 1 1 0 0 1 1 0 0 0 0 0 1 1 1 1 0 1 0 0 1 0 1 1 1 0 0 0 1 0 0 1 1 0 1 1 1
0 1 0 1 0 0 1 0 1 0 0 1 1 0 1 0 1 1 0 1 1 1 0 1 1 0 0 1 1 0 0 1 0 0 1 0 1 1 0 0 1 1
1 0 1 0 1 0 1 1 1 0 1 1 1 0 1 1 0 0 0 0 0 0 1 0 0 1 0 1 0 0 0 0 1 0 0 1 1 1 0 1 0 1
0 0 0 1 0 1 1 0 1 1 0 1 1 0 1 1 0 1 0 0 0 0 0 1 0 1 0 0 1 1 1 1 0 0 1 1 1 0 1 1 0 0
1 1 1 0 0 1 0 1 1 1 1 0 0 0 0 0 0 0 0 0 1 0 1 0 0 1 0 1 1 1 0 0 0 1 0 0 0 1 1 1 1 1
0 1 0 0 0 1 0 0 0 1 0 0 1 0 0 0 0 0 1 0 0 0 1 0 0 1 1 0 0 1 0 1 0 1 1 1 1 0 1 0 1 0
1 0 0 0 0 0 1 0 0 0 0 1 1 0 1 0 1 0 1 1 0 0 1 0 0 0 1 0 0 1 1 0 1 1 0 0 1 0 0 0 0 1
0 1 0 0 1 0 1 1 1 1 0 1 0 0 0 0 0 0 1 0 0 1 0 0 0 0 0 1 0 0 1 1 0 0 1 0 0 0 0 1 1 0
1 0 0 1 1 1 1 1 1 0 0 1 0 1 0 1 0 0 1 1 1 1 0 1 1 1 1 0 0 1 1 0 1 0 0 1 1 1 1 1 1 0
0 1 1 1 1 0 1 0 0 1 1 1 1 1 1 0 1 1 1 1 0 1 1 0 1 1 1 0 0 1 1 1 1 1 1 1 1 0 1 1 1 0
0 1 1 1 1 1 1 1 1 1 1 0 0 1 0 0 1 0 1 0 0 0 0 1 1 1 0 1 1 0 1 0 1 1 1 1 0 0 0 1 0 0
0 0 0 1 0 1 1 0 1 0 1 0 0 0 0 0 0 0 1 1 1 0 0 0 1 1 1 1 0 1 0 1 0 1 1 1 1 1 0 1 1 1
0 0 1 0 1 0 1 0 0 0 0 1 1 0 1 1 1 0 0 1 0 1 0 1 0 1 1 1 0 0 1 0 0 1 1 1 1 1 0 0 1 0
1 0 1 0 0 1 0 0 1 1 1 1 1 1 0 1 0 1 0 1 0 0 0 1 1 0 1 0 0 1 1 1 1 1 0 1 1 1 1 0 1 1
1 1 1 0 1 0 0 0 1 1 1 0 0 0 1 1 1 0 0 1 0 0 0 0 0 0 1 1 1 0 0 0 0 1 0 1 1 0 1 0 1 1
1 1 0 1 0 0 1 1 1 1 0 1 1 1 1 0 1 0 1 1 1 1 0 1 1 1 0 1 1 1 1 1 0 1 1 1 0 1 0 1 1 0
1 0 1 0 1 0 0 1 0 1 1 0 0 1 1 0 1 0 0 0 1 0 0 0 1 0 0 1 1 0 1 1 1 1 1 0 0 0 1 0 1 1
1 0 0 1 1 0 0 0 1 1 1 1 1 0 0 0 0 0 0 1 1 0 0 0 1 1 0 0 0 0 1 1 1 1 0 0 1 0 0 1 0 1
0 0 1 0 0 1 1 0 0 1 0 0 0 0 1 0 1 1 1 0 0 0 0 0 1 0 0 1 0 1 0 1 0 0 1 0 0 1 0 0 1 0
0 1 1 1 0 1 0 1 1 0 1 0 0 0 1 0 0 1 1 1 0 0 1 0 1 0 1 1 1 0 0 0 1 0 0 1 0 1 0 1 1 0
0 1 1 0 1 1 1 0 1 1 0 1 0 0 0 1 0 1 0 0 0 0 1 0 1 1 0 1 1 0 0 0 1 1 0 1 1 0 1 1 1 0
1 1 0 0 0 0 0 0 1 1 1 1 1 0 1 0 1 0 0 0 0 0 1 1 0 0 0 1 0 0 0 0 1 0 1 1 1 0 1 1 1 0
1 1 0 0 1 1 0 1 1 0 1 0 0 1 1 1 1 1 1 0 0 0 0 0 1 0 1 0 1 1 1 1 1 1 0 1 1 1 1 1 0 0
0 1 1 1 0 1 1 0 0 0 1 1 1 1 0 1 1 0 1 0 1 0 1 0 0 0 0 1 0 0 0 0 1 1 1 1 1 1 0 0 1 1
0 0 1 1 0 0 1 1 1 0 1 0 0 0 0 0 1 0 1 0 1 0 1 0 1 0 1 1 1 0 0 1 0 1 1 0 1 0 0 0 0 0
0 0 0 1 0 0 0 0 0 0 0 1 1 1 0 0 1 0 1 0 0 1 1 1 0 1 0 1 0 1 1 1 0 0 1 0 1 0 0 1 0 1
0 1 1 1 0 0 0 1 0 1 1 0 0 0 0 1 1 1 0 0 1 0 1 1 0 1 1 1 0 0 0 1 0 0 1 0 0 0 1 0 0 0
1 0 0 0 0 1 0 0 0 1 0 0 0 0 1 0 1 0 0 0 0 1 0 1 0 0 1 1 1 1 1 0 0 1 0 0 1 1 0 0 0 1
0 1 0 1 1 0 1 1 1 0 1 0 1 0 0 0 0 0 0 0 1 1 0 1 0 0 1 1 1 1 0 1 1 0 0 1 1 1 1 1 0 0
1 0 0 0 0 1 0 1 1 0 1 0 0 1 0 0 1 1 0 0 0 0 0 1 0 1 0 0 0 0 1 0 1 0 1 1 0 1 1 0 0 0
1 1 1 1 0 0 0 0 1 0 1 0 0 1 0 1 1 0 0 1 0 1 1 1 0 1 0 1 0 1 0 1 0 0 1 1 1 1 0 0 1 1
1 1 0 1 1 0 0 1 0 1 1 1 1 0 0 1 0 0 0 1 0 0 1 1 1 1 1 0 0 1 1 0 0 0 1 1 0 0 1 1 0 1
0 1 0 0 0 1 1 0 0 1 0 1 0 1 0 0 1 1 1 0 1 0 1 0 1 1 1 0 1 1 0 0 1 0 1 0 0 1 0 1 1 0
0 0 0 1 1 1 1 0 1 1 0 0 0 1 1 1 1 1 1 1 0 1 1 0 1 0 0 0 1 1 1 1 0 0 1 1 0 0 0 0 0 0
0 0 0 0 1 1 0 0 1 0 0 1 0 0 1 0 0 1 0 0 1 0 1 0 0 0 0 0 0 1 0 0 0 0 0 0 1 0 1 0 0 1
0 1 0 0 1 0 1 0 1 0 0 1 1 1 1 1 0 1 1 0 0 1 1 1 0 0 1 0 0 1 1 0 1 1 0 1 0 1 1 1 0 0
0 0 0 1 1 1 0 1 0 0 1 1 0 1 1 1 0 0 1 0 1 0 1 0 1 1 1 0 1 0 1 0 0 0 0 1 1 0 1 1 1 1
1 1 0 1 1 1 0 1 1 1 0 1 1 0 0 0 1 1 1 1 1 0 1 0 1 0 0 0 1 0 1 1 1 1 1 1 1 1 1 0 0 1
1 1 1 0 0 1 1 1 1 1 0 0 0 1 0 1 0 1 1 0 1 1 1 1 1 0 0 0 1 1 1 1 0 0 1 0 0 0 1 1 1 1
0 0 1 1 1 0 1 1 1 1 0 1 1 1 1 1 1 1 0 1 1 0 1 1 0 1 1 0 1 0 1 1 1 0 0 1 1 1 1 1 1 1
0 0 1 0 0 0 0 0 1 0 1 0 0 1 1 1 0 0 0 0 1 1 0 0 0 0 0 1 0 0 0 0 0 0 0 0 0 1 0 1 0 0
1 1 1 0 0 0 0 1 0 0 1 1 1 1 0 0 1 1 1 0 1 1 0 0 1 1 0 1 1 0 1 1 0 1 0 0 1 1 1 0 1 1
0 0 0 1 1 0 1 0 1 0 0 0 1 0 1 0 0 0 0 0 0 0 0 0 1 0 1 0 0 0 1 1 0 0 0 1 0 1 1 1 1 1
1 1 1 1 1 1 1 0 0 1 1 0 0 1 0 1 0 1 1 1 0 0 0 0 1 1 1 1 0 0 1 0 0 0 1 0 1 0 0 0 0 1
1 0 1 0 0 0 1 1 0 0 0 0 0 1 0 1 1 0 0 0 0 1 1 1 1 0 1 1 1 0 1 0 0 0 0 1 0 0 0 1 1 0
1 0 1 1 0 0 0 0 1 0 0 1 0 0 1 0 1 1 1 0 1 1 1 0 0 0 1 1 0 0 1 0 0 0 0 1 0 0 1 1 0 0
1 0 0 1 1 1 0 1 1 1 1 0 0 0 0 1 0 1 1 0 0 0 1 0 0 1 1 0 1 0 0 0 1 0 0 0 0 0 0 0 0 1
0 1 1 0 1 1 1 1 0 0 1 1 0 1 0 1 1 1 1 1 0 1 1 0 1 0 0 1 1 1 0 1 1 0 0 1 0 1 0 1 1 1
1 1 0 1 1 0 0 1 1 0 0 0 1 1 1 0 0 1 0 0 1 0 1 1 1 1 1 0 0 1 0 1 0 0 1 0 1 1 1 1 0 0
0 1 1 1 1 1 0 1 0 1 1 1 1 0 1 1 0 0 0 0 1 0 1 0 0 1 0 1 0 1 1 1 1 0 1 0 0 1 1 1 1 0
0 0 1 0 1 0 0 0 1 1 1 1 0 1 1 1 1 0 1 1 1 0 1 0 1 0 1 0 0 0 1 0 0 1 1 0 0 1 1 1 1 0
0 0 0 1 0 0 0 1 1 0 1 1 0 0 1 0 0 0 0 1 0 1 1 1 0 0 0 0 1 1 1 1 1 1 0 1 0 1 0 1 0 0
1 1 0 1 1 1 1 0 0 1 0 0 0 0 1 1 0 0 1 1 1 0 1 1 0 1 0 1 0 1 0 1 0 0 1 1 1 0 0 0 1 1
0 0 1 1 0 1 0 1 0 1 0 1 0 0 0 1 1 0 1 1 1 0 1 0 1 1 0 1 1 0 0 0 0 0 1 1 0 0 0 1 0 0
0 0 0 0 1 0 1 1 0 0 0 1 0 1 1 0 1 0 0 0 1 0 0 1 0 1 0 0 0 0 0 1 0 1 1 1 1 0 1 1 0 0
0 1 0 0 0 1 0 1 1 0 0 0 0 0 0 1 1 0 1 1 0 0 1 0 0 0 1 1 0 0 1 1 0 0 0 0 0 1 1 0 1 1
0 0 1 1 0 0 0 0 0 1 0 0 0 1 0 0 0 1 1 1 1 0 0 0 0 0 0 1 1 1 1 1 1 1 0 0 1 1 1 0 0 0
1 0 1 1 1 1 0 1 0 0 0 1 1 1 1 1 1 0 0 1 1 0 0 0 1 0 0 1 0 1 0 1 0 0 1 1 0 0 0 1 1 1
1 1 1 1 1 0 1 1 1 1 0 0 0 0 0 0 1 1 1 1 0 0 1 1 0 0 1 0 1 1 1 0 0 0 0 1 0 1 0 0 0 0
1 1 0 1 0 1 1 1 0 1 1 0 1 0 1 1 1 0 1 1 0 1 1 1 1 0 1 1 1 1 1 1 0 1 1 1 1 1 1 1 1 0
0 0 0 1 1 1 1 0 0 1 1 0 0 0 0 0 1 1 1 1 1 0 0 1 0 0 0 0 0 0 0 1 1 0 0 1 0 0 1 1 1 0
1 0 0 0 0 0 1 1 1 0 1 1 0 1 1 1 1 0 1 0 0 0 0 1 1 0 1 0 1 0 0 1 1 1 0 1 0 0 0 0 1 1
1 1 0 0 1 0 0 0 0 0 1 0 1 0 1 1 0 0 1 1 1 1 1 1 0 0 0 0 0 0 0 1 1 1 0 0 1 1 0 0 1 0
1 1 0 1 1 1 1 1 0 0 1 1 0 0 0 0 1 0 0 0 0 0 1 1 0 0 1 0 1 1 1 1 0 0 1 0 1 0 1 1 0 1
1 0 0 1 1 0 1 1 1 1 1 0 1 1 0 0 1 1 0 1 0 1 0 1 0 0 0 1 0 1 1 1 0 0 0 0 1 0 1 0 1 1
1 1 1 0 0 0 0 0 1 0 0 0 1 1 0 1 0 0 0 1 0 0 1 0 1 1 1 1 1 0 0 0 0 1 1 1 0 0 1 0 1 0
1 1 1 1 0 1 1 0 0 1 0 1 0 0 1 0 0 0 0 0 1 0 0 1 1 0 1 0 0 1 1 1 1 1 1 1 1 1 0 0 1 0
0 1 0 1 1 1 0 0 1 1 0 1 1 0 1 0 1 0 1 0 0 0 1 1 1 0 1 1 0 0 0 1 0 0 0 1 1 1 0 0 1 0
0 1 0 1 1 0 1 0 0 0 0 1 0 0 0 1 0 1 1 0 0 0 0 1 0 1 1 0 1 0 0 1 1 1 0 0 0 0 0 0 0 1
0 1 1 0 1 0 0 1 1 0 1 0 1 0 0 1 0 1 0 1 1 1 1 0 1 1 1 0 0 1 0 1 0 0 1 0 0 0 0 1 1 0
1 0 0 1 1 0 1 0 1 0 1 1 0 1 1 0 1 1 1 1 0 0 0 0 0 1 0 1 1 1 1 0 1 0 1 1 1 0 0 1 1 1
1 0 1 0 0 1 1 0 0 1 1 0 0 0 1 0 1 0 1 1 0 1 1 0 0 1 0 1 0 0 0 0 0 0 1 0 1 0 1 1 1 1
1 0 1 0 0 0 0 1 1 1 0 0 1 0 1 0 1 1 0 0 0 1 0 0 1 1 0 1 1 1 0 1 1 0 0 1 1 0 0 0 0 1
1 1 1 1 0 1 0 1 1 1 1 1 0 0 0 1 1 0 1 0 0 1 0 0 0 0 0 0 0 0 1 0 0 1 1 1 1 0 0 1 1 1
0 1 0 0 1 0 1 0 1 1 0 0 1 0 1 1 0 1 1 1 1 0 0 1 1 0 1 1 1 1 1 1 1 0 0 1 1 0 0 0 1 0
0 0 1 1 0 1 1 1 1 1 1 1 1 0 1 0 1 1 1 0 0 0 1 1 0 0 0 0 0 0 1 1 0 0 1 0 0 1 0 0 0 1
1 1 1 0 0 1 1 0 0 0 0 1 0 0 0 1 1 0 0 1 1 0 0 0 1 0 1 1 1 1 1 0 1 0 0 0 0 1 1 0 1 0
0 0 1 0 1 1 1 1 1 0 1 0 1 1 0 0 0 0 1 0 0 0 1 1 1 0 0 0 1 1 0 1 0 1 0 1 0 1 1 0 0 1
1 0 0 0 1 0 0 1 0 1 1 1 1 0 0 0 1 0 1 0 1 1 0 1 0 0 1 0 1 1 0 1 0 1 1 1 0 1 1 0 0 0
0 1 0 0 0 0 0 1 0 1 1 1 0 1 0 1 0 0 1 0 1 0 0 0 1 0 0 0 1 1 1 1 1 0 1 0 1 0 1 0 0 1
0 0 0 1 1 0 1 1 0 0 1 0 0 1 1 1 0 0 1 1 0 1 0 0 0 1 0 0 0 1 1 0 0 1 1 0 0 1 1 0 0 0
0 1 1 0 0 0 1 1 1 0 1 0 0 1 1 0 0 0 0 1 1 1 0 1 1 0 0 0 0 0 0 0 1 1 0 1 1 0 1 0 1 1
0 0 1 0 0 1 0 0 0 1 1 1 1 0 0 0 1 1 0 1 0 1 0 0 0 0 1 1 1 1 0 1 0 1 0 0 0 0 0 1 1 1
1 0 0 0 0 0 0 0 0 0 0 0 0 1 1 0 0 0 0 1 1 0 1 0 0 0 0 0 1 1 0 0 0 0 1 1 0 0 0 0 0 1
0 0 0 1 0 1 0 1 1 1 0 0 1 1 1 0 0 1 0 1 0 0 1 1 1 0 1 1 0 1 0 0 1 1 1 0 1 0 0 0 0 1
1 1 1 0 1 1 0 1 0 0 0 0 0 0 1 1 0 0 1 0 1 0 1 1 1 0 1 0 0 0 0 0 1 0 1 1 0 1 1 0 0 1
0 0 0 1 1 1 0 0 1 0 0 0 0 1 0 0 1 0 1 1 1 0 0 1 1 0 1 1 0 1 1 0 0 1 1 0 0 1 1 1 1 1
0 1 0 1 1 1 0 0 0 0 1 1 1 1 1 0 0 0 0 1 1 1 0 0 0 0 0 0 1 0 1 0 1 1 1 1 0 0 0 1 1 0
0 1 0 0 0 0 0 1 1 0 1 0 1 0 1 1 1 0 1 0 1 1 0 1 0 1 1 0 0 0 1 0 0 1 1 0 1 0 1 1 1 1
1 0 0 0 1 1 1 1 0 1 0 0 0 1 0 0 0 0 1 1 0 0 1 0 1 1 0 1 0 1 1 1 1 0 0 1 0 1 1 0 1 0
1 1 1 1 0 1 0 0 0 0 1 0 0 1 1 0 1 1 1 0 0 1 0 1 0 1 1 0 0 0 1 0 1 0 0 0 1 0 0 1 1 1
1 1 0 1 0 0 1 0 0 1 0 0 1 1 1 1 1 1 0 0 0 1 1 0 0 1 0 1 1 0 0 0 0 0 0 1 0 1 0 0 1 1
1 0 1 1 1 1 1 1 1 1 1 1 0 1 1 1 0 0 0 0 0 0 0 1 0 0 0 0 0 1 0 1 1 1 1 0 1 1 0 1 1 1
0 0 1 0 0 0 0 0 1 1 0 1 1 1 1 1 1 0 1 0 1 1 1 0 1 0 0 1 0 1 0 1 1 0 0 0 1 1 1 1 0 1
0 0 1 1 0 1 1 0 0 0 0 1 0 1 1 0 1 1 0 1 0 1 0 1 1 1 0 1 1 1 0 0 0 1 0 0 1 0 1 1 1 0
1 0 0 1 1 0 1 1 0 1 0 1 1 0 1 1 1 1 1 0 0 1 1 1 1 0 0 0 1 0 0 1 1 0 1 0 0 1 0 0 0 0
1 0 1 1 1 1 0 0 1 0 0 0 1 0 1 0 0 0 0 0 1 0 0 1 0 1 0 1 1 0 1 0 0 0 1 1 1 1 0 0 0 0
1 1 1 0 1 1 1 0 0 0 1 1 1 0 0 0 0 0 1 1 0 0 0 1 1 0 0 1 0 1 0 1 0 0 1 0 0 0 1 0 0 0
0 0 0 1 0 1 1 0 1 1 1 1 0 1 0 1 0 0 0 1 1 1 1 0 1 1 0 1 0 0 0 1 0 1 1 0 0 0 1 0 1 1
0 1 0 0 1 1 1 0 1 1 1 1 0 0 1 0 0 1 1 1 0 0 0 0 0 0 1 1 1 0 1 0 1 0 1 0 1 1 1 0 1 0
1 1 1 0 0 1 0 0 1 0 0 0 1 0 1 1 0 1 0 0 0 0 0 0 0 0 0 0 1 0 0 0 1 1 1 0 1 1 1 0 0 1
0 1 0 1 1 1 0 0 0 0 0 0 1 0 1 1 1 1 1 1 1 0 0 0 1 1 0 1 0 0 0 1 1 1 1 0 1 0 1 0 0 1
0 1 0 0 0 1 0 1 0 0 1 1 1 1 1 0 1 0 0 0 0 0 0 0 1 1 0 1 0 1 1 1 0 1 1 1 0 1 1 0 0 1
0 0 0 0 0 0 1 1 0 0 0 0 1 0 0 0 1 1 0 0 1 1 1 0 1 0 0 0 0 1 0 1 1 1 1 1 0 0 1 1 0 0
1 1 0 1 0 1 1 0 1 0 1 1 0 0 0 0 1 1 1 1 1 0 1 1 0 1 1 0 0 1 1 1 1 1 1 0 0 0 1 0 1 0
1 0 0 1 0 1 0 0 0 1 0 0 1 1 1 1 0 1 1 0 1 0 1 1 0 0 0 0 0 0 1 0 0 1 1 0 1 0 1 0 1 0
1 0 0 0 0 1 1 1 1 0 1 1 1 1 1 0 0 1 1 1 0 1 1 0 1 1 0 0 0 0 0 1 0 1 0 1 1 1 0 1 0 0
0 0 0 0 0 0 1 1 0 1 0 1 1 0 1 0 0 0 1 0 0 1 0 1 0 1 0 0 1 1 0 0 1 1 1 0 1 0 1 0 1 1
0 0 1 1 1 1 0 0 1 0 1 1 1 1 0 1 1 1 0 0 0 1 1 1 1 0 0 0 0 0 0 0 1 0 0 1 0 0 1 1 1 1
0 0 0 1 0 0 0 0 1 0 0 0 1 0 0 0 0 1 0 1 1 1 1 1 0 1 1 0 0 0 0 0 1 1 0 1 1 1 1 1 0 1
0 1 0 0 1 0 0 0 0 0 1 0 0 0 0 0 1 1 0 0 0 1 0 0 1 1 1 1 1 0 0 0 1 0 1 1 1 1 1 1 1 0
1 1 1 1 1 0 1 1 0 0 0 1 1 0 0 1 1 0 1 0 0 0 1 0 1 1 1 1 1 1 1 0 1 1 1 0 0 1 1 1 0 0
1 0 1 1 0 1 1 1 0 0 0 0 0 0 1 1 0 1 0 1 1 0 0 0 1 1 1 0 1 1 1 1 1 1 0 1 0 0 1 0 1 1
0 1 0 1 0 1 1 1 1 1 1 0 0 1 1 0 1 1 0 0 0 0 1 0 1 0 0 0 0 0 1 0 0 1 0 0 1 0 1 0 1 0
0 1 1 1 0 1 1 0 0 0 1 1 1 0 0 0 0 1 0 1 1 1 0 0 1 1 0 0 0 1 1 1 0 0 0 1 1 1 0 1 1 1
1 1 0 1 0 0 1 0 1 0 0 1 0 1 0 0 0 1 1 1 0 0 1 0 1 0 0 0 0 0 0 1 0 0 0 0 0 1 1 0 0 1
0 0 1 0 1 1 1 1 1 1 0 1 1 0 0 0 1 0 1 0 1 0 0 0 1 1 0 0 1 1 1 0 0 1 0 1 1 0 0 0 1 0
1 0 0 0 1 0 1 0 1 1 1 0 1 1 1 1 0 1 0 0 1 1 0 0 0 1 1 0 1 1 0 0 1 1 1 1 1 1 0 0 0 0
1 1 0 0 0 1 1 1 0 1 0 1 1 0 0 0 1 1 1 0 0 1 1 1 1 1 1 0 0 0 1 1 1 0 0 0 1 0 0 1 1 1
1 0 0 1 1 0 1 0 1 1 0 0 0 0 0 0 0 0 1 1 1 1 1 1 1 0 1 1 1 1 0 0 1 0 0 0 0 0 0 1 1 1
0 1 0 0 1 0 0 1 1 1 0 1 0 1 1 1 1 1 0 1 0 0 0 0 0 1 0 0 0 0 0 1 0 1 1 1 0 1 0 0 1 0
0 0 1 0 0 1 1 0 0 0 1 0 1 0 0 1 1 1 1 0 0 1 0 0 0 1 1 0 1 0 0 1 1 0 1 1 1 0 0 0 1 0
0 1 1 1 1 1 0 1 1 1 1 1 0 0 0 0 0 1 0 1 1 1 1 1 1 0 1 1 0 0 1 1 0 1 0 0 1 0 1 1 0 1
0 1 1 1 0 0 0 0 0 1 0 0 1 0 1 0 1 0 0 1 1 0 0 0 0 0 1 0 0 1 0 0 0 0 1 1 1 1 1 1 0 0
1 0 0 0 0 0 1 1 0 1 1 0 1 1 1 0 0 0 0 0 0 1 1 0 1 0 1 0 1 1 1 0 1 0 0 1 1 1 0 0 1 0
0 1 0 1 0 0 1 0 1 0 0 0 1 1 1 1 1 1 1 0 1 0 0 0 1 0 0 0 0 1 1 0 1 0 1 1 0 0 1 0 0 1
0 1 1 0 1 0 0 0 1 1 0 0 0 1 0 1 0 0 0 0 1 0 0 1 1 0 1 1 0 1 1 1 0 0 0 1 0 0 1 0 0 1
0 0 0 0 1 1 0 0 0 0 0 1 1 0 0 1 1 0 0 0 1 1 1 1 0 0 1 1 1 0 0 1 1 0 0 1 0 1 1 0 0 0
1 1 0 1 0 0 1 1 0 0 1 0 1 1 0 0 1 0 1 0 0 0 0 1 0 0 1 1 1 1 0 0 1 1 1 0 0 0 1 0 1 1
0 0 1 0 1 0 1 0 1 0 1 1 0 1 0 0 1 0 0 1 0 0 1 0 0 0 0 0 1 0 0 0 1 0 1 0 0 1 1 1 0 0
1 1 1 0 0 0 0 1 0 1 0 1 0 1 0 0 1 0 0 1 0 1 1 1 1 1 0 1 0 1 1 0 1 0 1 0 1 1 0 1 0 0
0 1 0 1 0 1 1 1 1 1 0 0 1 1 0 0 1 0 0 1 0 0 1 0 0 1 0 1 1 0 0 1 1 0 0 1 1 0 1 0 0 0
0 0 1 0 1 0 1 1 0 1 0 0 1 1 0 1 0 1 1 1 0 0 0 0 0 0 0 0 0 0 0 0 0 0 0 0 1 1 0 1 0 0
0 1 0 1 1 0 0 0 1 1 1 0 1 1 0 1 1 0 0 1 1 0 0 0 1 1 0 1 1 1 1 0 1 1 0 0 1 1 0 0 1 1
0 0 1 1 0 0 1 1 0 1 1 0 1 0 1 1 1 0 0 1 1 1 0 0 1 0 0 0 1 0 1 1 0 1 0 1 1 0 1 0 1 0
1 1 1 0 1 1 0 0 1 0 1 1 0 1 1 0 0 0 0 0 0 1 0 1 0 0 1 0 1 1 1 1 0 0 1 0 1 0 1 0 1 0
0 0 0 0 0 1 1 1 1 1 0 0 0 0 1 1 0 0 1 0 1 0 1 1 0 1 1 1 1 1 1 0 1 1 1 1 0 1 0 1 0 1
1 1 1 0 1 1 0 0 1 1 0 0 0 1 1 0 0 0 1 1 0 1 1 1 0 1 0 1 1 0 0 0 0 1 1 1 1 1 1 1 0 1
1 0 1 1 1 0 0 0 0 1 0 0 0 0 1 1 0 1 0 1 0 1 0 0 0 0 1 0 1 1 1 0 1 0 1 1 0 1 1 1 0 1
1 1 0 1 1 0 1 1 1 0 1 0 0 1 0 1 1 1 0 0 1 1 1 0 1 0 0 1 0 0 1 1 1 0 1 1 1 1 0 1 0 0
1 0 0 1 0 0 0 1 1 0 0 1 1 1 0 1 1 0 0 0 1 0 0 0 0 1 1 0 1 0 1 1 1 0 1 0 0 1 0 0 0 0
1 0 1 1 1 0 0 1 0 1 0 0 1 1 0 1 0 0 0 1 1 1 0 1 1 1 0 1 1 0 0 0 0 1 0 1 1 0 1 1 1 0
0 0 0 0 1 0 0 1 1 0 0 1 1 1 0 0 1 0 0 1 0 0 1 1 1 1 1 1 1 1 0 1 1 1 1 0 1 1 0 0 1 0
1 1 0 1 0 0 0 1 1 1 0 1 0 0 1 1 0 0 0 0 1 1 1 0 1 0 0 0 1 0 1 0 0 0 0 1 1 1 1 0 1 0
0 0 1 0 1 1 0 1 1 1 1 0 1 0 1 1 0 1 1 1 1 0 1 1 1 1 0 0 0 0 1 1 1 1 1 1 0 1 0 0 0 1
1 0 1 0 1 0 0 0 1 1 1 1 0 0 0 1 1 1 1 1 0 1 1 1 1 1 0 0 0 1 0 0 1 0 0 0 1 1 1 0 1 0
1 0 0 1 0 1 0 1 1 0 1 0 1 0 0 1 1 1 0 0 0 1 1 1 1 1 1 1 1 0 1 0 0 1 0 0 1 0 0 0 1 1
1 1 0 1 0 1 0 1 0 0 1 1 0 1 0 0 1 1 1 1 1 0 0 1 1 0 0 1 0 0 1 1 0 0 0 1 1 0 0 0 1 0
1 1 0 1 1 0 0 1 0 0 0 0 0 0 1 0 1 1 0 1 1 1 0 0 0 1 1 1 1 1 1 1 1 0 0 0 0 0 1 0 1 0
0 0 0 0 0 1 1 1 0 0 1 0 1 0 1 1 0 1 1 1 1 0 0 0 0 0 0 0 0 1 1 1 0 0 0 0 0 0 0 0 1 1
0 0 1 0 0 0 0 1 1 0 0 1 1 1 1 0 0 1 1 1 1 1 0 0 0 1 0 1 0 0 0 1 0 0 1 1 1 1 1 0 1 0
1 1 1 1 0 0 0 0 0 1 1 1 1 0 1 0 0 1 1 0 1 1 1 1 0 1 1 1 1 0 0 1 1 1 1 1 1 1 0 0 1 1
0 1 0 0 0 1 1 0 0 0 1 0 1 1 0 0 0 1 1 1 0 1 0 1 1 0 1 0 1 0 1 0 0 1 0 1 1 0 1 0 0 1
1 0 1 1 0 1 1 0 0 0 0 0 0 1 1 1 0 0 1 0 0 1 1 0 0 0 1 0 1 0 0 1 0 0 1 1 0 1 1 0 1 0
1 0 0 0 1 1 1 1 0 0 1 1 1 0 1 1 0 0 0 0 0 1 0 0 1 1 0 1 1 0 0 1 0 0 1 0 0 1 0 1 1 0
0 1 1 0 1 0 1 0 0 0 0 1 0 1 0 1 1 1 0 1 1 1 0 1 0 0 0 1 0 1 1 0 0 0 1 1 1 0 1 1 0 0
1 0 0 0 0 1 1 0 1 1 0 1 0 0 1 1 0 1 1 1 0 1 0 0 1 0 0 0 1 0 1 0 0 1 0 1 0 0 0 1 1 1
1 0 0 0 1 1 1 1 1 1 1 1 0 0 1 0 1 0 0 1 1 1 1 0 0 0 1 1 0 1 1 1 1 0 1 1 1 1 1 0 0 0
0 0 1 1 1 0 1 0 0 1 1 0 1 1 0 1 1 1 0 0 1 1 0 1 1 1 0 1 1 1 1 0 0 0 1 0 0 1 0 1 1 0
0 1 0 0 1 0 1 0 0 1 1 1 0 0 1 0 0 0 0 1 1 0 1 1 1 1 0 0 1 0 1 0 1 0 0 1 0 1 0 0 0 0
1 0 1 1 0 0 1 0 1 0 1 1 1 1 1 0 1 0 0 1 1 1 1 1 1 0 1 0 1 0 1 0 0 0 1 0 1 0 0 1 1 1
0 0 0 0 0 0 0 1 0 0 0 1 1 0 1 1 0 1 0 0 1 0 0 1 1 0 1 0 1 0 1 0 1 1 1 0 1 1 1 1 1 0
1 1 0 0 1 0 0 1 1 0 0 1 1 0 1 1 1 1 0 1 0 0 0 1 1 0 1 0 0 0 1 1 0 1 0 0 0 1 1 0 0 1
0 1 1 0 0 1 1 1 1 0 1 0 0 1 1 1 1 1 0 1 1 0 1 1 0 1 0 1 1 0 1 1 1 1 1 0 1 0 0 0 1 0
1 1 1 0 1 0 1 0 0 1 0 1 1 0 1 0 0 1 0 1 1 0 1 0 1 0 0 1 1 1 0 0 0 1 1 1 1 1 1 0 0 0
1 1 1 0 1 1 1 1 1 0 0 0 1 1 1 1 0 0 0 1 0 1 1 0 1 0 0 1 0 1 1 0 0 1 1 0 1 0 0 0 0 1
1 1 1 1 1 1 1 0 0 1 1 0 0 1 1 1 1 0 0 1 1 1 0 1 1 1 1 1 1 0 0 0 0 0 0 1 0 0 1 0 0 0
0 1 1 0 0 0 1 1 0 1 1 0 0 0 0 0 0 0 1 1 1 0 1 0 0 1 1 0 0 0 1 1 1 1 0 1 1 1 1 0 0 0
0 0 1 1 1 1 1 0 0 0 0 1 1 0 0 1 0 1 1 0 1 1 1 0 0 0 0 1 1 1 1 1 0 1 1 1 1 0 0 1 0 1
1 0 1 0 0 1 0 1 1 0 1 0 1 1 0 0 1 0 1 1 1 0 1 0 0 1 0 0 0 1 1 1 1 0 1 1 0 0 1 1 1 0
0 0 0 1 1 1 0 0 0 1 0 1 0 0 0 0 0 0 0 1 0 1 0 0 1 0 0 1 0 0 1 0 1 1 0 0 0 1 1 0 1 1
0 0 0 1 1 0 0 1 0 0 1 1 0 1 1 1 1 1 1 0 1 1 1 1 0 0 1 0 0 1 1 1 1 0 0 0 0 1 0 0 1 1
1 0 0 0 1 1 1 1 0 0 0 1 1 1 1 0 1 1 0 1 0 0 0 1 1 0 1 0 1 1 1 0 0 0 1 1 0 0 1 0 1 0
1 1 1 0 0 0 1 0 1 0 1 0 1 0 0 0 0 1 1 0 1 1 1 0 1 0 0 0 1 1 1 0 1 1 1 0 1 1 0 1 1 1
1 1 1 1 1 0 1 1 0 0 1 0 1 0 1 0 1 1 0 0 0 1 0 0 1 1 1 0 0 0 0 0 0 1 1 0 1 1 0 0 0 0
1 0 0 0 1 1 0 0 0 1 1 0 1 1 0 1 0 0 0 0 0 0 0 0 1 0 0 1 1 1 0 0 1 0 1 0 0 0 1 1 0 0
0 1 0 1 1 1 1 1 0 1 0 1 0 0 0 1 1 0 0 1 0 1 0 0 1 0 1 0 0 1 0 0 0 0 1 0 1 1 1 0 1 1
1 0 1 0 1 1 0 0 0 0 1 0 0 0 1 0 0 0 1 1 0 0 1 1 1 1 1 1 1 1 1 0 0 1 1 1 1 1 1 1 1 0
0 1 1 1 1 0 0 0 1 0 1 1 1 0 1 1 0 0 1 0 0 1 0 0 1 1 0 0 1 1 0 0 0 1 0 1 0 1 1 1 0 1
0 1 0 0 0 1 1 0 0 0 0 0 0 0 1 0 0 1 0 0 1 1 1 0 0 1 1 1 1 1 1 1 0 0 1 0 0 0 1 1 1 1
1 0 1 1 0 0 0 0 0 1 0 1 0 0 1 0 1 1 0 0 1 0 0 1 1 1 0 0 0 0 0 0 0 1 0 0 0 1 0 1 1 1
1 0 0 0 1 0 0 0 1 1 0 1 1 0 0 1 0 1 1 0 1 1 1 0 1 1 1 1 0 1 0 0 0 0 1 1 0 1 0 1 0 1
1 0 1 0 0 1 1 0 1 1 0 1 0 1 1 1 1 0 1 1 0 0 0 1 0 0 1 0 0 0 0 1 1 1 1 1 1 0 0 0 0 0
1 1 0 0 0 0 1 0 0 0 1 1 1 0 0 1 1 1 0 0 1 0 0 0 1 1 1 0 0 0 0 1 0 0 0 1 1 0 1 0 0 1
0 0 1 0 0 1 0 1 0 0 0 1 0 0 0 0 0 1 0 1 0 0 1 1 0 0 0 1 0 0 0 1 0 1 1 1 0 1 1 0 0 1
1 0 0 0 1 0 1 1 1 0 1 0 0 0 1 1 1 0 0 1 1 0 1 1 0 1 0 0 0 0 1 0 0 1 1 0 0 0 0 0 1 1
1 0 0 1 0 1 0 0 1 1 1 0 1 0 1 0 1 1 1 1 1 0 0 0 1 0 0 1 0 1 0 0 1 1 0 1 0 1 1 0 1 0
1 1 1 1 0 0 1 0 1 1 1 1 0 0 1 1 0 0 1 1 1 0 0 0 0 1 1 0 0 1 0 1 0 1 0 0 0 0 1 0 1 0
1 0 1 0 0 0 0 0 0 0 0 0 0 1 1 1 0 1 1 1 1 1 0 1 1 1 0 0 0 1 0 0 1 1 1 0 0 0 0 1 1 1
0 0 1 1 1 1 1 1 0 0 1 1 1 1 0 0 1 0 1 1 0 1 0 1 1 1 1 0 0 0 1 1 1 0 1 0 0 0 0 0 0 0
1 1 0 1 1 1 0 0 1 1 1 0 0 0 0 1 1 0 1 0 0 1 0 1 1 1 1 0 1 0 1 1 1 0 1 1 0 1 1 0 1 0
0 0 0 1 0 1 1 0 1 1 1 1 1 0 0 0 0 0 1 1 0 0 0 0 0 0 1 0 1 1 0 0 1 1 1 0 1 1 0 1 1 0
0 0 1 0 0 1 1 1 1 1 0 0 0 0 0 0 0 1 0 1 0 1 0 1 1 1 1 0 1 0 1 1 0 0 0 0 0 1 1 1 0 0
1 1 0 1 0 1 0 1 0 1 1 1 0 1 1 1 0 1 1 1 1 1 0 1 1 1 1 0 1 1 1 0 0 1 0 0 0 1 0 0 0 0
1 0 1 0 0 0 1 0 1 1 0 0 0 1 0 0 1 0 1 1 0 1 0 0 1 1 1 1 1 1 0 1 1 1 0 1 0 0 1 1 0 0
0 1 0 0 1 1 1 1 0 1 0 1 1 0 1 1 1 0 0 0 1 1 1 1 0 0 1 1 0 0 0 0 1 0 0 1 0 0 1 1 1 1
0 0 0 0 1 0 0 0 0 1 1 1 0 1 1 0 0 1 0 1 0 1 0 1 1 0 1 1 1 0 1 1 1 0 1 1 1 1 0 1 0 1
0 1 1 1 0 0 1 1 1 1 0 0 0 1 1 0 0 1 1 1 0 0 1 1 0 1 1 0 1 1 0 1 1 0 1 0 1 1 0 0 1 1
1 0 0 0 0 1 0 1 1 1 1 1 1 1 0 0 0 0 0 0 1 1 1 1 1 0 0 0 0 1 0 0 0 1 1 1 1 0 0 1 1 0
1 0 1 0 1 1 1 1 1 0 1 0 1 0 0 0 0 1 0 1 1 0 0 0 1 0 1 0 1 0 1 0 1 0 0 1 0 1 1 0 0 0
1 1 0 0 1 1 1 1 0 1 0 0 1 1 0 1 0 1 0 1 1 0 1 1 0 0 1 1 0 1 0 0 1 1 0 0 0 1 0 0 0 1
0 0 1 1 1 1 1 1 0 0 0 1 0 0 0 0 1 0 0 0 0 0 0 1 0 0 1 0 1 0 0 0 1 0 0 1 1 0 1 0 1 1
1 0 0 1 1 0 1 0 0 1 0 1 0 1 0 1 1 1 0 1 0 0 1 0 0 0 1 1 0 1 0 1 1 1 1 1 1 1 1 1 1 0
0 1 0 0 0 1 0 0 1 0 0 0 1 1 1 1 0 0 1 0 1 1 1 0 1 1 0 1 1 0 1 1 1 0 0 1 1 0 0 1 0 0
0 1 1 1 1 1 0 0 1 0 0 0 1 1 0 1 0 0 1 1 1 0 0 0 0 1 0 0 1 1 1 1 0 1 0 0 1 0 1 1 1 1
1 1 1 0 0 0 0 1 0 1 1 1 1 0 0 0 0 1 0 1 0 1 1 0 0 0 0 0 1 0 0 0 0 0 1 0 0 0 1 0 0 0
0 1 1 1 1 1 0 1 1 1 1 0 0 0 1 0 1 1 0 0 1 1 0 0 0 1 0 0 1 0 0 1 0 0 1 1 0 0 1 0 0 1
1 1 0 0 0 0 0 0 1 1 1 0 1 0 0 1 1 1 1 1 0 0 1 0 0 1 0 0 1 1 1 1 0 1 1 1 1 0 0 1 0 0
0 1 1 0 1 0 1 0 1 0 0 0 0 0 1 1 1 0 1 1 1 1 1 0 1 1 1 0 1 0 1 0 1 0 1 1 0 0 0 0 0 1
0 0 0 1 1 0 0 1 0 1 1 0 0 1 1 1 0 0 0 1 0 0 1 1 1 0 0 1 0 1 0 1 0 0 0 0 1 1 1 0 0 0
1 1 1 1 0 0 1 0 0 1 1 0 0 0 0 1 0 1 0 1 1 1 1 0 0 0 1 0 1 0 1 0 1 1 0 1 0 0 0 0 1 1
0 1 1 0 1 1 1 1 0 1 1 1 0 1 0 0 0 0 0 1 1 1 0 1 0 1 1 0 1 0 0 1 1 1 0 1 1 1 1 1 1 1
0 0 1 0 1 1 0 0 0 0 1 0 0 0 0 1 1 0 1 1 1 1 1 1 0 0 1 0 1 1 1 0 1 0 1 0 1 1 0 0 0 1
1 0 1 0 0 0 1 1 0 0 1 0 1 1 1 1 0 1 1 0 0 1 1 1 0 1 1 0 1 1 0 1 0 0 1 0 0 0 1 1 0 1
0 1 0 0 0 0 0 0 1 1 1 0 0 0 0 0 0 1 1 1 0 1 0 1 1 0 0 1 1 1 1 0 0 0 1 0 0 1 1 0 0 0
0 0 1 1 1 0 0 0 0 0 1 0 1 1 1 1 0 1 0 1 0 0 0 0 0 1 1 1 0 0 0 1 1 0 0 0 1 1 1 0 0 1
0 0 0 1 0 1 0 0 0 1 1 1 0 1 1 1 1 0 0 0 1 1 1 1 0 1 0 0 1 1 0 0 1 1 1 1 1 0 1 0 0 1
1 1 0 0 1 0 1 1 1 0 0 0 0 0 0 0 0 1 0 1 0 0 1 1 0 0 1 0 0 0 0 1 1 0 1 1 1 0 0 1 0 1
0 1 1 0 0 1 0 1 0 0 0 1 0 0 1 0 1 1 0 0 1 0 0 0 0 1 1 1 1 0 1 0 1 1 0 1 1 1 0 1 0 0
1 1 1 1 1 1 0 1 0 0 0 1 1 1 0 1 0 0 1 1 0 0 1 1 0 1 1 0 0 0 0 1 0 1 1 0 1 1 0 1 1 0
0 0 1 0 1 0 1 1 1 1 0 0 0 1 0 1 1 1 1 1 1 1 0 0 1 0 1 1 0 0 0 1 1 1 0 0 1 1 0 0 1 0
1 0 1 0 0 0 0 1 1 1 1 1 0 1 1 1 1 0 1 1 0 0 0 0 1 1 1 0 1 1 1 0 0 0 1 0 1 1 0 0 0 1
1 0 0 0 0 0 1 1 1 1 1 0 1 1 1 1 0 1 1 1 1 0 1 0 0 0 1 1 0 0 1 0 0 0 1 1 0 0 1 1 0 0
1 0 0 1 1 0 1 0 1 1 1 1 0 1 0 0 1 1 1 0 1 0 1 1 1 1 0 0 1 1 1 0 0 0 0 0 0 0 1 1 1 0
1 1 1 1 0 0 1 1 1 0 0 1 1 0 0 1 1 0 0 1 1 1 0 0 0 0 1 0 0 0 0 1 1 1 0 0 0 1 0 1 0 1
1 1 0 0 1 1 1 0 0 0 1 0 1 0 0 0 0 1 1 1 0 0 0 1 1 1 0 1 0 0 1 1 1 1 0 1 0 1 0 0 1 1
1 1 0 0 1 1 0 0 1 1 0 1 1 0 1 1 0 0 0 0 1 0 1 1 1 1 0 0 1 1 0 1 1 1 0 0 0 0 0 1 0 0
1 0 1 1 0 0 1 1 1 1 0 1 1 1 0 0 1 1 1 0 0 0 0 1 1 1 1 1 0 0 0 0 0 1 0 1 1 1 1 1 1 1
0 0 0 1 1 0 0 1 0 0 1 0 1 1 1 0 1 0 1 1 0 0 1 0 0 0 1 0 0 0 0 1 1 0 1 0 1 0 1 1 1 1
0 1 1 0 0 1 1 0 1 0 1 1 0 0 0 1 0 0 1 0 0 1 1 1 1 1 1 1 0 1 1 0 0 0 0 0 1 1 0 0 0 0
1 1 0 0 0 0 0 0 0 1 0 1 1 0 0 1 1 0 0 1 1 0 0 1 0 0 0 0 1 1 1 1 1 0 1 1 0 1 0 0 1 1
0 1 0 1 0 0 0 0 1 1 1 1 0 1 1 0 0 0 0 1 1 0 0 1 0 1 1 0 0 0 1 0 0 0 1 0 1 1 0 0 0 0
0 1 1 1 0 0 1 1 0 1 0 0 0 0 1 1 0 0 0 0 0 1 0 0 1 1 1 1 0 0 1 1 1 0 1 0 1 0 0 1 1 1
1 0 1 0 0 1 1 0 0 1 0 1 1 1 0 0 1 0 0 1 1 0 0 0 0 1 1 0 1 0 1 0 0 1 1 0 0 1 1 1 0 1
1 1 1 1 0 0 0 1 1 0 0 0 0 0 0 1 0 0 0 1 0 0 0 0 1 1 0 0 1 1 0 1 1 0 1 1 1 0 1 0 1 0
1 0 0 1 1 0 0 0 0 1 1 0 1 0 0 0 1 1 1 1 0 1 1 0 0 0 1 1 0 0 1 1 0 1 1 0 0 1 0 0 1 0
1 0 1 1 0 1 1 0 1 0 0 0 0 1 0 0 1 0 0 0 1 0 1 1 1 1 0 0 1 0 0 1 1 1 0 1 1 1 0 1 1 0
0 1 1 0 0 1 0 0 1 0 0 1 1 1 1 0 1 1 1 0 0 1 1 0 0 0 0 0 1 1 0 1 1 1 0 1 0 1 1 1 1 1
0 0 1 1 0 0 0 1 1 1 0 1 0 0 0 1 1 1 1 1 1 0 0 1 0 0 1 0 0 1 0 1 1 0 1 0 1 0 0 1 0 0
0 1 1 0 1 1 0 1 0 1 1 0 1 0 1 1 1 0 1 0 0 1 0 1 1 0 0 1 1 0 0 0 0 1 0 0 1 1 0 1 0 1
0 1 1 1 0 0 0 1 0 1 0 1 1 1 0 1 0 1 0 0 1 1 0 1 1 1 0 1 0 1 0 0 1 1 0 1 0 1 0 0 0 0
1 0 1 1 0 0 1 0 0 0 1 1 0 0 0 0 1 0 1 0 0 1 0 0 1 0 0 0 1 1 0 1 1 0 0 1 1 1 1 0 0 1
1 0 0 0 0 1 0 0 0 1 0 0 1 0 1 0 0 0 1 1 1 0 0 1 1 1 1 0 1 0 0 1 0 0 0 0 1 1 0 0 1 1
1 0 1 0 1 1 1 0 0 1 0 0 0 1 0 1 1 1 1 0 1 0 0 0 0 1 0 1 1 1 0 1 0 1 1 0 0 0 1 0 0 0
1 1 0 0 1 0 1 0 0 0 1 0 1 0 0 0 1 0 0 1 1 0 0 1 1 0 1 1 1 1 1 1 0 1 0 0 0 1 1 1 1 0
0 1 0 1 1 1 1 0 0 1 0 0 1 1 0 0 0 0 0 0 0 0 1 1 0 1 1 1 1 1 1 0 0 1 0 0 1 1 1 0 0 0
1 0 1 0 0 1 0 0 0 1 1 0 0 0 1 0 1 1 0 0 1 0 1 1 1 0 1 1 0 1 1 1 1 0 1 1 0 0 0 1 0 0
1 0 1 1 0 0 1 1 0 0 0 0 1 0 1 0 0 0 1 1 1 1 1 0 1 1 1 1 0 0 1 0 0 0 0 0 0 1 1 0 1 1
0 0 1 0 0 1 0 0 1 0 0 1 0 0 1 0 0 0 1 0 0 0 0 1 1 1 1 1 1 0 1 1 1 0 1 1 0 0 1 1 1 1
1 1 0 1 1 0 0 0 0 0 1 1 0 1 1 1 0 1 0 0 0 1 0 1 1 0 0 1 0 0 1 1 1 1 1 1 1 0 1 1 1 0
0 1 1 1 1 0 0 1 0 0 1 1 1 0 0 0 0 1 0 0 0 0 0 0 0 0 0 0 0 1 1 0 1 0 0 0 1 1 0 0 1 0
1 0 0 0 1 1 0 0 1 0 1 1 0 1 0 1 1 0 0 1 0 1 0 1 0 1 0 1 0 1 1 1 1 1 0 1 1 0 1 0 1 0
0 0 0 1 0 1 1 0 1 0 0 1 1 1 1 0 1 0 0 0 1 1 0 0 0 1 1 0 0 1 1 1 1 1 0 0 1 1 0 0 1 1
0 1 0 1 0 0 0 1 1 1 1 0 0 1 0 0 1 0 1 0 1 1 1 0 1 1 1 0 0 1 0 1 1 0 0 1 0 1 0 1 0 1
0 1 0 0 0 1 1 1 1 0 1 1 0 1 1 1 1 1 0 0 0 1 0 1 0 0 1 1 1 1 0 0 1 0 1 1 0 0 0 1 0 1
0 1 1 0 1 1 1 0 1 1 1 0 0 0 0 1 0 0 0 1 1 1 0 1 0 0 0 1 1 1 0 1 1 1 1 0 0 0 0 1 0 0
1 1 1 0 1 0 1 1 1 1 1 1 1 1 1 0 0 1 1 0 1 0 0 0 0 1 1 0 1 0 0 1 0 0 0 1 0 0 0 0 1 0
1 0 0 0 1 0 1 1 1 0 0 1 1 1 0 1 0 1 0 1 1 1 1 0 1 1 0 0 1 0 1 0 1 1 1 1 1 0 1 1 0 1
0 1 0 1 1 1 0 1 1 0 0 0 1 0 0 0 0 1 1 1 0 1 1 0 1 1 0 0 1 1 1 1 0 0 1 1 1 1 1 0 1 1
0 1 0 0 1 0 0 1 1 1 0 0 1 0 1 0 1 1 0 0 1 0 0 1 0 0 0 0 1 1 1 0 1 1 0 0 0 0 0 1 0 1
1 0 0 0 1 1 0 1 0 0 1 0 0 0 0 1 1 0 0 1 0 1 1 0 1 1 0 0 1 0 1 0 1 1 0 0 1 1 1 1 1 1
1 1 0 0 1 1 0 1 0 1 1 0 0 0 0 0 0 0 1 0 1 1 0 1 1 1 0 1 0 1 0 1 1 1 1 1 1 0 0 0 1 1
1 0 0 1 0 1 0 0 1 0 1 0 1 1 1 1 1 1 1 1 1 1 0 0 0 0 1 1 1 1 0 1 0 1 1 0 1 1 1 1 1 1
1 1 0 1 0 1 0 0 1 0 0 1 1 0 0 1 1 1 1 1 0 0 0 1 1 0 0 1 0 1 0 1 1 0 0 0 1 1 0 1 0 1
1 0 0 1 0 0 1 1 1 0 0 1 0 1 1 1 0 0 0 1 1 0 0 1 0 0 0 1 1 1 0 1 0 0 0 0 0 1 1 1 0 1
0 0 1 1 1 0 0 0 0 1 0 1 0 0 1 1 0 0 0 1 0 1 1 0 0 1 1 0 1 0 0 1 0 0 0 0 1 0 0 1 0 0
1 1 1 1 0 1 1 1 1 1 1 1 0 1 1 1 0 1 0 0 0 1 1 0 1 1 1 1 1 0 0 0 1 0 1 1 1 1 1 0 0 1
0 1 0 0 0 1 1 1 0 0 0 1 1 0 0 1 1 1 0 0 1 0 1 1 1 1 0 0 1 1 0 0 0 0 0 1 1 1 1 0 1 1
0 1 0 0 0 1 0 1 0 1 1 0 1 0 1 0 1 0 1 1 0 0 0 0 1 1 0 0 1 1 0 1 1 0 1 0 0 1 0 1 0 1
0 0 1 0 0 1 1 0 1 0 0 0 1 0 1 1 1 1 1 1 1 1 1 1 1 1 1 1 1 1 0 0 0 1 1 0 0 1 1 0 0 1
1 0 0 1 1 1 0 1 0 1 0 1 0 0 0 1 0 1 0 0 1 1 0 1 0 0 1 0 0 0 1 1 0 1 0 0 1 0 0 0 1 0
0 0 0 0 1 0 0 0 0 1 1 0 1 0 1 0 1 0 1 0 0 1 1 1 1 1 0 1 0 0 1 0 0 0 1 1 0 0 1 0 0 1
1 1 1 1 1 1 0 0 0 0 1 0 0 0 1 1 1 0 1 0 1 0 0 0 1 0 0 1 1 1 1 1 0 0 0 0 1 1 0 0 1 1
0 1 0 1 0 1 0 0 0 1 0 1 0 0 0 1 1 1 1 0 0 0 1 1 1 0 1 1 0 1 0 0 1 1 0 1 0 0 0 1 1 0
1 1 1 0 0 0 1 1 0 0 1 0 0 1 0 1 1 1 0 0 1 0 1 0 0 1 0 1 0 1 0 0 1 0 0 0 1 1 1 1 1 1
0 1 1 0 0 0 0 0 0 1 1 0 1 1 1 1 1 0 0 1 0 1 1 1 1 0 1 0 0 0 0 1 1 0 0 0 0 1 0 0 1 0
1 1 1 1 1 0 0 0 1 1 0 0 0 0 1 0 0 1 0 1 0 1 1 0 1 1 0 1 0 0 1 0 0 1 0 0 1 1 0 1 1 0
0 1 1 0 1 1 0 1 1 0 0 0 1 1 0 1 1 1 1 0 0 0 0 0 0 0 1 1 1 1 1 1 1 0 1 1 1 0 1 1 0 1
0 0 1 1 1 1 0 1 1 0 0 0 0 1 1 0 0 0 1 0 1 1 1 1 1 1 0 0 0 1 0 1 1 0 0 0 1 0 0 0 0 0
1 1 1 1 0 0 1 1 0 0 1 0 1 1 0 0 1 1 0 1 1 1 0 1 1 0 0 0 0 1 0 0 1 1 0 0 0 0 0 1 0 1
0 0 0 1 0 1 1 0 0 1 1 1 0 0 1 1 0 1 1 0 1 0 1 0 1 1 0 0 0 0 0 0 1 0 0 1 1 1 1 1 0 1
0 0 1 1 0 0 0 0 0 0 0 1 1 0 1 0 1 1 1 0 1 0 0 1 1 0 1 0 1 1 1 0 0 0 0 1 0 1 0 1 0 0
1 1 1 1 0 1 0 0 1 1 1 1 1 1 0 0 1 0 0 0 0 0 1 0 1 0 1 1 1 1 1 1 1 0 0 0 0 0 1 1 1 1
1 1 0 0 0 0 0 0 1 0 0 0 1 0 1 1 0 0 0 1 0 0 1 0 0 1 1 1 1 1 1 1 1 0 1 0 0 1 1 1 0 0
0 0 0 0 0 0 1 0 1 1 1 1 0 0 0 1 1 0 0 1 1 0 1 1 1 0 0 1 1 1 0 0 0 1 0 1 1 0 0 1 0 1
0 0 0 0 0 1 1 1 1 0 0 0 0 1 0 0 1 0 0 1 1 1 0 0 0 0 0 0 1 0 1 1 1 0 0 1 0 0 0 0 0 1
0 0 1 0 0 0 1 0 1 1 0 0 1 0 0 1 0 1 0 1 1 0 0 0 0 1 0 1 0 1 0 0 1 0 1 0 0 0 0 1 1 1
0 0 0 0 1 0 1 1 0 0 1 1 0 1 1 1 0 0 1 1 0 1 1 1 0 1 1 1 1 0 1 1 0 0 0 1 1 0 1 0 1 0
0 0 1 0 1 1 0 0 1 0 0 1 0 0 1 0 0 1 0 0 1 1 0 1 1 0 1 0 1 1 0 1 1 1 0 1 1 0 0 1 0 1
1 1 1 0 1 0 0 1 1 0 0 1 0 0 1 1 1 1 0 0 0 0 1 0 0 0 1 1 1 1 0 0 0 1 1 0 1 0 0 1 1 0
0 1 0 0 1 0 0 1 1 1 0 1 0 1 0 1 1 0 1 1 0 1 0 1 1 0 1 0 1 0 0 0 0 1 0 1 1 0 0 1 0 1
0 1 0 0 1 0 0 0 0 1 1 0 1 1 0 0 1 1 0 1 1 1 1 1 0 1 0 1 0 0 1 1 0 1 1 0 1 0 0 1 0 0
1 1 0 1 0 1 1 1 1 0 1 1 1 0 1 1 1 1 1 1 0 1 1 1 0 1 0 1 0 0 0 0 1 1 0 0 0 0 1 0 1 0
1 1 0 0 0 1 1 1 0 0 1 1 1 0 1 1 1 0 1 1 0 0 0 1 0 0 0 0 1 0 0 0 0 0 0 0 1 1 1 0 1 0
0 0 1 1 1 1 1 1 1 1 1 1 1 0 1 1 0 0 0 0 0 0 0 1 1 0 1 1 1 1 1 0 1 0 0 0 0 0 0 0 1 1
0 1 1 1 0 1 1 0 0 0 0 0 0 1 1 0 1 1 0 1 1 0 0 1 0 0 0 0 1 1 0 0 1 0 0 1 0 1 1 0 0 0
1 0 0 0 1 0 0 1 1 0 1 1 1 0 1 0 0 1 0 0 1 0 1 0 1 1 0 1 1 0 0 1 1 0 0 0 0 0 1 1 1 1
0 1 1 0 1 0 1 0 0 1 0 1 1 1 0 0 1 1 1 1 1 0 1 0 1 0 1 0 0 0 1 0 0 0 0 1 1 0 0 0 1 1
0 0 0 1 1 0 1 0 0 1 0 0 0 1 0 0 0 1 1 0 0 0 0 1 1 0 0 0 0 1 1 0 1 1 1 1 1 1 0 0 0 1
1 0 1 1 1 1 1 0 1 0 0 0 1 0 0 1 1 0 1 0 0 1 0 1 1 1 1 1 0 0 0 0 1 1 1 0 0 1 1 1 1 1
0 0 1 1 0 0 0 1 1 0 1 0 0 1 0 1 0 1 0 1 1 1 0 1 1 0 1 0 1 0 0 0 0 1 0 0 1 0 1 0 0 0
1 0 0 0 0 0 1 0 0 0 0 0 0 1 1 0 1 0 1 0 1 1 1 1 0 0 0 1 1 0 1 1 1 0 1 0 1 1 1 0 0 0
1 1 0 1 1 0 1 1 0 0 0 1 1 1 1 0 1 0 0 1 0 1 1 0 1 0 1 1 0 0 0 1 0 1 0 1 0 0 1 0 0 1
1 1 1 1 1 0 1 0 0 1 0 0 1 1 0 0 0 0 0 1 1 1 1 0 0 1 1 0 1 1 0 1 1 0 1 0 1 0 0 0 0 1
1 1 1 1 0 0 1 1 1 1 1 0 1 0 0 0 1 0 1 1 0 1 0 1 0 0 1 1 0 1 1 0 1 0 0 1 1 1 0 0 1 0
1 0 0 0 0 1 0 0 0 1 0 0 0 0 1 0 0 1 0 0 0 1 0 0 0 0 0 1 0 0 0 1 1 1 0 1 0 0 0 0 0 0
0 0 0 1 1 1 1 1 0 0 1 0 0 1 0 1 1 0 1 0 1 1 0 0 1 1 1 1 0 1 0 0 0 0 0 0 0 0 0 1 0 0
1 1 1 0 1 1 1 1 0 0 1 1 1 1 1 1 0 0 0 0 0 0 1 0 1 0 1 0 1 1 0 1 1 0 0 0 1 0 0 0 0 0
0 1 0 1 0 0 1 0 1 1 1 1 1 1 1 1 0 1 1 1 0 1 1 0 1 1 1 1 1 1 0 0 1 0 0 0 0 0 0 1 0 0
0 0 0 1 0 1 1 1 0 0 0 1 0 0 1 0 0 1 0 1 0 0 1 0 1 1 0 1 0 0 1 0 1 0 1 1 1 0 0 0 0 0
1 1 0 0 0 0 0 0 1 0 1 1 0 0 1 0 0 0 1 0 0 0 1 1 0 1 0 1 0 1 0 1 1 1 1 0 0 1 0 0 0 1
1 1 1 0 0 1 0 0 0 1 0 1 0 1 0 1 1 0 1 1 1 1 1 0 1 1 1 0 0 0 1 1 0 1 0 1 0 1 0 0 0 1
1 1 1 1 1 1 0 0 1 1 0 1 0 1 1 1 0 1 0 1 1 0 0 1 0 1 0 1 0 0 1 0 1 0 0 0 0 1 0 1 1 0
0 1 1 1 0 0 0 1 1 1 1 0 1 0 1 0 1 1 0 1 0 0 0 1 0 1 0 1 0 1 0 0 0 1 0 1 0 1 1 1 0 0
1 0 1 1 0 1 1 1 1 0 0 0 1 1 1 1 1 0 0 0 1 0 1 1 0 0 1 1 0 1 0 1 1 1 0 1 1 1 1 1 1 0
0 0 0 0 1 0 0 1 1 1 1 0 0 1 1 0 0 0 1 1 0 1 1 1 0 1 0 1 1 0 0 1 0 1 1 0 0 0 0 1 0 0
0 0 1 1 0 1 0 1 1 0 1 1 0 0 1 1 0 1 1 0 0 1 0 0 1 0 1 1 0 0 1 1 0 0 1 1 1 1 1 1 0 0
0 0 0 1 1 1 0 1 0 1 0 1 1 1 1 1 1 1 1 1 0 1 0 0 0 1 1 0 0 0 1 0 1 0 0 1 1 1 0 0 0 1
0 0 0 1 0 0 1 1 0 0 1 1 1 0 0 0 1 1 1 1 0 1 1 0 0 1 1 0 1 1 1 0 0 0 1 0 0 1 1 1 1 0
1 0 1 0 0 0 0 1 0 1 1 0 0 1 1 1 0 0 1 0 0 0 1 1 0 0 0 0 0 1 1 1 0 0 0 1 1 1 0 1 1 1
0 1 0 1 1 1 1 0 1 0 0 0 1 0 0 1 1 1 0 0 1 0 1 0 0 1 1 0 0 0 1 0 0 1 0 1 0 1 0 1 0 0
1 0 0 1 1 1 0 0 1 0 1 0 1 1 1 0 1 1 0 1 0 0 1 0 1 1 0 0 0 0 0 0 0 1 1 0 0 1 0 0 1 1
0 1 0 0 0 1 1 1 0 1 0 0 0 0 1 1 1 1 0 1 0 1 0 1 0 1 0 0 0 1 0 1 0 1 0 1 1 1 0 1 0 0
0 0 0 0 0 0 1 0 1 1 0 0 1 0 0 0 0 1 0 0 0 1 1 0 0 0 1 1 0 0 1 1 1 0 0 0 1 1 1 0 0 0
1 1 1 1 1 1 1 1 0 1 0 1 1 0 0 1 1 0 0 0 0 1 1 0 0 1 0 0 1 1 0 1 1 1 0 1 0 0 0 0 1 0
1 0 0 0 1 0 1 0 0 0 0 1 0 1 0 0 1 1 0 1 1 0 0 1 0 1 0 1 0 0 0 0 1 0 0 0 1 0 0 0 0 0
0 0 1 0 1 0 0 0 0 0 0 0 0 0 0 1 1 1 1 0 1 0 1 1 1 0 1 1 1 0 1 1 0 1 1 1 1 1 1 1 1 1
1 0 1 1 0 0 0 0 1 0 0 0 1 0 1 1 1 0 0 1 1 1 1 1 0 0 0 1 1 0 1 1 1 1 1 1 0 1 0 1 1 1
1 1 1 1 1 0 0 0 1 1 1 0 0 1 0 0 0 0 1 1 1 0 0 0 1 0 0 0 0 0 0 1 0 0 1 1 1 1 0 1 1 0
1 1 1 0 0 1 1 1 0 0 0 0 0 1 0 1 0 1 0 0 1 1 1 0 0 0 0 1 0 0 0 1 0 1 0 1 1 0 1 1 0 1
1 1 0 1 1 0 0 1 0 1 0 1 0 1 1 1 1 0 1 0 1 1 1 0 0 1 0 1 0 1 0 0 1 1 1 0 1 1 0 1 0 1
1 0 1 0 0 1 1 0 0 1 1 1 1 0 1 1 0 0 1 0 1 1 0 0 1 0 1 0 1 1 1 1 1 0 0 0 0 1 0 1 0 0
1 0 0 0 1 1 1 0 1 1 0 0 0 1 1 0 1 1 0 1 0 0 1 1 1 1 1 0 1 0 0 1 1 1 1 0 0 1 1 0 1 1
0 1 1 0 0 0 0 0 1 1 0 1 1 1 0 0 0 0 1 0 1 0 1 0 1 1 1 0 0 0 0 0 1 1 1 0 0 0 0 1 0 1
0 1 1 0 1 1 0 1 0 0 0 1 0 1 1 0 1 1 0 0 0 1 0 0 1 1 0 0 0 0 1 1 1 0 0 0 0 0 1 0 0 0
0 0 1 0 0 1 0 1 0 1 1 0 0 1 1 0 0 0 1 0 0 0 1 1 0 1 1 1 1 0 0 1 1 1 0 0 1 0 1 1 0 0
1 1 1 1 0 1 0 1 1 0 1 0 1 1 0 0 0 0 1 1 0 1 0 0 0 0 1 1 1 0 1 0 0 0 0 0 1 0 0 1 0 0
1 1 0 1 1 0 0 1 0 0 0 1 1 1 1 0 1 0 1 0 1 1 0 0 1 1 0 0 1 0 0 0 1 0 1 0 0 0 1 1 1 1
1 1 0 1 1 0 1 1 1 0 0 0 0 1 0 1 1 0 1 1 0 1 1 1 0 0 0 0 1 1 0 0 1 1 1 0 1 0 1 0 0 0
0 1 0 0 0 0 0 1 0 0 1 1 1 1 0 1 0 1 0 1 0 0 0 0 1 1 0 1 0 0 1 0 1 1 0 0 0 0 0 1 1 0
1 1 1 1 1 0 1 0 0 0 1 1 0 0 0 0 1 0 0 0 0 1 1 1 1 0 0 1 1 0 0 0 1 1 0 0 0 0 0 0 0 1
0 0 1 0 0 1 0 0 0 0 0 0 1 1 1 0 0 1 1 1 0 0 1 1 0 1 1 0 1 1 1 0 0 1 0 0 0 1 0 0 1 0
1 0 1 0 1 0 1 1 1 0 0 0 0 0 0 1 0 0 1 0 0 1 0 1 0 1 1 1 1 1 1 1 0 1 0 0 1 1 0 0 0 1
1 0 1 0 1 1 1 0 1 1 1 1 0 1 1 0 1 1 0 1 0 1 0 1 1 0 1 1 0 1 0 1 1 0 0 0 0 1 0 1 0 1
1 0 0 1 0 1 1 1 0 0 0 0 1 1 0 0 1 0 1 1 0 0 0 0 1 0 0 0 0 0 1 0 1 1 1 1 0 1 0 0 1 0
0 1 0 0 0 0 1 0 0 0 0 0 0 1 1 1 0 0 1 0 1 0 0 0 1 1 1 1 1 1 0 0 1 1 0 0 1 1 0 0 1 0
1 1 1 1 0 1 0 1 1 1 0 1 1 0 1 0 1 1 0 1 0 1 0 1 0 1 1 1 0 0 0 1 0 1 1 1 1 0 1 1 1 1
0 1 1 1 0 1 1 0 1 1 0 1 1 0 0 0 1 1 1 0 1 1 1 1 0 1 0 0 0 0 0 0 0 1 0 0 1 0 0 0 0 0
0 1 0 0 0 1 1 1 1 0 0 1 0 1 0 0 1 1 1 1 1 1 1 0 0 1 1 0 1 1 0 0 0 1 1 1 1 0 1 0 0 0
0 0 1 1 0 0 0 1 1 1 1 1 0 0 0 1 0 0 0 0 1 1 1 0 1 0 1 0 1 1 0 1 1 0 1 1 0 1 0 0 1 1
1 1 0 1 0 1 0 0 0 0 1 1 0 1 1 0 0 0 0 0 1 1 0 1 1 0 1 0 0 0 0 0 0 0 0 0 0 1 1 1 0 1
0 0 1 0 0 0 1 0 0 0 1 1 1 1 0 0 0 1 0 1 1 1 1 1 0 0 1 1 0 1 1 0 1 1 0 0 0 0 1 1 1 0
0 0 0 0 0 0 1 1 1 0 0 1 0 1 0 1 0 1 0 1 1 1 0 0 1 0 0 0 0 1 1 1 1 1 1 0 0 1 0 0 1 0
0 1 1 1 0 1 1 1 0 0 1 0 0 1 0 1 1 0 0 1 1 0 1 1 1 1 1 1 1 1 1 1 1 0 0 1 0 1 1 1 0 1
1 0 1 0 0 0 0 0 0 0 0 0 1 0 0 0 0 1 1 1 0 0 1 1 1 0 0 0 0 1 0 0 1 0 0 1 0 0 0 0 1 0
0 0 0 0 1 1 0 1 1 1 0 1 0 1 0 1 1 0 0 0 0 1 1 0 0 0 0 1 0 0 1 0 0 1 0 1 1 1 1 1 0 0
0 1 1 1 1 0 0 1 0 0 0 1 0 1 1 1 1 1 0 1 0 0 1 1 0 1 0 1 1 0 1 0 1 1 1 1 1 0 1 0 0 1
1 0 0 1 1 1 0 1 1 0 1 1 1 0 0 1 0 1 0 0 1 0 1 1 0 1 1 1 1 1 1 1 1 1 0 1 1 0 0 1 1 0
0 0 0 1 0 1 1 0 1 1 1 0 0 0 1 0 1 0 1 0 0 1 1 0 1 1 0 1 0 0 1 1 1 1 1 0 1 1 1 1 0 1
0 0 1 1 0 1 0 0 0 1 1 0 1 1 0 0 0 0 1 0 0 1 1 1 1 0 0 1 0 0 0 0 1 1 0 1 1 1 1 1 0 0
0 1 1 0 1 0 1 1 1 1 1 0 0 1 0 0 0 1 1 0 1 0 1 1 0 1 0 0 1 1 0 0 1 0 1 1 0 0 1 1 0 0
1 1 0 1 1 0 0 1 0 1 0 0 0 0 1 0 1 0 1 1 1 0 1 0 1 0 0 1 1 1 0 1 0 0 0 1 0 1 0 1 0 1
0 1 0 0 0 1 0 1 1 0 1 0 0 0 0 0 0 0 0 0 0 1 0 0 0 0 0 0 0 0 0 1 0 1 0 0 1 1 0 0 1 0
1 1 0 1 1 0 0 1 0 0 0 1 1 1 0 1 0 1 1 0 1 1 0 1 0 1 0 1 1 1 1 1 1 0 1 1 0 0 0 0 0 1
0 0 0 1 0 0 1 0 1 1 1 0 1 1 0 0 0 0 0 1 0 0 1 1 1 1 1 0 1 1 1 1 1 0 1 0 1 0 1 0 1 1
1 1 1 1 0 0 1 0 0 0 0 0 0 1 1 1 0 1 1 1 0 1 0 1 1 0 1 1 1 0 0 1 1 1 0 1 1 1 0 1 0 0
1 1 1 1 1 0 1 0 1 0 1 1 1 0 0 1 0 0 1 0 1 0 1 0 1 1 0 0 0 0 1 1 1 0 1 0 1 1 1 0 1 0
1 0 1 1 0 1 0 0 1 1 1 0 1 0 1 1 0 1 1 0 1 1 1 1 0 0 0 1 1 1 0 1 0 0 1 0 0 1 0 0 0 0
0 0 0 1 1 0 0 1 0 1 0 1 1 0 1 1 1 0 1 1 0 0 1 1 0 0 1 1 1 0 1 0 0 0 1 0 0 0 0 0 0 1
1 1 1 0 1 1 1 1 1 0 1 0 1 1 1 0 1 0 0 0 1 1 1 1 1 0 1 0 0 1 0 0 0 1 0 0 0 1 1 0 0 0
1 1 0 0 0 1 1 1 0 0 0 1 0 0 1 0 0 0 0 0 0 1 0 1 0 1 0 1 0 0 1 0 1 0 0 0 0 1 0 0 1 1
0 0 1 1 0 0 1 1 0 0 0 0 0 0 0 1 1 0 1 0 0 0 0 1 0 1 0 0 1 0 1 0 0 0 1 0 1 1 1 1 1 0
0 0 0 1 1 0 1 1 0 1 0 0 1 0 1 1 1 0 1 1 1 1 1 1 1 1 1 0 1 0 0 0 0 1 0 0 0 0 1 1 0 0
1 0 1 0 1 0 0 0 0 0 0 0 1 1 0 0 0 0 0 0 1 0 0 1 0 1 1 1 0 0 0 1 1 0 0 1 0 1 0 1 1 1
0 1 0 0 1 1 1 1 1 1 0 0 1 1 1 1 0 1 1 0 0 0 1 0 0 0 1 1 1 0 1 1 0 1 0 1 1 1 0 0 1 1
0 0 1 1 0 1 0 0 1 1 0 0 1 1 1 0 1 1 0 0 0 1 1 0 0 0 0 1 1 1 1 0 0 0 0 1 0 0 0 0 0 1
0 1 1 1 1 1 0 0 0 1 0 0 0 1 0 0 1 0 0 0 0 1 0 1 0 0 0 0 1 1 1 1 1 1 0 0 1 1 1 1 1 0
0 1 1 1 0 1 0 1 1 1 0 0 1 0 0 1 1 1 0 1 0 0 0 1 1 0 1 0 0 0 0 0 0 1 0 0 0 1 0 0 0 0
0 1 0 0 0 1 0 0 0 1 0 0 0 1 0 1 0 1 1 1 1 1 1 1 0 1 1 0 0 1 1 1 1 0 1 1 1 1 1 1 1 0
0 0 0 0 1 0 1 0 0 0 1 1 0 0 0 0 0 0 0 1 1 0 0 0 0 0 0 1 1 0 0 1 0 0 1 1 1 0 1 1 0 1
1 1 1 0 1 1 1 1 1 1 1 1 1 0 1 1 1 0 1 1 1 0 0 0 0 0 0 1 0 0 1 0 1 1 1 0 0 0 0 0 1 0
0 0 0 0 1 0 0 0 0 0 0 1 0 0 1 1 1 1 1 0 0 0 0 0 1 1 1 0 0 1 1 1 0 1 1 1 1 1 1 0 1 0
1 0 1 1 0 1 0 0 0 0 1 1 0 0 1 0 1 1 1 1 1 0 1 1 1 0 1 0 1 1 1 0 1 1 1 1 0 0 1 0 0 1
0 0 1 0 1 1 0 1 1 1 1 0 1 0 0 1 1 0 1 0 0 0 1 1 1 1 0 1 0 1 1 1 1 1 0 1 0 0 0 1 1 1
0 0 1 0 1 1 0 0 1 0 1 0 1 0 0 1 0 1 1 0 1 0 0 1 0 1 0 1 0 0 1 0 1 0 1 0 1 0 1 1 0 1
1 1 1 0 0 0 1 1 1 0 0 1 0 0 0 0 0 0 1 0 0 1 1 1 1 0 1 0 0 1 1 1 0 0 1 1 1 0 0 0 1 0
0 1 1 1 1 0 1 0 0 0 0 1 0 0 1 0 0 0 0 1 0 0 0 0 0 0 0 1 1 1 0 1 1 1 0 1 0 0 0 0 1 0
1 0 0 0 1 1 0 1 0 0 1 1 1 0 0 0 1 1 0 1 1 1 1 0 1 0 0 1 0 1 1 0 0 0 0 0 0 1 0 1 0 0
0 0 1 1 1 1 0 0 0 0 1 1 1 1 0 1 0 1 1 0 1 0 0 0 1 0 1 0 1 0 0 0 1 1 1 0 0 1 1 0 0 0
0 1 0 1 1 0 1 1 0 1 1 0 0 1 1 1 1 0 0 0 0 0 1 0 1 0 1 0 0 0 1 0 1 0 0 1 1 0 0 1 0 0
0 0 0 0 0 0 1 0 1 1 0 1 1 0 0 0 0 0 1 0 1 1 0 0 1 1 0 1 1 0 0 1 1 1 0 1 0 1 1 0 1 0
1 1 0 0 1 1 1 1 0 0 0 1 0 0 1 0 0 1 0 0 0 1 1 1 1 1 1 1 1 1 0 1 0 1 1 1 1 1 0 0 0 1
1 1 0 0 1 0 1 0 1 1 1 1 0 1 1 0 0 0 0 0 1 0 1 1 1 1 0 0 0 0 1 1 0 1 0 0 0 1 1 1 1 1
1 1 1 1 0 1 0 1 0 0 0 0 1 1 1 1 1 0 1 1 1 0 1 1 0 1 0 0 0 0 1 0 0 0 0 1 1 1 1 0 0 0
0 1 1 1 1 0 0 0 1 0 0 1 0 1 0 0 1 0 0 0 1 1 0 0 0 1 0 1 1 0 0 0 0 0 1 0 1 0 0 0 1 1
0 1 1 0 1 0 0 1 1 1 0 1 1 1 0 1 1 1 1 1 1 0 1 0 0 1 1 1 0 1 0 0 1 1 0 0 1 1 1 0 1 0
0 1 1 0 0 0 1 1 1 1 0 1 1 1 1 1 0 0 1 1 0 0 1 1 1 0 0 0 0 1 0 0 0 0 1 1 0 0 1 1 1 0
0 0 0 1 1 0 0 0 1 1 0 1 1 0 0 1 0 1 1 1 0 0 0 0 0 1 0 0 1 1 1 0 0 1 0 1 0 0 1 0 1 1
1 0 0 0 0 0 0 1 0 1 1 1 1 0 0 0 1 1 0 0 1 0 0 0 0 1 0 0 1 1 1 1 0 0 0 0 1 0 0 1 0 1
0 0 0 1 0 0 1 0 0 1 0 0 1 0 0 1 0 0 0 0 0 0 0 0 1 0 1 1 1 0 0 1 0 1 1 1 1 1 0 1 0 1
0 0 1 0 1 1 1 0 1 1 0 0 1 1 1 1 0 0 0 1 1 0 0 0 1 0 0 0 1 0 1 1 1 0 1 0 1 1 1 1 1 1
1 0 0 1 1 0 1 0 1 0 0 0 1 1 0 1 1 1 0 0 0 1 0 0 1 0 1 0 0 1 1 1 1 1 0 0 0 0 1 1 1 1
1 0 1 1 1 1 1 1 1 1 1 1 0 0 0 0 0 0 1 1 1 1 0 1 0 1 0 0 0 0 0 1 1 0 0 0 1 0 1 0 0 1
1 0 1 0 1 1 1 1 1 1 0 1 1 0 1 0 1 1 1 1 0 0 1 1 0 0 1 1 1 1 0 0 1 1 0 0 0 0 1 1 1 1
1 1 0 1 0 0 0 0 1 0 0 0 0 1 0 0 1 1 1 1 0 0 0 0 0 0 0 0 1 0 0 0 0 0 1 1 1 1 0 1 1 0
1 0 0 1 0 1 1 0 0 0 0 0 0 0 0 1 0 0 0 1 1 1 1 1 1 0 1 1 1 0 0 0 1 1 0 0 1 0 0 0 0 0
0 0 0 0 0 1 0 1 0 1 1 0 1 1 1 1 1 1 0 1 0 1 0 0 1 0 0 1 1 0 1 0 1 1 1 1 0 1 1 1 1 1
0 1 1 1 1 0 0 0 1 0 1 0 1 0 1 0 0 0 1 0 1 1 1 1 1 1 1 1 0 0 1 1 0 0 0 1 0 0 1 0 0 1
0 1 1 0 1 1 1 1 1 1 1 1 1 1 1 1 1 1 0 0 1 1 1 0 0 0 0 0 1 0 1 1 1 0 1 0 1 0 0 0 1 1
1 0 1 0 1 1 0 1 1 1 0 0 1 0 0 0 0 1 0 0 1 0 1 0 1 1 1 1 0 0 0 1 0 0 1 0 1 1 0 0 1 0
1 1 0 1 0 1 0 1 0 1 0 0 0 0 1 0 0 0 0 1 1 1 1 0 0 0 1 0 0 1 1 0 1 1 0 0 1 0 1 1 1 1
0 1 1 0 1 0 1 0 1 0 1 0 1 1 1 1 1 0 1 0 1 1 0 1 1 1 0 0 0 1 1 1 0 1 1 0 1 0 0 0 0 0
1 1 1 1 1 1 0 0 1 1 1 1 1 1 0 0 1 0 1 0 1 0 1 1 0 1 1 1 1 1 1 0 1 1 0 1 1 1 0 0 0 1
0 0 0 0 1 1 0 0 1 0 1 1 1 1 1 0 1 1 1 0 1 0 0 0 1 0 1 1 0 0 0 0 1 1 1 0 1 0 0 1 0 0
0 1 1 0 0 1 1 0 0 0 1 1 0 0 1 1 1 0 1 1 1 1 0 1 0 0 0 0 0 0 0 0 1 1 1 1 0 1 1 1 0 0
0 0 1 0 0 0 0 1 1 0 1 0 0 0 1 1 0 1 0 1 0 1 0 1 0 1 0 1 1 0 1 1 1 1 0 0 0 1 1 0 0 1
1 1 0 1 0 0 1 0 0 1 1 1 0 1 0 0 1 0 0 0 1 0 0 0 1 0 0 0 0 1 1 0 0 1 1 0 0 1 1 1 0 0
1 0 0 0 1 0 0 1 0 1 1 0 1 1 0 0 0 1 1 1 1 0 0 0 1 0 1 1 1 1 0 0 1 0 1 1 1 0 0 0 0 0
1 1 1 0 0 1 1 1 0 1 1 1 1 1 1 0 0 0 0 1 1 1 1 0 1 1 1 1 1 1 1 0 0 1 1 1 0 0 0 1 1 1
0 1 1 0 1 1 0 0 0 1 1 0 0 1 0 0 1 0 0 1 0 1 1 0 0 1 0 0 1 0 1 0 0 0 1 0 0 1 0 0 1 1
0 1 0 0 1 0 0 0 0 1 0 1 1 1 1 0 0 0 0 1 0 0 0 1 1 1 0 1 0 0 0 0 0 1 0 1 1 0 0 1 1 1
0 0 0 1 1 1 1 1 1 0 1 0 0 0 1 1 0 1 0 1 0 1 0 0 0 0 0 0 0 1 0 0 1 0 1 1 1 1 1 1 1 1
1 1 0 0 1 0 0 0 0 0 1 0 0 0 0 1 0 1 0 0 1 0 1 0 1 0 0 0 0 1 0 1 1 1 1 1 0 0 1 0 1 0
0 1 0 0 0 1 1 1 1 1 1 1 1 1 0 0 1 0 0 0 1 0 0 0 1 0 1 0 1 1 0 0 0 0 0 0 1 1 0 1 1 1
1 0 1 1 1 0 1 0 1 0 1 0 0 1 1 1 0 1 1 0 1 0 1 1 0 0 0 1 0 1 1 0 1 1 0 1 0 1 1 0 1 0
1 1 0 1 0 0 0 1 0 1 0 0 0 0 0 0 0 1 0 0 0 1 0 1 1 1 1 0 1 0 1 0 1 0 0 1 1 0 1 1 0 1
1 0 1 0 1 0 1 1 0 0 0 1 1 1 1 1 0 0 1 1 1 1 1 1 0 1 1 0 1 1 0 0 1 1 0 0 1 1 1 1 1 1
0 0 1 0 0 0 1 1 0 1 1 1 0 1 0 1 0 0 1 1 0 0 0 0 0 1 1 0 0 1 0 0 0 0 1 1 0 1 0 0 0 1
0 1 0 1 1 1 0 0 0 1 1 0 1 0 1 0 0 0 0 1 0 1 1 0 0 0 1 0 1 0 0 1 0 1 0 1 0 1 1 0 0 1
0 0 1 1 0 1 0 1 1 1 1 1 1 0 0 0 0 0 0 1 1 1 0 1 1 0 1 1 1 1 1 1 0 1 1 1 0 0 1 0 0 0
C Elapsed Time 915046.960000 
