675 61 2^61 6
0 1 0 0 1 1 1 0 0 0 1 1 1 1 0 0 0 1 0 0 1 1 1 1 1 0 1 0 0 0 0 1 0 1 0 0 0 0 0 0 1 1 0 0 0 1 1 0 1 1 1 1 1 1 1 0 1 1 1 1 0
0 1 0 1 0 0 0 1 0 0 0 0 1 0 1 1 0 1 0 1 1 0 0 1 0 1 0 1 0 0 0 1 0 1 1 1 0 1 0 0 1 1 1 1 1 0 1 0 1 1 1 0 1 0 1 1 1 0 0 0 1
0 0 0 1 1 1 0 0 1 0 1 1 1 1 1 0 0 1 0 1 1 0 0 1 0 0 0 0 0 0 0 1 0 0 0 1 1 0 0 1 1 1 0 1 1 0 0 0 0 1 1 0 0 1 1 1 0 0 1 0 0
1 0 0 0 1 0 1 0 1 0 0 1 0 1 0 0 1 0 0 1 1 1 1 0 1 1 1 1 1 1 1 1 0 1 1 1 1 0 0 1 0 0 0 0 0 1 1 0 0 0 0 1 1 0 0 0 1 0 0 1 1
0 1 0 1 1 1 1 1 0 0 1 0 0 1 1 0 0 0 1 0 0 1 1 1 0 0 1 0 1 1 0 0 0 0 0 0 0 0 0 0 0 1 0 0 0 1 1 1 0 0 0 0 0 0 1 0 0 1 0 0 1
0 0 1 0 1 0 0 1 1 0 1 1 1 0 1 1 0 1 0 0 1 1 1 0 1 1 1 1 0 1 1 0 0 0 1 0 1 1 0 0 0 0 1 1 0 0 1 1 1 1 0 0 1 1 0 1 0 1 0 1 0
1 0 1 1 0 0 0 1 1 0 0 1 1 0 0 0 1 0 1 1 1 0 1 1 1 0 0 1 0 0 1 0 0 1 0 0 1 0 0 1 1 1 1 1 1 1 0 1 1 0 1 0 0 1 0 0 1 1 1 1 0
0 1 0 0 1 1 1 1 0 0 0 1 0 1 1 0 1 1 0 0 0 1 0 1 1 1 0 0 1 1 1 0 0 1 1 0 1 0 0 1 1 0 1 0 1 0 0 1 0 1 1 0 1 0 0 1 1 0 0 1 1
1 0 1 1 0 0 0 1 1 0 0 0 0 0 0 0 1 1 0 0 0 0 0 1 0 0 0 0 1 1 0 0 1 0 1 1 1 0 0 0 1 0 0 0 0 1 1 0 0 0 0 1 0 0 1 0 0 0 1 1 0
0 0 1 1 0 1 0 1 0 0 0 0 0 1 1 0 0 0 1 0 0 0 0 1 0 1 0 0 0 1 0 0 1 1 0 1 0 0 0 0 0 0 0 1 0 1 0 0 1 0 1 0 1 1 0 0 1 1 0 0 1
0 0 0 1 1 1 0 1 1 0 1 1 0 0 0 1 1 1 1 1 0 0 0 1 0 0 1 1 1 1 0 1 1 1 0 1 1 1 0 1 0 1 0 1 1 0 1 0 1 0 0 0 1 0 0 0 1 1 1 1 0
1 1 1 1 1 1 0 1 1 0 1 0 1 1 1 1 1 0 1 0 0 1 0 0 0 1 0 1 1 0 0 1 1 0 1 1 1 0 0 1 0 0 1 0 1 0 0 0 1 1 0 1 1 1 0 0 0 0 0 1 1
0 1 0 0 0 0 0 1 1 0 0 0 1 1 1 1 1 0 0 1 0 0 0 0 1 0 1 0 1 0 0 0 1 0 1 1 0 0 0 0 0 0 0 1 1 0 0 1 1 1 1 1 0 0 0 0 1 0 0 1 0
1 1 1 0 1 1 0 0 1 0 1 1 1 1 1 1 1 0 0 1 1 0 0 1 1 1 0 0 1 1 1 1 1 1 0 1 0 0 0 0 0 1 1 1 0 0 1 1 0 0 0 1 0 1 0 1 1 1 0 1 1
1 0 0 1 0 0 1 0 0 0 0 0 1 1 0 0 0 1 1 1 1 0 1 0 1 0 0 1 1 1 0 0 1 0 0 1 1 0 0 1 1 0 1 0 1 0 1 1 0 0 0 0 0 0 0 0 1 0 0 0 1
1 0 1 1 1 1 1 1 0 0 1 1 1 1 0 1 0 1 0 1 1 1 0 0 0 1 1 1 1 1 1 0 1 0 1 0 1 0 0 1 0 0 1 0 1 1 1 1 1 0 1 1 0 0 1 0 0 0 1 1 0
1 1 1 1 0 0 0 0 0 0 1 1 1 0 0 1 1 1 1 0 0 1 1 1 1 0 1 1 0 1 0 1 0 1 1 1 0 1 1 0 1 1 1 0 0 0 0 0 0 0 0 1 0 0 0 0 1 1 0 0 0
1 0 1 0 1 1 0 1 1 0 1 1 0 1 0 0 1 0 0 1 1 0 0 1 0 1 1 1 1 0 0 0 0 1 0 0 0 0 1 0 1 0 1 1 0 1 1 0 1 1 1 0 0 0 1 1 0 1 1 1 1
1 0 1 0 0 0 1 1 1 0 1 0 0 1 1 0 0 0 1 0 0 0 1 1 1 1 1 1 1 1 0 1 0 0 1 1 1 0 1 1 0 1 0 0 1 0 0 0 1 0 0 0 1 1 1 1 1 0 0 1 0
0 1 0 1 1 1 0 0 1 0 1 0 0 1 1 0 1 1 0 0 0 0 1 1 0 0 0 0 0 1 1 0 0 1 1 1 0 1 1 0 0 0 1 1 0 0 0 1 1 1 0 0 1 1 1 1 0 0 1 1 0
0 0 0 1 0 0 1 1 1 0 0 0 0 1 0 0 0 0 0 1 1 0 0 1 0 1 1 0 0 0 1 0 0 0 1 0 1 1 1 0 0 1 1 0 1 0 0 1 0 1 0 1 1 1 1 1 0 0 1 0 0
1 0 1 1 0 1 1 0 0 0 0 1 1 0 1 1 1 1 0 1 1 0 0 1 0 0 1 1 0 1 0 0 0 0 0 1 0 0 1 1 0 0 1 0 1 1 1 1 0 1 0 0 1 1 0 0 1 0 1 1 0
0 0 0 0 0 1 0 0 1 0 1 1 0 0 0 0 0 0 1 1 1 1 1 1 0 0 0 1 0 0 1 1 1 1 1 0 0 0 1 0 0 1 0 0 1 0 1 0 1 1 0 1 1 1 1 1 1 0 1 1 0
0 0 1 1 1 1 1 1 0 0 0 0 0 1 0 0 0 1 1 0 1 1 1 0 0 1 1 1 1 1 0 0 1 0 1 1 1 0 1 0 0 1 1 0 0 0 1 0 0 1 1 0 0 1 0 0 1 1 1 1 0
1 1 0 0 0 1 0 0 1 0 1 1 1 1 1 1 0 1 0 1 1 1 1 0 1 1 0 1 0 1 0 0 1 0 1 1 1 0 1 1 0 0 1 1 0 1 0 0 0 0 1 0 0 0 0 0 1 0 1 1 1
1 0 0 0 1 1 1 1 0 0 1 1 0 1 0 0 1 0 1 0 1 1 1 1 1 0 0 0 0 1 0 0 1 1 1 0 0 0 1 0 1 1 0 1 0 1 0 1 0 0 1 1 0 1 1 1 1 0 1 1 1
0 1 0 0 1 1 0 0 0 0 0 0 1 1 1 1 1 1 0 0 1 0 0 1 0 1 0 1 1 1 0 0 1 0 0 0 0 1 1 0 1 1 1 1 1 1 1 1 0 0 1 0 0 0 0 1 0 0 1 1 0
1 0 0 1 0 1 1 1 1 0 1 1 1 1 1 0 0 0 1 0 0 0 0 1 0 0 0 1 1 1 1 0 1 1 1 1 0 0 1 1 0 1 0 0 0 0 0 1 0 0 1 1 1 0 0 1 1 1 0 1 0
1 1 0 0 1 1 0 0 0 0 0 1 1 0 0 0 0 1 0 0 0 0 0 1 0 1 1 0 0 0 0 0 1 1 1 1 0 0 1 1 1 1 1 1 1 0 1 1 1 0 0 0 0 1 0 1 0 1 0 0 1
0 0 0 1 0 1 1 0 1 1 0 1 0 0 1 1 1 1 0 1 0 1 1 0 1 0 1 0 1 1 0 0 0 1 1 0 0 0 0 0 1 1 1 1 0 0 1 0 0 1 0 0 1 1 1 0 0 0 1 1 1
0 1 0 0 0 1 0 1 0 1 0 0 1 0 0 0 1 0 0 0 0 0 1 0 1 1 1 0 0 0 0 1 0 1 1 0 1 0 0 0 0 1 1 0 1 1 0 0 1 0 0 1 0 0 1 1 0 1 0 1 1
0 1 1 0 1 0 1 0 1 1 0 1 0 1 0 1 0 1 0 1 0 0 1 1 1 0 1 1 1 0 1 0 0 0 1 1 1 0 0 1 0 0 1 1 1 1 1 0 1 1 0 0 1 1 0 0 0 1 0 0 0
0 1 1 0 0 0 0 0 1 1 0 1 1 0 0 1 1 1 1 0 1 1 0 0 1 1 0 1 1 1 0 0 0 1 0 0 0 0 0 1 0 0 0 1 1 0 1 0 0 1 1 1 1 0 0 0 1 1 1 1 1
1 0 0 1 1 0 0 1 1 1 0 0 0 1 0 1 0 0 0 1 1 1 1 1 1 1 0 1 1 1 0 0 0 0 0 0 0 1 0 0 1 1 0 0 1 1 0 1 0 1 1 0 0 1 1 1 1 0 0 1 1
1 1 1 0 1 0 1 1 0 1 1 1 1 0 1 1 0 0 1 1 1 0 0 0 1 1 1 1 1 0 0 0 0 1 1 0 1 0 0 1 1 1 1 0 1 0 0 1 1 1 0 1 1 1 0 0 1 0 1 0 1
0 0 1 0 0 1 1 0 1 1 1 1 1 0 1 0 0 1 1 0 0 0 0 1 1 1 1 0 1 0 0 0 1 0 1 1 0 1 0 0 0 0 1 0 0 0 1 0 0 0 1 1 0 1 1 0 0 0 0 0 0
1 1 1 0 1 0 0 0 1 1 0 0 0 0 0 1 0 1 0 0 0 1 1 1 0 0 1 0 1 1 0 1 1 1 1 0 1 0 0 1 0 1 0 0 0 1 1 0 0 1 0 1 1 1 0 1 0 0 0 0 1
1 1 1 0 1 0 0 1 1 1 1 1 1 0 1 0 1 1 0 0 0 0 1 0 1 1 0 1 0 1 0 0 1 1 1 1 1 0 0 1 0 1 0 1 0 1 0 0 0 1 1 0 0 1 1 1 1 1 0 0 0
0 0 1 0 1 0 0 1 0 1 0 0 1 0 0 0 0 0 1 1 0 0 0 1 1 0 1 0 1 1 0 1 1 1 0 0 0 0 0 0 1 0 1 1 1 0 0 1 0 0 1 0 1 1 1 1 1 0 1 1 0
1 0 1 0 1 0 0 1 0 1 1 0 1 1 1 1 0 1 0 1 0 1 0 0 0 1 1 0 1 1 0 0 1 1 0 0 0 1 0 1 1 0 0 1 0 1 0 1 0 0 0 0 0 0 0 1 1 1 1 0 0
0 0 1 1 1 1 0 0 1 1 1 0 1 1 0 1 0 0 0 0 0 0 1 0 1 0 1 0 1 1 0 0 0 0 0 0 1 0 1 0 0 0 0 1 0 1 1 0 1 0 0 1 0 0 0 1 1 0 1 0 0
0 0 1 0 1 0 0 1 0 1 0 1 0 1 1 0 1 0 1 0 1 1 1 1 0 1 1 0 0 0 0 1 0 1 0 1 1 1 1 0 1 1 1 1 1 1 1 0 0 0 0 0 1 0 0 0 0 0 0 0 0
0 1 0 1 1 1 0 0 1 1 1 1 1 0 1 1 0 0 1 1 1 1 1 0 0 0 0 1 0 1 1 1 0 0 0 1 1 1 1 0 0 1 1 1 0 0 1 1 0 0 1 0 1 0 1 1 1 1 1 0 0
1 1 0 0 0 0 0 0 1 1 0 0 0 0 0 0 0 1 1 0 1 0 0 0 1 1 1 1 1 0 0 0 0 1 0 0 0 1 1 0 0 1 0 0 1 1 1 1 1 0 0 0 1 1 0 0 1 1 1 1 0
1 0 0 0 0 0 1 1 0 1 1 1 0 1 0 1 1 0 0 1 0 1 1 0 1 1 1 1 1 1 0 1 0 0 1 1 0 1 1 1 1 1 1 1 1 0 1 1 1 0 0 0 1 1 0 1 1 1 1 0 1
0 0 1 0 0 0 0 0 0 1 1 0 1 0 0 1 0 1 0 0 0 0 0 0 0 0 1 0 1 0 0 1 1 1 1 1 0 1 1 0 1 0 1 1 1 1 0 0 0 1 1 1 1 1 0 0 0 1 1 1 1
1 1 0 0 0 1 0 1 1 1 0 0 1 1 1 0 0 0 0 1 0 1 1 0 1 1 0 1 0 1 1 1 1 1 0 0 0 0 1 0 1 1 0 1 0 1 0 0 1 1 0 0 1 0 0 1 0 0 1 1 1
1 1 0 1 0 0 0 0 0 1 1 1 1 1 1 0 0 1 1 1 1 0 0 1 0 0 1 1 1 1 1 0 1 0 0 0 0 1 1 1 1 0 1 1 0 0 1 0 1 1 0 1 1 1 0 1 0 0 1 0 0
0 1 1 1 1 1 0 1 0 1 1 1 0 1 0 1 0 0 1 0 0 0 1 1 1 1 0 1 1 1 1 0 1 0 1 1 0 1 1 1 1 0 1 0 1 1 0 0 1 0 1 1 0 0 0 1 1 1 0 0 1
0 0 0 1 1 0 1 1 0 1 0 1 1 0 0 1 1 1 0 1 0 0 1 1 1 0 1 0 0 0 0 0 1 1 1 0 0 1 1 0 1 0 1 0 1 1 1 1 1 1 1 1 1 0 1 0 0 0 0 1 0
1 0 1 1 1 1 0 0 0 1 0 1 1 0 1 0 1 1 0 0 1 1 1 1 1 1 1 1 0 0 1 0 1 1 1 0 0 0 1 0 1 0 0 0 0 0 0 1 0 1 0 1 0 1 1 1 0 1 1 0 1
0 0 1 1 0 1 1 0 0 1 0 0 1 1 0 0 0 1 0 1 1 1 1 0 1 0 1 1 0 1 1 1 1 1 1 1 0 0 1 1 1 1 1 1 1 1 0 1 0 1 1 0 1 1 1 0 0 1 0 1 0
0 1 1 1 1 0 1 1 0 0 0 1 1 0 1 0 1 1 1 1 1 0 1 1 0 1 1 0 1 0 1 1 0 0 1 1 1 0 0 0 1 0 1 0 1 1 0 0 0 0 1 0 0 0 0 1 0 1 0 0 0
0 0 0 0 0 0 1 1 0 1 0 1 1 0 1 0 0 0 0 0 1 1 1 1 1 1 1 1 0 1 0 0 0 0 1 0 0 1 1 1 0 0 0 1 1 1 1 1 0 1 1 1 1 0 1 1 0 0 0 0 0
0 1 0 1 0 1 0 1 0 0 0 0 0 0 0 1 0 0 1 1 1 1 1 0 1 1 1 0 0 0 0 0 1 0 1 0 1 0 0 1 1 0 0 1 1 0 1 0 0 0 0 0 1 1 1 0 1 1 1 1 0
1 1 1 1 0 0 1 1 1 1 0 1 0 0 1 1 1 0 1 1 0 0 1 0 0 1 0 0 0 1 1 1 1 0 1 1 0 0 1 1 0 0 1 1 0 0 0 0 0 0 0 0 1 1 1 1 0 1 0 0 1
1 1 0 1 1 0 1 1 0 0 1 0 1 0 0 0 0 0 0 0 0 1 0 0 1 1 1 0 1 1 1 0 0 0 0 0 1 1 1 1 0 1 1 1 0 1 1 0 0 0 1 1 0 1 0 1 0 1 1 1 1
0 0 1 1 0 1 0 1 0 0 1 1 1 1 1 0 1 0 0 1 1 0 1 0 1 1 1 1 0 1 1 0 0 0 0 0 0 1 0 1 0 1 0 1 0 0 0 0 1 1 1 1 1 0 1 0 0 1 1 0 1
0 1 1 1 1 0 0 0 1 1 1 0 0 0 1 0 1 1 0 1 1 1 1 0 1 1 1 0 1 0 1 0 0 1 0 0 0 0 1 1 0 0 1 0 1 1 1 0 1 0 1 0 0 1 1 0 1 0 0 1 1
1 0 1 0 1 1 1 0 0 0 0 1 1 0 0 0 1 1 1 0 0 1 1 0 1 1 1 1 0 1 1 1 1 1 0 0 1 1 1 1 0 0 1 1 0 1 0 0 1 0 0 0 1 1 1 0 1 1 0 0 1
0 1 1 0 1 1 0 1 1 1 0 1 0 0 0 1 0 0 0 1 0 0 0 0 1 1 0 0 0 1 1 0 1 1 1 1 0 0 0 1 0 0 0 1 1 0 1 0 1 0 1 0 1 1 0 1 0 0 1 1 0
1 1 1 1 0 1 0 1 1 0 1 0 0 1 1 1 0 0 0 0 1 1 0 0 1 0 1 1 0 0 0 1 1 0 0 0 1 0 1 0 0 0 1 1 1 1 0 1 1 0 1 1 1 1 1 0 1 1 1 0 0
1 1 0 0 0 1 1 0 0 0 1 0 0 1 1 0 1 1 1 0 1 1 0 1 0 1 1 1 0 1 0 0 1 1 1 0 1 1 1 0 1 1 0 0 1 0 1 1 1 0 1 1 1 0 1 0 0 0 0 1 1
1 0 1 0 1 0 0 1 0 0 1 0 1 0 0 1 0 0 0 0 1 0 1 1 0 0 0 1 0 0 1 0 1 1 1 1 1 1 1 1 1 1 0 0 0 1 1 1 1 0 0 0 0 1 0 1 1 0 1 1 0
1 1 1 1 1 0 1 1 0 0 0 0 0 1 1 0 1 0 1 0 0 0 1 0 1 1 0 1 0 0 0 0 1 0 0 1 0 0 0 1 1 0 0 1 1 1 1 1 0 0 0 1 1 0 0 1 0 1 1 1 1
0 1 1 0 0 1 1 1 0 0 0 1 1 1 1 1 0 0 1 1 1 1 0 0 0 0 0 0 1 1 1 0 0 0 0 0 1 0 1 0 0 0 1 1 0 1 1 0 0 1 1 1 0 0 1 0 1 0 0 0 1
1 0 1 0 1 1 0 0 0 0 0 0 0 0 1 1 1 1 0 1 1 0 0 1 1 0 0 1 0 1 0 0 0 0 1 1 1 0 0 0 0 1 0 1 0 1 0 1 1 0 0 0 0 0 0 0 0 0 0 0 1
0 1 0 0 0 0 0 1 1 1 1 0 0 1 0 0 1 1 1 1 0 0 1 0 0 1 1 1 1 1 0 1 1 1 1 0 0 1 0 1 0 0 1 1 0 1 1 1 1 1 0 1 1 0 1 0 1 0 1 1 1
0 0 0 0 1 1 1 0 1 1 0 1 1 1 1 0 0 1 1 0 1 0 1 1 0 1 0 0 0 0 0 0 0 0 0 0 1 0 0 1 0 0 0 0 1 1 1 0 1 0 0 0 1 0 0 0 0 0 1 1 1
0 1 1 1 0 0 1 0 0 1 0 0 0 1 1 1 1 0 1 1 0 1 1 1 0 1 0 1 1 1 1 0 0 1 0 1 1 0 0 0 1 0 0 1 1 0 0 1 1 0 1 0 1 0 1 0 0 1 1 1 0
1 0 0 0 0 1 1 1 0 0 0 1 1 0 1 1 1 0 0 0 0 1 0 1 0 0 1 0 0 1 0 0 0 0 0 1 1 1 1 0 1 1 1 1 0 0 0 1 1 1 1 0 1 0 0 1 0 1 1 1 1
0 1 0 0 1 0 0 1 0 1 1 1 0 0 1 1 0 0 1 0 0 1 0 1 1 1 0 0 1 0 1 0 0 1 1 1 1 0 1 0 1 0 0 0 1 1 1 0 1 1 1 1 1 1 1 1 0 1 0 0 1
1 0 1 1 1 0 0 0 1 0 1 0 0 0 0 0 1 0 1 0 1 0 0 1 1 0 1 0 0 1 1 0 1 1 1 0 1 1 0 0 0 0 0 0 1 1 0 1 1 1 0 0 0 0 1 1 1 1 1 1 1
1 1 0 1 0 1 1 0 1 1 0 0 1 1 1 0 1 1 1 0 1 0 0 0 0 0 0 1 1 0 0 1 0 1 0 0 1 0 0 1 1 1 0 1 0 1 0 1 0 0 1 1 0 0 0 0 0 0 1 0 1
0 1 1 1 0 0 0 0 0 0 1 1 0 1 1 0 0 0 1 0 1 0 1 0 1 1 0 0 1 0 1 1 1 0 0 0 1 0 0 0 1 1 0 1 0 1 0 1 0 0 0 1 1 1 1 1 1 0 0 1 0
1 0 0 1 1 0 1 1 1 1 1 1 0 0 1 1 1 1 0 0 1 0 0 1 1 0 0 0 1 0 0 0 0 0 0 1 0 1 0 0 0 1 0 1 1 0 1 1 0 1 0 1 1 1 0 1 0 1 1 1 0
1 0 1 1 0 1 1 1 1 0 1 1 0 0 0 0 1 1 0 0 1 0 1 0 1 0 1 0 1 0 1 0 1 1 0 0 1 0 1 1 0 0 0 0 1 0 0 0 0 1 1 1 1 1 0 0 0 0 0 0 0
0 0 0 1 1 1 0 1 1 0 1 1 0 1 1 1 1 0 1 1 0 1 0 0 1 1 0 1 0 0 0 0 1 1 0 1 1 0 1 0 1 0 0 0 1 0 0 0 0 0 0 1 0 0 1 0 1 0 0 0 0
1 0 1 1 1 0 0 0 1 1 0 0 1 1 1 0 1 1 0 0 1 0 1 0 1 0 0 1 0 1 0 1 1 1 0 1 0 1 1 0 0 0 0 1 0 0 1 0 0 0 1 1 0 1 1 0 1 0 1 1 1
1 1 0 1 0 1 0 1 1 1 0 1 1 1 1 1 0 1 0 0 1 1 0 0 1 0 0 0 0 0 0 0 1 0 1 0 0 1 0 1 0 1 0 0 0 1 0 1 1 1 0 1 1 1 1 0 0 0 1 1 1
0 1 0 1 1 0 0 1 1 1 0 0 0 0 1 1 0 1 1 0 0 1 0 1 1 0 1 0 1 1 1 0 0 0 0 1 1 1 1 1 1 0 0 1 0 0 0 0 0 0 1 0 1 1 0 0 1 0 0 0 0
0 0 1 0 0 1 1 0 0 1 0 1 1 1 0 0 0 0 1 0 0 1 1 0 0 1 0 0 1 0 0 1 1 1 1 1 0 0 0 0 1 1 0 0 0 0 1 1 1 1 0 1 1 0 0 1 0 0 0 0 1
1 1 1 1 0 1 0 1 0 1 1 0 0 1 1 1 1 1 0 0 1 0 1 0 1 0 0 1 0 0 1 0 1 1 1 0 1 0 1 1 1 0 0 0 1 0 1 0 1 1 0 1 1 1 0 0 1 1 0 1 1
0 0 0 1 0 0 1 1 0 1 1 0 0 0 0 1 0 1 1 1 1 1 0 0 1 0 0 1 0 1 0 1 1 0 1 0 0 0 1 0 0 0 0 0 0 0 1 1 1 1 0 1 1 1 0 1 0 1 1 0 1
1 1 0 0 1 1 1 0 1 0 0 1 0 1 1 1 0 0 1 1 0 0 1 1 0 0 1 1 0 1 0 1 1 0 0 0 1 0 0 0 0 0 0 0 0 0 0 0 0 1 1 1 0 1 1 0 0 1 1 0 1
0 1 0 0 1 0 0 1 1 0 0 0 1 1 0 1 0 1 1 0 0 0 0 1 0 1 0 1 0 1 0 1 0 0 1 1 0 0 0 1 1 0 0 0 0 1 0 1 0 0 0 0 0 0 1 1 1 1 0 1 1
0 1 1 0 1 1 1 0 0 1 1 1 1 0 1 0 1 1 1 0 0 0 1 0 0 0 1 1 1 0 1 1 0 1 1 0 0 1 1 1 0 0 1 1 0 1 1 1 1 0 0 1 0 0 1 1 0 1 0 1 0
1 1 0 1 0 0 0 1 1 0 1 0 1 1 0 1 1 1 1 1 1 1 1 1 1 0 1 1 0 0 0 0 0 0 0 1 0 1 0 0 1 0 0 1 0 0 1 1 0 1 1 1 1 1 1 0 0 0 0 0 0
0 0 1 0 0 1 0 0 0 1 0 1 1 0 1 0 1 1 1 1 0 0 0 1 0 0 1 1 1 0 0 0 1 0 0 0 1 1 0 0 0 1 0 0 1 1 0 1 0 1 1 1 0 0 1 1 1 1 1 1 1
1 1 0 0 1 1 1 1 1 1 0 1 0 1 0 0 1 1 1 0 0 0 0 1 0 0 0 0 0 0 0 1 1 1 1 1 0 1 1 1 0 1 0 1 1 0 0 1 0 1 0 0 1 0 1 0 1 0 0 1 1
1 0 1 0 0 1 1 0 1 1 0 1 0 0 1 1 1 0 1 1 0 1 1 1 1 1 0 0 1 0 1 1 1 0 0 0 0 1 0 1 0 1 0 0 1 0 0 1 0 1 1 0 0 0 0 0 1 0 1 0 0
1 1 1 1 1 1 1 1 0 1 0 1 0 1 0 0 0 1 1 0 1 1 0 1 0 1 1 1 0 0 1 1 1 0 0 0 1 1 0 1 1 0 1 0 0 0 0 1 1 1 1 0 1 1 0 1 0 1 1 1 0
1 0 1 1 1 1 1 1 1 1 1 1 1 0 0 0 0 1 0 1 0 1 0 1 1 1 0 0 0 0 0 1 0 1 1 0 0 0 0 0 1 0 1 0 0 0 1 0 0 0 0 0 1 1 0 0 1 1 0 0 1
0 1 1 0 1 1 1 1 1 0 1 0 1 1 1 1 1 1 1 0 0 1 1 1 0 0 0 1 1 0 0 0 0 1 0 1 1 1 0 1 1 0 1 1 1 0 0 0 0 0 0 1 0 1 1 1 1 1 1 0 1
1 1 1 0 1 0 1 1 1 1 1 0 1 1 0 1 1 1 1 1 0 0 0 1 0 1 1 0 0 1 1 0 0 1 0 0 1 1 1 0 0 0 1 0 0 0 1 1 1 0 0 1 1 0 0 0 0 0 0 0 1
0 1 1 1 0 1 1 0 1 1 0 1 1 1 0 0 1 0 0 1 1 1 0 1 1 0 1 0 0 0 1 1 0 0 1 1 1 0 1 0 1 0 0 1 0 0 1 0 1 1 0 1 1 0 1 1 1 1 1 1 0
0 0 1 1 1 1 0 0 0 1 0 0 0 0 0 0 1 0 1 0 1 0 1 0 1 0 1 0 0 0 0 1 0 0 0 1 0 0 0 1 0 1 1 0 1 0 0 0 1 1 0 1 1 1 1 0 1 0 0 0 0
0 1 0 1 0 0 1 0 1 0 1 1 1 1 0 0 0 1 1 1 0 1 0 0 1 0 1 0 0 0 1 1 0 0 0 1 0 0 0 1 0 0 1 0 0 0 0 1 1 0 1 0 1 0 0 0 1 1 1 1 1
0 1 1 0 0 0 0 1 1 1 1 0 1 0 0 1 0 0 1 1 0 0 0 1 1 0 0 1 1 0 1 1 1 0 0 0 1 0 0 1 1 0 0 0 0 1 1 0 1 0 1 0 1 0 1 0 0 1 0 1 1
0 1 1 1 0 0 1 1 1 0 0 1 0 0 0 1 1 0 1 0 1 0 0 1 1 1 1 1 1 0 0 1 0 1 1 0 1 1 0 0 0 0 0 0 0 1 1 1 1 1 1 1 1 1 1 1 1 0 0 1 1
0 0 0 1 0 1 1 1 0 1 1 0 1 0 0 0 1 0 0 1 1 0 0 1 1 1 1 0 0 1 1 0 1 1 0 1 0 1 1 0 0 0 1 0 0 1 0 0 0 0 0 0 1 0 0 0 1 1 1 1 0
0 0 0 1 0 0 0 1 0 1 1 0 0 1 0 0 0 1 1 0 1 1 1 1 0 0 1 1 1 0 0 1 0 0 0 0 1 1 0 0 1 0 0 1 1 0 0 0 1 0 1 1 0 0 0 0 1 0 1 0 1
1 0 1 0 1 1 0 1 1 0 0 0 1 1 0 0 1 1 1 0 1 0 0 0 0 0 0 0 1 0 0 0 0 0 0 1 1 0 1 1 0 0 0 0 0 1 1 0 1 1 1 1 1 1 0 1 0 1 0 0 0
0 0 0 0 1 1 0 0 1 1 0 0 0 1 1 1 0 1 0 0 1 1 0 0 1 1 0 0 1 0 1 1 0 1 1 1 0 1 0 1 1 1 1 1 0 1 1 1 1 0 1 1 1 0 1 0 1 1 0 1 0
0 0 1 0 1 0 0 1 0 0 0 1 0 0 1 1 1 1 0 1 1 1 1 1 1 0 1 1 1 0 0 1 1 1 0 1 1 0 1 1 1 1 0 1 0 0 0 1 1 1 1 1 1 0 0 1 1 0 1 0 1
1 1 1 0 0 0 1 0 1 0 0 0 1 0 1 1 1 1 0 1 0 0 1 1 1 0 1 0 0 1 0 0 1 0 1 0 1 0 1 1 1 1 0 0 0 1 0 1 1 0 0 1 1 1 0 0 0 1 1 1 0
1 0 1 0 0 1 0 0 1 0 1 0 1 1 0 1 0 1 1 1 0 1 0 1 1 1 1 0 1 0 1 1 0 0 0 1 1 0 0 0 0 1 1 1 1 1 0 0 1 1 0 0 1 0 0 1 1 0 1 0 0
1 0 1 0 1 0 0 1 1 0 0 0 1 0 0 1 0 0 0 0 1 1 0 1 1 0 1 1 0 0 1 1 1 0 1 1 0 1 0 1 0 1 0 1 1 0 0 0 1 0 1 1 0 1 1 1 0 0 1 0 1
1 1 0 1 0 1 0 1 0 1 1 1 0 0 1 1 1 0 0 1 1 1 0 0 0 1 1 0 1 0 1 1 1 1 1 1 0 0 0 0 1 1 0 1 1 1 0 0 0 1 1 1 0 0 1 0 1 0 1 1 1
0 0 0 1 0 0 1 1 0 1 1 0 1 0 0 1 1 0 0 1 0 1 1 1 0 0 0 1 0 0 0 1 1 1 0 1 0 0 1 1 0 0 0 1 0 1 0 0 0 1 0 0 0 0 1 0 0 0 1 0 0
0 0 1 0 1 0 1 1 1 1 0 0 1 1 1 1 1 1 1 0 1 1 1 1 1 0 0 1 1 0 1 0 0 0 1 1 0 0 1 0 0 1 1 0 0 1 0 1 1 1 1 1 1 0 0 1 1 1 1 0 1
0 0 1 0 0 1 1 1 0 1 1 0 1 1 1 0 1 0 0 1 1 0 1 0 0 0 1 1 0 0 0 0 1 1 0 1 1 0 0 1 1 1 1 0 0 0 0 0 0 1 0 1 0 0 0 1 0 1 1 1 0
0 1 0 1 0 1 0 0 1 1 1 0 1 1 0 0 1 0 0 1 1 1 0 1 1 0 1 0 1 1 0 1 1 0 0 0 1 1 0 1 1 1 1 0 1 1 1 1 0 1 1 1 1 1 0 0 0 0 1 1 1
0 1 0 0 0 1 1 0 1 0 0 1 1 0 0 1 0 1 0 1 1 1 0 1 0 1 0 1 1 0 1 0 1 0 0 1 0 0 1 0 1 1 0 1 0 1 0 1 0 0 0 0 1 0 0 0 0 1 0 0 1
1 0 0 1 0 1 1 0 0 0 0 1 1 1 0 1 1 0 1 0 1 0 0 0 1 1 1 0 0 1 0 1 1 1 0 1 1 0 1 1 1 1 0 0 0 1 0 0 1 0 1 0 1 0 1 1 0 0 1 0 0
0 0 1 1 0 0 1 1 1 1 0 1 0 1 1 1 0 1 0 1 0 0 1 1 0 1 0 1 0 0 1 1 0 1 0 0 0 1 1 1 1 1 0 1 0 1 1 0 0 1 0 1 1 1 1 0 1 1 1 0 0
1 0 1 1 0 0 0 1 0 0 1 0 1 1 1 1 0 1 1 1 0 0 1 0 0 1 1 0 0 0 1 1 1 0 0 1 1 0 1 0 1 0 1 0 0 0 0 1 1 0 1 0 0 1 1 1 0 0 1 1 1
0 1 1 1 0 1 1 0 1 0 0 0 1 0 0 0 0 1 1 1 1 0 1 1 0 0 1 0 0 0 0 1 1 0 0 0 0 1 0 0 0 1 1 1 0 1 1 1 1 1 0 0 0 0 0 1 0 1 1 0 0
1 1 0 0 1 1 0 1 1 0 1 0 1 0 1 0 0 1 0 0 1 0 1 0 1 0 1 0 1 0 0 1 0 0 1 0 1 1 0 0 0 0 0 0 0 0 1 1 0 1 1 1 1 0 0 1 1 0 0 0 1
0 1 0 1 1 0 1 0 1 0 0 0 1 1 0 1 0 0 0 1 1 0 0 0 0 0 0 0 1 1 1 1 0 1 1 0 0 1 1 1 1 0 1 1 1 1 0 1 1 1 0 0 1 1 0 0 1 1 0 0 1
0 1 0 0 0 1 0 0 1 1 1 0 0 0 0 1 1 0 0 1 0 1 0 1 1 0 0 0 1 0 0 0 0 1 1 0 1 0 1 1 0 1 0 1 0 0 0 1 0 0 1 1 1 1 1 1 1 1 0 0 1
0 0 0 1 0 1 1 1 0 0 0 1 0 1 1 0 1 1 0 0 0 0 1 0 1 1 0 1 1 0 1 0 0 0 0 1 0 0 1 0 1 1 1 1 0 0 1 0 1 0 1 0 1 1 0 1 1 0 0 0 0
0 1 1 1 1 0 1 0 1 0 0 1 0 1 1 1 1 1 0 0 1 1 1 1 0 1 0 1 0 0 0 0 0 0 0 0 0 1 0 1 0 1 0 0 0 1 0 1 1 1 0 1 0 0 1 1 1 0 0 0 0
1 1 0 0 1 0 0 1 0 0 0 1 0 0 1 1 0 1 1 0 0 0 0 0 0 0 1 1 0 1 1 0 0 1 1 0 1 1 1 1 1 0 0 1 1 1 0 0 1 0 1 1 1 0 1 0 1 0 1 1 1
1 1 0 0 0 0 1 1 0 0 1 0 0 1 1 1 0 1 1 1 1 0 0 1 1 1 1 1 0 1 0 1 0 1 0 1 1 1 0 1 0 1 1 1 1 0 0 1 0 0 1 1 1 0 0 0 0 1 0 0 0
1 1 1 0 0 1 1 1 1 1 1 1 0 0 0 1 1 1 0 0 0 1 1 1 0 1 0 0 0 0 1 1 0 1 0 0 0 0 1 1 1 1 1 0 1 1 1 1 0 1 1 1 0 1 0 1 0 1 1 1 1
0 1 0 1 1 0 1 1 0 1 1 1 0 0 1 0 1 1 1 0 0 0 0 1 0 1 0 0 1 0 0 0 1 1 1 1 1 0 1 0 0 1 1 0 0 1 1 0 1 1 0 1 1 0 1 1 1 1 0 1 0
0 0 1 1 1 1 0 0 1 0 0 0 1 0 1 0 0 0 1 1 0 0 1 0 0 1 1 1 1 0 1 0 1 0 0 0 0 1 0 0 0 0 1 0 1 1 0 0 0 0 0 0 1 0 1 0 0 0 0 0 0
0 0 0 0 1 0 1 0 0 1 1 1 1 0 1 0 0 1 1 1 0 1 1 1 1 0 0 0 0 1 1 1 1 1 0 1 0 0 1 1 0 1 1 0 1 0 0 0 0 1 1 1 0 0 0 0 0 1 1 0 1
0 0 1 0 0 1 0 0 1 0 1 0 0 1 0 1 0 0 0 0 1 0 0 0 0 0 1 1 0 1 1 0 0 1 0 1 0 0 0 1 0 1 0 1 1 1 0 1 1 1 0 1 1 0 0 0 0 0 1 1 1
1 0 0 0 0 0 0 1 1 1 1 1 1 0 1 0 1 1 0 1 1 1 0 0 1 1 0 0 0 0 0 1 1 0 0 0 1 0 1 1 0 1 0 1 1 0 1 1 1 0 0 1 0 0 1 1 0 0 0 1 0
1 0 0 0 1 1 1 1 0 1 0 0 1 0 1 1 0 0 0 0 0 0 1 0 0 0 0 0 0 1 0 0 1 0 1 1 1 1 0 0 0 1 0 1 1 0 1 0 1 0 0 1 1 1 1 0 0 1 0 0 0
0 1 1 0 1 0 0 1 0 1 0 1 1 1 0 1 0 1 1 0 1 0 1 1 0 0 0 1 0 0 0 0 1 1 0 0 1 0 0 0 0 0 1 1 0 1 0 1 0 0 1 1 1 0 0 0 0 0 0 1 0
1 1 0 1 0 1 1 0 0 1 1 1 1 1 0 0 1 1 0 1 0 0 0 0 1 1 1 0 0 0 0 0 0 0 0 0 1 1 0 1 1 0 0 1 1 1 0 1 0 0 0 0 0 0 1 0 0 1 0 1 0
1 1 0 0 1 0 1 1 0 0 1 1 1 1 1 1 0 1 0 1 1 1 1 0 0 1 0 0 1 0 1 0 1 0 0 1 1 1 1 1 1 1 0 0 1 0 1 0 1 1 1 0 1 1 1 0 1 1 0 1 0
0 1 0 1 0 0 0 0 0 1 0 1 0 0 1 0 0 0 0 0 0 0 0 1 1 0 1 1 0 1 1 1 0 1 1 0 1 0 1 1 0 1 1 1 0 1 1 1 0 1 0 0 1 0 0 1 1 1 0 1 1
1 1 0 0 0 1 0 1 1 0 0 0 1 0 0 0 1 0 1 1 1 0 0 0 1 1 1 1 0 1 1 0 1 1 0 1 0 1 1 1 1 0 1 0 0 0 1 1 0 1 1 1 1 1 1 1 1 1 0 1 1
1 1 1 1 0 1 0 1 0 0 0 0 0 0 1 0 1 1 1 1 0 1 0 1 0 0 0 1 0 0 1 0 1 1 0 1 0 1 0 1 0 1 1 1 0 1 0 0 0 0 1 1 1 1 1 1 0 0 1 1 0
1 0 1 1 1 1 1 1 0 0 0 0 0 0 0 1 0 0 1 1 0 1 0 1 0 0 1 1 1 0 1 0 0 0 1 0 0 1 0 0 1 0 0 0 0 1 1 1 0 1 1 1 1 0 0 0 1 1 1 0 0
0 0 1 1 0 1 0 0 0 1 1 0 1 0 0 1 1 1 1 0 0 1 0 1 1 1 0 1 1 0 0 1 0 0 1 1 0 1 1 1 0 0 1 0 0 0 1 1 1 1 1 0 0 1 1 1 1 0 0 1 0
1 0 1 1 0 0 1 0 0 0 0 0 1 1 0 1 1 1 0 0 0 1 1 1 1 1 0 0 0 0 0 0 1 0 0 0 1 0 0 0 0 1 1 0 0 0 1 1 0 0 1 0 1 1 1 1 0 1 0 0 0
1 0 1 1 0 0 0 1 0 0 0 0 0 1 1 1 0 0 0 0 0 0 1 0 1 0 1 1 1 1 0 1 0 1 1 0 0 1 0 1 0 0 1 0 0 1 0 0 1 1 1 0 1 0 0 1 0 1 1 1 0
1 0 0 0 0 1 0 0 0 0 1 0 1 0 0 0 0 1 1 0 1 1 1 0 0 1 1 0 1 0 1 0 0 1 0 1 1 0 1 0 0 0 0 1 0 1 1 0 0 1 0 1 0 0 1 0 0 1 0 1 0
0 0 0 1 0 0 1 1 0 0 0 1 1 0 1 0 1 1 0 0 0 1 0 0 0 0 1 0 0 0 1 1 1 1 0 0 1 1 0 0 1 0 1 0 0 0 1 1 0 1 0 1 0 0 0 0 1 0 1 1 0
1 1 0 1 0 0 0 0 0 1 1 0 1 0 1 1 0 0 1 0 0 1 1 0 0 1 1 1 0 0 0 0 1 0 0 1 0 0 0 1 0 1 1 0 0 0 1 1 0 1 1 0 1 0 1 1 1 1 0 1 1
0 0 0 1 0 1 1 0 1 1 0 1 0 1 0 1 1 1 0 0 1 1 1 1 0 0 0 0 1 1 1 0 1 0 1 0 1 1 1 1 0 0 0 1 0 1 1 1 0 0 0 1 0 1 0 0 1 1 0 1 0
1 0 1 1 1 1 1 0 1 0 0 0 1 1 0 1 1 1 0 1 0 1 1 0 0 1 1 1 1 0 1 1 0 1 1 1 1 1 1 0 0 1 0 1 1 0 0 1 1 1 0 1 1 0 1 1 1 1 1 1 1
1 0 0 0 0 1 0 1 0 0 0 1 0 1 0 1 1 1 1 1 1 1 1 0 0 1 0 0 0 0 0 0 0 1 1 1 0 0 0 1 1 0 1 0 0 0 0 1 1 1 0 0 1 1 0 0 0 0 0 0 0
0 0 1 0 1 1 0 1 0 1 1 1 1 1 1 0 1 0 0 1 0 1 1 1 0 0 1 0 0 1 0 1 0 1 1 1 0 1 0 1 0 0 0 0 1 1 1 1 1 1 0 1 0 1 0 0 1 1 0 1 1
0 0 1 1 0 0 1 0 0 0 0 0 1 0 1 1 0 0 1 0 1 1 0 0 1 0 0 0 1 1 0 0 1 1 0 1 1 0 1 0 0 1 0 1 1 0 0 0 0 0 0 0 0 1 1 1 0 0 1 0 1
0 1 1 1 0 0 0 0 1 1 0 0 0 0 0 1 1 0 0 0 0 0 0 0 0 1 0 1 0 1 1 1 1 0 1 1 1 1 1 0 1 1 1 1 0 0 0 1 1 1 1 1 0 1 0 1 1 1 1 0 0
0 1 1 0 0 1 0 1 1 0 0 0 1 1 0 1 1 1 1 0 0 0 1 1 0 1 1 1 0 0 1 1 0 0 1 1 1 1 1 1 0 1 0 1 1 1 1 1 0 1 1 0 0 0 0 0 0 0 0 1 1
1 1 1 0 0 0 1 1 0 0 1 1 0 0 0 0 0 1 1 0 0 0 0 1 1 0 0 0 0 1 0 0 0 0 1 0 0 0 1 1 1 0 0 1 0 0 0 1 1 1 1 0 0 0 1 1 0 0 1 0 0
0 0 1 0 1 0 0 0 1 0 0 1 0 1 0 0 0 0 1 1 0 1 0 1 1 0 0 0 0 1 0 0 1 0 0 1 0 1 1 1 0 1 1 1 0 1 1 0 0 1 0 0 1 1 1 1 1 1 0 1 1
1 1 1 1 0 1 1 1 0 1 1 1 1 0 1 1 0 1 0 1 1 1 1 1 1 0 0 1 1 1 0 1 0 0 0 1 0 0 0 1 1 0 0 0 0 1 0 1 1 0 1 1 1 0 0 1 1 0 0 1 0
1 1 1 0 1 1 1 0 1 1 1 1 1 1 0 1 1 0 1 0 1 0 1 0 1 0 1 1 1 1 0 1 1 0 0 0 1 1 0 0 1 1 0 0 1 1 1 0 0 1 0 0 0 0 0 0 1 1 0 0 1
1 1 1 0 1 1 0 0 1 1 1 0 0 1 0 1 1 1 1 1 0 0 1 0 0 1 0 0 0 0 0 1 1 0 0 1 0 1 1 0 0 0 0 0 0 1 0 1 0 0 1 1 1 0 1 1 0 1 1 1 0
1 1 0 1 0 0 0 0 0 0 1 1 0 1 0 0 1 1 0 1 0 0 1 0 0 1 0 1 0 1 1 0 1 0 1 0 0 0 0 0 0 0 0 0 1 1 0 1 1 1 1 1 0 1 0 1 0 1 0 1 1
0 0 0 0 1 0 1 1 0 1 0 0 0 0 0 1 1 1 1 1 1 0 1 0 0 0 1 0 0 0 1 0 0 1 1 0 0 1 0 1 0 0 1 1 1 0 0 0 0 1 1 0 0 1 0 1 1 1 1 1 1
1 0 0 0 0 0 1 1 0 0 1 0 1 0 1 0 1 1 1 1 1 0 0 0 0 0 0 0 1 1 0 1 0 1 0 0 0 1 1 0 1 1 1 0 0 0 0 0 0 1 1 1 0 1 1 1 1 1 0 0 0
0 0 0 0 1 1 0 0 0 0 0 0 0 0 1 0 0 1 1 1 0 1 0 1 1 0 0 1 0 0 1 0 0 1 0 0 1 0 0 1 0 0 0 0 0 0 1 1 1 0 0 1 0 0 1 1 1 1 1 0 0
0 1 1 1 1 0 0 1 1 0 1 0 0 0 1 1 0 0 1 1 1 1 0 1 0 0 0 1 1 0 0 1 1 1 1 1 0 0 1 0 1 1 1 0 0 1 1 0 1 0 0 0 0 1 0 0 0 1 1 0 0
1 1 1 0 1 1 1 1 1 0 1 0 1 0 0 0 1 0 0 1 1 1 1 1 0 1 1 0 1 1 0 0 1 0 0 1 1 0 0 0 0 0 0 1 1 0 0 0 0 1 1 0 1 0 0 0 1 0 1 0 1
1 0 1 0 0 1 1 1 0 1 1 0 0 1 1 1 0 0 0 0 1 1 0 1 0 0 0 1 0 0 0 0 0 0 0 0 1 0 0 0 0 0 1 0 1 0 0 0 0 0 0 0 0 0 0 1 1 0 0 1 0
1 0 1 1 0 0 0 0 1 0 1 1 1 0 1 0 1 0 1 0 1 1 0 1 0 1 1 1 0 0 0 1 0 0 1 0 0 1 0 0 1 1 0 1 0 1 1 0 0 0 0 0 1 1 0 1 1 1 1 1 1
0 0 1 1 0 0 0 0 1 1 1 0 0 1 0 1 0 1 1 0 1 0 0 1 0 1 0 1 1 0 1 0 1 1 0 0 0 0 1 1 1 1 1 1 1 0 1 0 0 0 0 0 0 1 1 1 0 1 0 1 0
1 0 0 1 0 0 0 1 1 0 1 0 1 1 1 0 0 1 1 0 1 1 1 0 0 1 0 0 0 1 1 0 0 1 1 1 0 1 0 1 0 1 1 1 1 1 0 1 0 0 0 1 1 1 0 1 1 0 1 0 0
0 1 1 1 1 0 1 0 1 0 0 0 0 1 1 1 0 0 0 1 0 1 0 1 0 1 0 1 1 0 0 0 0 0 0 1 0 0 1 1 1 0 1 0 0 0 1 1 0 0 1 1 1 1 0 1 0 0 1 0 1
0 0 0 1 1 1 0 1 0 0 1 0 0 0 0 0 0 1 0 1 1 0 1 1 1 0 1 1 0 0 0 1 0 1 1 1 1 1 1 0 0 0 1 1 1 1 0 0 0 0 0 1 1 0 1 1 0 1 1 0 1
0 0 1 1 0 0 0 0 1 1 0 0 1 0 1 1 1 1 0 0 0 1 0 1 1 1 1 0 0 1 1 0 0 1 0 1 0 1 0 1 1 1 0 0 1 0 1 0 1 1 0 0 0 0 0 0 0 1 0 0 0
0 1 1 0 1 1 0 0 0 1 1 1 0 1 1 0 0 1 1 1 0 0 1 1 1 1 0 1 1 1 0 1 1 0 1 0 1 0 1 0 1 0 0 1 1 0 1 1 0 0 0 1 1 1 0 0 0 0 0 0 0
1 1 0 0 0 0 1 1 1 1 1 1 1 0 1 1 1 0 1 0 1 0 1 1 1 0 0 1 1 0 1 0 0 0 0 1 0 1 1 0 0 0 0 0 0 0 0 1 1 0 0 0 0 0 1 0 0 0 0 1 1
1 1 0 0 0 0 0 0 1 1 1 0 0 1 1 0 1 0 0 1 1 0 0 1 0 1 1 1 0 0 1 1 1 0 1 1 0 1 0 1 1 0 0 0 1 1 0 1 1 1 1 0 1 0 1 1 1 1 1 0 0
0 1 1 1 1 1 0 1 1 0 1 0 1 0 1 0 1 1 0 0 1 0 1 1 0 0 0 1 0 1 1 1 1 1 0 0 1 0 0 0 1 1 1 0 1 1 0 0 0 1 1 0 1 0 1 0 1 0 0 1 1
1 0 1 0 0 0 1 0 1 1 0 0 1 1 0 1 0 0 1 0 1 0 0 0 1 1 1 0 0 0 1 1 1 0 1 0 0 1 0 1 0 0 1 0 0 1 1 1 0 0 0 1 0 0 0 1 0 0 0 1 0
0 0 0 1 1 0 0 1 1 0 1 0 1 1 1 0 1 0 1 1 1 1 0 0 1 1 0 0 1 1 0 0 0 1 0 1 1 0 0 0 0 1 1 0 1 1 1 1 1 1 1 0 0 0 1 1 0 0 1 1 0
0 0 1 0 0 0 1 1 1 0 1 1 1 1 0 0 1 1 0 1 0 1 0 1 0 1 0 1 1 1 1 1 0 1 0 1 0 1 1 1 1 0 0 1 1 1 0 0 1 0 1 1 0 1 0 0 0 0 0 1 0
1 1 0 1 0 0 1 1 0 1 1 1 0 1 0 0 0 0 0 0 1 0 0 0 0 1 1 1 1 1 1 1 1 1 1 0 0 0 1 0 1 0 0 0 1 1 1 0 0 0 0 0 0 1 1 1 0 0 0 0 1
0 1 1 1 0 1 0 1 1 0 1 1 1 1 0 0 0 1 1 0 1 1 1 0 1 1 0 1 1 0 0 1 0 1 0 0 0 1 1 1 1 1 1 0 1 0 0 1 0 1 0 0 0 0 1 1 0 0 1 0 1
1 0 0 1 0 0 0 1 1 0 1 0 1 1 1 1 0 0 1 1 0 0 1 1 1 1 1 1 0 1 1 0 0 1 0 0 1 0 1 0 0 1 0 0 1 0 1 0 0 1 1 1 0 1 0 1 1 1 1 0 1
0 0 0 0 0 1 0 0 0 1 0 1 0 0 0 0 0 1 0 1 0 1 1 0 1 1 1 0 0 0 0 0 0 1 1 1 1 0 1 0 1 0 1 1 1 1 0 1 1 1 1 1 0 1 0 1 1 0 1 0 0
0 1 1 0 0 1 0 1 1 1 0 1 0 1 1 0 1 1 0 0 1 0 0 0 0 1 1 1 1 1 0 1 0 1 1 1 1 1 0 0 0 0 1 0 1 0 0 1 0 0 0 1 0 1 1 1 0 0 1 1 1
0 0 1 1 1 1 0 1 0 1 0 1 0 1 1 1 0 1 1 1 0 1 0 0 1 1 0 1 0 0 1 1 0 0 0 0 1 0 0 0 0 1 0 0 0 1 0 0 1 1 1 0 1 1 0 0 0 1 1 1 1
1 1 0 0 1 0 1 0 1 0 1 0 0 1 0 0 1 1 1 0 0 0 0 1 1 0 1 1 1 0 0 1 1 1 1 1 0 0 0 0 1 0 0 0 0 0 0 0 1 0 1 1 0 1 0 1 1 1 1 1 0
1 0 0 0 1 0 0 0 1 0 1 1 0 1 1 1 0 0 0 1 0 0 1 1 0 1 1 0 1 1 0 0 1 1 1 1 0 0 0 1 1 1 1 0 1 1 0 1 0 0 1 0 1 1 1 0 0 0 0 1 1
0 0 0 1 1 0 0 0 0 0 1 1 0 1 0 1 0 0 1 0 1 1 0 1 1 0 0 0 1 1 1 1 0 1 1 0 0 0 0 0 1 0 1 1 1 1 1 1 0 0 0 0 1 0 0 0 0 0 1 0 1
1 0 0 0 1 0 1 0 0 0 0 1 1 0 0 1 0 0 1 1 0 0 1 0 1 0 0 0 1 0 1 1 0 1 0 1 1 0 1 1 1 1 0 1 0 0 1 0 0 0 0 0 1 0 0 1 0 0 0 1 0
1 1 1 0 0 0 1 1 0 1 0 0 1 1 0 0 0 1 0 0 1 0 1 1 1 0 1 0 1 1 1 0 1 1 0 0 0 1 1 1 1 1 0 1 0 0 1 1 0 0 1 1 1 0 1 1 1 1 1 1 1
0 0 1 1 0 1 1 0 1 1 1 1 0 1 0 1 0 0 1 0 1 1 0 1 1 1 1 1 0 1 0 0 1 1 0 1 0 0 0 0 1 1 1 1 0 0 0 1 1 1 0 0 0 0 1 0 1 1 1 1 0
1 0 1 0 1 1 0 1 0 0 1 1 0 0 0 1 0 0 0 1 0 1 0 0 1 1 1 0 0 1 1 1 1 0 0 1 0 1 1 0 0 1 1 0 0 0 1 1 1 1 1 1 1 1 0 0 1 0 0 0 0
0 0 1 0 0 0 0 0 0 1 1 1 0 0 1 0 0 1 0 0 1 1 0 1 0 0 0 0 1 1 1 0 0 1 0 0 1 1 1 0 0 1 0 0 0 1 0 1 1 1 1 0 0 0 0 0 0 0 0 0 0
0 0 0 1 0 1 1 0 1 0 0 0 0 0 0 1 1 1 0 0 0 0 1 1 1 1 0 0 0 1 0 1 1 0 0 1 0 0 0 1 0 1 1 0 1 1 1 0 1 0 1 1 0 0 0 0 1 0 1 0 1
0 1 0 0 1 1 0 1 1 1 1 1 0 0 0 0 1 1 1 0 1 0 1 0 1 1 0 0 1 1 0 1 0 0 1 1 0 0 1 0 1 1 0 1 0 0 0 0 1 1 1 1 1 0 0 0 0 1 0 1 1
1 1 1 0 1 1 1 0 0 1 1 0 1 1 0 0 1 1 0 0 1 1 0 0 0 0 1 0 0 1 0 0 0 0 1 1 1 0 0 1 1 1 1 1 0 1 1 1 1 0 0 0 1 1 0 0 1 0 0 1 0
1 1 1 0 0 0 0 1 0 0 0 1 0 1 1 1 1 0 1 0 1 1 1 0 1 0 0 1 0 1 1 0 0 0 0 1 1 1 1 1 0 0 0 0 1 1 0 0 0 1 1 0 0 1 1 1 0 1 1 1 0
0 1 1 0 1 0 1 1 0 0 0 1 0 0 0 1 0 1 0 1 1 0 1 0 1 1 1 0 0 1 0 1 1 0 0 1 0 1 0 0 1 0 0 1 1 0 0 0 1 1 0 0 0 0 1 1 0 0 0 1 1
1 1 1 0 1 0 0 0 0 0 1 1 1 0 0 0 1 0 1 1 1 1 0 1 0 1 0 0 0 0 0 1 1 1 1 0 1 1 1 1 0 1 1 1 0 1 0 1 0 1 1 1 1 0 0 0 0 1 1 1 0
1 1 1 1 1 1 1 1 0 1 0 0 0 1 1 1 1 0 0 1 0 0 0 1 0 0 1 1 0 0 1 1 0 0 0 1 0 0 1 0 1 1 0 1 0 0 0 0 1 0 0 1 0 1 0 0 1 1 0 1 1
1 0 0 0 0 0 0 0 1 0 1 0 1 0 1 1 1 0 1 0 1 0 0 1 1 0 1 0 1 0 0 0 1 1 1 0 1 1 1 1 0 1 1 1 0 1 1 0 0 1 0 0 0 0 1 0 1 0 0 0 0
0 0 1 1 1 1 1 0 0 0 0 0 1 1 0 1 0 0 0 0 0 0 1 1 0 1 1 0 0 0 1 0 0 1 1 0 0 0 0 1 1 0 1 1 0 0 0 0 0 1 1 0 0 0 1 0 0 0 0 1 1
0 1 0 0 0 0 1 0 1 1 1 0 1 0 1 0 0 1 1 1 1 0 1 1 0 0 1 0 0 1 0 0 0 1 1 1 1 0 1 0 1 0 0 1 1 0 1 1 0 0 0 0 0 0 0 1 1 1 1 1 1
1 0 0 0 0 1 1 1 0 0 0 0 0 1 1 0 0 0 0 1 0 1 1 1 0 0 1 0 0 0 1 0 1 1 0 0 0 1 0 1 1 0 0 0 1 1 0 0 1 0 1 0 1 1 0 1 0 0 0 0 0
1 0 0 1 1 0 0 0 1 1 0 0 1 1 1 0 1 0 0 0 0 1 1 0 1 0 1 0 0 0 1 1 1 0 1 0 1 1 1 0 1 1 0 0 1 0 0 0 0 0 1 1 1 1 0 1 1 1 0 1 0
0 0 1 0 0 0 1 1 1 0 0 0 1 1 1 1 1 0 0 0 0 1 1 0 1 1 1 0 1 0 0 1 0 1 0 0 1 0 1 0 1 0 0 0 0 1 0 1 1 1 0 0 0 1 0 0 0 1 0 1 1
0 0 0 0 0 1 0 0 0 0 0 1 0 0 1 0 1 1 0 0 1 0 0 1 0 0 1 0 1 0 1 1 1 0 0 0 0 0 0 1 0 0 0 0 0 0 0 0 1 0 0 0 1 1 1 0 0 1 0 1 1
1 0 0 0 1 1 1 0 1 0 1 0 1 0 1 0 1 0 1 1 1 1 1 1 1 0 1 0 1 0 1 1 0 0 0 1 0 1 1 1 1 1 1 0 1 1 0 1 0 0 0 1 0 1 1 0 1 0 1 1 1
0 1 0 0 1 0 1 1 0 0 0 0 0 0 0 1 1 0 0 1 1 1 1 0 0 0 0 1 1 0 0 1 1 1 0 1 1 1 0 0 0 1 1 0 1 0 1 1 1 1 0 1 0 1 1 0 0 1 1 1 1
1 0 1 1 1 1 1 0 0 1 0 0 0 0 1 0 0 0 0 1 1 0 0 0 0 1 0 1 1 1 0 1 1 1 1 1 1 1 1 1 0 0 0 1 1 1 1 0 0 1 1 1 0 0 0 1 1 0 0 1 0
1 1 0 1 0 1 1 1 1 0 1 0 1 0 0 1 1 1 0 0 1 0 0 0 1 1 1 1 1 1 1 0 0 0 1 0 0 0 0 0 1 0 1 1 0 1 0 0 1 0 0 1 1 1 1 1 1 1 1 0 0
1 1 0 0 1 1 1 0 0 1 1 1 0 0 0 1 1 0 0 0 1 1 0 1 0 0 1 1 0 1 1 0 1 1 0 0 0 1 0 1 1 0 0 1 1 0 1 1 0 0 0 1 1 0 1 1 1 0 0 0 0
1 1 1 1 1 1 0 1 1 1 0 1 1 1 1 1 0 0 1 1 1 0 1 1 0 0 1 0 1 0 1 1 0 1 0 0 1 1 1 1 1 1 1 0 1 1 0 1 1 1 0 1 1 0 1 1 0 1 0 1 0
1 1 0 0 0 1 1 0 0 1 0 0 0 0 1 0 0 0 0 0 1 0 1 1 1 0 0 0 0 0 1 0 0 0 0 0 0 0 0 0 1 0 1 1 1 1 1 1 0 1 1 1 0 1 1 1 0 0 0 0 1
0 1 1 1 1 0 1 0 1 1 0 0 1 1 1 1 1 0 1 0 1 1 0 1 1 0 1 0 0 0 0 1 1 1 1 1 1 1 0 1 0 0 1 0 1 0 0 1 0 0 0 0 1 0 1 0 0 1 1 0 1
0 0 0 0 1 0 1 0 1 1 0 0 0 0 0 1 1 0 0 0 0 0 0 1 0 0 1 1 1 0 1 1 0 1 0 1 0 0 1 0 0 1 1 0 1 1 1 1 0 0 1 1 0 0 1 0 0 1 0 0 0
0 1 0 0 0 1 0 1 0 0 1 1 0 1 0 1 1 1 0 1 1 1 0 1 1 1 1 1 1 0 1 0 1 0 1 0 1 0 0 1 1 1 1 0 0 1 1 0 0 1 0 1 0 0 1 1 0 1 1 0 1
1 1 1 1 0 0 0 1 1 0 1 1 0 0 0 0 0 0 0 1 0 1 0 1 0 1 0 1 1 1 0 0 0 0 0 1 1 0 0 0 0 0 1 0 0 0 0 0 1 1 0 1 0 0 1 0 1 1 0 1 1
1 0 0 0 1 0 0 0 0 0 0 1 1 1 1 1 0 1 1 0 1 1 0 1 1 0 1 1 1 0 1 1 1 1 0 1 1 0 0 0 0 0 1 1 1 1 1 0 0 1 1 0 0 0 0 1 0 1 0 1 1
1 1 1 1 1 0 1 1 1 1 1 1 1 1 0 1 1 1 0 1 0 0 0 0 1 0 0 1 1 1 1 1 1 0 1 1 1 1 1 0 1 0 1 1 0 0 0 1 0 1 1 0 0 1 0 1 0 0 1 1 1
0 1 1 1 1 1 1 1 1 0 1 1 0 1 1 1 0 1 1 1 1 1 0 1 0 1 0 0 1 0 0 1 0 1 1 0 0 1 1 0 0 1 0 1 0 0 0 0 1 0 0 1 0 0 0 0 0 0 1 1 1
1 1 1 1 1 1 1 1 0 1 0 0 0 0 1 1 0 1 1 0 1 0 0 0 0 1 1 1 1 0 1 0 1 1 0 1 1 1 0 0 0 0 0 1 0 0 1 1 1 1 0 0 0 0 1 1 0 0 0 0 0
1 0 0 1 1 1 1 0 1 1 0 0 1 0 0 1 0 0 0 1 0 0 0 1 1 1 0 1 0 1 1 0 0 0 0 1 1 1 0 1 0 1 0 0 1 0 0 0 1 1 1 0 1 0 1 1 0 1 0 1 0
1 0 0 0 1 1 1 1 0 1 1 1 0 0 0 1 1 1 1 0 0 1 0 0 0 1 0 1 1 0 0 0 0 0 0 1 0 1 0 0 0 1 0 0 1 1 0 0 1 0 1 1 1 1 1 0 0 0 1 0 0
1 0 0 1 1 1 0 1 0 1 0 0 1 1 0 1 1 0 0 1 1 1 1 0 0 1 0 1 0 0 1 1 0 1 0 0 1 1 0 1 1 0 1 1 0 1 1 0 1 1 1 1 0 1 0 1 1 1 0 0 0
1 1 0 1 1 0 1 1 0 0 0 1 1 1 1 0 1 0 1 1 1 0 1 0 1 0 1 0 0 1 1 0 1 0 1 1 1 1 0 1 0 1 1 0 0 0 0 1 1 0 0 1 1 0 1 1 1 0 0 0 1
0 1 0 1 0 1 1 0 0 0 0 0 0 0 0 1 1 0 0 1 1 1 0 0 1 0 0 1 1 0 1 0 0 0 1 0 1 1 1 1 1 1 1 0 1 0 0 0 1 0 1 1 0 1 0 0 0 0 0 1 0
1 0 1 1 1 0 1 0 1 1 1 0 0 0 1 0 0 0 0 1 1 1 1 1 0 0 1 1 1 0 0 1 1 0 1 1 0 1 0 0 0 1 1 1 0 1 0 1 1 0 1 1 1 1 0 1 0 0 0 1 1
1 0 1 1 0 1 1 0 1 0 0 1 0 1 0 0 0 0 1 0 0 0 0 0 0 0 0 1 0 1 1 1 0 1 1 1 1 1 0 0 1 1 1 1 1 0 1 0 0 0 1 1 1 0 1 1 0 1 1 0 1
1 0 1 1 0 0 0 0 1 1 1 1 0 1 0 0 0 0 1 0 0 1 1 0 0 0 0 1 1 0 1 0 1 1 1 0 1 0 1 1 0 1 0 1 0 1 0 0 0 1 1 1 0 0 1 0 0 1 1 0 1
0 1 0 1 0 1 1 1 1 1 0 1 1 0 0 1 1 0 0 0 0 1 0 1 0 0 1 1 0 1 1 1 1 1 0 0 0 0 1 1 0 1 1 0 0 0 0 0 1 0 1 0 0 1 0 1 1 0 1 0 1
1 1 1 1 1 1 0 1 1 1 1 0 1 0 1 0 0 0 1 0 1 1 0 1 0 1 1 1 0 1 0 1 1 0 0 0 1 1 1 1 0 1 0 0 0 1 1 0 1 0 0 1 0 0 1 1 1 1 1 0 1
1 0 0 1 1 1 1 1 1 1 0 0 1 1 1 1 1 0 0 1 1 1 1 1 1 1 1 1 1 1 0 0 1 1 1 0 1 0 1 1 0 1 1 1 0 0 1 1 1 0 0 0 0 1 1 0 0 0 0 1 0
0 1 1 0 0 1 0 0 0 0 0 0 0 1 0 1 1 1 1 1 0 1 0 0 1 0 0 0 0 1 1 1 1 1 0 0 1 1 1 0 1 0 1 1 1 0 1 0 1 1 0 1 0 0 0 0 0 1 1 1 0
0 0 1 0 1 1 1 0 0 0 1 1 1 0 0 1 1 1 1 0 0 0 0 0 0 1 0 0 0 0 0 1 1 0 0 0 1 1 0 1 0 0 1 1 1 0 1 1 1 1 1 1 1 1 1 1 1 0 1 0 1
0 1 1 0 0 1 0 0 0 0 1 0 1 0 0 0 1 0 1 0 0 1 0 1 0 1 0 0 1 0 1 0 0 1 0 1 1 0 0 1 1 1 0 0 0 0 1 1 0 0 1 1 0 1 0 0 0 0 1 1 0
1 1 1 0 1 0 0 0 1 0 1 1 0 0 1 0 0 1 0 1 1 0 1 0 0 0 0 1 1 0 1 0 0 0 1 1 0 1 0 1 1 0 1 1 1 0 1 1 0 1 1 1 0 0 1 0 1 1 0 1 0
1 0 1 1 0 1 1 1 0 1 1 1 0 0 1 1 0 0 0 0 1 1 1 0 0 1 0 0 1 1 0 0 0 1 1 1 0 0 0 1 0 1 0 1 0 0 1 0 1 0 1 0 0 1 0 1 1 1 0 1 1
0 0 1 0 1 1 1 1 1 1 1 1 0 1 0 0 0 1 0 1 0 0 0 0 0 0 0 0 1 1 1 1 1 0 0 1 1 0 1 0 1 1 1 0 1 1 0 0 1 0 0 1 1 0 0 1 1 0 1 0 1
0 0 1 1 1 1 0 0 1 1 0 1 0 0 0 0 0 0 0 1 0 0 1 1 1 0 1 1 1 1 1 1 1 0 0 0 0 1 1 1 0 0 0 1 1 0 0 1 1 0 0 0 0 1 0 1 0 1 1 1 1
0 0 0 0 0 1 1 1 1 1 0 0 1 0 1 0 1 0 0 1 0 0 0 0 0 1 0 0 1 1 0 0 0 1 0 0 1 1 0 1 1 1 0 0 0 0 1 0 0 0 0 0 1 0 1 1 1 0 0 0 1
0 1 1 1 1 0 0 1 0 0 1 0 0 1 0 0 1 0 0 0 0 1 1 1 0 1 1 0 0 0 1 1 0 1 0 1 0 1 1 1 0 1 0 1 0 0 0 1 1 0 1 0 0 0 1 1 1 1 0 1 0
0 0 1 0 0 0 1 1 1 1 0 0 1 0 0 1 0 1 1 1 1 1 0 0 1 1 1 1 1 0 1 1 1 1 1 1 0 0 0 1 0 1 0 1 0 0 0 0 0 0 0 1 1 0 0 1 1 0 1 0 0
0 0 0 1 1 0 1 0 0 0 1 0 0 1 0 1 0 1 1 1 1 0 0 1 1 0 0 1 1 0 1 0 1 1 0 0 1 1 1 1 0 1 0 0 0 1 0 1 0 0 1 0 1 1 1 0 1 0 1 0 1
1 0 1 0 0 1 0 0 0 1 1 1 0 1 0 0 1 0 0 0 1 0 1 0 1 0 1 1 1 0 1 0 1 0 1 1 0 0 0 0 0 1 1 0 1 0 1 1 0 0 1 0 1 0 0 0 0 0 1 0 0
1 0 0 1 1 1 0 1 1 1 1 1 1 1 0 1 1 1 1 0 0 0 0 1 1 0 1 0 0 0 1 0 0 0 0 1 0 1 0 1 0 1 1 1 1 1 1 0 0 0 1 0 1 0 1 1 1 0 0 1 1
0 0 1 0 0 1 0 1 1 1 0 0 0 1 1 1 1 1 1 0 1 1 1 1 0 1 1 1 0 1 0 1 1 0 1 0 0 0 0 0 1 0 0 1 0 1 1 0 1 1 1 0 0 1 1 1 0 0 1 0 0
1 1 1 1 0 1 0 0 1 1 1 1 0 0 0 1 0 0 0 1 0 0 1 1 1 0 1 0 0 1 0 1 0 1 0 0 1 1 1 0 0 1 1 1 1 0 0 0 1 1 1 0 0 1 1 0 0 0 0 1 1
1 1 0 0 0 0 0 0 0 1 1 0 0 0 0 0 0 0 1 1 0 1 1 1 1 0 1 1 0 1 0 0 0 0 1 1 0 0 0 1 0 0 1 0 1 1 1 1 1 0 0 1 0 1 1 1 0 1 1 1 0
1 1 1 1 1 1 0 0 1 1 0 1 1 1 0 1 1 1 1 1 0 1 1 0 0 1 1 1 0 0 1 0 1 1 0 1 1 1 0 0 1 1 1 0 1 1 1 1 0 0 0 0 0 1 0 0 1 0 1 1 1
0 0 1 0 1 0 0 1 0 1 1 1 0 0 1 0 0 1 1 0 1 1 0 0 1 0 0 1 1 1 0 0 1 0 1 1 0 1 0 0 1 1 1 0 0 0 0 0 0 0 0 0 1 0 1 1 1 0 1 1 0
1 0 1 1 1 1 0 0 1 0 0 0 0 1 1 0 0 1 1 1 0 1 1 0 1 1 1 0 0 0 0 0 1 0 1 0 1 1 0 1 1 1 0 1 0 0 1 1 1 1 1 1 0 0 0 1 0 1 0 1 1
0 1 0 0 0 0 1 0 0 0 0 0 0 0 0 0 1 1 0 1 1 1 0 0 0 1 0 0 0 1 1 1 0 0 0 1 1 0 0 0 1 0 0 1 0 1 1 1 1 0 1 0 1 1 0 1 1 0 1 1 1
1 1 1 1 1 0 1 1 1 0 0 1 0 1 0 0 1 0 0 0 1 1 0 0 1 1 1 0 1 1 1 0 1 1 1 0 0 1 0 0 0 1 0 1 0 1 1 0 1 1 0 0 1 0 0 0 0 1 0 0 0
1 0 1 1 1 1 1 0 0 0 0 0 1 1 1 1 1 1 1 0 0 1 1 0 1 0 0 0 1 0 0 0 1 1 0 0 0 0 0 0 1 1 0 1 1 1 0 0 1 1 0 0 1 1 0 0 1 0 1 1 0
0 0 0 0 1 1 1 0 1 0 1 1 1 0 1 1 1 0 1 1 0 1 0 0 0 0 1 1 0 1 1 1 0 0 1 0 0 0 0 1 1 1 0 1 1 0 0 0 0 1 1 1 1 0 0 1 0 0 0 0 0
1 0 0 0 0 1 1 1 1 0 1 1 0 1 1 0 1 1 1 0 0 1 0 0 1 0 0 1 0 0 1 1 1 0 1 1 1 0 1 0 1 0 0 1 0 1 1 1 1 1 0 0 0 0 0 1 1 1 0 0 0
1 1 0 1 0 1 0 0 0 1 1 1 1 1 1 0 1 0 0 0 0 1 0 1 0 1 0 0 1 0 1 0 0 0 1 0 0 0 1 1 1 0 1 1 1 0 0 0 1 0 0 0 0 0 1 0 1 1 1 0 1
1 0 0 1 0 1 1 0 1 0 1 0 1 0 0 1 0 0 0 0 1 0 1 0 0 1 1 1 1 0 0 1 1 1 1 1 1 1 0 1 1 0 0 1 0 0 0 1 1 0 1 0 0 1 0 0 0 1 0 0 0
1 0 1 0 0 0 0 0 1 1 0 1 1 0 1 1 1 0 1 0 0 1 1 0 0 0 1 0 0 1 1 1 0 1 0 1 1 0 0 1 1 0 0 1 0 0 0 1 1 1 1 1 1 1 1 1 1 0 1 1 0
0 1 1 0 1 1 1 0 0 0 1 1 0 0 0 1 1 0 1 1 1 0 1 0 1 1 0 1 1 1 0 0 1 1 0 0 1 0 1 1 0 0 1 0 0 1 0 1 0 1 0 0 0 0 0 1 0 1 0 1 0
1 0 0 0 1 0 1 1 1 0 0 0 0 0 0 1 0 1 1 0 0 1 1 0 1 0 1 1 0 0 0 0 1 0 0 0 0 0 1 1 1 1 1 1 0 1 0 0 1 0 0 1 0 0 1 1 0 0 0 0 0
1 1 1 0 0 0 0 0 0 0 0 0 1 1 1 0 1 0 1 1 1 1 0 0 0 0 0 1 0 1 1 1 0 1 1 0 1 0 0 1 0 1 0 0 1 0 1 1 0 1 0 0 0 1 1 0 1 1 0 0 0
1 0 1 0 1 0 1 0 1 1 1 1 0 1 0 1 1 0 1 1 1 1 0 0 0 0 0 0 0 0 0 0 1 0 0 1 1 0 1 0 1 0 1 1 0 0 1 1 1 0 0 1 0 1 1 0 0 0 1 0 0
1 0 1 1 1 1 1 1 1 0 1 0 0 1 1 0 1 0 1 1 1 0 0 1 1 1 0 0 1 0 1 1 1 1 1 1 1 1 1 1 1 0 1 1 1 0 1 0 1 1 1 0 1 1 0 0 0 1 1 1 1
1 1 0 1 1 0 1 0 0 0 1 0 0 0 0 0 0 1 1 1 0 1 1 1 0 1 1 0 0 1 1 1 1 0 1 0 1 0 0 1 1 0 1 1 1 0 1 0 0 0 0 1 0 1 1 1 1 0 0 0 1
0 0 1 0 1 0 0 1 1 0 0 1 1 1 0 0 1 1 1 1 1 1 0 1 0 0 1 0 0 1 1 0 0 1 1 0 1 1 1 0 0 1 0 0 1 1 0 0 0 0 0 1 0 1 0 1 1 0 0 1 0
0 1 1 1 0 1 1 1 0 0 1 1 1 0 1 0 0 0 1 1 1 1 0 1 1 0 0 1 0 1 1 1 1 1 1 0 1 1 0 1 1 0 0 1 0 0 1 1 0 1 0 0 0 1 1 0 0 0 0 1 1
1 1 0 1 1 1 1 0 0 0 1 0 0 0 1 1 1 0 1 1 0 0 1 0 1 1 1 1 0 0 0 1 0 1 1 0 0 1 0 0 1 0 1 0 0 0 1 1 0 0 1 0 0 0 1 1 1 0 1 0 0
1 0 0 0 0 1 1 1 1 0 0 1 1 1 0 1 0 0 1 0 1 0 1 1 1 1 0 1 0 0 1 1 1 0 0 0 0 0 1 0 1 0 1 1 1 0 0 0 0 0 1 1 1 0 0 0 0 1 1 1 0
1 0 1 1 0 1 0 1 0 1 0 0 0 1 1 0 0 1 0 0 1 1 0 1 1 1 0 0 1 1 1 1 1 0 1 1 1 0 1 1 0 0 0 1 1 0 1 1 0 1 1 0 1 1 1 1 0 1 1 1 1
1 0 0 1 1 0 0 1 1 0 0 1 1 1 1 0 1 1 0 0 0 1 1 0 0 0 1 0 1 0 1 1 1 0 0 1 0 1 0 1 1 1 1 1 0 1 0 0 1 1 0 0 0 0 1 0 0 1 1 1 0
1 0 1 1 0 0 1 1 1 1 1 0 0 0 1 0 1 1 1 1 1 1 1 0 1 0 1 1 0 1 1 1 1 0 0 0 1 1 0 0 0 1 0 1 0 1 1 0 0 0 1 1 0 0 1 0 1 1 0 1 0
1 0 0 1 0 0 0 1 1 1 0 1 1 1 1 1 1 1 0 1 0 1 0 1 0 0 1 1 0 1 0 0 0 1 0 0 0 0 0 0 0 0 1 1 1 1 1 0 1 0 0 1 1 0 1 1 0 1 0 0 1
1 1 1 0 0 0 1 1 0 1 0 0 0 1 0 0 1 0 0 0 1 0 0 0 1 1 0 1 0 0 0 0 0 0 1 0 0 0 1 1 1 1 1 0 0 1 0 0 0 1 1 0 1 0 1 0 1 0 1 0 1
1 1 0 0 0 0 0 0 0 1 1 1 1 1 1 1 1 1 1 0 0 0 1 0 1 0 1 0 0 1 1 1 1 1 1 1 1 1 0 0 0 1 0 1 0 1 1 1 1 0 1 0 1 1 0 0 0 1 1 0 1
1 1 0 1 1 0 0 0 1 0 0 0 1 1 0 0 0 1 0 1 0 0 0 1 1 1 0 0 0 0 1 1 1 0 1 0 0 0 1 0 0 1 0 1 0 1 1 0 1 0 1 1 0 0 1 0 1 0 0 0 0
1 0 0 1 0 0 1 0 1 1 1 0 0 1 0 1 1 0 0 0 1 1 1 0 0 0 1 0 1 1 1 0 0 0 1 1 0 1 1 0 1 0 1 0 0 0 1 0 0 1 1 1 0 0 1 1 1 0 0 1 1
1 1 1 1 0 1 0 0 1 0 0 0 0 1 1 0 1 0 1 1 1 1 0 1 1 0 1 1 1 1 1 1 0 0 1 0 0 0 1 0 0 0 1 1 0 1 0 1 0 0 1 0 0 0 0 1 0 0 0 0 0
0 0 1 1 1 1 0 0 0 0 1 0 1 0 0 0 1 0 1 0 1 0 0 1 1 0 1 1 1 1 0 1 1 0 0 1 1 0 1 0 1 1 0 1 1 0 1 1 1 1 0 1 1 0 1 1 0 1 0 0 0
0 1 1 0 0 0 1 0 0 1 1 1 0 1 1 0 1 0 0 0 1 1 1 0 1 1 0 0 0 0 1 0 1 1 0 0 1 1 0 0 0 0 1 1 0 0 0 0 1 0 1 1 1 1 0 1 0 0 1 0 1
1 0 0 1 0 1 1 0 0 1 0 0 0 1 0 1 0 0 0 0 0 1 0 1 1 0 0 0 1 0 0 1 1 1 0 1 1 1 1 0 1 1 0 0 0 1 1 1 0 1 0 0 0 0 1 1 1 1 1 0 0
0 1 0 0 1 0 0 0 0 1 0 1 1 1 0 0 1 1 0 1 0 1 1 1 0 0 0 0 0 1 1 0 0 0 0 1 1 1 0 1 0 0 0 1 0 0 0 1 0 1 0 1 0 0 0 1 0 0 1 0 1
0 0 0 1 0 0 1 1 0 1 0 0 0 0 1 1 0 0 1 0 1 0 1 0 1 1 0 0 0 1 1 1 1 0 1 1 1 1 0 0 1 1 1 0 1 1 1 1 1 1 0 0 1 0 0 0 0 0 1 1 0
1 0 1 1 1 0 1 0 1 0 1 1 0 0 1 1 0 1 1 0 1 0 1 0 0 1 1 1 0 1 1 0 1 1 0 1 0 0 1 0 1 0 0 0 0 1 1 0 0 1 1 0 1 0 0 0 1 0 1 0 1
1 0 0 1 1 1 1 1 0 0 1 0 1 0 0 0 0 1 0 1 0 0 1 1 0 1 0 1 1 0 1 1 1 0 1 0 0 1 1 1 0 1 0 0 0 0 1 0 0 0 0 0 1 0 1 0 0 1 1 0 1
0 1 1 0 1 1 0 1 1 0 0 1 1 0 1 1 1 0 1 0 0 0 0 0 1 0 0 0 0 0 1 0 1 0 1 0 1 0 1 0 1 1 1 0 0 0 1 1 0 0 1 0 0 1 1 0 1 1 1 1 1
1 0 1 0 1 0 1 1 1 1 1 0 0 1 0 1 0 1 1 1 1 0 1 1 0 0 0 0 1 1 1 1 1 1 0 0 0 0 0 0 1 1 0 0 0 0 1 1 1 1 1 0 0 0 0 0 1 0 0 1 0
1 0 0 0 0 0 1 0 1 1 1 0 0 0 0 0 1 1 1 0 1 1 0 1 1 1 0 1 1 1 1 1 0 0 1 1 0 0 0 0 0 1 1 1 1 0 0 0 0 1 0 0 0 1 0 0 0 0 0 0 1
1 1 1 1 0 0 1 0 0 1 0 0 1 0 0 0 0 0 1 1 0 1 1 1 0 0 0 0 0 0 1 0 0 1 1 1 1 1 1 1 0 1 1 1 0 0 0 0 1 1 0 1 1 1 0 0 1 0 1 1 1
1 0 1 0 0 1 1 1 0 0 0 0 1 0 1 0 1 0 1 0 0 0 0 1 1 1 1 0 1 1 1 1 0 1 1 0 0 0 1 1 0 0 0 1 1 0 1 1 1 0 0 1 0 0 0 0 1 0 1 0 1
0 1 0 1 1 1 0 0 0 1 1 0 1 0 0 0 0 1 0 0 0 1 0 0 1 0 0 1 1 0 1 0 1 1 0 1 0 1 0 0 0 1 1 1 1 0 0 1 1 0 0 1 0 0 0 0 0 1 0 1 1
1 0 1 0 0 0 0 1 0 0 0 1 0 1 0 0 0 0 0 1 1 0 0 1 0 0 0 0 0 0 1 1 1 0 0 1 1 1 1 1 1 0 0 0 0 0 1 1 0 0 1 1 0 0 0 0 1 1 0 0 1
1 1 1 0 1 0 0 0 1 1 0 0 1 1 1 1 0 0 1 1 0 1 1 1 1 1 1 0 0 0 0 0 0 1 1 1 1 1 0 1 1 0 0 0 1 1 1 0 0 1 1 1 0 0 1 0 1 0 1 0 0
1 0 1 0 1 1 0 0 0 0 1 0 0 0 1 0 0 0 1 0 0 0 1 1 1 1 0 1 1 0 1 1 0 0 0 1 1 1 0 0 1 0 1 1 0 1 0 1 1 1 1 1 0 0 0 0 1 0 1 1 1
1 0 1 0 1 1 1 0 0 0 1 1 1 0 1 1 0 0 0 1 0 0 1 1 0 1 1 1 0 0 0 0 0 0 1 0 1 0 1 0 1 0 0 1 0 1 0 0 1 0 1 0 1 1 1 1 1 1 0 0 0
1 1 1 1 1 1 1 0 1 0 0 0 1 0 0 1 1 0 1 1 0 1 0 1 0 1 0 0 1 0 0 0 1 0 1 0 0 1 1 1 1 0 1 0 1 1 0 0 1 1 0 0 0 1 1 1 1 0 1 1 1
1 1 1 0 0 1 1 0 0 1 0 0 0 0 1 1 1 1 0 1 0 0 0 0 1 1 1 1 1 0 0 0 1 0 0 1 0 1 1 1 0 0 1 1 0 1 1 0 1 1 1 0 0 0 0 0 0 1 0 0 1
0 0 0 1 1 1 1 0 0 0 1 1 0 0 0 1 0 1 1 0 1 0 0 0 1 1 1 0 0 0 1 1 0 0 0 1 1 1 1 1 0 1 0 0 0 1 0 1 0 1 0 1 0 1 0 1 1 1 0 0 1
0 0 1 0 0 0 1 1 1 0 1 1 0 0 0 0 1 0 1 0 0 0 1 1 0 0 1 1 0 1 0 0 0 0 1 0 1 1 1 1 1 0 1 0 0 1 0 0 0 0 0 1 1 1 0 0 1 1 1 0 1
1 1 1 1 1 0 1 1 1 1 1 0 0 1 0 0 0 0 1 1 1 1 1 0 1 1 0 0 1 1 1 0 0 1 0 1 0 1 0 1 1 1 0 0 0 0 0 0 0 0 0 1 0 1 1 0 0 1 1 0 0
1 0 0 1 0 1 0 1 1 1 1 1 1 1 0 0 0 1 1 0 0 1 1 0 0 1 1 0 0 1 1 1 0 0 1 0 1 1 1 0 1 1 0 0 0 1 0 1 0 1 1 0 1 1 1 0 1 0 0 0 1
1 0 0 1 0 1 1 0 1 1 1 0 1 1 1 0 0 0 0 0 0 1 0 1 0 0 0 1 1 0 1 0 0 1 1 0 1 1 0 0 0 0 1 0 1 1 1 1 1 1 1 0 1 1 1 0 1 1 0 1 0
0 0 0 0 1 1 1 0 1 0 0 0 0 1 0 0 1 0 0 0 1 1 0 0 1 0 1 1 1 1 0 1 1 0 0 0 0 1 0 1 0 0 0 1 0 0 0 1 0 1 1 0 1 0 1 0 0 0 0 1 0
0 0 0 0 1 0 1 1 0 1 1 0 1 0 1 1 1 0 1 1 1 0 0 0 1 1 0 1 0 0 1 1 1 1 0 0 0 1 1 0 1 1 0 1 1 1 0 1 1 0 1 0 0 1 1 1 0 1 0 0 1
0 0 1 0 0 0 1 0 0 0 1 0 0 0 0 0 1 1 1 1 0 1 1 0 1 1 0 1 0 0 1 0 0 0 0 0 0 1 1 0 1 1 0 0 1 0 0 0 0 1 0 0 1 0 0 1 1 1 0 1 1
1 0 1 0 0 0 1 0 0 0 1 1 1 0 0 0 0 1 0 0 0 1 1 1 1 1 0 1 1 1 1 0 1 1 1 0 1 1 0 0 0 1 1 1 1 1 1 0 1 0 0 0 0 0 1 1 1 0 1 1 1
0 0 0 1 0 0 0 1 0 1 0 1 0 0 0 0 1 0 1 0 1 0 0 1 0 1 1 0 0 1 0 1 0 0 1 1 1 0 0 1 0 0 1 1 0 0 1 1 0 1 1 1 0 1 1 0 0 1 1 0 0
0 0 1 1 1 0 0 0 0 0 1 0 1 1 0 1 1 1 1 1 0 0 1 0 0 0 1 1 0 0 0 0 0 1 1 0 0 1 0 1 0 1 0 0 0 0 1 0 0 0 0 1 0 1 0 1 0 0 0 1 1
1 1 0 0 0 1 1 0 1 1 1 0 1 1 0 0 0 1 0 1 0 0 1 0 0 1 0 1 0 0 1 1 1 0 0 1 1 0 1 1 0 1 1 0 0 0 0 1 1 1 0 1 0 1 1 0 1 0 0 0 0
0 0 1 0 0 1 0 1 1 1 0 1 1 0 0 1 1 1 0 0 1 0 1 1 0 1 1 0 1 0 0 0 0 0 1 1 1 1 1 0 1 1 0 1 0 0 0 1 0 0 1 0 1 0 1 0 1 0 1 0 0
0 1 0 1 1 0 0 1 0 1 0 1 1 1 0 0 1 0 1 0 0 1 0 0 1 0 0 1 0 1 1 1 1 0 0 1 0 0 1 1 0 1 0 0 1 1 1 1 0 0 0 1 1 1 0 0 0 0 1 0 0
1 0 0 0 0 1 1 0 1 0 1 1 1 1 1 1 0 1 0 0 1 0 1 1 0 1 0 0 1 1 0 1 1 1 0 0 0 1 1 1 1 0 0 1 1 0 0 0 1 1 0 1 1 0 1 1 1 1 0 0 1
1 0 0 1 1 0 0 0 0 1 1 1 0 1 1 0 0 0 0 1 0 1 0 1 0 0 1 0 1 0 0 0 1 0 1 0 1 0 1 0 0 0 1 0 0 0 0 1 1 0 0 0 1 0 0 0 1 0 1 1 1
0 1 0 0 0 0 0 1 0 0 0 1 0 0 0 1 1 1 0 1 0 0 0 1 1 1 0 1 1 1 1 1 0 1 0 0 0 0 0 0 1 1 1 0 0 0 0 1 1 0 1 0 1 1 1 0 0 0 0 1 0
1 1 1 0 0 0 1 0 0 0 0 1 0 0 0 1 0 1 1 0 1 0 1 0 0 0 1 1 1 1 1 0 1 0 1 0 0 1 0 0 0 1 1 1 1 0 0 1 0 0 1 1 1 1 0 0 1 0 0 0 1
0 1 1 1 0 0 1 0 1 1 1 0 1 1 1 0 1 0 0 1 0 0 1 1 0 1 0 0 1 1 0 0 1 1 0 1 0 1 1 0 1 1 0 1 0 1 1 1 0 1 1 1 1 1 0 0 1 0 0 0 1
0 0 1 0 0 0 1 1 1 0 1 0 1 1 0 1 1 0 1 1 0 1 1 0 0 0 0 0 0 1 0 1 0 0 1 0 1 1 0 0 0 1 1 0 0 1 0 0 1 0 1 0 1 0 1 0 1 0 1 1 0
1 1 1 1 1 1 1 0 0 0 1 0 0 0 1 1 0 1 0 0 1 1 1 0 0 1 0 0 0 1 0 0 0 0 0 0 1 1 0 0 1 0 1 0 1 1 1 0 1 1 0 1 0 1 0 0 0 1 0 0 0
0 0 0 1 0 1 0 1 1 0 1 1 1 0 0 0 1 0 0 0 1 1 1 1 1 0 0 0 0 1 1 0 1 0 0 1 0 0 0 0 1 0 1 0 1 1 1 0 1 0 0 0 1 1 1 1 1 0 0 0 1
1 1 0 1 1 0 1 0 0 0 0 0 1 0 1 1 0 1 1 1 1 1 0 1 1 0 1 1 0 1 0 1 0 1 1 1 0 0 1 1 0 0 0 1 0 0 0 0 1 1 1 1 0 1 1 0 0 1 0 1 0
1 1 0 1 1 0 1 0 1 0 1 1 0 0 0 1 0 0 0 0 1 0 0 1 0 1 0 1 0 0 0 1 1 0 0 1 0 0 0 1 1 1 1 1 0 1 0 0 0 1 1 0 1 1 0 0 1 0 1 1 0
0 1 0 0 0 0 1 1 1 1 0 1 1 1 0 0 0 0 0 0 1 0 1 0 0 0 1 1 1 0 0 1 1 0 0 1 1 1 1 1 0 0 0 1 1 1 1 0 0 0 1 0 1 1 1 1 1 1 1 1 0
0 1 0 0 1 1 1 1 1 0 1 0 0 0 1 1 1 1 0 0 1 1 1 0 0 0 1 0 1 1 0 1 0 0 1 0 0 0 1 1 0 1 0 1 1 1 1 0 0 0 1 0 1 0 1 0 0 1 1 0 0
1 0 1 1 1 1 0 0 0 0 0 1 1 0 1 0 1 0 0 1 1 1 1 0 1 0 0 0 0 1 0 1 0 0 1 0 1 0 1 1 0 0 1 0 0 0 0 0 0 1 0 1 1 0 0 1 0 0 1 1 1
0 1 1 1 0 0 1 1 0 0 1 0 1 1 0 0 1 0 1 1 1 0 0 0 0 1 1 1 1 0 0 0 1 0 1 1 0 0 0 1 1 1 0 1 1 1 1 1 1 0 1 1 0 1 1 0 1 1 0 0 1
0 1 0 1 0 0 1 0 0 1 1 1 1 1 0 0 0 0 0 1 1 0 0 0 1 0 0 1 0 0 0 0 0 1 0 1 0 1 0 1 1 1 1 0 0 1 1 0 0 1 1 0 1 0 0 0 0 1 0 0 1
0 1 0 1 0 0 0 1 0 0 1 1 0 1 1 1 1 1 1 0 1 1 1 0 0 0 0 0 0 1 0 1 1 0 0 1 0 0 0 1 0 1 1 1 0 0 1 0 1 0 1 1 0 0 0 0 0 0 0 1 1
0 1 1 1 0 0 0 1 0 0 1 1 0 1 1 1 1 1 1 0 0 0 0 1 0 0 1 0 1 0 1 1 0 0 1 0 1 1 0 1 1 1 0 0 1 0 1 1 1 0 0 1 0 0 0 1 1 0 1 0 0
0 1 0 1 1 0 0 1 1 1 1 0 1 0 0 0 0 1 1 0 1 0 1 1 1 1 1 0 1 0 1 0 1 1 1 1 0 0 0 1 1 1 0 1 0 1 0 1 1 0 0 0 1 1 1 1 0 0 1 1 1
1 0 1 0 0 0 1 0 0 0 0 1 0 0 1 0 0 0 0 1 0 1 0 0 0 0 0 0 0 0 0 1 1 1 1 0 0 0 0 0 0 1 1 1 1 1 0 1 0 0 0 0 0 1 1 0 0 1 1 1 0
0 0 0 1 1 0 1 0 1 1 0 0 1 0 1 0 0 1 1 0 0 0 1 1 0 0 0 1 1 1 1 1 0 1 1 0 1 0 0 0 1 0 1 0 1 0 1 0 1 1 0 1 0 1 0 1 0 0 0 1 0
1 1 0 1 1 1 0 0 0 1 1 0 1 1 1 1 0 0 1 0 1 1 1 1 0 0 1 1 0 0 0 0 0 1 0 0 0 1 1 1 0 1 0 1 1 0 1 1 1 1 1 0 0 1 0 0 0 1 1 0 1
0 0 1 1 1 0 1 1 0 1 1 0 0 0 1 0 1 0 0 0 0 1 0 1 1 0 0 0 0 1 0 1 1 0 0 0 1 1 1 1 1 0 1 1 0 0 0 0 1 1 0 0 0 0 0 1 1 0 0 0 1
1 0 1 0 1 0 0 0 0 1 0 0 1 0 0 1 1 1 1 1 1 1 1 0 0 0 1 0 1 1 1 1 1 0 1 1 0 0 1 0 1 0 0 1 1 1 1 1 1 0 0 1 0 0 0 0 1 1 0 0 1
1 0 0 1 1 0 0 0 0 1 0 1 1 0 0 1 1 0 1 0 1 0 0 0 0 1 1 1 1 1 0 0 0 0 0 0 1 1 0 0 1 0 0 0 0 0 0 0 0 1 0 0 0 1 0 0 0 0 1 1 0
0 1 1 1 1 0 0 1 0 0 0 0 1 1 1 0 0 1 1 1 1 0 1 0 1 1 0 0 1 1 0 0 0 0 0 0 1 1 1 1 0 1 1 1 0 0 0 1 1 0 0 0 1 0 1 0 1 1 0 1 1
1 0 0 1 0 1 1 1 0 1 0 1 0 0 1 0 0 0 1 1 0 0 0 0 0 1 0 1 1 0 0 1 1 0 0 0 0 0 1 1 1 1 0 1 0 0 1 0 1 1 1 0 0 0 1 0 1 1 0 1 1
1 1 1 1 1 0 1 0 1 0 0 1 1 0 1 0 1 1 0 1 0 1 0 1 1 0 0 1 1 1 0 1 0 0 0 0 1 1 1 0 1 1 0 1 1 1 1 1 1 0 1 0 1 0 1 0 1 0 0 0 1
1 1 1 0 0 1 0 1 1 0 0 1 1 0 0 1 0 0 1 0 1 1 0 0 1 1 1 1 1 1 0 1 0 0 0 0 0 0 0 0 1 1 0 0 1 0 1 1 1 0 1 1 0 1 0 1 0 1 0 0 0
1 1 1 0 1 0 0 0 1 1 1 0 0 1 1 1 1 1 1 0 0 1 1 1 1 1 1 0 1 1 1 0 1 0 0 0 0 0 1 0 0 1 1 1 1 0 0 0 0 1 1 1 0 0 1 0 0 0 1 1 0
1 0 1 0 0 0 0 1 0 1 0 1 1 0 1 0 1 0 0 0 0 1 0 0 1 1 1 1 1 0 1 0 1 1 1 1 1 0 1 1 1 0 1 0 0 1 0 1 0 0 1 1 1 0 1 0 0 0 0 0 0
0 0 0 1 1 0 0 0 0 0 0 1 1 0 0 1 0 1 0 1 0 0 0 0 0 1 0 1 1 1 1 1 1 1 0 0 0 1 0 0 0 1 0 1 0 1 1 1 0 1 1 1 1 1 1 1 0 1 0 1 0
0 0 0 0 1 0 0 1 1 0 1 1 0 1 1 1 1 1 1 0 0 1 1 0 1 1 1 1 1 0 1 1 0 0 0 0 1 0 0 1 1 0 0 1 1 0 1 1 0 0 1 1 0 1 1 0 0 1 0 0 1
0 1 1 1 1 1 1 0 1 0 0 1 0 1 0 0 0 1 1 1 1 1 1 1 1 0 1 0 0 1 1 0 0 1 0 1 1 0 0 0 0 1 0 1 1 0 0 1 1 0 1 1 1 1 0 1 1 1 0 0 1
0 0 1 1 0 1 0 0 0 1 1 0 0 1 1 1 1 1 0 1 0 0 0 0 0 0 1 1 1 1 1 1 1 0 1 1 1 1 0 0 0 0 1 0 0 0 0 0 0 1 0 1 1 0 1 0 1 1 0 0 0
1 1 0 1 0 1 0 1 1 0 0 1 0 1 0 1 0 0 0 0 0 0 1 1 1 1 0 0 1 0 1 0 0 1 0 1 1 1 1 1 0 0 1 1 0 1 1 1 1 0 0 1 1 1 1 0 0 0 1 1 1
1 1 0 0 1 1 0 0 1 0 0 1 0 0 0 1 1 1 1 0 0 0 1 1 1 1 0 1 1 1 1 1 0 0 1 1 0 0 1 0 0 0 0 0 1 0 1 0 1 1 0 0 1 0 1 0 1 1 1 0 0
1 1 1 1 1 0 0 1 1 0 0 1 1 0 0 0 1 0 1 0 0 0 0 0 0 0 0 0 0 0 1 1 0 1 0 0 0 1 0 0 1 0 0 1 0 1 0 0 1 1 0 1 0 1 0 0 0 0 0 0 1
1 1 0 0 0 0 0 1 1 1 0 1 1 1 1 0 0 0 1 0 1 1 1 1 1 0 0 0 0 0 0 1 0 0 1 0 0 1 0 1 1 0 1 0 0 0 1 0 1 0 1 0 0 1 0 0 0 0 0 1 0
1 1 0 0 0 0 1 0 0 0 1 1 1 0 0 1 1 1 0 0 1 0 1 0 0 0 0 0 1 0 1 1 1 1 1 1 0 0 0 1 0 1 1 1 0 0 0 0 0 1 0 1 1 0 1 1 0 0 1 1 0
0 1 0 0 1 1 1 0 1 1 1 0 1 0 0 1 0 0 0 0 0 1 1 0 0 0 1 1 0 1 1 0 1 0 0 1 0 1 0 0 1 0 1 0 0 1 0 1 0 1 0 1 1 1 1 1 0 0 1 1 1
0 1 1 1 0 0 0 1 1 1 0 0 0 0 1 1 1 1 0 1 1 1 0 0 0 0 0 0 1 0 1 1 1 0 0 1 1 1 1 1 0 1 1 0 1 1 1 1 0 1 0 0 1 1 0 1 0 0 0 0 0
1 0 0 0 1 0 0 1 1 1 1 1 1 0 1 1 0 0 0 0 1 0 0 0 0 1 1 0 0 1 0 1 1 1 0 0 0 0 1 0 0 0 1 0 0 0 1 0 1 1 0 0 1 0 1 0 0 1 1 1 0
0 0 1 0 1 0 0 0 1 1 1 0 1 1 1 0 1 1 0 0 1 0 1 0 1 1 0 1 0 1 1 1 0 0 0 0 1 0 1 1 1 0 1 0 1 0 1 1 0 0 1 0 1 0 0 1 1 1 1 0 0
1 0 0 0 1 0 1 0 1 1 0 0 0 1 0 0 1 1 0 1 0 0 0 0 0 1 1 1 0 0 1 0 1 0 0 0 1 0 0 0 1 1 1 1 1 0 1 0 1 1 1 1 1 1 1 0 1 0 0 1 1
0 1 0 0 0 1 1 0 1 1 1 1 0 0 1 0 1 0 1 0 1 1 1 0 1 1 1 1 1 0 1 0 0 1 1 1 1 1 0 1 1 1 0 1 1 1 0 0 1 1 0 0 0 0 0 1 0 0 1 1 0
1 0 0 0 0 1 0 1 0 0 1 0 0 0 1 0 1 1 1 1 0 0 0 0 1 0 1 0 0 0 0 0 1 0 0 0 1 0 1 0 1 1 1 1 1 1 1 0 0 0 1 0 1 0 0 1 0 0 1 0 1
0 0 0 1 1 0 0 1 0 0 0 1 0 0 1 0 0 0 0 0 0 0 1 1 1 1 0 1 1 0 0 0 1 1 0 0 0 1 1 1 1 1 0 0 1 0 0 0 0 1 1 1 0 1 0 0 0 1 0 1 0
1 0 1 0 1 1 1 0 1 1 0 0 0 0 1 0 0 1 1 0 0 0 1 0 1 0 1 1 0 1 0 0 0 1 0 1 0 1 1 1 1 1 1 0 1 0 0 1 0 0 1 0 1 1 0 1 0 1 0 0 1
1 1 1 0 0 0 0 1 0 0 0 1 1 1 1 0 0 0 0 1 1 1 0 1 1 0 1 0 1 1 0 0 0 0 0 1 0 0 1 0 1 1 0 0 1 0 0 0 0 0 1 1 1 0 1 0 0 1 1 1 1
0 1 1 1 1 1 1 1 1 1 1 0 1 0 0 0 0 0 0 1 1 0 1 0 0 0 1 0 0 1 0 0 1 0 1 0 0 1 1 1 1 1 0 0 1 0 0 1 1 0 1 1 0 0 0 0 0 0 1 0 0
0 0 0 1 0 0 1 1 0 0 0 1 0 1 1 0 0 1 0 1 0 1 0 1 1 1 1 1 0 0 1 0 1 0 1 1 0 1 0 0 0 0 0 1 1 0 1 0 0 0 0 1 0 1 0 0 1 0 1 1 1
0 1 0 1 1 0 1 1 0 1 1 0 1 1 0 0 0 1 1 0 1 0 0 1 1 0 0 0 1 1 1 1 1 0 1 0 1 1 0 1 0 0 0 1 1 1 0 0 1 1 0 1 0 0 1 0 1 1 1 1 0
0 0 0 0 1 0 0 1 0 1 1 1 1 0 1 0 1 0 1 1 0 1 1 1 0 0 1 1 1 1 1 0 1 0 1 0 0 0 0 1 1 1 0 1 0 1 1 0 1 1 1 0 1 0 0 0 1 0 0 1 0
1 1 0 1 0 1 1 1 1 0 0 0 1 0 1 0 0 1 1 0 1 0 0 0 1 0 1 1 0 0 1 1 0 0 0 1 1 1 1 0 1 1 1 1 1 0 1 0 1 0 0 0 0 1 1 0 0 0 1 1 0
0 0 0 1 1 1 1 0 1 1 1 1 1 1 0 1 1 0 1 0 0 1 1 1 1 1 0 1 0 1 0 1 1 1 1 1 0 0 1 1 0 0 0 0 0 1 1 1 0 1 1 0 1 1 0 1 0 1 0 1 1
0 0 1 0 1 1 1 1 1 0 1 0 0 0 0 1 1 0 1 1 0 1 0 0 0 0 1 0 0 0 1 0 0 1 0 1 1 0 0 0 1 1 1 1 1 1 1 1 0 1 1 0 0 1 1 1 1 1 0 0 0
0 1 1 0 1 1 0 1 1 1 1 0 0 0 1 0 0 0 0 1 1 0 0 0 0 1 1 1 0 0 1 0 0 1 1 0 0 0 1 0 0 1 1 1 0 0 0 1 0 0 1 0 1 1 0 0 0 0 0 1 0
0 1 0 1 1 0 0 0 0 1 0 1 0 0 1 0 0 0 0 0 1 1 0 0 0 0 0 0 0 1 1 0 0 0 0 1 0 0 0 0 1 1 1 0 1 1 0 0 1 1 1 1 0 1 0 1 1 1 1 1 0
0 0 1 1 0 1 1 1 1 0 1 0 1 0 1 1 0 0 1 1 0 1 1 1 1 1 1 0 1 1 1 0 1 0 1 0 0 1 1 0 1 1 1 1 1 0 0 1 1 1 0 1 1 1 1 0 1 1 0 1 0
0 1 1 1 1 0 0 1 0 0 0 0 1 0 1 1 1 0 0 0 1 0 1 1 0 1 1 0 1 1 1 1 0 1 0 0 0 1 0 1 0 0 0 0 1 1 0 0 0 0 1 1 1 1 1 0 0 1 1 1 0
0 1 0 1 0 0 1 0 1 0 1 1 0 1 1 1 0 0 0 0 1 0 1 1 1 0 1 1 0 1 0 1 1 1 1 0 0 0 0 1 1 0 0 0 1 0 1 1 0 0 0 1 0 0 1 1 0 0 1 0 0
0 0 1 0 0 0 1 1 1 0 0 1 0 0 1 1 1 1 0 1 1 0 0 1 1 0 0 0 1 0 0 0 1 1 1 0 0 1 1 1 1 0 1 0 1 0 1 0 1 0 0 0 1 0 0 1 1 1 0 0 0
0 1 1 1 1 1 1 0 0 1 0 1 1 0 1 1 0 1 1 0 0 1 0 0 0 0 1 1 0 0 1 1 1 0 1 0 1 0 1 0 1 1 0 1 1 0 0 1 1 1 0 0 1 0 1 0 0 0 1 0 0
0 1 1 1 0 0 0 0 0 1 0 0 0 1 0 0 0 1 1 1 0 0 0 1 1 0 1 0 0 1 1 1 1 1 0 1 1 0 1 1 1 1 1 0 0 1 0 1 1 1 1 1 0 1 1 1 0 0 0 1 1
1 0 0 1 1 1 1 1 1 1 0 1 1 0 0 0 1 1 0 1 1 0 0 0 0 1 0 1 1 0 1 0 1 0 1 0 1 0 0 0 0 0 1 0 0 1 1 1 0 1 0 1 0 0 0 1 1 0 0 0 1
0 0 1 0 0 1 1 1 1 0 1 0 1 0 0 0 0 1 0 1 0 1 1 1 0 0 0 1 1 1 0 0 0 0 1 0 1 1 0 1 0 0 0 1 0 0 0 1 0 0 1 1 0 1 1 1 0 1 0 1 1
0 0 0 0 1 0 0 0 0 1 1 0 1 1 0 0 0 0 1 0 1 0 0 1 1 1 1 1 0 0 1 0 0 0 1 1 1 1 1 0 1 0 0 0 0 0 0 0 1 0 1 1 0 0 0 0 0 1 0 0 0
1 1 0 0 1 0 1 1 1 0 0 0 0 0 0 0 1 1 0 0 1 1 1 1 1 0 0 1 0 0 0 0 0 1 1 0 1 0 0 1 0 1 1 1 1 0 0 1 1 0 0 0 1 0 1 0 0 1 1 1 1
1 1 0 0 1 0 1 1 0 0 1 1 1 0 1 1 1 0 0 0 0 0 1 1 0 1 0 1 1 1 0 0 1 0 0 0 0 0 0 0 0 0 0 0 1 1 0 0 0 0 0 1 1 1 0 0 1 0 0 0 1
1 1 1 0 0 0 1 0 1 0 1 0 1 0 0 0 1 0 1 1 1 1 0 0 0 0 1 0 0 0 0 1 0 1 0 0 0 0 0 1 0 0 1 0 1 0 1 0 1 1 1 0 1 0 0 1 0 0 0 1 0
0 1 0 1 0 0 0 0 1 1 0 0 1 0 1 0 1 1 1 1 0 1 1 0 1 1 0 1 1 0 0 0 1 0 0 1 1 1 1 1 1 0 1 1 0 1 0 0 1 0 1 1 0 1 1 1 0 1 1 1 1
0 1 0 0 0 1 0 1 0 0 0 0 0 1 0 0 0 1 0 0 0 0 1 0 1 0 1 1 1 1 1 0 0 1 0 1 0 0 0 1 0 1 0 0 1 0 1 1 0 1 1 1 0 0 1 1 1 1 1 0 0
1 0 1 0 0 0 1 0 1 0 0 0 1 1 0 1 0 0 1 0 0 1 0 0 0 0 0 1 0 1 0 0 1 0 0 1 0 1 1 1 1 0 0 0 1 0 1 1 1 1 1 0 0 0 0 0 1 0 1 1 0
1 0 1 0 1 1 0 0 0 1 0 1 1 0 0 0 0 0 0 1 1 1 1 1 0 1 1 0 1 0 1 0 0 0 0 0 0 1 0 1 0 1 1 0 1 0 1 0 0 0 1 1 1 1 0 0 1 1 0 1 1
1 0 1 1 0 0 0 0 1 0 0 1 0 0 0 0 0 1 0 1 1 0 0 0 0 1 1 0 0 1 1 0 1 1 0 0 0 1 0 1 1 1 1 1 0 0 0 1 0 0 1 0 0 0 1 1 1 0 1 0 1
1 1 0 0 1 1 1 1 0 0 0 0 1 1 0 1 1 1 0 0 1 0 0 1 1 0 1 0 0 1 1 0 0 1 0 1 1 1 1 0 1 1 1 0 1 1 0 0 1 1 1 0 0 1 0 0 0 0 1 0 1
1 1 0 1 1 1 0 1 1 0 0 0 0 1 1 1 1 1 1 0 1 1 0 0 0 0 1 1 1 1 0 0 1 1 1 1 0 1 1 1 1 1 0 0 1 1 0 0 1 0 0 0 1 1 1 1 1 1 0 0 1
0 0 1 1 0 1 1 0 0 0 1 1 0 1 0 1 1 1 0 0 0 1 0 0 1 0 1 0 0 1 0 0 0 1 1 1 0 1 0 1 0 0 0 0 0 1 0 1 0 0 1 1 0 0 1 0 1 0 1 0 1
1 1 0 1 0 1 1 0 0 1 1 1 0 1 0 0 1 0 1 1 0 0 1 1 1 0 0 0 1 0 0 1 0 0 0 0 1 0 0 0 0 0 1 0 1 0 1 0 0 1 1 1 1 1 0 0 1 1 0 1 0
0 0 0 0 0 1 1 1 0 1 1 0 1 1 0 1 1 0 0 0 0 0 0 0 1 0 1 0 1 0 1 1 0 0 0 0 1 0 0 0 0 1 0 1 0 0 1 1 1 1 0 0 1 1 1 1 0 0 1 1 1
1 0 0 1 0 0 1 0 0 0 1 0 0 1 1 1 1 0 1 0 0 1 0 1 0 1 0 1 1 1 1 1 1 1 0 1 0 1 0 1 1 1 1 0 0 1 1 0 1 1 0 1 1 1 1 1 0 0 0 0 1
0 0 0 1 0 0 1 0 0 1 1 1 1 0 0 0 1 1 0 0 1 1 0 1 0 1 0 1 0 0 0 0 1 1 1 1 1 0 0 1 1 0 0 1 1 1 1 0 1 0 1 0 1 1 0 0 1 1 1 0 0
1 1 0 1 0 1 1 0 0 1 0 1 0 0 1 0 0 1 1 0 0 1 1 1 0 1 1 0 1 0 1 1 0 0 0 1 0 1 1 0 0 0 0 0 1 0 1 1 0 0 1 0 1 0 0 1 0 0 0 1 1
0 1 0 0 1 0 1 0 0 1 0 0 1 1 0 0 0 0 0 0 1 1 0 1 0 1 1 0 1 1 0 1 0 0 1 0 0 1 0 0 0 1 1 1 0 0 1 1 1 0 0 0 0 1 1 0 1 0 1 0 0
0 1 0 1 1 0 1 0 1 0 1 1 1 0 1 1 1 0 0 1 0 1 1 0 1 1 1 1 0 1 1 0 1 1 0 1 1 0 0 0 1 1 0 0 1 0 1 0 0 0 0 1 1 1 1 1 0 1 1 1 1
1 0 0 1 1 1 0 0 0 1 1 0 0 1 0 0 1 0 0 0 0 1 0 1 0 1 0 1 1 1 0 1 0 1 0 1 1 0 1 0 1 0 1 1 1 0 0 1 0 0 0 1 1 1 0 0 1 1 1 1 0
1 0 0 1 1 0 0 0 1 0 0 1 0 1 1 0 0 1 1 1 1 0 1 0 1 0 1 1 0 0 1 1 1 0 1 0 1 0 1 1 0 1 1 0 1 1 1 0 1 1 0 0 0 1 1 1 1 0 1 0 1
0 1 1 1 0 1 0 0 0 0 0 1 1 0 1 1 0 1 1 1 0 0 1 1 0 1 1 1 1 1 0 1 0 0 0 0 0 0 0 1 1 1 1 1 1 1 1 0 0 0 1 0 1 1 0 1 0 1 1 0 1
1 0 0 1 1 0 0 0 1 0 0 0 0 0 0 1 0 1 0 1 1 1 1 0 1 1 0 1 1 1 1 0 1 1 1 0 1 1 1 0 1 0 1 0 0 0 0 0 1 0 1 0 1 0 1 1 0 0 1 0 0
1 1 0 0 1 0 1 1 1 0 1 1 1 0 0 0 0 0 0 1 0 1 0 0 1 0 0 0 1 0 1 0 0 1 0 0 1 1 0 0 1 0 0 0 1 1 0 1 0 1 0 1 1 0 1 1 0 1 1 0 0
1 1 1 0 0 1 0 1 0 1 0 0 0 0 1 0 1 0 1 1 0 1 1 0 0 0 0 0 1 1 1 0 0 1 1 0 0 1 1 0 0 1 1 0 1 0 1 1 1 0 1 1 1 0 0 1 0 0 1 1 0
0 1 1 0 1 0 1 0 0 1 1 0 1 0 1 1 1 0 1 1 0 1 0 1 1 1 1 1 0 1 0 0 1 0 0 1 0 1 1 0 0 1 0 1 0 0 1 0 1 0 1 0 1 0 0 1 1 0 1 1 1
0 1 0 0 1 1 1 1 1 0 1 0 0 1 1 0 1 0 0 1 1 1 1 1 1 1 1 0 0 0 1 0 1 0 0 1 0 1 1 1 0 0 0 0 0 0 1 0 0 1 0 1 0 0 0 1 0 0 0 1 0
1 1 0 1 1 1 0 1 1 1 1 1 0 0 0 1 0 0 0 1 1 1 0 0 0 0 0 0 1 1 0 1 0 1 0 1 1 0 0 1 1 0 1 0 0 0 1 1 1 1 0 0 0 0 1 1 1 0 1 1 1
1 0 1 1 1 0 1 1 0 1 1 1 0 1 0 1 1 0 0 0 0 0 0 0 1 0 0 1 0 1 0 1 0 1 1 0 0 0 1 0 1 1 0 1 1 0 0 1 0 0 1 1 1 0 0 0 0 1 0 1 0
1 0 0 1 1 0 1 0 0 0 0 0 1 1 0 1 1 0 0 1 0 1 0 1 0 1 1 0 0 1 0 0 1 1 1 0 1 0 0 0 0 1 1 1 1 1 0 1 0 1 1 1 0 0 0 1 1 1 1 0 1
0 1 0 0 0 0 1 0 1 1 1 1 0 1 1 1 1 1 0 1 1 0 1 0 0 1 1 0 1 1 1 0 1 1 0 1 1 0 0 1 0 1 1 0 1 0 0 1 1 1 1 0 1 0 0 1 0 1 0 0 0
1 1 1 0 1 1 1 0 1 0 0 1 1 0 0 0 1 0 0 0 0 1 1 0 0 0 0 0 1 0 0 0 1 1 0 0 0 0 1 0 0 0 1 1 0 1 1 0 1 0 1 1 1 0 1 1 1 1 1 1 1
0 0 0 1 0 1 0 1 0 1 0 1 1 1 1 0 0 0 0 1 0 1 0 1 1 0 1 1 1 1 0 1 0 1 1 0 1 1 1 1 1 0 0 0 0 0 1 0 1 0 1 1 0 0 1 0 1 1 0 1 0
1 0 0 0 1 1 0 1 0 1 1 0 0 1 0 1 1 0 1 0 0 0 1 1 1 1 0 0 0 1 1 0 1 0 1 0 1 1 0 1 1 1 0 1 0 0 0 0 0 1 0 0 1 1 0 1 0 0 1 0 0
0 1 0 1 1 1 1 1 0 0 1 0 0 0 1 0 1 1 0 0 0 0 1 0 0 0 1 1 0 0 0 1 0 0 1 1 1 0 1 1 1 0 0 0 0 1 1 1 1 1 1 0 1 1 1 0 0 0 1 0 1
0 0 1 1 0 0 0 0 0 0 0 1 1 0 1 1 0 1 1 0 0 1 1 1 0 0 1 1 1 0 0 0 0 1 0 1 0 0 1 0 0 0 1 1 0 0 1 1 1 0 0 1 0 1 0 1 0 0 0 1 0
0 1 1 1 0 0 0 0 1 1 1 1 0 0 0 0 1 0 0 1 0 1 0 0 1 0 1 1 0 0 0 0 1 1 0 1 0 1 1 1 0 1 1 0 1 1 0 0 0 1 0 1 1 1 0 1 1 0 1 0 0
0 1 0 0 1 0 1 1 1 0 1 0 0 0 0 0 0 0 0 0 0 1 0 0 1 0 0 0 0 0 0 0 1 1 0 1 1 1 1 0 0 0 1 1 0 1 1 0 0 0 1 0 0 1 1 0 0 0 0 1 0
1 1 1 0 0 1 1 1 0 0 0 1 0 1 0 1 0 1 0 1 0 0 0 0 1 0 1 0 1 0 0 1 0 1 0 0 0 1 0 1 1 1 1 1 0 0 0 0 0 0 1 0 0 1 0 0 1 0 0 1 0
0 1 0 0 0 0 0 0 0 0 0 1 1 0 1 1 0 0 0 1 0 1 1 0 0 0 1 1 0 0 0 1 0 0 0 1 1 1 0 1 0 0 1 0 1 1 0 0 1 0 0 1 1 0 0 0 1 0 0 0 0
1 0 1 1 1 0 1 1 1 1 0 0 0 1 0 0 1 1 0 1 0 1 1 1 0 0 0 1 0 1 0 1 1 0 1 1 0 0 0 0 1 1 1 0 1 0 1 0 1 1 1 0 0 1 1 1 0 1 1 0 0
1 1 1 0 0 0 0 1 1 0 0 1 1 1 1 0 0 1 1 0 0 1 0 1 0 1 1 1 1 0 1 0 1 1 0 0 0 0 0 0 0 0 1 1 0 0 0 1 0 1 1 0 0 1 0 0 1 1 1 0 0
0 0 1 1 0 0 1 1 1 0 1 1 1 0 0 1 0 0 0 1 1 1 1 1 1 0 1 0 1 1 1 1 1 1 0 1 1 1 0 1 0 0 1 0 0 0 1 0 0 1 1 0 0 0 1 1 1 1 1 0 0
0 0 0 0 1 1 0 0 0 0 0 0 1 1 1 1 0 0 0 1 1 1 0 0 0 1 1 1 1 0 0 1 1 1 0 0 0 0 0 0 1 0 0 0 1 1 1 0 1 1 0 0 0 1 0 0 1 0 1 1 1
1 0 1 0 1 1 1 1 1 1 1 0 1 0 1 1 0 1 0 0 0 1 0 0 1 0 0 1 0 0 1 1 1 1 1 1 1 1 0 1 0 0 0 0 1 1 1 1 0 1 1 1 0 0 0 0 0 1 1 1 1
1 1 1 1 1 0 0 0 0 0 1 1 0 0 0 0 1 1 0 1 1 0 0 0 1 1 1 0 0 0 1 0 0 1 0 1 1 0 1 0 0 0 1 1 1 0 1 0 1 0 1 0 1 0 1 0 1 0 1 0 0
0 1 1 1 0 0 1 0 1 1 0 0 1 0 1 0 0 0 0 0 1 0 0 0 1 0 0 0 1 1 0 0 1 0 0 0 0 0 0 0 0 0 0 0 1 0 0 0 1 1 1 1 1 0 1 1 1 1 0 0 0
0 0 1 0 1 0 1 0 0 1 1 1 0 1 0 0 1 1 1 1 0 1 0 0 1 0 1 0 1 0 0 1 0 0 1 0 1 0 0 1 0 0 0 0 1 1 1 1 0 1 1 0 0 1 1 1 0 0 0 1 1
1 1 1 0 1 0 1 0 0 0 1 1 1 1 0 0 1 0 1 0 1 1 1 1 0 0 1 1 1 0 1 0 1 1 0 1 1 0 1 1 1 1 0 0 1 1 0 1 0 1 1 0 0 0 0 1 0 0 0 0 1
0 0 1 0 0 0 0 1 0 0 1 0 0 1 1 1 0 1 0 0 1 0 1 1 1 1 1 1 0 1 0 0 1 1 0 1 1 1 0 1 1 0 1 0 0 1 1 1 0 0 1 1 1 1 1 1 1 0 1 1 1
0 0 1 0 1 1 1 1 1 1 0 1 1 1 1 0 1 0 0 0 1 0 0 1 1 0 0 1 1 0 0 1 1 1 1 0 0 1 0 0 0 1 1 1 1 1 1 0 1 1 1 1 0 1 0 1 0 0 1 0 0
1 0 0 0 1 0 1 1 0 0 1 1 1 1 0 0 0 0 1 0 0 0 0 0 1 1 1 1 0 1 0 0 0 1 0 1 0 1 1 0 0 0 1 1 1 0 0 0 1 1 0 1 1 1 0 1 1 0 0 1 0
0 0 0 0 0 1 0 1 1 0 0 0 0 0 0 1 1 0 1 0 0 1 1 1 0 0 0 1 0 0 1 1 1 1 1 0 1 0 1 0 0 0 1 1 1 0 1 1 0 0 0 1 1 0 0 1 1 0 0 1 1
1 0 0 0 0 1 0 1 1 1 0 0 0 0 0 0 1 1 1 1 1 1 0 1 0 0 0 1 1 1 0 0 1 1 0 1 1 1 1 0 0 0 1 1 1 1 0 1 1 1 1 0 0 1 1 0 1 0 1 0 0
1 1 1 0 0 0 0 1 0 1 1 1 0 1 0 1 0 0 0 0 1 1 0 1 0 0 1 0 1 1 0 1 0 0 1 0 1 0 1 1 1 0 0 1 1 1 0 0 1 1 0 0 1 1 0 1 0 1 0 1 0
1 0 1 1 1 0 1 0 0 1 1 1 0 0 1 1 0 1 1 0 1 1 0 0 1 0 1 0 1 0 0 1 0 1 0 0 1 1 0 1 1 1 0 0 1 1 1 0 0 0 1 1 1 0 1 1 0 1 1 1 1
1 0 0 0 1 1 0 1 1 1 1 1 1 0 1 1 1 0 1 0 1 0 0 0 0 1 1 0 1 0 1 1 1 0 0 0 0 0 1 1 0 0 0 1 1 1 0 1 1 1 1 0 1 1 0 1 1 0 0 0 1
0 1 0 1 1 1 1 0 0 0 0 1 1 0 1 0 0 0 0 1 1 1 1 1 1 1 0 1 0 1 0 1 1 1 1 1 1 1 0 0 0 1 0 0 1 0 0 1 1 0 1 0 1 0 0 0 1 0 1 1 0
0 1 0 1 0 0 0 0 1 0 0 1 0 1 0 0 1 1 1 0 0 1 1 0 0 0 0 0 1 1 0 1 1 0 1 0 1 0 0 0 1 0 1 1 1 1 0 1 0 1 1 0 1 0 1 1 1 1 0 0 0
0 1 0 0 1 1 1 0 1 0 1 1 0 0 0 0 1 0 0 1 1 1 0 0 0 1 0 1 0 1 1 0 0 1 0 0 1 1 1 1 0 0 0 0 1 0 1 0 0 1 0 0 0 0 0 0 1 0 1 0 1
0 1 1 0 0 1 1 0 1 1 0 1 0 1 0 0 1 0 0 0 1 0 0 1 1 0 0 1 1 1 1 1 1 0 0 1 0 1 1 1 1 1 1 1 1 0 0 0 1 0 0 0 1 1 0 0 1 0 0 1 1
1 1 1 1 0 1 1 1 1 0 1 1 0 0 1 1 1 0 1 0 1 1 1 1 1 0 0 0 0 0 1 1 0 1 1 1 0 0 0 1 1 0 1 1 0 1 0 1 1 1 1 1 1 0 1 0 0 1 0 0 1
1 0 1 1 0 1 0 1 1 1 1 0 0 0 0 0 0 0 1 1 0 0 1 0 0 1 0 0 0 0 0 1 0 1 0 0 0 1 1 1 0 0 0 1 1 0 1 1 1 1 1 1 1 0 0 1 1 1 0 0 0
0 0 0 1 1 1 1 1 0 0 0 0 1 1 1 1 0 1 1 0 0 0 0 1 1 1 1 1 1 1 0 1 0 0 0 0 0 0 1 0 1 1 1 0 0 1 1 0 0 1 0 1 1 0 1 0 0 0 0 1 1
1 1 0 1 0 1 1 1 0 1 0 1 1 1 1 0 1 1 1 0 0 0 1 0 1 1 1 0 0 1 0 0 0 1 0 0 1 0 0 1 0 0 1 0 1 0 1 0 1 1 0 0 0 1 0 1 1 0 1 0 0
0 1 1 0 1 1 0 1 0 1 0 1 1 1 0 0 0 1 0 1 0 1 1 0 1 0 0 1 0 1 0 0 0 1 1 1 0 0 1 0 1 1 0 0 0 1 1 1 1 0 1 0 0 0 1 0 0 1 1 0 1
0 1 1 0 1 1 0 1 1 1 1 1 0 0 1 0 0 0 1 0 0 0 1 0 1 0 0 0 0 1 0 0 0 1 0 1 1 0 0 1 1 1 0 1 1 1 1 1 1 1 0 1 1 0 1 0 1 0 1 0 1
0 0 0 0 0 1 1 0 0 1 0 1 1 1 1 1 1 1 1 1 1 0 0 1 0 0 0 1 0 0 1 0 1 1 1 1 0 0 0 1 1 0 1 0 1 1 0 1 1 0 0 1 0 0 1 0 1 0 1 1 0
1 0 0 0 1 0 1 0 0 1 0 1 0 0 1 0 1 1 1 1 0 1 0 0 1 0 0 0 0 1 0 1 0 1 1 1 1 1 0 1 0 1 1 0 0 1 0 1 1 0 1 1 0 1 0 0 1 0 0 1 0
0 1 0 1 0 0 0 0 1 0 1 1 1 0 0 0 0 0 0 0 0 1 0 0 1 1 1 0 1 1 1 1 1 1 0 0 0 1 0 1 0 1 0 0 0 1 0 1 1 0 1 0 0 0 1 0 1 0 0 0 0
0 1 0 0 0 0 0 1 1 0 1 0 1 1 1 0 0 1 0 1 0 1 1 0 0 0 1 0 1 1 1 1 0 0 1 0 1 1 1 1 0 1 1 0 1 0 1 0 1 0 0 1 1 1 0 0 0 1 0 0 1
0 0 0 1 1 0 1 1 1 0 1 0 1 0 1 1 1 1 0 1 1 1 0 0 0 0 0 0 0 1 1 0 1 0 1 1 1 1 1 1 1 0 0 1 0 1 1 0 0 0 1 1 1 0 0 1 0 1 0 1 1
1 0 0 0 0 1 1 1 0 1 0 1 0 0 1 1 0 0 1 1 1 1 0 1 0 1 1 0 1 1 1 0 1 1 0 0 1 0 0 1 1 1 1 1 1 1 0 0 1 0 0 1 0 1 0 0 0 1 0 0 1
0 0 1 0 0 0 1 0 1 0 1 1 1 1 0 0 1 0 0 1 0 1 1 0 0 0 1 0 1 1 0 0 1 0 0 1 0 1 1 0 1 0 0 0 1 0 0 0 1 0 0 0 0 1 1 0 0 0 1 0 0
0 1 1 1 1 0 1 1 1 1 1 0 1 0 0 0 1 0 0 0 0 0 1 0 0 1 0 1 0 0 1 1 0 0 1 0 0 0 0 0 0 0 0 1 1 0 0 1 0 0 0 1 0 1 0 0 1 0 1 1 0
1 1 1 1 0 1 0 0 1 1 1 0 0 1 1 0 1 0 1 1 0 0 0 1 1 0 0 0 0 1 1 0 0 1 1 1 0 0 1 1 0 1 1 0 1 1 0 0 1 1 1 1 1 0 0 0 0 0 1 0 0
0 1 0 1 0 1 0 1 1 1 0 1 1 0 1 1 0 1 0 1 1 1 1 1 0 1 0 0 1 1 0 1 0 0 1 1 1 0 0 0 0 1 0 0 1 0 0 1 0 1 1 1 0 1 0 0 1 1 0 0 0
1 0 0 0 1 0 1 0 1 1 1 1 0 1 1 1 0 0 1 0 1 1 0 1 0 1 0 1 0 1 1 0 1 0 0 0 1 1 0 0 1 0 1 0 1 1 0 1 0 0 1 0 0 1 1 1 0 0 0 1 0
0 1 1 1 1 1 0 0 1 0 0 1 1 1 1 1 1 1 0 0 0 0 1 1 1 1 1 0 1 0 1 1 0 1 0 1 0 1 1 1 1 0 1 0 0 1 0 1 0 0 0 0 1 0 0 1 0 0 0 1 0
1 0 1 0 0 1 0 0 1 0 0 1 0 0 1 1 1 1 0 0 0 1 1 1 0 1 1 0 0 0 0 1 0 1 1 0 1 1 1 0 0 1 1 0 1 0 1 1 1 0 1 1 0 1 0 0 0 0 1 0 0
0 0 0 1 0 1 1 0 0 1 1 0 0 0 0 0 1 0 1 1 1 1 0 0 0 1 1 1 1 0 0 0 0 1 0 1 0 0 1 0 1 0 1 0 0 1 0 1 1 0 1 1 1 0 0 0 0 0 0 0 1
0 0 1 0 0 0 1 0 1 0 1 1 0 1 0 1 0 0 0 0 1 0 1 0 1 1 0 0 0 0 1 1 0 1 1 1 0 0 1 0 0 1 1 0 1 0 1 0 1 0 1 0 0 0 1 0 1 1 0 0 1
1 1 1 0 0 0 0 0 1 1 0 0 0 0 0 0 1 0 1 0 0 0 0 0 1 1 0 0 1 1 1 1 1 0 0 1 1 1 0 1 0 1 1 1 1 1 0 0 0 0 0 0 0 0 0 1 0 1 0 1 1
1 0 0 1 0 1 0 0 0 1 0 1 1 1 0 0 0 0 1 1 0 0 0 0 0 0 1 1 1 1 0 0 0 0 1 1 0 1 0 0 0 1 0 1 0 1 0 1 1 0 0 0 0 1 1 1 1 0 0 0 0
1 1 0 1 0 0 1 0 1 0 1 1 1 0 0 1 1 0 1 1 1 0 1 1 0 0 0 0 1 0 1 0 0 1 1 0 1 0 0 1 0 0 0 1 1 1 1 0 1 0 1 1 0 1 1 1 0 0 1 0 1
1 1 0 1 1 1 0 1 1 1 1 0 1 1 0 0 1 1 0 1 1 1 1 1 1 1 1 1 1 0 0 1 1 1 0 1 0 1 0 0 0 0 0 0 1 0 1 0 1 0 0 0 1 1 0 1 0 0 0 0 0
1 0 1 0 1 0 0 1 1 0 0 0 1 1 1 1 1 1 0 1 1 0 0 0 0 1 0 0 0 0 1 1 1 1 1 0 0 0 0 0 1 0 0 0 1 0 1 1 0 0 0 0 1 0 0 0 0 0 1 0 1
1 1 1 0 1 0 0 1 0 0 0 0 0 0 1 0 1 0 0 1 0 1 1 0 0 0 1 1 1 0 1 0 1 0 1 1 1 1 1 0 1 1 0 1 0 0 0 0 0 1 0 0 0 1 1 0 1 0 0 0 1
1 1 0 0 1 1 1 1 0 1 1 1 1 1 1 0 0 1 1 1 1 1 1 1 0 1 0 1 1 0 1 1 0 1 0 1 0 0 0 0 0 0 1 1 0 1 1 1 0 1 0 0 1 1 1 1 1 0 1 0 0
0 1 1 1 1 0 1 0 0 1 0 0 0 1 1 1 1 0 1 1 0 1 1 0 1 1 1 0 1 1 1 1 0 1 1 1 1 1 0 0 1 0 1 1 0 1 1 0 1 1 0 1 1 0 1 0 0 1 0 1 1
1 1 0 1 0 0 0 0 0 1 0 0 1 0 1 0 0 1 1 1 0 1 1 0 0 1 1 0 1 1 1 1 1 1 1 0 0 1 1 0 0 0 0 0 1 1 0 1 1 1 1 1 1 0 1 0 0 0 1 0 1
1 0 1 1 1 1 1 0 1 0 0 1 0 1 1 0 1 1 1 0 0 1 0 0 0 1 0 1 0 0 1 0 0 0 1 1 0 0 1 0 0 0 1 0 1 1 0 0 1 0 1 0 0 0 1 1 1 1 0 1 0
1 1 1 1 0 0 0 0 0 1 0 1 1 1 0 1 1 0 0 1 1 0 1 1 0 1 0 1 0 1 0 0 1 0 1 0 1 1 0 0 1 1 1 1 1 0 1 0 0 1 0 1 1 0 0 1 1 0 0 1 0
0 1 0 1 0 1 0 1 0 0 1 1 1 1 0 0 1 0 1 1 0 0 1 1 1 0 1 0 1 0 0 0 1 1 1 0 1 1 1 0 0 0 1 1 1 0 0 1 0 1 0 0 0 1 1 1 0 1 0 0 0
1 1 0 0 0 0 0 1 0 1 0 0 0 1 1 1 0 1 1 0 1 1 1 0 1 1 0 1 0 0 1 1 1 1 1 0 0 1 1 0 0 0 1 0 0 0 0 1 0 0 0 1 0 0 1 0 0 1 0 0 1
0 0 0 1 1 0 0 0 0 1 0 1 1 0 0 1 1 0 1 1 1 1 0 1 1 1 0 0 0 1 1 0 0 1 0 0 0 0 1 1 1 0 1 1 1 0 0 0 1 1 1 1 0 0 0 1 0 0 0 0 0
1 0 1 0 1 1 0 1 1 1 0 0 0 0 0 0 0 1 1 1 1 1 0 1 0 0 1 1 0 0 0 1 0 0 1 1 0 1 1 1 1 0 1 0 1 0 1 0 0 1 0 0 0 0 1 0 0 0 1 1 1
1 0 0 1 0 1 0 0 1 0 1 1 1 0 0 1 0 1 1 1 1 0 0 1 1 1 1 0 1 1 1 0 0 0 1 1 0 1 1 1 1 0 0 0 0 0 1 0 1 1 0 1 0 0 0 0 0 0 1 1 1
0 1 1 1 1 0 1 0 1 1 1 1 1 1 1 1 0 1 0 0 1 0 0 0 1 0 1 0 0 1 0 0 0 0 1 0 0 0 1 1 1 0 1 0 1 0 0 1 0 1 1 1 0 1 1 1 1 1 0 1 1
0 1 1 1 1 0 0 0 0 0 1 0 1 1 0 1 1 0 0 0 1 0 1 1 0 0 1 1 1 1 0 0 0 1 1 1 1 0 1 1 0 0 1 1 0 0 1 0 1 0 1 0 1 0 1 0 0 1 1 0 1
0 0 0 1 1 0 1 1 1 1 0 1 0 1 1 1 0 0 1 1 1 0 1 0 1 1 1 0 1 0 1 0 1 0 0 1 0 1 0 0 0 0 1 0 0 1 1 1 1 1 1 1 0 1 1 0 1 1 1 0 0
0 1 0 0 0 1 0 0 1 0 1 1 0 1 0 0 0 0 1 0 0 0 0 0 0 1 0 1 0 1 0 1 0 1 0 0 0 1 0 1 0 0 1 1 0 1 1 0 0 0 1 0 0 1 0 0 1 0 0 0 0
0 1 1 1 0 1 0 0 1 0 1 1 0 0 0 1 0 1 0 1 1 1 1 1 0 0 1 1 1 1 1 1 1 0 0 0 0 0 1 1 1 0 0 0 1 0 1 0 1 1 1 1 1 1 0 0 1 1 1 1 1
0 0 0 1 1 1 0 0 0 1 1 1 0 1 1 1 1 1 0 0 0 0 1 1 0 0 1 0 1 0 1 1 1 1 1 0 1 1 0 0 1 1 1 1 0 1 0 0 0 0 1 0 0 1 1 1 1 0 1 0 1
0 0 1 0 0 1 1 1 1 1 1 1 1 0 0 1 0 1 0 0 0 0 0 0 0 1 1 1 0 0 0 1 1 1 1 0 1 1 0 0 1 1 0 1 0 0 0 0 1 1 0 1 0 0 1 0 1 0 0 0 0
0 1 1 0 1 1 0 1 0 0 0 0 0 1 0 0 0 1 0 0 0 0 0 1 1 1 1 1 0 0 0 1 1 0 1 0 0 1 0 1 1 1 1 0 1 1 0 1 0 1 0 0 0 1 0 0 1 1 0 0 0
0 0 1 1 0 1 1 0 1 1 0 0 1 1 0 0 0 0 0 0 0 1 0 1 1 0 1 1 1 0 1 0 0 1 0 0 0 0 1 1 1 0 0 1 1 1 0 0 0 1 0 1 1 1 1 1 1 0 0 0 1
1 1 0 1 1 0 1 0 0 1 1 0 1 0 0 1 0 0 1 1 0 1 1 0 1 0 0 1 0 0 1 0 1 0 1 0 1 0 0 1 0 1 1 1 0 1 0 1 1 0 1 1 1 0 0 1 1 1 0 0 1
1 1 1 1 0 1 0 0 0 1 1 1 1 1 0 0 0 0 0 0 0 1 1 0 0 1 1 0 1 0 0 0 0 0 1 1 0 1 0 0 0 0 0 1 1 0 1 0 0 1 1 1 1 1 0 0 0 0 0 1 0
1 0 0 0 0 1 0 1 1 1 1 0 1 1 1 0 0 0 1 0 0 1 0 0 1 0 1 1 0 0 1 1 1 1 1 1 0 0 0 1 1 1 1 1 0 0 1 0 1 0 1 0 1 1 1 0 0 1 1 1 1
1 0 0 1 1 0 1 0 0 1 0 0 0 0 0 1 1 0 0 0 0 0 1 1 1 1 1 0 1 0 0 0 0 0 0 1 1 0 1 1 1 0 0 0 1 0 0 1 1 1 1 0 0 1 1 0 1 1 1 0 1
0 1 1 1 0 0 0 0 0 1 1 0 1 0 0 0 0 1 1 0 0 0 1 1 0 0 0 0 0 1 0 1 0 0 1 1 0 1 1 0 1 1 0 0 0 0 0 0 0 0 0 0 1 1 1 0 1 1 1 1 1
0 1 0 1 1 1 1 1 0 0 1 1 1 1 0 0 0 0 0 0 0 1 1 1 0 0 0 1 0 0 1 1 0 0 1 1 1 0 1 0 0 1 1 0 1 1 0 1 1 1 1 0 0 1 0 1 0 0 0 0 1
0 0 0 1 0 0 0 1 0 1 0 0 1 1 0 0 0 1 0 1 1 1 0 1 0 1 1 0 1 0 0 0 1 1 1 0 0 0 1 1 0 1 0 0 0 0 0 0 1 1 1 0 0 0 0 1 1 0 0 0 1
1 1 0 1 0 1 1 1 1 1 1 1 0 0 0 1 0 1 0 0 0 1 1 1 1 1 1 1 0 0 0 1 1 0 0 1 1 1 1 1 0 1 1 1 1 0 0 0 0 1 1 1 1 0 1 0 0 1 0 1 1
1 0 0 0 1 1 1 1 0 1 1 0 1 0 0 1 1 1 0 0 1 1 1 1 0 0 0 1 0 1 1 1 0 0 0 0 0 0 1 1 0 1 1 0 0 0 0 1 0 1 0 0 1 0 0 0 1 1 0 1 0
0 0 0 1 0 0 0 0 1 1 1 1 0 1 0 1 1 0 1 0 0 1 0 1 1 1 1 0 1 0 1 1 1 1 1 0 0 1 0 0 0 1 0 0 0 1 0 0 0 1 1 0 1 0 0 1 0 0 1 1 1
0 1 0 0 0 1 0 1 0 0 0 1 1 0 0 1 0 0 1 0 0 1 0 0 0 1 0 0 0 0 1 0 1 1 1 1 0 1 0 0 0 0 0 0 1 0 0 0 0 1 1 0 0 0 0 1 0 1 1 0 0
1 1 0 0 1 1 0 0 0 1 1 0 1 1 0 1 1 1 1 1 1 1 0 0 0 0 0 0 1 1 1 1 1 0 1 0 1 0 0 0 1 1 1 1 0 0 0 0 1 0 1 0 0 0 1 1 0 1 0 1 1
1 1 1 0 0 1 0 0 0 1 1 1 1 1 1 0 0 0 1 1 0 0 1 0 1 0 1 1 1 0 1 1 1 1 0 1 1 1 1 0 1 0 1 0 0 0 1 0 1 1 0 0 1 0 1 0 1 1 0 0 0
0 0 0 1 0 1 0 0 0 0 1 1 0 1 1 1 0 1 0 0 0 0 1 0 0 0 1 1 1 1 0 0 1 1 0 0 1 0 1 0 1 1 1 0 1 1 1 1 1 0 0 1 0 1 1 1 1 1 0 1 1
0 1 0 1 1 0 1 1 1 1 0 1 0 1 0 0 1 0 1 1 0 1 0 0 0 0 1 0 1 1 0 0 1 1 0 0 1 0 1 0 0 0 0 0 1 0 1 0 0 0 1 0 0 0 0 1 0 1 0 1 1
0 0 1 0 1 0 1 1 0 0 1 0 0 1 1 1 0 0 0 1 0 0 1 1 1 1 0 0 0 1 0 1 1 1 1 1 1 0 0 0 1 0 0 1 1 0 0 1 0 0 0 1 0 0 1 1 1 1 0 0 1
0 1 1 0 0 0 1 1 1 0 1 0 0 0 1 0 0 1 1 0 0 1 0 0 1 1 1 0 1 1 0 1 1 1 0 1 0 0 1 1 0 0 1 0 1 1 1 1 0 1 0 1 1 0 1 0 1 0 1 1 1
1 0 1 1 0 0 0 1 0 1 1 0 1 0 0 0 0 1 0 1 0 0 0 0 1 0 0 1 1 0 1 0 0 0 1 0 0 0 1 0 1 0 0 0 0 1 1 0 0 1 1 0 0 1 0 1 1 0 1 1 0
1 1 0 1 1 0 0 0 0 0 1 0 0 1 1 1 1 1 0 1 1 0 1 1 1 0 1 0 0 0 1 0 0 0 0 0 0 0 1 0 1 1 0 1 0 1 0 1 0 1 0 0 0 0 0 0 1 1 0 1 0
1 1 0 0 1 1 1 1 0 1 1 0 1 0 1 1 0 1 0 1 0 1 1 1 1 0 1 0 0 1 1 1 1 1 1 1 1 0 1 0 0 0 0 0 1 1 0 1 0 1 0 0 0 1 1 1 1 0 0 1 0
0 0 0 1 0 1 0 0 0 0 1 0 1 1 1 1 1 0 0 0 1 1 0 1 1 0 0 1 0 0 0 1 0 0 1 1 1 1 1 1 0 1 0 0 1 1 1 0 0 0 1 1 1 0 0 0 1 1 1 0 1
0 1 0 0 1 0 0 0 0 0 0 0 1 1 1 1 1 1 0 0 0 1 1 0 1 1 0 0 0 0 1 1 1 1 1 1 0 0 1 0 1 0 1 1 1 0 1 0 0 1 0 1 1 1 1 1 1 0 0 0 0
1 0 0 1 1 0 0 1 1 1 0 1 1 1 0 0 1 1 1 0 1 0 1 0 0 1 0 0 1 1 0 0 1 0 0 1 0 1 1 0 0 1 1 1 1 0 0 1 1 0 0 0 0 0 0 1 0 1 1 0 1
0 1 1 1 0 1 0 1 0 0 0 1 1 1 0 1 1 0 0 1 1 1 1 0 1 0 1 1 1 0 1 0 1 1 1 0 1 1 1 0 0 1 0 0 0 1 0 1 0 0 0 0 1 0 0 0 1 1 1 1 1
0 0 1 1 0 1 1 1 1 0 0 0 0 1 0 1 1 0 1 1 1 0 1 1 1 0 0 0 1 0 1 1 1 1 1 1 0 0 0 0 0 0 0 0 1 1 0 1 1 0 0 1 1 0 1 1 0 1 0 1 0
1 1 0 0 1 0 0 1 0 1 0 0 0 1 1 1 1 0 1 1 1 0 0 1 0 1 0 0 1 0 0 1 0 0 1 1 1 0 0 0 0 1 1 0 0 1 1 0 0 0 1 0 1 1 0 1 1 1 0 1 1
1 1 0 0 0 0 0 0 1 1 1 1 0 0 0 1 0 1 0 0 0 1 0 1 0 0 0 0 0 0 0 0 1 0 1 0 0 0 0 0 1 1 0 0 1 1 1 0 0 0 0 0 0 0 0 0 1 0 0 0 1
0 0 1 0 1 1 0 0 1 1 0 0 0 1 1 0 0 0 1 1 1 0 1 1 0 1 0 1 0 1 1 0 1 1 1 0 1 0 0 1 0 1 1 1 0 1 0 0 1 0 0 0 0 0 0 0 1 1 1 0 1
0 1 0 0 1 0 1 0 1 0 0 0 0 0 1 0 0 0 1 0 1 1 1 1 0 0 0 0 0 0 1 0 1 0 1 0 1 0 1 1 1 1 1 1 0 0 1 0 0 1 1 1 1 0 1 0 0 1 1 0 0
1 0 1 1 0 1 1 0 0 1 0 1 0 1 1 0 1 1 0 0 1 0 0 1 1 0 1 0 0 1 0 0 1 0 1 1 1 0 1 0 1 1 1 1 0 1 1 0 0 0 0 1 1 1 0 1 0 1 0 1 0
1 1 0 1 0 0 0 1 1 1 0 0 0 0 1 1 0 1 0 0 1 0 1 0 0 1 1 0 0 0 1 0 0 0 0 1 1 0 0 0 1 1 0 0 0 0 0 0 1 0 0 1 1 0 0 1 0 1 1 0 1
0 1 1 0 0 1 1 0 1 0 0 0 1 0 1 0 0 0 0 0 0 0 1 0 1 0 0 0 1 1 1 1 0 0 1 1 0 1 0 1 1 1 0 1 0 1 1 0 0 1 1 0 0 1 0 1 1 1 1 0 1
1 1 0 1 0 0 1 1 0 1 0 1 0 1 0 0 1 1 1 1 1 1 1 0 1 0 1 0 1 0 0 1 0 0 0 0 0 0 1 0 0 0 0 0 0 1 0 0 0 1 0 1 1 0 1 1 1 0 1 0 1
1 0 0 1 0 0 0 1 0 0 1 0 0 0 1 0 0 1 1 1 0 1 1 0 0 0 1 1 1 1 0 1 0 1 0 1 1 0 0 1 1 0 0 1 1 1 0 1 0 1 0 0 1 1 0 1 0 1 0 1 1
0 0 0 1 1 1 1 0 1 1 0 0 0 0 1 0 0 0 1 0 1 1 1 0 0 0 0 0 0 0 0 1 0 1 1 0 0 0 1 1 1 0 0 0 0 1 0 1 1 0 0 0 1 1 1 1 1 1 1 1 0
0 0 1 1 1 1 1 0 1 1 1 0 0 0 1 1 0 1 0 1 1 0 0 0 0 1 0 0 0 0 0 1 0 0 1 0 1 0 0 0 1 1 1 0 0 1 0 0 0 0 0 1 0 0 1 0 1 1 0 1 1
0 0 0 0 0 0 0 0 0 1 1 0 1 1 0 1 1 1 1 1 1 0 1 1 1 1 0 0 1 1 0 0 1 1 1 1 0 0 0 1 0 1 0 0 1 1 0 0 0 1 0 1 1 1 1 0 1 1 1 0 1
0 0 0 0 0 0 0 0 1 0 0 1 1 1 1 0 1 0 1 1 0 0 0 0 1 0 0 1 1 0 0 1 0 0 1 1 0 0 1 0 1 1 1 1 0 0 0 1 0 1 0 1 1 1 1 0 0 1 0 0 1
0 0 0 0 1 0 1 0 1 0 0 0 0 1 1 0 0 0 0 1 0 0 0 0 0 1 1 0 0 1 1 1 0 0 0 1 0 0 1 0 0 0 0 1 1 1 1 0 0 1 0 0 0 0 0 0 0 1 1 0 0
0 0 0 1 0 0 1 0 1 0 0 0 1 0 1 0 1 0 0 0 0 1 1 1 0 1 1 1 1 1 0 0 1 0 1 1 1 0 0 1 0 1 1 1 1 1 0 0 1 1 0 1 1 1 0 0 1 0 1 1 0
1 1 0 1 1 0 0 0 1 0 1 1 0 1 0 1 0 1 0 1 1 1 0 0 0 0 0 0 0 1 1 1 0 1 0 0 1 0 1 1 0 0 0 0 0 1 0 0 1 0 0 0 1 1 1 1 1 1 0 1 0
1 1 1 0 0 1 0 1 0 0 0 1 1 1 0 0 1 1 1 0 1 0 1 1 0 1 0 1 0 0 1 0 1 0 0 1 0 1 0 0 0 1 0 0 1 0 1 0 1 1 0 1 0 0 1 1 1 1 1 1 0
1 1 1 1 0 1 1 0 1 1 0 0 1 0 1 0 1 1 0 0 0 1 0 0 0 0 0 1 0 1 1 0 0 1 0 0 0 0 0 0 0 1 0 1 0 0 1 0 1 1 1 0 0 0 1 1 0 0 0 0 1
1 1 0 1 0 0 1 1 0 0 1 1 0 1 1 0 0 0 0 0 1 1 0 0 1 0 1 0 0 0 0 1 0 1 1 1 0 1 1 0 1 1 1 1 1 1 1 1 1 1 0 1 0 0 0 1 1 0 0 1 1
1 0 1 1 1 1 1 1 0 1 0 0 0 1 0 1 1 1 1 1 1 0 1 1 1 1 0 0 1 1 1 0 0 1 1 0 0 0 1 1 1 1 0 1 1 1 1 1 0 1 0 1 1 0 1 1 0 0 0 0 0
0 1 0 1 0 0 1 0 1 1 0 0 1 1 1 1 1 0 1 0 1 0 0 1 1 1 1 0 0 1 1 0 1 0 0 1 1 0 1 0 1 0 0 1 1 1 0 0 1 1 0 1 1 1 0 1 0 0 0 1 1
0 1 1 1 0 1 1 0 0 0 1 1 0 1 1 1 1 0 1 1 1 0 1 0 0 0 0 0 0 0 0 0 1 0 1 0 0 1 1 0 0 1 0 0 1 1 1 0 1 1 1 0 1 1 0 1 0 0 1 1 1
1 1 0 1 1 1 0 1 0 1 1 0 0 0 1 1 1 1 1 0 0 0 0 0 0 0 0 0 1 1 0 0 1 1 0 0 0 1 0 1 1 0 1 0 0 0 1 1 1 0 1 1 0 1 0 0 0 1 1 0 0
0 1 1 0 0 1 1 0 0 1 0 0 0 1 0 0 0 1 0 1 1 1 1 1 0 1 1 1 0 1 1 1 0 1 1 1 1 1 1 1 0 0 0 0 0 0 1 0 1 0 1 0 0 1 1 1 0 1 0 0 1
0 1 0 0 0 1 1 1 0 1 0 0 1 1 0 0 1 0 1 0 0 1 1 1 1 0 0 1 1 0 0 1 1 0 0 1 1 1 0 0 0 0 1 0 0 1 1 1 1 0 0 0 0 1 0 1 1 1 0 1 0
1 0 1 1 0 1 0 1 1 1 1 1 0 0 1 0 0 0 1 1 0 1 0 1 1 1 1 1 0 0 1 0 0 0 0 1 1 0 0 1 0 1 0 0 0 1 1 1 0 0 0 0 0 1 0 1 0 0 1 0 1
0 0 0 0 0 1 1 1 0 0 1 0 1 0 0 1 0 1 1 1 0 1 1 0 1 0 0 0 1 0 1 1 0 1 1 0 1 0 0 0 1 0 0 1 0 0 1 1 0 1 1 0 0 0 0 0 0 1 1 0 1
0 1 1 1 1 0 1 1 0 1 1 1 1 1 1 0 0 1 0 0 0 0 0 0 0 0 1 0 0 1 1 1 1 0 0 0 0 1 0 0 0 1 0 0 1 0 1 0 1 1 1 0 1 0 1 1 1 0 1 1 0
0 0 0 0 0 1 0 0 1 1 0 0 1 0 0 1 1 0 1 1 1 0 1 0 0 0 0 1 0 1 1 1 0 1 1 1 1 0 1 0 1 0 0 0 1 1 0 0 0 0 1 0 1 1 0 1 0 0 0 0 1
0 1 0 0 0 1 1 1 1 1 0 0 1 1 0 0 0 0 1 1 0 1 1 1 0 1 1 0 1 0 1 0 1 1 0 1 0 0 1 0 1 1 1 1 1 1 1 0 1 0 1 1 0 0 1 1 1 0 1 0 0
0 0 0 1 0 0 1 0 1 1 0 1 1 1 1 1 1 1 1 1 1 0 0 0 0 1 1 1 0 1 0 1 1 0 1 0 0 1 1 0 0 0 1 0 1 0 0 0 1 0 1 0 1 1 0 0 1 1 0 1 0
0 1 1 0 1 1 0 0 0 1 0 0 1 0 1 1 1 1 0 1 1 1 0 0 1 1 1 0 0 0 1 1 0 0 1 0 0 1 0 0 0 1 0 0 0 1 0 0 0 0 0 1 1 1 1 0 0 0 1 0 1
0 1 1 1 0 0 0 1 0 1 0 0 0 1 0 1 0 1 0 0 0 0 1 0 0 0 0 0 0 1 0 0 0 1 0 0 1 1 1 0 0 0 0 0 1 1 1 0 0 0 0 0 1 0 1 1 1 0 0 1 0
0 0 1 0 1 1 0 1 0 0 1 1 0 0 1 1 0 0 0 0 0 0 1 0 1 0 0 0 1 0 1 0 1 0 1 1 0 0 0 1 0 0 1 1 0 1 0 0 0 1 0 1 0 1 0 1 1 1 1 1 0
0 1 1 0 0 0 1 1 1 0 1 0 0 0 1 1 0 1 0 0 0 0 1 0 0 0 0 1 1 1 0 1 0 0 0 1 1 1 0 1 1 1 0 0 0 0 0 0 0 1 1 1 1 1 0 0 0 0 0 1 0
0 0 0 0 0 1 0 0 1 1 1 0 0 0 0 0 0 1 0 0 0 0 1 0 0 1 0 0 0 0 0 0 1 0 0 1 0 0 1 0 0 0 0 0 0 0 1 1 0 1 0 0 0 1 1 1 0 1 0 1 1
1 0 1 1 0 0 0 1 0 1 0 1 0 0 1 0 1 0 0 1 1 0 1 0 0 1 0 1 1 1 0 1 0 1 0 1 0 1 1 0 0 1 0 0 0 1 1 1 1 0 0 1 0 0 0 0 0 1 1 0 0
1 1 0 0 1 1 0 1 0 1 0 1 0 1 1 1 0 1 1 1 0 0 0 0 0 0 1 1 1 0 0 1 0 1 1 1 1 1 1 1 1 1 0 0 0 0 1 1 0 1 1 1 1 1 1 1 0 0 1 0 0
0 1 0 0 0 0 1 1 1 1 1 1 0 1 0 1 0 1 1 1 0 1 1 0 0 1 0 1 1 0 0 0 1 1 1 0 1 1 0 1 1 1 1 1 0 0 1 1 0 0 1 1 0 1 0 1 1 0 1 1 0
1 1 0 0 1 1 0 1 1 1 1 0 0 0 0 0 1 1 0 1 0 1 0 1 1 1 1 1 1 1 0 1 1 1 1 0 1 0 0 1 1 0 1 0 1 1 0 1 1 1 1 0 0 0 0 0 1 1 0 0 0
0 1 1 0 0 1 0 0 0 1 1 0 1 0 1 1 0 1 1 1 1 0 1 0 1 1 0 0 0 1 1 0 0 1 0 0 0 1 1 0 1 0 0 0 1 0 0 1 0 0 1 0 0 0 0 0 1 0 1 1 0
1 1 1 1 1 1 1 0 1 0 1 1 0 1 1 0 1 0 1 0 0 0 0 0 0 1 1 0 1 1 1 0 0 0 0 0 0 0 1 1 1 0 0 0 0 0 1 1 0 1 0 0 1 1 1 0 1 1 1 1 0
1 0 0 1 0 0 1 0 1 0 0 0 0 0 0 0 0 1 0 1 1 0 0 1 0 0 1 0 1 0 0 1 0 0 1 0 0 0 1 0 0 1 0 1 0 1 1 1 1 1 1 1 0 1 0 1 0 0 1 0 1
1 0 1 1 1 0 1 1 0 1 0 1 1 0 0 1 0 1 1 0 1 1 0 1 0 1 0 0 0 0 0 1 1 1 0 1 1 1 1 0 1 0 0 0 1 0 0 1 0 0 1 1 0 1 1 0 1 0 0 1 1
0 1 0 0 0 1 1 1 0 0 1 0 0 1 1 0 0 1 1 1 1 0 1 1 0 1 0 1 1 1 1 1 0 0 0 1 0 1 1 0 0 1 1 1 1 1 1 0 1 1 1 0 1 0 0 1 1 1 0 1 1
0 1 1 1 0 1 1 1 1 0 1 0 1 0 0 1 0 1 1 0 0 0 0 0 1 1 1 1 0 1 0 0 1 1 1 1 1 0 0 0 1 1 0 0 1 1 1 0 0 1 1 1 1 0 0 1 0 0 0 1 0
1 0 0 0 0 1 1 1 1 1 1 1 0 0 1 0 1 0 1 1 1 0 1 0 0 0 0 1 1 1 0 0 0 1 0 0 1 1 1 1 0 1 1 1 0 1 1 1 0 1 0 0 1 1 0 0 0 1 1 1 1
0 1 0 1 0 1 0 1 0 0 1 0 0 1 1 0 1 0 0 1 0 0 1 0 0 0 0 0 1 0 1 1 1 0 0 0 1 0 1 1 0 1 0 1 1 1 0 1 1 0 1 0 1 0 0 1 0 0 1 0 0
1 1 0 1 0 1 0 0 1 1 0 1 0 0 1 1 0 0 1 1 0 0 0 1 1 0 0 0 0 1 1 0 0 1 1 0 0 1 0 0 1 0 0 1 0 1 0 0 0 0 0 1 0 0 0 1 0 1 0 1 0
1 1 0 0 0 0 0 1 1 0 0 0 0 1 1 1 1 1 0 1 0 1 1 1 1 0 0 0 1 0 1 1 0 0 1 0 0 1 0 0 0 0 0 1 1 0 0 0 1 0 1 0 0 1 1 1 1 1 1 0 1
1 1 0 1 1 1 1 1 1 1 0 0 0 0 0 0 0 0 1 0 1 1 1 1 1 0 1 0 1 1 0 1 1 1 1 1 1 0 0 0 1 0 1 1 0 1 0 0 0 0 0 0 1 0 0 1 1 0 1 1 1
0 1 0 1 1 1 0 0 0 1 0 0 0 0 1 1 0 0 0 0 1 0 1 0 0 1 1 0 1 0 0 1 1 0 0 0 0 0 1 1 0 1 1 1 1 0 1 1 0 1 0 1 0 0 0 1 1 0 1 1 1
1 0 1 1 1 0 0 1 1 0 0 1 1 0 1 1 0 0 1 1 0 1 1 1 1 1 0 1 1 0 0 1 0 0 1 0 1 1 1 1 0 0 1 1 1 1 1 1 0 1 1 0 0 0 0 1 1 0 1 0 1
0 0 1 0 1 1 0 0 0 1 0 1 1 1 1 1 0 0 0 0 1 0 0 0 0 1 0 0 0 0 1 0 1 0 1 1 1 1 1 1 0 1 0 0 1 1 1 1 0 0 0 0 1 1 1 1 1 1 0 1 1
0 1 0 0 1 1 1 1 0 1 1 0 0 0 1 0 0 0 0 1 1 0 0 1 0 0 0 0 1 1 1 1 0 1 1 1 0 0 1 1 0 0 1 0 0 0 0 1 1 0 1 1 0 0 0 1 0 0 1 0 1
0 0 0 1 0 1 0 1 0 0 0 1 1 1 1 0 1 1 1 0 1 1 1 0 1 0 1 0 0 1 1 1 1 1 0 1 0 1 1 0 1 0 1 1 1 1 1 1 0 0 1 0 0 1 1 0 1 1 1 0 1
0 1 1 0 0 0 0 0 0 0 1 0 0 0 0 1 0 0 1 1 1 1 0 0 0 1 1 0 1 0 0 0 0 0 1 1 1 1 1 1 0 0 0 1 1 1 0 1 1 0 0 0 1 0 1 1 1 0 0 0 1
0 1 1 1 1 1 0 0 0 1 0 1 0 0 0 0 1 1 1 1 1 1 1 0 1 0 0 1 1 0 1 1 1 1 1 1 0 1 0 1 1 1 0 0 0 1 1 0 0 0 1 0 0 1 1 1 0 0 0 0 0
0 0 0 0 1 1 0 0 1 0 1 1 1 0 1 1 1 0 1 0 1 1 0 1 0 1 1 0 0 1 0 1 0 0 1 1 1 1 1 0 0 1 1 0 1 0 0 1 0 0 0 0 0 1 0 1 0 1 0 0 0
0 1 1 0 1 1 0 1 1 1 0 1 0 0 0 1 1 1 0 0 1 0 0 1 0 0 1 0 0 1 1 1 1 0 1 1 0 1 0 0 0 1 1 0 1 1 1 0 1 1 1 1 0 0 0 1 1 1 0 0 0
1 1 0 0 1 0 0 1 1 0 0 1 0 1 0 0 1 1 1 0 1 0 1 1 1 1 1 0 1 1 0 1 1 0 1 0 0 1 1 1 0 0 1 0 0 1 0 1 1 0 1 0 0 1 0 0 0 0 1 1 1
1 1 1 0 1 0 1 0 1 0 0 0 1 1 0 0 1 0 0 1 0 0 0 0 1 0 0 0 0 0 0 0 1 1 0 0 0 0 1 0 0 0 1 0 0 1 1 0 0 0 0 0 0 1 1 1 0 1 1 0 0
0 0 1 0 0 0 0 1 0 1 0 1 1 1 0 1 0 1 1 0 0 0 1 0 0 1 0 0 1 1 0 0 1 0 1 1 1 1 1 1 0 1 0 0 1 0 1 0 1 0 1 1 1 0 1 1 0 1 1 1 1
0 0 0 0 0 1 0 1 1 0 0 1 1 1 1 0 1 0 0 1 0 0 1 1 1 0 0 1 1 1 1 1 1 1 1 0 0 1 0 0 1 1 1 0 0 1 0 1 0 1 0 0 0 0 1 1 0 1 0 0 1
0 0 1 1 0 0 1 1 0 0 0 1 1 0 0 1 1 1 1 0 1 1 0 0 1 0 1 1 1 1 0 1 0 0 1 1 1 0 1 1 1 1 1 1 1 1 0 0 1 1 0 1 0 0 1 0 1 1 0 1 1
0 0 1 0 0 0 0 0 1 0 1 1 1 1 0 0 0 1 0 1 0 0 0 1 1 1 0 1 0 0 0 1 1 1 1 0 1 1 0 1 1 0 1 0 1 1 0 1 1 0 0 1 1 1 1 1 0 0 0 0 1
1 1 0 0 1 1 0 0 1 1 0 0 0 0 0 0 1 0 0 1 0 0 1 1 1 1 1 0 0 1 0 0 1 1 0 0 1 1 1 0 1 0 0 0 0 1 1 1 1 1 1 1 0 1 1 0 1 0 0 1 0
1 1 1 1 1 1 0 1 0 0 0 1 1 1 1 1 0 0 1 0 1 1 1 1 0 0 0 0 1 1 0 1 1 1 1 0 0 0 1 1 0 0 1 0 1 0 1 0 0 0 1 1 1 1 1 1 1 0 0 0 0
1 1 0 0 1 1 1 1 1 1 0 0 1 0 1 0 0 1 1 1 0 1 0 0 0 1 1 0 1 1 0 1 0 0 0 0 1 1 1 0 0 0 0 1 0 1 0 1 0 0 0 1 1 1 0 0 0 1 0 1 0
1 0 0 0 1 0 1 0 0 1 1 0 1 1 1 1 1 1 0 0 0 1 0 0 1 1 0 1 1 0 1 1 0 1 1 0 1 1 1 1 0 0 0 0 0 1 0 0 0 0 0 0 1 1 0 1 0 0 1 1 0
0 0 0 0 1 0 0 1 1 0 0 0 0 0 0 0 0 1 1 0 1 1 0 1 0 1 0 0 0 1 1 0 1 0 0 1 1 0 1 1 1 1 1 0 1 0 0 1 1 0 0 1 1 0 1 0 0 1 0 1 0
0 0 1 0 1 0 0 1 0 1 1 0 0 1 0 0 0 0 0 0 1 1 1 0 1 0 0 0 1 0 1 0 1 0 0 0 0 1 1 0 1 0 1 1 1 1 1 1 1 1 0 0 1 1 1 0 0 1 1 0 1
1 0 1 0 0 0 1 0 0 0 1 1 0 0 1 0 1 0 0 1 1 0 1 0 0 1 0 1 0 1 0 1 1 0 0 1 1 1 1 0 1 0 1 0 1 1 1 0 1 0 1 1 0 0 1 1 0 0 1 1 1
1 0 1 0 1 0 0 0 0 0 1 1 0 0 0 1 1 1 1 1 1 1 1 0 1 1 1 1 0 1 1 0 1 0 0 1 0 0 0 1 0 1 0 1 1 1 1 1 0 1 1 0 1 1 0 1 0 1 1 0 0
1 0 1 0 1 0 0 0 1 1 1 1 0 1 1 0 0 1 1 1 1 0 0 0 1 0 1 1 0 0 0 0 1 1 1 0 0 0 0 0 0 0 0 1 0 0 0 0 1 1 0 0 1 0 1 1 1 1 0 0 1
0 0 1 1 1 1 0 1 1 1 1 1 1 0 0 1 0 1 1 1 1 0 0 0 1 0 0 1 0 1 0 0 1 1 1 0 0 0 1 1 0 1 1 1 1 1 1 1 0 1 0 1 0 1 0 0 0 0 0 0 1
1 1 0 1 1 0 1 1 1 1 0 0 0 0 0 1 0 1 1 1 1 1 1 0 1 1 0 1 0 1 0 1 0 1 1 0 1 1 1 0 1 0 0 1 1 1 1 0 1 0 1 0 0 1 0 1 0 0 0 0 0
1 0 0 0 1 0 1 0 0 1 1 1 0 1 0 0 0 0 0 0 1 0 1 1 1 1 0 1 0 1 1 0 0 1 0 0 0 1 0 0 0 0 0 0 0 0 1 1 1 1 0 1 1 1 0 0 1 1 0 1 1
0 0 0 1 0 1 1 1 0 0 0 1 1 0 0 1 0 0 1 0 1 0 1 1 0 1 0 1 0 1 1 0 0 0 0 1 1 0 0 0 1 1 0 1 1 0 1 1 1 1 0 1 0 1 1 0 1 0 1 1 1
0 0 0 0 0 1 1 1 1 1 0 1 0 1 0 1 0 1 0 0 1 0 0 1 1 0 0 0 0 1 0 1 0 1 1 0 1 1 1 1 0 1 1 1 0 1 1 0 0 1 1 1 1 1 0 1 1 0 1 1 0
0 1 1 1 1 0 1 1 1 1 1 1 1 1 0 1 0 0 1 1 0 0 1 1 1 1 0 0 0 0 0 1 0 0 1 1 1 0 1 0 0 1 0 1 1 1 1 1 0 1 0 1 0 0 0 0 0 1 1 1 1
1 0 1 1 1 0 1 0 0 0 0 1 1 0 0 0 1 1 1 0 0 0 0 0 1 1 0 0 1 0 0 1 1 1 1 0 0 1 0 1 1 0 0 1 1 0 1 1 1 0 0 0 1 1 1 0 1 1 0 0 0
1 0 1 0 0 0 0 1 0 1 1 1 1 0 0 1 0 1 0 0 0 0 1 1 0 0 0 0 1 0 1 1 0 1 0 0 1 0 0 1 0 0 1 0 1 0 0 1 0 0 0 0 0 1 1 0 1 1 1 0 0
1 1 1 0 0 1 1 0 1 1 1 1 1 1 0 1 0 1 1 1 1 1 0 1 0 0 1 0 1 1 0 0 0 1 1 1 0 1 1 1 0 1 1 0 0 1 1 0 0 0 1 0 1 0 1 1 0 1 1 0 0
0 0 0 0 1 0 1 0 1 1 0 1 0 0 0 0 1 1 1 0 1 0 1 0 0 0 1 1 1 1 1 0 0 0 1 0 1 1 0 1 1 1 0 0 0 0 1 1 1 1 1 0 0 1 1 1 0 1 0 0 1
0 1 0 0 0 1 1 1 0 1 0 1 1 1 1 1 1 1 1 1 1 1 0 0 0 0 1 0 0 0 0 1 0 0 0 0 0 1 0 1 1 1 0 1 0 0 0 0 0 0 0 0 0 1 0 1 1 1 0 0 1
1 1 1 0 0 1 0 1 1 1 0 0 1 0 1 1 0 0 0 0 1 0 1 1 0 1 0 1 1 1 1 1 1 1 1 1 1 0 0 0 1 0 1 0 0 1 1 1 1 1 0 0 1 1 1 0 1 1 1 0 1
0 1 0 1 1 0 1 1 1 0 0 1 0 0 1 1 0 1 1 0 0 1 1 1 1 1 0 0 0 1 0 1 0 1 0 0 0 1 1 0 0 0 1 1 1 1 0 0 1 0 1 0 0 0 0 1 1 1 1 1 0
0 1 0 1 1 1 0 0 0 1 0 1 0 0 0 0 1 1 1 1 1 0 1 1 0 1 1 1 0 1 0 0 0 0 0 0 1 0 0 1 0 1 1 0 0 0 0 0 0 0 1 1 1 0 1 1 1 0 0 1 0
0 1 1 0 1 0 0 1 1 0 1 1 1 0 0 1 1 1 0 1 0 0 1 1 0 1 1 1 0 1 1 1 0 1 0 0 1 1 1 0 1 1 0 0 0 1 1 1 1 1 0 1 1 1 1 1 0 0 1 0 0
0 0 1 0 1 0 1 0 0 1 0 1 0 1 1 1 1 0 0 1 1 0 0 1 1 0 0 1 0 1 1 1 0 0 0 0 0 0 0 1 1 0 1 1 0 1 1 0 1 0 0 0 0 0 1 1 1 0 1 1 1
1 0 0 0 1 0 0 0 0 0 1 0 1 1 1 0 0 0 0 0 0 0 1 1 0 1 0 1 0 1 0 1 0 0 0 0 0 0 0 1 0 1 1 0 0 0 0 1 1 1 0 1 1 0 1 1 0 0 0 0 1
1 1 0 1 0 0 0 0 1 0 0 0 1 0 1 0 0 1 0 1 0 0 0 1 1 1 0 1 1 0 0 1 1 1 1 0 1 1 0 0 0 0 0 1 0 0 0 0 0 1 0 0 1 0 0 0 0 1 1 0 0
1 1 1 0 0 0 0 0 0 0 1 0 0 1 0 1 1 1 0 0 1 0 0 1 1 1 0 0 0 0 0 1 0 1 0 1 1 1 1 0 0 0 0 1 0 0 1 0 0 1 0 0 0 1 0 1 1 0 1 0 1
0 0 1 1 0 1 0 1 0 0 1 1 0 1 0 0 1 0 1 1 1 0 0 0 0 1 0 0 0 1 1 1 0 0 1 0 0 0 1 1 1 0 1 0 0 1 1 1 1 0 0 1 0 0 1 1 1 0 1 1 0
1 1 0 0 0 1 1 0 1 0 1 1 1 0 1 0 1 1 1 0 0 0 0 0 1 0 0 1 1 1 0 0 1 0 1 1 1 0 1 0 0 0 1 1 1 0 1 1 1 1 1 0 0 1 1 1 0 1 0 0 0
0 1 0 0 0 1 0 0 0 1 1 0 0 1 0 1 0 0 1 0 0 1 1 0 0 0 0 1 1 1 0 1 0 1 0 0 0 0 1 1 1 0 0 1 0 0 0 0 1 0 0 1 0 1 0 1 1 0 1 1 1
0 0 0 1 1 0 0 1 1 1 1 0 1 0 0 1 1 1 1 1 0 1 0 0 0 1 1 0 1 0 1 1 0 0 1 1 0 0 1 1 1 1 1 0 0 0 1 0 0 1 0 0 0 0 0 0 1 1 1 1 0
0 0 1 1 1 0 0 0 1 1 1 0 1 0 1 1 1 0 0 1 0 0 0 0 1 0 1 1 1 0 1 0 0 1 0 1 1 1 0 1 1 1 1 1 1 1 1 1 1 1 0 1 0 1 0 1 1 1 1 1 0
1 1 1 1 1 1 0 0 0 0 0 1 0 0 0 0 0 0 0 0 1 0 1 0 1 0 1 1 1 1 1 0 0 0 0 0 1 0 0 0 1 0 1 1 0 1 1 0 1 0 1 0 0 1 0 0 0 1 0 1 1
0 0 0 0 0 1 1 0 1 0 1 0 0 1 1 0 1 1 0 0 0 1 0 0 1 1 1 0 1 1 1 1 1 1 1 1 1 1 1 1 1 1 0 1 1 0 0 0 0 0 1 1 0 1 1 1 1 1 1 0 0
1 0 0 0 0 1 0 0 1 1 0 0 0 0 1 1 0 1 1 1 1 1 1 1 1 1 0 0 0 0 0 0 1 1 0 1 1 1 0 0 1 1 1 0 0 1 0 0 0 1 0 1 1 1 0 1 1 1 0 1 1
1 1 1 1 0 0 0 1 0 1 1 0 0 1 1 1 0 0 1 0 0 0 0 1 0 0 1 0 0 0 1 0 1 0 1 1 0 1 0 0 1 0 1 1 1 0 0 0 0 1 0 0 1 0 0 0 0 0 0 1 1
0 1 1 0 1 1 1 1 0 0 1 0 0 1 1 1 1 0 1 0 1 0 0 0 0 1 1 0 0 0 0 0 0 1 1 1 0 0 1 0 1 0 0 1 0 1 0 0 1 1 0 0 0 1 0 1 0 1 1 1 0
1 0 1 1 1 1 0 0 0 1 1 1 1 1 1 0 1 1 0 1 1 0 0 1 1 1 0 0 1 0 0 0 0 1 0 1 1 1 0 1 0 0 1 1 1 0 0 1 1 0 0 1 0 1 1 1 0 1 0 0 1
1 0 0 0 0 1 0 0 1 0 1 0 0 1 1 1 0 1 0 1 1 0 0 0 1 0 0 0 1 1 0 1 0 0 0 1 0 1 0 0 1 0 1 0 1 1 1 0 0 0 0 0 0 1 1 0 0 1 1 1 0
0 1 1 0 0 0 0 1 1 1 1 0 0 0 1 1 1 0 0 1 0 1 0 0 0 1 0 1 0 1 0 0 0 0 1 0 0 1 1 0 1 0 1 1 1 1 1 1 0 1 0 1 0 0 1 0 0 1 0 1 1
0 1 0 1 1 0 0 1 0 0 0 1 0 0 1 0 1 1 1 1 0 0 0 1 0 0 0 1 0 0 1 0 1 1 0 1 1 1 0 0 1 0 0 0 0 1 0 0 0 1 0 1 0 1 0 0 1 1 1 0 1
0 0 1 1 1 1 1 0 1 0 1 0 0 1 1 0 0 1 1 1 1 0 1 1 0 0 1 0 1 0 0 0 1 1 1 1 1 1 0 1 1 1 1 1 0 0 0 1 0 1 0 0 1 0 0 1 1 0 0 1 0
1 1 0 0 1 1 1 0 0 0 0 0 1 1 0 0 1 1 1 1 0 1 0 1 1 0 0 1 1 1 0 0 0 1 1 0 0 1 0 1 0 0 0 1 1 1 1 0 0 1 0 0 1 1 0 1 0 1 1 1 1
1 0 0 1 1 0 0 1 1 1 0 1 0 1 0 1 0 1 0 0 0 0 0 0 0 0 1 1 0 0 1 0 0 1 1 1 1 0 1 1 0 0 1 1 0 0 1 1 0 1 1 0 0 0 0 0 0 0 0 0 0
0 0 1 1 1 1 1 1 0 0 0 0 1 0 0 1 0 1 1 1 1 1 1 0 0 0 0 1 1 1 1 0 1 1 0 1 0 1 0 0 1 0 1 0 0 0 1 0 1 0 0 0 1 1 1 0 0 0 0 0 1
0 0 1 1 0 1 1 0 0 1 0 0 1 0 1 1 1 1 0 1 1 0 1 1 1 1 1 0 0 0 1 1 1 0 1 0 1 0 1 1 1 0 1 1 0 1 1 1 0 0 1 1 0 1 0 0 1 0 1 0 1
1 1 1 0 0 1 1 1 1 1 1 1 1 1 0 1 0 0 0 1 0 1 0 0 1 0 0 0 0 0 1 1 1 1 1 1 1 1 0 1 1 1 0 1 1 1 1 0 0 0 0 1 0 1 1 0 1 0 0 0 0
1 1 0 0 1 1 0 1 0 0 0 0 0 1 1 0 0 0 0 1 1 0 1 1 0 0 1 0 1 0 1 1 0 1 0 1 1 0 0 1 1 1 0 1 0 1 0 1 1 1 0 1 1 1 1 0 1 1 1 0 1
1 1 0 1 0 0 0 0 0 1 1 1 0 0 1 1 1 1 0 1 1 0 1 1 0 0 0 1 1 1 0 0 1 0 1 0 1 0 1 0 0 1 0 0 1 0 0 1 0 0 1 0 0 1 1 0 1 1 1 0 0
0 0 1 0 0 1 1 0 1 0 0 1 1 0 1 0 0 1 1 1 1 0 0 0 1 1 0 0 1 0 1 0 0 1 1 1 1 0 1 0 0 0 0 0 1 1 0 1 0 1 1 0 1 1 1 0 0 1 1 1 0
0 1 0 0 0 0 1 0 0 0 0 1 1 1 1 0 0 0 0 1 1 1 0 1 1 1 0 1 1 1 0 1 1 0 1 1 1 1 1 0 1 0 1 0 0 1 0 0 1 1 0 1 0 1 1 1 0 1 1 0 0
0 0 1 1 1 0 1 0 0 0 1 0 1 1 1 1 0 0 0 0 0 0 1 0 1 0 0 0 0 1 1 1 0 0 0 1 0 1 0 1 1 0 1 1 1 1 0 1 1 0 1 0 0 1 0 1 0 0 1 0 0
0 1 1 1 0 0 0 0 1 0 0 0 1 0 1 0 1 0 0 0 1 1 1 1 1 0 0 1 0 0 1 0 0 0 1 1 0 0 0 0 1 0 0 0 0 1 0 1 0 1 0 0 1 1 0 0 1 0 0 0 1
0 0 0 1 0 1 0 0 1 0 0 1 0 0 0 0 1 0 1 1 0 1 1 0 0 1 1 0 0 1 1 0 1 0 1 1 0 0 1 0 0 1 0 1 0 1 0 1 0 0 0 1 0 0 1 0 0 0 0 1 1
0 0 0 0 1 0 0 1 0 0 1 1 1 0 0 0 0 1 0 1 1 0 1 0 1 0 0 1 1 1 0 1 1 0 1 0 1 0 0 1 1 1 1 0 0 0 1 0 1 0 1 1 1 0 0 0 1 1 1 0 0
1 0 0 0 1 1 1 0 0 1 0 1 1 0 0 1 0 0 0 1 0 0 1 0 1 1 0 0 0 1 0 1 0 0 1 1 0 1 0 1 1 0 1 1 1 1 0 1 0 1 1 1 1 0 1 0 1 1 1 1 1
1 0 1 0 1 1 1 1 0 1 1 1 1 0 0 0 1 0 1 0 1 1 0 1 0 0 0 0 0 1 1 1 0 1 1 1 1 1 0 0 0 0 0 1 1 1 0 0 0 1 1 0 1 0 1 0 0 1 0 0 0
1 1 0 0 1 1 1 1 0 1 0 1 0 1 1 0 1 1 1 1 0 1 0 1 1 1 0 1 0 1 1 0 0 0 1 0 1 1 1 0 0 1 1 1 1 0 1 1 0 0 1 1 0 1 1 0 1 1 1 0 0
0 1 0 0 1 0 0 0 1 0 0 1 0 1 0 1 1 0 1 0 0 0 1 1 0 0 0 0 1 0 0 0 0 1 0 0 0 1 0 1 1 1 1 0 0 0 0 0 1 1 0 0 1 0 0 1 1 1 1 0 1
0 0 1 1 1 1 1 1 1 1 0 1 0 1 0 0 1 0 0 1 0 1 0 0 0 1 0 1 0 1 1 1 0 0 0 0 1 0 0 1 0 1 1 1 1 0 1 1 0 0 1 1 1 1 1 0 1 1 0 1 0
0 0 1 1 1 1 0 1 1 0 0 0 0 1 0 0 0 1 0 0 0 1 0 1 1 0 0 1 0 1 0 0 0 0 0 1 1 1 0 1 1 0 1 0 0 0 0 1 1 0 0 0 1 0 0 0 0 1 1 0 0
1 0 1 1 1 0 1 1 0 0 1 0 0 0 1 0 0 1 1 0 0 0 0 1 0 0 0 1 1 0 1 0 0 0 1 1 0 0 1 0 0 1 1 1 1 1 1 0 1 0 1 0 0 1 1 0 1 0 0 0 1
1 0 1 0 0 0 0 0 0 0 0 0 1 1 0 0 0 0 0 1 0 1 1 1 0 1 1 1 1 0 1 1 0 0 1 0 1 0 0 0 1 1 1 0 1 0 1 1 0 1 0 0 1 0 1 1 1 0 0 1 0
0 1 0 1 1 1 0 0 1 0 0 1 1 0 1 0 0 0 1 1 1 1 0 0 0 0 1 0 1 1 0 0 1 1 1 1 1 1 0 0 1 0 1 1 0 0 1 0 1 0 1 1 1 1 0 0 1 0 1 0 1
1 0 0 0 0 1 0 0 0 0 0 0 0 0 1 1 1 0 1 1 0 0 1 1 0 0 0 1 0 0 0 1 1 0 0 0 0 1 1 1 1 1 0 1 0 0 1 1 1 0 0 1 1 1 1 0 0 1 0 1 0
1 1 0 0 0 1 1 1 1 0 1 0 0 0 1 1 0 1 0 1 0 0 0 0 0 1 1 0 0 1 1 0 1 1 1 0 1 1 0 1 0 1 0 0 0 1 1 0 1 1 0 0 0 1 1 0 1 1 1 1 1
1 0 0 0 0 0 1 0 1 1 0 0 1 0 0 1 1 1 1 0 0 1 0 1 1 1 0 1 0 1 0 1 0 0 0 0 1 1 1 1 1 0 1 0 0 0 0 1 0 1 0 1 1 0 1 1 1 1 1 0 1
0 1 1 0 1 0 1 0 0 0 0 1 1 1 0 1 0 0 0 0 1 0 0 1 1 1 0 1 1 0 1 1 0 0 1 0 1 0 1 1 0 1 0 0 1 0 0 0 1 0 1 0 0 0 0 1 1 1 1 1 0
0 0 0 1 1 0 0 0 1 1 1 1 0 1 1 0 1 0 0 0 0 0 0 0 0 1 0 1 1 0 0 1 0 0 0 0 1 1 0 1 0 1 0 1 1 0 1 1 1 1 1 1 1 0 1 0 0 0 1 1 1
1 1 1 1 1 0 1 0 0 1 1 1 0 1 1 1 0 1 0 0 0 1 1 0 1 1 1 1 1 1 0 1 0 0 1 1 1 0 1 1 0 1 1 0 0 1 0 1 0 0 0 1 0 0 1 0 1 1 1 0 0
0 1 0 0 0 0 0 1 0 1 1 0 1 0 1 1 0 0 1 0 0 0 0 1 0 0 0 0 0 1 0 0 0 0 0 1 0 1 0 1 0 1 0 1 0 1 1 1 1 1 0 0 0 0 0 1 0 0 0 0 0
1 0 0 1 0 0 1 0 1 1 1 0 0 1 1 1 0 1 1 1 0 0 1 0 0 0 0 1 1 0 0 0 0 0 1 1 1 1 1 0 1 1 0 1 1 1 0 0 1 1 1 0 0 0 0 1 0 1 0 0 0
0 1 1 1 1 1 1 1 0 1 0 0 0 0 0 0 1 0 0 1 0 1 0 1 1 1 1 1 1 1 0 0 1 0 0 0 0 0 0 0 0 0 0 1 1 0 1 1 0 1 1 0 0 0 0 0 0 1 0 0 1
1 0 1 1 1 0 0 0 1 0 1 0 0 0 1 0 1 1 0 1 1 1 1 0 1 0 0 0 1 1 1 0 0 0 1 1 0 1 0 1 1 1 0 0 1 0 1 1 1 1 0 0 0 1 1 1 0 1 1 0 1
1 0 1 1 0 0 0 1 1 1 0 1 1 1 0 0 0 1 1 1 0 0 0 0 1 1 0 0 0 0 0 0 1 1 1 1 0 1 0 0 1 0 1 1 1 1 0 1 1 1 0 1 1 0 0 0 1 1 0 0 1
0 0 0 1 0 0 1 0 0 1 1 1 0 0 1 1 0 0 1 1 0 0 0 1 0 1 0 1 1 1 1 0 1 0 1 0 1 1 1 1 0 0 1 0 1 0 0 1 1 0 1 0 0 0 1 0 0 0 0 0 0
0 1 0 0 1 0 1 0 0 0 0 0 0 1 0 1 1 0 1 0 0 0 1 0 0 1 1 0 1 1 1 1 1 1 1 1 1 1 1 1 1 0 0 0 1 0 0 1 0 1 0 1 1 1 0 0 1 0 1 0 0
0 0 1 0 0 1 1 1 1 1 1 1 0 1 1 1 0 1 0 1 1 1 0 0 0 1 1 0 0 1 0 0 0 1 0 0 0 0 0 0 1 0 0 1 1 1 0 0 0 0 0 1 1 1 0 0 1 1 1 0 0
0 1 1 1 0 0 1 1 1 1 1 0 1 1 1 0 0 0 1 0 1 0 1 1 0 0 1 1 1 0 0 1 0 1 0 1 1 0 1 0 0 0 0 0 0 1 1 1 0 1 0 1 1 1 0 1 0 1 0 0 0
1 1 1 0 1 1 0 1 0 0 1 1 1 1 0 1 0 0 0 0 0 1 0 0 0 1 1 1 0 0 0 1 0 1 0 0 1 0 1 1 1 1 0 1 0 1 1 0 0 1 0 1 1 0 1 0 0 0 0 0 0
1 1 1 1 0 0 1 1 1 0 0 0 0 0 1 1 1 0 0 0 0 1 1 0 0 1 1 1 0 0 1 0 1 1 1 0 0 0 1 1 1 0 1 0 1 0 1 1 1 0 0 0 0 0 0 0 1 0 0 1 0
1 1 0 0 1 1 1 1 1 1 0 1 1 0 0 0 0 0 0 0 1 1 1 0 1 0 1 1 1 0 0 0 0 1 0 1 0 0 1 1 1 0 1 1 0 0 0 1 0 1 0 0 0 0 0 0 1 1 0 0 0
0 0 1 1 0 1 0 0 0 0 1 0 0 1 0 1 1 0 0 1 0 1 1 1 1 0 0 1 0 0 1 1 1 0 1 1 0 1 1 0 0 0 0 1 0 0 1 0 1 0 0 0 1 0 1 0 1 0 0 1 0
1 1 1 0 1 1 0 0 0 0 0 0 1 1 0 1 0 0 1 1 0 0 0 0 1 1 0 0 1 1 0 1 0 1 1 0 0 1 1 0 0 1 0 0 0 1 1 0 0 0 1 1 0 1 1 0 1 1 1 1 1
1 0 0 0 1 1 0 1 0 0 1 0 1 1 1 0 1 1 0 0 0 0 1 0 0 1 1 0 0 0 0 0 1 0 1 1 0 1 0 0 1 1 0 0 0 1 1 0 0 0 1 1 0 0 0 1 1 1 0 1 0
0 1 0 0 0 1 0 0 1 0 0 1 1 1 1 1 0 0 1 1 1 1 1 0 1 0 0 0 0 0 0 0 0 1 0 0 0 1 0 0 0 0 0 1 1 0 1 1 1 0 1 1 0 0 1 1 0 1 0 0 1
0 1 1 0 1 0 1 1 1 0 0 1 0 0 1 0 0 0 0 1 0 0 0 0 1 1 1 0 1 0 1 0 0 1 1 1 0 1 0 0 0 1 1 0 0 1 0 0 1 0 1 1 0 1 0 1 1 1 0 0 1
0 1 1 0 0 0 1 0 0 1 0 1 1 1 1 1 1 1 1 0 0 0 0 1 0 1 1 1 0 0 1 1 1 0 0 1 0 0 1 1 0 1 0 1 1 1 1 0 1 0 0 1 0 1 1 0 0 1 1 1 1
0 1 1 0 1 1 0 0 1 1 1 1 0 1 1 0 0 1 1 0 1 0 1 0 1 0 1 1 0 1 0 0 0 1 0 0 1 0 0 0 0 1 0 1 0 0 1 0 0 1 1 1 0 1 1 1 0 0 0 1 0
1 0 0 1 0 0 0 0 1 0 0 0 1 1 0 0 0 0 0 0 1 0 0 0 0 0 0 0 1 0 1 1 0 1 0 0 1 0 1 0 0 1 0 0 0 0 0 0 0 0 1 1 0 1 1 1 1 1 1 1 1
0 1 0 0 0 1 0 0 0 1 0 1 0 1 0 1 1 0 0 0 1 1 1 0 0 0 0 0 0 0 0 1 1 0 0 0 1 1 1 0 1 0 0 0 0 0 1 1 1 0 0 0 1 0 1 0 0 0 1 0 0
1 0 1 0 1 0 1 1 0 1 1 1 1 0 1 1 0 0 1 0 1 1 1 0 0 1 0 1 1 0 0 0 0 0 1 0 0 1 0 0 1 0 0 1 1 0 0 1 0 0 0 0 1 0 1 0 0 1 0 1 0
1 0 1 1 1 0 1 0 0 1 1 1 0 0 1 0 0 1 0 1 0 1 0 1 1 1 1 1 1 0 1 0 1 1 1 1 0 1 0 0 0 1 0 1 0 0 0 0 1 0 1 1 1 1 1 0 0 1 1 1 0
0 1 1 0 0 0 0 1 0 0 1 0 1 0 0 1 1 1 0 0 1 1 0 0 0 1 0 0 0 1 1 0 1 0 0 0 0 0 1 0 1 1 0 1 0 0 1 0 0 0 0 1 0 1 0 0 0 1 0 0 0
0 0 0 0 1 1 1 1 0 1 1 0 1 0 1 0 0 1 1 1 0 1 1 1 1 1 1 1 1 0 0 0 1 0 0 0 0 0 1 1 0 0 0 0 1 1 0 0 1 1 0 0 1 0 1 1 0 0 1 0 0
1 0 0 1 0 0 0 1 1 0 1 0 1 0 0 1 1 0 0 1 0 1 1 0 1 0 1 0 0 1 1 1 1 0 1 0 0 1 1 0 0 0 0 1 1 0 0 0 0 0 0 0 0 1 0 0 1 1 0 1 0
1 1 0 1 1 1 0 0 0 1 0 1 0 0 0 1 1 0 1 0 1 0 0 0 0 1 1 1 1 0 1 1 1 1 1 0 0 0 0 0 1 1 1 1 0 0 1 0 0 1 1 0 0 0 0 0 1 1 0 1 0
1 1 0 1 0 1 1 1 0 1 0 0 0 1 0 1 1 1 0 0 0 0 1 1 1 0 0 1 1 1 1 0 1 0 0 1 1 0 0 0 1 1 1 0 0 0 1 1 0 0 0 0 0 1 0 1 0 0 0 0 1
1 0 1 0 0 1 1 1 0 1 0 0 1 0 0 0 0 1 1 0 1 1 0 1 1 1 0 0 0 0 0 1 1 1 0 0 1 1 1 0 0 0 0 0 0 0 0 0 1 1 1 0 0 0 0 0 1 0 1 1 0
1 1 0 0 1 0 1 0 0 0 0 0 0 0 1 0 0 1 0 0 0 0 1 1 0 0 0 0 1 1 0 1 0 0 0 0 0 1 1 1 0 0 0 0 0 1 0 1 1 0 0 0 0 1 0 1 1 1 0 0 0
C Elapsed Time 202115.120000 
