705 67 2^67 6
0 1 0 0 0 1 0 0 1 1 0 1 1 0 0 1 0 1 1 1 0 0 1 0 0 0 0 1 1 1 1 0 1 0 0 0 0 0 0 1 1 1 1 0 1 0 1 1 1 1 0 1 0 0 1 1 1 0 1 0 0 1 1 0 0 1 0
0 0 1 1 0 1 0 1 1 1 1 0 1 0 0 1 1 1 0 0 0 1 0 0 1 0 1 0 0 0 1 0 0 0 0 0 1 0 1 0 0 0 1 1 1 0 1 1 1 0 1 1 0 1 0 0 0 1 0 1 1 1 1 0 0 1 1
0 0 1 0 0 0 1 0 0 1 0 1 1 0 1 0 1 0 0 1 0 1 1 0 0 0 0 1 0 1 1 0 0 0 0 1 0 1 0 0 1 0 1 1 0 0 1 1 1 1 1 0 0 0 0 0 0 1 0 1 1 1 1 0 0 1 0
1 1 0 1 1 0 1 0 0 0 1 0 0 1 1 1 0 1 1 0 1 1 1 0 1 0 0 1 1 1 0 0 1 0 0 1 1 1 1 1 0 1 1 0 1 1 0 0 1 0 0 1 1 1 1 1 1 0 0 0 1 0 0 0 0 0 0
1 1 0 1 0 1 0 0 0 1 1 0 1 1 0 1 1 0 1 1 1 0 1 1 0 1 0 0 0 1 0 0 1 0 0 0 1 0 0 1 0 0 0 0 0 0 0 0 0 1 0 0 0 0 1 0 1 0 1 1 0 0 0 1 0 1 0
0 1 0 0 0 0 0 1 1 0 1 1 0 0 1 1 0 1 0 0 1 0 0 0 1 0 1 1 1 1 0 0 1 1 0 1 0 1 1 0 0 1 1 1 0 1 0 1 0 1 0 0 0 1 1 0 1 1 1 1 0 1 1 1 0 0 1
0 1 0 1 1 0 1 0 1 1 1 1 1 0 1 0 1 0 1 0 0 0 0 0 1 1 0 1 1 0 1 0 1 1 0 0 0 1 0 0 1 1 1 0 1 1 1 1 0 0 1 1 1 0 0 0 0 1 1 0 1 0 0 1 0 0 1
1 0 0 0 0 1 1 0 0 0 1 0 1 1 1 0 0 1 0 1 1 0 1 1 0 0 0 1 1 1 1 0 0 0 0 0 1 0 1 1 0 1 0 1 1 1 1 0 0 0 1 1 1 1 0 0 1 0 0 1 0 1 1 1 0 0 1
1 0 0 0 1 0 0 0 0 0 1 0 1 1 1 1 1 0 1 0 1 1 0 1 0 0 0 0 1 0 0 1 0 1 0 1 0 1 0 0 1 0 0 0 0 0 1 0 0 0 0 0 1 1 0 1 0 0 0 0 0 1 0 0 0 1 0
1 0 0 1 0 0 0 0 1 0 1 1 1 1 0 0 1 1 1 1 1 1 1 0 0 1 0 0 0 0 1 1 0 1 0 0 1 0 1 0 0 0 0 0 1 0 0 0 0 0 0 1 0 0 0 0 0 1 1 1 0 0 0 0 0 0 0
0 0 1 1 0 0 1 1 1 1 1 0 1 1 1 1 1 1 0 1 1 1 0 1 1 1 1 1 1 1 0 1 0 0 0 1 0 1 0 0 1 0 0 0 1 0 0 0 1 1 1 1 1 0 1 0 0 1 1 0 1 1 0 0 0 0 0
1 0 1 0 1 1 1 1 1 0 1 1 0 1 1 0 1 1 0 1 0 1 1 1 1 1 0 0 1 1 0 1 0 1 0 1 1 1 1 0 0 0 0 0 0 0 0 1 1 1 1 0 1 1 0 1 1 0 0 1 0 0 1 0 0 0 1
1 1 0 1 0 1 0 1 1 0 1 0 0 0 0 0 0 0 0 0 0 1 1 1 0 0 0 0 1 0 1 1 0 0 0 1 0 1 0 0 0 1 0 0 1 0 0 1 0 0 1 0 1 1 1 1 0 1 0 1 1 0 1 1 0 0 0
0 1 0 1 1 1 0 1 0 1 0 1 1 1 0 1 0 0 0 1 1 1 1 1 0 0 0 1 1 1 0 1 0 1 0 0 1 1 1 0 0 1 1 1 1 1 0 1 1 1 0 1 1 0 0 1 0 1 1 1 1 0 0 1 0 0 1
0 1 0 0 1 0 1 0 0 0 0 0 0 1 1 1 1 0 0 0 1 1 1 1 1 1 0 0 0 0 0 1 1 0 0 1 1 0 0 1 0 1 1 0 1 0 1 1 0 0 1 0 0 0 0 0 0 0 0 0 1 1 0 1 0 0 1
1 1 0 1 1 0 1 1 1 0 1 0 0 0 1 1 1 0 1 1 1 0 1 1 1 0 0 1 1 1 1 1 0 1 0 0 0 0 1 1 1 0 1 0 0 1 0 1 0 1 1 0 0 1 1 1 1 0 0 0 1 1 0 1 0 1 1
1 1 1 0 1 1 0 1 0 1 0 0 1 0 0 0 1 0 0 0 1 1 0 0 1 1 1 1 0 0 0 0 1 1 0 1 0 0 0 0 0 1 0 0 1 0 1 1 1 1 0 1 1 1 1 1 1 0 1 0 0 1 0 0 1 0 1
1 0 1 0 1 0 0 0 1 0 1 0 1 1 0 1 0 0 1 1 0 0 1 1 1 0 0 1 1 1 1 0 0 1 0 0 1 1 1 0 1 0 1 1 0 0 1 0 0 1 0 1 1 0 1 0 0 1 1 0 1 0 1 0 1 1 1
1 0 1 0 1 0 1 0 1 1 1 1 1 1 1 0 0 1 0 0 1 1 1 1 1 1 0 0 1 0 0 0 1 1 0 0 0 1 1 1 0 1 0 1 1 0 0 0 1 1 1 0 0 1 1 0 0 0 0 1 0 0 0 0 1 1 0
0 1 0 0 0 1 0 0 1 0 0 1 1 0 0 0 1 1 0 1 1 1 1 0 0 0 1 0 1 1 0 0 1 0 0 0 0 1 0 0 1 0 0 1 0 1 0 0 0 1 0 1 1 1 0 0 0 1 0 1 0 1 1 1 1 1 1
1 0 0 1 0 0 0 0 0 1 1 1 1 0 1 0 1 1 0 0 0 0 1 0 0 0 1 0 0 0 0 0 0 0 0 1 0 1 1 1 1 0 1 1 0 1 0 0 0 0 1 0 0 1 1 1 0 0 0 0 1 0 1 1 1 1 1
0 1 0 0 1 0 1 1 0 0 0 1 1 1 0 1 1 1 1 1 1 1 0 0 1 0 0 1 1 0 0 0 0 1 0 1 0 0 0 1 1 0 1 0 1 0 0 1 0 0 1 0 1 0 1 0 0 0 0 1 1 1 1 1 1 0 1
1 0 1 0 1 1 1 0 0 0 0 1 0 0 0 1 1 1 0 1 1 0 1 1 0 1 0 1 1 1 0 0 0 1 0 1 0 1 1 1 1 0 0 0 1 1 1 0 0 1 0 0 1 0 1 0 0 0 1 1 0 0 1 1 1 1 0
1 0 1 1 0 0 0 0 1 1 0 1 1 1 0 1 0 1 0 1 0 0 0 0 1 1 0 1 1 0 1 1 1 0 0 1 0 1 0 0 1 0 1 1 1 1 0 0 1 1 1 1 0 1 0 1 1 0 0 0 1 0 1 0 1 1 0
1 1 1 0 0 0 1 1 0 0 1 0 0 0 1 1 1 1 1 0 1 1 0 0 0 0 1 0 1 1 1 1 0 0 0 1 1 1 0 1 0 0 1 1 0 1 1 1 0 1 0 0 1 1 0 1 1 1 1 1 1 1 0 0 1 0 0
0 0 1 0 1 1 1 1 0 0 0 0 0 1 1 0 0 0 1 1 1 1 1 0 1 0 0 1 1 0 1 1 1 0 0 0 1 1 1 0 1 1 1 0 1 0 0 1 0 1 0 0 0 1 0 0 1 1 0 1 1 1 0 0 1 0 1
1 1 0 1 1 0 0 0 0 1 1 1 1 0 0 0 0 0 1 1 1 0 1 0 0 1 0 1 1 1 1 1 1 0 0 0 1 0 0 1 1 1 1 1 1 0 1 0 0 1 0 1 1 1 0 1 1 1 0 0 0 0 0 1 1 1 0
0 1 0 1 0 1 0 1 0 1 0 0 1 0 0 1 0 0 1 1 1 0 1 1 1 0 1 0 1 1 1 1 0 0 0 0 0 0 1 0 1 0 1 1 0 0 1 1 0 0 1 0 1 0 0 0 0 1 0 1 0 1 0 1 1 0 1
0 0 1 0 1 0 1 0 0 1 1 0 1 0 0 0 1 1 0 1 1 1 1 1 1 1 0 1 1 0 1 1 0 0 0 1 0 1 0 1 0 0 0 1 1 1 0 1 0 1 0 1 0 1 0 1 0 0 1 1 0 0 0 1 1 0 0
1 1 1 0 0 0 0 1 0 1 0 1 0 1 0 1 1 1 0 1 1 0 0 1 0 0 0 1 1 0 0 0 1 0 1 1 1 1 0 1 1 1 0 0 0 0 1 0 0 0 0 1 1 1 1 0 1 1 0 1 1 1 1 0 0 1 1
1 0 0 1 0 1 0 0 1 1 1 0 0 0 1 0 0 0 1 1 0 0 0 0 0 0 0 0 1 0 0 0 1 0 1 0 1 0 1 0 0 1 0 1 0 0 0 1 1 0 1 1 1 1 1 1 0 0 1 0 0 0 0 0 0 1 1
1 1 0 1 0 1 1 1 0 0 0 0 0 1 0 1 0 1 0 0 1 0 0 1 1 1 0 1 1 0 1 0 0 1 1 0 1 1 1 0 1 1 1 0 1 0 0 1 0 0 1 1 1 0 0 1 1 1 1 0 0 1 1 0 0 0 0
0 0 0 0 1 0 0 1 0 1 1 1 1 1 0 0 1 0 1 0 1 0 1 1 1 0 1 0 1 1 1 0 1 0 1 1 1 1 1 0 0 1 1 1 1 0 1 0 0 0 1 0 0 0 0 0 1 1 0 0 1 0 1 1 0 1 0
0 0 0 0 1 0 1 1 0 0 1 1 1 1 1 0 0 0 0 0 0 0 0 1 0 0 0 1 0 0 0 0 1 1 1 0 0 0 0 0 1 0 0 0 1 1 0 1 1 1 1 1 0 0 0 0 0 0 1 0 0 1 0 1 0 1 1
0 1 1 1 1 1 1 1 1 1 1 1 0 1 1 0 0 1 0 0 0 0 0 1 1 1 0 1 0 1 0 0 0 1 1 1 1 0 1 1 1 1 1 0 1 0 1 1 0 1 1 1 0 1 1 1 0 0 0 1 1 0 1 1 0 0 1
0 1 1 1 1 1 0 1 1 1 0 0 0 0 1 0 0 0 0 1 1 0 1 1 0 1 0 0 1 1 1 1 0 0 1 0 1 0 0 0 0 0 1 1 0 1 1 1 1 1 0 0 1 1 0 0 1 1 1 0 1 1 0 0 0 1 1
0 0 1 0 0 0 0 0 0 0 0 1 1 0 0 1 0 0 0 1 0 1 0 1 0 1 1 1 0 0 1 1 0 1 1 1 0 1 1 1 0 1 0 0 0 0 0 1 0 1 0 0 0 1 1 1 0 0 0 1 0 1 0 0 0 1 1
0 0 1 0 1 1 1 1 0 1 0 1 1 0 1 1 0 1 1 0 1 0 0 1 0 0 0 0 0 1 0 1 1 1 1 0 1 1 0 0 0 0 0 1 0 0 0 0 1 0 0 1 0 1 1 1 1 0 0 0 0 1 1 0 0 0 0
1 0 1 0 1 1 1 0 0 1 1 1 0 1 1 0 0 0 1 0 1 1 0 0 1 0 0 1 0 1 1 1 1 1 1 0 0 1 1 0 0 1 0 1 1 0 0 1 0 1 0 1 1 1 0 0 0 1 1 1 0 1 1 0 0 1 0
1 1 1 0 0 0 0 0 0 0 1 1 1 0 0 0 0 1 0 0 1 0 0 1 0 1 0 0 1 1 1 1 0 1 1 0 0 0 0 0 1 1 0 1 1 0 1 1 1 0 1 1 0 0 1 0 0 1 0 0 1 0 0 1 0 1 1
0 0 0 1 0 0 0 1 1 0 1 1 0 1 0 1 1 0 1 0 0 1 1 1 0 1 1 1 0 1 1 1 1 0 1 0 0 1 1 1 1 1 1 0 1 1 0 0 0 0 0 0 0 0 1 1 0 0 1 1 1 0 1 1 0 1 1
0 0 0 1 1 0 1 1 0 0 1 0 0 0 0 0 0 0 1 0 1 0 1 1 0 0 1 0 0 1 0 1 0 1 1 1 0 0 1 0 1 0 0 1 1 0 1 1 0 1 0 1 0 0 1 0 1 1 1 1 1 1 0 1 0 0 0
0 1 1 1 0 0 0 1 1 0 0 0 0 1 1 1 1 0 1 1 1 0 1 1 0 0 0 0 0 1 0 0 1 1 1 0 0 1 0 0 1 1 0 1 1 0 0 1 0 1 0 0 0 0 1 1 0 1 0 0 0 0 0 0 1 0 0
1 1 0 0 1 1 1 1 0 1 0 0 1 1 0 1 0 1 1 1 1 1 1 1 0 1 1 1 0 0 1 0 0 1 1 0 0 1 0 1 1 0 1 1 0 0 0 1 0 1 0 1 0 1 1 0 1 0 1 0 1 1 0 0 1 1 1
1 1 0 1 0 1 0 1 0 1 0 0 0 0 1 1 1 1 0 1 1 1 0 0 1 1 1 1 0 1 1 0 1 0 1 1 0 1 0 0 1 0 1 1 1 1 0 1 1 1 0 0 0 0 0 0 1 1 1 1 1 0 0 1 1 1 1
0 1 1 0 1 1 0 0 1 1 0 1 0 0 0 1 0 1 1 0 0 0 0 1 1 1 1 0 1 0 0 0 0 0 1 0 0 1 1 0 1 1 1 0 1 0 0 0 0 0 1 1 0 0 1 0 0 0 1 0 0 1 0 1 1 0 0
0 1 0 1 1 0 1 1 1 1 1 1 0 0 0 1 0 1 0 0 1 1 1 1 1 0 1 1 0 0 0 0 1 0 1 0 1 0 1 1 1 1 0 1 1 0 1 0 1 1 1 0 1 1 1 0 1 1 1 0 1 0 0 1 1 0 1
1 1 0 0 1 1 0 0 1 1 1 0 0 1 0 0 0 1 1 1 1 0 1 0 1 0 0 0 1 0 0 1 1 0 1 0 1 1 1 0 1 1 0 1 0 1 1 1 1 0 0 1 0 0 0 0 1 1 0 1 1 0 1 0 1 0 0
0 0 0 1 1 1 1 0 1 0 0 1 1 0 0 1 1 1 0 0 1 0 1 1 1 1 1 1 0 0 0 1 0 0 1 0 0 0 0 0 1 0 1 1 0 1 1 1 0 1 0 0 0 0 1 1 0 1 0 1 1 1 1 0 1 0 1
1 1 0 1 0 1 1 1 1 0 1 0 1 0 0 0 1 0 1 1 1 1 1 1 1 1 1 1 0 1 1 1 1 1 1 1 1 0 1 0 0 1 0 1 1 1 1 0 0 1 1 0 0 1 0 1 0 0 1 0 0 0 0 0 1 0 1
0 0 0 1 0 0 0 1 1 0 1 0 1 1 0 1 1 1 1 0 0 0 0 0 0 0 1 1 1 1 1 1 1 0 1 0 0 0 0 1 0 1 0 0 0 0 1 1 0 0 1 1 1 1 1 1 0 0 0 0 1 1 1 1 1 1 1
0 1 0 0 1 0 0 0 0 0 0 1 1 0 0 0 1 0 0 1 0 0 0 0 1 0 0 1 0 1 0 1 1 1 1 0 1 0 1 0 1 0 1 1 0 1 1 1 0 0 0 1 1 1 1 1 1 0 1 1 0 1 1 1 1 1 0
1 1 0 0 0 1 0 0 0 0 1 0 1 1 1 0 1 0 1 0 0 1 0 1 0 1 0 1 0 1 1 0 1 1 0 1 0 0 1 1 0 0 1 1 0 1 1 1 1 0 1 0 1 1 1 0 0 0 1 1 1 1 0 0 0 0 1
1 1 0 1 0 0 1 0 0 0 1 0 1 0 0 1 0 1 1 0 1 0 0 0 1 0 1 1 0 0 1 0 1 0 1 1 0 0 1 1 0 1 1 1 0 0 0 1 0 0 1 0 0 1 1 1 1 1 0 1 0 0 1 1 1 1 0
1 1 0 0 0 1 1 1 0 0 1 1 0 0 1 1 1 1 0 1 0 0 0 0 0 1 0 0 1 0 0 1 1 0 0 0 0 0 1 0 1 1 1 0 1 0 1 0 0 0 1 0 0 1 1 0 1 1 1 0 1 0 0 0 0 1 0
0 0 0 1 1 1 1 1 0 0 1 1 0 1 0 0 1 1 0 0 1 1 0 0 0 1 0 1 0 0 0 1 1 1 1 1 1 1 1 1 0 0 0 1 0 1 0 0 1 0 0 0 1 1 0 0 0 1 1 1 1 0 0 0 1 1 1
0 0 0 0 1 1 1 0 0 1 1 1 0 1 1 1 1 0 1 0 1 0 0 1 0 0 1 0 1 1 1 0 0 0 0 0 1 0 1 1 1 1 0 1 0 1 0 1 0 1 0 0 0 0 1 1 1 1 1 0 0 0 0 0 1 0 1
1 1 1 1 0 0 1 0 1 1 1 0 0 1 0 0 1 1 0 1 1 0 1 0 1 0 1 1 0 0 1 0 1 1 0 1 1 0 1 0 1 1 1 0 0 1 0 1 0 1 0 0 1 0 1 1 0 1 1 1 1 0 1 0 0 1 0
0 1 0 1 0 0 1 0 1 0 0 1 0 0 1 0 0 1 1 1 1 0 0 0 1 1 1 0 0 1 0 1 1 1 0 0 1 0 1 1 0 1 0 0 1 1 0 1 1 0 0 1 1 0 1 0 1 1 1 0 0 1 0 0 1 1 1
0 1 1 1 0 1 1 1 1 0 1 1 0 0 0 1 0 1 0 1 1 1 0 0 0 0 0 1 1 1 1 1 0 1 1 1 0 1 1 0 1 1 0 1 0 1 1 0 0 0 1 1 0 1 0 0 0 1 0 0 1 0 0 0 0 0 0
1 0 1 1 1 0 1 1 1 0 1 1 0 0 0 0 0 1 1 1 0 0 0 1 0 1 0 1 0 1 1 1 0 0 1 0 1 1 1 0 0 0 1 1 1 1 0 1 0 1 1 0 1 0 1 0 0 1 0 1 0 0 1 1 1 0 0
1 1 1 1 0 1 1 1 1 0 0 0 0 0 1 0 0 1 1 0 0 1 0 1 0 1 1 0 0 0 0 0 0 1 0 1 1 0 1 0 0 0 1 1 0 0 0 0 0 1 1 0 0 1 1 0 1 1 0 0 1 0 0 1 1 1 0
1 0 0 0 1 1 0 1 1 0 1 1 0 1 1 0 1 1 1 1 0 0 1 0 1 0 0 0 0 0 1 1 0 1 0 1 0 1 0 0 1 1 1 0 1 0 0 0 1 1 1 0 0 0 1 1 1 1 1 1 0 0 0 1 1 1 1
0 1 1 0 1 1 0 0 1 1 0 0 1 0 1 1 0 1 0 1 1 0 1 0 1 1 1 0 1 0 1 1 0 0 0 1 1 0 1 1 0 0 1 0 0 0 1 0 0 1 1 1 1 1 1 1 1 0 0 1 0 1 0 1 1 1 0
0 0 1 1 1 1 1 0 0 0 1 0 0 0 0 1 1 1 1 0 0 1 1 0 1 1 0 0 1 1 0 1 1 1 0 1 1 0 1 1 1 1 0 1 0 0 1 0 0 0 1 0 1 0 0 1 0 1 1 1 0 0 0 1 0 0 0
1 0 1 0 0 1 0 1 0 0 1 0 0 0 1 1 0 0 1 1 1 0 1 1 0 1 0 1 0 0 1 0 0 1 0 1 1 0 0 1 0 0 1 0 1 1 0 1 0 0 0 0 0 0 0 1 1 1 0 1 1 0 1 0 1 1 1
0 0 0 1 1 0 0 1 0 0 1 1 1 1 1 0 1 0 0 0 0 1 0 0 0 1 1 1 1 1 1 0 0 1 1 1 1 0 1 1 0 0 1 0 1 0 1 1 1 0 1 1 0 0 0 1 1 0 0 0 0 1 0 1 1 1 0
0 1 1 1 0 1 0 1 1 0 0 0 1 1 1 0 1 1 0 0 1 1 1 1 1 1 0 0 1 0 1 0 1 1 1 0 0 0 1 1 1 0 0 0 0 1 1 0 0 0 1 1 1 0 0 0 1 1 1 1 1 0 0 1 0 1 0
0 1 0 1 1 0 0 1 1 1 1 0 1 1 1 0 0 1 0 1 1 1 0 0 0 0 1 1 1 0 1 0 0 0 0 0 1 0 0 1 1 0 0 1 0 0 1 1 0 0 0 0 1 0 1 0 1 1 1 1 0 0 1 1 1 0 1
1 1 1 1 0 1 0 1 1 0 1 1 1 1 1 1 0 1 0 0 0 1 0 1 0 1 0 0 0 1 1 0 0 0 1 0 1 0 1 0 0 1 0 1 0 1 1 0 0 1 1 1 0 1 0 1 1 0 1 1 0 0 1 0 1 1 0
1 0 0 0 1 1 1 0 0 1 0 0 0 0 1 0 1 0 1 1 0 0 1 1 1 1 0 0 0 0 1 0 0 0 1 0 1 1 0 1 1 0 1 0 0 0 1 1 1 0 0 1 1 0 0 1 0 1 0 1 0 1 0 1 0 0 0
0 0 1 1 0 1 0 0 0 1 0 1 0 0 1 0 1 1 1 0 0 0 1 1 0 1 0 1 1 0 0 1 1 1 0 1 0 0 1 0 0 1 1 1 1 1 1 0 1 1 0 0 0 0 0 1 0 1 0 1 0 0 0 1 0 1 0
1 1 0 1 1 0 0 1 0 1 1 1 1 1 0 1 1 1 0 0 0 1 0 1 0 0 1 1 1 1 0 0 0 0 1 0 0 1 0 1 1 1 1 1 0 0 0 0 0 1 1 0 1 0 0 1 0 1 1 1 0 1 1 1 0 0 0
1 1 0 0 1 0 1 0 0 0 1 1 0 0 1 0 1 1 0 1 0 0 0 1 0 0 0 1 0 0 1 1 1 1 0 1 0 1 0 1 0 1 1 0 0 1 0 0 0 1 1 1 1 0 1 1 0 0 0 0 0 1 1 0 1 0 0
0 0 0 0 0 0 0 1 0 0 1 0 0 0 1 0 1 0 0 1 0 1 1 0 1 1 0 1 0 1 0 1 0 0 0 0 0 1 1 0 0 1 0 0 1 0 1 0 0 1 1 1 1 0 0 1 1 0 0 1 1 0 0 0 1 1 0
1 1 0 1 0 0 0 0 0 0 0 1 0 0 1 0 0 1 1 1 0 1 0 1 0 1 0 1 1 0 1 0 0 1 0 0 1 1 1 1 1 1 1 0 0 1 0 1 0 0 1 1 0 1 0 0 0 0 1 1 1 1 1 1 1 1 0
1 0 1 1 1 0 0 0 0 0 0 1 0 0 0 1 1 0 0 0 1 1 1 0 1 0 1 0 1 1 1 1 1 1 1 0 1 1 0 0 1 1 1 0 1 0 0 1 1 0 0 1 1 0 0 1 0 1 0 1 0 1 0 0 1 1 0
1 1 1 1 1 1 1 1 1 1 1 1 0 0 0 0 1 1 0 1 0 0 1 0 0 0 1 1 1 0 0 1 0 0 1 1 1 1 0 0 1 1 1 0 0 0 0 1 0 0 0 0 0 1 0 1 1 0 0 1 0 1 1 1 0 1 0
1 1 0 1 0 0 0 0 1 1 0 0 0 0 0 1 0 1 0 1 0 1 1 1 0 1 0 1 0 0 0 1 1 1 1 1 1 0 1 1 0 0 0 1 0 0 1 1 1 0 0 1 0 1 0 1 1 0 0 0 0 0 1 1 0 0 0
1 1 1 1 0 0 0 1 1 0 0 1 0 0 0 0 1 1 0 0 1 0 1 0 1 1 1 1 1 0 1 1 0 0 1 0 0 1 1 1 0 0 1 0 1 0 0 1 1 0 1 0 1 1 1 0 0 0 1 1 1 1 0 0 1 0 1
1 0 0 1 1 1 1 1 1 0 1 1 0 1 1 1 1 1 0 1 0 0 1 0 1 0 0 0 1 0 0 1 1 1 1 0 1 0 0 0 0 1 1 0 1 1 1 0 0 1 1 1 1 1 0 1 0 0 1 1 0 1 1 0 1 0 0
0 0 1 0 0 0 0 1 1 0 1 1 0 0 0 1 1 1 0 0 1 0 0 0 1 1 0 0 0 0 0 1 0 0 1 0 1 0 0 1 1 1 1 1 0 0 0 0 1 1 0 0 0 1 0 1 1 0 1 0 1 1 1 1 1 0 0
1 1 0 0 1 1 0 1 0 0 0 1 1 0 1 0 0 0 0 1 1 0 1 0 1 1 0 1 0 1 1 1 1 0 0 1 1 1 0 1 1 0 0 0 0 0 0 0 1 0 0 0 0 0 1 1 0 0 1 1 1 0 1 0 0 1 0
1 0 0 1 1 0 0 0 0 0 1 0 1 1 1 0 0 1 1 1 1 1 0 0 0 1 1 1 0 1 1 0 0 1 1 1 0 0 0 1 0 0 1 0 0 1 0 1 1 1 1 1 1 1 0 0 1 1 1 0 0 0 1 0 0 1 0
0 1 1 1 0 1 1 1 0 0 1 0 1 0 0 0 0 0 1 0 1 1 1 0 1 1 0 0 1 1 0 0 0 0 0 0 1 1 1 0 0 0 0 1 1 0 1 1 1 0 0 0 0 1 0 0 0 0 1 0 0 1 0 1 0 1 0
0 1 1 0 0 1 1 0 1 0 0 0 0 1 0 1 0 0 1 1 0 0 0 1 1 1 1 1 1 1 0 0 1 1 1 0 0 0 0 1 0 0 0 1 0 1 0 1 1 1 0 1 1 1 1 1 0 1 1 1 0 1 0 1 1 1 1
0 0 1 0 1 1 0 1 0 0 1 1 1 1 0 1 1 1 0 0 0 1 1 0 1 1 1 0 0 0 1 0 1 0 0 0 0 1 0 0 0 1 1 0 0 0 1 1 0 1 0 0 1 0 1 1 1 1 0 0 1 1 1 1 0 1 0
0 0 1 1 1 1 1 1 1 0 0 1 1 0 1 1 1 0 1 0 0 0 0 1 0 1 0 1 0 0 1 0 1 0 0 0 1 1 0 1 1 0 1 1 0 1 0 1 0 1 1 1 1 1 0 1 0 1 0 0 1 0 0 0 0 1 0
0 0 0 1 0 1 0 1 0 0 1 0 0 1 0 1 0 0 1 0 1 0 0 0 1 0 1 0 1 0 0 0 0 1 1 0 1 1 1 0 0 0 0 0 0 0 1 0 0 1 1 0 1 1 0 1 1 1 1 1 1 0 1 1 1 1 1
1 1 0 0 1 1 1 0 0 1 1 0 1 0 0 0 0 1 0 1 0 1 1 0 0 1 1 1 1 1 0 1 0 0 1 0 1 1 0 1 0 0 0 0 1 0 0 0 1 0 1 1 1 1 0 0 0 1 0 0 0 1 1 1 1 1 0
1 1 1 1 1 0 1 1 0 1 0 0 1 1 0 0 0 0 0 1 0 0 0 1 0 1 1 1 0 0 1 1 1 1 1 1 0 1 1 1 1 1 0 0 1 1 0 0 1 0 1 0 1 0 0 0 1 0 0 1 1 0 1 1 0 0 0
0 0 1 0 1 1 1 0 1 0 1 1 1 1 1 0 1 1 0 1 0 0 1 0 1 1 1 1 1 1 1 1 0 1 1 0 0 0 1 1 1 0 1 1 0 1 1 0 1 0 0 0 0 0 1 0 1 0 1 0 0 1 1 1 0 0 1
1 1 1 1 1 0 0 0 0 0 1 1 1 1 0 1 1 1 0 1 0 0 0 0 0 0 0 1 0 1 0 0 0 1 1 0 1 1 1 1 0 1 0 0 1 0 1 1 1 1 0 1 0 1 0 0 1 0 1 0 1 1 0 0 0 0 1
1 1 0 0 1 1 0 1 1 0 1 0 1 0 1 1 0 1 0 0 1 0 1 0 0 1 1 0 0 1 0 0 0 1 1 0 1 1 1 1 0 0 0 0 0 1 0 1 0 1 0 1 1 0 1 1 0 0 0 0 1 1 0 1 1 0 1
0 1 1 1 0 0 1 1 0 0 1 1 0 0 0 0 0 0 1 1 0 1 0 1 0 0 0 1 1 1 0 1 1 1 0 0 0 0 0 0 1 1 0 1 1 1 0 0 0 1 0 0 0 1 1 1 0 1 1 1 0 0 1 0 0 0 1
0 1 1 1 0 1 0 1 1 1 0 1 0 1 0 1 1 1 1 1 0 0 1 0 0 1 1 1 1 0 0 1 1 1 0 0 1 0 0 1 1 0 1 1 0 0 0 0 0 1 1 0 1 1 0 0 0 0 0 1 1 0 1 0 1 0 0
0 1 1 1 0 0 1 0 1 1 0 1 0 1 0 0 1 1 0 1 0 1 0 0 0 1 0 0 0 1 0 0 1 1 1 1 0 0 0 0 0 1 1 0 1 0 0 0 1 0 1 0 1 0 1 1 0 0 0 0 0 0 1 0 0 1 1
1 1 0 0 0 1 1 0 1 0 0 0 0 1 0 0 1 1 0 0 0 1 1 0 0 1 0 1 1 0 1 0 0 0 0 1 1 1 0 1 1 1 0 0 1 1 0 1 1 1 0 0 0 0 1 0 1 0 1 0 1 1 0 1 0 0 1
0 0 0 0 0 1 0 0 1 1 1 0 1 0 1 0 1 0 1 0 0 1 1 0 1 0 0 1 0 1 1 0 1 0 0 0 1 0 0 1 0 0 0 1 0 1 0 1 1 1 1 0 0 1 0 0 1 0 0 0 0 0 1 1 1 0 1
1 0 0 0 0 1 1 1 1 0 1 0 1 1 1 1 0 1 1 0 0 0 0 1 1 1 0 0 1 0 1 1 0 1 1 1 1 1 0 0 0 1 0 0 0 1 1 1 1 1 0 0 0 0 0 0 0 0 1 0 1 0 0 0 0 1 0
1 1 0 0 0 1 0 1 1 0 1 1 1 1 1 1 1 1 1 0 0 0 0 1 1 1 1 1 1 0 1 0 0 1 0 0 1 1 1 1 0 1 1 1 1 0 0 0 1 0 0 1 1 1 1 1 0 0 0 0 0 0 1 1 0 1 0
0 0 1 0 0 0 0 0 0 0 1 0 1 0 0 0 1 1 1 1 1 1 0 0 0 0 1 0 1 0 0 1 0 0 1 1 0 0 1 1 1 1 1 0 1 1 0 1 0 1 0 1 1 0 1 0 0 0 1 0 1 0 0 0 1 0 1
0 0 0 0 1 1 0 1 0 0 0 1 1 1 1 1 0 0 0 0 0 1 1 0 0 0 1 0 0 0 0 0 0 1 0 1 1 0 1 0 1 1 1 1 1 0 0 0 1 1 0 1 1 0 0 0 0 1 0 0 0 1 1 0 1 0 0
0 1 0 0 1 0 1 0 1 0 1 1 0 0 1 1 0 1 1 1 0 1 1 1 0 1 0 0 0 1 1 0 0 1 0 0 0 1 0 0 0 0 1 1 0 0 0 1 0 0 0 0 1 0 0 1 0 0 1 0 0 1 1 0 1 0 0
1 0 1 1 0 0 1 1 1 1 0 0 0 0 0 1 0 1 1 1 0 1 1 1 0 0 1 0 1 1 1 0 0 0 1 0 0 1 1 0 0 1 1 0 1 1 1 0 1 0 0 1 0 1 0 1 1 1 1 1 0 1 0 1 0 1 1
0 1 0 1 0 0 1 1 1 1 1 0 1 0 1 0 0 1 0 0 0 1 0 1 1 0 0 1 0 1 1 1 1 1 0 1 1 0 0 0 1 1 1 1 1 0 1 0 1 0 0 1 1 0 1 1 1 1 0 1 1 1 1 1 1 0 0
1 1 0 1 1 1 1 1 1 1 0 1 1 1 1 0 0 1 1 0 1 0 0 0 0 0 0 0 1 0 0 1 1 1 0 0 0 1 1 1 1 1 0 0 0 0 1 1 0 0 0 0 1 1 1 1 0 0 1 1 1 1 0 1 1 0 0
1 0 0 1 1 0 0 1 1 1 0 0 1 1 1 0 0 1 1 1 0 1 1 1 0 1 0 0 0 0 0 0 0 1 0 0 0 0 1 0 1 1 0 1 1 1 0 1 1 1 1 0 0 0 1 0 1 1 0 0 1 1 1 0 0 0 1
0 1 1 0 1 1 0 1 0 1 1 0 0 1 0 0 1 0 1 1 0 1 0 1 0 0 0 1 1 0 1 1 0 0 1 0 1 0 1 0 1 0 1 0 1 1 1 0 1 1 1 1 1 1 1 1 1 1 0 1 1 0 1 0 0 1 0
1 1 1 1 0 0 1 1 0 0 1 0 1 0 0 0 1 0 1 0 0 1 0 0 1 0 0 0 0 0 0 1 1 0 1 0 0 0 0 1 1 0 0 0 0 0 0 1 1 1 0 1 1 0 0 0 1 1 0 0 1 0 1 0 1 1 0
1 1 1 0 0 0 0 1 1 1 1 0 1 1 0 0 0 1 1 0 0 1 1 1 1 1 0 0 0 1 1 0 1 1 1 0 1 1 0 1 1 1 1 1 1 1 0 1 0 0 0 0 1 1 0 1 1 0 1 1 0 1 1 1 1 0 1
1 0 0 0 0 0 1 0 0 1 1 0 0 1 1 0 0 0 0 1 0 1 1 0 1 0 0 0 1 0 0 1 1 1 1 0 0 0 0 1 1 0 1 1 0 0 1 1 0 1 0 1 1 0 1 1 0 0 1 1 1 0 1 0 0 0 1
1 1 1 1 0 1 1 0 0 1 0 1 1 0 1 1 1 1 1 1 1 0 1 1 0 0 1 0 1 0 1 1 0 0 1 0 1 1 0 0 1 1 1 0 0 0 1 0 1 1 1 0 1 0 1 1 1 0 0 0 1 0 1 1 0 0 1
0 0 0 0 1 1 0 0 1 1 1 0 1 1 0 1 0 0 0 1 0 1 1 0 1 1 1 1 1 0 0 1 1 1 0 0 0 0 1 0 0 0 1 1 1 1 0 1 0 0 1 0 1 0 0 1 0 0 1 0 0 1 1 0 0 1 0
0 1 1 0 0 1 0 1 0 1 0 0 1 1 0 0 0 1 1 1 0 1 0 1 1 0 0 1 0 0 0 1 0 0 0 1 1 1 1 1 0 0 1 0 0 1 1 1 0 0 0 0 0 0 0 0 1 1 1 0 1 1 0 1 1 0 0
0 1 0 0 0 0 1 1 0 1 1 1 1 1 0 1 0 1 1 0 0 0 0 0 1 0 1 1 0 0 0 0 1 1 1 0 0 1 1 1 1 0 0 0 1 1 1 0 1 0 0 1 0 0 0 1 0 1 1 1 1 1 1 0 1 1 0
1 0 1 0 1 1 0 0 1 1 0 0 1 0 0 1 1 0 1 1 0 0 0 0 0 1 1 0 0 0 0 1 1 1 0 1 0 1 0 1 1 0 1 1 0 0 0 1 1 0 0 0 0 0 1 0 0 1 1 0 1 1 1 1 0 0 1
0 0 1 0 1 1 0 0 0 0 1 0 0 0 1 1 0 1 0 1 0 0 0 1 0 0 1 0 0 1 1 0 1 0 0 1 1 1 0 0 0 1 1 1 1 0 0 1 1 1 0 0 0 1 1 1 0 0 0 1 0 1 1 1 0 0 0
1 0 1 0 0 1 0 0 0 0 1 1 1 1 1 0 1 0 0 1 0 0 1 1 0 1 1 1 0 0 0 1 1 0 0 1 0 0 0 0 0 1 0 1 0 0 0 1 0 1 1 1 1 1 1 0 0 1 1 0 1 0 1 1 1 1 1
1 0 0 1 0 1 0 0 0 0 1 1 0 0 0 0 1 0 0 0 0 0 0 0 1 0 0 0 1 1 0 0 1 1 1 0 0 1 1 1 1 0 0 0 1 1 0 1 1 1 1 0 1 1 0 1 0 1 0 0 0 0 0 1 0 0 0
1 1 0 1 0 1 1 1 1 0 0 1 0 1 0 0 1 1 1 0 1 0 1 1 0 0 1 0 0 1 0 0 0 0 0 0 1 1 0 1 0 0 1 0 1 1 1 1 1 0 1 1 0 1 0 0 0 1 1 0 1 0 1 1 1 0 1
1 1 0 0 1 1 0 1 0 0 1 1 1 0 1 0 0 0 1 1 1 1 0 0 0 0 0 0 1 1 0 1 1 0 1 1 0 0 0 1 0 1 0 1 1 1 0 1 1 1 1 0 0 1 1 0 1 0 0 1 1 1 1 1 1 1 0
1 1 1 1 0 1 1 1 0 1 0 1 1 1 1 0 0 1 0 1 0 0 0 1 0 0 0 0 0 0 1 0 0 0 1 1 1 1 0 0 0 1 0 1 1 0 0 0 0 1 0 1 1 1 0 1 1 1 1 0 1 0 0 1 1 1 0
1 0 0 0 0 0 0 0 1 1 1 1 0 1 0 1 1 1 0 1 0 1 1 1 1 0 0 1 0 0 1 0 1 0 0 1 0 0 1 1 0 1 0 1 1 1 1 0 0 0 0 0 1 0 0 0 0 1 0 1 0 1 0 0 1 0 1
1 0 0 0 0 1 1 1 1 1 0 0 1 0 0 0 1 0 1 0 0 0 1 0 1 0 1 1 0 1 0 0 1 1 0 1 0 1 1 1 0 0 1 1 1 0 0 0 0 0 0 0 1 0 0 1 1 0 0 1 0 1 1 1 0 1 0
1 1 0 1 0 1 1 0 0 0 0 1 0 0 1 1 0 0 1 1 1 0 1 0 1 1 1 1 0 0 1 0 0 0 0 1 0 1 1 0 0 0 0 0 1 0 0 0 1 1 0 1 0 0 1 0 0 0 0 0 0 0 0 0 0 0 1
1 0 0 0 1 1 1 1 1 0 1 0 0 0 1 0 0 1 1 0 1 0 0 0 1 1 1 1 1 1 1 0 0 0 0 1 1 0 0 0 1 0 0 0 1 1 1 0 0 0 1 1 0 1 1 1 0 1 0 1 0 1 0 0 1 1 0
0 1 1 1 1 1 1 1 0 1 1 0 1 0 1 0 0 1 0 0 1 1 1 0 1 1 1 0 0 0 1 0 0 0 0 1 0 0 1 1 0 1 1 0 0 0 0 0 1 1 1 1 0 0 1 1 0 1 1 1 1 1 0 1 0 0 1
0 1 1 1 1 1 1 1 0 1 1 1 1 1 0 1 0 0 1 1 1 0 0 0 0 0 0 1 1 0 1 0 1 1 1 1 1 1 1 1 1 0 0 1 0 1 1 0 1 1 1 1 1 0 0 1 1 0 1 0 0 1 1 1 1 0 1
0 1 0 1 0 1 0 0 1 1 1 0 1 0 1 1 1 1 1 0 0 1 0 1 0 1 0 1 1 1 0 1 0 0 1 1 0 0 1 1 0 0 0 1 1 0 0 0 0 1 0 1 1 1 0 1 0 0 1 1 0 1 1 0 1 1 1
1 1 1 0 0 0 0 0 0 0 0 0 0 0 0 0 1 1 1 1 0 0 0 1 1 1 1 0 0 1 0 1 1 1 0 0 0 1 1 0 0 0 0 0 0 1 0 1 0 0 1 0 0 0 0 0 0 0 0 1 1 0 0 0 0 1 1
0 0 0 0 0 0 1 1 1 1 0 0 0 0 0 0 0 1 1 1 1 1 1 0 1 0 0 0 1 0 0 0 0 1 0 0 1 1 0 0 1 0 1 0 0 1 0 0 0 1 1 1 0 0 1 1 0 1 0 0 0 0 1 1 0 0 0
1 1 1 0 1 0 1 0 1 1 1 0 0 0 1 1 0 0 0 0 0 0 0 0 0 0 0 1 1 0 0 1 0 0 1 0 0 1 1 0 0 1 1 1 0 0 0 1 1 1 1 0 1 0 0 1 1 1 0 1 1 1 0 1 1 1 0
0 0 1 1 1 0 0 1 1 1 1 1 0 0 1 1 0 1 0 1 1 1 0 0 0 0 1 0 0 1 0 1 1 0 1 1 0 0 0 1 0 0 0 0 0 0 0 1 0 0 1 0 0 1 0 1 0 1 1 1 0 0 0 0 0 1 0
1 1 1 0 0 1 0 1 0 0 1 0 1 1 1 0 0 1 1 0 0 0 1 0 1 1 0 1 1 1 1 1 1 1 1 1 0 0 0 0 0 0 1 0 0 0 0 1 0 0 0 1 0 0 0 1 0 1 0 0 0 1 0 1 0 0 1
0 1 0 1 1 1 1 0 0 0 0 0 0 1 1 0 1 0 1 1 0 0 1 0 0 0 1 1 1 0 0 0 0 0 1 1 0 0 1 1 0 1 0 0 0 0 1 0 0 1 1 0 1 0 1 0 0 1 1 0 1 1 0 1 0 1 0
0 1 1 1 0 1 1 0 0 1 0 0 1 1 1 1 1 1 1 0 1 0 0 0 1 0 0 1 1 0 0 0 0 0 1 1 1 0 0 0 0 1 0 1 1 1 0 0 1 0 0 1 0 1 1 0 0 1 1 1 0 0 1 1 1 0 1
1 1 1 0 1 1 1 0 0 0 1 1 0 1 0 1 0 1 0 1 1 1 0 0 1 1 1 0 1 0 1 1 0 0 0 1 1 1 1 0 0 1 1 1 1 1 1 1 0 0 0 1 1 0 1 1 0 0 1 0 1 0 1 1 1 1 1
1 1 0 1 1 1 1 0 0 1 1 1 1 0 0 0 1 1 1 1 0 1 0 0 1 1 1 0 1 0 1 1 0 1 0 1 0 0 0 0 1 0 0 1 0 1 0 0 0 0 0 1 1 0 0 1 1 1 0 1 1 1 0 0 0 1 1
0 1 1 1 1 0 0 1 0 0 1 0 1 0 0 1 1 1 1 1 0 0 0 1 1 1 1 0 0 1 1 0 0 1 0 1 0 0 0 1 1 0 0 0 1 1 1 0 0 0 0 0 0 1 1 1 1 0 1 0 1 0 1 1 0 0 0
1 0 1 1 0 0 1 1 1 0 0 1 1 0 0 1 1 0 0 1 0 1 0 1 1 1 1 0 1 0 1 0 0 1 1 1 0 0 1 0 0 1 0 1 1 0 0 1 1 1 0 0 1 1 0 0 1 0 0 0 0 1 1 1 1 1 1
0 1 0 0 1 0 0 1 0 1 0 1 1 0 1 1 1 1 0 0 0 0 1 0 0 0 0 0 0 0 1 1 1 1 0 1 0 0 1 1 0 1 0 1 0 0 0 1 0 0 0 0 1 0 0 0 1 0 1 0 0 1 0 1 0 1 1
0 0 1 0 1 0 0 0 0 0 0 0 0 1 1 1 0 0 1 1 0 1 0 1 0 1 0 0 1 0 0 0 1 0 0 1 0 0 1 0 0 0 1 0 0 1 0 1 0 1 0 1 0 0 1 1 1 1 1 0 0 1 1 0 1 1 0
0 0 0 1 0 0 1 1 0 0 0 1 1 0 1 1 1 0 1 1 1 0 1 1 0 0 1 1 1 0 0 1 1 0 1 1 0 1 0 1 0 0 1 0 1 1 0 0 0 0 0 0 1 1 0 1 1 1 1 0 0 1 0 1 1 0 0
0 0 0 0 1 0 0 1 1 1 0 0 0 1 1 0 1 1 0 1 0 1 1 1 1 0 1 0 1 1 0 0 1 1 0 1 1 1 1 1 1 0 0 1 1 1 0 1 1 0 1 1 1 1 1 1 1 1 1 0 1 1 1 1 1 1 0
1 1 1 1 1 0 1 1 1 0 1 1 0 0 0 0 0 1 0 1 0 1 1 0 0 1 0 1 0 0 0 0 1 0 0 0 0 0 1 0 0 0 1 0 0 0 1 0 0 0 0 1 1 1 0 0 1 0 0 0 1 1 1 1 0 0 1
1 0 0 0 1 0 0 1 1 1 0 0 0 0 1 0 1 0 1 0 0 1 1 1 1 1 1 0 0 0 1 0 1 0 1 1 0 1 0 1 1 0 0 1 0 0 1 0 0 1 1 0 0 1 0 0 0 1 1 1 1 1 1 0 1 1 0
1 0 0 0 1 0 1 0 0 0 1 0 1 0 0 1 0 0 0 1 0 1 0 0 1 1 1 0 1 1 0 0 0 1 1 1 1 1 0 0 1 0 1 0 0 1 1 0 1 0 1 0 0 1 1 0 1 0 0 0 1 1 1 0 1 1 1
0 0 0 0 1 0 1 0 1 0 1 0 0 0 0 1 1 1 0 1 0 0 0 0 0 1 0 0 0 0 1 0 1 1 1 1 0 1 1 1 0 0 0 1 1 0 0 0 1 1 1 1 0 0 0 1 0 1 1 0 1 0 1 1 1 0 0
1 1 1 0 0 0 1 0 1 0 1 1 1 0 0 1 0 0 1 1 1 1 1 0 0 0 1 1 1 1 0 0 1 1 1 0 1 0 0 0 0 0 0 0 1 0 0 1 1 1 1 1 1 1 1 1 1 0 1 1 1 0 1 1 0 0 0
0 0 0 1 0 0 0 1 0 1 0 1 0 0 1 0 1 0 0 0 1 1 0 1 0 1 0 0 0 0 0 1 0 1 0 1 1 0 0 1 1 1 1 1 0 0 0 1 0 0 1 1 0 0 0 0 1 1 0 1 0 0 0 0 1 1 0
0 0 1 1 0 0 1 0 0 1 0 1 1 1 0 1 0 1 1 0 1 1 1 0 0 1 1 1 1 1 0 1 0 1 0 1 1 1 0 0 0 1 0 1 1 0 0 0 0 0 0 0 0 0 0 0 1 1 1 0 1 0 1 0 1 1 1
1 0 1 1 1 1 1 1 1 0 1 0 1 1 0 0 1 1 1 1 1 1 0 1 1 0 0 1 1 0 1 0 1 1 1 0 0 0 0 1 0 1 1 1 1 0 1 1 1 1 0 0 0 0 0 1 1 0 0 1 1 1 0 1 0 0 0
1 1 0 1 1 1 0 0 1 0 1 1 1 0 0 1 1 1 0 1 0 1 1 1 1 0 1 0 0 1 0 1 1 0 1 1 0 1 1 0 0 1 1 1 0 0 0 1 1 1 1 1 1 0 1 0 1 0 0 0 1 1 0 0 0 0 0
0 0 1 0 1 1 0 1 0 1 0 0 0 1 1 1 0 0 1 1 1 0 1 1 1 1 1 1 0 1 0 1 1 1 1 0 1 1 0 1 0 1 1 0 1 0 1 1 1 1 1 0 1 0 1 0 0 0 1 0 0 0 1 0 0 0 0
0 1 1 1 0 0 1 1 1 1 1 0 0 0 1 0 1 0 1 0 1 1 0 1 1 1 0 1 1 0 0 0 0 1 0 0 1 0 0 1 0 0 1 0 1 0 1 1 1 0 1 0 1 1 0 1 1 1 0 0 0 1 1 0 1 1 1
1 1 0 0 1 1 0 0 1 0 0 1 0 0 0 0 1 0 1 0 1 0 1 0 1 0 0 1 1 0 1 1 1 0 0 1 1 0 1 0 0 0 0 1 0 1 0 0 0 1 1 0 1 1 0 1 0 0 1 0 1 1 1 1 0 0 0
0 0 1 0 1 1 1 1 1 1 1 1 0 0 1 0 0 0 1 1 1 0 0 0 0 0 1 0 1 0 0 1 0 0 0 1 1 1 1 1 1 0 0 0 1 1 0 0 0 1 0 1 0 1 1 0 0 0 1 1 1 1 1 0 0 1 0
1 0 1 1 0 0 1 1 0 0 1 1 0 1 0 0 0 0 0 0 0 0 0 0 0 1 1 0 1 1 1 0 1 0 1 0 1 0 0 1 1 0 1 1 1 1 0 0 0 0 1 1 1 1 1 0 0 1 1 0 1 1 1 0 0 0 1
1 0 0 1 0 0 1 0 1 0 0 0 1 0 1 1 0 0 0 1 0 0 0 0 1 1 0 0 0 1 0 0 0 0 0 0 0 0 0 0 1 1 0 1 1 1 0 0 0 0 0 1 0 0 0 1 1 0 1 1 1 1 0 1 0 1 0
1 0 0 0 0 1 0 1 1 1 1 1 1 0 0 1 1 0 1 0 0 1 0 1 1 1 0 0 0 1 0 1 0 1 0 0 0 1 0 0 1 0 1 0 0 0 1 0 1 1 0 1 0 1 0 0 1 0 1 1 1 0 0 0 1 0 1
0 1 0 1 1 1 0 0 0 0 1 0 1 0 1 0 0 1 0 1 1 1 0 1 0 0 0 0 0 1 1 1 1 1 0 0 1 1 1 1 1 0 1 0 1 0 0 1 0 1 1 0 1 0 1 0 1 1 0 0 1 0 1 0 0 0 0
0 1 1 1 1 0 0 1 0 0 1 0 1 0 1 0 0 0 0 1 0 0 1 0 1 0 0 0 1 0 0 0 0 1 1 1 0 0 0 1 0 0 1 1 1 0 0 0 0 1 1 0 0 0 0 0 1 0 0 1 0 0 0 0 0 0 1
1 1 0 0 1 0 0 0 0 1 0 1 1 1 0 1 1 1 1 0 0 0 0 0 1 1 1 1 1 0 0 0 0 1 0 1 1 1 1 0 1 0 1 1 1 0 1 1 1 1 0 0 1 1 1 0 1 1 1 1 0 0 0 0 0 0 0
1 0 1 1 0 0 1 1 0 1 0 1 1 1 0 1 1 0 0 0 0 0 1 1 1 1 0 0 1 0 0 1 0 1 1 1 0 1 1 0 0 0 1 1 0 1 1 0 0 1 1 1 0 0 0 0 0 1 1 0 0 1 0 0 1 1 1
1 1 1 1 1 0 1 0 0 1 1 1 0 1 0 0 1 1 1 0 1 1 1 0 0 1 1 0 0 0 0 0 1 0 0 0 0 1 1 0 1 0 1 1 1 1 0 1 0 1 1 1 0 1 0 1 1 1 0 1 0 1 0 1 0 0 1
0 1 0 0 0 1 1 1 0 0 0 1 1 0 0 1 1 1 0 0 0 1 1 1 1 0 0 0 0 1 1 0 0 1 0 0 1 1 1 1 1 0 0 1 0 0 1 0 0 0 0 0 0 0 0 1 1 0 0 1 1 0 0 1 1 0 1
0 1 0 0 1 0 0 0 0 0 1 0 1 1 1 0 1 1 1 1 0 1 0 0 1 0 1 0 0 1 0 0 1 0 0 0 1 0 0 0 1 1 1 1 0 0 0 0 1 1 1 1 0 1 1 1 0 1 1 0 1 1 0 0 1 1 1
0 1 0 1 0 0 1 1 1 1 0 0 1 1 0 1 1 0 0 0 1 1 0 0 0 0 1 0 0 0 0 0 0 1 1 1 0 1 1 0 0 1 0 0 0 1 1 1 0 0 1 1 1 0 1 0 1 0 1 1 0 1 1 0 0 0 0
0 0 0 0 0 1 0 0 0 0 0 1 1 1 1 1 0 1 0 1 1 0 1 1 1 1 0 1 0 1 0 1 1 1 1 1 0 0 1 0 0 1 0 0 0 0 1 0 1 1 1 0 0 1 0 1 0 1 0 1 1 1 0 1 1 0 0
0 0 0 0 1 1 0 1 1 0 1 0 1 0 0 0 0 0 0 0 0 1 0 1 1 1 1 1 1 0 0 0 1 0 1 1 1 1 0 1 0 1 1 0 0 1 0 1 0 1 0 0 1 0 0 0 0 0 0 1 0 0 0 1 1 1 0
1 1 1 0 1 1 1 0 1 0 0 0 1 1 0 0 0 1 1 0 0 1 1 0 1 0 1 0 0 0 1 1 0 0 1 0 0 1 1 0 1 0 1 1 1 1 1 0 1 1 1 0 1 1 1 0 0 0 1 1 1 0 1 1 0 1 0
0 1 0 1 0 1 0 0 0 1 1 0 1 1 1 0 1 1 1 1 1 0 0 0 1 0 0 0 1 1 1 1 1 1 0 1 1 1 0 0 0 0 1 0 1 1 1 1 1 1 1 1 1 0 0 0 0 0 0 1 0 1 1 0 0 1 1
1 1 0 0 0 0 1 0 1 1 0 1 0 1 1 1 0 0 0 0 1 0 0 1 1 1 1 1 0 1 1 0 1 0 1 1 1 1 0 1 0 0 1 1 0 1 1 0 0 0 0 0 1 1 1 0 0 0 1 0 0 1 1 1 0 1 0
0 0 0 0 1 0 1 1 0 0 0 0 0 1 0 1 0 0 1 0 0 0 1 0 0 1 1 0 1 0 0 1 0 1 1 0 0 1 1 1 0 1 1 1 0 1 0 1 1 0 0 0 0 1 1 1 0 0 0 0 0 0 0 1 0 0 1
0 1 1 0 0 0 0 0 1 1 1 0 0 1 1 1 1 0 1 0 1 1 1 1 0 1 0 0 1 1 1 0 0 0 0 1 0 0 1 0 1 1 1 1 0 0 0 1 0 1 1 1 1 0 0 0 1 0 0 1 1 0 1 1 0 1 1
0 0 0 0 0 0 1 0 1 0 1 1 1 0 0 0 0 0 1 0 1 1 1 1 1 0 1 1 1 0 1 0 0 1 0 0 0 1 1 1 0 0 0 0 0 1 1 1 1 1 1 1 1 0 0 1 1 1 0 0 1 1 0 0 1 0 0
0 1 0 1 0 1 1 0 0 1 1 0 0 1 0 0 1 0 0 1 0 0 1 1 1 1 1 1 0 0 0 0 1 1 0 0 1 1 1 0 1 1 1 1 0 0 1 1 1 1 1 1 0 0 0 0 1 0 0 0 0 1 1 1 1 1 1
1 1 1 0 1 0 0 1 0 1 1 1 1 0 1 1 1 0 0 0 1 0 1 0 1 1 0 0 0 0 1 0 1 0 0 0 1 1 1 0 1 1 0 1 1 1 0 1 0 1 1 1 0 0 1 1 0 0 1 1 1 0 1 0 1 0 0
1 0 0 0 0 0 0 0 1 0 0 1 0 0 1 0 0 0 1 1 0 1 0 0 0 0 0 1 0 0 1 0 1 0 1 1 0 0 1 0 1 1 0 1 1 0 1 0 0 0 1 1 0 1 1 1 1 1 0 0 1 1 1 1 1 0 1
0 1 1 0 0 1 0 0 0 0 1 1 0 0 1 0 0 0 0 1 1 1 1 1 1 0 1 1 1 0 0 0 0 1 1 1 1 1 1 0 1 0 1 1 0 0 0 0 1 0 1 1 1 1 1 1 0 0 0 1 0 1 0 1 0 1 1
0 0 1 0 0 0 0 1 1 1 1 1 0 0 1 0 1 1 1 1 0 0 1 0 1 1 0 1 1 1 1 0 0 1 1 1 1 0 1 0 1 1 0 0 0 1 0 0 1 0 0 0 0 0 0 0 1 0 1 1 1 1 1 0 0 0 0
0 0 0 1 1 1 0 0 1 0 0 1 1 1 0 0 0 0 0 0 0 1 1 1 1 1 0 0 1 1 1 1 0 0 0 0 0 1 0 1 1 1 0 1 1 0 1 0 1 1 0 1 1 1 1 1 0 0 1 0 0 1 0 0 0 0 0
1 1 0 1 1 0 1 1 0 1 0 1 1 1 0 0 0 1 1 0 1 1 1 1 0 0 0 1 1 1 1 1 1 0 0 1 1 1 1 0 0 0 0 0 0 0 1 0 0 1 1 1 0 1 1 0 0 0 0 1 1 0 0 1 0 1 1
0 0 1 0 0 0 0 1 0 0 0 0 1 0 0 1 1 1 1 0 1 0 1 1 0 1 0 1 0 1 0 0 0 0 0 1 1 0 0 0 1 1 1 0 0 1 1 0 1 1 1 1 0 1 0 0 1 1 0 0 0 0 0 1 0 0 1
0 0 0 1 1 0 1 1 0 1 0 0 0 1 1 1 0 1 0 0 0 1 0 1 0 1 0 1 1 1 0 0 1 0 0 0 0 0 0 1 0 1 0 1 0 1 1 1 1 0 0 1 0 0 0 0 0 1 0 0 1 0 0 0 1 0 0
0 0 1 1 1 1 1 0 1 1 1 0 1 1 0 1 0 1 0 0 1 0 1 1 0 0 1 0 1 0 1 1 1 1 1 1 1 0 0 1 1 1 1 1 1 1 1 1 0 0 0 1 0 0 1 1 0 1 1 0 0 1 0 1 1 1 0
1 1 0 0 0 0 0 1 1 1 0 0 1 0 0 0 1 0 0 1 1 1 1 0 1 1 0 1 1 0 0 1 0 1 1 1 0 1 1 1 1 1 1 0 1 0 1 0 0 1 0 1 0 0 1 0 1 1 1 0 0 0 1 1 0 1 1
1 0 1 1 1 0 0 0 1 1 1 0 0 1 0 1 1 0 1 0 1 1 0 1 1 0 1 1 0 0 0 0 1 1 0 1 0 0 1 0 1 0 1 0 0 0 0 0 1 0 0 1 1 0 0 1 0 0 1 1 1 0 0 1 1 0 0
0 0 1 0 1 0 0 1 1 1 1 1 0 1 0 1 0 1 0 1 1 1 0 0 0 0 1 1 0 1 1 1 0 1 0 0 0 0 1 0 0 1 0 0 1 1 0 0 1 1 0 0 0 0 1 1 1 0 0 0 1 0 1 1 1 0 1
1 1 1 1 0 0 0 0 1 1 0 0 1 0 1 0 0 0 1 0 1 0 0 1 0 0 1 1 0 0 1 0 0 1 1 1 0 0 0 0 0 0 1 0 0 1 0 0 0 1 0 1 0 0 0 0 1 0 0 1 0 1 1 1 1 0 0
0 1 1 0 0 0 1 1 1 0 0 0 1 0 0 1 0 0 1 0 1 0 1 0 1 0 0 1 1 1 0 0 0 1 1 0 1 0 0 1 1 1 1 1 1 1 1 0 1 0 0 0 1 0 1 0 0 1 0 1 1 0 0 0 0 1 1
1 0 1 1 0 1 0 0 1 1 1 0 0 0 0 0 0 1 0 1 1 1 0 1 0 1 0 1 1 1 1 0 1 0 1 1 1 1 1 0 0 1 1 0 0 0 1 0 1 1 0 0 1 1 0 1 0 1 1 0 0 1 1 0 1 0 0
0 0 1 1 1 1 1 1 0 0 1 1 0 0 1 0 0 0 1 0 1 1 1 0 1 1 1 1 1 0 1 0 1 1 0 0 0 0 0 0 1 1 1 1 0 1 0 0 0 0 1 0 1 1 0 0 1 0 1 1 0 0 1 0 1 1 0
1 0 0 0 0 1 0 1 1 0 1 0 0 1 0 0 0 0 0 0 1 1 0 0 0 0 1 1 1 1 0 1 1 1 0 0 1 0 1 1 0 1 1 1 0 0 1 0 1 0 1 0 0 0 1 0 0 1 0 0 1 1 1 0 0 1 0
0 0 0 0 1 1 1 0 0 1 0 0 1 0 1 0 0 1 1 0 0 0 0 0 0 1 1 1 1 1 1 1 0 1 0 1 0 0 1 0 1 0 1 0 0 0 0 1 1 1 0 1 1 1 0 1 1 1 1 0 1 0 1 1 1 0 1
0 1 0 0 0 0 0 1 0 0 1 0 1 1 1 1 0 1 0 1 0 0 0 0 1 1 0 0 1 0 0 1 1 0 0 0 1 1 0 0 0 0 0 1 1 1 0 0 1 0 1 1 1 1 0 0 1 1 0 0 0 0 0 1 1 0 1
0 1 0 0 1 1 0 1 1 1 1 1 1 1 0 0 1 0 0 1 0 1 1 0 1 0 0 0 1 1 0 0 0 1 1 1 1 0 0 1 0 0 0 0 1 1 1 0 1 0 0 0 1 0 1 1 0 1 1 1 1 0 0 0 1 0 0
1 0 1 0 0 0 0 1 1 1 0 1 0 1 1 1 1 0 1 1 1 0 1 1 1 0 0 1 1 0 0 1 1 0 0 0 1 0 0 0 0 0 0 1 1 0 1 0 0 1 1 1 0 0 1 1 0 0 1 1 0 1 0 1 1 1 1
1 1 0 1 1 0 1 1 0 1 0 0 1 1 1 1 0 0 1 0 0 0 0 1 0 1 1 0 0 0 0 1 0 0 0 0 0 1 0 0 0 1 1 0 1 0 0 1 0 1 0 1 1 1 1 1 0 1 0 1 0 0 1 0 1 1 1
0 0 1 1 0 0 1 1 0 0 0 0 1 0 0 0 1 0 0 1 0 0 1 0 0 0 0 0 1 1 1 0 1 1 0 1 1 0 1 1 0 0 0 0 0 1 1 1 0 0 0 1 0 1 1 0 0 1 0 0 0 0 1 0 0 1 1
0 1 0 1 0 1 0 0 0 0 0 0 1 0 1 1 0 0 0 0 1 1 0 0 0 1 0 0 1 0 0 0 1 0 1 0 1 1 0 1 1 0 1 1 1 0 1 1 0 1 1 1 0 1 1 0 0 1 1 1 1 1 0 1 1 0 0
1 0 0 1 1 0 0 0 0 1 0 1 0 1 1 0 1 1 0 0 0 0 1 0 0 0 1 0 1 1 1 1 1 0 1 1 0 1 0 0 0 1 0 1 1 1 1 1 1 0 1 0 1 1 1 1 1 0 1 1 0 0 0 0 1 0 0
1 1 1 0 0 0 0 1 1 0 1 1 0 0 1 0 0 0 1 0 0 0 1 1 0 0 0 0 1 0 0 0 1 1 0 1 1 1 1 1 0 1 0 0 0 0 1 1 1 0 0 1 1 0 1 0 1 0 1 1 0 0 1 1 1 0 0
0 0 1 0 1 0 1 0 0 1 0 1 1 0 0 0 0 0 1 1 0 1 0 1 0 1 1 0 1 1 0 0 1 0 0 0 1 1 0 1 1 1 1 0 1 1 1 1 1 1 1 0 1 0 1 1 1 0 0 1 1 0 0 1 1 1 1
1 1 1 1 1 0 1 0 0 0 0 0 0 1 1 1 1 0 1 1 1 1 0 1 1 0 1 0 1 1 1 1 0 1 1 0 0 0 1 1 0 0 1 1 1 0 0 0 1 0 1 1 0 1 0 1 0 1 0 1 1 0 1 0 1 0 0
1 1 0 0 1 1 0 1 1 0 1 1 0 1 0 0 1 1 1 1 1 0 0 1 1 0 0 0 0 0 0 0 0 0 0 1 0 1 1 1 1 1 1 1 1 1 1 1 0 1 0 0 1 1 0 1 0 1 1 0 0 1 0 0 0 1 1
0 1 1 0 1 0 1 1 0 0 0 1 0 1 1 0 0 1 1 0 0 0 1 1 1 0 1 0 1 1 0 0 0 0 1 1 0 0 1 1 1 1 0 1 0 1 0 1 1 1 0 1 1 1 0 0 1 0 0 1 0 1 0 0 1 0 0
1 1 1 1 1 1 1 1 1 1 1 0 1 0 1 0 1 1 1 1 0 0 1 1 0 1 1 1 1 1 0 0 1 1 1 1 0 1 0 0 0 0 1 1 0 1 1 1 1 0 1 1 0 0 1 1 0 0 1 1 1 0 1 1 1 1 1
1 1 1 0 1 1 0 0 0 0 0 1 1 1 0 1 0 0 1 1 0 0 0 0 0 0 0 0 0 0 1 0 1 0 1 0 1 0 0 1 0 1 1 1 0 1 1 0 0 0 1 0 0 0 0 1 0 1 0 1 0 0 1 1 0 1 1
0 1 1 1 0 1 1 1 0 0 0 0 1 0 1 0 1 1 0 0 0 1 1 0 0 1 1 0 0 1 0 1 0 1 1 0 1 1 0 1 1 1 1 0 0 0 0 1 1 0 1 1 1 1 1 0 1 0 1 1 0 0 0 1 0 1 1
0 0 1 0 0 0 0 1 0 1 0 0 1 0 0 1 0 0 1 0 0 1 0 1 1 0 0 0 0 1 1 0 0 0 1 1 0 1 0 1 0 0 0 0 0 1 0 0 1 0 1 1 1 0 1 1 0 0 1 0 0 0 0 1 1 1 1
0 0 0 1 0 1 1 1 0 1 1 0 1 1 1 1 0 0 1 1 0 0 1 1 1 0 0 1 0 0 0 1 0 0 0 1 1 0 1 0 1 1 1 1 0 1 1 0 0 1 0 0 1 1 1 1 1 0 1 0 1 1 1 0 0 1 1
0 0 1 0 0 1 1 0 0 1 0 1 0 1 0 1 1 0 1 1 0 1 0 1 0 1 1 1 0 1 1 1 1 1 1 1 0 0 0 0 0 1 1 1 1 1 1 0 1 0 0 1 1 1 0 0 1 0 0 0 1 1 0 0 0 1 0
1 1 1 0 0 1 0 1 0 1 1 0 1 1 1 1 1 0 1 0 0 1 1 0 0 1 0 1 1 1 0 0 1 1 1 1 1 1 1 1 1 1 0 0 0 0 0 1 1 1 1 0 0 1 0 1 0 1 1 0 1 0 0 1 1 1 0
1 0 1 0 1 0 0 1 0 0 0 0 1 0 1 1 0 0 1 0 0 1 1 1 1 1 0 1 1 1 1 1 0 0 0 0 1 0 0 0 0 1 1 1 0 1 0 1 1 0 1 1 0 0 1 0 1 0 1 1 0 1 1 0 0 0 1
1 0 0 1 0 1 0 1 1 1 1 0 1 0 0 0 1 0 0 1 0 0 1 1 0 1 1 1 1 1 0 0 0 1 0 0 1 1 1 1 1 0 1 0 0 0 0 0 1 1 0 1 0 1 0 1 1 1 0 1 1 1 0 0 1 0 0
0 1 1 0 1 0 1 1 1 0 1 1 0 1 1 1 1 0 1 1 0 0 1 0 1 0 1 0 0 1 1 0 1 0 1 1 0 0 1 0 0 0 1 1 1 1 1 1 1 0 0 1 1 0 0 1 1 1 1 0 1 0 1 0 0 0 1
0 0 1 0 0 1 1 1 1 1 0 1 0 0 1 0 1 0 0 1 0 0 0 1 1 0 1 0 1 0 1 0 0 0 0 1 0 0 0 1 0 1 1 0 0 1 1 0 0 0 1 0 1 1 0 1 1 0 0 0 1 0 0 0 1 0 1
1 1 1 1 1 0 0 0 1 1 0 1 1 0 0 0 1 1 1 0 0 1 0 1 1 0 1 0 1 1 1 1 1 1 1 1 1 1 0 1 0 0 1 1 0 0 0 0 1 1 0 0 0 1 1 1 1 1 0 1 1 0 0 1 0 0 1
0 0 0 0 1 0 0 0 0 1 0 0 0 1 1 1 1 1 0 1 1 1 1 0 1 1 1 1 0 0 1 0 0 1 0 0 1 1 0 1 1 0 0 1 0 1 1 0 1 0 1 1 0 1 0 1 0 1 1 0 0 0 0 0 0 1 1
0 1 1 1 0 1 0 0 1 0 0 1 1 1 1 0 0 0 1 0 1 1 1 1 1 0 1 1 0 0 0 1 1 0 0 1 0 0 1 1 1 1 1 1 0 0 1 1 1 0 0 0 0 1 0 1 1 0 1 1 1 0 1 0 1 1 1
1 1 1 1 0 1 1 1 1 1 1 1 1 0 0 0 1 0 0 1 1 0 0 1 1 0 0 1 0 0 1 1 0 0 1 1 1 1 0 1 1 0 0 1 1 1 0 1 1 0 0 1 1 0 1 0 1 0 0 0 0 0 0 0 1 0 1
0 0 1 1 1 1 1 0 1 1 1 0 1 1 1 1 1 0 1 1 1 0 0 0 1 1 1 0 0 1 0 1 0 1 1 1 1 1 1 0 1 0 1 1 1 0 0 1 1 1 0 0 0 0 1 1 1 0 1 1 0 0 0 0 1 1 0
0 0 1 1 1 0 1 1 1 1 1 1 1 0 1 1 1 0 0 1 1 0 1 1 1 0 0 0 1 1 0 1 1 0 1 0 0 1 1 1 0 1 1 0 0 0 0 1 0 0 0 1 1 1 1 0 1 1 0 1 1 0 0 1 1 1 1
1 1 1 0 0 0 1 1 1 0 0 1 0 0 1 1 0 1 0 1 1 0 0 0 0 1 1 1 0 1 1 1 0 1 0 1 1 0 1 1 1 0 0 1 1 0 0 1 1 1 1 0 1 0 0 1 0 1 0 0 0 1 1 1 0 1 1
0 1 0 0 1 0 0 1 0 0 0 1 1 1 1 0 0 1 1 1 0 1 0 0 0 1 1 0 1 0 0 1 1 0 1 1 1 1 1 0 0 1 1 1 1 0 1 0 0 0 0 1 0 0 0 1 1 0 1 1 1 1 1 0 0 0 1
0 1 1 1 1 1 1 0 0 0 0 0 0 1 0 1 0 0 0 0 0 1 0 1 1 0 1 1 1 1 1 0 1 1 0 1 0 1 0 0 0 0 1 0 1 1 1 0 0 1 1 0 0 1 0 1 0 1 1 1 1 1 1 1 0 1 1
0 0 0 0 1 0 1 1 1 1 1 1 0 0 0 1 1 0 0 1 1 1 0 1 0 0 0 1 1 0 1 0 1 1 1 0 1 0 1 1 0 0 1 1 1 0 0 0 0 1 0 1 0 1 0 0 1 1 1 1 0 0 0 0 0 0 0
1 1 1 1 0 0 0 0 1 1 1 0 0 1 1 0 0 1 1 1 1 1 1 1 0 0 0 1 0 1 0 1 0 1 1 1 1 1 0 1 1 0 0 1 1 1 1 0 1 1 1 0 0 0 0 1 0 0 0 0 1 1 0 0 1 0 1
1 1 0 0 0 0 1 0 1 0 0 1 1 1 0 0 1 0 0 1 1 0 0 1 1 0 1 1 1 1 0 1 1 1 1 0 1 1 0 0 1 1 0 1 0 1 0 0 1 0 1 0 0 0 1 0 0 1 1 0 1 0 0 1 1 0 0
0 1 1 0 0 0 1 0 0 1 1 0 0 0 1 1 0 1 0 1 1 0 0 1 0 0 1 0 0 0 0 0 0 0 1 0 1 1 1 1 0 0 0 1 1 0 1 1 0 0 0 1 1 0 0 0 0 0 0 1 1 0 0 0 0 1 0
1 0 1 1 0 1 1 0 1 1 1 0 1 1 0 0 1 0 0 0 0 1 1 0 0 0 1 0 1 1 1 0 1 1 0 0 0 0 1 0 0 0 0 1 1 1 0 0 1 1 0 1 1 0 1 0 1 1 1 0 0 0 0 1 1 1 0
1 0 1 0 0 0 1 1 0 1 0 1 1 1 1 0 1 1 1 0 0 0 1 1 1 1 1 0 0 1 1 1 0 0 0 0 1 0 0 1 1 1 1 0 1 1 0 0 0 1 0 1 0 0 0 0 0 0 0 0 1 1 0 1 1 1 0
1 0 0 0 1 0 0 0 1 0 1 1 0 0 0 0 0 1 0 0 1 1 1 0 1 1 1 1 1 1 0 0 0 0 0 1 0 0 1 1 0 1 0 1 1 0 0 1 0 1 1 1 0 0 1 1 0 1 0 0 0 0 1 0 1 0 1
1 0 1 1 1 0 0 0 0 1 0 0 0 0 0 1 0 1 0 1 0 1 1 1 1 0 0 1 0 0 1 1 1 1 1 0 0 0 0 0 1 1 1 0 0 1 0 0 0 1 1 0 1 1 1 0 0 0 0 0 0 0 0 1 0 0 1
0 1 1 0 1 0 1 1 0 1 1 0 1 1 0 1 1 1 1 1 0 1 1 0 0 1 1 1 1 1 1 0 0 0 1 1 1 1 0 0 0 1 0 1 1 1 0 1 0 1 1 0 1 0 1 0 0 1 0 0 0 1 0 0 0 1 1
1 1 0 1 0 0 0 1 1 0 1 1 1 1 0 1 0 0 1 1 1 0 1 0 1 1 0 0 0 0 1 1 1 1 1 0 0 1 1 0 1 0 1 1 0 0 1 0 1 0 0 0 1 1 1 0 1 1 0 1 0 1 1 0 0 1 0
0 0 0 1 1 1 0 1 1 1 0 1 1 0 1 0 1 0 0 1 1 0 0 0 0 0 1 1 1 0 1 0 1 1 1 0 1 1 0 0 0 1 0 0 0 0 0 0 1 1 1 1 0 0 1 0 0 1 0 0 1 0 1 0 1 1 1
1 1 0 0 0 1 0 1 0 0 1 0 0 1 0 0 0 0 0 1 0 0 0 0 0 1 1 1 0 0 1 1 0 0 0 1 0 0 1 0 1 0 0 1 0 1 0 1 0 1 1 1 0 1 0 0 1 0 1 0 0 0 1 0 0 0 0
0 1 1 1 1 1 1 0 1 0 0 1 1 1 0 1 0 0 1 0 1 1 0 0 1 1 0 0 1 0 0 0 1 0 1 1 0 0 0 0 1 1 0 1 0 0 0 0 0 1 1 0 0 1 1 1 1 0 1 0 1 0 0 1 0 1 1
1 0 0 0 1 1 0 1 0 1 0 1 0 0 1 1 1 0 1 1 0 1 1 0 1 1 1 1 1 1 0 1 1 1 1 0 1 1 1 0 1 0 0 0 1 1 1 1 0 0 1 1 1 0 1 0 1 0 0 0 1 1 0 1 0 0 1
1 0 0 1 0 0 0 0 0 1 1 0 0 1 0 0 0 1 0 0 1 1 0 1 1 1 1 1 1 1 0 1 0 1 1 0 0 0 0 0 1 1 1 1 1 0 1 0 0 1 0 0 0 1 0 0 1 0 0 1 0 1 0 0 0 1 1
0 1 1 1 1 0 1 0 1 1 0 0 0 1 1 1 1 0 0 1 0 0 1 0 0 1 1 0 1 1 1 1 1 1 0 0 1 1 1 0 0 1 0 1 0 0 1 0 0 0 0 0 0 1 1 1 1 1 1 1 1 1 1 1 0 0 0
0 0 0 1 0 1 0 0 1 0 0 1 0 0 1 1 0 1 1 0 1 1 0 0 0 0 0 0 1 0 1 0 0 0 0 0 1 0 1 1 1 0 1 1 1 1 1 0 1 0 0 0 1 0 0 0 1 1 0 0 1 1 0 1 0 0 0
1 0 1 0 1 1 0 0 1 1 1 0 0 0 0 1 1 1 1 0 1 0 1 1 0 0 1 1 0 1 0 1 0 1 0 0 0 1 1 1 0 1 1 0 0 1 0 0 0 0 0 1 1 1 1 0 1 1 1 0 0 0 1 0 0 0 0
0 0 1 1 1 1 0 0 0 1 1 1 1 0 1 1 0 0 0 1 1 0 1 0 1 1 1 1 0 1 1 0 0 0 1 0 0 0 1 1 1 1 0 0 1 1 0 0 0 0 1 0 1 1 0 1 1 1 1 1 1 1 0 1 1 1 1
1 1 1 1 0 0 1 1 0 1 0 0 0 1 0 0 0 1 0 1 1 0 1 0 1 1 0 1 0 1 1 0 0 0 0 0 0 1 0 1 0 0 0 1 0 1 1 1 1 1 1 0 1 1 1 1 1 1 0 1 1 0 1 0 0 0 0
1 0 1 1 1 0 0 0 1 0 1 0 0 1 1 1 0 0 1 1 0 1 1 0 1 1 0 1 0 0 0 1 0 0 0 1 0 1 0 1 0 1 0 1 1 1 1 0 1 1 0 0 1 1 0 0 1 1 1 1 0 1 1 1 1 0 0
1 0 1 0 1 1 0 1 0 1 1 1 1 0 1 1 0 1 1 0 0 1 1 1 0 1 0 0 1 1 1 0 0 0 1 1 1 0 1 0 1 0 1 1 1 0 0 0 1 0 0 0 1 1 0 0 0 0 1 1 1 0 0 0 0 0 1
1 0 1 0 1 1 1 0 1 0 0 0 1 0 0 0 1 0 0 1 0 0 1 1 0 0 0 1 0 0 0 0 0 0 1 1 1 0 1 0 1 0 0 0 1 1 1 1 0 1 1 0 1 1 0 0 1 1 1 1 0 0 0 0 1 1 1
1 1 0 0 1 0 1 1 1 0 0 1 0 0 1 0 1 0 0 1 0 1 0 1 1 0 1 0 0 0 1 1 1 0 0 0 0 1 1 1 0 0 1 0 0 0 1 1 1 1 0 1 0 1 1 0 0 1 1 0 0 0 0 1 0 0 0
0 1 1 0 1 0 1 1 1 0 0 1 0 0 1 0 0 1 0 0 1 1 0 0 0 1 0 1 1 0 1 0 1 1 1 1 0 1 0 0 1 0 0 1 1 1 1 1 1 0 0 1 1 0 1 1 1 1 0 1 0 0 1 1 0 1 0
0 1 0 1 0 0 0 1 0 1 1 0 1 1 0 1 1 1 1 1 1 0 1 1 1 1 1 0 1 1 0 0 0 0 0 1 1 0 1 1 0 1 0 0 0 0 1 1 1 0 0 0 0 0 1 1 0 0 0 1 0 1 1 0 1 1 1
1 0 0 1 0 1 1 0 0 0 1 0 1 1 0 1 0 1 1 0 1 1 0 1 0 1 0 0 1 0 0 1 0 1 0 0 1 1 1 1 1 1 0 0 1 0 0 0 1 1 1 1 0 0 1 1 1 0 0 1 0 1 1 1 1 1 1
0 1 1 1 0 1 0 0 0 0 1 0 0 0 1 1 1 0 0 0 1 0 1 1 0 1 0 1 1 1 1 1 0 0 1 1 1 1 0 1 0 0 0 1 0 0 0 0 0 0 1 1 1 0 1 0 1 0 1 0 1 0 0 0 1 0 0
0 0 0 1 1 1 1 0 0 1 0 1 0 0 1 1 0 0 0 0 1 0 1 0 1 1 0 0 0 0 0 0 0 1 0 1 0 0 0 0 0 0 1 0 1 1 0 1 1 0 1 1 1 1 0 0 1 0 1 1 1 0 1 1 0 1 0
1 0 1 1 1 0 0 1 1 0 0 1 0 1 1 1 0 0 0 0 0 1 1 0 0 1 0 1 0 1 0 1 0 1 1 1 0 1 0 1 1 0 1 0 0 0 1 0 0 1 0 0 1 0 0 1 1 1 0 0 1 0 0 1 1 1 1
1 0 0 1 1 1 1 0 0 0 0 1 1 1 1 1 1 0 0 0 1 0 0 0 0 1 0 0 0 1 0 1 1 0 0 1 0 0 1 1 0 0 0 1 1 1 1 0 1 1 1 0 0 1 1 1 1 1 0 0 1 1 0 0 0 1 1
0 1 1 0 0 1 1 0 0 0 1 1 1 0 1 1 1 0 0 1 1 0 0 0 1 1 1 1 1 0 0 1 0 1 0 0 1 0 0 1 0 1 1 0 0 1 1 1 1 1 0 1 0 1 0 0 1 1 0 1 1 0 1 1 0 1 0
0 0 1 0 1 1 1 1 1 0 1 1 1 1 1 0 0 1 1 0 1 0 1 1 0 0 0 1 1 0 0 0 0 0 1 1 0 0 0 0 0 0 1 1 0 0 1 0 1 1 1 0 0 1 1 0 1 1 1 0 0 0 1 0 1 0 0
0 0 1 1 1 0 0 1 0 0 1 0 1 0 0 0 0 1 0 1 0 0 1 0 1 1 0 1 1 0 1 1 1 0 0 0 0 1 1 1 1 1 1 0 0 1 1 1 1 0 1 0 0 0 0 1 0 1 1 0 0 0 0 0 1 0 1
1 1 0 0 1 0 1 0 0 0 1 1 1 1 1 1 1 1 0 1 1 1 1 1 0 0 0 0 1 0 1 1 0 1 1 1 1 0 1 0 1 1 1 1 0 1 0 0 1 0 1 0 0 1 0 0 1 1 1 1 0 1 1 1 1 1 0
0 0 0 0 1 0 1 0 1 1 1 0 0 0 0 0 1 0 1 0 0 1 1 1 0 0 1 1 1 1 0 1 1 0 0 0 0 1 0 0 1 0 0 0 0 1 1 1 1 0 0 0 1 0 1 0 1 1 1 1 0 1 1 0 0 1 1
1 0 0 0 1 0 0 1 1 0 1 0 1 1 0 1 1 1 1 0 1 0 1 0 1 0 0 1 0 0 0 0 0 0 1 1 1 1 0 0 0 0 0 1 0 0 0 1 0 0 1 1 1 0 1 1 1 1 1 1 1 1 0 0 0 1 1
1 1 1 0 1 0 1 1 1 0 0 0 1 1 0 1 1 0 0 1 1 1 0 1 0 1 1 1 1 0 0 0 0 0 0 0 1 1 1 0 1 1 1 0 0 1 1 1 0 1 0 0 0 1 1 1 0 0 0 0 1 1 1 0 1 0 0
0 0 0 1 1 1 1 0 0 1 1 0 0 0 0 0 0 1 1 0 0 0 1 0 1 0 0 0 0 0 1 0 0 1 1 1 1 0 1 1 1 1 1 0 1 0 1 0 0 0 0 0 1 1 0 0 0 0 0 0 0 0 1 0 1 1 1
0 1 0 1 1 1 0 1 1 1 0 1 0 1 1 1 0 1 1 0 1 1 1 0 0 1 1 1 0 0 1 1 1 0 1 0 1 0 0 0 1 1 0 0 0 1 0 1 1 1 0 1 1 1 1 0 0 1 1 1 0 1 0 1 0 0 0
1 0 0 1 1 0 1 0 0 0 1 1 0 0 1 0 1 1 1 0 1 1 0 1 1 1 0 0 1 0 0 0 1 0 0 1 1 0 0 0 0 0 0 1 0 0 1 0 1 1 1 1 0 0 1 0 1 1 1 1 1 1 1 1 0 0 0
1 0 1 1 1 1 0 0 1 1 0 0 1 0 0 1 1 0 1 0 0 0 1 0 0 0 0 0 0 1 1 1 0 0 0 1 0 1 1 0 0 1 0 0 1 1 0 1 1 0 0 0 0 1 0 1 0 1 0 0 1 1 0 0 1 1 0
1 1 0 1 1 0 0 1 0 0 0 0 0 0 0 1 1 0 0 0 1 1 1 1 0 0 1 0 1 0 1 0 1 0 1 0 1 1 0 1 0 0 1 1 1 1 1 0 0 1 0 0 1 1 1 1 1 0 0 0 0 0 1 0 1 1 1
1 0 0 0 0 0 0 0 1 1 0 0 1 0 1 1 1 1 0 1 1 1 0 1 1 0 0 0 0 1 0 1 0 1 0 0 0 0 0 0 0 1 1 1 0 0 1 1 1 1 1 0 1 0 1 1 0 1 1 0 0 0 1 1 1 1 0
1 0 0 0 0 1 0 0 1 0 0 1 0 0 1 0 0 1 0 0 0 0 1 0 0 0 1 1 0 0 1 1 1 1 1 0 1 0 1 1 1 1 1 1 0 1 0 0 0 1 0 1 1 0 0 1 1 1 0 1 0 0 0 0 0 0 1
1 0 1 1 0 1 1 0 0 0 0 0 1 1 1 0 0 0 0 0 1 1 1 0 0 0 1 1 0 1 0 0 1 0 1 1 1 0 0 0 1 0 0 1 0 1 0 1 0 0 0 0 1 0 0 1 1 1 0 0 1 1 1 1 0 0 0
0 1 0 0 1 0 0 1 0 0 0 0 0 0 0 1 1 1 1 0 1 1 0 0 1 1 0 1 0 1 1 1 1 1 0 1 1 1 1 1 1 0 1 0 1 1 1 0 0 1 0 1 0 0 1 0 0 0 0 1 0 1 1 0 1 0 0
1 1 1 1 1 0 1 0 0 1 1 0 1 1 0 1 1 1 0 1 0 0 1 1 1 0 1 0 0 1 0 1 1 0 0 0 1 0 1 1 1 0 0 0 0 1 0 1 1 1 0 0 1 1 0 0 0 0 1 0 1 1 0 0 1 1 0
0 0 0 1 1 0 0 1 1 1 1 0 1 0 0 1 0 0 0 0 1 0 1 1 0 1 0 0 1 1 1 1 1 1 1 0 0 1 0 1 0 0 1 0 1 1 1 0 1 1 0 1 0 0 0 0 0 0 0 0 1 1 1 1 0 0 0
0 1 0 1 1 0 0 0 0 1 0 1 1 1 0 0 0 0 0 0 1 1 0 1 1 1 0 0 0 0 0 0 0 0 1 0 1 1 1 1 0 1 1 0 0 1 0 0 1 1 1 0 1 1 0 0 1 1 0 0 0 1 1 0 0 0 1
0 1 1 0 1 1 1 0 1 1 0 1 1 1 1 0 1 1 0 0 0 1 0 0 0 1 1 0 1 0 0 0 1 1 1 0 1 0 0 1 1 0 0 0 1 1 0 1 0 0 0 1 0 1 0 1 1 1 0 0 1 0 1 0 1 0 1
0 0 0 0 1 0 1 0 1 0 1 0 1 1 0 1 0 0 0 1 1 0 0 1 0 1 0 0 0 0 0 0 0 1 0 1 1 0 1 1 1 1 0 0 1 1 0 1 1 0 1 1 1 1 1 1 0 1 0 1 0 0 0 1 1 0 0
0 0 1 0 0 1 0 0 1 1 0 0 0 1 0 0 1 0 0 1 0 1 0 1 1 0 1 0 1 1 0 1 0 0 1 1 1 0 0 0 0 1 0 0 0 1 0 1 0 1 1 1 0 0 0 1 1 1 1 0 0 1 0 1 0 0 1
0 0 1 1 0 1 0 1 0 1 1 0 0 0 1 1 1 1 1 1 1 1 0 0 1 1 0 0 1 0 1 1 0 1 0 0 0 1 1 1 0 1 0 1 0 0 1 1 0 1 1 1 0 1 1 1 0 0 0 0 0 1 1 0 0 0 0
1 1 0 1 1 0 1 0 0 0 1 0 1 0 1 1 0 0 0 0 0 1 1 0 0 0 1 1 0 0 1 1 0 1 0 0 1 0 0 0 0 0 1 0 1 1 1 0 1 0 0 0 0 0 0 1 0 0 1 0 1 0 0 1 1 0 0
0 1 0 1 1 1 1 1 0 0 0 0 1 0 1 1 0 0 1 0 0 1 1 0 0 1 1 0 0 1 1 0 1 1 1 0 0 1 1 0 1 1 0 0 1 0 1 1 0 0 1 1 0 1 1 1 1 0 0 1 1 0 1 0 0 1 0
1 1 0 0 1 0 0 0 1 0 0 0 1 1 1 0 0 0 1 1 0 1 0 1 1 1 1 0 1 1 1 0 1 1 0 0 1 0 1 0 1 1 0 0 1 1 1 0 1 1 0 0 0 0 0 1 0 1 0 1 0 0 1 1 0 0 1
1 1 1 1 1 1 0 1 0 1 0 0 1 0 0 0 1 1 1 0 0 0 1 0 0 0 0 0 1 1 0 0 1 0 0 1 0 0 0 0 0 1 1 0 1 1 1 0 0 1 0 0 1 0 1 0 0 1 1 1 1 1 1 1 1 0 1
0 0 0 1 1 0 0 1 1 0 0 1 1 0 1 0 0 1 1 1 0 0 0 0 1 0 0 1 0 1 1 0 1 1 0 0 0 0 1 1 0 0 0 1 1 0 1 1 0 1 0 0 0 1 1 0 0 1 1 1 1 0 0 0 1 1 0
1 1 0 0 1 1 1 1 1 0 0 1 1 1 0 0 1 0 1 1 0 0 0 1 0 1 1 0 1 1 0 1 0 1 0 0 1 1 1 1 1 0 0 1 1 0 1 1 0 0 1 0 1 1 0 0 1 0 0 0 1 0 1 0 1 1 1
1 0 0 0 1 1 1 1 1 0 0 0 0 0 0 1 0 0 1 1 0 1 0 1 1 0 1 0 0 0 1 1 0 1 1 0 1 0 1 1 0 1 0 0 0 0 0 0 0 0 0 0 1 0 1 0 0 1 1 1 1 1 1 0 1 0 1
1 1 1 1 0 0 1 1 0 1 0 1 0 1 1 0 1 0 1 1 0 1 0 0 0 1 1 1 0 1 0 0 0 0 0 1 1 0 1 1 0 1 1 1 1 1 0 0 1 1 0 0 0 0 1 1 0 0 1 0 0 1 1 1 1 0 0
1 0 1 0 0 0 1 0 0 0 1 1 1 0 1 0 0 1 1 0 1 0 0 0 1 1 1 1 0 0 0 0 1 1 0 0 1 1 0 1 1 0 0 0 1 0 1 0 0 1 0 0 1 1 1 1 0 0 1 0 0 0 0 0 1 0 1
1 1 1 0 1 1 1 0 0 1 1 1 0 0 0 0 1 0 0 0 1 1 1 1 0 1 1 0 0 1 0 0 1 1 1 1 0 1 1 1 1 1 1 0 0 1 1 0 1 1 0 1 0 0 0 1 1 0 1 0 1 0 0 0 0 1 0
1 0 1 1 0 0 1 1 0 1 1 0 0 1 0 1 1 0 0 0 0 1 0 1 0 1 0 0 1 1 0 0 0 0 1 0 0 1 1 0 1 1 0 0 1 0 1 1 1 1 0 0 1 1 1 0 0 0 1 0 1 1 1 0 1 0 1
0 1 1 0 1 1 0 0 0 0 1 1 0 1 0 1 0 1 1 1 0 1 1 1 1 1 0 1 0 1 0 0 1 0 1 0 1 0 1 1 1 0 1 1 1 1 0 1 1 1 0 1 0 0 0 0 1 1 0 1 1 1 1 1 0 1 1
0 0 0 1 1 0 0 0 1 0 0 1 1 1 1 1 1 1 1 1 0 0 1 1 1 0 1 0 1 0 1 0 0 0 1 0 0 1 0 1 0 0 0 0 1 1 0 1 0 1 1 1 0 1 0 0 1 0 1 1 0 0 1 1 0 1 1
0 1 1 0 0 0 1 0 0 0 0 0 0 1 0 0 0 1 0 1 1 0 1 1 1 0 1 0 1 1 1 1 0 0 0 1 0 1 0 1 0 1 1 0 0 0 0 0 1 0 0 0 1 0 0 0 1 1 0 0 0 0 1 1 0 1 0
0 0 0 1 0 0 0 1 1 1 1 1 0 1 0 0 0 0 1 0 0 0 0 0 1 1 1 0 0 1 1 1 0 0 1 1 1 0 1 1 0 1 1 1 0 1 1 1 1 1 1 1 1 0 0 0 0 1 1 1 1 0 0 1 1 1 0
0 1 1 0 0 0 0 1 1 1 0 0 0 1 0 1 0 0 0 0 0 1 1 0 0 0 0 1 0 0 1 0 1 1 0 1 1 1 1 1 0 1 1 0 1 1 0 0 1 1 1 1 0 1 0 0 0 0 1 0 0 0 0 0 1 1 1
0 1 1 0 0 0 0 0 0 1 0 0 0 0 0 0 0 1 0 0 0 0 0 0 1 1 1 0 1 0 0 0 1 1 0 0 1 0 1 1 0 1 0 1 1 1 1 0 0 1 1 0 1 0 0 0 1 0 1 0 1 1 1 0 1 0 0
0 0 0 1 0 0 1 0 0 0 1 1 1 0 1 1 1 0 0 0 1 1 0 0 0 1 0 1 0 0 1 0 0 0 1 0 0 0 1 0 1 0 1 0 0 0 0 0 1 0 0 0 1 1 1 1 0 1 1 0 0 0 1 1 0 1 1
0 0 0 0 0 0 1 1 0 1 0 1 0 0 0 1 1 0 0 0 0 0 1 0 1 1 1 0 1 1 0 0 1 1 0 1 1 0 0 0 0 1 0 1 0 0 0 1 0 1 0 1 1 1 1 1 0 0 0 0 1 1 0 0 0 0 0
0 1 1 0 0 0 0 1 0 1 1 0 1 1 1 0 0 1 0 1 0 1 0 1 0 0 1 1 0 0 1 0 1 1 1 1 0 1 1 0 1 0 1 0 1 0 1 1 0 0 0 0 1 1 1 0 0 1 0 0 0 1 0 1 1 1 0
1 0 0 1 1 1 0 0 0 1 1 1 0 0 1 0 0 0 0 0 0 1 0 1 1 0 1 0 0 1 0 1 1 1 0 1 1 0 0 0 0 0 0 0 0 1 1 0 0 0 0 0 1 1 1 0 1 1 0 1 1 0 1 0 1 1 0
0 1 0 1 0 1 1 0 0 1 1 1 0 1 0 1 1 1 1 0 1 1 1 0 1 1 0 1 0 1 0 1 0 0 1 1 0 0 0 0 1 1 0 0 0 1 0 1 1 0 1 0 1 0 0 1 1 0 0 0 0 0 0 1 1 0 0
1 0 0 1 0 1 0 1 1 1 1 1 1 0 0 0 0 1 0 0 1 0 0 1 1 0 0 1 0 0 1 0 0 0 0 1 0 0 1 0 0 1 0 0 0 1 1 0 1 0 0 1 1 0 0 0 0 0 0 0 1 1 0 1 0 1 1
1 0 0 1 1 1 0 1 0 1 0 1 0 1 0 0 0 1 0 0 1 0 0 1 1 1 1 1 0 0 1 1 1 1 0 0 1 0 0 1 0 0 1 0 1 1 0 0 0 0 1 0 0 1 1 1 0 1 0 0 0 1 0 1 0 0 1
1 0 0 0 0 1 0 0 0 1 0 1 1 1 0 1 1 1 1 0 1 1 1 1 0 0 1 0 0 0 1 1 1 1 1 1 1 1 1 1 0 0 0 0 1 0 1 1 0 1 0 1 1 0 0 1 0 1 0 1 1 0 1 1 1 0 0
0 1 1 0 0 0 1 0 0 0 0 1 1 0 0 0 1 1 1 1 0 0 1 1 1 0 0 0 0 0 0 0 0 1 1 1 1 1 0 1 0 1 0 1 1 1 1 1 0 0 1 1 0 0 1 1 1 1 0 0 0 0 1 0 1 1 0
0 0 0 1 1 1 0 1 1 0 0 1 0 0 1 1 1 0 1 1 1 0 0 0 0 0 1 0 0 1 0 0 1 1 0 0 0 0 1 1 0 0 1 0 0 0 1 0 0 1 1 0 0 0 0 1 1 0 1 1 0 1 1 0 0 0 1
0 1 1 1 0 0 0 0 1 0 1 1 1 0 0 1 1 1 1 1 1 1 0 0 0 0 0 1 0 0 0 1 1 0 0 0 1 1 0 0 0 1 1 1 1 1 1 1 0 1 1 0 1 0 0 0 1 0 0 0 0 0 0 0 0 1 1
1 0 0 1 1 1 1 1 1 0 0 1 0 1 0 0 1 0 0 0 1 1 0 0 1 1 0 0 1 1 1 0 0 0 0 1 0 0 0 1 0 1 1 0 0 0 0 1 1 0 0 1 0 1 1 1 1 1 1 1 1 1 1 0 1 1 0
0 0 1 1 1 1 1 1 0 1 0 1 1 1 0 0 1 1 1 0 0 1 0 0 1 0 0 1 1 1 1 1 0 0 0 0 0 1 1 1 1 0 1 0 1 0 1 0 1 1 0 0 0 0 0 0 0 1 0 0 0 0 1 0 0 0 1
0 0 0 0 0 1 1 0 0 0 1 1 0 0 1 1 0 1 1 0 0 1 1 1 1 0 1 1 1 0 1 1 1 0 1 1 0 1 0 1 1 0 1 1 1 0 0 1 1 0 1 0 0 0 1 0 0 1 1 0 0 0 0 0 1 1 0
1 0 0 1 0 1 1 1 0 1 1 0 0 0 0 1 0 1 1 1 0 0 0 1 0 0 0 0 0 1 1 0 1 0 0 0 0 1 0 1 1 0 1 0 0 0 0 0 1 1 1 0 1 1 1 0 1 1 1 1 0 1 0 0 1 1 0
1 0 0 1 1 0 1 0 0 0 0 0 0 0 1 0 1 1 0 1 1 0 0 0 0 0 0 1 1 1 0 0 1 1 0 1 1 0 0 0 1 1 1 1 0 0 0 1 1 0 0 0 1 1 0 1 1 0 0 1 1 0 1 0 1 0 1
0 0 0 0 0 1 0 0 1 1 1 0 0 1 0 1 0 0 1 1 1 1 1 0 1 0 0 1 0 1 1 0 1 1 1 1 1 0 0 0 1 1 0 0 0 0 1 1 0 0 0 1 0 1 0 0 1 0 1 0 1 1 0 1 1 1 0
1 0 1 1 0 1 0 0 1 0 0 1 1 1 1 1 0 0 0 1 1 1 1 0 1 0 1 0 0 0 1 0 1 1 1 0 1 0 1 1 0 0 1 0 0 1 0 0 1 0 0 1 0 1 1 0 1 0 1 0 1 1 0 0 1 1 0
0 1 1 0 0 1 1 0 1 1 1 1 0 1 0 1 1 0 1 0 0 1 1 1 1 1 0 0 0 0 1 1 0 1 0 0 1 0 1 1 0 0 1 0 1 0 1 1 0 1 1 0 1 1 1 1 0 1 1 0 1 0 0 1 0 1 0
0 1 0 0 1 1 0 1 1 0 1 0 0 1 0 1 1 0 0 0 1 0 0 1 1 0 0 1 1 0 0 1 1 1 0 0 0 1 1 1 0 0 0 0 1 1 1 0 0 0 1 1 0 1 1 0 1 0 0 1 1 0 0 1 1 0 1
1 0 1 0 1 0 0 0 0 1 0 1 0 0 0 0 0 0 1 0 0 0 0 0 0 0 0 1 1 0 0 1 0 1 0 0 0 0 0 1 1 0 0 0 0 0 0 0 1 0 1 1 0 1 0 0 1 1 1 1 1 0 0 1 0 1 1
1 0 1 0 0 0 0 0 1 0 0 1 1 0 1 1 1 0 0 0 1 0 0 1 1 1 0 0 1 1 0 0 1 0 1 1 0 1 0 1 0 0 0 1 0 1 1 1 1 0 1 1 0 1 0 1 0 0 0 1 0 1 1 0 0 0 1
1 0 1 1 1 1 1 1 1 1 0 1 1 1 0 1 1 0 0 1 0 0 1 0 1 1 1 0 0 1 1 0 1 0 1 1 1 0 0 0 1 0 1 0 0 0 0 1 0 1 1 1 0 0 1 0 1 1 1 1 0 0 1 1 1 0 0
1 1 0 0 0 0 1 0 1 0 1 0 1 1 1 0 1 0 0 0 1 0 0 0 0 0 1 0 0 1 0 1 0 1 1 1 1 0 0 1 0 1 0 1 1 0 1 0 1 1 0 0 1 0 0 0 1 1 0 1 0 0 1 0 1 0 1
1 1 0 0 1 0 0 1 0 0 0 1 0 0 1 0 1 0 0 0 1 0 0 1 1 1 1 1 1 1 0 0 0 0 1 0 0 0 1 0 1 0 1 0 0 0 1 1 0 0 0 0 1 0 1 0 0 0 0 0 0 0 1 0 0 0 0
1 0 0 0 0 1 1 0 1 1 1 0 0 0 1 0 1 1 0 0 1 0 1 1 0 1 1 0 1 1 0 0 1 1 0 0 1 0 1 0 0 1 1 0 1 0 0 1 0 0 0 0 0 0 0 0 0 1 1 1 1 1 0 1 1 1 1
1 1 0 1 1 0 1 0 1 1 1 0 0 1 0 1 1 0 0 1 0 0 0 1 1 1 0 1 1 0 1 1 0 0 1 1 1 0 1 1 0 0 0 0 1 0 1 0 1 0 0 0 0 0 0 0 0 1 1 1 1 0 1 0 1 1 0
1 1 1 1 1 1 0 0 1 1 0 0 1 0 1 1 1 1 1 0 1 0 0 1 1 0 1 1 0 1 1 0 0 1 0 1 1 1 0 1 0 1 0 0 1 0 1 1 1 0 1 0 1 0 0 0 1 1 0 1 1 1 0 1 1 1 0
1 0 0 1 1 1 0 1 1 1 1 1 0 0 0 1 0 0 0 1 1 0 0 1 1 1 0 1 0 0 1 0 0 1 0 1 0 1 1 0 0 1 1 1 0 0 1 1 1 0 1 0 0 0 1 1 1 0 1 0 0 0 0 1 0 0 0
0 0 0 0 1 1 0 1 0 1 0 0 1 1 0 0 0 0 0 0 1 0 1 1 0 1 0 0 1 1 1 1 1 1 1 1 0 1 1 0 1 1 0 0 0 1 0 0 0 1 1 0 1 0 1 1 1 1 0 1 0 1 1 0 1 1 1
0 1 1 1 1 0 1 0 0 0 1 0 0 1 1 0 0 1 1 0 1 1 0 1 1 0 0 1 0 0 1 1 0 1 1 0 0 0 1 0 0 1 0 0 0 1 1 1 0 0 0 1 1 1 1 1 1 0 0 1 0 0 0 1 1 1 1
0 1 0 1 0 1 0 1 0 0 1 0 0 0 1 0 1 1 1 1 0 0 1 1 1 0 1 1 1 0 0 1 1 1 0 0 1 0 0 0 1 1 1 0 1 1 0 1 0 0 0 1 1 1 1 0 1 0 1 0 1 0 0 1 1 0 0
1 0 1 1 1 1 0 1 1 0 1 1 1 0 1 1 0 1 1 1 1 1 0 1 1 0 0 0 0 0 0 1 1 1 1 1 1 1 1 0 1 0 1 0 1 1 1 1 1 0 0 1 0 1 0 0 0 1 1 1 0 0 1 1 0 1 1
1 1 0 0 0 0 0 1 0 1 0 1 0 1 0 1 1 1 1 0 1 0 0 1 1 0 1 1 1 1 1 1 0 0 0 0 0 0 1 0 0 0 0 1 0 1 0 1 1 0 0 1 0 0 0 1 0 1 1 0 1 1 1 1 0 1 0
1 0 1 0 0 1 0 0 1 1 0 1 1 0 1 0 1 1 0 1 1 1 1 0 0 1 0 1 0 1 1 0 1 1 0 1 1 1 0 1 0 1 1 1 1 1 0 0 0 0 1 1 0 0 1 1 1 1 1 0 1 1 0 1 0 0 0
1 0 0 1 1 1 1 1 1 0 1 1 1 1 1 1 1 1 1 1 0 1 1 1 0 0 1 1 1 0 0 0 1 0 0 1 1 1 1 0 1 1 0 0 0 1 0 0 0 0 0 1 0 0 0 1 0 1 0 0 0 0 0 1 1 1 1
1 0 0 0 1 0 1 0 0 1 1 1 1 0 1 1 1 0 1 1 0 1 0 0 1 1 0 1 0 0 0 0 0 1 1 1 1 1 1 0 1 1 0 1 0 1 0 0 0 1 0 0 0 0 1 0 1 0 0 1 1 0 0 1 0 0 0
0 1 1 1 1 1 0 0 1 0 1 1 0 1 0 0 1 0 1 0 0 0 0 0 0 1 1 1 0 1 0 0 0 1 0 1 1 1 0 0 0 0 0 0 0 1 1 1 1 0 0 1 1 0 0 1 0 1 0 0 0 0 1 0 0 0 0
1 0 1 1 0 1 0 1 0 0 0 1 0 1 0 0 0 1 1 1 1 1 0 0 1 0 1 0 1 1 0 1 1 0 1 1 1 1 0 1 1 0 0 1 0 1 1 1 0 1 0 0 0 0 1 1 1 0 0 0 0 0 1 1 0 1 1
0 0 1 1 0 1 1 1 0 1 1 1 0 1 1 1 1 1 1 0 0 1 0 1 0 0 1 0 0 0 0 1 0 1 1 0 0 1 0 0 0 0 1 1 0 1 0 0 1 0 1 0 1 0 0 0 1 0 0 1 1 1 1 1 1 0 1
1 1 0 1 1 0 0 1 1 0 1 0 0 0 0 1 0 1 0 0 1 0 0 0 0 0 0 1 1 1 0 1 0 0 1 1 0 1 1 0 1 0 1 0 0 0 0 1 1 1 0 1 0 0 1 0 0 0 1 1 0 0 1 0 1 1 1
1 0 0 1 0 0 1 0 0 0 0 0 0 1 1 1 0 1 0 0 1 0 1 0 1 0 0 0 0 1 1 0 1 1 1 1 0 1 1 0 1 1 1 1 1 1 1 1 1 1 1 0 1 0 0 0 0 0 1 1 0 1 0 1 1 0 1
0 0 0 1 0 1 1 0 1 1 0 0 0 1 1 0 0 0 1 1 0 1 0 1 1 1 1 1 1 0 0 0 1 0 1 1 0 1 1 1 1 1 1 1 0 1 1 0 0 1 1 1 1 1 1 0 1 1 0 1 0 0 1 0 0 0 0
0 0 0 1 1 0 0 0 0 1 1 0 0 1 1 1 0 1 1 1 0 0 0 0 0 1 0 0 0 0 1 1 0 0 0 1 1 0 0 0 1 1 0 1 0 0 1 0 0 1 1 0 1 0 1 0 0 1 0 1 1 1 0 0 1 0 1
0 0 1 0 0 0 1 0 0 1 1 1 1 1 0 0 1 0 0 0 0 0 0 1 1 0 1 1 1 1 1 1 1 0 0 0 0 0 1 0 0 1 0 0 0 0 1 0 0 0 1 1 0 0 0 1 0 0 1 1 0 0 1 0 1 0 0
0 0 0 0 1 0 1 0 0 1 0 1 0 1 0 0 0 1 0 1 1 1 0 0 1 1 1 0 0 1 1 0 1 1 1 1 1 1 0 1 0 1 0 1 0 0 1 0 0 0 1 1 0 0 1 0 0 0 1 1 0 1 0 1 1 0 1
1 0 1 0 1 1 0 0 0 1 1 0 1 1 0 0 0 1 0 0 1 1 1 1 0 0 0 1 1 0 1 0 0 1 0 1 1 0 0 0 1 1 1 0 0 0 1 1 0 0 1 0 0 0 1 1 1 0 1 1 1 0 0 0 1 1 0
0 1 0 1 0 1 1 0 1 1 1 0 0 1 0 0 1 0 0 1 1 0 0 0 0 0 1 0 0 1 1 1 1 1 1 1 0 1 0 1 1 0 1 0 0 0 1 1 0 1 1 0 0 1 1 1 0 0 0 0 1 0 0 1 1 0 0
0 1 1 1 0 0 0 0 0 0 1 1 1 1 0 1 1 0 0 0 0 1 1 0 1 0 1 1 1 0 0 1 0 0 0 1 1 0 1 1 1 1 0 0 1 1 0 0 0 0 1 0 0 1 1 1 1 1 0 1 1 1 0 0 0 0 0
0 1 1 0 0 1 1 0 1 0 1 0 1 0 1 0 1 0 1 0 1 0 1 1 0 1 1 0 1 1 0 1 0 0 1 0 0 0 0 1 1 1 1 0 1 1 0 1 1 1 1 0 0 1 0 1 0 1 1 0 0 1 1 0 0 1 0
1 0 1 1 0 0 1 0 1 1 1 0 1 0 0 1 0 1 1 0 1 0 0 1 1 1 0 1 1 1 1 1 1 0 1 0 0 0 0 0 0 0 0 0 1 1 1 1 0 1 0 0 1 1 1 0 1 1 0 1 1 0 1 0 0 0 0
0 0 1 1 1 1 0 1 1 1 1 0 0 1 1 0 1 0 0 0 0 1 0 0 0 0 0 0 0 0 0 0 1 0 1 0 1 1 1 0 1 0 1 1 0 1 1 0 0 0 0 0 0 0 1 1 0 0 1 1 0 1 0 0 0 0 0
1 1 1 1 1 1 0 0 1 1 1 1 0 1 1 1 1 0 0 1 0 1 0 0 1 1 1 0 1 0 0 0 0 0 0 0 0 1 0 1 1 1 1 0 0 1 1 1 1 0 1 0 0 0 1 0 0 1 0 1 0 1 0 0 1 1 1
0 1 0 1 0 0 0 1 0 1 1 1 0 0 1 1 0 0 1 1 0 1 0 0 0 1 0 0 0 1 1 0 0 1 0 1 0 1 0 1 0 0 0 1 1 1 1 0 0 1 1 1 1 0 1 0 1 1 1 0 1 0 1 1 0 1 1
0 1 0 0 0 1 0 0 0 1 1 1 0 1 0 0 0 1 0 1 0 0 0 0 1 0 0 0 1 1 1 0 0 0 1 0 0 1 1 0 0 0 1 0 0 1 0 0 0 1 0 1 0 1 1 0 0 1 0 1 1 0 0 1 1 0 1
1 1 0 0 0 1 0 0 1 1 0 1 0 1 0 0 1 0 1 0 1 1 0 0 0 0 0 1 1 1 1 0 0 0 1 0 0 0 0 0 1 0 1 1 1 1 1 0 0 0 1 0 0 0 0 1 1 0 1 1 0 0 1 0 0 0 1
0 1 0 1 0 0 0 1 1 1 1 1 1 1 0 0 1 1 0 1 1 0 0 1 0 1 1 0 1 0 0 1 1 1 0 0 0 1 1 1 0 1 0 0 1 1 1 1 0 1 1 0 0 1 1 1 1 1 1 1 1 0 1 1 1 1 1
0 1 0 1 1 1 0 1 0 1 0 0 1 0 0 1 0 0 1 0 0 0 0 0 0 0 0 1 0 0 0 1 0 0 1 1 1 1 0 0 0 0 0 0 1 0 1 0 0 1 1 0 0 1 0 0 1 0 0 0 0 1 0 0 0 0 0
0 0 1 0 0 1 1 1 0 0 1 1 1 1 0 0 1 1 1 0 1 0 0 1 0 0 1 0 1 1 1 0 1 1 0 1 0 0 1 0 1 0 1 0 0 1 0 1 1 0 1 1 1 0 1 1 0 0 1 1 0 0 0 0 0 1 0
0 0 0 0 0 1 1 1 0 0 0 0 1 1 0 1 1 0 0 0 1 0 1 0 1 0 0 1 0 0 0 1 1 0 0 1 0 1 0 1 1 1 1 1 0 0 1 0 1 1 1 1 0 1 1 1 0 0 0 1 0 0 0 1 1 1 0
1 0 1 1 0 0 1 1 1 0 1 0 1 0 0 1 0 1 0 0 0 0 0 1 0 0 1 1 0 0 0 1 0 1 0 1 0 1 0 1 0 1 1 1 1 0 1 0 0 0 1 1 1 1 0 0 0 0 1 1 1 1 0 0 1 0 1
0 1 1 0 0 0 0 0 0 0 0 0 0 1 0 1 0 0 1 0 1 1 1 0 0 0 0 0 0 1 0 0 0 0 0 0 0 1 1 1 1 0 0 0 0 1 0 0 1 0 1 0 0 0 1 0 0 1 1 1 1 0 1 0 1 0 0
0 0 1 0 0 1 1 1 0 0 0 1 0 0 0 0 1 0 0 0 1 0 1 0 0 0 0 1 1 1 1 0 0 1 1 0 1 1 0 1 0 1 1 1 1 0 1 1 0 1 1 0 0 1 1 1 0 0 1 1 0 1 1 1 1 1 1
1 0 0 1 0 1 0 1 1 1 0 0 1 1 1 0 1 1 0 1 0 0 0 0 1 1 0 1 0 1 0 1 0 1 1 0 0 0 0 1 1 0 0 0 0 1 1 1 1 0 1 0 0 1 1 0 1 1 0 1 0 1 1 1 1 1 0
1 0 0 1 0 0 1 0 0 0 1 1 1 1 1 0 0 0 0 1 1 0 0 1 1 0 1 0 1 0 1 0 1 1 0 1 1 1 0 1 0 0 0 1 0 0 0 1 0 1 0 0 0 1 0 1 1 1 1 0 1 1 0 1 0 1 0
0 1 0 1 0 0 0 0 1 0 0 0 0 1 1 0 0 0 0 0 0 1 1 0 1 1 1 0 0 1 1 0 0 0 1 0 0 0 1 0 0 1 1 0 0 1 1 1 0 1 0 0 0 1 1 1 0 0 1 0 0 0 0 0 1 0 0
1 0 1 1 1 1 1 0 1 1 1 0 1 1 1 0 0 1 0 0 0 0 0 0 1 0 0 0 1 1 0 0 1 0 0 1 1 1 0 1 1 1 1 0 0 0 0 0 0 0 1 1 1 1 0 0 1 1 1 0 0 1 0 1 0 1 1
1 1 1 0 1 1 0 1 0 0 1 1 1 0 0 0 1 1 0 0 0 1 1 0 0 1 1 0 1 0 0 1 0 1 1 0 1 0 0 0 0 0 0 0 0 1 1 0 0 1 1 0 0 1 1 0 0 1 0 1 0 0 1 0 0 0 1
1 1 1 1 0 1 1 1 1 1 0 1 1 0 0 1 0 0 1 0 0 1 1 0 1 1 0 1 1 0 0 1 0 1 0 1 1 0 1 1 1 0 0 0 0 1 0 1 1 1 1 0 1 0 1 1 0 1 1 1 0 1 1 0 1 1 0
0 0 1 0 1 1 1 0 1 0 0 0 0 1 0 1 0 1 0 0 0 0 0 0 0 1 0 0 1 0 1 0 0 1 0 0 0 1 0 1 0 0 1 1 0 0 0 1 1 1 1 1 1 0 1 0 1 0 0 0 1 0 1 0 0 0 1
1 1 1 1 0 1 1 0 1 0 0 1 0 0 1 0 1 0 1 0 0 1 0 1 1 1 1 0 1 0 1 1 1 0 1 0 1 1 1 0 1 1 0 1 0 0 1 1 0 0 0 0 1 0 0 1 1 1 1 1 1 1 0 0 1 1 1
1 1 1 0 0 1 1 0 0 1 1 0 0 0 0 1 0 0 0 1 1 1 1 1 1 0 0 0 0 0 1 0 1 0 0 0 0 0 0 0 1 1 0 1 1 1 0 0 0 0 1 1 0 0 1 1 0 1 1 0 0 1 1 0 0 1 0
1 1 1 0 0 1 0 1 0 1 1 1 0 0 1 1 0 0 0 0 0 0 1 1 1 1 1 1 1 0 1 1 1 0 1 1 0 1 1 1 1 0 0 1 1 0 1 0 0 1 0 1 0 1 0 1 1 1 0 0 1 1 0 1 0 0 1
0 0 0 0 0 0 1 1 0 1 0 1 1 0 0 0 0 1 1 0 1 1 1 1 0 1 0 0 0 0 0 1 1 0 1 1 1 0 1 0 1 1 1 0 1 0 0 1 0 1 1 0 1 1 0 1 0 0 1 0 1 1 1 0 0 1 0
0 0 1 1 0 0 1 0 1 0 0 1 1 1 1 0 0 1 1 0 0 0 1 0 1 0 1 1 0 0 0 1 0 1 0 0 1 1 1 0 0 1 0 1 0 0 1 1 1 1 1 1 0 1 0 1 0 0 0 0 1 1 0 1 0 1 1
1 0 1 1 1 0 1 1 1 0 0 0 0 0 0 1 0 0 0 0 1 1 1 0 1 1 1 0 1 0 1 1 0 1 0 0 0 1 0 1 1 0 0 0 1 0 1 1 0 0 1 0 0 0 0 0 1 0 0 0 0 0 1 1 1 0 0
1 0 0 1 1 0 1 0 0 1 0 1 1 0 0 1 0 1 0 1 0 0 0 1 0 0 1 1 1 1 1 0 1 1 1 1 1 0 1 0 0 0 1 0 1 1 0 1 0 0 1 0 0 0 1 1 1 0 1 0 1 0 0 0 0 0 1
0 1 0 1 1 1 0 1 1 1 1 1 0 1 0 0 1 1 1 1 1 1 1 1 1 1 1 0 0 1 0 1 0 0 0 1 1 1 0 0 0 0 1 1 1 0 1 0 0 0 1 1 1 1 1 0 1 0 1 1 0 1 0 0 1 1 0
0 1 1 0 0 0 1 1 0 0 0 0 0 1 0 0 1 0 1 1 1 1 1 0 0 0 1 1 0 0 1 0 0 1 0 0 1 0 0 1 1 1 0 0 1 0 0 0 0 1 0 1 1 1 1 1 1 0 0 0 0 1 0 1 0 1 0
1 0 0 0 1 1 0 0 0 0 0 1 1 1 1 0 1 1 0 1 0 0 1 1 0 1 0 1 1 0 1 0 1 0 1 0 0 0 0 1 0 1 0 0 1 0 0 0 1 1 1 0 1 0 0 1 0 0 1 0 1 0 1 0 0 0 1
1 0 1 1 1 0 1 1 1 1 0 1 1 0 0 1 1 1 1 0 1 1 1 1 1 1 1 0 0 0 0 1 0 0 0 0 1 0 1 1 0 0 0 1 0 1 1 0 1 1 0 1 1 0 0 1 1 0 0 1 0 0 1 0 0 1 1
1 0 1 1 0 1 1 0 1 1 1 0 0 1 1 1 0 1 1 1 1 1 0 0 0 1 0 1 0 1 0 0 1 1 1 0 1 1 0 0 1 1 0 0 1 0 1 0 0 1 1 1 0 0 0 1 0 1 0 1 0 0 1 1 0 1 0
0 1 0 0 1 1 1 0 1 0 1 0 1 0 1 0 0 0 1 1 0 0 0 1 1 1 0 0 0 1 1 1 0 0 1 0 0 1 1 0 0 1 0 0 0 0 1 0 1 1 1 1 1 1 1 0 1 0 1 0 1 1 1 1 0 0 1
1 0 1 0 0 0 1 0 1 0 0 1 1 0 1 1 1 1 1 0 0 1 0 0 1 0 0 1 0 0 1 1 0 0 1 1 0 0 1 1 1 0 1 0 1 0 1 1 0 1 1 1 1 1 0 0 1 1 1 0 0 1 0 0 0 0 0
1 1 0 0 0 1 0 0 1 1 0 1 1 1 0 1 0 0 0 0 1 0 1 1 0 0 1 0 0 1 0 0 0 0 1 1 0 0 1 1 1 0 1 0 1 0 0 1 1 0 0 0 0 1 1 0 1 1 0 0 0 0 0 1 0 1 1
1 1 0 1 0 0 1 1 0 1 1 1 0 0 0 1 1 0 1 1 1 0 0 0 1 1 0 0 0 1 0 1 0 1 1 1 1 1 0 0 0 1 1 0 0 0 0 1 0 1 1 1 0 1 0 1 0 1 0 0 1 1 1 1 1 0 1
0 1 0 0 1 0 0 0 1 0 0 0 1 0 1 1 0 0 1 0 1 1 0 0 1 0 1 1 1 0 1 1 1 1 0 1 1 0 1 1 1 0 0 1 0 0 1 0 1 1 1 0 1 0 0 1 0 0 0 1 1 0 0 0 1 1 1
0 1 1 1 1 0 0 0 0 0 0 1 1 1 1 0 1 1 0 1 1 1 1 1 1 0 0 0 1 1 0 0 0 0 1 1 0 0 1 0 1 0 0 0 1 0 1 0 1 1 1 1 1 0 0 1 1 1 1 0 0 0 0 1 1 0 1
0 0 1 1 0 0 1 1 0 0 0 1 1 1 1 1 1 0 1 1 0 0 0 0 0 0 0 0 0 0 1 1 1 1 1 1 1 0 1 1 1 1 1 0 1 1 1 1 1 1 0 0 1 1 1 1 0 1 0 1 1 1 0 1 1 0 1
0 0 1 1 1 0 0 1 1 0 0 0 0 0 1 0 1 1 0 0 1 0 0 1 1 0 1 0 0 1 1 1 1 0 0 0 0 1 1 0 1 1 1 1 0 1 1 0 0 0 0 1 0 1 0 0 1 0 0 0 1 1 0 0 1 1 1
0 1 0 0 1 1 0 0 0 0 1 0 0 0 1 0 0 1 1 0 0 0 0 1 0 0 1 1 0 1 0 0 0 0 0 0 0 1 0 1 1 1 0 1 0 1 1 1 0 1 1 1 0 0 0 1 1 0 1 0 1 0 1 1 0 1 0
1 0 0 0 1 1 0 0 1 1 1 0 0 0 0 1 0 1 0 1 1 0 0 1 0 1 1 0 1 0 1 0 1 1 1 0 0 0 0 0 1 0 0 1 0 1 0 0 0 0 1 1 1 1 0 1 1 0 0 1 1 0 0 1 1 0 1
0 1 1 0 0 1 1 0 0 0 1 0 1 0 0 1 0 0 0 1 0 1 1 0 0 0 1 0 1 1 0 1 1 0 0 1 0 1 1 1 0 1 1 1 0 1 0 0 0 1 0 0 1 0 1 1 1 0 0 1 1 0 1 0 1 0 0
1 1 1 0 1 0 0 1 0 1 1 0 0 0 0 0 1 1 0 0 1 0 1 0 1 0 0 1 1 1 1 0 0 1 1 0 0 0 0 1 0 1 0 0 0 0 1 0 1 1 1 1 1 1 0 1 0 1 1 0 0 0 0 1 1 0 0
1 1 0 0 1 0 1 0 1 1 1 1 1 0 0 1 0 1 0 1 0 1 1 0 1 1 0 0 1 1 1 1 0 0 1 1 1 1 0 1 1 1 0 0 0 1 1 1 1 1 0 1 0 1 1 0 1 1 1 1 0 0 0 0 0 1 1
1 1 1 0 1 1 0 1 1 0 1 1 1 0 0 0 0 0 0 1 0 0 1 1 0 0 1 0 0 0 1 0 1 0 0 0 1 1 0 0 0 1 0 1 1 1 0 0 1 0 1 0 1 1 0 0 1 1 1 1 1 1 0 0 0 1 0
1 0 0 0 0 1 1 0 0 0 0 0 0 1 1 1 0 0 0 1 1 0 0 0 1 0 1 1 0 1 0 0 0 0 0 1 1 1 1 1 1 0 0 0 1 1 0 0 0 1 1 1 1 0 0 0 1 0 0 0 1 0 1 1 1 0 0
1 0 1 1 1 0 0 1 0 1 0 0 1 1 1 0 1 0 1 0 1 0 1 0 0 0 0 0 0 1 1 1 0 0 0 0 1 0 1 1 1 0 0 1 1 0 0 1 0 0 1 1 1 1 1 1 1 1 1 0 1 0 1 1 0 0 1
0 0 0 1 1 0 0 1 0 0 0 1 0 0 0 1 0 0 1 1 1 1 1 1 0 0 1 0 1 0 0 0 0 0 0 1 0 1 0 0 1 1 1 0 0 0 1 1 1 1 1 0 0 0 0 0 0 0 1 0 1 1 0 0 0 1 1
0 0 0 0 0 0 1 0 1 1 1 0 1 0 1 0 0 1 0 0 1 1 0 0 0 1 0 0 1 1 0 1 0 0 0 1 0 1 1 0 0 0 1 0 0 1 1 1 0 0 1 0 0 0 0 1 1 0 1 0 0 1 0 1 1 1 1
1 1 1 1 1 1 0 0 1 0 0 0 0 0 0 1 0 1 1 1 0 1 0 1 0 0 0 1 1 1 1 1 1 1 0 0 1 1 0 1 1 0 0 1 1 0 0 1 0 0 0 1 1 0 0 1 1 1 1 0 0 0 0 0 1 1 1
0 1 0 1 1 0 1 1 0 1 1 1 1 0 1 0 0 1 0 1 1 0 1 0 0 1 1 0 0 1 0 1 1 0 1 1 0 0 1 0 1 1 0 1 0 1 1 0 0 1 0 0 1 1 0 0 0 1 0 0 0 0 1 0 0 0 0
1 1 1 0 1 0 1 1 0 0 1 1 0 1 1 1 1 0 1 0 0 0 0 1 1 1 1 1 0 1 1 0 1 1 0 0 1 1 1 0 1 1 0 1 1 0 0 1 1 0 1 0 0 1 0 0 1 1 0 1 1 0 1 1 1 0 1
0 0 1 0 0 0 1 1 1 0 1 0 0 1 1 1 0 1 0 0 1 0 1 1 0 1 1 1 1 0 1 1 1 1 1 0 1 0 1 0 1 0 0 1 0 0 0 1 0 0 1 0 1 1 0 1 1 0 1 0 0 1 0 0 1 1 0
0 0 0 0 1 0 1 0 1 1 0 1 0 1 0 1 1 0 0 0 1 1 0 1 0 0 0 0 0 1 0 0 1 1 0 0 1 1 0 0 1 1 0 1 0 1 1 0 0 1 1 0 1 1 0 0 1 1 1 1 1 1 1 1 0 1 0
0 0 0 0 0 1 1 1 1 0 0 0 0 1 1 0 0 1 1 0 0 1 0 0 1 0 1 1 0 0 0 0 1 0 0 0 0 0 0 0 0 0 0 0 1 0 0 1 1 0 1 0 0 0 1 1 1 0 0 1 1 0 0 0 0 0 1
1 0 0 1 1 0 0 0 1 0 0 1 1 0 0 1 0 1 0 0 1 0 1 0 1 0 1 1 1 1 0 0 1 0 1 1 1 1 1 1 0 1 1 0 1 1 1 0 0 1 0 1 0 0 0 1 0 0 1 1 0 1 1 1 0 0 0
0 0 1 1 1 1 0 0 1 0 0 1 0 1 1 1 1 0 1 1 1 0 0 1 1 0 0 1 1 1 1 1 1 1 0 1 1 0 0 0 0 1 1 0 0 1 1 0 1 0 0 0 0 0 1 0 1 1 1 0 0 0 0 0 0 1 1
1 0 0 1 0 0 1 0 1 0 0 0 0 1 0 0 1 1 1 1 0 1 0 1 1 1 0 0 0 0 1 0 0 0 1 0 1 0 1 1 0 0 1 0 0 0 1 0 0 1 0 1 1 0 1 1 1 0 0 0 1 0 0 1 1 0 1
0 0 0 0 0 1 1 1 1 0 0 1 0 1 0 0 0 0 0 1 1 0 1 1 1 1 0 0 1 0 0 0 1 0 1 0 1 0 0 0 1 0 0 1 1 0 1 0 1 1 0 1 0 0 0 1 0 1 0 0 0 0 0 0 1 1 0
1 0 0 1 0 1 1 0 0 1 0 1 0 1 1 0 0 0 0 1 1 1 1 1 0 0 1 0 0 0 1 1 0 0 0 0 0 1 1 1 1 1 0 1 1 1 1 0 1 1 1 1 1 1 1 1 1 0 1 1 1 1 0 0 1 1 0
0 1 1 0 1 0 0 0 0 1 0 0 1 1 1 1 0 1 1 0 0 0 1 1 1 0 0 0 1 0 0 0 1 1 0 0 0 0 1 0 0 0 0 1 0 1 1 1 1 0 1 0 0 1 1 0 1 0 0 0 1 0 1 1 1 1 1
1 0 1 1 0 0 1 1 0 0 1 0 1 1 1 1 1 0 0 0 1 1 0 1 0 0 1 1 0 0 1 1 1 1 0 1 0 1 0 1 1 1 1 1 1 1 0 1 1 1 0 1 0 0 1 0 1 0 1 0 0 0 1 0 0 0 1
0 0 0 1 0 0 1 0 1 1 0 0 0 0 1 1 1 1 0 0 0 0 1 1 0 0 1 1 1 1 1 0 0 0 0 1 1 1 1 0 1 0 0 0 1 0 0 0 1 1 1 0 1 0 0 1 0 1 0 1 0 0 1 1 0 1 0
0 0 1 1 0 1 0 0 1 0 0 0 0 1 0 0 1 1 0 0 1 0 0 1 0 0 0 0 0 0 1 1 0 1 1 1 0 1 0 1 0 1 1 1 1 0 0 1 0 0 1 0 0 0 0 1 0 0 1 1 0 0 1 0 0 1 0
1 1 0 0 0 0 1 0 1 0 1 0 0 0 0 1 1 1 1 1 1 0 1 0 0 1 0 0 1 0 0 0 0 1 0 1 0 0 1 0 1 0 0 1 0 1 1 0 1 1 0 0 1 1 0 1 0 0 0 0 1 0 0 1 1 0 0
1 0 0 1 1 1 1 1 0 1 0 1 0 0 1 1 0 1 1 1 0 0 1 0 1 0 0 1 0 1 0 0 0 1 0 0 0 0 1 0 0 0 0 1 0 0 1 1 1 1 0 1 0 0 1 1 1 1 0 0 0 0 1 0 1 0 0
1 1 1 0 0 0 1 0 1 0 1 0 1 1 1 0 1 1 1 1 1 1 1 0 1 0 1 0 0 1 0 0 0 1 0 0 0 1 0 0 1 1 0 0 0 0 0 0 0 0 0 0 0 0 0 0 1 0 1 0 0 1 0 1 0 0 1
0 1 1 1 1 0 1 0 0 0 1 1 0 1 1 0 0 1 1 1 1 0 1 1 1 1 1 1 0 0 0 0 1 0 1 0 1 1 0 1 1 0 1 0 0 0 0 0 0 1 0 1 1 0 0 0 0 0 1 1 1 0 1 1 1 0 1
0 0 1 1 1 0 1 0 1 0 0 0 0 0 0 0 1 0 1 1 0 1 1 0 1 1 0 1 1 1 1 0 0 1 0 1 0 1 1 1 0 0 0 1 1 1 0 0 0 0 1 0 1 1 0 0 1 0 1 1 0 1 0 0 1 1 1
0 0 1 1 1 1 1 0 1 1 0 0 1 0 0 1 1 1 1 1 1 1 1 0 0 1 0 0 0 0 1 0 0 1 1 1 0 1 1 0 1 1 0 0 0 1 0 0 0 1 1 1 1 1 0 1 0 0 0 1 1 0 1 0 1 0 1
1 1 1 0 0 0 1 0 1 1 1 0 0 1 1 1 0 0 0 0 1 0 0 1 0 0 0 1 0 1 1 1 1 0 0 0 0 0 0 0 1 1 1 0 1 0 1 1 1 1 0 0 0 1 0 1 0 0 1 0 1 1 0 0 0 0 1
0 0 1 0 0 0 0 0 1 1 1 1 1 1 0 1 0 0 1 1 0 0 1 1 1 0 1 1 0 1 1 1 0 1 1 1 1 1 0 1 1 1 1 1 0 0 0 1 1 0 1 1 1 1 0 1 0 1 0 1 0 0 1 0 0 0 1
1 1 1 1 1 1 1 1 0 1 0 0 1 1 1 1 1 1 0 0 1 0 1 0 1 0 1 1 1 0 0 1 1 1 1 1 0 1 1 0 0 0 1 1 1 0 1 1 0 0 1 0 1 1 0 1 0 1 0 0 1 0 1 0 0 0 1
1 1 1 1 0 1 0 1 0 0 1 0 0 0 1 1 1 1 1 0 1 0 1 0 0 0 1 0 1 0 0 0 1 1 1 1 0 0 0 0 0 0 0 1 1 0 0 0 0 0 1 1 0 0 0 0 0 1 0 0 0 1 0 0 1 1 0
1 1 1 1 1 0 1 1 0 0 1 0 0 0 1 1 0 0 1 1 0 1 0 0 1 0 1 0 1 1 1 1 0 1 1 1 1 1 0 1 1 1 0 0 0 1 0 1 1 0 1 1 0 1 0 1 0 0 1 1 0 1 1 1 0 0 0
1 0 0 0 0 0 1 1 1 1 1 0 1 0 0 1 1 0 1 1 1 1 0 0 0 0 0 0 0 0 1 1 1 0 0 0 1 1 1 1 1 1 0 0 1 0 0 0 1 0 1 0 1 0 0 1 0 0 0 0 0 1 0 0 0 0 1
0 1 0 1 1 1 0 1 1 0 0 0 1 0 0 1 0 1 0 1 1 1 0 1 1 1 0 1 0 1 0 0 1 0 0 0 0 1 1 0 1 1 0 0 1 1 0 0 1 0 1 0 1 1 0 0 0 0 1 0 0 0 1 0 1 1 0
1 0 1 0 1 1 0 0 0 0 0 0 1 0 0 1 1 1 0 1 0 1 0 1 0 1 1 1 1 0 1 1 1 0 1 0 1 0 1 1 0 0 0 1 0 1 0 0 1 0 1 0 0 0 1 0 1 0 0 1 0 1 0 1 1 0 0
1 0 0 1 0 1 0 0 0 0 1 1 0 1 1 1 0 0 1 0 0 1 0 0 0 0 1 0 1 1 1 1 0 0 0 0 0 1 0 1 0 1 1 0 0 0 0 0 0 1 0 1 0 0 0 0 1 1 0 0 0 0 0 0 1 1 1
1 0 0 1 0 1 1 1 0 1 1 0 1 1 1 1 0 0 1 1 0 1 1 0 1 1 1 0 1 0 1 0 1 1 0 1 1 1 1 0 0 0 0 0 0 1 0 1 1 0 1 0 1 1 1 0 0 1 0 0 1 1 1 1 1 0 0
0 1 0 1 1 0 0 0 0 0 1 1 0 1 0 1 1 0 1 0 0 0 0 1 1 0 0 0 1 0 1 0 0 1 1 1 0 0 0 0 0 1 0 1 1 1 1 1 0 1 0 0 0 1 0 0 0 0 0 0 1 1 1 0 1 0 0
0 1 0 0 0 0 1 1 1 0 0 0 1 1 0 1 1 1 0 1 0 1 1 0 1 0 1 0 1 1 0 1 1 1 0 1 0 0 1 0 0 1 1 0 1 1 0 0 1 1 0 0 1 1 0 0 1 1 0 0 1 0 0 0 1 1 0
0 0 1 0 0 1 0 1 1 1 0 1 0 0 1 0 0 0 0 0 1 1 0 0 1 0 1 0 0 0 1 1 0 1 1 0 0 1 1 0 1 0 0 1 1 1 1 0 1 0 0 0 1 1 0 1 0 1 1 0 0 0 1 1 1 0 1
0 1 1 1 1 1 1 0 1 0 1 1 0 1 1 1 1 0 0 1 1 0 1 0 0 1 0 1 0 0 0 1 1 0 1 0 0 0 1 1 1 1 0 1 1 0 0 1 1 0 1 1 1 0 1 0 0 0 0 1 0 1 1 0 0 0 1
1 1 0 1 1 0 0 1 1 1 0 1 1 1 1 1 0 0 0 1 0 0 0 0 0 0 1 1 0 0 1 0 1 1 0 0 0 1 1 0 1 0 0 0 0 0 0 0 1 0 1 1 1 1 1 1 1 0 0 1 0 1 0 1 1 0 1
0 1 0 1 1 0 0 0 1 1 0 1 0 0 1 1 0 1 0 0 0 0 1 0 1 0 0 0 1 1 1 1 0 0 1 0 1 1 1 1 0 0 0 0 1 1 1 0 0 0 1 0 1 0 1 1 0 1 0 0 1 1 1 0 0 1 1
1 0 1 1 0 0 0 0 1 0 1 0 1 0 1 0 1 0 0 0 0 0 1 1 1 1 1 0 0 0 1 0 1 0 1 1 1 0 0 0 1 0 1 0 1 0 1 0 1 1 1 0 0 0 1 1 1 1 0 0 0 1 0 0 0 0 0
1 0 0 1 1 1 1 0 0 0 0 1 1 0 0 1 0 1 1 1 1 0 1 1 1 1 1 0 1 1 0 0 0 0 0 1 0 0 0 1 1 1 0 1 0 0 0 1 0 0 1 1 1 1 0 0 1 1 1 0 1 1 1 0 0 0 0
1 0 1 1 1 1 0 0 0 0 1 1 0 1 1 0 0 1 1 1 1 0 0 1 0 1 1 0 1 1 0 0 0 0 1 0 0 1 1 1 0 0 0 0 0 0 0 1 1 0 0 0 0 0 1 1 1 1 1 0 1 1 0 1 1 0 0
1 0 0 0 0 0 1 0 1 1 1 0 1 1 0 0 1 0 0 0 0 0 1 1 0 0 0 0 0 0 1 1 0 0 1 0 1 0 1 0 0 0 1 1 1 0 0 1 0 0 0 1 0 1 1 0 1 0 0 0 1 1 1 0 1 0 0
1 1 0 0 0 1 1 1 1 1 0 0 1 0 1 0 0 0 0 0 0 0 1 1 1 0 0 1 1 1 1 0 0 1 1 1 0 0 1 1 1 1 1 1 1 1 0 1 1 0 1 0 0 1 0 0 0 1 1 0 0 0 1 0 1 0 0
1 1 1 0 0 0 1 0 1 0 1 0 1 1 1 1 1 0 0 1 1 0 1 1 1 0 1 0 1 0 1 0 0 0 1 1 0 0 0 0 0 1 0 0 1 0 1 1 1 0 0 1 0 1 1 1 1 0 1 1 1 0 0 0 1 1 0
1 1 0 0 1 0 1 1 0 1 1 0 0 1 1 1 1 0 0 0 0 1 1 0 1 0 0 1 0 1 1 0 0 0 1 1 0 1 0 0 1 0 0 0 0 1 0 0 0 0 0 1 0 1 1 0 0 1 0 0 0 0 1 1 1 0 1
0 1 0 0 1 1 0 0 0 0 0 1 0 1 0 1 1 1 0 1 0 1 1 1 1 0 1 1 1 0 1 0 1 1 1 1 0 0 1 0 0 0 0 0 0 0 0 1 0 1 1 1 0 1 1 1 1 1 0 0 0 0 0 0 0 0 0
1 1 0 0 0 1 1 0 1 0 0 1 0 1 0 1 1 0 1 0 0 0 0 1 0 0 0 0 1 1 1 0 1 1 1 1 1 1 1 0 0 1 1 0 1 1 0 0 0 1 1 1 1 0 0 0 1 0 0 1 1 1 0 0 1 1 1
0 1 1 1 1 1 1 0 1 1 0 1 0 0 1 0 0 0 0 1 0 1 1 0 1 0 0 0 0 0 0 1 1 0 1 0 0 1 1 1 0 0 1 0 1 1 0 1 1 1 0 0 0 0 0 1 0 0 0 0 1 1 1 1 1 1 1
1 1 1 1 1 0 0 1 1 0 1 1 0 1 1 0 1 0 0 0 0 1 1 0 0 1 0 0 1 0 1 1 1 1 0 1 1 0 1 0 1 0 0 1 0 1 1 1 1 1 0 0 0 0 1 0 0 0 0 1 1 1 1 1 1 0 1
0 1 1 0 0 0 0 0 1 0 1 1 0 0 0 1 0 1 1 0 0 0 1 1 0 0 1 0 0 1 0 1 1 1 1 0 1 0 0 0 1 0 1 0 1 1 1 0 0 1 1 0 0 0 0 0 1 1 1 0 0 0 1 1 1 1 1
0 1 0 0 0 1 1 1 0 1 1 0 0 1 0 1 1 0 0 0 1 1 1 0 0 1 0 1 1 0 1 1 1 0 0 0 1 0 0 0 0 0 1 0 0 0 0 0 1 1 0 0 1 0 0 1 1 1 0 1 0 1 0 0 0 0 1
0 1 0 0 0 1 1 1 1 1 1 0 1 0 1 1 1 0 0 0 0 0 1 1 0 1 1 1 0 0 0 0 0 1 0 0 0 0 0 0 1 0 0 1 1 1 1 0 1 1 1 0 1 1 1 1 0 0 0 1 0 1 0 1 0 0 0
0 0 0 1 0 1 1 1 0 1 1 1 0 0 0 0 0 0 0 1 0 0 1 0 0 1 1 1 0 0 0 0 0 0 1 0 1 0 0 1 0 0 1 1 1 0 1 1 1 0 0 0 1 0 1 0 1 1 1 1 1 1 0 0 0 0 1
0 0 0 0 0 0 1 0 0 1 0 1 0 1 1 1 0 1 1 1 0 1 1 0 0 0 1 1 0 1 0 1 0 1 1 0 1 0 1 0 0 0 1 1 1 1 0 1 0 0 1 0 0 1 0 0 0 0 1 1 0 0 0 1 1 1 0
0 0 1 0 0 0 0 1 1 0 0 0 0 1 1 1 0 1 1 0 1 1 1 1 0 1 1 0 1 1 0 0 1 1 1 1 1 0 1 1 0 1 0 0 0 1 1 0 1 0 0 1 1 1 1 1 1 1 1 1 1 1 1 0 0 1 1
0 0 0 1 1 0 0 0 0 0 1 0 0 0 0 1 1 0 1 1 0 0 0 1 1 0 0 1 0 1 0 1 0 0 1 1 1 1 1 1 0 0 1 1 1 1 0 1 0 0 0 0 1 1 0 1 0 0 0 0 1 1 1 1 0 0 1
1 1 1 0 1 0 1 1 0 0 0 0 1 0 1 0 0 1 0 1 1 0 1 1 0 0 1 1 0 0 0 1 1 0 0 0 1 1 1 1 0 0 1 1 1 0 1 1 1 1 1 1 0 0 0 1 0 1 1 1 0 1 1 0 1 1 0
1 0 0 1 0 0 0 0 0 0 0 1 0 1 0 1 0 0 0 1 0 1 0 0 1 0 0 0 1 0 0 1 1 0 0 0 1 1 1 0 0 0 0 1 1 0 0 0 0 1 0 0 0 0 0 0 0 0 1 0 0 1 1 1 1 0 0
0 0 0 0 1 1 1 1 1 0 1 0 1 0 0 0 1 1 1 1 0 1 0 0 0 1 0 1 0 0 1 1 1 1 0 1 1 1 0 1 0 1 1 0 0 1 1 0 1 1 0 1 1 1 0 1 1 1 1 1 0 0 1 1 0 1 1
0 1 1 0 1 1 0 0 0 0 0 0 1 0 1 0 1 1 0 0 0 0 0 1 1 0 1 0 0 0 0 1 0 0 0 1 0 1 1 0 1 1 0 0 0 0 1 1 1 0 0 1 1 1 0 0 0 1 1 1 1 1 1 0 0 0 0
1 0 1 0 0 0 0 1 0 0 0 0 0 0 1 0 1 1 0 1 1 1 1 1 1 0 1 0 0 0 0 1 0 1 1 1 0 0 0 0 0 0 0 0 1 1 0 0 1 1 0 0 1 1 1 1 0 0 1 1 1 1 1 0 0 1 1
1 0 1 1 0 1 0 1 0 0 0 0 0 0 1 0 0 0 1 1 1 0 0 1 1 1 0 1 1 1 0 1 1 1 0 0 0 0 1 1 0 1 1 1 0 0 0 0 0 1 0 1 1 0 0 0 0 0 0 1 1 0 1 1 1 0 1
1 0 0 0 0 0 0 1 0 0 0 0 1 0 1 0 1 0 1 0 0 0 0 1 0 0 0 1 1 0 0 1 1 0 0 1 0 1 1 0 0 1 0 1 1 1 1 0 1 1 0 1 1 0 1 1 0 1 1 1 1 1 0 1 0 1 0
0 0 1 1 0 1 0 0 1 1 1 1 1 1 1 1 0 1 1 0 1 0 0 1 1 0 1 0 0 1 0 0 1 1 0 1 0 1 1 0 1 1 0 1 0 1 1 1 1 1 0 1 1 0 1 1 0 0 0 0 1 1 1 1 1 0 0
1 0 0 1 0 1 0 1 1 0 1 1 1 0 1 0 1 1 1 1 0 1 1 1 1 1 1 0 1 0 0 1 1 0 1 0 0 0 0 0 0 1 0 1 1 0 1 1 0 0 0 0 1 0 0 0 1 0 1 0 0 0 0 1 0 0 1
1 1 0 0 0 0 0 0 1 1 0 1 0 1 0 0 0 1 0 0 0 1 1 1 1 1 0 1 0 0 0 0 0 0 0 0 1 1 0 0 0 1 0 0 0 0 1 1 1 0 0 0 1 1 0 1 0 1 1 1 1 0 1 1 1 1 1
0 0 1 0 1 0 0 0 1 0 1 1 1 0 1 0 0 0 1 1 1 1 0 1 1 1 1 0 0 0 1 1 0 1 1 0 0 1 0 0 1 1 1 0 1 0 0 0 0 0 1 1 1 0 0 0 1 1 0 0 1 1 1 1 1 1 1
0 1 0 1 1 0 1 0 0 1 0 0 0 1 1 0 1 0 1 0 0 0 1 1 1 1 0 1 0 0 1 1 1 1 1 0 1 1 0 0 1 0 0 0 0 1 0 0 0 1 0 1 0 1 0 1 1 1 1 0 0 1 1 0 0 1 0
0 0 1 1 0 0 0 1 0 0 1 0 0 0 1 1 0 0 0 1 0 1 0 1 0 1 0 0 0 0 1 0 1 0 0 1 1 0 0 0 1 1 0 0 0 1 1 1 1 1 0 1 0 1 0 0 1 1 1 1 0 1 1 1 1 0 1
0 1 1 1 1 0 0 0 0 1 1 1 0 1 0 0 0 0 0 0 1 0 0 1 0 1 1 0 0 0 1 0 0 1 0 0 0 0 0 1 0 0 1 1 1 0 1 0 1 1 0 1 1 0 0 1 0 0 1 1 1 1 1 0 1 1 1
0 1 0 1 0 0 1 0 1 0 1 0 1 1 0 0 0 0 0 1 1 1 0 1 0 0 0 0 0 1 1 0 0 0 1 1 1 0 0 1 1 0 1 1 0 1 0 0 1 0 0 1 0 1 0 1 0 0 0 1 1 0 0 1 1 1 1
0 1 0 1 0 0 1 0 1 0 0 1 1 1 0 0 0 1 0 1 0 0 0 1 0 0 0 1 1 0 0 1 0 0 0 0 1 0 0 0 0 0 1 0 0 1 1 0 1 0 0 0 1 0 1 0 1 0 1 1 0 1 0 0 0 1 0
1 1 0 1 1 0 0 0 1 1 0 0 1 0 1 1 0 0 1 0 1 0 0 1 1 0 1 1 1 0 0 1 1 1 0 1 1 0 1 1 1 1 0 1 1 1 0 1 0 1 1 1 0 1 0 0 1 1 0 0 0 1 0 0 0 1 1
1 1 1 1 0 1 1 0 0 1 0 1 1 1 1 1 0 0 0 1 0 1 0 1 0 1 0 0 1 1 1 0 0 1 0 0 0 0 1 0 1 0 0 0 0 1 1 1 0 1 0 1 1 0 0 1 1 0 0 0 0 0 0 1 0 0 0
0 1 1 0 1 0 0 0 1 0 0 0 0 0 0 0 0 1 0 0 0 0 1 0 1 1 0 1 0 1 0 1 1 1 1 1 1 0 0 0 0 1 1 1 1 0 0 0 0 1 0 1 0 1 1 0 0 1 1 1 1 1 1 0 0 1 0
1 0 1 0 0 1 0 1 1 1 0 0 1 1 0 1 0 1 0 0 1 1 0 0 1 1 1 0 1 1 1 1 0 1 1 1 1 0 1 1 1 1 0 1 1 0 0 1 0 1 0 0 1 0 1 0 1 1 0 1 1 0 0 0 1 0 0
0 1 0 1 1 1 0 1 1 0 1 0 0 1 1 1 1 0 0 1 0 1 0 1 1 1 1 0 0 1 0 1 0 1 1 1 0 0 1 1 0 0 1 1 0 1 0 0 0 0 0 1 0 0 1 0 0 1 0 1 0 1 1 1 0 1 0
1 1 1 0 0 1 1 0 0 1 0 0 1 1 1 1 0 1 0 0 0 0 0 0 0 1 0 0 0 0 1 1 1 0 0 0 0 1 1 1 1 0 1 0 0 1 0 0 0 0 0 0 0 1 0 1 1 1 1 1 0 0 1 0 1 1 1
0 1 0 1 0 0 1 0 1 0 0 0 1 1 1 1 0 1 1 1 0 0 1 0 0 1 0 1 1 1 0 0 1 0 1 1 1 1 1 1 1 0 1 0 0 0 0 1 0 0 1 0 0 0 0 0 0 0 0 1 0 1 0 0 0 0 0
0 0 0 1 0 1 0 0 1 1 1 0 1 1 0 1 0 1 1 1 1 1 1 1 1 1 1 0 1 0 1 0 1 0 0 1 1 0 1 1 0 0 1 1 1 1 0 0 1 1 1 0 0 0 0 0 0 1 1 1 1 0 0 0 1 0 1
0 1 1 0 1 1 0 0 1 0 0 1 1 0 1 1 1 0 1 1 1 0 0 0 0 0 1 0 1 1 1 1 1 0 1 1 0 1 1 0 0 1 0 0 1 0 1 0 0 0 0 1 1 0 1 1 0 0 0 0 0 0 1 1 1 1 0
0 0 0 1 0 1 1 1 0 0 0 0 1 0 0 0 1 1 1 1 0 1 1 1 0 0 1 1 1 1 0 0 1 1 0 1 0 1 1 0 0 1 0 1 0 1 1 1 1 0 0 0 1 1 1 0 0 0 0 0 0 1 0 1 1 0 1
0 1 0 0 1 1 0 1 1 0 1 1 0 1 1 1 1 1 1 0 1 1 0 0 1 1 1 1 0 1 1 1 1 0 1 0 1 1 1 1 0 1 1 1 0 0 1 0 1 1 1 1 0 1 0 1 1 1 1 0 1 1 0 0 1 0 0
0 0 1 1 1 1 1 0 0 1 1 0 0 0 0 0 0 0 0 1 0 1 0 1 1 0 1 1 0 1 0 0 1 0 1 0 0 1 0 1 0 1 1 0 1 0 1 1 0 0 0 1 0 0 1 1 1 1 1 0 0 0 1 1 1 0 1
0 1 1 1 0 0 0 1 0 0 0 1 1 0 0 1 1 0 0 0 0 1 0 1 1 1 0 1 1 0 0 0 1 1 0 1 0 0 0 0 0 0 0 1 0 0 0 1 0 0 0 1 0 0 1 1 1 1 0 1 0 1 0 1 1 0 1
0 0 0 0 0 1 1 1 0 1 1 1 0 1 1 1 0 0 0 1 0 0 0 0 0 1 0 1 1 1 1 1 0 1 0 0 1 1 0 0 1 1 0 0 1 1 1 1 0 0 0 0 1 1 0 0 0 0 1 1 0 0 0 1 1 1 1
1 0 1 0 1 0 1 1 0 0 0 0 0 0 0 0 0 1 1 1 1 1 0 0 0 0 1 1 1 0 1 0 1 0 1 1 1 0 1 1 1 1 0 1 1 0 1 1 1 0 1 0 0 1 0 1 0 1 1 0 1 0 1 1 0 1 1
0 1 1 0 0 1 0 1 1 0 0 0 0 0 0 1 0 0 0 1 0 0 1 0 0 1 1 1 1 0 1 0 1 0 0 1 1 1 0 0 0 1 1 1 1 0 0 1 0 0 1 1 1 1 0 1 1 1 1 1 1 0 0 1 0 1 0
0 0 0 1 0 1 0 0 1 0 0 0 1 0 1 1 1 1 0 1 0 1 1 0 0 0 0 1 1 0 0 0 0 1 1 0 0 1 0 1 1 1 1 1 1 1 1 1 1 0 0 0 1 1 1 1 1 1 1 0 1 0 1 0 1 1 0
1 0 0 0 1 0 1 1 1 1 0 0 1 1 1 0 1 1 0 1 1 1 0 0 1 0 1 0 1 1 1 0 0 0 1 0 0 1 1 1 0 1 0 1 0 1 0 1 0 0 1 0 0 0 0 0 0 0 1 0 1 0 1 0 0 1 0
1 0 0 0 0 1 0 1 1 0 0 0 1 0 1 1 1 1 0 0 1 1 1 1 1 0 0 0 0 1 1 0 1 1 0 1 1 0 0 0 1 1 1 1 0 0 0 1 0 1 0 1 1 1 1 0 0 1 1 0 0 0 0 0 1 1 1
0 1 1 1 0 1 1 0 1 0 1 0 0 1 0 1 0 1 1 0 1 0 1 1 1 1 1 0 1 0 0 1 1 0 1 1 1 1 1 0 1 0 0 0 1 0 0 0 1 1 0 1 1 1 1 1 0 1 0 0 1 1 1 0 0 1 1
0 1 1 0 0 1 1 1 0 1 0 1 1 0 0 1 1 1 1 1 1 0 0 1 1 1 0 1 0 0 1 0 1 1 0 0 1 0 1 0 1 0 0 1 0 0 1 1 1 0 1 0 0 0 1 0 0 1 1 1 1 1 0 0 0 0 1
1 1 0 0 0 1 0 0 1 1 1 0 1 1 0 1 0 0 1 1 0 1 1 1 0 1 0 0 0 0 1 1 1 0 1 0 0 1 1 1 1 1 0 1 1 1 1 1 0 0 1 1 0 0 1 1 1 1 0 1 0 0 0 0 1 1 1
1 0 1 0 1 0 1 1 1 1 0 1 1 0 0 1 0 1 0 1 0 0 0 0 1 1 1 0 1 0 0 0 1 0 0 1 0 0 0 0 0 0 0 0 0 0 1 0 1 0 0 0 1 0 0 1 0 1 1 1 1 0 0 1 1 1 0
0 0 0 0 1 1 1 1 0 1 1 0 0 0 1 1 1 0 0 1 1 1 0 1 0 0 0 1 1 1 0 0 0 1 1 1 1 0 0 0 1 0 1 1 1 0 1 0 0 0 0 1 0 0 0 0 1 0 0 0 1 0 1 1 0 1 1
0 1 0 1 0 1 1 1 0 1 1 1 0 0 1 0 0 0 1 0 1 1 1 0 1 0 1 1 1 1 1 0 0 1 1 0 0 1 1 0 0 0 0 1 0 0 1 1 1 1 0 0 1 1 0 0 1 0 1 1 1 0 1 1 0 1 1
1 1 0 1 1 1 1 0 0 1 0 1 0 0 0 1 0 0 1 1 1 1 0 1 0 0 1 0 0 0 1 0 0 1 0 1 1 1 0 1 1 1 0 1 1 1 1 1 1 0 0 0 0 1 0 0 1 1 1 1 0 0 1 0 0 0 0
0 1 1 0 1 0 1 1 1 1 1 0 0 1 0 0 0 0 1 0 0 0 0 1 1 1 0 0 0 1 0 1 1 0 0 1 0 1 0 1 0 1 0 1 0 0 1 0 0 0 0 0 0 0 1 1 1 1 0 0 0 1 0 0 1 1 1
1 0 1 1 0 0 0 1 1 1 1 1 1 1 1 1 1 0 0 1 1 1 1 0 1 1 0 1 1 0 0 0 1 0 0 0 1 0 1 1 1 0 1 0 1 1 1 1 0 0 1 0 0 0 0 1 0 1 0 0 0 0 1 1 0 1 0
0 0 1 0 1 0 1 0 1 0 1 1 1 1 0 0 0 1 1 1 0 0 1 0 0 0 1 0 0 0 1 1 1 0 0 1 0 0 0 1 0 0 0 1 0 1 1 0 0 0 1 1 0 0 1 0 1 0 0 1 1 0 0 0 0 0 0
1 0 0 0 1 1 1 0 1 0 1 1 1 1 0 1 0 0 0 0 0 0 1 0 0 1 1 1 1 0 1 0 1 0 1 0 0 1 0 0 0 1 1 0 0 0 1 1 1 0 0 0 0 1 0 0 1 0 0 1 0 0 0 0 0 0 1
1 1 1 0 0 0 1 1 0 0 1 1 0 1 1 1 0 0 0 0 0 0 1 1 1 1 0 1 0 1 1 0 1 0 0 0 1 1 1 0 0 1 0 0 0 1 1 0 1 1 1 0 1 0 1 1 1 1 1 1 0 1 0 1 0 1 0
1 0 1 1 1 1 1 1 0 1 1 1 0 1 1 1 0 1 0 1 0 1 1 1 1 1 1 1 1 1 1 1 0 0 1 0 0 0 0 0 1 0 0 1 0 0 1 0 1 0 0 1 0 1 1 1 0 0 0 1 1 0 1 1 1 1 0
1 0 0 1 1 1 0 0 1 1 1 0 0 0 0 1 1 0 1 0 0 1 0 0 0 0 1 1 1 0 0 0 0 0 0 1 1 0 0 1 0 1 1 1 1 0 1 0 1 1 1 1 1 1 1 1 1 1 0 1 1 0 1 1 1 0 1
1 1 0 1 1 1 0 0 0 0 0 1 0 1 0 1 0 0 1 0 0 0 1 0 1 0 0 0 0 1 0 1 1 1 1 1 0 1 0 1 1 1 1 1 0 1 0 1 0 0 0 1 1 0 0 0 0 0 1 0 1 0 0 0 1 1 1
0 1 0 0 0 0 1 1 0 1 0 0 1 1 1 1 1 1 1 1 0 1 0 0 1 0 1 1 0 0 1 0 0 0 0 0 1 0 0 0 0 1 1 0 1 0 0 1 1 1 1 0 1 1 0 0 1 0 1 1 1 0 0 0 1 0 0
1 1 1 1 0 0 0 1 1 0 0 0 1 1 0 1 1 0 0 1 1 0 0 0 0 1 0 1 0 1 0 0 0 0 1 0 0 0 1 0 0 1 1 1 0 1 1 0 0 0 1 1 1 0 1 1 1 1 0 0 1 0 0 1 1 0 0
1 0 0 0 1 0 1 1 0 1 1 0 1 0 0 0 0 1 0 1 1 0 0 1 1 0 1 0 1 0 0 0 1 0 1 1 0 0 0 1 1 0 1 0 1 1 0 1 1 1 0 0 1 0 0 0 1 0 1 0 0 1 1 1 1 0 1
1 0 0 0 0 1 0 1 1 0 0 1 1 0 1 0 1 1 1 0 1 0 1 0 0 1 0 0 1 1 0 1 0 0 1 1 1 1 1 1 0 0 1 1 0 1 1 1 0 0 0 0 1 0 1 1 1 1 0 1 0 0 1 0 1 0 0
1 1 0 0 0 1 1 1 0 0 1 1 1 1 1 1 0 0 0 1 0 1 1 0 1 1 1 0 0 1 0 0 1 1 0 1 1 1 0 1 1 0 0 1 1 0 1 1 0 1 1 1 1 0 0 1 1 1 1 1 0 1 0 0 0 1 1
1 1 0 0 1 1 1 1 1 0 0 1 0 1 1 0 1 1 1 0 1 0 1 0 0 0 0 1 1 1 0 0 0 1 0 0 0 1 0 0 0 0 1 1 1 1 0 0 1 1 0 1 0 0 0 0 1 0 1 0 1 1 0 0 1 1 0
0 0 1 0 0 0 1 0 1 0 1 1 0 0 0 0 1 1 1 1 0 0 0 0 0 1 0 0 1 1 0 0 1 0 1 1 0 1 0 1 1 0 1 1 1 0 1 0 1 0 0 1 0 1 0 0 1 0 0 1 0 0 0 1 1 1 0
0 0 0 1 1 0 1 0 1 0 1 1 1 0 1 1 1 1 0 0 0 1 1 1 0 1 1 0 1 1 1 1 0 1 0 0 1 1 1 1 1 1 1 0 0 1 1 0 1 1 1 1 1 1 0 0 0 1 1 1 1 0 1 0 1 0 1
0 1 1 0 1 0 0 0 1 1 1 1 1 1 0 1 1 0 0 0 1 1 1 0 1 0 0 0 0 1 0 1 1 1 1 0 0 1 0 1 1 0 0 1 0 0 1 0 1 0 1 0 1 1 0 0 1 0 1 0 1 1 1 0 0 1 1
1 1 1 1 1 1 0 1 0 0 1 0 0 1 0 0 1 1 1 0 0 0 1 1 0 1 0 1 0 0 0 0 1 0 1 1 1 0 0 1 1 1 1 1 1 0 0 0 1 0 0 0 1 0 1 1 1 0 0 0 1 1 1 0 1 1 0
1 0 1 1 1 1 1 0 0 0 0 0 0 0 0 0 1 0 1 1 0 1 0 0 1 0 0 0 0 0 0 0 0 0 0 0 1 1 0 1 1 1 0 1 0 1 0 0 0 1 1 1 1 0 1 0 1 0 1 1 0 1 0 0 1 0 0
1 1 0 0 1 0 0 1 1 1 1 0 0 1 1 0 1 0 0 1 1 0 1 0 0 1 1 1 0 1 0 1 1 0 1 1 1 1 1 0 1 0 1 0 0 0 0 1 0 0 1 0 1 0 0 1 0 1 1 0 0 1 0 0 1 0 1
1 1 0 0 1 0 0 0 1 1 1 1 0 1 0 0 0 1 1 1 0 1 0 1 1 1 1 1 0 1 1 0 0 0 1 0 0 0 1 1 1 0 0 0 0 0 0 0 0 1 1 0 1 0 0 1 1 0 0 0 0 1 0 0 0 1 0
1 1 1 1 0 1 1 1 1 0 0 1 0 0 0 0 1 0 1 0 1 1 1 0 0 0 1 0 0 1 1 0 1 1 0 0 0 0 0 1 0 1 0 1 0 1 1 1 1 1 1 0 0 0 0 0 0 1 0 1 0 0 0 1 0 0 1
1 0 0 0 0 1 0 0 0 0 0 1 1 1 0 0 1 1 1 0 0 1 0 0 1 0 0 0 0 0 0 0 1 1 0 0 1 0 0 0 0 1 1 0 1 1 1 1 0 0 0 1 1 1 0 0 1 0 0 1 0 0 1 1 1 1 0
1 0 1 0 1 0 0 1 0 1 1 0 0 1 0 1 0 1 0 0 0 0 1 0 0 0 0 0 0 1 0 1 0 1 0 1 1 1 1 1 1 0 1 0 0 1 1 1 1 0 1 1 1 1 0 0 0 0 0 1 1 1 1 1 0 0 0
1 0 0 1 0 0 1 0 0 1 1 1 1 1 0 0 0 0 1 1 0 0 1 0 1 0 1 0 0 1 0 1 0 1 0 1 0 0 1 0 0 1 0 0 1 0 1 0 1 0 1 0 0 1 1 0 0 0 1 1 0 1 1 1 0 0 1
0 1 1 0 1 1 1 0 1 0 1 1 1 1 0 0 0 0 1 0 1 0 1 1 0 1 1 1 1 1 1 1 1 0 0 1 1 1 1 0 1 1 1 0 0 0 0 0 1 0 0 0 1 1 1 0 0 0 0 0 1 1 0 1 1 0 1
1 0 1 0 0 0 0 1 1 1 1 0 0 1 1 0 0 0 0 1 0 0 0 0 1 0 1 1 0 0 0 1 0 1 1 0 1 1 1 1 0 0 0 0 1 0 1 1 1 1 0 1 0 0 1 1 0 1 0 0 0 1 1 1 0 1 0
1 0 0 0 1 0 0 1 1 0 0 0 0 1 0 1 0 0 1 0 1 1 0 1 0 1 0 0 0 1 0 1 1 1 1 0 1 0 0 0 0 0 1 0 1 1 1 1 1 0 1 0 1 1 1 1 1 1 1 0 1 1 0 1 1 0 0
0 1 1 1 1 1 0 1 0 0 1 1 1 1 0 0 0 0 1 0 1 0 0 1 1 0 0 1 0 1 0 1 1 0 0 0 1 1 1 1 0 0 0 0 1 0 0 1 0 1 1 0 1 0 0 1 0 0 0 1 0 0 0 1 0 0 0
1 0 1 0 0 1 0 1 0 0 0 1 0 1 0 0 0 0 0 1 1 0 0 0 0 1 1 0 1 0 1 0 1 1 1 1 0 0 1 0 1 1 1 0 1 1 1 1 0 1 1 1 0 0 0 0 0 0 0 1 1 1 0 1 1 0 0
1 0 0 0 0 0 1 1 0 0 1 1 1 0 1 1 0 1 1 0 1 1 0 0 1 0 1 0 1 0 1 0 1 1 0 0 1 0 1 0 1 1 1 1 0 0 1 0 0 1 0 1 0 0 1 1 0 0 0 1 0 1 0 1 0 1 1
1 1 0 1 0 1 0 1 0 1 0 1 0 0 0 0 0 1 1 1 0 1 0 0 0 0 0 0 0 1 0 0 0 1 1 0 1 0 1 0 1 1 1 0 0 1 0 0 1 1 0 0 1 1 1 1 1 0 0 1 1 1 0 0 0 1 0
1 1 1 1 1 0 0 0 1 0 0 0 1 1 1 0 1 0 1 1 1 0 0 0 0 1 1 0 1 1 0 1 0 1 0 1 1 1 0 0 1 1 1 1 1 1 0 0 0 1 1 1 1 1 1 0 0 0 1 0 0 0 1 1 0 1 0
1 0 1 0 1 0 0 1 1 1 0 1 0 1 0 0 1 1 1 1 0 0 1 1 0 1 0 0 1 1 0 1 1 1 0 0 0 0 0 1 1 1 0 0 1 0 1 1 0 0 1 1 1 0 0 0 1 1 0 1 0 1 1 0 0 0 0
0 1 0 0 1 0 0 0 0 1 1 0 0 0 1 1 1 0 1 0 1 0 0 0 1 1 1 0 1 0 1 1 1 1 1 0 0 1 0 1 0 1 1 0 1 1 0 0 1 1 0 0 1 0 1 1 1 1 1 1 1 1 0 1 0 1 0
1 0 1 1 1 0 1 1 1 0 0 1 1 0 1 0 1 0 0 0 0 1 0 1 0 0 0 0 0 1 1 1 1 0 1 1 1 0 1 0 1 1 0 0 1 0 1 0 0 0 1 0 0 0 1 0 0 0 1 0 0 0 1 1 1 1 0
1 1 0 0 0 1 0 0 0 0 0 0 0 0 1 1 1 0 0 1 0 0 0 1 1 1 0 0 0 1 1 1 0 0 1 1 1 0 0 1 0 0 1 0 1 1 0 0 1 0 1 1 1 1 1 0 0 1 1 0 0 0 1 0 1 0 1
0 1 0 0 1 1 1 0 1 0 0 1 1 0 1 0 0 1 1 0 1 0 0 0 0 0 1 0 1 1 0 1 0 0 0 0 0 0 0 1 1 0 0 1 1 0 0 0 0 0 1 0 0 0 0 0 1 0 1 1 0 0 0 1 1 0 0
0 0 1 1 1 0 0 1 1 1 0 0 1 1 1 0 0 0 1 1 1 1 0 0 1 0 1 0 0 1 0 0 0 1 0 0 1 0 0 0 0 1 1 0 0 0 0 0 0 0 0 0 1 1 0 0 0 0 0 1 1 1 0 1 0 0 0
0 0 1 1 0 1 0 0 0 1 0 0 1 0 1 0 0 0 1 1 0 0 0 1 1 1 1 1 1 0 1 1 0 1 1 1 1 0 0 0 1 0 0 1 1 0 0 1 0 0 1 0 1 0 1 1 0 0 1 1 1 1 1 1 0 1 0
1 0 0 0 0 0 1 1 1 1 1 1 0 1 0 0 1 0 1 0 0 0 0 1 0 0 1 1 0 1 1 1 1 0 1 1 1 1 0 1 1 0 0 1 1 1 0 1 1 1 1 1 1 1 1 0 0 0 0 1 0 0 0 1 0 0 1
1 0 0 1 1 0 0 0 0 1 1 1 0 0 1 0 1 1 1 1 1 0 1 0 0 1 1 1 0 0 1 0 1 0 1 0 1 1 1 0 0 0 0 0 1 1 1 1 1 1 0 0 0 1 1 0 1 0 0 0 0 1 1 1 1 1 0
1 0 0 0 0 0 0 0 0 0 1 1 0 0 0 1 1 0 1 1 1 1 1 0 0 1 1 1 0 0 1 1 1 0 0 1 1 0 0 0 1 1 1 0 1 1 1 1 1 0 1 1 1 0 1 0 1 1 1 1 0 1 0 1 1 1 1
1 1 1 0 1 0 0 1 0 0 0 0 0 1 0 0 0 0 0 0 0 0 1 0 1 1 1 0 0 0 0 1 1 0 0 1 1 0 1 0 0 1 0 0 0 1 0 0 1 0 0 1 0 1 0 1 1 0 1 1 0 1 0 1 1 1 1
1 0 1 1 1 0 0 0 1 0 0 1 1 1 1 0 0 0 0 1 0 1 0 0 0 0 0 1 1 0 0 1 0 0 1 1 1 0 0 1 0 0 1 0 0 1 0 1 1 1 1 0 1 0 0 1 0 0 1 0 1 0 1 1 1 0 1
1 1 0 0 0 0 0 1 1 1 1 0 0 1 1 1 1 1 1 0 1 1 0 0 0 1 1 0 1 0 0 1 1 0 1 1 0 0 1 1 1 1 1 0 0 1 1 0 1 0 1 0 0 1 0 0 0 0 0 1 0 0 1 1 0 0 1
1 0 1 1 1 0 0 0 1 1 1 1 1 1 1 1 1 0 1 0 0 1 0 1 1 1 0 1 0 1 1 0 0 1 0 1 1 0 0 1 0 0 0 0 1 1 0 0 0 0 1 0 0 1 1 0 0 0 0 1 0 1 0 1 0 1 1
0 1 1 1 1 1 1 1 0 1 0 0 0 0 0 0 0 1 0 0 0 0 0 1 0 0 0 1 1 0 0 1 1 0 0 1 0 0 0 1 1 0 1 1 0 1 0 1 1 1 0 1 1 1 0 1 0 1 0 0 0 1 1 0 0 1 1
1 0 0 0 1 1 1 1 0 1 1 0 0 0 1 1 0 1 0 1 0 1 1 1 0 1 1 1 0 0 0 1 0 1 1 1 0 1 0 1 0 1 0 0 1 1 0 1 1 1 1 1 0 1 0 1 1 1 0 0 1 0 0 0 0 1 1
0 0 1 0 0 1 0 1 1 0 1 0 1 1 0 0 1 0 1 0 1 0 0 0 0 1 1 1 1 1 1 0 1 0 0 1 0 1 1 1 1 1 0 1 1 0 0 0 1 0 1 1 0 0 0 0 1 1 1 1 0 1 1 0 1 0 1
1 1 1 0 0 1 0 0 1 1 0 0 1 0 1 0 1 1 0 1 1 1 0 0 1 0 1 1 1 1 1 1 1 0 0 0 0 0 1 1 1 1 1 0 1 0 0 1 1 0 1 1 0 1 0 0 1 0 0 1 0 0 0 1 0 0 0
0 1 1 1 1 1 1 0 1 0 1 0 1 0 0 0 0 0 0 0 1 0 0 0 0 1 0 1 0 0 1 0 0 1 0 0 0 0 0 1 1 1 0 0 0 0 1 0 0 1 0 0 0 1 0 0 0 1 0 0 0 1 1 1 1 1 0
1 1 1 0 1 1 0 1 1 1 1 1 1 0 1 0 0 0 1 0 1 1 1 0 0 0 1 0 0 1 1 0 0 0 0 0 1 0 0 1 1 1 1 0 0 1 1 1 0 0 1 1 1 0 1 0 0 0 0 0 0 1 1 0 0 0 1
0 0 0 1 0 1 0 1 1 1 0 0 1 1 0 0 0 1 0 0 0 0 1 1 0 1 1 1 0 1 0 0 1 0 0 1 1 1 0 0 1 0 0 1 1 0 1 0 0 0 0 1 0 0 0 0 0 0 1 0 0 0 1 0 0 0 1
0 1 1 1 1 1 1 0 1 0 0 0 0 0 0 0 1 1 1 0 1 0 0 1 0 1 1 0 0 0 1 1 1 0 1 1 1 0 1 0 0 1 0 0 0 1 0 1 1 0 1 1 0 0 1 1 1 0 0 1 1 1 1 1 1 1 0
1 0 0 0 1 1 1 0 1 1 1 1 1 1 1 1 0 1 1 1 1 0 1 0 0 0 0 0 0 1 0 1 1 0 0 1 0 0 0 1 1 0 1 0 1 1 0 0 1 0 0 1 0 0 1 1 0 1 1 1 1 0 1 1 0 1 0
0 1 0 0 0 0 1 1 1 1 0 1 1 1 1 0 1 0 0 0 1 0 0 0 1 1 1 1 0 0 1 1 1 0 1 1 0 0 1 1 0 0 0 0 0 1 0 1 0 1 1 0 0 1 0 0 0 0 0 1 1 0 0 1 1 1 1
0 0 1 1 1 1 0 1 0 0 1 1 0 0 1 0 1 0 0 0 1 1 1 1 1 0 1 1 1 1 0 1 0 1 1 1 1 1 0 1 1 1 0 1 0 1 1 1 1 1 0 0 1 1 0 0 0 1 0 0 1 1 1 1 1 0 1
0 0 0 0 0 0 0 1 1 0 1 1 0 0 0 1 1 1 0 1 1 1 0 1 1 1 0 0 0 1 0 1 1 1 0 0 1 0 0 1 0 0 0 0 0 1 0 1 0 1 0 0 1 0 1 0 0 0 1 0 1 1 0 0 0 0 1
0 1 0 1 1 1 1 1 0 1 0 0 0 0 0 1 1 1 0 0 0 1 0 0 1 1 0 0 1 0 1 1 1 0 1 0 1 0 1 0 0 0 0 1 1 0 0 1 0 1 0 0 0 0 1 0 1 0 1 1 0 0 1 1 0 1 1
0 0 0 1 1 1 1 1 0 0 0 0 1 1 0 1 0 1 0 1 1 0 0 0 1 0 1 1 0 1 0 1 0 0 1 0 0 0 0 1 0 0 1 1 1 1 1 0 0 1 1 1 1 0 1 1 1 0 0 0 0 0 0 1 0 1 0
0 0 1 0 0 0 1 0 1 1 0 0 1 1 1 0 0 0 1 1 1 0 1 1 1 1 0 0 0 1 0 1 1 1 1 1 1 1 1 0 1 0 1 0 1 1 1 0 0 0 0 1 0 1 0 0 0 1 1 1 1 0 0 0 0 0 1
1 0 1 0 0 0 0 1 1 1 1 1 0 1 1 1 0 1 0 1 0 0 1 1 0 0 0 0 1 0 0 0 0 0 1 0 1 0 0 1 1 1 0 1 0 1 0 1 1 1 0 0 1 0 1 0 0 1 0 0 0 0 1 1 0 1 0
0 0 0 0 0 1 1 1 1 1 0 0 0 0 1 0 0 1 0 0 1 1 1 1 0 0 0 1 0 0 1 1 1 0 1 0 0 1 1 1 0 0 1 1 0 1 0 0 0 1 1 1 1 0 1 0 1 0 1 1 1 1 1 1 0 0 1
1 0 0 0 0 0 1 1 0 1 1 0 0 0 0 0 0 1 0 0 0 1 0 1 1 1 0 0 0 0 0 1 0 1 1 1 0 1 1 1 1 1 1 1 1 1 0 1 1 0 0 1 0 1 1 1 1 1 0 0 1 1 0 0 0 0 0
1 0 1 0 1 1 1 0 1 1 0 1 0 1 1 1 0 1 1 1 1 1 1 0 0 0 0 0 1 1 0 0 0 1 1 1 0 0 0 1 0 0 1 0 1 0 1 1 0 1 1 0 1 1 1 0 1 1 0 0 0 1 0 1 0 0 1
0 1 1 1 0 0 0 1 1 0 1 0 1 1 0 0 1 1 1 1 0 1 1 1 0 1 0 0 1 0 0 1 1 1 0 0 0 0 0 1 0 1 1 1 0 1 0 0 1 0 1 1 0 1 0 1 0 0 1 0 1 1 0 1 0 1 0
0 0 1 1 0 0 0 0 0 1 1 1 0 1 1 1 1 0 0 1 1 1 1 1 1 1 0 0 1 1 1 1 1 1 0 1 0 0 1 1 1 0 1 0 1 0 0 0 0 0 0 0 0 1 1 0 1 0 1 0 0 1 1 0 1 0 1
0 1 0 0 0 1 1 1 0 0 1 1 1 0 1 0 1 1 0 1 1 1 0 1 0 1 1 0 0 1 1 0 0 0 1 0 0 1 0 0 0 1 0 0 1 1 1 0 0 0 0 0 0 0 1 0 1 1 0 1 0 1 0 0 1 0 0
1 1 1 1 0 0 0 1 0 0 1 0 0 1 1 1 0 0 0 0 1 0 1 0 0 0 0 0 0 1 0 1 1 1 0 1 1 0 1 0 0 1 0 1 1 0 1 0 1 1 1 0 0 0 0 1 0 0 1 1 1 0 0 0 0 1 0
1 1 1 1 1 1 1 1 0 1 0 0 0 1 0 0 0 0 0 1 0 1 1 1 0 0 1 1 1 0 1 0 0 1 0 1 0 0 0 1 0 1 0 0 1 0 1 0 1 0 0 1 0 0 1 0 0 1 0 0 1 1 0 1 0 0 1
0 0 0 0 0 1 1 1 1 1 1 0 1 1 0 1 0 0 1 0 1 1 0 0 0 1 1 0 0 0 0 0 0 0 1 1 0 0 0 0 0 0 0 1 0 0 0 0 0 1 0 0 0 0 0 0 0 1 0 1 0 0 1 1 0 0 0
0 1 1 0 0 0 0 0 0 1 1 1 1 1 1 0 0 0 1 0 1 0 1 0 0 1 1 1 1 1 0 1 0 1 0 0 0 1 0 0 0 0 1 1 1 1 0 1 0 0 1 1 1 1 1 1 1 0 0 0 1 1 0 0 1 0 0
1 1 1 0 0 0 0 1 0 0 0 1 1 0 1 0 0 1 1 1 1 1 1 0 1 1 0 0 0 0 1 0 1 0 1 1 1 1 0 0 0 0 1 1 0 0 1 1 1 0 1 1 1 1 0 0 0 0 0 0 1 0 0 0 1 0 0
1 1 1 0 1 0 1 1 1 1 1 1 1 0 1 1 0 0 1 0 0 1 0 0 1 0 1 0 1 1 0 1 1 1 0 1 0 0 0 0 1 0 1 1 1 1 1 1 0 1 0 1 0 1 0 0 0 0 0 0 0 0 0 1 1 0 0
1 1 0 1 1 1 1 1 1 1 1 1 0 1 1 1 0 1 0 0 0 1 1 1 0 0 1 1 1 1 1 1 1 0 0 1 0 0 1 1 0 0 1 0 1 1 1 1 0 1 1 0 0 0 0 0 1 0 1 1 1 1 1 0 1 1 0
0 1 0 1 1 0 1 1 1 0 1 0 0 1 0 1 1 1 0 0 1 0 1 1 1 0 1 0 1 0 1 0 1 1 0 0 0 0 0 0 1 1 0 1 0 0 0 0 1 0 0 1 0 1 1 0 0 0 1 1 0 0 1 0 0 0 1
1 0 1 1 1 1 0 0 0 0 1 1 0 0 0 1 1 0 1 0 1 0 1 1 1 0 0 1 0 0 0 1 0 0 1 0 1 0 1 1 0 0 1 1 0 1 1 0 1 1 1 1 0 1 1 0 0 0 0 0 0 0 0 0 1 1 0
1 1 1 0 1 1 1 0 1 1 1 0 0 1 1 0 1 1 0 0 1 1 1 0 0 1 1 1 0 1 0 1 1 0 0 0 1 0 0 1 0 1 1 1 1 1 0 1 0 0 0 0 1 1 1 1 0 0 0 1 1 0 0 1 0 1 0
0 0 1 1 0 1 1 1 0 0 0 1 0 0 1 0 0 1 0 0 1 1 1 1 1 1 1 0 0 1 0 1 1 0 0 1 0 0 1 1 1 0 0 0 1 1 1 0 1 0 1 1 1 1 1 1 0 0 0 0 0 1 1 1 0 0 0
1 0 1 0 0 0 0 0 0 1 0 0 0 1 0 0 1 0 1 1 1 0 0 1 0 1 0 1 1 0 0 1 0 0 0 0 1 1 1 0 1 0 1 0 0 1 0 0 0 0 0 0 1 1 1 0 1 1 0 0 0 0 1 1 1 1 0
1 1 1 0 1 1 1 1 1 0 0 1 0 0 0 1 1 0 0 1 1 0 0 1 0 1 0 0 0 1 1 1 0 0 1 1 0 0 0 0 1 0 0 0 0 0 1 0 0 1 0 1 1 0 0 1 0 0 1 1 0 1 0 1 0 0 1
0 0 0 1 0 1 0 0 1 1 0 0 0 0 1 1 0 1 1 0 0 0 1 0 0 0 0 0 0 1 1 1 1 1 1 0 0 1 0 1 0 1 0 1 0 1 1 0 0 0 0 0 1 1 1 1 1 1 1 1 0 1 0 1 1 1 1
1 0 0 0 1 0 0 0 0 1 0 1 1 0 1 1 1 0 1 1 1 1 1 0 0 0 1 1 1 0 0 1 0 1 1 0 0 0 0 1 0 0 1 1 0 0 1 0 0 0 0 1 1 1 1 0 0 1 1 1 1 1 0 0 1 0 0
0 1 0 0 0 0 1 1 0 1 0 0 0 1 0 1 0 1 0 1 1 1 0 1 0 1 0 0 0 1 1 0 1 0 1 0 0 0 0 0 1 0 1 1 1 1 1 1 0 0 1 0 0 1 0 1 1 0 0 0 1 1 1 0 0 0 0
0 1 1 1 0 1 0 0 0 1 0 0 0 0 0 1 1 1 0 0 0 0 1 0 0 1 1 0 0 1 0 0 1 0 1 0 0 0 1 0 1 0 1 0 0 1 0 0 1 0 1 0 0 0 0 1 0 0 1 0 0 1 0 1 0 0 1
0 1 1 0 1 0 0 1 1 0 0 1 1 1 1 0 0 0 1 0 1 0 1 1 0 1 1 1 1 0 1 1 0 0 1 1 0 1 0 1 0 0 1 1 0 1 1 0 0 1 1 0 0 0 1 0 1 0 1 1 0 1 0 1 0 1 1
0 1 0 0 1 1 0 0 0 0 0 0 1 1 0 0 1 0 1 1 1 0 1 1 1 1 0 0 0 0 1 0 0 1 0 0 0 1 0 0 0 1 1 1 0 1 0 0 1 0 0 0 1 1 1 0 1 1 0 1 1 0 0 1 1 0 1
1 1 0 0 1 0 1 1 1 1 0 1 1 1 1 0 0 0 1 1 1 0 0 1 0 1 0 1 0 0 0 1 0 0 1 0 1 0 1 1 0 0 0 0 0 1 1 0 0 0 1 1 0 0 1 1 1 1 1 1 1 0 0 0 0 0 1
0 0 1 0 0 0 1 1 0 0 0 1 1 1 0 1 1 1 1 1 1 1 1 0 1 1 0 1 1 1 1 1 1 0 1 0 1 1 1 1 0 1 0 1 0 0 0 1 1 1 0 1 1 1 0 0 1 0 1 0 0 0 1 1 1 0 0
0 0 0 0 1 0 0 1 0 1 1 0 1 0 1 0 1 0 1 1 1 1 1 1 0 0 1 1 1 1 1 1 0 0 1 0 0 0 0 0 0 0 1 0 1 1 0 0 1 0 1 1 0 1 0 1 0 1 0 1 1 0 1 0 0 0 1
1 1 1 0 1 1 1 0 0 1 0 0 0 0 1 1 0 0 1 0 1 1 0 1 0 1 1 1 1 0 0 1 0 1 1 1 1 1 1 0 0 1 0 1 0 1 0 0 1 0 1 0 1 0 0 0 0 1 1 0 0 0 0 0 0 0 1
1 0 1 0 1 0 1 0 1 1 0 0 1 1 0 0 0 1 0 0 1 0 1 0 0 0 0 0 0 1 0 0 0 0 1 0 1 0 1 0 0 0 0 1 0 0 0 1 1 1 0 0 0 0 0 1 0 0 0 1 0 1 1 1 0 1 1
0 1 1 1 1 0 0 0 1 0 0 1 0 0 0 0 1 0 1 1 1 1 1 1 1 1 1 1 0 0 0 0 0 0 1 0 0 1 0 0 0 0 0 1 1 0 0 1 0 0 0 0 0 1 1 0 0 1 0 0 1 0 0 1 0 1 0
1 1 1 1 0 1 0 1 1 0 0 0 0 1 1 1 0 0 0 1 1 0 1 0 0 1 1 0 1 0 1 1 0 1 0 1 0 0 0 0 1 1 0 0 0 1 1 0 1 0 1 1 1 0 0 1 1 1 1 0 1 1 1 0 1 0 1
0 1 1 1 0 1 1 1 0 1 1 1 0 1 1 0 0 1 0 0 1 1 0 1 1 0 0 0 1 0 1 0 1 1 0 1 1 1 0 1 0 0 0 0 1 0 1 0 1 1 0 0 0 0 0 0 0 0 0 1 1 0 0 0 0 0 0
0 0 1 0 1 0 1 1 1 1 1 1 1 0 1 1 1 1 0 0 0 0 0 0 1 1 0 1 0 1 1 0 0 1 1 0 0 0 0 0 0 1 1 0 0 0 0 0 0 0 1 0 1 1 1 0 1 0 1 0 0 0 0 0 1 1 0
0 0 1 1 0 0 1 0 1 1 1 1 0 0 0 1 0 1 0 0 1 0 1 1 0 0 0 0 0 0 0 0 1 0 0 1 1 1 0 0 0 0 0 0 0 1 0 1 1 1 1 0 0 1 1 1 1 0 1 1 1 1 0 0 1 0 1
0 0 1 1 1 1 0 0 0 0 1 1 1 1 0 0 0 0 0 0 0 0 1 1 1 1 0 1 0 0 1 1 0 1 0 1 0 1 1 0 1 0 0 0 1 1 0 1 0 0 0 1 0 0 1 0 1 1 1 1 0 1 1 1 0 0 1
0 0 0 0 1 0 0 0 1 0 1 0 0 0 0 0 1 1 1 0 0 1 1 0 0 1 1 1 0 0 0 1 1 1 0 0 1 0 1 0 0 1 0 1 1 0 1 1 0 0 1 1 0 1 0 1 0 1 0 0 0 1 1 1 0 0 1
1 1 1 0 1 1 1 1 1 0 1 1 1 0 0 1 1 1 0 1 1 0 1 1 0 1 0 1 0 1 1 1 1 1 0 0 0 0 0 0 0 0 1 1 1 0 0 1 1 0 1 1 0 1 0 1 1 0 0 1 0 0 0 0 1 1 1
0 0 1 0 0 1 1 0 0 1 0 0 1 1 1 0 1 1 0 1 1 0 0 0 1 0 0 1 1 1 1 0 1 0 1 0 0 0 1 0 0 0 1 1 1 0 0 0 0 0 0 0 1 0 1 1 0 0 0 0 1 1 0 0 1 1 1
1 0 1 1 1 1 0 1 0 0 0 0 0 1 0 1 1 0 0 1 0 0 0 0 1 1 1 0 0 1 1 0 1 0 0 1 0 0 1 0 1 1 0 1 1 0 1 0 1 1 0 1 1 1 1 0 0 0 0 1 1 0 0 1 0 1 1
1 1 1 1 0 1 1 0 0 1 0 0 0 0 0 1 1 1 1 0 0 1 1 0 1 0 1 1 0 0 1 0 0 0 1 1 1 0 0 1 0 1 1 0 0 0 1 1 0 1 0 1 0 0 0 0 0 0 1 0 1 0 1 0 0 0 1
1 1 0 0 0 1 0 1 1 1 1 0 1 0 0 1 0 0 1 1 1 1 0 0 0 0 1 0 0 1 1 1 0 1 1 1 0 1 0 0 0 0 1 1 1 1 0 0 1 0 0 0 0 1 1 1 0 1 1 0 0 1 1 0 0 0 1
0 0 0 1 1 0 1 0 1 0 0 1 1 0 1 0 1 0 0 1 0 1 1 1 0 0 1 1 0 1 0 0 0 1 1 1 0 0 1 0 0 1 1 1 0 0 0 1 0 0 1 1 1 0 0 1 0 1 1 1 1 0 0 1 0 0 1
0 0 0 1 1 1 0 1 0 0 0 0 0 0 0 0 0 1 1 1 0 1 1 0 0 1 1 0 1 1 1 1 1 1 1 0 0 1 1 0 1 0 0 1 0 0 0 0 1 1 0 0 1 0 1 1 0 0 1 0 1 1 0 1 1 1 0
1 0 1 0 0 0 1 0 0 1 0 0 1 1 1 0 1 1 0 1 0 1 0 1 0 1 1 0 1 1 0 1 0 1 0 1 0 1 1 1 0 0 1 1 1 0 1 0 0 1 1 1 0 1 1 0 0 1 0 1 0 1 1 1 1 0 1
0 1 1 1 1 1 1 0 1 1 0 1 1 1 0 1 0 0 0 1 0 1 0 0 0 0 0 1 0 1 0 1 0 0 0 0 1 0 1 0 0 0 0 1 0 0 0 1 0 0 1 1 0 1 1 0 0 0 1 0 0 1 0 1 1 0 1
1 1 1 1 0 1 1 1 0 1 0 1 0 1 1 0 0 0 0 1 1 0 1 0 1 1 0 1 1 1 0 0 1 0 0 0 0 1 0 0 0 1 1 1 0 0 0 0 0 0 0 1 0 0 1 0 0 0 0 1 0 1 1 0 0 1 1
0 0 1 0 1 1 0 1 0 1 0 0 1 1 1 1 1 0 1 1 0 1 1 1 0 0 1 0 0 0 0 1 0 1 1 0 0 0 0 1 1 1 0 1 1 0 1 0 1 0 0 1 0 0 0 0 1 0 1 0 0 0 1 0 1 1 0
0 1 1 1 1 1 1 0 0 1 0 1 0 0 1 0 1 0 0 0 0 1 1 1 0 1 0 0 1 0 1 0 0 0 0 1 1 1 1 0 1 0 1 1 1 1 0 1 1 0 0 1 0 0 0 1 0 0 1 0 0 0 0 0 1 1 0
0 0 1 1 0 1 0 1 0 0 1 1 0 1 0 0 0 1 1 1 0 0 1 0 0 0 0 1 0 0 0 0 0 1 1 1 0 1 1 1 1 0 1 0 0 0 1 1 0 1 1 1 0 1 1 1 1 1 1 1 1 1 0 0 0 0 0
1 0 1 1 0 1 1 1 1 0 0 1 1 1 1 1 0 1 1 0 0 1 1 1 1 0 0 1 0 1 0 0 1 1 1 0 0 1 0 1 0 1 0 0 0 1 0 0 0 1 1 0 0 1 1 0 0 1 1 0 1 1 1 0 0 0 1
0 0 0 0 0 1 0 0 1 0 0 1 0 1 1 1 1 1 0 1 1 1 0 1 0 1 1 1 0 1 1 1 0 0 0 1 1 1 0 0 1 0 1 0 1 0 1 1 0 0 0 1 0 1 1 1 1 1 0 1 1 0 0 0 0 0 1
1 1 1 1 0 0 0 0 0 0 1 0 0 0 1 1 1 0 0 0 0 0 0 0 1 0 1 1 1 0 0 1 0 0 0 0 0 0 0 1 1 0 0 0 1 1 1 1 1 0 0 1 1 0 1 1 1 0 0 1 0 1 1 1 0 0 1
0 0 0 1 0 0 1 0 0 1 0 1 0 0 0 0 1 1 1 1 1 0 1 0 1 0 0 0 1 0 1 1 0 1 1 0 0 0 0 1 0 1 1 0 0 1 1 1 1 0 1 1 0 1 1 0 1 1 1 0 1 1 1 1 1 1 1
0 1 1 0 1 0 0 0 1 1 1 1 1 0 0 1 1 0 1 0 0 0 0 1 0 0 0 1 1 0 1 0 1 0 0 1 1 1 1 1 1 1 1 1 1 1 1 0 1 0 0 1 1 1 1 0 0 1 0 0 1 1 1 1 1 0 0
0 0 1 0 1 1 0 0 1 0 0 0 0 1 1 1 1 1 0 0 0 1 0 0 0 0 0 1 0 1 0 0 0 1 0 0 0 0 1 0 1 1 1 0 1 1 0 1 0 1 1 1 1 0 1 0 0 1 0 0 1 1 0 0 1 1 1
0 1 0 1 0 1 0 1 0 1 1 1 1 1 0 0 1 0 0 1 1 1 0 1 0 0 0 1 0 0 1 0 1 0 1 0 0 1 1 0 1 0 1 0 0 0 0 1 1 0 1 0 0 1 0 1 1 0 1 1 1 1 1 1 0 0 0
1 1 0 0 0 0 0 1 0 0 0 1 0 1 0 0 0 1 1 0 0 1 0 1 0 0 1 0 1 0 1 1 0 1 1 1 1 0 0 0 1 0 0 0 0 0 1 1 1 1 1 1 0 1 1 1 0 1 1 0 0 0 1 0 1 0 1
1 1 1 0 1 1 0 0 1 0 1 0 1 0 1 0 1 0 0 0 1 1 0 1 1 0 0 1 0 0 0 0 0 1 0 0 1 1 1 0 0 0 0 0 1 0 0 0 0 1 0 0 0 0 0 1 1 0 1 0 1 1 1 0 0 1 1
0 1 1 1 0 1 0 1 0 0 0 1 0 0 0 0 0 1 0 0 0 1 1 0 0 0 0 0 0 1 1 1 0 0 0 0 0 0 1 0 0 1 0 1 0 0 0 0 1 0 1 1 1 1 0 1 1 1 0 1 1 1 1 0 1 1 1
0 1 1 1 0 0 0 0 0 0 0 1 1 1 1 0 1 1 1 1 0 1 1 1 0 0 1 1 0 1 1 1 1 0 1 1 0 0 0 0 1 0 0 1 0 0 1 0 1 1 0 1 0 1 1 0 0 1 0 1 1 1 0 0 0 1 1
0 1 1 0 0 1 0 0 1 1 0 1 0 0 1 1 0 1 0 1 1 1 1 1 1 1 1 0 1 0 0 1 1 1 1 1 0 1 0 0 0 1 1 0 1 0 1 1 0 1 0 0 0 0 1 0 0 0 0 1 1 0 0 0 1 1 1
1 1 1 1 0 0 0 1 1 0 0 0 0 1 1 0 1 1 0 0 0 0 0 1 1 0 0 0 1 0 1 0 0 1 1 0 1 1 1 1 0 0 0 1 0 1 0 1 1 0 1 0 1 0 1 0 0 1 1 0 0 0 0 1 0 0 1
0 1 1 0 0 1 1 0 1 0 1 1 0 0 1 1 1 1 1 1 0 1 0 0 1 0 0 0 0 1 1 0 1 0 0 1 1 0 0 1 1 0 0 0 0 0 1 1 1 1 0 0 1 1 1 0 0 0 0 1 0 1 1 1 1 1 0
1 1 1 0 0 0 0 1 0 1 0 0 1 0 1 0 1 0 1 1 0 0 0 0 0 0 0 0 1 1 1 0 0 1 1 0 1 1 1 1 0 0 1 0 1 0 1 0 1 1 0 0 0 1 0 1 0 0 1 1 1 1 0 0 0 1 1
1 0 0 1 0 1 1 0 1 1 1 1 1 0 0 0 1 1 1 0 0 1 0 1 1 1 0 0 1 1 0 1 1 0 1 0 1 1 1 0 1 1 0 1 0 1 1 1 0 0 0 1 0 1 1 0 0 1 0 0 0 1 0 1 0 1 0
1 1 1 1 0 0 0 0 1 0 0 1 0 1 0 0 0 0 0 0 1 1 1 1 0 0 1 1 0 0 0 1 1 0 1 1 0 1 0 1 1 0 0 0 0 0 1 1 0 0 1 0 1 0 1 0 1 0 0 0 0 0 0 0 1 1 0
1 0 0 0 1 0 1 1 1 1 0 0 0 1 1 0 1 1 1 1 1 1 1 0 0 1 0 1 0 0 1 1 0 0 0 1 0 0 1 1 1 1 1 1 0 0 1 1 1 0 0 1 1 0 1 0 0 0 0 0 0 0 0 0 1 1 0
1 0 1 1 0 1 0 0 0 1 0 1 1 1 0 0 1 1 0 0 1 1 0 0 0 1 1 0 1 0 1 0 1 1 1 1 1 0 0 0 1 0 0 0 1 0 1 1 1 0 0 0 0 1 0 0 0 0 1 0 0 1 0 0 1 1 0
0 0 0 1 0 0 0 1 1 1 1 0 0 1 1 0 0 1 1 0 1 0 1 0 0 1 1 0 1 0 1 0 1 1 0 1 0 1 0 1 1 0 0 0 1 0 0 1 1 1 0 0 1 1 0 0 1 0 0 0 1 0 0 0 0 1 0
0 1 0 0 0 1 0 1 1 1 1 1 0 0 1 1 0 0 0 0 0 1 0 1 1 0 1 0 1 1 0 1 1 0 0 0 1 0 0 1 1 0 1 0 0 0 0 0 1 0 1 1 1 0 0 1 1 0 1 0 1 0 1 1 0 1 1
0 1 1 1 0 0 1 0 0 0 1 0 1 0 0 1 0 1 1 1 0 0 1 1 1 1 0 0 0 1 0 1 1 1 1 1 0 0 1 1 1 1 0 0 1 0 0 1 0 1 0 1 0 0 0 0 1 1 1 1 1 1 0 0 1 1 0
1 0 0 0 0 0 0 0 0 1 1 1 1 0 0 0 0 0 1 1 1 0 1 1 1 0 1 1 0 0 0 1 1 0 0 1 1 1 0 0 0 1 0 1 0 1 1 0 1 0 0 0 1 1 1 0 0 0 1 1 1 0 1 0 1 1 1
0 0 1 1 0 1 1 0 1 0 0 1 1 0 0 1 1 1 0 1 1 0 0 1 1 0 0 1 1 0 1 1 1 1 0 0 1 1 0 0 1 0 1 0 1 1 1 0 1 1 1 0 0 0 1 1 1 0 1 1 1 1 1 1 1 0 0
1 1 1 1 0 1 1 1 0 0 1 1 1 1 1 1 0 0 1 0 1 0 1 0 0 0 0 0 1 0 0 1 0 1 0 0 0 0 1 1 0 0 1 0 1 1 1 0 1 1 0 0 1 0 0 0 1 1 0 0 0 1 1 1 1 0 0
0 0 0 0 1 1 1 1 1 1 0 0 0 0 1 0 1 1 1 0 1 0 0 0 1 1 0 0 0 1 1 1 1 0 1 1 1 0 0 1 0 1 0 1 1 1 0 1 0 0 0 0 0 1 0 1 1 1 1 0 1 0 0 1 0 0 1
1 0 1 1 1 0 1 1 0 0 0 0 1 1 0 1 0 0 1 0 1 1 0 0 1 1 0 0 0 1 0 1 1 1 1 1 0 0 0 0 0 1 1 1 0 1 0 0 0 1 1 0 1 0 1 0 0 1 1 0 0 0 1 1 0 0 0
1 1 0 1 0 0 1 1 1 0 0 0 1 1 0 0 0 0 1 1 0 1 1 0 1 1 1 1 1 0 0 1 0 0 1 1 0 0 0 1 1 0 1 0 1 1 1 1 0 0 1 1 1 1 0 1 0 0 0 0 1 1 0 1 0 1 1
0 1 0 1 1 0 1 1 1 1 1 1 1 1 0 0 0 0 0 0 0 1 0 0 1 0 1 0 0 1 1 1 0 1 0 0 1 1 0 0 1 1 1 1 0 1 0 1 1 0 1 0 0 1 1 1 1 1 0 0 0 0 0 0 0 1 0
1 0 1 0 0 0 0 1 0 1 0 1 1 0 1 0 0 0 0 1 1 1 0 0 0 1 1 1 0 1 0 0 0 0 0 0 0 1 1 0 0 0 1 1 0 0 0 1 1 1 1 0 1 1 1 0 1 0 1 1 0 0 0 1 1 0 1
1 1 0 1 0 0 1 0 0 0 0 1 0 0 1 1 0 0 1 0 0 0 1 1 0 1 0 1 1 1 1 0 0 1 1 0 1 0 0 1 0 1 0 1 0 0 0 0 1 0 1 0 1 1 1 0 1 1 0 0 1 1 1 1 0 1 0
0 1 0 1 1 0 1 0 0 1 0 0 0 0 1 0 1 0 1 0 1 1 1 1 1 0 0 0 0 1 0 0 1 1 1 1 0 0 1 1 1 1 0 0 1 0 0 0 1 1 0 0 0 1 1 1 1 0 1 1 0 0 0 1 0 1 1
1 1 0 0 1 0 1 1 1 1 0 0 0 0 1 1 1 1 1 0 0 0 0 1 0 1 1 1 1 1 1 0 0 1 1 1 1 0 0 1 1 1 1 1 0 0 1 0 1 1 1 1 0 0 1 1 1 0 1 1 0 0 0 0 0 1 0
1 0 1 0 0 1 0 0 0 0 0 0 0 1 1 0 0 0 1 0 0 1 0 0 1 1 1 1 1 0 1 1 0 0 0 0 1 0 0 0 1 0 0 0 0 0 1 0 0 0 0 1 0 0 1 1 1 0 1 0 1 0 1 0 0 0 0
0 1 0 0 0 1 1 1 0 1 0 0 0 0 0 0 1 0 0 1 0 0 0 1 0 0 0 0 1 1 0 1 1 0 1 1 1 0 1 0 1 0 1 1 1 0 0 0 1 0 1 0 0 0 1 1 0 1 0 1 0 0 1 1 1 0 1
0 1 1 1 0 0 0 0 0 1 1 0 1 0 1 1 0 1 1 0 0 1 1 0 0 1 1 1 0 1 0 0 1 1 1 0 0 0 1 0 0 0 1 0 0 0 1 0 1 0 1 1 1 0 1 0 1 1 0 1 0 0 0 0 1 0 1
0 0 0 0 0 1 0 0 0 0 1 1 1 0 0 1 1 0 0 1 1 0 0 0 1 0 0 1 0 1 1 1 0 1 1 0 1 0 1 1 0 1 0 0 0 0 0 1 0 0 1 0 1 0 0 0 0 1 1 0 1 0 1 1 0 0 0
1 0 0 1 1 1 0 1 0 1 0 1 1 1 1 1 1 0 0 0 1 0 0 0 1 0 0 0 0 1 1 1 1 0 1 1 0 0 0 0 1 0 1 0 1 0 0 1 0 1 1 0 1 1 0 0 0 0 0 0 1 1 0 1 1 1 0
1 0 1 1 1 1 0 1 0 0 0 0 1 1 0 0 1 0 1 1 1 0 0 0 0 1 1 1 1 0 0 0 0 0 1 0 0 1 0 0 0 1 0 1 0 1 1 0 0 0 0 1 0 1 0 1 0 0 1 1 1 0 0 0 0 0 0
1 0 1 0 1 1 1 1 0 1 1 0 1 0 0 1 1 0 1 1 1 1 1 1 0 1 0 0 0 1 0 0 1 1 1 0 0 0 1 1 0 1 1 1 0 1 1 0 0 0 1 1 1 0 0 1 0 1 0 0 1 1 1 1 1 1 0
1 0 1 1 0 1 0 0 0 0 0 0 0 1 1 0 1 1 0 0 1 0 1 1 0 1 0 1 0 0 1 1 1 0 0 0 0 1 0 0 0 0 0 1 1 0 1 0 1 0 1 0 1 1 0 0 1 1 1 0 0 1 1 1 0 1 1
1 0 0 1 0 0 1 0 0 1 0 0 1 0 0 0 0 0 0 0 1 1 0 0 0 1 0 1 0 1 1 1 1 0 1 0 1 0 0 1 1 1 0 0 0 1 0 1 1 1 1 1 0 0 0 0 0 0 1 1 1 1 1 0 1 0 1
0 0 0 0 0 1 1 0 1 1 0 1 1 1 1 0 1 0 1 0 1 1 1 0 0 1 0 0 1 0 1 1 0 1 1 1 1 0 0 0 0 1 0 1 0 1 1 0 1 0 0 1 0 0 1 1 0 0 0 0 1 1 1 0 1 1 1
0 0 0 0 0 1 1 0 1 1 0 0 0 0 0 1 0 0 1 0 1 0 0 1 0 0 1 1 0 0 1 0 1 0 0 1 0 1 1 0 0 1 0 0 1 1 0 1 1 1 0 1 0 0 1 0 1 0 0 0 0 0 0 1 1 1 0
0 1 0 0 1 1 0 0 1 1 0 0 0 1 1 1 1 0 0 1 1 0 1 0 1 0 0 0 0 0 1 0 0 1 1 1 0 0 0 1 0 0 0 1 0 1 0 1 1 0 0 1 1 0 0 0 1 1 0 1 0 1 1 0 0 1 0
0 1 0 1 0 1 0 0 0 0 1 1 0 1 1 1 1 0 1 0 1 1 1 1 1 1 0 0 0 1 0 0 1 1 1 0 0 1 0 1 0 0 1 1 0 0 0 1 1 0 0 1 1 0 1 1 0 1 1 1 0 0 1 1 1 0 0
0 0 0 1 0 0 0 1 0 1 0 0 1 0 0 0 1 1 1 0 0 0 1 0 0 1 1 1 1 0 1 1 0 0 1 0 1 1 1 0 1 1 0 1 0 1 0 0 1 1 0 1 1 1 1 0 1 0 0 0 0 0 1 0 0 0 0
1 0 0 0 0 1 0 0 1 1 1 0 0 0 0 1 1 1 0 0 1 0 1 1 0 0 1 1 1 1 0 1 0 1 1 1 1 0 0 1 1 0 0 1 1 1 0 1 1 1 1 0 0 0 1 0 0 0 0 1 1 1 1 0 0 1 0
0 1 1 1 1 0 1 1 0 1 0 1 0 1 0 0 0 0 1 1 1 0 0 0 0 0 1 1 0 0 0 1 1 1 1 0 0 0 1 0 1 0 1 1 0 0 1 1 0 0 0 1 1 0 0 0 1 1 1 0 0 0 0 0 1 1 0
0 0 1 0 1 0 0 0 1 0 0 0 1 1 1 0 1 1 0 0 0 0 1 1 0 0 0 1 1 1 0 1 0 0 1 0 1 0 0 0 1 0 0 0 1 0 0 0 1 1 0 0 0 1 1 0 1 0 0 1 1 0 0 1 1 0 1
1 1 0 0 0 0 1 1 1 0 1 1 0 0 1 0 0 0 0 1 0 1 0 1 0 0 0 1 1 1 1 0 1 1 1 0 1 0 0 1 1 1 1 0 0 0 0 0 1 1 1 1 0 0 1 0 0 1 0 0 0 1 1 0 1 1 1
0 0 0 1 0 1 0 1 0 0 0 0 1 1 1 1 0 1 1 1 1 0 0 1 1 1 0 1 0 1 1 0 0 0 0 1 1 1 1 1 1 1 1 1 1 0 0 1 1 0 0 0 0 1 1 1 0 1 0 1 0 1 0 0 0 1 1
0 0 0 0 1 0 1 0 1 1 0 1 0 1 1 0 0 0 1 0 1 1 0 0 0 1 1 1 1 0 1 0 0 1 1 1 0 1 0 1 0 1 0 0 1 0 0 0 1 0 0 1 1 1 0 1 0 0 0 1 1 1 0 1 0 0 1
1 1 1 0 0 1 1 0 0 1 0 1 0 0 0 0 1 1 1 0 0 1 0 0 1 0 1 1 0 0 0 1 0 1 1 0 0 1 0 0 1 1 0 1 1 0 0 0 0 1 1 1 1 0 1 1 1 0 0 0 1 0 1 0 1 0 1
1 1 0 0 1 0 1 0 0 1 0 0 0 0 0 0 1 0 0 0 1 0 0 0 0 0 1 1 0 0 1 1 0 1 0 0 1 1 1 0 1 0 1 1 1 1 1 0 0 0 0 1 0 0 1 0 0 1 0 0 1 1 0 1 0 1 1
1 1 1 0 1 1 1 0 0 1 0 0 1 1 1 0 0 0 1 0 0 1 1 1 1 1 0 0 0 0 1 1 1 1 0 1 1 0 0 1 0 0 1 1 0 0 1 1 0 1 1 1 1 0 1 0 1 0 0 0 0 0 1 1 1 0 0
1 1 0 1 1 0 1 0 1 1 0 1 0 0 1 1 1 0 1 0 0 0 1 0 1 1 0 1 0 1 0 1 1 0 0 0 0 1 0 0 1 1 1 1 1 0 0 0 1 0 1 0 0 1 1 1 1 0 0 1 1 1 1 0 1 1 1
0 0 0 1 0 0 0 1 1 0 0 1 0 0 0 1 0 0 1 1 0 0 1 1 1 0 0 0 1 1 0 1 0 0 0 1 1 0 1 0 1 0 1 0 0 0 1 1 1 0 1 1 0 0 1 0 1 0 0 1 1 0 1 0 0 0 0
1 0 1 1 1 1 0 1 0 1 0 1 0 0 1 1 1 1 0 0 0 1 0 0 1 0 0 1 1 1 0 0 1 0 0 0 1 0 1 1 1 1 0 1 1 1 1 1 0 1 1 1 1 0 0 1 1 0 1 1 1 0 0 0 0 1 0
1 1 0 0 0 1 1 0 1 0 1 1 1 1 1 0 0 0 0 0 1 1 0 1 1 1 0 0 1 0 0 1 0 1 0 1 1 0 0 1 1 1 0 1 0 0 0 0 0 1 0 0 0 1 1 1 1 1 1 1 0 0 1 1 0 0 0
0 1 0 1 1 0 1 1 1 0 0 0 1 0 1 0 0 1 0 0 1 0 0 0 1 0 1 0 1 0 0 0 0 0 1 0 1 1 0 1 1 1 0 0 1 0 1 1 1 1 0 0 0 0 0 1 1 0 1 0 0 1 0 0 1 1 1
1 0 0 1 0 0 1 1 1 0 1 1 0 0 0 1 0 0 1 1 0 1 0 0 1 0 1 1 0 1 1 0 0 0 0 0 1 1 0 1 1 0 1 1 0 1 1 0 1 0 0 0 1 0 0 1 0 0 0 1 0 1 1 0 0 1 1
0 0 0 0 1 0 1 0 1 0 0 1 1 0 0 0 1 1 0 0 0 0 0 1 0 1 1 0 0 1 0 1 1 0 0 0 0 0 1 1 0 1 0 0 1 0 1 0 1 0 1 0 1 1 1 0 1 0 0 1 0 1 0 1 0 0 0
0 0 1 1 1 1 0 1 0 1 0 1 0 0 1 0 0 1 1 1 1 0 1 1 0 1 1 0 1 1 1 0 0 1 0 1 1 0 0 1 1 1 0 1 0 0 0 1 0 1 0 1 0 1 1 0 0 0 1 0 1 0 1 1 1 1 0
0 0 1 0 1 1 1 1 1 1 0 1 1 1 0 1 1 0 1 1 0 0 1 1 0 1 1 1 0 1 1 0 0 1 0 1 1 0 0 1 0 0 0 0 0 1 0 1 1 1 0 0 0 1 0 1 0 0 0 1 0 1 1 0 1 0 1
0 0 0 1 1 1 0 1 0 0 1 1 1 1 0 0 1 1 0 1 0 1 1 1 1 0 1 1 0 0 1 1 0 0 0 0 0 1 0 1 1 1 0 0 1 1 1 1 1 0 1 0 0 0 0 0 0 0 0 1 1 1 1 0 1 1 0
1 0 1 0 1 0 0 1 0 0 1 0 0 1 0 0 1 0 0 0 0 0 0 1 0 0 1 1 1 1 0 0 0 1 1 0 0 0 1 1 1 1 1 0 0 1 1 1 0 1 0 0 0 1 1 0 1 1 1 1 0 0 0 1 0 1 0
1 1 1 1 1 1 0 1 0 1 1 0 0 0 0 1 0 0 1 0 0 1 0 0 1 1 0 1 1 1 1 1 1 1 1 0 0 1 1 1 1 0 1 0 1 1 1 1 1 0 1 1 0 1 1 0 1 0 0 0 1 1 0 0 1 1 1
1 1 0 1 1 0 0 1 0 1 0 1 1 0 0 0 1 0 0 0 0 1 1 1 1 0 1 1 0 0 1 0 0 1 0 0 0 1 0 1 0 0 1 0 0 0 0 0 0 1 1 1 0 1 1 0 0 1 1 0 1 1 0 0 0 1 0
1 1 0 0 1 1 1 1 0 1 1 1 1 0 1 1 1 0 0 1 1 1 0 1 1 0 1 1 0 0 0 1 0 0 1 0 1 0 1 0 0 1 0 1 1 1 1 1 0 0 0 1 1 0 0 0 0 0 0 0 0 1 0 1 0 1 1
0 0 1 0 1 0 1 0 1 0 0 0 0 1 0 1 1 0 0 1 1 0 1 1 0 0 1 0 0 0 1 1 1 0 0 0 0 0 0 0 1 0 0 0 1 0 1 1 1 1 1 0 1 1 1 0 0 1 1 1 1 0 1 1 1 0 0
0 1 1 0 0 0 1 0 1 1 0 1 0 0 1 0 1 1 1 0 1 1 0 1 1 0 0 0 1 1 1 0 1 0 0 0 0 1 1 1 1 0 0 0 1 0 0 1 0 0 1 0 1 1 1 1 0 1 0 1 0 1 1 0 0 0 1
0 0 1 1 0 0 0 0 0 0 1 0 1 0 1 1 0 1 0 1 1 0 0 1 1 1 1 0 1 0 1 1 0 0 1 0 1 0 1 0 1 1 0 1 1 1 0 1 1 0 0 1 0 0 0 1 1 0 0 0 0 0 1 1 1 0 0
0 1 0 0 1 0 0 0 0 1 1 1 0 1 0 1 0 0 1 0 0 1 1 0 0 0 1 0 1 0 1 0 0 0 0 0 1 1 1 0 0 0 0 0 1 0 1 1 1 0 0 1 1 1 0 1 0 0 0 1 0 1 0 0 0 1 1
1 0 1 0 1 1 1 0 0 0 1 0 1 0 0 1 0 1 1 0 0 1 0 1 1 1 1 0 1 1 0 0 1 0 1 1 0 1 0 0 1 0 1 1 1 1 1 1 1 1 1 1 1 0 0 1 0 1 0 1 1 1 0 0 0 0 0
0 1 1 1 1 1 0 1 1 1 1 0 1 0 1 0 1 1 0 1 0 1 0 0 1 0 1 1 1 0 1 1 1 1 1 1 1 0 1 1 0 1 0 1 0 0 0 0 0 1 1 0 0 0 1 1 1 1 1 0 0 1 1 0 1 1 1
0 0 1 0 0 1 0 1 1 1 1 1 0 0 0 0 0 0 1 0 0 1 1 1 0 1 0 1 1 1 0 0 0 1 0 1 0 0 0 0 0 0 0 0 1 0 1 1 0 0 0 0 0 0 1 1 0 0 1 0 1 0 1 1 0 0 0
0 1 0 0 0 1 0 0 0 1 1 1 0 0 0 0 1 0 1 1 0 0 0 0 0 1 1 1 0 0 0 0 0 1 0 1 0 1 0 0 1 1 0 0 0 0 0 0 1 1 0 0 0 0 1 1 1 1 0 0 0 1 0 0 1 0 0
0 0 0 0 0 0 1 1 1 0 1 0 0 1 0 0 0 1 1 0 0 0 1 1 1 0 1 1 0 0 1 1 0 1 0 1 0 0 0 0 1 0 1 1 0 0 1 0 0 1 0 1 0 0 0 1 1 1 0 0 0 1 1 1 0 0 0
0 0 1 0 0 0 1 1 1 1 0 1 0 0 0 0 1 0 0 0 0 1 0 0 1 0 1 1 0 1 0 0 1 0 1 0 1 1 0 1 0 1 0 0 1 1 0 0 1 0 1 0 0 1 0 0 1 1 1 0 0 0 1 0 1 0 0
0 1 1 0 0 1 1 0 1 1 1 0 0 1 1 0 0 0 1 1 0 0 1 1 0 0 0 0 0 0 1 1 0 1 0 0 0 1 0 0 1 1 0 1 0 1 0 0 1 0 1 0 0 0 0 0 0 1 0 1 1 0 0 0 0 0 0
0 1 1 0 0 1 0 0 0 0 0 0 1 1 0 1 0 1 0 1 1 0 0 0 1 0 0 1 0 1 0 1 1 1 1 1 1 1 1 0 1 1 1 0 1 0 1 0 1 0 0 1 1 1 0 1 0 0 1 0 1 1 0 1 0 0 1
1 0 1 1 1 0 0 1 0 1 0 0 1 0 0 0 1 1 0 0 1 1 0 0 0 0 0 0 0 0 1 1 0 0 0 1 1 1 0 0 0 0 0 0 0 0 0 0 0 1 1 0 1 1 1 1 1 1 0 0 1 0 0 0 0 0 0
1 0 0 1 0 0 1 0 0 1 1 1 1 0 1 1 1 1 0 1 1 0 1 0 0 0 1 1 1 1 1 0 0 0 1 0 1 1 0 0 1 1 1 1 1 0 0 0 1 0 0 1 0 0 0 1 0 1 0 0 0 1 1 0 1 0 1
1 0 0 1 1 1 0 1 0 0 0 0 1 0 1 1 1 1 0 1 1 1 0 1 1 1 0 1 1 1 0 1 1 1 0 1 1 1 0 1 1 1 0 1 1 0 0 0 0 1 0 1 0 1 1 1 1 0 1 0 1 0 0 1 0 0 1
0 1 0 0 1 1 1 0 1 1 0 0 0 1 1 1 1 1 0 1 1 0 0 0 1 0 1 1 0 0 0 0 0 0 0 1 0 0 1 0 1 0 0 0 0 0 1 0 1 1 1 1 0 0 0 0 1 0 1 0 1 0 0 1 0 0 0
0 1 0 0 1 1 0 0 1 0 0 1 0 0 1 1 0 0 0 1 1 1 0 1 1 0 0 1 0 0 0 1 0 0 0 1 0 1 0 1 0 1 0 1 0 0 0 0 0 0 1 1 1 1 0 0 0 1 0 1 0 0 1 1 1 1 1
0 1 1 1 0 0 1 0 1 1 0 0 0 0 1 1 1 1 0 0 1 1 0 0 0 1 1 1 1 1 0 1 0 0 0 0 0 0 0 0 0 1 1 1 1 1 0 0 1 0 0 1 0 0 1 1 1 0 0 0 1 0 1 1 0 0 0
1 0 0 0 0 1 1 0 0 0 1 0 1 1 0 1 1 0 0 0 0 1 1 1 0 0 1 1 1 0 0 0 1 0 1 0 0 0 1 1 0 0 1 1 1 1 0 0 0 0 0 0 1 1 0 1 1 1 0 0 1 0 1 1 0 0 0
0 0 1 0 1 0 1 1 0 0 1 1 0 0 1 0 0 1 1 1 0 0 1 0 0 0 0 1 1 0 1 1 0 1 0 1 0 0 1 1 0 0 0 0 0 1 0 0 0 0 0 0 1 0 1 1 0 1 0 0 0 1 0 1 0 1 0
1 1 0 1 1 0 0 1 1 1 0 0 1 1 0 0 0 0 1 1 0 0 1 1 0 1 0 0 0 0 0 0 0 0 1 1 0 1 0 0 0 0 1 1 0 0 0 0 1 0 0 0 0 0 1 1 0 0 0 0 1 1 0 0 1 1 0
0 0 1 0 0 1 1 1 1 1 0 1 1 0 0 1 1 1 0 1 0 0 1 0 0 1 1 1 0 0 0 0 1 1 1 1 1 0 1 1 1 0 0 0 0 1 1 0 1 0 1 0 1 0 0 0 0 1 0 0 0 0 1 0 0 1 0
1 0 0 1 1 1 0 0 0 0 0 1 0 0 0 0 0 1 1 0 0 0 0 1 1 1 1 1 0 1 1 0 0 0 0 1 0 1 1 0 0 1 1 0 1 1 0 0 0 0 0 0 0 0 0 1 1 0 0 0 0 0 1 0 0 0 0
1 0 1 1 0 0 1 0 0 1 0 0 1 0 1 1 0 0 0 0 1 0 1 0 1 1 0 0 1 0 1 1 0 1 0 0 1 0 0 1 1 1 1 0 0 0 0 0 0 0 0 1 1 0 0 1 0 1 1 0 0 0 0 0 0 0 0
1 0 0 0 0 1 0 0 0 1 0 0 0 1 1 0 1 0 1 1 0 0 1 0 0 0 1 0 0 0 0 1 1 1 0 0 0 0 0 0 0 0 0 0 0 0 1 1 0 0 0 0 0 0 0 1 0 0 0 0 1 0 0 0 0 1 0
1 0 1 1 0 0 0 0 0 0 1 1 1 0 0 1 1 0 0 0 0 1 0 0 0 0 0 0 1 1 1 0 0 1 0 0 0 0 0 1 0 1 1 1 0 0 0 1 0 0 1 0 0 0 1 0 0 0 0 1 1 0 1 0 0 1 0
C Elapsed Time 140960.800000 
