645 55 2^55 6
0 1 1 0 1 0 0 1 0 0 0 0 1 1 1 1 1 0 1 0 1 0 0 1 1 1 0 1 1 1 1 0 1 1 0 0 1 0 1 0 0 0 1 0 0 1 0 0 1 1 1 0 1 1 1
1 1 0 0 1 0 1 0 0 0 1 1 1 0 0 1 0 1 0 1 1 0 1 0 1 0 1 0 1 1 1 0 1 0 1 0 0 0 0 1 0 1 0 1 1 1 1 0 1 1 1 0 0 1 0
1 1 1 0 1 1 1 0 0 0 0 1 1 0 0 1 0 0 1 0 1 0 1 0 1 1 1 0 0 0 1 1 1 0 0 0 1 0 1 1 0 1 0 0 0 0 0 0 0 0 1 1 0 1 1
0 0 0 0 1 1 0 1 1 0 1 1 1 0 1 0 1 1 1 1 0 0 0 1 0 0 0 1 0 1 0 1 0 1 0 0 1 1 1 0 1 1 1 0 0 1 1 0 1 1 0 1 1 0 0
1 1 1 1 0 0 1 1 1 1 0 0 0 1 0 1 1 0 1 0 0 0 0 0 0 0 0 1 0 1 0 0 0 0 0 0 0 0 1 0 0 0 1 0 0 0 1 0 0 0 0 0 1 0 0
0 0 1 0 1 1 1 1 1 1 1 0 0 1 1 0 1 1 0 1 0 0 1 0 1 1 1 0 1 1 0 1 1 1 1 0 1 1 1 0 0 0 1 1 1 1 0 0 0 0 1 0 0 0 0
0 1 0 1 0 0 1 1 1 1 1 0 0 0 1 0 0 0 1 1 1 0 0 0 0 0 1 1 0 0 1 0 1 1 0 0 1 1 1 1 1 0 0 0 1 1 1 0 1 1 1 1 0 0 0
1 1 0 1 0 1 0 0 1 0 1 1 0 0 1 0 0 0 0 0 1 0 0 1 0 0 0 0 0 1 0 1 0 0 0 0 0 0 0 0 1 0 0 0 0 0 0 1 0 0 1 0 1 1 1
1 1 0 0 0 0 1 0 1 0 0 1 0 1 0 0 0 0 1 1 0 0 1 0 0 1 0 0 1 0 1 0 0 0 0 0 0 0 0 0 0 0 0 0 0 1 1 1 1 1 0 0 1 0 0
1 1 1 1 0 1 0 0 1 0 0 1 1 1 1 1 1 1 0 0 0 0 1 0 0 0 0 0 1 1 0 1 0 0 1 0 1 0 1 1 1 1 0 1 0 1 0 1 1 1 1 1 0 0 1
0 0 0 1 0 1 1 0 0 1 1 1 0 0 1 0 1 0 1 0 0 0 1 1 1 0 0 0 1 0 1 1 1 1 0 0 0 0 0 1 1 1 0 1 0 0 0 1 1 0 0 0 0 0 0
0 1 1 1 1 1 1 0 1 1 0 1 1 1 1 1 0 0 1 1 0 0 1 1 1 1 1 0 0 1 0 0 0 1 0 0 1 1 1 0 1 1 0 1 1 0 1 1 1 1 0 0 0 0 0
0 0 1 1 0 1 1 1 1 0 1 0 1 1 0 1 1 0 1 0 0 1 0 1 1 1 0 0 1 1 0 1 0 0 0 0 0 1 0 1 0 1 1 0 1 1 1 0 0 0 1 1 0 0 0
0 1 1 1 0 1 1 0 1 0 1 1 1 0 1 1 1 1 1 1 0 1 0 0 0 1 1 1 1 0 0 0 0 1 0 0 0 0 0 1 0 0 1 0 0 1 0 0 1 0 0 1 0 1 0
1 1 1 0 0 1 1 0 1 1 1 1 0 0 1 0 0 0 1 0 0 1 1 0 0 1 1 0 1 0 0 0 1 0 1 0 0 1 1 0 1 0 1 0 1 1 0 0 0 1 1 0 0 1 1
1 1 0 0 1 1 0 0 0 1 1 0 0 0 0 1 1 0 1 1 0 1 0 1 0 1 1 1 0 0 0 1 1 0 1 0 0 1 0 1 0 1 0 0 1 1 0 0 0 0 0 0 0 1 1
1 1 0 0 1 0 1 0 1 1 0 1 0 0 1 0 1 1 0 0 0 1 0 0 1 1 0 1 0 1 0 1 1 0 0 0 1 0 0 1 1 1 0 1 1 1 0 0 1 0 1 1 1 0 1
1 0 1 1 0 1 1 0 1 1 0 0 0 1 1 0 1 0 1 1 1 1 0 0 0 1 0 1 0 1 0 1 1 0 0 0 1 1 1 0 1 0 0 0 0 1 0 0 1 0 0 1 0 1 1
1 0 0 1 1 0 0 1 1 0 1 1 0 1 1 1 1 1 1 1 0 1 0 0 0 1 0 1 0 1 1 1 1 0 0 0 0 0 1 0 0 0 1 0 1 0 0 1 1 0 1 0 0 0 1
0 1 1 0 1 0 0 1 1 1 1 0 0 0 1 1 0 0 1 0 1 1 1 1 0 1 1 1 0 0 1 0 0 1 0 0 1 0 1 0 1 0 1 0 0 0 1 1 1 1 0 0 1 1 1
0 1 0 1 1 0 1 0 1 1 0 0 0 0 1 1 0 1 1 1 1 1 1 0 1 0 1 0 0 1 1 0 0 0 1 0 0 0 1 1 1 0 0 1 1 0 0 1 0 0 1 0 1 0 1
1 1 1 1 0 1 1 0 1 1 1 1 0 1 1 1 0 1 1 0 0 1 0 1 1 0 1 1 0 0 1 1 0 0 0 0 1 1 0 0 0 0 0 0 0 1 0 1 1 1 0 1 0 0 0
0 1 0 0 0 0 0 0 0 1 1 1 0 1 0 1 1 0 0 1 0 1 1 0 1 1 1 0 1 1 0 0 0 0 0 0 1 0 1 1 0 0 0 0 1 0 1 1 0 1 1 1 0 0 0
1 0 0 1 0 1 1 1 1 0 1 0 0 0 1 1 1 0 0 0 1 0 1 0 0 1 0 1 0 1 0 1 1 1 0 1 1 0 0 0 1 1 1 1 1 1 1 0 0 1 1 0 0 1 1
0 0 0 0 0 0 0 0 0 0 1 0 1 1 1 1 1 0 0 1 0 0 0 1 1 0 1 0 1 0 0 0 0 1 0 1 0 0 0 1 1 0 1 0 1 0 1 0 0 1 0 0 1 1 0
0 1 0 1 0 1 0 0 0 0 1 1 0 1 0 0 1 1 1 0 0 0 1 0 0 1 0 1 1 1 0 0 1 1 0 1 1 1 1 1 0 1 1 1 1 1 0 0 0 0 1 1 1 0 0
0 0 0 1 1 1 0 1 1 0 0 0 0 1 1 0 0 1 0 1 0 0 1 1 1 0 0 0 0 1 1 0 1 1 0 1 1 0 0 1 1 0 0 1 0 1 1 0 1 1 1 1 0 0 1
1 0 0 1 0 0 0 0 1 1 1 1 0 0 0 1 1 1 1 0 0 0 1 0 1 1 1 0 1 0 0 0 0 0 1 1 1 0 0 0 0 1 0 0 0 0 0 0 1 0 0 0 1 1 0
1 1 0 1 1 1 0 1 1 1 0 0 0 0 1 1 0 1 1 1 1 0 1 0 0 1 1 0 0 0 1 1 1 1 1 1 0 0 1 1 0 1 1 1 0 0 1 0 1 0 0 0 1 1 0
0 1 1 1 0 0 0 0 0 1 0 0 1 1 0 0 0 0 0 0 0 0 0 0 1 1 0 0 0 0 0 0 0 0 0 1 1 1 0 1 0 0 1 1 1 0 0 0 1 1 1 1 0 1 1
0 0 1 1 1 0 1 0 0 1 1 0 0 0 0 1 1 1 0 1 1 0 0 1 1 1 0 1 1 0 0 1 1 1 0 1 1 0 1 1 0 1 0 1 1 1 1 0 1 1 0 1 0 0 1
0 0 1 1 1 0 0 1 1 0 1 0 1 1 1 1 0 0 1 0 1 0 1 0 1 0 1 0 1 0 1 0 0 0 0 1 0 1 1 0 1 1 0 1 1 0 1 1 0 0 1 0 0 1 0
0 1 1 1 0 1 1 0 0 0 1 1 0 0 0 0 1 0 0 1 0 0 0 1 1 1 0 1 0 1 1 1 0 1 1 1 1 0 0 0 0 0 0 0 1 0 0 1 0 0 1 0 0 1 0
0 1 0 1 0 1 0 1 1 0 1 0 1 0 0 1 1 0 0 0 0 0 0 1 0 1 1 0 0 1 0 0 1 0 0 1 0 0 1 0 0 0 1 1 0 1 1 1 0 1 1 1 1 0 0
0 0 1 0 0 1 1 0 1 0 1 1 0 1 0 1 0 1 0 1 0 0 1 0 1 1 1 0 0 0 1 0 1 1 0 1 1 0 1 0 1 0 1 0 0 0 0 1 1 1 1 1 1 1 0
0 1 0 1 0 0 0 0 1 1 0 0 1 0 1 0 1 0 0 0 1 0 1 0 1 1 1 0 0 0 1 0 0 1 0 1 0 0 1 1 0 1 0 0 1 1 0 1 1 1 0 0 0 1 1
1 0 0 1 1 1 1 0 0 1 0 1 0 1 0 0 1 0 1 1 0 0 0 1 0 1 0 1 1 1 1 0 1 1 1 1 1 1 1 0 0 1 1 1 1 0 0 1 1 0 0 0 1 1 1
1 0 1 1 0 0 1 0 1 1 0 0 0 1 0 0 0 0 0 0 1 0 0 1 0 1 0 0 1 1 1 1 0 0 0 1 0 0 1 0 1 0 0 1 1 0 0 1 0 1 1 1 0 0 1
0 0 1 1 0 0 1 1 1 1 0 0 0 1 0 0 1 0 1 1 1 0 1 0 1 0 1 0 0 0 0 1 0 0 1 1 0 0 1 0 0 1 0 1 0 0 0 1 1 1 1 1 1 0 1
1 0 1 1 0 1 0 0 1 0 0 0 0 0 0 0 1 0 1 0 0 1 1 1 1 0 1 0 1 1 0 0 0 1 0 1 0 0 1 0 0 0 1 1 0 0 0 0 1 0 0 0 1 0 1
0 1 0 0 1 0 1 1 0 0 0 1 1 0 0 1 1 0 1 1 1 1 1 0 0 0 0 0 0 1 0 0 0 0 1 1 1 0 1 1 1 0 1 0 1 1 0 0 0 1 0 0 1 0 0
0 1 1 1 1 1 0 1 1 0 1 1 0 1 0 1 1 0 1 0 0 1 0 0 1 0 1 1 0 1 1 0 0 0 1 1 1 0 0 0 0 1 0 1 1 1 0 0 0 1 1 1 1 1 1
1 1 0 0 1 0 0 0 1 0 0 0 0 0 1 1 1 1 0 1 0 1 0 1 0 0 1 0 0 0 1 0 0 0 0 1 1 0 1 0 1 1 1 0 1 1 0 0 1 0 1 1 0 1 0
1 0 1 0 1 1 1 1 1 1 0 1 1 1 0 1 0 1 0 0 0 1 1 0 1 0 1 0 0 1 1 1 0 0 1 1 1 1 1 0 0 1 1 1 1 1 0 0 1 0 0 0 0 1 1
0 0 0 1 1 1 0 0 0 1 0 0 0 1 1 1 1 1 0 1 0 1 0 0 0 1 0 0 1 1 0 0 0 1 1 1 0 0 0 1 0 0 0 0 0 1 0 0 1 1 1 0 1 0 1
0 0 1 1 0 0 0 1 1 1 1 1 1 1 0 1 1 1 1 1 1 1 1 0 0 1 1 1 1 1 0 0 0 1 1 1 1 0 0 1 1 1 1 1 1 1 1 0 1 0 0 1 0 0 1
0 0 0 0 0 1 1 1 1 0 0 0 1 0 1 1 0 1 1 1 1 1 1 0 1 0 1 0 1 0 0 0 1 1 0 1 0 1 0 0 0 1 1 0 0 1 1 1 0 1 0 0 1 0 1
1 1 1 1 1 0 1 0 1 0 0 0 0 0 0 0 1 1 1 0 1 1 1 1 1 1 1 0 1 1 0 0 1 0 1 1 1 1 0 0 0 1 0 0 1 1 0 1 0 0 1 1 0 0 1
1 1 1 1 0 0 0 0 1 0 1 1 0 1 0 0 0 1 1 1 1 1 0 1 0 0 1 0 1 0 1 1 0 1 1 1 1 1 1 1 0 0 1 1 1 0 1 1 1 0 0 1 1 0 0
1 1 0 0 0 0 0 0 0 1 1 0 0 0 1 0 1 0 0 0 1 1 0 1 1 0 0 1 1 1 1 0 1 1 1 1 1 0 1 1 1 1 1 1 1 1 0 1 0 1 1 0 1 1 0
1 1 0 0 1 0 1 1 0 1 1 0 0 1 0 0 1 1 0 1 1 1 0 1 1 1 1 0 0 0 0 0 1 0 0 1 1 1 1 0 1 0 1 0 0 0 1 1 0 1 1 0 0 1 1
1 0 0 0 1 0 0 1 1 1 1 1 1 1 1 1 1 1 1 0 1 1 1 0 1 1 0 1 0 0 1 0 1 1 0 1 0 1 0 1 0 1 1 0 1 1 0 1 0 1 1 1 1 1 0
1 1 0 1 1 0 1 0 0 0 1 1 1 1 0 0 1 0 0 1 1 0 0 0 1 0 1 1 0 0 1 1 0 0 0 0 1 1 1 1 1 1 1 0 1 0 0 0 0 0 1 0 1 0 0
1 0 0 0 1 0 0 1 0 0 1 0 0 1 1 0 1 0 0 1 1 0 1 0 0 1 0 0 0 1 0 0 0 1 0 0 0 0 0 1 0 1 1 1 0 1 0 1 1 0 0 1 0 1 1
1 0 0 0 0 1 1 0 1 0 1 1 1 1 0 0 0 0 0 1 0 1 1 0 0 1 1 1 0 0 0 1 0 0 0 1 1 1 0 0 1 1 1 1 1 1 1 1 0 0 0 1 0 1 0
1 0 1 1 0 0 0 1 1 0 0 0 0 1 1 1 1 0 0 1 0 1 1 1 1 1 1 1 0 1 1 0 0 1 1 0 0 1 1 0 0 0 0 0 1 0 1 0 0 0 0 1 1 0 1
1 0 1 0 1 0 1 0 1 0 0 0 0 1 0 1 1 1 1 1 0 0 1 1 1 0 0 0 1 0 1 1 1 1 1 0 1 1 0 0 1 1 1 0 0 1 1 0 0 0 0 1 0 1 1
1 0 1 1 1 1 1 1 0 0 0 0 0 0 1 0 1 0 0 1 0 1 0 0 0 1 0 0 1 1 1 1 0 1 0 1 0 1 1 1 1 1 1 0 1 0 1 0 1 1 1 1 1 1 0
0 0 0 0 0 0 0 1 1 0 0 0 1 1 0 0 1 1 0 1 0 1 1 0 1 1 0 1 1 0 0 0 0 1 1 0 0 1 1 0 1 0 1 0 1 1 1 1 1 1 1 1 1 1 0
0 0 0 0 0 1 0 0 1 0 1 1 0 0 1 0 0 0 0 1 0 0 1 0 0 1 1 0 1 1 1 1 0 1 0 1 1 1 1 1 0 1 0 1 0 1 0 1 0 1 0 1 0 0 1
0 0 1 1 1 0 0 1 0 1 1 1 0 0 0 0 1 0 0 1 0 1 1 0 0 0 1 0 1 0 0 1 0 0 1 0 0 0 0 1 0 1 0 1 0 1 1 0 0 0 0 1 1 1 0
1 0 1 0 1 1 1 1 0 1 0 0 1 1 0 0 1 1 1 0 0 1 1 1 0 1 0 0 1 0 1 1 0 1 0 0 0 0 0 1 0 0 0 1 1 1 0 1 1 0 0 0 1 1 1
0 1 1 0 1 0 1 1 1 1 1 0 0 0 1 1 1 1 1 1 1 1 0 1 0 0 0 1 1 1 1 1 0 0 1 0 0 0 0 1 1 0 0 0 0 1 1 1 0 1 1 0 0 1 0
0 1 1 0 1 0 0 0 0 1 1 1 0 0 1 1 0 1 0 0 1 1 0 0 1 1 1 0 1 1 0 1 0 0 1 0 0 1 1 0 0 0 1 1 0 0 0 1 1 1 0 1 1 0 1
1 0 0 0 0 0 1 0 0 1 0 1 0 1 1 0 0 1 1 1 1 0 1 1 0 0 1 1 0 1 0 1 0 1 0 0 0 0 1 1 1 0 1 0 0 1 1 1 0 0 0 1 1 0 1
0 0 0 1 1 0 1 1 1 0 0 0 0 0 0 0 0 0 1 0 0 1 1 1 1 0 0 1 0 1 1 1 1 0 0 0 1 1 0 0 0 1 0 1 1 0 1 0 1 0 0 0 1 1 0
1 1 0 0 1 0 0 1 0 1 0 1 1 0 1 0 0 0 0 1 1 1 0 1 1 1 0 1 0 0 1 1 0 0 1 1 1 0 1 1 0 0 0 1 0 0 1 0 1 1 1 0 0 1 0
0 1 0 0 1 0 1 0 1 1 1 1 0 0 0 1 0 1 0 0 0 0 0 0 0 0 0 0 1 0 0 0 0 1 0 0 0 0 1 0 1 1 0 1 0 0 1 0 0 0 1 0 1 0 0
0 0 1 1 0 1 0 0 1 1 1 0 1 0 1 0 1 1 1 1 0 0 1 1 0 0 0 0 1 1 0 1 1 0 1 1 0 0 0 0 1 1 1 0 1 1 1 1 1 1 1 1 1 1 1
0 1 0 0 1 1 1 0 0 0 0 0 0 0 1 0 0 0 1 1 0 0 0 0 1 0 0 1 1 1 0 1 0 0 0 1 1 0 1 1 0 0 1 0 0 1 1 0 0 0 1 1 1 0 1
1 1 0 1 0 0 1 1 1 1 0 1 0 1 1 0 0 1 1 1 1 0 1 0 0 0 0 1 1 0 1 0 0 0 0 1 0 1 0 1 1 1 1 1 0 1 0 0 0 1 0 0 0 1 1
0 1 0 0 0 0 1 1 1 1 0 1 0 1 1 1 1 0 0 0 1 1 1 0 1 0 1 1 1 0 1 0 1 0 1 0 1 0 0 0 1 0 0 1 1 1 1 0 0 0 0 0 0 0 1
0 1 1 1 0 0 1 1 0 0 1 1 0 1 0 0 0 0 0 1 1 1 0 1 0 1 1 0 1 1 1 0 1 1 0 1 0 1 1 1 0 0 0 1 0 1 1 0 0 1 0 0 0 1 0
1 1 1 0 1 1 0 0 1 1 1 0 0 1 1 0 1 0 0 0 0 0 0 0 0 0 1 0 1 0 0 1 1 1 1 0 0 1 1 1 1 0 0 0 0 0 1 1 1 1 0 0 1 1 1
1 0 0 1 1 1 1 0 0 1 0 0 1 0 0 1 0 1 1 0 1 0 1 1 1 0 0 1 0 0 1 0 0 0 0 1 0 0 0 0 1 0 0 0 0 0 1 0 0 1 1 1 1 0 1
1 0 1 1 1 0 1 0 0 1 0 0 1 0 1 1 0 0 1 1 1 0 1 1 0 1 1 0 0 0 0 1 0 1 0 0 1 1 0 0 0 0 1 0 0 1 0 1 1 0 0 0 1 1 0
1 1 1 1 1 1 1 0 0 1 0 1 0 1 1 1 0 0 0 0 0 0 1 1 0 1 1 1 0 1 0 0 1 1 1 1 1 0 1 1 1 0 0 1 0 1 0 0 0 0 1 0 0 0 1
1 0 1 1 1 1 0 0 0 0 0 0 0 0 0 0 1 0 0 0 0 1 0 1 0 1 0 1 0 0 1 1 1 1 0 0 1 1 0 1 1 0 1 0 0 1 0 1 0 1 1 1 0 0 0
1 0 1 0 0 1 1 1 0 0 0 1 0 0 0 0 0 1 1 1 1 1 0 1 0 0 0 0 0 0 0 0 0 1 0 0 1 0 1 1 1 1 0 1 0 0 0 1 1 1 0 0 0 1 0
0 0 0 1 1 1 1 0 0 1 1 1 0 1 1 0 0 0 0 1 0 1 0 0 1 1 0 1 0 0 1 0 1 1 0 0 1 1 0 1 0 1 0 0 0 1 1 0 0 1 1 0 1 1 1
1 1 0 1 0 1 1 1 1 0 0 1 0 0 0 0 1 0 0 0 1 1 1 0 0 1 0 0 0 0 1 0 0 1 1 1 0 1 1 0 0 0 0 1 0 1 0 0 1 0 1 1 0 0 0
0 0 0 1 0 0 0 1 0 1 1 1 1 0 0 1 0 0 1 1 1 0 0 1 1 0 1 1 1 1 0 1 1 0 0 1 1 0 0 0 0 0 1 0 0 1 1 1 0 1 0 0 0 0 0
1 0 0 0 1 1 1 0 1 0 1 0 1 1 1 0 1 1 1 1 0 1 0 0 1 1 0 1 1 0 1 0 0 0 1 1 1 0 0 1 1 1 0 1 1 1 0 1 1 0 1 0 0 0 0
1 0 1 0 1 0 1 0 0 0 1 0 0 1 1 0 0 1 1 0 1 1 0 1 0 1 0 0 1 1 0 0 1 1 0 1 0 1 0 1 1 0 1 1 0 1 1 1 1 1 1 1 0 0 0
1 0 1 0 1 0 0 1 1 1 1 0 1 1 0 0 0 1 0 0 0 1 0 1 0 1 1 1 1 1 0 0 1 1 0 1 0 0 0 0 0 1 0 1 0 1 1 1 0 0 1 0 0 0 1
0 1 0 0 0 1 1 0 1 0 0 0 1 1 0 0 1 1 1 0 0 0 0 1 0 1 0 1 0 0 1 1 1 0 0 0 1 0 1 0 0 1 1 1 0 0 1 1 0 0 0 0 0 1 1
0 1 0 0 0 1 0 0 1 1 1 1 1 1 1 0 0 1 1 1 1 0 0 0 1 0 1 0 0 0 0 0 0 0 0 0 0 0 1 0 0 0 0 1 0 0 1 0 1 0 1 1 1 1 0
0 0 1 1 0 0 1 0 0 1 1 0 1 1 1 0 1 1 0 0 0 1 1 1 1 0 1 1 1 1 0 0 0 0 1 1 1 1 1 0 1 0 1 0 1 0 0 0 0 1 1 1 1 1 0
1 1 1 0 1 1 0 1 0 1 0 1 0 0 0 0 1 1 1 0 1 0 1 1 1 1 0 0 0 1 1 0 1 1 1 0 0 0 0 0 1 1 1 1 0 1 0 0 0 0 1 0 0 1 0
1 1 1 1 1 1 0 0 0 0 1 0 0 0 0 0 0 0 0 0 0 0 1 1 1 1 1 1 1 1 1 0 0 0 0 0 1 1 0 1 1 1 1 1 0 0 1 0 0 1 0 1 1 1 1
0 1 0 1 0 0 1 0 0 1 0 0 0 1 1 1 1 1 0 0 0 0 0 1 1 0 1 0 0 0 1 1 1 0 1 1 1 0 0 1 1 1 0 0 0 0 1 1 1 0 1 0 1 1 1
0 1 0 1 1 1 1 0 0 0 1 0 1 0 0 1 0 1 1 0 0 0 1 1 1 1 1 1 1 1 1 1 1 1 1 1 1 0 1 1 1 0 0 0 1 0 0 1 0 1 0 0 1 0 1
0 0 1 0 0 1 1 1 1 1 1 0 0 1 1 0 0 1 0 1 1 1 1 1 0 0 0 0 0 1 0 0 1 0 1 1 0 0 0 1 1 1 0 1 1 0 1 0 0 0 0 0 1 1 0
0 1 0 0 0 1 0 0 0 1 1 1 1 0 1 1 0 0 1 0 0 1 1 0 0 0 0 1 0 0 0 0 1 0 1 1 1 0 1 1 1 0 0 0 0 1 1 1 1 1 1 1 0 1 0
0 1 0 1 0 1 1 1 0 1 0 0 1 0 0 1 0 0 0 1 0 0 0 0 0 0 0 1 0 0 1 1 1 1 1 1 1 1 0 1 1 1 1 1 0 0 0 1 1 0 0 1 0 0 1
1 1 0 0 1 0 0 1 0 1 0 0 1 1 1 0 1 1 1 1 1 0 0 0 0 1 1 1 1 0 1 0 1 0 1 1 1 1 1 0 0 0 0 0 1 1 0 1 0 0 1 1 0 0 1
1 1 1 0 0 1 0 1 0 0 1 0 1 1 0 0 0 0 0 1 1 0 0 0 1 1 0 1 0 1 0 0 0 1 0 1 1 0 1 0 0 1 0 0 1 1 1 0 1 1 1 0 0 0 0
0 1 1 1 0 1 1 1 0 0 0 1 0 1 0 0 0 1 1 0 1 0 1 1 1 1 1 1 0 1 0 1 0 0 1 0 0 0 1 1 1 0 1 1 1 0 1 0 1 1 1 1 0 1 1
0 1 1 0 0 1 0 0 1 1 0 0 0 0 0 0 1 0 1 1 0 1 0 1 1 0 0 1 1 1 0 0 0 0 1 1 0 1 1 0 1 1 0 1 1 1 1 0 0 1 1 0 0 0 0
1 1 0 0 1 1 0 1 0 0 1 1 1 1 1 0 1 0 1 0 1 1 1 1 1 0 1 1 1 1 0 0 1 1 0 1 1 1 0 0 1 1 0 0 0 1 0 0 1 0 0 0 0 1 1
1 0 1 0 1 0 1 0 0 0 1 0 0 0 1 1 0 0 1 0 0 1 0 0 0 1 1 1 1 1 0 0 1 0 1 0 1 0 0 1 1 1 1 1 0 1 1 1 0 0 0 0 1 0 1
1 0 0 0 1 0 0 0 0 0 0 1 1 0 0 1 1 0 0 0 0 0 0 1 0 1 0 0 1 0 0 1 1 1 0 1 0 0 1 1 1 0 1 0 1 1 0 0 1 0 0 1 0 1 0
1 0 1 0 0 1 0 1 0 1 0 1 1 1 1 0 1 0 1 0 0 0 0 0 1 0 0 1 1 0 1 1 0 1 0 0 1 1 0 0 0 1 0 0 1 1 1 0 1 0 1 1 0 0 1
1 1 1 0 0 0 0 1 0 1 1 1 1 0 0 1 0 1 1 0 0 1 0 0 1 0 1 1 1 0 1 0 1 0 0 0 1 1 1 1 0 0 1 0 1 0 1 0 0 0 0 0 1 0 0
0 1 1 1 0 1 0 0 0 0 0 0 1 1 1 0 0 1 0 0 1 0 0 0 1 0 0 0 1 1 1 1 0 1 0 1 0 1 0 0 0 1 0 1 0 1 1 1 0 0 0 1 1 1 0
1 1 0 1 1 1 0 0 0 1 1 0 1 0 1 0 1 1 0 1 0 0 0 1 0 1 1 1 1 1 1 0 1 1 1 0 1 0 0 0 1 0 0 1 0 1 1 0 1 1 0 0 1 1 0
1 1 1 0 1 0 0 0 1 0 0 1 0 1 1 0 1 0 0 1 0 1 0 0 1 0 0 1 0 0 0 1 0 1 1 1 0 1 0 0 1 1 0 0 1 1 0 1 1 1 0 0 1 0 1
0 1 1 0 1 0 0 0 0 0 0 1 1 0 0 0 0 0 1 1 0 1 1 0 0 1 1 0 0 1 0 1 1 1 1 0 0 0 0 0 1 0 0 1 0 0 1 0 1 1 1 0 0 0 1
1 1 1 1 1 0 0 1 0 0 0 0 1 0 0 0 1 1 1 0 1 0 1 1 0 0 0 0 1 0 1 1 0 0 1 1 0 0 0 1 0 0 1 0 0 0 1 0 1 0 1 0 0 0 1
0 0 0 1 1 1 0 0 0 0 0 1 0 1 0 0 0 0 1 0 0 1 0 1 1 1 1 0 1 1 1 0 1 0 0 0 0 0 1 0 1 0 0 0 0 1 0 0 0 0 1 1 1 0 0
0 0 0 1 1 1 1 1 0 1 1 1 1 1 1 1 0 0 1 1 1 0 1 1 0 0 0 0 1 1 1 0 0 1 1 1 0 1 1 0 0 0 0 1 1 1 0 0 1 1 1 1 1 1 0
0 1 0 1 1 0 1 1 0 1 0 1 1 0 0 1 1 1 0 0 1 1 1 1 0 0 1 0 1 0 1 1 1 1 0 0 1 0 1 0 1 1 1 1 0 1 1 1 1 1 1 1 0 0 1
0 1 1 1 0 0 0 1 0 0 0 1 1 0 0 1 1 0 1 1 0 0 1 0 1 0 1 0 1 0 0 0 1 1 0 0 0 1 0 1 0 1 0 1 1 1 0 0 1 0 1 0 1 0 1
0 1 0 0 1 1 0 1 0 0 1 1 1 0 0 1 1 1 0 0 0 0 1 1 1 1 1 0 1 0 1 0 1 1 1 0 0 1 1 1 0 0 0 1 0 0 1 1 0 0 0 1 0 1 1
1 0 1 1 1 0 1 1 0 0 1 1 1 0 1 1 1 0 0 1 1 0 1 1 0 0 0 0 0 0 1 0 1 0 0 1 1 1 0 1 1 1 0 1 0 0 1 1 1 1 0 0 1 1 1
1 1 1 0 0 0 0 1 0 0 0 1 1 0 0 0 0 1 0 0 0 1 1 0 1 0 0 1 0 0 0 0 1 0 0 1 0 0 0 0 1 1 1 1 0 0 0 1 0 1 0 1 1 1 1
0 1 0 1 1 1 1 1 0 1 1 1 0 1 0 1 0 1 1 0 0 1 0 1 1 0 1 1 1 0 1 0 1 1 0 1 0 1 1 0 1 0 1 1 1 1 1 0 1 0 1 0 1 0 1
0 0 1 0 1 0 1 0 0 0 0 1 0 1 1 1 1 1 1 0 1 0 0 1 1 0 1 1 0 0 0 0 1 0 0 1 0 0 0 0 1 1 1 0 1 0 0 1 0 1 0 1 0 0 1
1 1 1 1 1 1 0 1 1 1 0 0 1 0 1 1 1 0 1 0 1 0 0 1 0 1 0 0 0 1 1 0 1 1 1 1 0 0 0 1 1 1 0 0 1 1 1 1 0 0 0 1 1 0 1
0 1 0 0 1 0 0 0 0 0 0 1 0 1 1 1 0 1 1 1 0 0 0 1 1 0 1 0 1 1 0 0 1 0 1 1 1 1 0 1 1 0 1 0 0 0 0 1 1 0 1 0 0 1 0
0 1 0 1 1 1 0 1 0 1 0 1 0 1 0 1 0 1 0 1 1 1 1 0 1 0 0 1 0 0 0 1 0 0 0 0 1 1 0 0 0 1 0 1 0 1 1 1 0 0 1 0 1 0 0
0 0 0 0 1 1 0 0 1 0 1 1 1 0 0 0 0 1 0 0 1 1 0 0 1 1 1 0 0 0 1 1 0 0 0 1 0 0 0 1 1 1 1 1 0 1 1 0 0 1 0 0 1 0 0
0 1 0 0 0 1 1 0 0 0 0 0 1 1 0 1 0 1 0 1 1 1 1 1 0 1 0 1 0 1 0 0 1 0 1 1 1 1 0 0 0 1 1 1 0 1 0 0 1 1 1 1 1 1 1
1 0 1 0 0 0 1 0 0 1 0 1 1 0 1 0 1 0 1 1 1 1 0 0 1 1 1 0 1 0 1 1 0 0 0 0 0 1 0 0 0 1 1 1 1 0 1 1 0 0 1 0 0 1 1
1 1 0 0 1 1 0 0 0 1 0 0 1 1 0 1 1 0 0 0 0 0 1 0 1 0 1 1 1 1 0 1 1 0 1 0 0 0 0 0 0 1 1 0 1 0 0 1 0 0 1 0 1 0 1
0 0 1 1 1 1 1 0 0 1 1 0 1 0 0 0 1 0 0 0 0 0 0 1 1 0 1 0 0 1 1 1 1 1 1 0 0 0 1 0 0 0 1 0 0 1 1 0 1 0 1 0 0 0 0
1 1 1 1 0 0 0 0 0 1 1 0 0 1 0 0 1 0 1 0 0 1 1 0 1 1 1 0 0 0 0 1 1 1 1 0 1 0 0 1 1 1 1 0 1 0 0 1 0 1 0 0 0 1 0
1 0 1 0 0 1 0 0 0 1 1 0 1 0 1 0 0 1 0 1 0 0 1 1 1 1 0 1 0 0 0 0 0 0 0 1 0 1 1 1 1 0 1 0 0 0 0 0 1 0 0 0 0 0 1
1 0 0 1 1 1 0 0 1 1 1 0 1 1 0 0 0 0 1 0 1 1 1 0 1 1 0 1 1 0 0 0 1 0 1 0 0 1 1 1 0 1 0 1 1 1 1 0 1 1 0 1 1 0 0
1 1 0 0 0 1 1 0 1 0 1 0 0 1 1 0 0 0 0 0 1 0 0 1 0 0 1 0 0 0 0 0 0 1 1 1 1 1 0 0 0 1 0 1 0 0 0 0 0 1 0 0 1 0 0
0 1 1 1 0 1 0 1 0 1 1 0 0 1 0 1 0 0 0 0 0 1 1 1 0 1 1 0 0 0 1 1 0 1 0 1 0 0 0 0 1 1 0 1 0 1 1 0 1 1 0 1 0 1 0
1 1 0 0 1 1 1 1 0 1 0 0 0 0 0 1 0 1 1 1 0 0 0 1 0 0 1 1 1 0 0 1 1 0 1 0 1 0 1 0 1 0 1 1 0 0 0 0 1 0 1 1 1 1 0
0 0 0 0 0 0 1 0 1 0 1 0 0 0 1 0 1 1 0 0 1 1 1 1 0 0 0 0 1 0 1 1 0 0 1 0 1 1 1 1 0 0 0 1 0 1 1 0 1 1 1 1 1 1 1
0 1 1 0 1 0 1 0 1 1 0 1 1 1 0 1 1 1 1 1 0 0 1 1 0 0 0 1 0 0 1 1 0 1 1 0 0 0 0 1 0 1 0 1 1 1 0 0 0 1 1 1 0 0 0
0 1 1 0 0 1 0 1 1 1 0 0 1 1 1 1 0 0 0 1 1 1 0 1 0 1 1 1 0 1 1 1 1 0 0 1 1 1 0 1 1 0 1 1 1 0 1 0 0 1 1 1 1 0 1
1 1 1 1 0 0 1 0 0 0 1 1 0 1 1 1 0 0 0 1 0 1 0 1 0 0 1 1 1 1 0 1 1 0 0 1 1 0 1 0 1 0 0 0 1 1 0 1 1 1 1 0 1 1 0
1 0 0 1 0 1 1 0 0 0 0 0 0 0 0 0 0 1 0 1 0 0 0 0 1 0 0 0 0 0 0 0 0 0 1 0 0 1 1 1 0 1 1 0 1 1 0 1 0 0 0 0 1 1 0
0 1 1 0 0 0 1 0 1 0 0 1 1 1 0 1 0 0 0 0 0 1 0 1 1 0 0 1 0 0 1 0 1 1 0 1 1 1 1 1 0 1 1 0 1 0 1 1 0 1 1 1 0 0 1
0 0 1 0 1 1 0 0 1 1 0 1 0 0 1 1 1 1 1 0 0 0 1 1 0 0 0 0 1 0 0 0 1 0 0 0 0 1 0 1 0 0 0 1 0 1 1 0 0 1 0 1 1 0 1
0 0 1 0 1 1 1 1 0 1 0 0 1 0 1 1 0 0 0 1 0 1 1 1 1 0 1 0 1 1 0 0 0 1 0 1 1 0 0 1 1 1 0 0 0 0 0 1 0 0 1 1 0 1 0
0 1 0 0 1 0 0 0 0 1 0 0 0 0 1 0 0 1 1 0 0 0 1 1 1 0 0 0 0 0 1 1 0 0 0 1 1 0 1 0 0 0 1 1 1 1 0 1 0 1 1 0 1 0 0
1 0 1 0 0 0 0 0 0 1 0 0 0 1 1 0 1 0 1 1 1 0 1 0 0 0 0 1 0 0 0 1 0 1 1 1 1 0 0 1 1 1 0 0 0 0 0 0 0 0 1 1 1 1 0
0 0 1 1 1 0 1 1 0 0 0 1 0 1 1 1 0 0 1 1 1 1 0 0 1 1 0 1 1 1 1 1 1 0 1 0 1 1 1 1 0 1 1 1 0 1 0 1 1 0 1 1 0 1 0
1 1 0 0 0 0 1 0 1 1 1 0 1 1 1 1 1 1 0 0 0 1 1 0 0 0 1 0 0 1 0 1 1 1 0 1 1 1 0 0 0 0 0 0 1 1 1 0 1 1 0 1 1 0 0
0 0 0 0 1 1 0 0 1 1 0 1 0 1 1 0 1 1 0 1 1 1 0 1 1 1 1 0 0 1 1 1 1 1 1 0 0 1 0 0 1 1 0 0 1 1 1 1 1 1 0 1 0 1 0
1 1 0 1 0 0 0 1 0 1 1 0 0 1 0 0 1 1 0 0 1 0 0 1 0 0 0 1 0 1 1 1 1 0 1 0 0 1 1 0 0 1 0 1 0 1 0 0 1 0 0 0 1 0 1
1 1 1 1 0 0 0 1 0 1 1 1 1 0 1 0 0 1 0 1 0 1 0 0 1 1 1 0 1 1 1 1 1 1 1 1 0 0 0 0 1 0 0 1 1 0 0 0 1 0 1 1 0 1 0
1 1 0 0 0 0 0 1 0 1 0 0 0 1 0 1 0 0 1 1 0 0 0 0 1 1 1 1 0 1 1 1 0 1 0 0 0 0 0 0 1 0 1 1 1 1 0 1 0 0 1 0 0 1 0
1 0 0 1 0 0 1 0 1 0 1 0 1 1 1 0 1 1 1 0 0 0 0 0 0 0 1 0 1 0 1 0 1 1 1 0 0 0 0 0 0 0 1 1 1 1 0 0 0 1 0 1 0 0 1
0 0 1 1 1 0 0 1 0 0 0 1 0 1 1 0 1 0 0 1 0 1 1 1 1 0 0 0 0 1 0 1 1 0 0 0 0 1 0 0 0 0 1 0 0 0 0 0 0 1 1 0 1 1 0
1 0 0 0 0 0 1 1 0 1 0 0 1 0 1 0 1 0 0 0 1 0 0 1 1 0 0 1 0 1 0 0 1 0 1 0 1 1 0 0 1 0 0 0 1 0 0 1 1 1 1 0 0 0 1
1 0 1 0 0 0 1 1 0 1 0 1 0 1 1 1 1 1 0 1 0 0 0 0 1 0 1 0 0 1 1 0 1 0 0 1 0 0 0 0 0 0 1 1 1 1 1 1 1 0 0 1 0 1 0
1 1 0 1 1 1 0 1 1 1 1 0 0 1 1 0 0 0 1 0 0 1 1 1 0 1 0 1 0 1 0 1 0 0 1 1 1 1 0 0 1 0 1 1 0 0 0 1 1 0 1 1 1 0 0
1 0 0 1 0 1 0 1 0 1 1 1 1 1 1 1 1 1 1 1 0 1 1 1 1 0 1 1 1 0 0 1 1 0 1 0 0 1 1 1 1 1 1 1 0 1 1 0 1 1 1 0 0 1 1
0 0 0 0 1 0 0 1 0 1 1 1 0 0 0 0 0 0 1 1 1 0 0 0 0 1 0 0 1 0 0 0 1 0 0 0 1 0 0 0 1 1 1 1 1 1 0 0 0 1 1 1 0 0 0
1 0 1 1 0 1 1 0 0 0 1 1 0 1 0 1 0 1 1 0 1 1 1 0 0 0 1 1 1 0 1 1 1 0 1 1 0 0 0 1 0 1 1 1 0 0 0 0 0 0 1 0 1 1 1
0 1 0 0 1 1 0 1 0 0 1 1 1 0 1 0 1 1 0 0 1 1 0 0 0 0 0 0 0 1 0 1 1 0 1 1 0 1 1 1 0 1 0 0 1 0 1 0 0 0 1 1 0 1 1
1 0 1 0 0 1 0 0 0 1 0 0 1 1 0 0 0 0 0 1 0 1 1 1 0 0 1 1 1 1 1 1 1 0 0 1 0 0 0 1 0 1 1 0 0 1 0 0 1 1 0 1 0 0 0
0 1 1 0 0 0 1 1 1 1 1 1 1 1 1 0 1 0 1 0 0 0 0 1 1 1 0 0 1 1 0 0 1 0 1 1 1 0 1 1 1 1 1 0 0 0 1 0 1 1 0 1 1 0 0
1 0 0 1 1 0 1 1 1 0 0 1 0 0 0 1 0 0 0 0 0 1 1 0 1 1 1 1 0 0 0 1 0 1 0 0 0 0 0 1 0 0 0 1 0 0 1 1 0 1 0 1 0 1 0
0 0 0 0 0 1 0 0 1 1 1 1 1 1 0 1 0 1 0 1 1 1 1 1 0 1 1 0 1 0 1 0 1 0 1 1 0 1 0 0 1 0 0 1 1 0 0 1 1 0 0 0 0 0 1
0 1 1 0 0 0 1 0 1 1 1 0 0 0 0 0 0 0 0 0 1 1 1 0 0 0 0 1 1 0 1 0 1 1 0 0 1 0 0 0 0 0 0 0 0 0 0 0 0 0 1 1 0 1 1
0 1 0 0 0 1 0 1 1 0 0 1 0 1 1 1 0 0 1 0 0 1 1 0 0 1 1 0 0 1 0 1 1 1 1 0 1 0 1 0 0 1 0 0 1 1 1 1 1 0 0 1 1 1 0
1 1 1 1 1 0 1 1 1 1 0 1 1 0 1 0 0 1 0 0 1 0 0 1 1 0 1 1 1 0 1 0 0 1 0 1 1 0 0 0 0 1 1 1 0 1 0 0 1 0 1 1 1 0 0
1 1 1 1 1 1 0 1 0 0 0 1 1 0 0 0 1 1 1 1 0 0 0 0 1 1 1 0 1 1 0 1 0 1 1 1 0 0 1 1 1 1 1 0 0 1 0 1 0 1 1 0 0 0 0
0 0 1 1 1 1 0 0 1 0 0 0 1 1 0 1 1 1 1 0 1 0 0 0 1 0 0 1 0 1 0 0 1 1 1 1 1 0 1 1 1 0 1 1 0 0 1 1 1 0 0 0 1 0 0
0 0 1 0 0 1 0 0 0 1 0 1 1 1 1 0 0 0 1 1 0 1 0 1 0 0 1 0 0 0 1 0 0 0 1 1 0 0 1 0 1 1 1 1 0 1 0 1 0 0 1 0 1 1 1
1 0 1 0 0 0 0 0 1 1 1 0 0 1 1 0 0 1 1 1 0 0 0 1 0 1 1 0 1 0 1 1 1 0 0 0 1 1 0 1 1 1 1 0 0 0 1 1 0 0 1 0 1 0 0
0 1 0 1 0 1 0 1 0 0 0 1 0 0 0 1 1 0 1 1 1 1 1 1 1 0 1 1 1 1 1 0 0 0 0 1 0 1 0 1 0 0 1 0 1 0 0 1 1 1 0 0 1 1 1
0 0 1 0 0 1 1 0 1 0 1 0 0 1 1 1 1 0 0 1 0 0 0 0 0 1 0 1 1 0 0 1 1 0 1 0 0 1 0 0 0 1 0 1 0 0 1 1 1 1 1 1 1 1 1
0 0 1 1 1 0 1 0 1 0 0 0 1 1 0 1 0 0 0 0 1 1 0 1 0 1 1 1 0 0 1 0 1 0 1 0 0 0 0 0 1 1 0 0 1 0 0 0 1 1 1 0 0 1 0
0 1 0 0 0 0 0 1 0 1 0 0 0 1 0 0 0 1 0 0 0 0 0 1 0 0 1 0 1 1 0 0 0 1 0 0 0 1 1 0 0 1 0 0 0 0 0 0 1 1 1 1 0 1 1
0 1 1 1 1 1 0 1 1 0 0 1 0 0 0 0 1 0 0 1 0 0 1 0 1 0 0 1 0 0 1 0 1 0 0 0 0 0 1 1 1 1 1 0 0 1 1 1 1 0 0 0 0 0 1
0 1 1 0 1 0 1 1 0 0 0 0 0 0 1 0 0 1 1 0 0 0 0 0 0 0 1 1 0 0 0 1 0 0 0 1 0 0 0 1 0 0 0 1 1 0 0 0 1 0 0 0 0 0 1
1 1 1 0 1 1 1 1 0 0 1 0 1 1 1 1 1 1 0 1 1 0 1 0 1 1 1 0 0 1 0 1 0 0 1 0 1 0 0 0 1 0 0 0 0 1 1 0 1 0 0 0 1 0 1
1 1 1 1 1 1 0 0 0 0 0 0 0 1 1 1 0 1 1 1 1 1 1 0 0 1 1 0 0 1 0 1 0 0 0 1 0 1 0 1 0 0 0 1 1 0 0 1 0 1 1 1 0 1 0
1 0 1 0 1 1 1 1 1 1 1 1 0 0 0 1 0 0 1 1 0 0 1 1 1 1 1 0 0 0 0 0 0 0 1 0 0 1 0 1 0 0 1 0 1 1 0 0 1 1 1 1 1 0 1
1 1 0 1 0 1 1 1 0 1 0 1 0 0 0 0 0 1 1 1 1 1 0 1 0 1 1 1 0 1 1 0 0 0 0 0 0 0 1 0 0 1 0 1 1 1 1 0 0 0 0 1 0 0 1
1 1 1 0 1 0 0 0 0 0 1 1 1 1 0 0 1 1 0 0 0 1 1 1 0 0 1 0 0 0 0 0 0 1 1 0 0 0 1 1 0 1 1 0 1 1 1 0 0 1 1 0 1 1 1
1 1 0 0 0 1 1 1 1 0 0 1 0 1 0 1 1 0 0 1 1 0 0 0 1 0 0 0 1 1 0 1 1 1 1 1 0 1 0 1 1 0 0 1 0 0 0 0 0 1 1 1 0 0 0
0 1 1 1 0 0 1 0 1 1 1 0 1 0 0 0 0 1 1 1 1 1 1 1 0 1 0 0 0 1 0 1 0 1 0 1 1 0 1 1 0 1 1 0 0 1 0 1 0 0 1 0 0 0 0
0 1 1 1 1 1 1 0 0 1 0 1 0 0 1 0 0 1 0 0 0 1 0 0 1 0 0 1 1 0 0 1 0 1 1 1 1 1 0 0 1 0 1 1 0 0 1 0 0 0 0 0 0 1 0
0 1 1 0 1 1 1 0 0 1 1 1 1 1 0 0 1 1 1 1 1 0 0 0 0 0 1 0 1 0 1 0 1 0 1 1 0 1 0 1 1 1 0 0 0 1 0 1 1 0 0 1 1 1 1
1 1 1 0 1 1 1 0 1 0 0 0 1 0 1 1 0 1 0 0 1 0 0 0 1 0 0 0 0 0 1 1 1 0 0 0 0 1 1 1 1 0 1 0 1 1 1 1 1 1 1 0 1 1 0
1 1 0 0 1 0 1 1 1 1 1 1 1 0 1 1 0 1 0 1 0 0 0 0 1 0 0 1 1 0 1 0 0 1 1 0 1 0 1 1 0 0 1 0 0 1 0 1 1 1 0 0 0 0 1
1 0 0 1 1 1 0 0 1 1 1 0 0 1 0 1 1 1 0 0 1 0 0 0 0 1 1 1 1 1 1 1 1 0 1 1 1 1 1 0 1 0 1 0 0 0 1 0 0 0 1 1 0 1 0
0 0 0 0 0 1 0 0 0 1 1 0 1 0 1 0 1 0 1 1 0 0 0 1 1 0 1 1 0 1 0 0 0 1 1 1 0 1 0 0 0 0 0 1 1 0 0 1 0 0 0 1 1 0 0
1 1 0 1 1 0 0 1 0 0 1 0 0 0 0 1 1 0 1 1 0 1 0 0 1 0 1 0 1 0 1 0 1 0 0 1 0 0 0 0 0 1 0 0 0 0 1 1 1 1 1 1 0 0 0
1 0 1 1 1 0 1 1 1 1 0 1 0 0 1 1 0 0 1 1 0 0 0 0 1 0 1 0 1 1 1 1 1 1 0 0 0 0 1 1 1 1 0 0 1 0 0 0 0 1 0 0 1 1 1
0 1 1 1 0 1 0 1 1 0 0 1 1 0 1 0 0 1 1 1 1 1 1 1 1 1 0 1 1 0 1 0 0 0 1 0 1 1 0 1 1 1 0 0 0 0 0 0 0 1 1 1 1 0 0
1 0 1 1 1 0 0 0 1 0 1 0 1 0 0 0 1 1 1 1 1 1 0 0 0 1 1 1 0 1 0 0 0 0 0 1 1 1 0 1 0 0 0 0 0 0 1 1 0 1 0 0 1 1 0
1 0 1 1 1 1 0 1 0 1 0 0 1 0 0 1 0 1 1 1 1 1 0 0 1 0 1 0 0 0 0 0 1 1 1 0 1 0 0 1 0 0 1 0 1 0 1 0 0 1 1 1 0 1 1
1 1 1 0 0 1 1 0 1 0 0 0 0 1 0 1 1 1 1 1 0 1 0 1 1 1 1 0 0 1 1 0 1 1 0 0 0 1 0 1 0 1 1 1 0 0 1 0 1 1 0 0 0 0 1
0 1 0 1 0 1 0 0 0 0 0 0 0 1 0 1 0 0 1 0 1 0 0 0 0 0 1 0 1 0 0 1 1 0 1 0 1 0 1 0 0 0 1 1 1 1 1 0 1 1 0 0 0 0 1
0 0 0 0 0 0 0 1 0 1 1 1 0 0 0 0 1 0 0 1 1 1 1 1 0 1 1 0 1 0 1 1 1 1 0 1 1 0 0 1 0 1 1 0 1 0 0 0 1 1 1 0 1 0 1
0 0 0 1 1 1 1 0 1 1 1 1 1 0 1 0 1 1 1 1 0 0 0 1 0 1 1 0 0 0 0 1 0 0 1 1 1 0 0 1 1 0 0 0 1 0 1 0 0 1 1 0 0 1 1
1 0 0 0 0 0 1 1 0 0 0 0 1 1 1 1 0 1 1 1 0 0 0 0 0 1 0 0 1 0 1 1 1 1 0 1 1 1 1 0 0 1 0 1 0 1 1 0 0 0 1 0 1 0 1
0 1 1 1 0 1 0 0 0 0 1 1 1 1 1 0 1 1 1 0 1 0 0 1 0 1 1 1 1 0 1 0 0 1 0 0 0 0 1 0 1 0 0 0 0 0 0 1 1 1 1 0 0 0 1
0 1 1 1 0 1 1 0 1 1 1 1 0 0 1 1 1 0 1 1 1 0 0 0 0 1 0 0 0 0 1 1 0 0 0 0 1 0 1 1 0 1 1 1 1 1 1 1 0 1 0 1 1 1 0
1 1 1 1 1 0 0 1 1 1 1 0 1 0 0 0 0 0 1 0 1 0 1 0 0 0 0 0 0 1 0 1 0 1 0 0 1 1 1 1 0 0 0 1 1 1 1 0 0 1 0 0 1 0 1
0 0 0 1 0 0 0 0 0 0 0 1 1 0 1 1 0 0 0 0 1 1 1 0 1 0 1 1 0 1 0 0 0 1 0 0 1 1 1 0 0 1 1 1 0 1 0 0 0 1 0 1 0 0 0
0 1 0 1 1 0 0 0 1 1 0 0 0 1 1 1 1 0 1 0 1 1 1 1 1 0 1 1 1 1 1 1 0 1 1 1 0 1 0 0 0 0 1 0 0 1 1 1 1 1 1 1 0 1 1
1 1 1 0 1 1 0 1 1 1 0 1 0 1 1 1 1 1 1 1 1 0 1 0 0 0 0 1 1 0 0 1 1 1 0 1 1 0 0 0 0 0 0 1 1 0 0 1 1 1 0 0 0 1 1
1 0 0 1 1 0 1 0 1 1 0 1 1 1 0 1 0 1 0 1 0 1 0 1 0 0 0 0 1 1 0 1 0 0 1 0 1 0 0 0 1 1 1 0 0 0 0 0 0 1 0 0 1 0 1
0 0 1 0 0 0 0 1 1 1 0 1 1 0 0 1 1 0 0 1 0 1 0 1 0 1 0 0 1 1 1 0 1 1 1 0 1 1 1 0 0 1 0 1 1 1 0 1 1 0 0 0 0 0 0
0 1 1 1 1 0 1 1 1 1 0 0 0 0 0 1 0 0 0 0 0 1 0 0 0 0 0 0 1 0 1 1 1 0 1 1 1 1 0 0 0 0 0 0 0 0 0 0 0 1 1 0 1 0 0
1 1 0 0 0 1 0 0 1 0 0 1 1 0 0 1 0 0 0 1 0 0 0 1 0 0 0 1 1 1 1 0 0 1 0 0 0 0 0 1 1 0 1 1 1 0 1 1 1 0 1 1 1 0 1
0 1 0 0 1 0 1 0 1 0 0 0 1 0 1 0 1 1 1 0 1 0 1 0 0 0 1 1 1 1 0 0 0 1 0 1 1 1 1 0 1 1 0 1 1 0 1 0 1 0 0 1 1 1 1
0 0 1 1 1 1 0 0 1 0 1 1 1 1 1 1 0 0 0 1 1 1 1 1 0 0 0 0 1 0 1 1 1 1 0 1 1 0 1 0 1 0 1 0 0 1 1 0 0 0 1 0 0 0 0
0 0 1 0 1 0 0 1 1 1 1 1 0 0 1 1 1 0 1 0 1 0 1 0 1 1 0 1 1 1 0 1 0 0 0 1 0 0 1 0 1 0 0 0 1 1 0 0 1 0 1 1 1 0 0
0 0 0 0 1 0 1 1 1 0 0 1 0 1 1 0 0 1 1 0 0 1 0 0 0 1 1 0 0 0 1 0 1 1 1 0 1 1 0 1 1 0 1 1 0 0 0 0 0 0 0 1 1 1 1
0 0 0 0 1 0 0 0 1 0 0 1 1 0 1 0 1 0 0 1 1 0 1 0 0 0 1 1 1 0 0 0 1 1 1 0 1 0 1 1 0 1 1 1 0 0 1 1 0 0 1 0 0 1 0
0 1 1 0 1 0 0 1 0 1 1 0 1 1 1 1 0 0 0 1 0 1 1 1 1 0 0 0 0 0 1 1 1 0 1 0 1 0 1 0 1 1 0 0 1 1 0 1 0 1 0 1 1 0 1
0 1 0 0 0 1 0 1 0 1 1 0 1 0 1 0 0 1 0 0 0 1 1 0 0 0 1 0 0 1 0 0 0 0 0 0 0 1 0 1 1 0 1 1 1 1 1 1 1 1 0 0 0 0 0
1 1 0 0 0 0 1 0 0 0 0 1 1 1 1 1 1 1 1 0 1 1 1 1 0 1 0 1 1 0 0 1 0 0 0 1 0 1 1 0 1 1 0 1 0 0 1 0 1 0 0 0 0 0 0
0 1 1 1 1 1 1 0 0 0 1 0 0 0 0 1 1 0 0 0 0 1 1 1 1 0 0 0 0 1 0 0 1 1 1 0 0 0 0 0 1 0 0 1 1 0 0 1 1 1 0 1 1 1 0
1 1 0 0 0 0 0 0 0 0 1 0 0 0 1 0 1 0 1 1 1 0 1 0 1 0 0 1 0 0 1 1 1 0 0 0 0 1 1 0 0 0 1 1 1 0 1 0 0 1 0 1 0 1 0
0 1 1 0 1 1 1 0 1 1 1 1 0 1 1 0 1 1 0 0 1 1 1 0 1 0 1 1 0 1 0 0 0 0 0 1 0 0 0 1 0 1 1 0 0 0 1 0 1 1 1 0 0 0 1
0 1 0 0 0 0 1 1 0 0 0 0 0 0 0 0 1 0 1 0 1 0 0 0 0 1 1 1 1 0 1 1 0 0 1 0 0 1 0 1 0 1 1 0 0 1 0 1 0 1 0 1 1 0 0
1 0 0 0 0 1 1 1 0 0 1 0 1 1 1 1 1 0 1 0 1 1 0 1 1 1 1 0 0 0 1 1 0 1 1 1 0 1 1 1 1 0 1 0 0 1 0 1 1 0 0 0 0 0 0
0 0 0 1 0 1 1 1 0 1 0 0 1 1 1 0 1 0 1 1 1 1 0 0 1 1 0 1 1 0 0 1 1 1 0 0 0 0 0 0 1 0 1 1 0 0 1 0 0 1 0 0 1 0 0
0 1 0 1 1 0 1 1 0 0 0 0 1 1 1 0 1 0 0 0 0 0 0 0 0 1 0 0 1 0 0 0 0 0 0 0 1 1 0 0 1 0 0 0 0 1 1 1 0 0 1 1 0 1 0
0 1 1 1 1 1 1 1 0 1 0 1 1 0 1 1 1 0 0 0 1 1 0 1 1 1 0 1 0 0 0 0 0 1 1 0 0 1 1 1 1 1 1 0 1 0 1 0 1 0 0 1 1 1 1
0 0 0 1 1 0 0 1 0 1 0 1 1 1 1 1 0 1 0 0 0 0 0 1 0 1 0 1 1 1 0 0 1 0 1 0 0 0 1 1 1 1 1 1 1 0 1 1 0 1 0 0 0 1 1
1 0 0 1 1 0 1 0 1 0 1 1 1 0 1 0 0 1 0 1 0 1 1 1 0 0 1 1 0 1 1 0 1 0 1 1 0 0 1 1 0 1 0 0 0 0 0 1 1 1 0 1 1 0 0
1 0 1 1 1 1 0 0 1 0 1 0 0 1 0 0 0 1 0 1 1 0 1 1 1 1 1 1 1 0 0 1 0 1 0 0 0 1 0 0 1 0 0 1 1 1 0 0 1 0 1 0 1 1 1
0 0 1 1 0 0 1 1 0 0 1 0 1 0 1 0 0 1 1 1 0 1 0 0 1 1 1 1 0 0 0 1 0 1 1 1 0 1 1 0 1 0 0 1 0 1 0 0 0 1 1 1 1 0 1
0 1 1 0 1 0 0 1 1 1 0 0 0 0 0 0 1 1 0 0 1 0 1 1 0 0 1 1 0 1 0 0 0 0 1 1 1 1 1 1 1 0 0 1 0 1 0 1 1 1 0 1 0 1 0
1 1 0 1 1 1 1 0 0 1 0 0 1 1 1 1 1 0 1 0 1 1 0 1 1 0 1 0 1 0 0 1 1 0 1 1 1 1 1 1 0 1 1 1 1 1 0 0 0 1 0 1 1 1 0
0 1 0 0 1 0 0 0 0 1 0 0 0 0 0 0 0 0 0 0 1 0 1 1 0 1 1 1 0 1 1 0 1 1 0 1 0 1 0 1 0 0 1 0 1 0 1 0 0 0 0 0 1 1 0
1 1 0 0 1 1 1 1 0 1 1 1 1 1 0 0 1 0 1 0 0 0 0 0 1 0 0 1 0 0 0 0 0 1 1 1 0 0 1 1 1 0 0 1 1 1 1 1 0 1 0 1 0 1 1
0 1 1 1 1 0 0 1 0 0 1 0 0 1 0 1 1 1 1 1 1 0 0 1 0 0 1 0 0 1 0 1 1 1 0 0 1 1 0 0 1 1 0 1 1 0 1 1 0 0 1 1 1 1 1
1 0 0 1 1 0 0 1 0 0 1 1 1 0 0 1 0 0 0 0 1 0 0 0 0 1 1 0 0 1 1 1 0 1 1 1 1 1 1 0 1 1 1 0 0 0 0 1 1 1 1 1 1 1 0
1 1 1 0 0 1 0 0 0 1 1 1 1 1 1 1 0 0 1 1 0 1 1 1 1 0 0 1 0 1 0 1 0 1 0 1 1 0 1 1 0 1 1 1 0 0 1 0 0 0 0 0 1 1 1
1 1 0 1 1 1 1 1 1 1 1 1 1 1 0 1 0 0 0 1 0 0 0 1 1 1 0 0 0 0 1 0 1 0 0 1 1 0 0 1 0 1 1 1 0 0 0 0 0 0 1 0 0 0 0
0 0 0 1 1 1 0 1 0 1 0 1 0 1 0 0 1 1 0 0 1 1 1 1 1 0 0 1 0 0 0 0 1 1 0 1 1 0 1 0 0 0 1 0 1 0 0 0 1 1 0 1 0 0 0
1 0 1 1 0 1 0 1 1 0 0 1 0 1 1 0 0 1 0 1 0 0 0 1 0 0 0 0 1 0 0 0 1 0 0 0 1 0 0 0 0 1 0 0 1 0 1 0 1 0 0 0 0 1 0
0 1 0 1 1 0 1 1 0 0 0 1 1 1 1 0 1 1 1 0 0 0 0 0 1 0 1 0 0 1 1 0 1 1 0 0 1 1 1 1 0 0 0 1 1 0 1 1 0 1 1 0 1 0 0
1 0 1 1 0 1 0 0 1 1 1 1 1 0 1 0 0 1 1 0 1 1 1 0 1 1 1 1 0 0 1 1 1 1 1 1 1 1 1 0 1 1 0 1 1 0 1 1 0 0 1 0 0 0 1
1 1 1 1 1 1 1 1 0 0 1 0 1 0 1 1 0 0 1 1 0 1 1 1 0 0 0 1 1 0 0 0 1 0 1 0 1 0 1 0 0 1 0 1 0 0 1 0 0 1 1 0 0 0 1
1 0 0 1 1 0 1 0 0 1 0 1 0 0 0 0 1 1 0 1 0 0 1 0 0 0 1 1 1 1 0 1 1 0 1 1 0 1 1 0 0 0 0 1 0 0 0 1 0 1 1 0 0 1 0
1 1 0 0 0 1 0 0 1 0 0 1 0 1 1 1 0 1 0 1 0 0 0 0 1 0 1 1 1 0 1 0 1 1 1 1 0 1 1 1 0 1 0 1 0 1 0 0 0 0 0 1 0 1 0
1 0 0 0 1 0 0 1 0 0 0 0 1 1 0 0 0 1 1 1 1 0 1 1 1 1 1 0 1 1 1 1 1 0 1 1 0 1 1 0 1 1 1 1 1 0 0 0 1 1 0 1 1 0 0
1 0 0 0 1 0 1 0 1 1 1 1 0 0 0 1 1 0 1 0 0 0 0 1 1 0 1 1 1 0 0 0 0 1 1 0 1 1 1 0 1 1 1 0 1 1 1 1 1 0 0 1 0 1 0
1 0 0 1 1 0 0 1 0 0 1 0 0 0 1 1 0 1 0 0 1 1 0 1 0 1 0 1 1 0 1 1 0 1 1 0 0 1 0 1 1 1 0 1 1 0 0 0 0 0 0 1 0 0 0
1 1 1 1 1 1 1 1 0 1 1 1 1 0 1 1 1 1 0 0 0 0 1 1 0 1 1 1 1 0 1 1 0 0 1 1 0 0 1 0 0 1 1 0 1 1 1 1 0 0 0 0 1 0 0
1 0 0 0 0 1 0 0 1 0 1 1 1 1 0 1 0 1 1 0 1 0 1 1 0 0 1 1 0 1 1 0 0 0 1 0 1 1 0 1 0 0 0 0 1 1 1 0 0 1 0 0 0 1 1
1 0 1 1 0 1 0 1 0 0 1 0 0 1 0 1 0 1 1 0 0 1 1 1 0 0 0 0 0 0 1 0 1 0 0 1 1 1 0 0 0 0 1 0 0 0 1 1 0 1 0 1 1 1 1
0 1 0 1 1 0 1 1 1 0 1 1 1 1 0 0 0 1 1 1 1 1 0 1 1 1 1 1 1 0 0 1 1 1 1 0 1 0 0 0 0 1 1 0 1 0 0 1 0 0 0 0 1 1 1
1 1 0 1 0 1 0 1 1 0 0 0 1 0 0 1 1 1 0 0 0 1 0 0 1 1 1 1 1 0 1 1 0 0 0 1 1 1 0 0 1 0 0 1 1 0 1 1 1 1 0 1 0 0 1
1 1 1 0 1 1 1 1 1 0 0 0 1 1 0 1 1 1 0 1 0 1 0 1 1 0 1 0 1 1 0 1 0 0 1 1 0 0 1 0 0 0 0 0 0 0 1 1 1 0 0 1 1 1 1
0 0 0 0 0 0 0 1 1 0 0 0 1 1 1 0 0 0 1 0 1 1 1 1 0 0 0 0 1 1 0 1 1 1 1 0 0 1 0 1 1 1 0 1 1 0 0 1 0 1 1 0 0 1 1
0 0 1 0 0 0 0 0 1 1 0 0 1 0 0 0 0 0 0 1 0 0 1 1 1 1 1 1 1 1 1 1 1 0 1 0 1 0 1 1 1 0 0 1 1 1 1 1 1 0 1 1 0 1 1
0 1 0 0 1 1 1 1 0 0 0 1 0 1 1 0 0 0 0 1 1 0 0 1 0 1 1 0 0 0 0 1 1 1 1 0 0 0 0 0 0 1 1 1 1 1 1 1 1 1 1 0 1 0 0
0 1 1 1 0 0 0 1 0 1 0 1 0 0 1 1 0 0 0 1 1 0 0 1 1 1 0 0 0 1 1 0 0 0 0 0 0 1 1 0 1 0 0 0 0 0 0 0 0 1 0 1 0 0 1
0 0 1 1 1 1 1 0 0 1 1 1 0 1 1 0 0 1 0 0 1 0 1 1 0 0 0 0 0 1 1 1 1 0 1 0 1 1 1 1 0 1 1 0 1 0 0 0 1 0 1 1 0 1 0
0 0 1 1 0 1 0 0 1 0 0 1 1 0 0 1 0 0 1 0 1 1 0 1 0 0 1 1 1 0 0 1 0 0 0 1 1 1 1 1 0 1 0 0 1 1 1 1 1 0 1 0 1 0 1
1 1 0 1 0 1 0 0 1 1 0 0 1 1 1 0 1 1 0 0 0 1 1 0 0 1 1 0 1 0 0 0 0 1 1 1 1 1 1 1 0 1 1 0 0 0 1 1 0 0 0 1 0 0 1
0 0 0 1 0 1 1 0 1 0 0 0 0 0 0 1 0 0 0 1 1 0 0 0 1 0 1 1 0 1 0 0 0 0 1 1 0 0 0 0 1 1 0 0 0 1 1 0 1 1 0 1 0 1 0
1 1 1 0 0 0 0 1 0 1 0 1 1 1 1 1 1 0 1 1 0 1 1 0 0 0 1 0 1 0 1 0 0 0 1 0 0 1 1 0 1 0 1 0 0 0 0 0 1 1 0 1 0 1 0
1 0 0 1 1 1 0 1 0 0 1 1 1 0 0 1 1 1 0 1 0 0 1 1 1 0 1 1 0 0 0 1 0 1 0 1 0 1 0 0 0 1 0 1 0 1 0 1 1 1 1 1 0 0 1
1 1 1 1 1 0 0 0 0 1 0 0 0 0 0 1 0 1 1 0 0 1 0 0 0 1 0 1 0 0 1 0 0 1 1 0 0 1 1 0 0 1 0 1 0 1 1 1 1 1 1 1 1 1 1
0 0 1 0 0 0 0 0 1 0 0 1 0 0 1 0 1 1 1 1 0 1 1 1 1 1 1 1 1 0 0 1 1 1 1 0 1 0 1 1 0 0 0 0 1 1 0 0 1 1 0 0 0 0 0
0 0 1 1 1 0 0 0 0 1 1 1 0 0 0 1 1 1 1 0 0 0 0 0 0 0 0 0 0 1 1 0 0 1 0 1 1 1 0 1 1 0 1 0 1 1 0 1 0 0 0 0 0 0 1
1 1 1 0 0 1 0 0 0 0 0 1 0 0 1 1 1 0 1 0 0 0 1 0 1 0 1 0 0 1 1 1 0 1 1 1 1 1 1 1 1 0 0 1 1 1 1 0 1 0 1 1 1 1 0
0 1 0 0 1 1 1 1 1 0 1 0 1 0 0 0 1 1 1 1 1 0 1 0 0 1 1 0 1 1 1 0 1 0 0 1 0 0 0 0 1 0 1 1 0 0 0 1 0 0 1 0 1 1 1
1 1 1 0 0 1 0 0 1 0 0 0 1 0 1 1 1 0 0 0 0 1 1 0 0 1 0 0 1 0 1 0 1 1 1 1 1 0 0 1 0 1 1 1 1 0 1 0 0 1 0 0 0 1 0
0 0 1 0 0 0 0 1 0 0 1 0 0 1 0 0 0 0 0 1 0 0 0 0 1 0 1 0 0 0 1 1 1 0 1 0 1 1 0 1 0 0 0 1 0 0 0 1 0 1 0 0 0 0 1
0 1 1 0 0 0 0 1 1 1 1 1 0 1 1 0 1 1 0 0 0 0 0 1 0 1 1 0 1 1 0 1 0 1 0 1 0 0 0 1 0 1 1 0 1 0 0 0 0 0 0 1 1 1 1
1 0 0 0 0 1 0 1 0 1 0 1 0 0 1 1 1 1 1 1 1 0 0 0 1 1 0 0 0 1 0 0 0 0 1 1 1 1 1 1 1 1 1 1 1 0 1 1 1 1 1 0 1 0 1
0 1 0 1 1 1 0 1 1 1 0 1 0 0 0 0 0 1 0 0 0 1 1 0 0 1 0 0 1 0 1 0 1 1 1 1 0 0 0 1 1 1 0 0 1 0 0 1 1 1 1 0 1 1 1
0 0 1 1 1 0 1 1 1 0 1 1 0 0 1 1 0 1 0 0 1 0 0 0 0 0 1 0 0 0 0 0 0 1 1 1 1 0 1 0 0 0 0 0 1 1 0 1 1 0 1 0 0 1 1
1 0 0 0 0 1 1 1 0 1 1 0 0 1 1 1 1 0 1 1 1 0 1 1 0 0 1 0 1 1 1 0 1 1 1 0 0 0 1 0 0 1 1 0 0 0 1 1 0 0 1 1 0 0 0
1 1 0 1 1 0 0 0 1 1 1 1 0 0 0 1 0 0 1 1 1 1 1 1 0 0 1 1 0 1 0 0 1 1 0 1 0 1 1 1 1 1 1 1 0 0 0 0 0 1 1 1 1 1 0
0 0 0 0 1 0 0 1 1 1 0 1 1 0 1 0 0 0 0 1 1 0 1 0 0 1 1 1 1 1 1 1 0 0 0 0 0 1 0 0 1 1 0 0 0 1 1 0 1 0 1 0 1 0 1
1 0 0 1 1 1 0 1 1 0 1 0 0 1 0 1 1 0 1 1 0 0 1 0 0 0 0 1 1 1 0 0 1 1 1 0 1 1 1 0 1 0 0 0 0 1 0 1 0 1 0 0 1 0 0
0 1 0 0 0 0 1 1 1 1 1 0 0 1 0 1 0 1 1 1 0 1 1 1 0 1 0 1 0 1 1 0 0 1 1 1 1 1 1 1 1 1 0 0 1 0 0 0 1 0 1 0 0 1 1
1 0 0 1 0 0 1 1 0 0 0 0 0 0 1 1 0 0 1 0 1 0 1 0 1 1 0 1 1 0 0 0 1 1 0 0 0 0 1 1 1 0 1 1 0 1 0 1 1 1 1 0 1 0 1
1 1 1 1 1 0 0 0 1 0 1 1 0 1 0 0 1 1 1 0 0 1 1 0 1 0 0 0 1 1 1 1 0 0 0 0 0 0 1 0 1 0 1 1 1 1 1 0 0 1 0 1 0 1 1
0 1 0 1 1 0 1 0 0 0 1 1 1 1 1 1 0 0 1 1 0 0 0 0 0 1 1 0 0 1 1 1 0 0 0 1 0 0 1 0 1 1 0 1 1 1 1 0 1 0 0 0 1 0 1
0 1 0 1 1 0 1 1 1 0 0 0 0 1 0 1 1 0 0 1 1 0 1 1 0 1 0 1 1 0 0 0 0 0 0 1 1 1 0 1 0 1 0 1 1 0 1 1 0 1 0 1 1 0 0
1 1 1 1 0 0 1 1 0 0 1 0 0 1 0 0 0 0 1 1 1 1 1 0 1 0 0 0 1 0 0 1 0 0 0 1 1 1 0 1 1 0 0 0 1 0 1 0 1 0 0 1 0 1 1
1 0 1 1 1 1 0 0 0 1 1 1 1 1 0 0 1 1 0 1 1 0 1 0 1 1 0 1 1 0 1 0 0 0 1 0 0 0 0 0 0 0 1 0 0 0 0 1 0 1 0 1 0 0 0
0 0 0 0 0 1 1 1 1 1 0 1 1 0 1 0 1 0 0 0 1 0 1 1 1 1 1 0 1 0 1 1 1 0 0 1 1 1 0 0 1 0 1 1 0 1 0 0 1 1 0 1 0 1 1
1 1 0 1 0 0 1 0 1 0 0 0 1 0 1 1 1 1 1 1 1 1 0 1 1 0 0 1 0 1 0 1 1 1 1 0 0 0 1 0 0 0 0 1 1 1 1 0 0 0 1 0 1 1 0
0 1 1 1 0 1 1 1 1 1 0 1 1 0 1 0 1 0 0 1 0 1 0 1 0 0 0 1 0 1 0 0 1 1 0 0 0 0 0 1 0 0 0 0 1 1 1 1 1 1 1 1 1 1 1
1 0 0 1 0 1 0 1 1 0 0 0 0 1 1 0 1 0 1 0 0 1 0 0 0 0 1 1 0 1 1 1 0 0 0 1 1 0 1 1 1 1 0 0 0 0 1 1 0 1 0 0 0 0 0
0 0 0 1 1 0 0 0 1 1 0 0 0 1 1 0 0 1 0 1 0 1 0 0 0 0 1 1 0 0 0 0 1 1 0 0 1 0 1 0 1 1 1 1 1 0 0 1 0 1 0 1 1 0 0
0 0 0 0 0 1 0 1 0 0 0 0 0 0 0 1 1 1 0 0 1 1 1 1 0 0 1 1 1 0 0 1 0 1 0 0 0 0 1 0 0 0 1 1 1 0 0 1 0 0 1 1 1 1 0
0 0 0 0 1 0 1 1 1 1 1 0 1 1 0 1 0 1 1 0 0 0 0 0 1 1 0 0 0 1 0 1 1 0 0 0 0 1 0 1 1 1 0 0 0 0 0 0 1 1 0 1 0 1 0
0 0 1 0 1 1 0 1 0 1 0 1 0 0 0 0 0 0 1 0 1 1 1 1 0 1 0 1 1 1 0 1 0 0 0 1 1 0 1 0 1 1 0 1 1 0 0 1 0 0 0 0 0 1 1
1 1 1 1 1 1 1 0 0 0 1 1 1 1 1 0 0 0 1 1 1 1 1 0 0 1 0 1 1 1 1 0 1 1 1 0 0 1 1 1 1 1 0 0 1 1 1 1 0 1 0 1 0 0 1
1 1 1 0 0 0 0 1 1 0 1 0 1 0 0 0 1 0 0 1 1 0 1 1 0 1 1 1 0 1 0 1 0 0 0 0 0 1 1 1 0 1 1 0 1 0 0 1 1 0 1 1 0 1 0
0 1 0 0 1 1 0 1 1 0 1 0 0 0 1 1 1 0 1 0 0 1 0 1 1 1 1 0 0 0 0 0 0 0 1 0 1 1 1 1 1 1 0 0 0 0 0 0 1 1 1 0 1 0 0
1 1 1 0 1 0 1 1 1 1 1 0 1 0 1 0 0 1 0 0 1 0 1 0 1 1 0 1 0 1 0 0 1 1 1 0 1 1 0 0 0 1 0 0 0 0 1 1 0 1 0 1 0 1 0
1 0 1 0 0 0 1 0 0 1 1 0 1 0 0 0 1 1 0 1 1 0 0 0 0 0 1 1 0 1 1 1 0 1 1 0 0 0 1 0 1 1 1 1 1 0 0 0 1 1 0 0 0 1 1
0 1 1 1 1 0 0 1 1 0 1 0 1 1 1 0 1 0 1 0 1 1 1 0 0 1 1 0 1 0 0 1 1 0 0 1 1 0 0 1 0 0 0 1 0 1 0 0 0 0 0 1 1 0 0
0 1 0 0 1 1 0 0 0 0 0 0 1 1 1 0 0 1 1 1 1 1 1 1 1 0 0 1 0 0 1 0 0 1 0 0 1 1 0 1 0 0 1 1 1 1 0 1 0 0 0 0 0 0 1
1 0 0 1 0 1 1 1 0 0 0 1 1 1 1 1 1 0 1 0 1 0 1 0 1 0 0 0 1 0 0 0 1 0 1 0 1 1 1 0 1 0 1 0 1 0 0 1 0 0 1 1 1 1 1
1 0 1 0 1 1 1 1 1 0 0 0 1 1 1 1 1 1 0 0 0 0 1 1 0 0 0 1 0 1 1 0 0 1 1 1 0 1 0 0 1 1 1 0 0 0 0 1 1 0 1 0 1 1 0
0 0 0 0 0 1 1 0 1 1 1 1 1 0 1 1 0 0 0 0 0 0 0 1 0 1 0 1 1 0 0 1 0 1 1 1 1 0 0 0 1 1 0 0 1 0 0 0 1 1 1 1 1 0 0
0 0 1 1 1 0 0 1 0 1 0 0 0 1 0 0 0 0 1 0 1 1 1 0 0 1 0 0 1 1 0 0 1 0 1 1 0 1 1 1 0 0 1 0 1 1 1 1 0 0 1 0 1 1 0
1 1 1 1 1 1 0 0 1 0 1 1 0 0 1 0 1 0 0 1 1 1 0 1 1 0 0 0 1 1 0 0 1 1 1 0 1 1 0 0 0 1 0 1 0 0 1 0 0 0 1 1 0 0 1
0 0 0 0 1 0 0 0 0 0 1 0 0 0 0 1 0 1 1 1 1 1 0 0 0 0 0 1 0 0 1 1 1 1 0 1 0 0 0 0 1 0 0 0 1 1 1 0 1 0 0 1 1 1 1
0 0 1 0 0 0 1 0 1 1 1 1 1 1 0 1 1 0 1 0 0 0 1 0 1 1 0 0 1 1 1 0 0 1 1 1 1 1 0 0 1 0 1 1 0 1 1 1 0 1 1 0 1 0 1
1 0 1 1 0 0 1 1 1 1 0 1 1 1 1 0 1 1 0 0 1 0 1 0 0 1 1 0 0 0 0 1 1 0 0 0 0 0 0 1 0 1 1 0 0 1 1 0 0 1 1 1 1 0 0
1 1 0 0 0 1 0 0 0 0 1 0 1 0 0 1 0 0 1 1 0 1 1 1 1 0 0 0 1 1 1 1 0 1 0 0 0 1 1 0 0 1 0 0 0 0 0 1 1 0 1 0 1 1 0
1 0 1 1 1 1 0 1 1 0 1 1 0 0 1 0 1 0 1 0 1 1 0 1 0 0 1 1 0 1 1 0 1 0 1 1 0 1 0 0 1 0 1 1 1 0 1 0 1 0 0 0 0 1 0
1 1 0 1 1 1 1 1 1 1 1 0 1 0 0 0 1 1 1 0 0 1 1 0 0 0 1 0 0 0 1 0 0 1 0 0 0 1 0 0 1 1 0 0 1 0 0 0 0 0 0 0 1 0 0
1 1 1 1 1 0 0 0 1 1 0 1 1 1 0 1 1 1 0 0 1 1 1 1 1 0 1 0 1 1 0 0 1 1 0 0 0 0 1 1 1 0 0 0 0 1 0 1 0 0 0 0 0 1 0
0 0 1 0 1 0 1 1 0 0 0 0 0 0 0 0 0 0 1 1 0 0 1 1 0 1 1 1 1 0 1 0 0 1 1 1 1 1 0 0 1 0 1 0 1 1 1 1 0 1 0 0 0 0 1
1 1 0 1 0 0 0 1 0 1 0 1 1 1 0 1 0 0 1 0 1 1 0 0 0 0 1 1 0 1 0 0 1 1 1 1 0 0 0 0 0 0 0 1 0 0 0 1 1 1 0 0 1 1 1
0 1 0 0 0 0 0 1 1 1 0 1 0 0 0 0 0 0 1 0 0 0 1 1 1 0 1 0 0 0 0 1 1 0 1 1 1 1 1 0 1 1 1 0 0 0 1 0 0 0 1 1 0 0 1
1 0 1 0 1 1 1 0 1 0 0 1 0 0 0 0 1 1 0 1 1 1 0 0 0 0 0 1 0 1 1 1 1 0 0 0 1 1 1 0 0 0 1 1 0 1 1 1 1 1 1 0 1 0 1
1 0 0 1 0 1 0 1 1 1 1 0 1 1 0 0 0 0 1 0 1 0 1 0 0 0 1 0 0 0 1 0 1 0 0 0 1 0 0 1 1 0 1 0 1 1 0 1 1 0 1 0 1 1 0
1 1 1 1 0 0 0 0 0 0 1 0 1 1 0 1 0 1 1 1 0 1 0 0 1 0 0 1 0 1 0 0 0 0 1 0 0 1 1 0 1 1 1 0 0 1 1 1 0 0 1 1 0 1 1
0 0 0 0 0 1 1 0 0 1 1 0 0 1 1 1 0 0 0 0 1 1 0 0 1 1 0 0 0 1 1 0 0 1 0 0 1 1 1 0 1 0 0 1 1 0 1 1 1 0 0 0 0 1 1
0 1 1 1 1 1 0 0 1 1 0 0 1 0 1 1 0 0 1 0 1 0 0 0 0 0 0 1 1 1 1 0 1 0 0 1 0 1 1 0 0 1 1 1 0 0 0 1 1 1 1 0 0 0 0
0 1 1 1 1 1 0 1 1 0 1 1 1 0 0 1 0 1 0 1 0 0 1 0 0 1 0 1 0 0 0 0 1 1 0 1 0 1 0 1 1 0 0 0 1 0 1 0 0 0 1 0 0 0 0
1 0 0 0 0 0 1 0 1 0 0 0 0 0 0 0 1 0 1 1 0 0 0 0 1 1 1 1 1 1 0 0 1 1 0 1 1 0 0 1 1 0 1 0 1 0 0 1 1 1 1 1 0 0 1
1 0 1 1 0 0 0 1 0 1 0 1 0 1 1 1 0 1 0 0 0 0 1 1 1 0 0 0 1 0 0 1 0 1 1 1 0 1 1 1 0 0 0 0 1 0 1 1 0 1 1 0 0 0 0
1 0 1 0 0 1 0 0 1 0 1 1 0 0 1 1 1 1 0 1 1 0 0 1 1 0 1 1 0 1 1 0 1 1 0 0 0 0 0 1 0 0 0 1 0 1 0 1 0 1 1 0 1 0 0
0 0 0 1 0 0 1 0 0 1 1 1 1 0 1 1 1 1 1 0 1 1 0 1 0 1 1 0 0 1 1 0 1 0 1 1 1 0 1 0 0 1 0 1 0 1 0 0 0 1 0 1 0 1 1
0 1 0 0 1 0 0 0 0 1 0 1 1 1 0 0 0 0 1 0 1 1 0 1 0 0 0 0 0 1 1 0 0 0 1 0 1 1 0 0 0 1 0 0 0 0 1 1 1 0 0 1 0 0 0
0 1 0 0 0 1 1 1 0 0 1 1 0 0 0 0 1 0 1 1 1 0 0 1 1 0 0 0 0 1 1 0 1 1 1 1 0 0 1 1 0 1 1 1 0 0 0 0 1 1 0 1 1 1 1
0 1 1 1 0 0 1 0 0 1 0 1 1 0 1 0 0 1 0 1 1 0 1 1 0 0 0 0 1 0 1 0 1 1 1 0 0 1 1 0 0 0 1 0 1 0 1 0 1 0 0 0 1 0 1
0 1 1 0 0 0 1 0 0 0 1 0 0 1 0 0 1 1 0 1 1 1 1 0 1 1 1 1 1 0 1 0 0 0 0 0 1 0 1 0 0 1 1 1 0 1 0 0 1 0 0 0 1 1 0
1 1 0 1 0 1 0 1 0 0 1 0 0 0 1 0 0 0 0 1 1 1 0 0 1 1 1 1 1 0 0 0 1 0 1 0 0 0 1 1 1 1 0 1 1 0 1 1 1 0 0 1 1 1 1
0 0 0 1 0 0 1 0 0 0 0 1 0 1 0 0 1 1 0 1 0 1 1 0 0 0 0 1 1 1 1 0 1 1 1 1 0 0 0 0 1 1 0 1 1 0 1 1 0 0 1 1 1 0 0
1 0 1 1 1 0 1 1 0 0 0 0 1 1 1 1 1 0 0 0 1 0 0 1 0 0 1 1 1 1 1 1 0 1 1 1 1 0 1 1 0 0 0 1 0 1 1 0 0 1 0 1 1 1 1
1 0 1 0 1 0 0 0 0 1 0 1 1 1 0 1 1 0 0 1 0 1 0 1 0 1 1 1 0 0 0 1 1 1 1 0 1 1 1 0 0 0 0 1 0 0 1 0 1 0 1 1 1 0 0
0 1 1 0 0 1 0 0 1 0 1 0 0 1 0 0 1 1 0 0 1 1 0 1 0 1 0 1 0 0 0 0 0 0 1 0 1 0 0 0 1 0 1 0 1 1 1 0 1 0 0 1 1 0 1
1 0 1 1 1 1 0 1 1 0 0 1 1 1 0 1 0 0 1 1 1 0 0 1 0 1 0 1 0 0 0 1 0 1 1 1 0 1 1 0 0 1 1 0 0 0 0 0 0 1 0 1 0 1 1
1 0 1 1 0 1 0 0 0 0 1 1 1 1 1 1 1 0 0 1 1 1 0 0 1 0 0 0 0 1 0 0 1 1 0 1 0 0 1 0 1 1 0 1 1 0 0 0 1 0 1 1 0 0 1
0 0 1 1 1 0 1 1 0 1 0 1 1 0 0 0 0 1 1 1 0 0 1 0 1 1 1 1 0 1 0 0 1 0 0 1 1 1 1 0 0 1 1 0 1 1 1 0 1 1 1 0 1 1 1
1 0 1 0 0 1 0 1 1 1 1 0 1 0 0 1 1 0 1 1 1 1 0 0 1 1 0 0 0 0 1 0 1 0 1 1 1 1 0 0 0 0 1 0 0 1 1 0 1 0 1 0 1 1 0
1 1 1 1 0 1 1 1 0 1 1 0 0 1 1 0 0 1 1 0 0 0 0 0 1 1 0 1 1 1 1 0 1 0 1 1 0 1 0 1 0 0 0 0 1 1 0 0 1 1 0 0 1 1 0
0 0 0 1 1 1 0 1 1 1 0 0 1 0 1 0 0 1 1 0 0 0 1 0 0 0 0 1 0 0 1 1 1 1 1 0 0 0 1 0 1 0 0 0 0 1 0 1 0 0 0 1 0 1 0
0 0 1 0 1 0 1 0 0 1 0 0 1 1 0 1 0 1 0 1 1 1 1 0 1 1 1 1 1 0 1 1 0 1 1 1 0 1 1 1 1 1 0 1 0 0 1 1 0 1 0 0 1 1 0
0 0 1 0 1 1 0 0 0 0 1 1 1 1 0 1 0 0 1 1 0 1 0 0 0 0 0 1 1 1 1 1 0 1 0 0 1 1 0 1 0 0 1 1 1 0 1 0 1 1 0 0 0 1 0
0 0 1 0 0 0 0 1 0 0 0 0 0 1 1 1 0 1 0 1 1 1 0 0 0 0 1 1 0 0 0 0 1 1 1 0 0 1 0 1 1 1 1 0 0 1 1 0 1 0 1 0 0 0 0
0 1 1 1 0 0 0 1 1 0 1 0 0 0 1 1 0 1 0 1 0 0 1 0 1 0 1 1 1 1 0 1 0 1 1 0 1 1 0 1 0 0 1 0 1 0 1 1 1 1 1 0 1 1 1
1 1 0 0 1 0 0 0 1 1 1 1 1 1 0 0 1 0 0 1 0 0 1 1 0 1 0 0 0 1 1 0 1 0 0 1 1 0 0 0 1 0 0 0 1 0 0 0 0 0 0 1 0 1 1
1 0 1 0 0 0 0 0 0 0 1 0 0 0 1 1 1 1 1 0 0 0 0 1 1 1 1 0 0 1 0 1 0 1 1 0 0 0 1 0 1 1 1 1 0 0 1 0 0 1 1 1 0 0 0
0 1 0 1 1 1 0 0 0 1 1 1 0 0 0 1 1 0 0 1 1 1 1 0 1 0 0 0 0 0 1 1 0 0 1 1 1 0 0 0 1 0 1 1 0 1 0 0 1 0 1 0 0 1 1
0 0 0 1 0 0 1 1 0 0 1 1 0 0 0 1 1 1 0 0 1 1 1 0 0 1 0 0 0 0 0 1 1 0 1 0 0 1 1 0 1 1 1 0 0 0 1 1 0 0 0 0 0 1 0
0 1 1 1 1 1 1 0 1 0 0 0 1 1 0 0 0 0 1 1 1 1 1 1 1 0 1 1 1 0 0 0 1 0 1 0 1 0 0 1 0 0 1 1 0 1 1 1 1 1 1 1 0 1 0
0 1 0 1 0 0 0 1 1 1 0 0 1 0 0 1 0 1 0 1 1 0 0 0 0 1 0 0 1 0 1 1 0 1 0 0 1 1 0 0 1 1 0 1 1 1 0 0 0 1 1 0 0 1 0
0 0 0 1 1 0 0 0 1 1 1 0 0 0 0 1 1 1 0 0 0 0 1 1 0 1 0 1 0 0 1 0 0 0 1 0 1 1 0 1 0 0 1 1 1 1 1 1 1 0 1 0 0 0 0
1 1 1 1 0 1 1 0 1 1 0 1 0 0 0 1 0 0 1 1 1 1 1 1 1 1 0 1 0 1 1 1 1 0 1 1 0 0 0 0 1 1 1 0 0 1 1 1 1 1 0 0 1 0 0
1 1 0 1 0 1 0 1 0 0 0 0 0 0 0 0 1 1 1 0 1 1 1 1 1 1 1 1 0 0 0 1 1 1 0 1 0 1 0 1 0 0 0 0 0 1 1 0 1 1 0 1 1 1 0
0 0 1 0 0 1 0 1 1 0 1 0 1 0 1 1 0 0 1 0 0 0 0 0 1 0 0 1 1 0 1 1 0 0 1 0 0 0 0 0 1 1 1 1 1 1 0 0 1 0 0 0 1 1 1
1 0 1 0 1 0 1 1 1 0 0 0 0 1 0 0 0 0 0 1 1 0 0 1 0 1 0 1 1 1 0 0 1 0 1 0 0 0 1 1 0 0 1 1 1 0 0 0 0 0 1 0 1 0 0
1 1 1 0 1 1 0 1 1 0 0 1 0 0 0 0 0 0 0 0 1 0 0 0 1 1 1 0 1 1 0 0 0 1 0 0 1 1 0 1 1 0 1 0 1 1 1 1 1 0 0 0 1 1 0
1 1 1 0 1 1 0 0 0 0 0 1 1 0 1 1 0 1 0 1 1 0 1 0 0 1 0 1 0 0 1 0 1 0 0 0 1 0 1 0 0 0 0 1 1 1 0 1 1 0 0 1 1 0 1
0 0 0 1 1 1 0 0 0 0 0 1 1 1 1 0 1 1 1 0 0 1 1 0 1 1 1 1 0 1 1 1 0 0 1 1 1 0 0 1 0 0 1 0 0 1 0 1 1 0 0 1 1 1 1
0 0 1 1 1 1 1 1 0 0 1 0 1 1 0 1 1 0 0 0 0 1 1 0 0 0 0 1 0 1 1 0 0 0 0 0 0 0 1 1 1 0 1 1 0 1 0 0 0 0 1 1 1 1 1
0 0 0 0 0 0 0 1 1 1 1 1 0 1 0 0 0 1 1 0 1 1 0 0 1 0 0 0 1 1 1 1 0 1 0 1 1 0 1 0 0 1 1 0 0 0 1 0 0 1 1 0 1 1 1
0 1 0 0 1 0 0 1 1 0 1 1 1 1 0 0 1 1 1 1 0 0 0 0 0 1 0 1 1 1 1 0 0 0 1 1 0 1 0 0 0 1 1 0 0 0 1 0 0 1 1 0 0 1 0
1 0 1 1 1 0 0 0 0 1 1 1 0 1 0 1 1 1 1 1 1 0 1 1 1 1 0 1 1 1 1 0 0 0 0 0 0 0 0 1 1 1 0 0 0 0 1 1 1 0 0 1 1 1 0
1 0 1 0 1 0 0 0 0 0 0 1 0 1 0 1 0 1 1 0 1 0 0 0 1 0 0 1 0 1 1 1 1 1 1 1 1 0 0 0 0 1 0 0 1 1 1 0 0 1 0 1 1 0 0
1 0 1 0 1 0 1 1 1 0 0 1 1 0 1 1 0 0 1 0 0 0 1 1 0 0 0 0 1 1 1 1 0 0 0 0 1 0 0 0 1 0 1 1 1 0 1 1 0 0 1 1 0 0 0
1 1 1 1 0 0 1 0 0 1 1 0 1 0 0 1 1 0 1 0 1 0 0 1 0 0 1 0 1 1 0 0 0 0 1 0 1 1 0 1 1 0 0 1 0 0 0 0 1 0 1 1 0 0 1
0 0 0 0 0 0 1 1 0 1 1 0 1 1 1 1 0 0 0 0 0 0 1 0 0 1 0 1 0 0 0 0 0 0 0 0 1 0 0 1 0 1 0 0 1 0 0 1 0 1 0 0 1 1 1
1 1 0 1 0 1 1 0 1 0 1 0 1 0 1 0 0 1 0 0 1 0 0 1 1 1 1 1 1 1 0 1 1 0 0 1 0 1 1 1 0 0 1 0 1 0 0 0 0 1 1 0 0 0 0
1 1 1 0 1 0 1 1 0 1 0 0 0 1 0 1 1 1 1 0 0 1 1 0 1 1 0 0 1 1 1 1 1 1 1 1 0 0 1 1 0 0 1 1 0 0 1 0 0 1 0 1 0 0 1
1 1 1 0 0 0 1 1 1 0 0 0 1 0 0 0 0 0 0 0 1 1 1 0 0 0 1 1 1 0 0 1 1 1 1 1 0 0 1 0 1 0 0 0 1 0 1 1 1 0 0 1 0 0 0
0 0 0 1 1 0 0 1 1 1 1 1 1 1 0 0 1 0 0 0 1 1 1 1 1 0 0 0 1 1 0 0 0 0 0 1 0 1 1 1 1 1 1 1 0 0 1 1 1 0 1 0 1 0 0
1 0 0 1 1 0 0 0 1 0 0 1 0 0 1 0 0 1 0 1 1 0 0 0 1 1 0 0 0 0 0 0 1 0 1 1 1 0 1 0 1 0 0 1 0 0 0 0 0 0 0 0 0 0 1
1 1 0 1 0 1 1 1 1 1 0 0 1 0 0 1 0 1 0 0 1 1 1 0 1 0 0 1 1 1 1 1 0 1 1 0 1 0 1 1 1 1 0 0 0 1 1 0 1 0 1 0 1 1 0
0 0 0 1 1 1 0 1 1 1 0 0 1 1 0 1 1 1 0 1 1 0 0 1 1 1 1 0 1 1 1 1 0 1 0 0 1 0 0 1 0 0 0 1 0 0 0 0 0 0 0 0 0 0 0
1 0 1 1 0 0 0 0 0 0 1 0 0 0 1 0 0 1 0 0 1 1 0 0 1 1 1 0 0 1 1 1 1 1 0 1 0 1 0 0 0 1 0 0 0 0 0 0 1 0 1 0 1 0 1
0 0 0 1 0 0 1 1 1 1 1 1 0 0 0 0 1 1 0 1 1 1 0 1 1 0 0 0 0 0 1 0 0 1 0 1 1 1 0 0 1 0 0 0 1 1 0 1 0 1 0 1 1 1 0
1 0 0 1 1 0 0 1 0 1 1 0 0 1 1 0 1 1 1 0 0 1 0 0 1 0 0 0 0 0 0 0 0 1 1 0 1 1 0 0 1 1 1 1 0 1 1 1 1 1 0 0 1 0 1
1 0 0 1 0 0 0 0 1 1 0 0 1 1 1 1 0 1 0 1 0 0 1 1 1 1 1 0 0 1 1 0 1 0 1 0 1 1 1 0 0 1 0 1 0 1 0 1 0 1 1 0 1 1 0
1 1 0 0 1 1 0 1 1 1 0 1 0 1 0 1 1 0 1 0 0 0 1 1 0 1 1 1 1 0 1 1 0 1 0 0 1 1 1 1 0 1 1 0 0 1 1 0 1 1 1 0 0 0 0
1 0 1 1 0 0 1 0 1 0 1 1 1 1 0 0 1 1 1 0 0 0 0 1 0 0 0 0 0 0 0 1 1 0 1 1 0 1 0 0 1 1 0 1 1 1 0 1 1 0 1 0 0 1 0
1 1 0 1 0 1 0 0 0 1 0 1 0 0 1 0 0 0 1 1 0 1 1 1 0 1 0 0 1 1 0 1 0 1 1 0 1 1 0 0 0 0 1 1 1 1 1 0 0 1 0 1 1 1 1
1 1 1 0 0 1 1 1 0 1 0 1 0 0 0 1 1 1 0 1 0 0 0 0 0 1 1 0 0 1 0 1 0 1 0 1 1 1 0 0 0 1 0 0 0 0 1 0 0 0 0 1 1 0 1
0 1 0 1 0 1 0 0 1 0 1 1 1 1 0 0 0 1 0 1 0 1 0 0 0 0 0 0 1 1 0 0 1 1 0 0 1 1 1 1 1 0 1 1 0 1 0 0 1 0 0 0 0 1 1
1 0 0 0 0 1 0 0 0 0 0 0 1 0 0 0 0 0 0 0 1 0 1 1 1 1 0 0 1 0 0 1 1 0 1 0 1 1 1 0 1 0 0 0 0 0 1 0 0 1 0 0 1 0 0
0 1 0 0 1 1 1 1 0 0 1 0 1 0 0 0 0 0 1 0 1 0 0 0 1 1 0 0 1 1 1 0 0 1 1 1 1 0 0 0 0 0 1 0 1 0 0 0 0 0 0 1 0 0 0
0 0 1 1 1 0 0 0 0 0 1 1 1 0 1 1 0 0 0 0 1 0 1 1 1 0 1 1 0 0 0 1 1 0 0 0 1 1 0 0 1 0 1 1 1 1 0 1 0 1 1 1 0 1 1
0 0 1 0 0 1 0 1 1 1 0 1 0 0 1 0 1 1 0 0 1 0 0 1 1 1 1 1 0 0 0 1 1 0 1 1 0 1 1 0 0 0 1 1 1 1 1 1 0 0 0 0 1 1 1
1 0 0 1 1 1 1 1 0 1 0 1 1 0 0 1 0 0 0 0 0 1 0 0 0 1 1 0 0 1 0 0 1 0 1 1 0 1 0 1 1 1 0 1 1 1 0 1 0 0 1 1 1 0 0
0 0 0 0 0 1 0 0 0 0 0 0 0 0 1 1 1 1 1 1 1 0 1 1 0 1 0 1 1 0 1 0 1 0 0 1 0 1 1 1 1 1 0 0 1 1 1 1 1 0 1 0 0 1 0
0 0 1 1 1 1 1 1 0 0 1 1 0 0 1 1 1 1 0 1 1 0 1 0 0 0 1 1 1 0 0 1 1 1 1 1 1 1 0 1 1 0 1 0 0 0 0 0 0 1 0 1 1 0 1
1 1 0 1 0 0 1 0 0 0 0 0 0 1 1 1 0 1 0 1 1 1 0 1 0 1 0 0 0 0 1 0 1 1 1 0 1 0 1 1 0 0 1 0 0 0 0 1 0 1 0 1 0 0 0
1 0 0 0 1 1 1 1 0 1 1 0 1 1 1 0 0 0 0 0 1 1 0 0 0 1 1 1 1 0 0 1 0 0 0 1 0 0 1 0 0 0 1 0 0 1 0 0 1 1 0 1 1 1 1
0 1 0 1 1 0 1 1 1 0 0 1 0 1 1 1 1 0 1 0 1 1 0 1 1 0 0 0 0 0 1 0 0 1 0 0 1 0 0 1 0 1 0 0 0 1 1 0 0 0 0 0 0 1 1
1 0 1 0 1 1 0 0 1 1 1 0 0 0 0 1 1 0 0 0 1 1 0 1 1 0 0 1 1 0 1 1 0 0 1 1 0 0 1 1 0 1 1 0 0 0 0 1 0 0 0 1 0 0 1
1 1 1 1 1 0 0 0 1 0 1 0 1 1 1 0 0 0 1 0 0 0 1 1 1 0 0 1 1 0 0 0 1 1 1 1 0 1 1 1 0 0 0 0 0 0 0 1 1 0 1 1 1 1 1
0 1 1 1 0 0 1 1 1 0 1 0 0 0 1 1 1 1 0 0 1 0 1 0 1 0 0 0 1 1 1 0 1 0 0 1 1 1 1 0 1 1 1 0 0 1 0 1 1 0 0 1 1 0 0
1 0 0 0 1 1 1 0 0 0 0 1 0 1 0 1 1 0 0 1 1 0 0 1 0 0 1 0 1 0 0 0 0 0 0 1 0 1 0 0 0 0 1 1 0 0 1 0 0 0 1 0 0 0 1
1 0 0 0 1 1 1 0 0 0 0 1 1 0 1 1 1 1 0 0 1 1 1 0 1 1 0 1 1 1 0 0 0 1 1 0 0 1 0 1 0 0 0 0 1 0 0 0 0 0 1 0 0 1 1
1 1 0 0 0 1 1 1 1 0 0 0 1 1 1 0 0 0 0 1 0 1 1 0 0 0 1 1 1 0 1 1 0 1 1 0 1 0 1 1 0 0 1 1 1 0 0 0 1 1 1 0 1 0 1
0 0 1 0 0 1 0 1 0 1 0 1 0 1 0 1 1 0 0 0 1 0 1 0 0 1 1 1 0 1 1 1 1 0 0 0 0 1 1 1 1 1 0 1 1 0 0 0 1 1 0 0 1 1 0
0 0 1 0 1 1 1 0 0 1 1 0 0 0 1 1 1 1 0 1 0 1 1 0 0 1 0 0 0 0 1 0 0 0 0 1 0 1 1 0 0 1 0 0 1 1 0 0 0 1 0 0 0 0 0
1 0 0 1 1 1 1 1 1 0 1 1 0 0 0 0 1 0 0 0 1 0 1 1 1 1 0 0 1 1 1 1 0 0 1 0 1 0 1 0 0 1 0 0 1 1 1 1 1 1 0 0 0 0 1
0 1 1 0 0 1 0 1 0 0 1 0 0 0 0 1 0 0 0 0 1 0 0 0 0 0 0 0 0 1 0 1 0 0 0 1 1 0 0 1 0 0 0 1 0 0 1 1 1 0 1 0 1 0 0
1 1 0 1 1 0 1 0 1 0 0 0 1 1 1 0 1 0 0 1 0 0 0 1 1 1 0 0 0 0 1 1 0 0 1 0 0 1 1 1 1 0 1 1 0 1 0 0 0 1 0 1 1 1 1
1 1 1 0 1 1 1 0 1 1 1 0 1 0 0 0 1 1 1 0 1 0 0 1 0 0 1 1 0 1 0 1 0 1 0 0 1 0 0 1 0 0 1 1 0 0 0 1 0 1 0 1 0 1 1
0 0 0 0 0 0 0 0 1 1 1 1 1 1 1 0 0 0 0 1 1 0 1 1 1 0 1 1 0 0 1 1 1 1 1 1 1 0 0 1 0 1 1 1 1 1 1 0 1 0 0 1 1 1 1
0 1 1 1 0 1 0 0 1 1 0 0 1 0 0 1 1 1 0 1 1 0 0 1 1 1 1 0 1 1 0 1 1 1 1 0 0 1 1 0 1 1 1 0 0 1 0 0 0 1 1 0 1 0 1
0 0 0 0 1 1 1 0 0 1 1 0 1 0 0 1 0 0 1 1 1 0 0 0 1 0 0 0 0 1 0 1 0 0 0 0 0 1 1 1 1 1 0 1 0 1 1 1 0 1 1 0 0 0 1
0 1 0 1 1 1 1 0 0 0 1 0 0 1 0 0 0 0 0 0 1 1 0 0 0 0 1 1 1 1 0 1 0 1 1 0 1 0 0 1 1 1 0 1 1 1 0 1 1 1 1 1 0 0 0
0 0 0 0 0 1 1 0 1 0 0 1 1 1 0 0 1 0 1 1 0 1 1 0 0 0 0 1 0 1 0 0 1 0 0 0 0 1 1 1 0 1 0 0 0 0 0 0 0 0 0 0 1 0 1
1 0 1 0 1 0 1 1 0 1 1 1 1 0 1 1 1 0 1 0 1 1 1 1 0 0 1 1 1 1 0 1 1 1 1 0 1 0 0 1 1 1 0 0 1 0 1 0 1 1 0 0 1 0 0
1 1 0 0 0 0 0 0 1 1 0 1 1 0 1 1 1 0 1 0 1 1 0 1 0 1 1 0 1 0 1 1 1 1 0 1 0 1 0 0 0 1 0 0 1 0 1 1 0 1 1 1 1 1 0
0 1 0 1 1 1 1 0 1 0 1 0 0 0 0 1 0 1 1 1 0 0 1 0 0 0 0 0 1 0 0 1 0 0 0 1 0 1 1 0 0 1 1 0 1 0 1 1 1 1 0 1 1 0 1
0 0 1 0 1 0 0 0 0 0 1 0 0 1 0 0 1 1 1 1 1 1 0 1 1 0 0 0 1 0 1 0 0 1 1 1 0 1 1 0 0 0 0 0 0 0 0 0 0 0 0 0 0 0 0
1 1 0 1 1 1 0 0 0 1 1 1 1 1 1 0 0 0 1 0 0 0 0 1 0 0 1 1 1 0 0 0 0 1 0 0 0 1 0 1 0 1 1 1 0 1 0 1 0 1 1 0 1 1 0
0 1 0 0 1 1 0 1 0 1 1 0 0 1 1 1 0 1 0 0 0 0 1 0 0 0 0 1 1 0 0 1 0 1 0 0 0 0 1 1 1 0 1 0 1 1 1 0 0 1 1 1 0 1 1
1 1 1 0 0 0 1 0 0 0 1 1 0 0 1 0 1 0 1 0 1 0 1 0 0 1 0 0 0 0 0 0 1 0 1 1 0 1 0 1 0 0 0 1 1 1 1 1 0 0 0 0 0 0 0
0 0 0 1 0 0 0 0 1 1 1 1 1 0 0 0 1 0 1 1 1 1 0 1 0 1 1 1 0 0 0 0 1 0 1 0 0 1 1 1 1 0 1 1 0 1 0 1 1 1 0 1 0 0 1
1 0 0 1 0 1 1 1 0 0 0 1 0 1 1 0 0 1 0 1 1 1 1 1 1 1 1 0 1 0 1 0 0 1 1 1 0 0 0 0 1 1 1 0 1 0 1 1 0 0 1 1 1 1 1
0 0 0 1 0 0 0 0 1 0 0 1 0 1 0 1 1 1 1 0 0 0 1 1 0 0 1 0 0 1 1 0 1 1 0 0 0 1 0 1 0 0 1 0 0 0 0 0 1 1 1 1 0 1 1
0 0 1 1 0 1 0 1 0 1 1 0 0 0 1 1 0 1 1 1 1 0 1 1 0 1 1 1 0 1 1 1 0 0 1 1 1 0 0 0 0 1 1 1 1 0 0 1 1 1 1 0 0 0 1
0 1 1 0 0 1 0 0 0 1 1 0 1 0 0 0 0 1 1 1 1 0 0 1 1 1 1 0 1 0 0 0 0 1 1 0 1 0 0 1 0 1 0 0 1 1 1 1 0 1 1 1 1 1 0
0 0 0 0 0 1 0 1 1 1 0 1 0 0 1 0 0 1 1 0 1 1 0 0 1 0 0 1 1 1 1 0 1 0 1 0 0 0 0 1 0 0 0 1 0 0 0 1 1 0 0 1 0 0 1
0 1 0 1 1 0 0 1 0 0 0 0 0 1 1 1 1 0 0 1 0 0 0 1 1 1 0 0 0 1 1 1 0 0 1 1 1 1 1 1 0 1 1 0 1 1 1 0 1 0 0 1 0 0 0
1 0 0 0 1 1 0 0 1 1 0 0 0 0 0 1 1 0 0 1 1 0 1 0 0 0 1 0 0 0 1 0 0 0 1 0 1 1 0 0 0 1 0 0 1 0 1 1 1 1 1 1 0 1 1
0 1 0 0 0 0 1 0 0 1 0 0 1 1 1 1 0 1 0 0 1 1 1 1 0 1 0 0 1 1 0 1 0 0 1 1 0 0 0 0 1 1 1 1 0 1 0 0 0 0 0 1 0 1 0
0 1 0 0 1 0 0 0 1 0 0 1 0 0 0 1 1 0 1 0 1 0 0 0 1 1 0 1 1 0 1 0 1 1 1 0 0 1 1 1 1 0 0 1 1 0 1 0 0 1 1 0 1 0 1
0 1 0 1 1 0 0 0 0 0 1 0 1 1 1 1 0 1 1 1 0 1 1 0 1 0 1 1 1 0 1 1 1 1 0 1 1 1 1 1 0 0 0 1 0 0 0 0 1 0 0 1 0 0 1
0 0 0 0 0 0 1 1 0 1 1 0 1 1 0 0 0 1 1 1 0 1 0 1 0 0 0 0 0 0 0 1 0 1 1 1 0 1 0 0 0 0 1 1 1 0 1 1 0 1 1 0 0 1 0
1 0 1 0 0 0 1 0 1 1 0 1 1 0 0 0 0 0 1 0 1 0 1 0 1 1 1 1 1 0 1 0 0 1 1 0 0 1 1 1 0 0 1 1 1 0 0 0 0 0 0 1 1 0 0
1 0 0 1 1 1 1 1 1 0 1 1 0 1 0 1 1 1 1 0 1 1 0 0 0 1 1 0 1 0 0 1 0 0 1 0 0 0 1 1 1 0 0 1 0 1 1 1 1 1 1 0 1 1 0
1 1 1 1 0 0 1 1 1 0 0 1 1 0 0 1 0 1 1 1 1 0 0 1 0 1 1 1 1 1 0 0 1 0 1 0 0 1 0 0 1 0 0 1 1 1 1 1 0 1 0 1 1 1 0
0 0 1 0 0 1 1 0 1 1 0 1 0 0 0 1 0 0 0 0 1 0 1 1 0 0 0 0 1 1 0 0 1 1 0 1 1 0 1 1 0 0 1 0 0 1 1 0 1 1 0 1 1 1 1
0 1 1 1 0 1 0 1 0 1 1 0 1 1 0 0 1 1 0 1 1 0 0 0 0 0 0 0 1 0 1 0 1 1 0 1 0 0 1 1 1 1 0 0 1 0 0 1 0 1 1 1 1 0 0
1 1 1 0 1 0 0 1 0 0 1 1 0 1 0 0 0 1 0 1 1 0 1 0 1 1 0 1 1 1 1 1 0 0 0 1 1 0 0 1 0 0 0 0 0 1 0 1 1 1 1 1 1 0 1
0 0 0 1 0 1 0 0 1 0 0 1 1 1 1 1 0 0 0 1 0 0 1 0 0 0 1 0 0 0 0 1 0 1 1 1 1 1 0 1 1 0 0 0 1 0 1 1 0 0 0 1 1 0 0
1 1 1 1 0 0 0 1 1 1 0 1 1 1 1 0 0 1 1 1 1 1 1 1 0 1 0 0 0 0 0 1 0 0 0 1 0 0 1 1 1 0 0 0 1 1 0 0 1 1 0 0 0 0 1
1 1 1 0 1 0 1 0 0 1 1 0 1 0 0 0 1 0 0 1 1 1 1 1 1 1 0 1 0 1 1 1 0 1 0 1 0 1 0 0 1 1 1 1 1 0 1 1 1 0 1 1 1 0 1
0 0 1 1 0 1 0 1 0 1 0 0 0 1 0 0 0 0 0 0 1 0 0 1 1 0 1 1 0 0 0 0 1 1 1 0 1 1 1 1 0 1 0 0 0 1 0 0 0 1 0 0 1 1 1
0 0 0 1 0 0 1 1 1 1 1 0 0 0 1 1 0 0 0 0 0 1 0 1 0 0 1 0 1 1 1 0 0 0 1 1 0 1 0 1 1 1 1 0 1 1 0 0 0 1 0 0 0 0 1
0 1 1 0 0 0 1 1 1 0 0 1 0 0 1 1 1 1 0 1 0 1 1 0 1 0 1 1 1 1 1 1 0 1 1 1 0 0 1 0 1 1 0 1 0 1 1 1 1 0 0 0 0 0 1
1 0 1 0 1 1 0 1 1 0 0 0 1 1 1 0 0 0 1 0 0 1 0 0 0 1 1 0 1 0 0 0 0 0 0 0 1 1 1 0 0 1 0 1 0 1 0 0 1 1 1 1 1 1 0
1 0 1 1 1 0 0 0 1 1 0 1 0 0 1 1 0 0 0 0 1 0 0 0 0 0 1 0 0 1 0 1 1 0 0 1 1 1 1 0 0 1 0 1 1 0 1 0 1 1 0 1 0 1 1
0 1 0 0 1 1 0 1 1 1 0 1 0 1 1 1 0 0 0 1 1 1 0 1 1 0 0 0 1 0 0 1 0 0 0 0 0 1 1 1 0 0 0 0 1 1 0 1 0 0 1 1 0 1 0
0 0 0 1 0 1 1 0 0 1 1 1 1 1 0 1 0 1 1 0 1 1 1 1 1 1 0 0 1 0 0 0 1 1 0 0 1 0 0 0 1 1 0 0 1 1 1 0 0 0 0 0 0 1 0
1 0 0 0 0 0 0 0 1 0 0 0 0 0 1 0 0 0 1 0 0 1 1 0 0 0 1 0 0 1 0 1 0 0 1 1 0 0 0 1 0 0 1 1 0 1 0 0 1 1 1 0 1 1 0
1 0 1 0 0 0 1 0 0 1 1 1 1 0 0 0 1 1 0 0 1 1 0 0 0 1 0 1 1 1 1 1 1 0 0 0 0 0 1 0 1 0 1 0 0 1 1 0 0 0 1 1 1 1 1
1 1 0 1 0 0 1 1 0 1 0 1 0 0 1 0 1 1 0 0 0 1 1 1 1 1 1 0 0 1 0 1 0 0 0 0 1 0 0 0 0 0 1 1 1 0 0 0 0 1 1 0 0 0 0
0 1 0 0 1 1 1 1 0 0 1 0 0 1 0 1 0 0 0 1 0 1 1 1 0 0 0 1 0 1 1 0 1 0 0 0 0 1 1 0 0 0 1 0 1 1 0 1 0 0 0 1 0 1 1
1 0 0 1 0 1 1 1 0 1 1 0 1 0 0 0 0 1 0 1 0 1 1 0 1 1 1 0 0 1 1 0 1 1 1 0 1 0 1 1 0 1 1 1 1 0 1 0 1 1 0 1 1 0 1
0 0 1 0 0 1 0 1 0 0 0 1 0 0 1 0 0 0 0 0 0 1 1 0 0 1 0 1 0 1 1 0 0 1 1 0 0 0 1 0 0 0 0 0 1 0 0 1 0 1 0 0 1 1 0
1 0 0 1 0 0 1 1 1 1 1 0 1 0 0 0 1 0 0 1 0 1 0 1 1 0 0 0 1 0 1 1 1 1 1 1 0 1 0 1 0 1 1 0 0 1 1 1 0 1 1 0 1 1 1
1 0 0 1 1 0 0 0 1 0 0 0 1 1 1 0 1 1 0 0 1 0 1 0 0 1 0 0 1 1 1 1 0 1 0 0 1 1 1 0 0 0 1 0 1 0 1 1 0 0 0 0 1 1 0
0 1 0 1 0 0 0 1 0 1 1 0 1 0 1 1 1 1 1 1 1 1 0 0 1 0 1 0 0 1 0 0 1 0 0 0 0 1 0 1 0 1 1 0 1 1 0 0 0 0 0 0 1 1 0
1 1 0 0 1 1 1 0 1 1 0 0 0 1 0 0 0 0 0 0 0 0 0 1 1 0 1 1 1 0 1 1 1 1 0 1 0 0 0 1 0 0 0 0 0 1 0 1 1 0 0 0 0 1 0
1 1 0 0 1 1 0 0 1 0 1 0 0 0 1 1 0 1 0 1 1 0 1 1 1 0 1 0 0 1 0 1 1 0 1 1 1 0 0 1 1 1 1 1 1 1 0 1 1 0 0 0 0 0 0
1 1 1 0 0 1 0 1 1 1 1 1 1 1 1 0 0 1 1 1 0 1 0 0 1 1 1 1 0 1 1 0 1 1 0 1 1 0 1 0 1 0 1 1 0 1 1 1 0 1 0 1 1 0 0
0 1 1 0 0 0 0 0 1 0 1 0 0 0 0 1 0 0 1 1 1 0 1 0 0 1 1 0 0 0 0 1 1 1 1 1 0 1 1 0 1 0 1 1 0 1 0 1 0 0 0 1 0 0 1
0 0 1 1 1 0 0 0 1 0 1 0 1 1 0 1 0 0 0 0 1 0 0 1 1 0 0 0 1 1 1 0 0 1 0 0 1 0 1 0 0 1 1 0 1 0 0 1 1 0 1 1 1 0 1
0 1 1 1 1 0 1 0 1 1 1 1 1 0 0 0 0 0 0 0 0 1 0 1 0 0 1 1 1 0 1 1 0 0 0 1 0 1 1 0 0 1 0 0 1 0 1 0 0 1 0 1 1 1 1
0 1 1 0 0 0 1 1 1 1 1 1 1 0 1 1 1 0 0 0 0 1 0 0 1 1 1 1 0 0 0 1 1 1 0 1 0 1 1 1 0 1 1 1 0 0 0 1 1 0 1 0 1 1 0
1 1 0 1 1 0 1 1 1 1 1 1 1 1 1 0 0 0 1 1 0 1 1 0 0 1 1 0 0 1 1 1 1 1 0 1 0 1 0 0 0 0 0 0 0 1 1 1 0 0 1 1 0 1 1
0 0 0 0 1 0 1 1 0 0 0 0 1 1 0 1 1 0 1 0 1 0 1 0 1 1 1 1 0 0 0 0 0 0 1 1 1 0 0 0 1 1 0 1 1 0 1 0 1 0 1 1 0 0 0
0 1 1 0 1 1 1 1 0 0 0 1 0 0 1 0 1 0 1 1 0 1 0 1 0 0 1 1 0 1 0 1 1 1 1 0 0 1 1 0 1 1 1 0 0 0 0 1 0 0 0 1 0 0 0
1 0 0 0 1 1 1 0 0 0 1 0 1 0 0 1 1 1 1 0 0 1 0 1 0 1 1 0 1 1 0 0 1 1 0 0 1 0 1 1 0 1 1 0 1 0 1 1 1 0 1 1 1 1 1
1 0 1 0 0 1 1 1 0 0 0 1 0 0 0 1 1 1 0 0 0 1 0 1 0 1 1 0 0 0 0 0 1 1 1 1 1 0 0 1 1 1 0 0 1 1 0 1 1 1 0 1 1 0 1
0 1 1 1 1 1 1 1 1 1 0 0 0 0 1 0 0 0 1 1 1 0 0 0 0 1 1 1 0 0 1 1 0 1 1 1 1 1 1 1 0 0 0 1 1 0 0 1 0 0 0 0 1 1 0
1 1 0 1 0 0 0 0 0 1 0 1 0 0 1 0 0 1 0 1 1 0 0 0 0 1 1 0 0 1 0 0 0 1 1 1 1 1 0 0 1 0 1 1 1 0 1 1 1 1 1 1 0 1 0
0 1 1 1 0 1 0 1 1 1 1 0 0 1 1 0 0 1 0 0 0 0 1 1 1 0 1 1 0 0 1 1 0 0 1 0 0 0 0 0 0 1 1 0 0 0 1 0 0 0 1 1 0 1 0
0 1 0 1 1 0 0 1 1 1 1 0 1 0 0 1 1 0 1 1 0 0 1 0 1 1 0 1 1 1 0 1 0 0 1 1 0 0 1 0 0 0 0 0 1 0 0 0 1 0 0 0 0 1 1
0 0 0 0 0 1 0 0 0 0 0 0 0 1 0 0 0 1 1 0 0 1 0 0 1 1 1 1 0 1 0 1 0 1 0 1 0 0 1 0 1 1 1 0 1 0 0 1 0 1 0 0 1 1 1
0 0 1 1 0 0 1 0 1 0 0 1 1 0 1 0 1 0 1 0 1 1 0 0 0 0 0 0 1 1 0 1 0 1 1 1 1 1 0 0 0 1 1 0 1 1 0 1 1 1 0 0 0 1 0
0 0 1 0 1 1 1 1 1 0 1 1 0 0 1 0 0 1 1 1 0 1 1 0 1 0 0 0 0 0 1 0 0 1 0 0 1 0 0 0 0 1 1 1 1 0 1 1 1 0 1 1 1 0 1
0 0 1 1 1 1 1 0 1 1 0 1 0 1 0 1 1 0 1 1 0 0 0 0 0 0 1 1 1 0 1 0 0 0 0 1 1 1 0 1 1 1 1 1 1 1 0 1 0 1 1 1 0 0 0
0 0 1 0 1 0 1 0 0 0 1 0 0 1 0 0 1 1 1 0 0 1 1 0 0 0 1 0 1 0 0 1 1 1 0 1 1 0 1 0 0 1 1 0 0 1 1 1 1 1 1 0 0 1 0
1 1 0 0 1 1 1 1 1 0 1 1 0 0 1 0 1 0 1 1 1 1 1 1 1 1 1 1 1 0 0 1 1 0 0 1 0 1 1 0 1 0 0 1 0 0 1 1 0 0 0 0 1 0 0
1 1 1 1 0 0 1 0 0 0 1 1 1 1 0 1 1 0 1 0 1 0 1 0 0 1 1 0 0 0 1 1 0 1 1 1 1 0 1 0 0 0 1 1 1 0 1 1 0 1 1 0 1 1 1
0 1 0 0 1 0 1 1 1 0 1 0 0 0 0 0 1 1 0 1 0 1 1 1 1 0 1 1 0 1 1 1 1 1 1 1 1 0 0 1 0 0 1 0 0 1 0 0 0 0 0 1 1 1 0
0 1 1 1 0 1 1 1 1 0 0 0 0 0 1 1 1 0 1 1 0 1 1 1 1 0 0 0 0 0 1 1 1 1 0 1 0 1 1 1 1 0 1 1 1 0 0 1 0 0 1 0 0 1 1
0 0 0 0 0 0 1 0 1 0 1 1 0 1 0 1 0 0 0 0 0 0 1 1 1 1 0 1 1 1 0 1 0 0 1 1 0 0 1 1 0 0 1 1 0 1 0 1 0 0 0 0 0 1 0
0 0 1 0 0 1 1 1 0 1 1 1 1 1 0 0 0 1 1 0 1 1 1 0 0 0 1 1 1 1 0 1 1 1 0 0 1 1 0 0 1 0 1 1 0 0 0 1 1 1 1 0 1 0 0
1 0 1 1 1 0 1 1 1 0 1 1 0 1 1 1 0 0 0 1 0 0 1 0 0 1 1 1 1 1 1 0 0 0 0 1 1 0 0 0 1 0 1 1 0 0 1 0 1 1 0 1 0 0 0
0 0 1 1 0 0 0 1 0 1 1 1 1 0 1 0 1 1 1 0 0 0 0 0 0 1 1 1 0 1 1 0 1 1 0 1 1 0 1 1 1 1 0 1 0 0 1 0 0 0 1 1 1 1 0
0 1 0 0 1 1 0 0 1 0 1 1 1 1 0 1 1 0 0 0 0 0 1 1 0 0 1 0 1 1 1 1 1 0 1 0 0 1 1 0 0 0 0 1 1 0 0 1 1 0 1 0 1 0 0
1 1 0 0 0 0 0 1 1 1 1 0 0 1 0 1 1 1 1 1 0 0 1 1 1 0 1 1 0 0 1 0 1 0 0 0 0 0 1 1 1 1 0 1 1 0 1 1 1 1 0 0 1 0 1
1 1 0 0 0 0 1 1 0 0 0 1 0 0 1 1 0 1 0 0 0 0 1 1 0 1 1 0 0 0 1 1 0 0 1 0 1 1 0 0 1 1 0 0 1 1 0 1 0 0 1 1 1 1 1
1 0 1 0 0 0 1 0 1 1 1 0 1 1 1 1 1 1 1 0 1 1 1 1 0 0 0 1 0 0 1 0 0 1 0 1 1 0 1 1 1 0 0 1 0 1 0 0 0 1 0 0 1 1 0
1 1 1 0 1 1 0 1 0 1 0 1 1 1 0 0 1 0 0 0 1 0 1 1 0 0 0 1 1 0 1 1 1 1 0 0 1 1 0 0 1 0 1 1 1 1 1 1 1 1 0 1 1 1 0
1 1 0 1 0 1 1 0 0 0 1 0 1 1 0 0 0 1 0 1 0 0 1 0 1 0 0 0 0 0 0 1 1 1 1 0 0 0 0 0 1 1 0 0 0 1 0 1 0 1 1 0 0 0 1
0 1 1 1 0 0 0 1 0 1 1 1 0 1 1 0 0 1 1 0 1 0 0 0 1 1 0 0 1 0 0 1 0 1 1 1 0 0 0 0 1 0 1 1 1 1 0 1 1 0 0 0 1 0 0
1 0 0 0 0 1 1 1 0 0 1 1 0 1 1 0 0 1 1 1 0 1 0 0 0 0 1 1 1 0 1 1 1 0 0 0 1 1 1 1 0 0 0 0 1 0 0 0 1 0 1 1 1 1 0
1 0 0 1 1 0 1 0 0 1 0 0 1 0 1 1 1 0 0 1 0 1 1 1 0 0 1 0 0 0 0 1 1 0 0 1 0 0 1 1 0 0 1 1 1 0 1 1 1 0 0 1 0 0 1
0 1 1 0 1 0 0 1 0 0 1 1 1 1 0 0 0 0 0 0 0 0 1 0 1 0 0 1 0 0 1 1 1 0 1 1 1 1 1 1 1 0 0 0 0 1 0 0 0 1 0 0 1 1 0
0 0 1 0 1 1 1 0 1 1 0 0 1 1 0 0 0 1 1 1 1 1 0 0 1 0 1 0 0 1 1 1 0 1 0 1 0 1 1 1 1 0 1 0 1 1 0 0 1 0 1 1 0 0 1
1 1 1 0 1 0 1 1 0 0 1 1 1 1 0 1 0 1 0 0 0 1 0 1 1 0 0 0 0 1 1 0 1 1 1 0 0 0 1 0 1 0 0 1 0 1 1 0 1 0 0 0 1 0 0
1 0 0 1 1 0 0 1 1 0 1 1 1 0 1 1 0 1 0 0 1 1 1 1 0 0 0 1 1 0 0 0 1 0 0 0 1 0 0 1 1 0 0 1 1 0 1 0 1 0 1 1 1 1 0
1 0 1 0 0 1 1 1 0 0 0 1 0 1 1 1 1 1 0 1 1 0 0 1 1 1 1 1 0 1 0 0 0 1 0 0 1 1 1 1 1 1 1 1 0 1 1 0 0 1 1 0 0 1 1
1 1 1 0 0 1 0 1 0 0 0 1 0 1 1 1 1 1 0 1 0 1 1 1 0 0 0 1 1 0 1 1 1 1 1 1 1 0 0 1 0 0 1 1 1 1 1 1 0 0 1 1 0 1 0
0 0 1 0 1 1 1 1 0 0 1 0 0 1 0 0 1 0 1 1 1 0 1 1 1 0 0 1 0 0 0 1 1 0 0 1 1 0 0 1 1 1 0 1 0 1 0 0 1 1 1 0 1 0 1
1 0 1 1 0 1 1 1 0 0 1 1 1 0 1 0 0 1 1 1 0 0 0 1 1 1 0 0 1 0 0 1 1 0 0 0 0 0 1 1 1 0 0 1 1 1 1 1 0 0 0 1 0 0 0
0 1 1 0 1 1 0 1 0 0 1 0 1 0 1 1 0 1 0 0 0 1 0 1 0 1 1 0 1 1 1 1 1 0 0 0 1 1 0 1 0 1 1 0 0 1 0 1 1 1 0 0 0 1 1
0 1 0 0 0 1 1 0 1 1 1 0 0 1 1 1 1 0 0 1 1 1 0 1 1 1 1 1 1 0 0 0 0 1 0 0 0 0 0 0 1 1 1 1 0 1 0 1 0 0 1 1 1 0 1
0 0 1 0 0 1 1 1 0 1 1 1 1 1 1 0 0 1 0 0 0 0 0 1 1 0 0 1 0 1 1 1 1 1 1 1 0 1 1 1 0 0 0 1 0 0 1 1 1 1 1 1 1 0 1
1 0 1 0 0 0 0 1 1 1 1 1 0 0 0 0 1 0 1 0 0 0 0 1 0 0 0 1 0 0 1 0 0 1 1 0 1 0 0 0 1 0 0 1 0 0 1 0 1 1 1 1 1 1 1
0 0 1 1 0 0 1 0 0 0 1 1 0 1 1 0 1 0 0 0 0 0 1 1 0 1 1 1 0 0 0 0 1 1 0 0 1 1 1 0 0 0 1 1 1 0 0 1 1 0 0 1 1 0 1
0 0 1 0 0 0 0 1 0 0 0 0 1 0 0 1 1 1 0 1 1 1 1 0 1 1 1 0 0 1 0 0 1 0 0 0 0 0 1 0 1 0 1 1 0 0 0 0 0 1 0 1 1 0 0
0 0 0 1 0 0 0 0 0 0 0 0 1 0 1 1 1 0 1 0 1 0 1 0 0 1 0 1 0 0 1 1 0 1 1 0 1 0 0 0 0 1 0 1 0 0 0 0 1 1 0 1 0 0 0
1 0 0 1 0 0 1 0 0 0 0 0 1 1 1 1 0 1 0 1 1 1 1 1 0 0 0 1 1 1 1 1 1 0 0 1 1 0 0 0 0 1 0 0 0 0 1 1 1 0 0 1 0 0 0
0 1 0 0 0 0 1 0 0 1 1 0 1 1 0 1 1 1 1 1 1 0 0 0 0 1 0 0 0 0 0 1 1 1 1 0 0 0 1 1 0 0 0 0 1 0 0 1 1 0 1 1 0 0 0
0 0 0 1 0 0 0 1 0 0 0 1 0 0 0 1 0 1 0 1 0 0 0 1 0 1 0 1 1 0 1 0 0 0 1 1 1 0 1 1 1 0 0 1 0 1 0 0 0 0 1 0 1 1 1
0 1 0 1 1 1 1 0 1 1 1 1 1 1 0 0 0 1 0 1 1 0 1 0 1 1 0 0 1 1 0 1 1 0 0 1 0 1 0 0 0 0 1 1 1 1 1 1 1 1 0 0 1 1 1
1 0 1 1 1 0 0 1 0 1 0 1 0 0 0 0 1 1 0 1 1 0 0 1 0 0 0 1 1 0 1 0 1 0 0 1 0 0 1 0 1 0 0 0 1 1 1 0 0 1 0 1 1 0 1
1 1 1 0 0 0 0 1 1 0 1 1 1 1 0 1 1 1 0 0 1 1 0 1 1 0 0 0 0 0 0 1 0 1 1 0 1 1 0 0 1 0 1 1 1 0 0 0 1 1 1 0 0 0 0
0 1 0 1 1 1 0 0 1 1 1 0 1 0 1 0 1 0 1 1 0 1 0 0 0 1 0 0 1 0 1 1 0 1 1 0 1 0 1 0 1 0 1 0 1 0 1 1 0 0 1 1 1 0 1
1 1 0 0 0 0 1 1 0 0 1 1 0 0 1 0 1 1 1 1 0 0 1 1 0 1 0 1 1 1 0 1 0 1 1 0 1 1 1 1 0 1 0 0 0 0 1 1 1 0 1 0 0 0 1
0 0 0 0 0 1 1 0 1 1 0 1 0 1 0 1 1 1 0 0 1 1 0 0 0 1 1 1 0 0 1 1 0 1 1 1 0 0 0 1 0 0 1 0 1 1 1 0 0 1 1 1 0 0 0
0 0 1 1 0 0 0 0 0 1 0 0 1 0 1 1 1 0 1 0 0 0 1 0 1 1 1 1 1 1 0 0 1 1 0 1 0 1 0 0 1 0 0 1 0 1 1 0 0 0 0 0 0 1 1
0 0 0 1 0 0 0 1 1 0 1 0 0 1 1 0 0 0 1 1 0 1 0 1 1 0 1 0 1 1 1 0 0 0 1 1 1 0 0 1 1 0 1 1 0 1 1 1 0 0 1 1 0 1 1
0 0 1 0 1 0 1 0 1 0 0 0 1 1 1 0 1 0 0 1 0 1 0 0 1 0 0 0 1 1 0 1 1 0 0 1 1 0 1 0 0 0 0 1 1 1 0 1 0 1 0 0 0 1 1
1 0 0 0 0 0 1 1 0 1 1 0 1 0 0 1 1 1 0 0 1 1 1 0 1 0 0 1 1 0 0 0 1 0 0 1 1 1 1 1 0 0 0 1 0 1 0 1 0 0 1 0 0 1 1
0 0 0 1 0 1 1 1 1 0 0 0 1 1 1 0 1 0 0 1 0 1 1 1 1 1 0 1 0 0 0 0 0 0 1 1 0 0 1 0 0 1 0 0 0 1 0 0 0 0 1 0 1 0 0
1 0 0 0 1 0 1 1 1 1 1 1 1 0 1 1 0 0 0 1 1 0 0 0 0 0 0 1 1 1 0 1 1 1 1 1 0 1 0 1 0 0 1 1 1 1 0 0 0 0 0 0 1 0 1
1 1 0 1 0 1 0 0 0 0 0 1 1 0 0 0 1 0 0 1 1 1 0 0 0 1 1 1 1 1 1 1 1 1 0 1 1 0 0 1 0 0 1 1 0 0 1 0 1 0 0 1 0 1 1
1 1 1 1 0 0 1 0 1 1 0 0 1 0 0 0 0 1 0 1 0 0 0 1 1 1 0 1 1 0 0 0 1 1 0 0 1 0 0 1 1 0 1 1 0 0 1 1 1 0 0 0 1 0 0
0 0 0 0 1 0 0 0 0 0 1 0 0 1 1 0 1 0 0 0 0 0 1 0 0 1 1 1 0 1 1 0 1 0 1 1 0 1 1 1 1 1 1 1 1 0 1 0 1 1 1 1 0 0 1
0 0 0 1 0 1 1 1 1 0 1 1 1 1 0 1 0 0 0 0 1 0 1 0 1 1 1 1 0 1 1 1 1 1 1 0 0 1 0 0 0 0 1 0 0 0 1 0 1 0 0 1 1 0 1
0 1 1 1 0 0 0 0 0 0 1 1 1 1 1 0 1 0 0 0 1 1 1 1 1 1 0 0 0 0 1 1 1 0 1 0 0 0 0 1 0 0 0 1 1 1 1 1 0 1 1 0 1 0 1
1 1 1 1 0 1 0 0 0 1 1 1 0 0 1 1 1 0 0 1 1 0 1 0 1 1 1 0 1 0 0 0 0 1 0 1 0 1 1 0 0 0 1 0 0 1 1 1 0 1 1 1 1 1 1
0 0 1 1 1 1 0 0 1 0 0 1 1 1 1 0 0 0 1 0 1 0 0 0 1 1 0 0 0 1 0 1 0 1 1 0 0 0 0 1 0 1 0 1 1 0 0 0 0 0 1 0 1 1 1
1 1 0 0 0 1 1 0 1 1 0 0 0 0 1 0 1 0 0 1 1 1 0 1 0 1 0 0 1 1 1 1 1 1 1 1 0 0 1 0 1 0 1 0 0 0 0 1 1 1 0 0 1 1 0
1 1 0 0 1 1 0 0 0 1 0 0 0 1 1 1 0 1 0 0 1 0 1 0 1 1 0 0 1 0 1 0 0 1 0 0 1 1 0 1 1 1 1 0 1 0 0 0 1 1 0 1 1 0 1
1 0 1 1 1 0 1 0 1 1 0 0 0 0 1 1 0 0 1 1 0 1 1 0 1 0 0 0 1 0 0 0 0 1 1 0 0 0 1 0 0 1 1 0 1 1 1 0 1 0 1 1 0 1 0
0 1 1 1 1 0 0 0 1 0 1 1 0 1 0 1 0 0 1 1 0 0 0 1 0 1 0 0 0 0 0 1 1 1 0 1 0 0 0 1 1 1 1 1 0 1 1 1 1 0 1 1 1 1 1
1 0 0 0 1 0 1 1 1 0 1 0 1 0 1 0 0 0 0 0 0 1 0 1 1 0 1 0 0 0 0 1 1 1 0 0 1 0 1 0 1 1 1 0 1 1 1 0 0 0 0 1 0 0 1
1 0 0 1 1 1 0 0 0 0 0 1 1 1 1 1 0 0 1 1 0 1 0 1 1 1 0 0 0 0 1 1 0 0 0 0 0 1 0 1 1 0 0 0 0 0 1 0 1 1 0 1 0 1 1
1 1 0 1 1 1 1 1 1 0 1 1 0 0 0 1 1 0 1 0 1 0 1 0 0 0 1 1 0 0 0 1 1 1 0 1 0 0 1 0 0 1 1 0 1 1 1 0 1 1 1 0 0 0 1
1 0 0 1 1 0 0 0 1 1 0 1 0 0 0 0 0 1 1 0 0 0 0 0 1 0 0 1 0 1 0 1 0 1 0 0 0 0 0 1 0 1 1 0 1 0 1 1 1 0 1 1 0 0 0
0 1 1 0 1 1 1 1 1 1 1 1 1 1 0 1 1 0 0 1 0 1 0 0 1 1 1 0 0 0 0 0 0 0 1 0 1 0 1 1 1 0 0 1 1 0 0 0 0 0 0 1 0 0 0
1 0 0 0 1 0 1 1 1 0 0 1 0 1 1 1 0 0 0 0 1 0 0 1 0 1 1 0 1 0 1 0 1 0 0 1 1 1 1 1 0 0 0 0 1 0 0 0 1 0 0 0 1 0 1
1 0 0 0 1 0 1 1 1 1 0 1 1 1 0 0 1 0 1 0 1 1 1 0 1 1 0 0 0 1 1 1 0 1 1 0 1 1 0 1 1 0 1 0 0 0 1 1 1 1 1 0 1 1 1
1 1 0 0 0 0 0 1 1 1 0 1 1 0 0 1 0 1 1 0 0 1 0 1 1 1 0 0 0 1 0 1 0 1 0 1 1 1 1 1 1 0 0 0 0 1 0 1 0 0 0 1 1 0 1
1 0 1 0 1 1 1 0 1 1 1 0 0 1 1 0 1 0 1 0 1 1 0 1 1 1 1 0 0 0 1 0 1 1 0 1 1 0 1 1 0 0 0 1 1 0 1 0 1 0 1 1 0 1 0
1 0 1 0 1 0 0 0 0 0 1 1 0 0 0 0 1 0 0 1 0 1 1 0 0 0 0 0 1 1 1 0 0 1 0 0 1 1 1 1 1 1 0 0 1 1 0 0 1 1 1 0 0 1 1
1 0 0 0 0 1 0 1 1 1 1 0 0 0 1 1 1 0 0 1 0 1 1 0 0 0 0 0 0 1 0 0 0 0 0 0 1 0 0 0 1 0 1 0 0 0 1 1 0 0 0 0 1 1 1
0 0 1 0 0 0 1 0 0 0 0 0 0 0 0 1 1 0 0 0 1 1 1 1 0 0 1 0 0 1 1 1 0 1 0 0 0 0 0 1 1 1 0 0 1 1 1 1 1 0 1 0 1 0 1
0 0 1 0 0 1 0 0 0 1 0 0 1 0 0 0 1 1 0 1 1 0 1 1 1 0 0 0 1 0 0 0 1 0 1 1 1 0 1 0 0 0 0 1 0 0 1 1 1 1 1 0 0 1 0
1 1 1 0 1 0 1 0 0 1 0 0 0 1 1 1 1 0 1 0 1 1 1 0 0 0 0 0 0 0 0 0 1 1 0 0 0 1 1 0 1 1 1 1 1 1 0 0 1 0 1 0 1 0 0
0 1 0 1 0 1 1 1 0 1 0 0 0 0 0 0 1 1 1 1 0 0 1 0 1 1 0 1 0 0 1 1 1 0 0 0 1 1 0 0 1 0 0 0 1 0 0 1 1 1 1 0 0 0 1
1 1 0 1 0 0 1 0 0 1 0 1 1 0 1 0 1 0 0 1 0 1 0 0 0 0 1 1 0 1 1 0 0 0 1 1 1 1 0 1 0 0 1 0 0 1 1 0 0 0 1 0 0 0 0
1 1 1 1 0 1 0 0 1 1 0 0 1 1 1 0 1 1 0 1 1 0 1 1 0 0 1 1 0 1 0 1 0 1 1 0 0 1 1 1 1 1 1 1 1 0 0 1 1 1 0 0 1 1 0
0 0 1 1 0 0 1 1 1 1 0 1 1 1 0 1 1 1 0 1 0 1 0 1 1 0 0 1 0 0 1 1 0 1 0 1 0 0 1 0 0 0 1 1 1 0 0 0 1 0 1 1 1 1 1
1 1 0 1 0 0 1 1 1 0 1 0 1 1 1 0 1 1 1 0 1 1 0 1 1 0 0 0 1 1 1 1 0 1 1 1 1 0 0 0 0 1 0 0 0 0 0 0 1 1 1 1 0 1 0
1 1 1 0 0 1 1 0 1 0 1 1 0 0 0 1 0 0 1 0 0 1 1 1 0 0 0 0 1 1 1 1 1 1 0 1 0 1 0 1 1 1 0 1 1 1 0 0 0 1 0 1 1 0 1
0 1 0 0 1 0 0 0 1 0 1 0 1 0 1 1 0 0 1 0 0 1 1 1 0 1 1 1 0 1 1 0 0 1 1 1 0 0 1 0 0 0 0 1 1 1 1 0 0 1 1 1 1 0 1
0 1 0 1 0 1 1 1 0 0 1 0 1 1 0 0 0 0 1 0 0 0 1 0 0 1 1 0 1 0 1 0 0 1 1 0 0 1 0 1 1 1 1 1 0 0 1 0 1 0 1 0 0 1 0
1 1 1 1 1 0 1 1 1 0 1 0 1 0 0 0 0 0 1 0 0 1 0 1 1 1 1 0 0 1 1 0 0 0 0 0 1 0 1 1 0 0 1 1 1 1 0 1 1 1 0 1 0 1 0
1 0 0 1 0 0 0 0 0 1 1 1 1 1 0 0 0 0 0 1 1 0 1 0 1 1 0 1 0 0 0 1 0 1 1 0 0 0 1 1 1 0 0 0 0 1 0 1 1 0 1 1 0 0 0
1 0 1 1 1 0 0 1 1 1 1 0 1 0 1 0 1 1 1 1 0 0 0 1 1 0 0 0 1 1 1 0 0 0 0 0 1 1 1 1 0 1 0 1 1 0 0 1 0 0 1 1 1 1 1
1 0 0 1 1 0 0 1 0 0 0 0 1 0 0 0 1 0 1 0 0 1 0 1 0 0 1 1 0 0 0 1 1 1 0 1 1 0 0 0 1 1 1 1 0 1 1 1 1 0 1 0 1 1 1
1 1 0 0 1 0 0 1 1 1 0 1 0 0 0 0 0 0 0 1 1 1 1 1 1 0 1 0 0 0 0 0 0 1 0 1 1 0 1 1 0 1 0 1 1 0 1 0 0 1 0 0 0 0 0
1 0 0 0 1 1 1 0 1 0 0 1 1 0 1 0 0 1 1 0 0 1 1 1 1 1 0 0 0 1 1 0 0 1 1 1 0 0 1 0 1 0 1 1 0 0 1 1 1 1 1 0 0 1 1
1 0 0 0 1 1 1 1 0 1 1 0 0 0 1 1 0 0 1 0 0 0 0 1 1 1 0 0 1 0 0 1 1 1 1 1 1 0 0 0 0 0 0 1 0 1 1 1 0 0 1 1 1 1 1
1 0 1 0 1 1 0 1 0 0 0 0 1 0 1 0 1 0 0 0 0 0 0 0 1 0 1 1 1 1 1 0 1 0 0 0 0 0 0 1 1 1 0 0 1 1 0 0 0 1 0 1 0 0 0
1 0 1 1 0 1 1 0 0 1 0 0 1 0 1 1 0 1 1 1 0 0 1 1 0 0 0 0 1 1 1 1 1 0 1 1 1 0 1 1 1 0 0 0 0 1 1 0 1 0 0 1 0 1 1
1 0 1 0 1 0 0 0 1 1 1 0 0 0 0 1 0 1 0 1 0 1 1 1 1 1 0 0 0 1 0 1 1 1 0 1 1 1 1 1 0 1 0 1 1 0 1 1 0 0 1 1 1 0 0
0 0 1 0 1 0 1 1 0 0 1 1 1 0 0 1 1 0 0 1 0 0 0 1 1 1 0 0 0 0 0 0 0 1 0 1 0 1 0 0 0 1 0 1 0 1 1 0 0 0 0 0 1 1 1
1 1 1 1 0 1 0 1 1 1 1 0 0 1 1 1 1 0 0 1 1 1 1 1 1 1 0 1 1 0 0 0 1 1 1 0 0 1 0 1 0 1 1 1 1 1 0 1 1 0 0 0 0 0 0
0 1 0 0 0 1 0 0 0 1 1 1 1 0 1 1 1 1 1 1 0 1 1 0 1 0 0 0 0 1 1 1 1 0 1 0 0 1 0 1 1 1 1 1 0 0 1 0 0 0 1 1 1 0 0
1 1 0 0 0 0 0 1 0 0 1 1 0 0 1 1 0 0 0 0 0 1 1 1 1 1 0 1 1 0 0 0 1 0 1 1 0 1 0 0 0 1 1 0 1 1 1 0 1 1 0 1 0 0 1
1 0 1 1 0 0 0 1 0 0 1 1 1 0 1 0 1 1 1 1 0 0 1 1 1 1 0 0 0 1 1 1 1 0 1 1 1 0 0 1 0 1 1 0 0 1 0 0 0 1 0 0 0 0 0
1 0 1 1 0 0 1 0 1 1 0 0 0 1 1 1 1 1 1 0 0 1 0 1 0 1 1 0 1 1 0 0 0 0 0 0 1 0 0 1 0 0 0 1 1 0 1 1 1 1 1 0 1 1 0
0 1 0 1 1 0 1 0 0 1 0 0 1 1 0 1 1 0 0 0 0 0 1 1 0 1 0 1 1 1 0 0 1 0 0 0 0 1 1 0 1 1 1 0 0 1 1 1 0 1 0 1 1 1 1
0 0 1 0 1 1 0 0 0 1 0 1 1 0 0 1 0 1 1 1 0 1 0 1 1 1 0 1 1 0 0 0 1 0 0 1 0 1 0 0 0 1 1 0 0 0 0 1 1 0 1 1 0 1 0
0 1 0 1 0 0 0 1 1 0 1 0 0 1 1 0 0 1 1 0 0 0 1 0 1 1 1 1 0 1 0 1 1 1 0 0 0 0 1 1 1 1 0 0 0 1 0 0 0 1 1 1 1 0 1
0 0 1 1 0 1 1 1 1 1 1 1 1 1 0 1 1 0 1 1 1 1 1 1 0 1 1 1 0 0 1 0 0 1 1 0 0 1 0 1 1 0 0 0 0 0 0 1 0 0 1 1 0 1 1
1 1 1 0 0 0 0 0 1 1 1 0 0 0 0 1 0 1 0 0 0 1 0 0 1 1 0 1 0 0 0 1 0 0 0 1 0 1 0 1 1 1 0 1 0 0 0 0 0 1 0 0 0 1 1
1 1 0 1 0 0 0 0 1 0 0 0 1 1 0 1 1 1 0 1 1 0 1 0 1 1 1 0 1 1 1 0 0 0 0 0 1 0 0 1 1 1 1 1 1 1 1 0 0 0 1 1 1 0 1
0 1 1 1 1 1 0 0 0 0 0 0 0 1 1 0 1 1 1 1 1 1 1 0 0 0 1 0 1 1 1 0 1 0 0 0 1 0 1 0 1 1 0 0 1 0 1 0 0 1 0 0 1 1 1
1 0 1 0 1 1 1 1 1 0 1 1 0 1 1 0 0 0 0 0 1 1 1 0 1 0 1 1 0 1 1 1 0 0 1 0 0 1 1 0 1 1 0 1 0 1 1 1 0 0 1 1 1 0 0
0 1 0 1 0 0 1 0 1 1 1 0 1 0 0 0 1 0 0 1 0 1 1 1 1 0 0 1 1 1 0 1 0 1 0 0 0 1 0 1 1 0 0 0 0 0 1 0 1 1 0 1 0 0 1
1 0 0 0 1 0 0 0 1 0 0 1 1 0 0 0 1 0 1 1 1 1 0 0 1 0 1 1 1 0 1 1 0 1 0 0 1 0 0 0 1 0 0 1 0 1 0 1 0 1 0 1 1 1 1
0 0 1 1 0 1 1 1 0 1 0 0 1 1 0 0 1 1 1 1 1 0 1 1 0 0 0 0 0 1 1 0 0 1 0 0 1 1 1 1 1 0 1 1 0 0 1 0 0 0 1 1 0 0 0
0 0 0 0 1 0 1 1 1 0 1 1 1 1 1 0 1 1 0 0 0 1 1 1 1 1 0 1 1 0 1 1 1 1 0 0 0 0 1 0 0 1 0 1 0 0 0 0 0 1 1 1 0 1 0
1 1 1 1 0 0 1 1 0 1 1 0 0 0 1 0 1 0 1 0 0 1 0 0 0 0 0 0 1 0 0 0 0 0 0 1 1 0 1 0 0 1 0 0 1 1 1 1 1 0 0 0 1 0 1
1 0 0 1 0 1 1 1 1 1 1 0 0 0 1 0 1 1 0 1 1 1 0 0 0 0 0 1 1 1 0 0 0 0 0 0 1 1 0 1 0 0 1 1 1 0 0 1 1 1 0 0 0 0 0
1 1 1 0 0 1 0 1 1 0 1 1 1 1 0 1 0 1 1 0 1 0 0 0 1 1 0 1 1 1 1 0 1 0 0 1 0 0 1 1 1 1 1 0 1 0 0 1 0 0 1 0 0 1 1
1 1 1 0 0 1 0 1 1 1 0 1 0 1 0 0 0 1 1 0 0 0 0 1 0 0 0 0 1 1 0 1 0 1 1 0 0 0 1 0 0 0 0 0 1 1 0 1 0 0 1 1 1 0 1
0 1 1 1 1 0 1 1 0 1 0 1 0 0 0 1 1 0 1 0 1 1 0 0 1 0 1 1 0 1 1 1 1 0 0 1 0 1 1 1 1 0 1 0 0 0 1 1 0 1 0 1 1 0 1
1 1 0 1 1 1 1 1 1 1 1 0 0 0 1 1 1 1 1 1 0 1 1 0 1 1 0 1 1 1 0 0 0 1 0 1 0 0 1 0 1 1 1 1 1 0 0 1 0 1 0 1 0 1 0
1 0 0 1 1 1 0 1 1 0 1 0 0 0 0 0 0 1 0 1 1 1 0 0 0 0 1 0 1 0 1 0 0 1 1 0 0 1 1 0 0 1 1 1 1 1 0 1 0 1 1 0 0 1 1
0 0 1 1 1 0 1 0 0 1 1 1 0 1 0 1 0 0 1 1 0 1 0 0 1 1 1 0 0 1 0 0 0 0 1 1 1 1 1 1 0 0 0 0 0 1 1 1 1 0 0 1 1 1 0
0 1 1 1 1 0 0 1 1 1 0 0 1 1 1 1 0 1 0 0 0 1 0 0 1 0 0 1 0 0 0 1 1 0 1 1 0 1 0 0 0 0 1 1 1 1 0 0 1 0 1 1 0 0 0
0 0 1 0 0 1 0 0 1 0 0 0 1 0 0 0 0 1 1 1 0 0 1 0 0 1 0 0 0 1 1 1 0 0 1 0 1 0 0 0 0 0 0 0 1 0 0 0 1 1 0 1 1 0 0
0 0 0 0 0 0 1 1 0 0 0 1 1 0 0 0 1 1 0 0 0 0 0 1 1 0 0 0 1 0 0 0 0 0 1 0 1 0 0 1 0 1 1 1 1 1 0 0 1 0 0 1 1 0 0
0 0 1 1 1 1 1 0 0 1 0 0 0 0 0 0 1 0 0 1 0 1 1 0 1 1 1 0 1 0 1 0 1 0 0 1 1 1 1 1 1 0 0 0 0 1 1 1 1 0 0 1 1 0 0
0 1 1 0 0 0 1 0 1 0 1 1 1 0 1 0 0 0 0 1 1 1 0 1 0 0 1 1 1 1 1 1 0 0 1 0 1 0 0 1 1 1 1 0 1 0 1 1 0 0 0 0 1 1 1
1 1 1 1 1 1 1 1 0 0 1 1 1 1 0 1 0 1 0 0 1 1 0 0 0 1 0 0 1 1 0 0 0 0 0 0 0 1 1 0 0 1 0 1 1 0 0 1 0 1 0 0 1 0 1
1 0 0 1 0 0 1 0 0 0 0 1 0 0 0 1 0 1 1 1 1 1 1 0 0 1 1 1 1 1 1 1 0 1 0 0 1 1 0 0 1 0 1 0 1 1 0 0 1 0 1 0 0 0 0
1 0 0 0 0 0 1 1 1 0 0 0 1 0 0 0 0 1 0 0 0 0 1 0 1 0 1 1 1 0 1 1 1 0 0 1 0 1 0 0 1 0 0 0 0 0 1 0 0 1 1 0 0 1 1
0 0 1 0 0 1 1 1 1 0 1 0 1 0 0 1 1 1 1 0 1 0 1 1 1 0 1 1 0 0 1 0 1 0 0 0 1 1 1 1 1 1 0 1 0 1 0 0 0 0 0 1 0 0 0
1 0 1 0 0 0 0 1 1 0 1 0 1 0 1 0 0 0 1 1 1 1 0 1 0 0 1 0 1 1 0 1 0 0 0 0 1 1 0 0 1 1 0 0 0 1 0 0 0 0 1 1 1 0 1
0 1 1 0 0 1 1 1 0 0 1 1 1 1 1 1 1 1 1 0 1 0 1 0 1 1 0 1 1 1 1 1 0 1 0 0 0 1 1 0 0 0 0 0 1 1 1 1 0 1 0 1 0 1 1
0 0 0 1 0 1 1 1 0 0 1 1 1 1 0 1 1 1 0 1 0 0 0 1 0 1 0 1 0 0 1 0 0 0 1 0 1 1 1 0 1 1 0 0 1 0 1 0 1 1 1 1 1 0 0
0 1 0 0 1 0 1 0 0 1 1 1 0 0 1 0 0 1 1 0 1 0 0 1 1 0 0 1 1 0 0 1 0 0 1 1 1 1 0 1 1 1 1 1 1 0 0 1 1 1 1 1 1 1 1
0 1 1 1 1 1 1 0 1 1 0 0 0 1 0 0 0 1 1 0 0 1 0 0 0 1 0 1 0 1 0 0 1 0 1 1 1 0 0 0 1 1 1 0 1 1 1 0 0 1 0 1 0 1 1
1 1 1 1 0 0 1 1 1 1 1 1 0 1 1 1 0 0 0 0 1 0 1 0 0 1 1 0 1 1 0 0 1 1 0 0 0 1 1 1 0 1 1 0 0 0 1 0 0 0 1 1 0 1 1
1 1 0 0 0 0 0 0 1 0 1 1 1 1 1 1 0 0 0 0 1 1 0 0 1 1 0 0 0 0 0 1 0 0 1 1 0 0 0 0 0 0 1 0 0 1 1 1 1 0 1 0 0 1 1
0 1 0 1 0 1 0 0 0 1 0 1 1 1 0 1 1 1 0 0 0 1 0 1 0 0 0 1 0 1 1 1 0 0 0 1 0 1 1 1 1 0 0 1 1 0 0 0 0 1 0 0 0 1 0
0 1 1 1 1 0 1 0 1 0 0 1 0 1 1 1 0 1 1 1 0 1 1 0 0 0 1 1 1 1 1 0 0 0 1 0 0 1 0 1 0 1 1 0 1 1 1 0 1 0 0 0 1 0 0
1 1 1 1 0 0 0 0 0 0 0 0 1 1 1 0 0 0 1 0 0 0 0 1 0 1 0 1 0 1 1 0 1 1 0 1 1 0 0 0 1 1 1 0 1 1 0 0 1 0 0 0 0 0 0
0 0 1 1 0 1 1 0 1 0 0 1 0 0 1 1 0 1 0 0 1 0 0 0 0 0 0 1 0 0 1 1 0 1 1 0 0 0 1 0 0 0 1 0 0 1 1 0 0 0 1 1 0 0 0
0 0 1 0 1 0 1 0 1 1 0 0 0 0 1 0 0 0 0 1 1 1 1 0 1 1 0 0 0 0 1 1 0 1 1 1 0 1 0 1 0 1 1 1 0 0 0 0 1 1 1 0 0 0 1
1 0 0 1 1 1 0 0 0 1 1 0 0 0 0 0 0 1 0 1 0 0 0 0 1 0 1 1 0 1 0 0 1 0 0 1 1 1 1 0 1 1 0 0 1 0 1 1 1 0 1 0 1 0 0
1 0 0 1 0 1 1 1 0 0 0 0 1 0 0 0 0 1 1 0 1 0 1 0 1 1 0 1 1 1 0 0 0 0 0 1 1 0 0 1 0 1 0 1 0 1 0 1 1 1 1 1 0 1 1
0 1 1 0 0 1 1 1 0 0 1 0 1 0 1 1 1 0 0 1 0 1 0 1 0 1 0 0 1 1 1 0 0 0 0 0 0 0 0 0 0 0 1 1 1 0 0 0 0 1 1 0 0 0 1
0 1 1 0 1 1 1 0 1 1 0 0 1 1 1 0 0 1 1 1 1 0 0 1 0 1 0 1 1 1 0 1 1 1 1 1 1 1 1 0 0 0 1 0 0 1 1 0 1 1 1 0 0 0 0
1 0 0 0 0 1 0 0 0 1 1 1 0 0 0 1 1 0 1 0 0 1 1 0 0 0 0 0 1 1 1 1 1 0 0 1 1 1 1 0 0 0 0 1 1 0 0 0 0 1 1 1 0 0 1
1 1 0 0 0 1 1 1 1 0 0 0 0 1 0 0 1 1 1 0 0 0 1 1 1 0 1 0 1 1 0 1 0 0 0 1 1 0 0 1 1 0 0 1 1 1 1 0 0 1 1 0 1 1 0
0 0 0 1 1 0 1 1 0 0 0 0 1 0 1 0 1 1 1 0 1 1 0 0 0 1 0 0 1 1 0 1 1 0 0 0 0 0 1 1 0 1 1 1 0 0 1 1 1 0 0 0 1 0 1
1 1 0 0 1 0 1 0 1 1 0 1 0 0 1 1 0 1 1 1 1 0 1 1 1 1 0 1 1 1 0 0 1 0 0 0 1 1 0 1 0 0 1 1 0 1 1 0 1 0 1 0 0 1 0
0 1 1 0 0 0 1 0 0 0 0 0 1 1 1 1 1 1 1 1 0 1 1 1 1 1 0 1 1 1 0 1 1 0 0 0 1 1 0 1 1 0 0 1 0 0 0 1 0 0 1 1 1 1 1
1 0 0 0 1 1 0 0 1 1 0 0 0 1 0 1 0 0 1 1 0 1 1 1 1 0 0 0 1 0 0 1 0 0 1 1 1 0 1 1 1 0 1 1 1 0 1 1 0 0 0 0 0 0 0
1 0 1 0 0 1 0 1 1 1 0 0 0 1 0 0 0 1 0 1 0 1 0 0 0 0 0 1 0 1 0 1 1 0 1 0 1 1 1 1 1 1 0 0 0 0 1 0 1 0 0 1 0 0 1
1 0 1 0 1 1 0 1 1 0 1 1 1 0 0 0 0 1 0 1 1 1 1 1 0 1 1 1 1 1 0 0 0 1 1 1 1 0 1 1 0 0 1 1 0 0 0 0 0 1 1 0 1 0 0
0 0 0 1 0 1 0 1 0 0 0 1 0 1 1 0 0 0 0 0 0 0 1 1 1 0 1 1 1 0 1 0 0 0 1 0 1 0 1 0 1 0 1 0 1 1 1 0 0 1 0 0 1 0 1
0 0 0 0 0 0 1 1 0 0 1 1 1 0 0 0 0 0 1 1 1 1 1 1 1 1 1 0 0 1 0 1 1 0 0 0 0 1 1 1 1 0 0 1 1 1 0 1 1 1 1 0 0 1 0
1 0 1 1 1 0 0 0 1 0 1 1 1 0 1 1 1 0 1 0 0 0 0 1 1 0 1 1 1 0 1 1 1 0 1 1 1 1 1 1 0 1 0 0 0 1 0 1 1 1 0 0 0 1 1
1 1 0 0 1 1 0 1 1 1 0 1 0 0 0 0 0 1 0 0 1 1 0 0 1 1 0 0 1 0 0 0 1 1 0 0 0 1 0 0 1 0 1 0 0 1 1 0 1 1 0 0 1 0 0
0 0 1 0 0 0 0 1 1 0 1 0 1 1 0 0 0 1 1 0 1 0 1 1 1 0 1 0 0 0 1 0 0 1 0 1 0 0 1 1 0 1 0 1 1 0 1 1 1 0 0 1 0 0 0
0 1 0 0 0 0 0 0 1 0 0 0 0 1 0 0 0 0 0 0 0 1 0 0 0 1 0 1 1 0 1 0 0 0 1 0 0 0 1 1 0 1 0 0 0 0 0 1 1 0 1 0 1 0 1
1 1 1 0 1 1 1 1 0 0 1 0 0 0 1 1 0 0 0 1 0 0 0 1 0 0 0 1 0 0 1 0 0 0 0 1 0 0 1 1 0 1 0 1 1 0 1 0 1 0 1 0 1 1 0
0 1 1 0 0 0 1 0 1 0 0 1 0 0 0 1 0 1 0 0 0 0 1 0 0 0 1 0 1 1 0 1 1 0 1 1 1 0 0 0 0 1 0 1 1 0 1 0 0 0 0 1 0 1 0
1 1 0 0 0 0 0 0 1 1 0 1 0 1 1 0 1 1 0 1 0 0 1 0 1 0 0 1 0 1 1 1 1 1 0 1 1 0 1 1 1 0 0 0 0 0 1 0 1 0 0 0 1 1 0
1 1 1 0 1 1 0 1 1 0 0 0 0 1 1 0 1 1 0 0 1 1 1 1 0 1 0 0 1 0 1 0 1 0 0 0 1 1 0 0 1 1 1 1 0 1 0 1 1 0 1 1 0 0 1
0 0 1 1 0 1 1 0 1 1 1 1 0 0 0 0 0 1 0 0 0 1 0 0 1 1 1 1 1 1 1 1 1 0 0 0 1 0 0 1 1 1 0 0 0 0 1 1 0 1 1 0 0 0 0
1 1 0 1 0 1 1 0 0 1 1 0 0 1 0 1 1 1 1 0 1 0 0 0 1 0 0 0 0 0 0 1 0 1 1 0 1 1 0 0 1 1 1 0 0 0 1 1 0 1 0 0 0 1 0
0 0 0 0 1 1 1 0 0 0 0 1 0 0 1 1 1 1 1 0 0 1 0 1 0 1 1 0 0 0 0 0 1 1 0 1 1 1 1 0 0 0 1 0 0 0 0 0 0 1 0 1 0 0 0
1 1 0 1 1 0 1 0 0 1 0 1 1 1 1 0 0 0 1 1 0 0 1 0 1 1 1 0 1 0 0 0 1 1 1 0 1 0 0 1 0 1 0 0 1 1 0 0 0 1 1 1 0 1 0
1 1 1 1 1 1 0 1 1 0 0 1 1 1 0 0 1 0 0 0 0 0 0 0 0 0 1 0 0 1 1 1 0 0 1 0 1 1 0 0 0 1 0 1 1 0 0 1 1 0 0 0 0 0 1
1 0 1 1 0 1 1 0 0 0 1 0 0 1 1 0 1 0 0 0 0 0 1 0 1 0 1 0 1 1 0 1 0 0 0 1 0 1 0 1 0 0 1 0 1 1 1 1 1 0 0 1 1 0 1
0 0 0 0 0 0 1 0 1 0 0 1 0 1 1 0 0 0 0 1 1 0 1 0 1 0 0 0 1 0 0 1 0 1 0 0 0 0 1 0 1 1 0 0 0 0 1 1 0 1 0 0 1 0 0
0 0 1 1 0 0 0 1 1 0 0 1 0 0 0 0 1 0 1 0 1 1 0 0 1 1 0 1 0 0 0 1 0 0 1 0 0 1 0 1 1 0 0 0 0 0 0 1 0 0 0 0 1 1 1
0 0 1 0 0 0 0 0 0 1 0 0 0 0 1 0 0 0 1 1 0 0 0 0 1 0 1 0 0 1 0 0 1 0 1 0 0 0 0 0 0 0 1 0 0 1 1 0 0 0 1 0 0 0 0
0 0 1 0 1 1 1 0 0 1 0 0 1 1 1 0 0 1 0 0 0 0 0 0 0 1 0 1 1 0 0 0 0 1 0 1 1 1 1 0 1 1 0 0 0 0 1 1 0 0 0 0 0 0 1
1 0 0 0 1 1 0 1 0 1 1 0 1 1 1 0 1 1 0 0 0 1 0 0 1 0 0 0 0 0 0 0 1 1 1 1 0 1 0 0 0 0 0 1 0 0 0 0 0 0 0 0 1 1 0
0 1 1 0 1 0 1 0 0 1 1 1 0 1 1 0 1 0 1 0 0 0 0 1 0 0 0 0 0 1 1 0 0 0 0 0 0 0 0 0 0 0 0 1 0 1 0 0 0 0 0 1 1 0 0
1 0 1 1 0 1 1 0 0 1 0 1 1 0 0 1 0 0 0 0 1 1 1 1 1 0 1 0 1 0 0 0 0 0 1 1 0 1 0 0 1 1 0 0 0 1 0 0 1 1 0 1 0 0 0
0 1 1 0 1 0 1 1 1 1 0 0 1 0 0 1 1 0 0 1 0 0 0 0 0 0 1 0 0 1 0 0 1 1 1 0 0 0 1 1 0 0 0 1 0 0 0 0 0 0 1 0 0 1 0
C Elapsed Time 59312.780000 
