3355541
5142112
3423135
1552213
1344125
2335242
3552435
4325335
1311222
1422541
2331521
3254351
4122513
5133125
3451245
1133451
2112232
2041241
2524214
1321351
2235124
2255312
2353223
3311444
1232434
1241421
2141414
3132531
3141525
3255423
3414141
4513235
5551515
0553133
1131244
1431535
5234315
1043344
3014314
2541123
2552324
2451134
3244222
3334211
3533312
4334322
1214453
1455444
2433153
3113415
3425342
3522111
3543441
4144215
4154344
4244333
5153313
2221344
3221455
3235235
4415324
5143254
5314245
5415435
1434114
4345523
2211215
4353445
2015345
2514155
4522222
5251224
0153424
1322423
2455555
2551252
3123544
3453452
3524325
4251113
4255534
4314134
4543552
5323232
0012433
1155153
1413554
2241532
2554531
4224145
4332115
5244444
5253431
5533534
1213311
1332552
1521524
1545433
1551141
2535415
3541234
4323121
4424311
5522333
0225432
0152352
0432455
5154455
1052331
2131355
5342355
1221233
2154122
2425231
0043122
3415213
4351231
5352414
5422215
0135443
1224512
2115511
2123433
2213422
2244111
2443212
4344451
4532351
4533423
5341213
5351342
5455111
5055354
0222153
0253542
0352525
1215525
1245142
1525245
2245253
2444354
2534343
3013242
5434551
0424533
0531431
1542154
2013131
5054212
1033215
2523142
5111423
1114335
1354254
3442251
0242341
2031112
4215151
4414252
4045114
5443545
5012322
1534232
1011513
2145135
2151543
2352151
2434225
4435512
4443434
5511132
5542521
0125314
0351453
0431313
0455222
1112121
1035422
3231514
3031223
4143143
4425453
4555125
5225321
5334433
1121115
2412523
3432122
4111312
0442514
0115255
5135332
3154233
4112454
0232212
1024221
3112343
3534454
4135221
5223114
5233243
0141151
0324415
0343531
0411125
1123322
1444243
1553355
2453341
2032254
3252144
3345412
3353334
3025515
3041352
3051411
4252255
4342244
1134523
5331154
1353112
4452421
0421254
1032143
1142445
2325113
5152241
3523253
5115144
2022125
2042313
3324152
5124131
5432344
5514411
0223225
0535152
1015234
3024443
3042424
4121441
0111534
1412412
1045551
4233132
5424422
0142223
0512315
2024332
4033541
5121552
2232545
2545544
5515553
0514522
2133502
2322534
2411451
3454524
4354510
5413221
0124242
2053514
3301315
3443323
3515331
4051522
5211541
5452532
5532402
5022451
0114113
0233354
2454413
3101142
3213533
4253320
4420525
5421143
0402131
0413332
0441442
1335131
2311333
0054323
4541345
0511243
4311555
4012211
0545211
2122301
2155204
2202221
0053251
3335353
0034135
4042535
0522444
0025141
3222520
3055132
4432233
5333301
5441331
5524540
0244555
1140231
1223440
2223551
2401322
2043455
3325224
4225210
4023412
0315421
0341324
1151432
1320144
2321402
4102325
3544513
2035533
5315310
0503321
1251550
1314501
3342133
3551303
3052553
4515442
0312142
1105341
1323505
1403425
1453230
1530511
1555502
1054545
2303411
2313540
2420445
3234103
3352202
3430543
3513124
3032305
4413110
4031334
5214120
5235450
5521201
0243413
0430241
1411340
1445315
2130141
3102214
3433204
3011035
3021104
4431101
5212013
5023523
5044153
0211052
0323343
1425120
3331032
5414303
5425504
0214231
0251335
4125102
4511021
4014425
1001454
2103245
2212350
2502512
2515220
3210254
4243201
4450214
4003224
5215202
0435034
0505535
1143510
1203252
1342011
1554420
2254240
2521035
2542205
3212401
3405154
3452310
4203515
4343310
4540131
4001010
0130515
0440235
0454150
1302235
1420334
1523031
0032021
2105452
2422052
2052442
3340554
3411502
4401544
4013353
5145401
5554104
1433042
1512530
4132042
5353550
5053140
1424055
3135110
3314023
3344340
4104532
4054101
5201412
5345034
5440124
5045225
1204324
1303241
1423013
1520452
1020435
2134034
2203303
2204435
2210143
2330314
2342022
3032413
3143032
3153101
3233021
3420414
3435401
4133014
4335404
4530144
4020133
5110351
5210334
5540242
0143305
0520230
1225054
1234041
1331410
1531053
2543330
3202332
3245304
3441110
3554042
4404123
4512103
5205133
5320511
5412150
5502145
0133230
0524051
1103134
1110542
1122250
1124404
1125530
2550110
5132053
5031445
4412045
4123055
2142550
3512052
4212502
4213044
5540314
0144430
1202110
1243035
1333024
1430321
1514044
2152015
0022502
3121330
3012100
4115033
4324203
4002152
0041015
5310452
5404234
0205244
0555340
1425411
1113203
1211104
1203123
1312304
1343053
1340332
1410133
1440522
1401152
1010441
1025303
2101031
2113304
2132420
2250454
2320255
2415102
2440033
3012225
3104421
3114550
3224034
3230442
3241043
3320431
3330425
4130435
4152130
4211430
4222031
4310413
4410531
4450142
4502034
4523304
4542410
4553011
4041403
5144320
5104514
5230522
5411014
5433410
5435023
5530113
5550443
0132104
0155031
0303155
0334544
0444021
1132310
1144052
1242503
1305514
1452105
1541012
1021042
2104251
2333035
2510434
3134045
3151054
3250505
3421021
3010521
4045232
4101124
4220424
4231025
4421032
4422104
4544024
0131022
0554205
2234052
2421510
2512041
0404345
2214321
4055243
4445041
4505313
3120123
3351120
4024554
5122024
5312031
5332220
0313325
1235013
1255201
1402353
1544301
2501311
3105434
3532240
3501422
4005431
5140533
5101235
5504352
5535041
5003335
5010115
0501114
0144541
0031550
1145024
1150225
1315043
1443101
1451023
1510323
1511405
5155520
2355430
2525350
0013505
2011024
3130324
3243150
3322045
3304535
3003113
4120234
4204521
4333250
4504241
4521150
4504112
5232101
5243302
5310524
5343420
5344502
5541450
5033052
0221545
0140044
0231140
0415540
0001232
0114224
4332441
1435145
1122132
1230220
1502342
2311145
3130252
3205552
3444405
3035044
4242120
4300212
4441220
4505254
4040321
4050315
5034142
0002245
5245510
0103553
0224300
0250121
0313214
0433520
0513450
0532543
0542032
1341540
2230331
3303522
3520532
4032524
4140422
0314350
1330345
4355052
5530255
5043011
0235501
1304442
4201242
1230155
1524103
1013020
1050124
2304553
2354305
2430432
2533201
2004144
2044520
3533555
3125051
3315105
3501551
3545055
4235340
4202314
5120345
5250152
5305251
0134301
0533045
5142334
4153535
0243524
0414515
0431424
1231302
1324030
1350533
1304313
1402224
1543220
1041130
1042202
1053403
2140342
2231433
2252533
2253105
2233234
2205441
2314412
2324041
2343104
2532130
2502453
3120205
0051044
3200125
3430015
3434330
3550221
4031452
4151253
4105545
4202443
4220352
4230411
5213555
5431202
5505424
5513343
0112551
0055513
0215303
0210445
0321130
0350240
0451501
0530224
0544140
0535203
1115400
1152504
1022014
1023150
1044410
2525522
2303352
2404542
2520503
0015012
3040145
4110240
4124020
4210223
4321014
4401415
0055405
5335505
5555230
0151210
0445103
0452043
0450304
2513013
5025155
0331205
0035311
1345200
2143021
4034013
4312020
0233111
1305455
1135005
4525501
3323010
4014543
5224250
5202425
0325550
1131133
4214342
0521413
1030030
1034350
1003532
2522243
2124505
2312405
0045330
2431040
2432011
2544402
3242415
3203345
3410355
3403511
3510545
3531105
4453503
5545343
5131011
5201353
5324304
5445052
5531320
5001121
0545454
0205115
0301512
0010154
0135554
0231251
0233405
5252511
2333513
3455333
3553244
0015123
1333333
1544534
1254132
1204205
1355324
1012055
2023315
2051425
2130213
2222410
2301204
2315054
2332003
2445420
2023200
2055021
3144104
3140311
3232050
3313051
3343205
3410420
3015451
3030151
4134150
4250041
4254402
4303033
4022340
5325440
5410042
5020302
0023034
0054441
0122035
0150145
0201523
0420112
0422320
0413144
0523510
2125425
5315532
3341435
5441553
2531542
1015352
1041255
1053521
1454302
2214504
2345331
2340443
2350502
2403530
2442140
3321533
3044031
4145350
4330530
4341152
4434440
4440155
5101304
5103501
5125233
5241105
5340141
5021310
5051033
0330051
1100413
1000312
2345515
3004255
4113523
4423240
5005413
1135212
4155414
4501533
5525012
3140453
3220313
2525134
3221212
3555014
3005320
4534505
0044204
1250415
2423024
3342542
3122402
3322321
5450325
5005542
0254014
0212135
5311111
3511354
1113145
1244000
1252022
1435250
1404431
1535304
1503414
0052114
2025404
3011153
3214005
3220241
3500344
3053025
4310341
4322542
4342432
4403051
4454035
4514300
0145502
5035214
5352123
5202554
5313103
5302543
5423350
5512204
5544035
5002134
0102411
0300434
0412200
4113152
4232323
1312253
0354143
0355215
5021531
0025252
4054434
1210032
1212244
1313430
1450051
1502401
1515251
2033444
2042431
2104310
2121220
2150401
2224023
2220130
2300132
2351013
2400115
2410244
2021053
2050235
3231341
0021420
3110130
3111201
3145240
3150512
3150440
3223002
3251131
3341001
3540102
3034502
4321323
4541511
4353154
4130303
4230553
4234204
4241354
4331043
4352303
4524432
4551332
4551404
5252300
5255245
5200211
0005524
5503151
5004341
0255055
0332330
0550412
1154011
1503543
1532025
2111100
2510302
2553400
2550045
3400301
3530033
3525143
4020251
4221500
4442302
5510500
0011301
5011250
5013404
5421434
0120521
0345045
0425005
0541500
1200531
1220101
2012114
3312512
4153202
4102200
5403102
1500204
2014203
5100222
2310201
4305140
4455000
4545322
2503525
5112505
5222042
3102155
5504223
0134412
0322312
2520421
3105503
5242230
0550554
4522555
1401211
1441004
1550034
1504550
2251001
0002304
2010410
3154115
3422003
3511410
3535520
4141030
4142001
4433305
4554553
5321025
5014530
5032510
0352234
0104025
0234420
0521302
0123211
3253053
5405521
5523120
4555451
1020553
1251314
1141323
1101501
1104140
1301103
1310150
1310015
2450520
0020213
2153050
2240325
2304424
2410313
2401203
2004015
3145121
3131400
3101013
3253210
3303403
3504130
3525400
3022233
3040210
3045203
4313002
4340005
4405205
2002030
5123442
5304110
5523405
5553022
4520043
5041504
0110320
0154500
0210510
0241134
0311503
0335020
0344252
0350311
0534334
5151321
1225543
0551020
1403300
2030105
2114440
2120012
2200513
2320320
2020540
2033320
3414432
3115322
3402505
3023301
4140504
5014054
5004400
0034253
0535325
0120450
0404210
1031001
3333140
1522000
2225205
3215040
3213112
0004511
4205022
5350135
0322201
0525023
0534010
1241214
2000423
4100111
5020244
5052005
0101405
0212024
0004452
2323454
5012544
1352140
1501330
1001325
2120154
2135323
2435300
2432335
2501440
3103350
3033430
4004355
4022405
5134200
5254503
5015001
0100333
0101340
0540425
0540353
0050531
3133343
0141202
4030120
0403314
5422430
0510212
1543115
5043233
1111050
1410205
0503202
2053032
2125040
2144003
2302340
2342210
2402404
2503054
2034401
2051300
3555250
3155315
3103220
3201200
3354404
3401433
3412534
3452031
3502023
3001540
4023530
4123331
4240012
4245425
4300354
4302551
0030342
0005053
5010233
5220403
5240051
5200340
5303044
5440200
5442403
0030414
5035100
0105120
0113041
0250203
0340110
0354032
2042501
0405410
0423401
0500013
4011141
0122140
3124353
0304331
5034525
1100555
1130354
2040152
2202102
2205500
2400250
2003043
3020050
2005210
2040334
4050450
3003231
3444012
3450103
3404053
4150551
4201301
4451350
4515514
4531215
4552540
5222535
5320053
5450253
0040543
0103012
0200451
0305233
0510101
3024110
4103440
4035055
5552050
0320022
1420202
3315230
0502250
1105223
0405351
1222325
3322354
5013512
2054552
5221122
0241310
4444132
1004022
1153043
1102033
1201045
1505040
2505101
2531004
2001505
3104302
3330500
3002041
3043500
4413401
4104403
4210305
5212440
5300323
5354021
0110402
0414404
0152403
5203141
0033003
3245531
0204154
0353001
0411230
2413443
1421305
1512424
3534121
0552122
1051155
1111431
1432201
1002515
1110114
0130000
1233500
1215330
1415051
1434403
1442030
1540505
1055010
2234510
2055143
2100524
2150330
2242004
2344230
2430504
2452242
2405014
2045002
3210011
3050343
3400232
3521040
3540020
3503030
3504001
4010004
4450433
4403213
4223453
4200035
4301420
4540203
4021205
4044042
4000444
5354330
5130404
5311000
5430001
5454040
5411520
5002203
5041432
0024124
0251102
0202530
0301041
0330123
0355104
3440340
1451512
2453121
0020355
4504445
1010003
1114210
1323214
1515114
2441305
2555003
4040512
4452012
4131510
4500153
2202055
5250010
5520054
0302054
0434102
1102522
1150300
1530440
2341050
4015550
4024002
4320400
4434054
1250343
5505305
5042040
0443050
2205334
3205011
3211323
3500215
5515025
2215414
2111042
2032332
2110025
3203434
3302450
4304225
5141045
5322105
5430130
0544312
0301221
4433222
0544423
5224401
0234532
3250232
5330234
4452554
3513501
0520341
1414520
1240113
1253004
1340404
1301034
1440450
1520310
1002420
5420223
2454211
2102103
2110553
2240400
2352044
2414030
2440511
2505032
3005445
3023421
3051530
3300243
3445530
3431354
3510403
3000534
3043054
4045440
4155301
4150023
4245003
2300000
4411053
4444500
4432500
4535430
4010332
5003453
5544251
5231030
5330012
5220015
5451400
5503210
5035231
0130132
0221011
0220514
0245220
0200322
0305302
0310035
0333412
0453435
0255100
5442025
4053302
2350353
2305025
2413005
2500541
2540051
3542300
4201135
5044305
4200104
4500520
5120410
5541144
5031343
5000555
0222204
3301250
5453205
5102430
5123000
1005105
1334455
0112010
3002012
4350024
0145013
0242452
0423552
1554315
1205402
1405432
3025033
3204410
3424200
3553523
5402311
5450544
5023324
5132540
5301530
5305122
5543003
0121003
5024235
5155042
2103110
0251440
2254525
5321240
0344014
3340221
4412331
5420151
4430352
0504504
0001103
0340303
5502231
1143402
1055035
1124343
1120021
1140100
4204050
1245355
1202051
1350421
0302313
1405503
1400044
0420010
1014102
1034504
1040023
2110535
2324450
2031230
2035051
2243543
2102444
2221151
0204043
2424100
3140335
3054244
3204544
3240430
3350113
3405025
3514200
4011214
5120031
4034031
4054220
0515140
4025320
4204230
5231503
5343130
5113034
5150134
5100103
5000021
5203020
5204032
5300405
4005503
5401055
5401441
5400454
5404135
5501003
5550321
1051200
3000402
0230033
0400552
0400423
0552501
0300545
5355422
5532014
1325002
1513432
2244045
2500233
2030222
3033134
3304101
4335153
4042053
4442113
1300520
5405240
0315344
4151005
1531122
2530550
3152020
0000140
4515015
5303015
3302124
0040401
1014151
1542043
1505121
2334100
3124511
3201024
3350055
4403342
4114011
4335011
0014040
4530002
4043105
5355203
0242105
0501355
0053410
3213300
4240245
0052220
2345150
0401002
2413255
2500335
1252452
1401443
1240544
1330253
1533100
2020011
2140224
2215030
2201120
3320004
3150322
3235002
3310302
3402440
3550154
3024122
4525044
0411411
4042141
3100052
4405130
5051051
5104043
5114002
5113210
5151150
2230004
5240023
3100510
5403033
0402422
0342400
0453315
0512004
0324524
0424044
0514033
2454004
2013552
3343114
3505212
4400020
4240540
4503100
4030200
5040415
5105050
5205004
5444513
5234024
4011402
0334003
2220242
2405143
2002351
4510122
5524013
1503005
1351005
0050042
2330453
3202253
3442044
4214414
5111325
5330040
0201404
3115241
0100243
4351504
4433231
5440411
3445224
0000501
0223331
1542320
1050242
5023045
2001150
2315403
4101451
2344133
2504020
2223010
2545010
3055000
5500430
5030350
4114105
4315201
4303504
3413022
4510050
4533040
0013340
5534421
5202252
5351401
5050420
0104054
0123103
0443243
0410253
0520105
0543404
0443351
1501225
1330102
1530135
2004202
3515504
3300042
4043025
4402343
5105015
0240002
0020025
1035540
1000111
5405312
0503442
3225112
3443040
5432035
5453024
1252345
5132245
0042350
5050504
2121554
2310122
4400402
4510455
4520115
5545105
0203030
3224213
0303100
2352400
1430210
0252030
1121420
2424323
3354020
3332154
3423550
4034245
0003000
1331300
4304044
5041022
5302502
0141033
3112004
0413023
4551240
1000014
0343442
4401330
2404201
3522504
4530310
1000240
1004233
4322550
3005333
5354055
1054033
4052023
2511555
4300101
5402002
4240250
0213250
4550002
5423041
5500532
0315131
2530021
5151002
2325001
3444450
2030523
3305004
4105002
0014201
0505142
3142455
1045141
3142430
3051252
0354111
3231144