0000000
1111100
2222200
3333300
4444400
0212002
1004021
4112220
1400042
2022412
2324401
2242010
2401342
1312330
3023210
4222022
4024011
3441321
2231240
0042400
0322302
0404240
1043200
4442122
4304412
2323010
3110030
3011001
4204040
3142000
4133420
0430322
0200341
4303021
4012300
3423341
0134221
1130022
0002331
4342202
2103412
2202440
2433311
2010202
3104211
1003131
1410420
2414221
0221040
3334240
0122010
1310001
0203011
1244432
2041330
2311302
1123311
0034301
2240230
3444041
4241440
2113340
1403211
4214421
4313401
4044320
4121210
0210222
2233021
3021431
1040031
2332001
0440201
2201220
3421010
2414442
3300441
4202210
4422312
4120320
3234321
3240310
4301240
1402320
4224302
4114001
1320430
2124112
1232222
2321232
1230441
0132441
3101041
4443010
2001211
4344030
0032022
3420121
1022000
0013102
1033320
0340332
4201320
1412201
2111011
2413000
1330311
3431440
3030420
3211340
4432241
2243402
3241032
1324042
1031041
2213211
0222432
0040122
3440412
1121031
4030312
1332142
0204312
1142232
4400242
4240042
1420342
4220241
0120242
4312012
1000442
0230033
0222403
0201223
0044233
4014143
1121023
4200443
0104003
3411123
1414033
0324123
0442023
1142203
1024303
1202013
2122313
3204133
0243143
4234203
4441243
2240213
0332213
4103213
4001033
2101143
0230034
0222404
0201224
0044234
4014144
1121024
4200444
0104004
3411124
1414034
0324124
0442024
1142204
1024304
1202014
2122314
3204134
0243144
4234204
4441244
2240214
0332214
4103214
4001034
2101144
0141430
4014131
3144331
3414300
2331110
1323102
2110121
0223320
2011142
3133012
3430001
3303110
3012442
2423430
4134310
0333122
0130111
4002421
3342340
1103000
1433402
1010340
2104300
0003222
0410012
3434110
4221130
4122101
0310140
4203100
0244020
1041422
1311441
0414121
0123400
4034441
1240321
2241122
1113431
0403302
3214012
3313040
3044411
3121302
4210311
2114231
2021020
3020321
1332140
4440340
1233110
2421101
1314111
2300032
3102430
3422402
2234411
1140401
3301330
4000141
0302040
3224440
2014311
0320021
0424001
0100420
0232310
1321322
3344121
4132031
2101131
3443101
1001301
3312320
4032110
3020042
4411041
0313310
0033412
0231420
4340421
4301410
0412340
2013420
0330402
0220101
2431030
3230212
2343322
3432332
2341041
1243041
4212141
0004110
3112311
0400130
1143122
4031221
2133100
1124202
2144420
1401432
0312420
2023301
3222111
3024100
2441411
4042040
4141020
4322440
0043341
3304002
4302132
2430142
2142141
3324311
1333032
1101222
4001012
2232131
0141412
2443242
1310412
2203332
0011342
0301142
2031442
0331341
1231342
0423112
2111042
1341133
1333003
1312323
1100333
0120243
2232123
0311043
1210103
4022223
2020133
1430223
1003123
2203303
2130403
2313113
3233413
4310233
1304243
0340303
0002343
3301313
1443313
0214313
0112133
3212243
1341134
1333004
1312324
1100334
0120244
2232124
0311044
1210104
4022224
2020134
1430224
1003124
2203304
2130404
2313114
3233414
4310234
1304244
0340304
0002344
3301314
1443314
0214314
0112134
3212244
1202030
0120231
4200431
4020400
3442210
2434202
3221221
1334420
3122242
4244112
4041101
4414210
4123042
3034030
0240410
1444222
1241211
0113021
4403440
2214100
2044002
2121440
3210400
1114322
1021112
4040210
0332230
0233201
1421240
0314200
1300120
2102022
2422041
1020221
1234000
0140041
2301421
3302222
2224031
1014402
4320112
4424140
4100011
4232402
0321411
3220331
3132120
4131421
2443240
0001440
2344210
3032201
2420211
3411132
4213030
4033002
3340011
2201001
4412430
0111241
1413140
4330040
3120411
1431121
1030101
1211020
1343410
2432422
4400221
0243131
3212231
4004201
2112401
4423420
0143210
4131142
0022141
1424410
1144012
1342020
0401021
0412010
1023440
3124020
1441002
1331201
3042130
4341312
3404422
4043432
3402141
2304141
0323241
1110210
4223411
1011230
2204222
0142321
3244200
2230302
3200020
2012032
1423020
3134401
4333211
4130200
3002011
0103140
0202120
0433040
1104441
4410102
0413232
3041242
3203241
4430411
2444132
2212322
0112112
3343231
1202012
3004342
2421012
3314432
1122442
1412242
3142042
1442441
2342442
1034212
3222142
2402233
2444103
2423423
2211433
1231343
3343223
1422143
2321203
0133323
3131233
2041323
2114223
3314403
3241003
3424213
4344013
0421333
2410343
1401403
1113443
4412413
2004413
1320413
1223233
4323343
2402234
2444104
2423424
2211434
1231344
3343224
1422144
2321204
0133324
3131234
2041324
2114224
3314404
3241004
3424214
4344014
0421334
2410344
1401404
1113444
4412414
2004414
1320414
1223234
4323344
2313130
1231331
0311031
0131000
4003310
3040302
4332321
2440020
4233342
0300212
0102201
0020310
0234142
4140130
1301010
2000322
2302311
1224121
0014040
3320200
3100102
3232040
4321000
2220422
2132212
0101310
1443330
1344301
2032340
1420300
2411220
3213122
3033141
2131321
2340100
1201141
3412021
4413322
3330131
2120002
0431212
0030240
0211111
0343002
1432011
4331431
4243220
0242021
3004340
1112040
3400310
4143301
3031311
4022232
0324130
0144102
4401111
3312101
0023030
1222341
2024240
0441140
4231011
2042221
2141201
2322120
2404010
3043022
0011321
1304231
4323331
0110301
3223001
0034020
1204310
0242242
1133241
2030010
2200112
2403120
1012121
1023110
2134040
4230120
2002102
2442301
4103230
0402412
4010022
0104032
4013241
3410241
1434341
2221310
0334011
2122330
3310322
1203421
4300300
3341402
4311120
3123132
2034120
4240001
0444311
0241300
4113111
1214240
1313220
1044140
2210041
0021202
1024332
4102342
4314341
0041011
3000232
3323422
1223212
4404331
2313112
4110442
3032112
4420032
2233042
2023342
4203142
2003041
3403042
2140312
4333242
3013333
3000203
3034023
3322033
2342443
4404323
2033243
3432303
1244423
4242333
3102423
3220323
4420003
4302103
4030313
0400113
1032433
3021443
2012003
2224043
0023013
3110013
2431013
2334333
0434443
3013334
3000204
3034024
3322034
2342444
4404324
2033244
3432304
1244424
4242334
3102424
3220324
4420004
4302104
4030314
0400114
1032434
3021444
2012004
2224044
0023014
3110014
2431014
2334334
0434444
3424230
2342431
1422131
1242100
0114410
4101402
0443421
3001120
0344442
1411312
1213301
1131410
1340242
0201230
2412110
3111422
3413411
2330221
1120140
4431300
4211202
4343140
0432100
3331022
3243312
1212410
2004430
2400401
3143440
2031400
3022320
4324222
4144241
3242421
3401200
2312241
4023121
0024422
4441231
3231102
1042312
1141340
1322211
1404102
2043111
0442031
0304320
1303121
4110440
2223140
4011410
0204401
4142411
0133332
1430230
1200202
0012211
4423201
1134130
2333441
3130340
1002240
0342111
3103321
3202301
3433220
3010110
4104122
1122421
2410331
0434431
1221401
4334101
1140120
2310410
1303342
2244341
3141110
3311212
3014220
2123221
2134210
3240140
0341220
3113202
3003401
0214330
1013012
0121122
1210132
0124341
4021341
2040441
3332410
1440111
3233430
4421422
2314021
0411400
4402002
0422220
4234232
3140220
0301101
1000411
1302400
0224211
2320340
2424320
2100240
3321141
1132302
2130432
0213442
0420441
1102111
4111332
4434022
2334312
0010431
3424212
0221042
4143212
0031132
3344142
3134442
0314242
3114141
4014142
3201412
0444342
4124433
4111303
4140123
4433133
3403043
0010423
3144343
4043403
2300023
0303433
4213023
4331423
0031103
0413203
0141413
1011213
2143033
4132043
3123103
3330143
1134113
4221113
3042113
3440433
1040043
4124434
4111304
4140124
4433134
3403044
0010424
3144344
4043404
2300024
0303434
4213024
4331424
0031104
0413204
0141414
1011214
2143034
4132044
3123104
3330144
1134114
4221114
3042114
3440434
1040044
4030330
3403031
2033231
2303200
1220010