34053515
00414013
40025220
04004231
05000421
00151121
05442544
03124555
00115251
00120024
00105200
00140003
32152415
55103132
22205143
05011144
00220212
04402355
00242351
04515412
00204120
00303431
02311154
03321500
50332223
00125513
00354302
00230345
00151305
00411442
00422205
04433511
00444234
03015121
05033213
03521314
50043410
00523453
00550400
00545522
50520052
00215455
05055352
00413325
04042102
00035404
00505301
00050533
01451205
00521103
02422105
01420515
01130231
01041154
01152300
31003023
01105434
01110450
01120103
01131520
01142242
01153205
01104311
01203322
11210445
01221401
01232114
01243530
01254253
05112432
05123155
01311333
51322050
01333402
01344125
01355541
01300204
21531505
01412021
01423344
01434000
01445413
52450125
50430110
01502503
01513210
01524032
01535355
01545001
01550424
01501140
01003151
11014544
01225222
40100043
05134501
01051012
01002435
30200504
02010341
05145224
02031410
02042133
02453550
00241240
32100213
04451032
02121352
02132005
02143421
02154144
03540325
03141013
02211224
02222040
02233303
02244010
02255432
32200155
03052330
02312512
02323235
02334051
02345324
04520435
02310443
52402454
02413100
02424523
02435240
04530151
02450315
02401031
02503042
02514405
02525111
02530534
42540253
12551103
02500320
05044330
02015053
00251414
02030122
32541545
02052201
20331112
05300303
51050500
03021243
15232344
03043312
13054435
43405451
03100402
03111115
03122531
03133254
00342535
43155323
05213020
20353251
03212403
03223120
03234542
13245205
03250411
03210334
03302345
03313001
03324414
03335133
43343553
20532510
03311522
03443033
03414350
03425002
03430425
03440141
03451504
03442211
53504221
03515044
00304141
03530013
03541433
03552152
00533505
05415331
23012232
00421054
03031301
23042024
03053440
03004103
04221311
05224443
04022422
04033145
04044501
04055214
05235100
14101041
04112304
04123010
04134433
04145150
04150532
54100225
04202230
04213052
04224305
04235021
34240444
04250100
44201513
04303524
04314240
04325003
04330310
04340032
04351455
44322101
04404112
04415535
54420251
20443123
04441320
04452043
04403002
00454540
04513123
04520540
04531202
44542015
04553331
04504054
05240512
04010411
04021134
04032550
24043213
04432434
04005342
35031532
55112255
00315504
05034324
02013434
04000003
05250235
05102120
05113543
05124200
05135012
15140335
05150051
05101414
05203415
05214131
05225554
04443455
05240023
05251340
05202002
00522342
05315420
05320142
15330505
05341211
05352034
05303350
33451423
03502404
05425430
05431153
50531405
05453222
35414045
05251051
05510342
05521025
05532441
05543104
05554510
05505233
33000444
04554123
05122313
00544411
05044452
45055105
00555134
05314315
22022210
04541504
03000520
05325031
05330454
55340100
05351523
00114422
10125445
00132101
50140514
20151230
00012214
05352244
00215310
00341350
00034353
00241102
00252525
05203241
00305252
05404250
00320321
00331040
04111253
00353113
04552220
45415203
32353425
01033335
00432332
40353000
22454421
00405124
00500135
00511551
40522244
00533040
03544343
15420320
01014051
00001403
51025404
00023502
45234215
04133322
01043543
05430042
10002305
10015024
04144045
04155401
13041512
12252232
01104023
05441405
10110312
50441533
10131451
10142104
10153520
10104243
10200254
05452111
10221323
50005555
10243402
10254115
10205531
00231035
10311205
10322011
10333334
10344054
10355403
10300020
01450130
12412553
10423200
10434022
10445345
10450001
15410414
10502425
10513141
10524504
10535210
10543033
10550354
13531502
01115340
10014430
10025152
04100114
10040221
10051044
05403534
11005550
11310243
01020020
11031342
11142105
11053411
11004134
11100145
11110501
11121214
11132030
11143353
11154410
11125422
11200433
11211150
11222512
11233225
11244041
11255304
11200000
11301021
11312444
11323100
11334513
11345230
11350052
11303355
11402310
11413532
11424455
11435101
11440524
11453240
11401003
11503004
11514320
11525043
11530450
11540112
11551535
11502251
11004202
11015015
11020331
11030154
11041400
11052123
10300542
05545545
12310452
12021105
12032521
12043244
12554000
12005313
12105324
12111040
12122403
12133114
12144532
12155255
12100001
12201012
12212335
12223051
12234404
12245120
12250543
01130415
12302200
12313023
12324340
12335002
12340415
12350131
12301554
12403505
12414211
12425034
12430350
12440003
12451420
12402142
12524153
12515500
12520222
12530045
12541301
12552014
12503430
12005441
12010104
12020510
12031233
12042050
12053302
12004025
13000215
13011031
13022354
01141131
13044423
13055140
01152554
13101533
13112220
13123042
13134305
13145011
13150434
13100150
13202101
13213514
13224230
13235053
10241340
13250022
13201445
13303450
13314122
13325525
13330241
13340304
13351310
13302033
13404044
13415400
13421113
13430530
13441252
13452005
13403321
13505332
13510055
13520401
13531124
13542540
13553203
13504010
05510201
13010343
04201125
13032412
13043135
13054551
13005204
14001404
14012110
14023533
14034250
14345042
14150325
41205211
14102052
14113405
14124121
14135544
14140201
14153013
14101330
14203340
14214003
14225410
14230132
14240555
14251251
14202024
14304035
14315351
14320214
14333420
14341143
14352500
14303212
14405223
14410040
14420302
14431015
14442431
14453154
14404523
14500511
14510234
14521050
14532303
14543020
14554442
14505105
35520014
14011522
14022245
14033001
14044314
14055035
14000453
15002043
15013300
15024012
15035435
15440151
15150544
15001224
15103231
15114054
15125300
15130123
15140440
15151102
15102515
15244521
15215242
15220005
15230311
15241034
15252450
15203133
15305114
15314530
15320253
15331000
15342322
15353045
15304401
15401452
15410125
15421541
15432204
15443010
15454333
15405050
05531330
15511413
15522130
15533552
15544205
15555021
15500344
15011355
15012121
15023424
15534140
15045503
15050210
15000032
10003122
10014545
11125231
10030014
01210034
10051053
05542053
10104410
10115133
10120550
10130242
10141025
10152341
01220350
31231223
10210421
10220144
10231500
10242213
10253030
13204352
01242420
20310000
10321432
10332155
10343541
10354224
01253142
00505012
10411354
10422020
10433443
10444100
10455512
10400235
10501240
10512002
10523315
10534331
10545454
00020100
10500523
10002534
10013250
01204505
10035320
04212541
30050425
10001111
25005412
53021345
20020551
20031204
01310222
20453343
05553403
55504122
20110423
20121140
20132502
20143215
20154031
20105354
20200305
24211111
20222434
20233150
20244533
20255220
01321045
20301053
21312322
20323022
20334445
20345101
20350514
01332301
20402241
20413004
20424310
20435033
20440450
25450102
20401525
23503535
20514252
03450453
20530321
20540044
23551420
22502113
23004124
20015540
01343014
01354430
20041332
20052055
01305153
05010550
21010314
21021030
21032453
21043105
21054522
21505245
21100250
21111002
21122325
21133041
21144404
21155110
21142533
21201544
21212200
21223013
21234330
21245052
21250405
21200121
21302132
21313555
21324201
21335024
21340340
21251003
21301410
21403420
21414143
21425500
21430212
21440035
21451351
21402104
21504015
21515431
21524154
21500550
21541223
21552040
21523302
21005343
04223204
21020442
21031125
21042511
21053234
01411510
01422233
22011503
03514533
22033032
22044355
22255501
22300424
22101435
22112151
22123504
22134220
22145043
22150300
22120012
22252023
22213440
22224102
22235515
22240231
22250054
22231300
22303311
22314034
22325450
22330103
22343520
22351242
22302005
01433053
22415322
22423045
22430401
22441114
22452530
22403253
22525204
22513013
22520333
22531050
22542402
22553125
22504541
22000552
22010245
22021021
22032344
01444302
22054413
22005130
23001325
23012142
23023405
23034111
23045534
23350250
05021202
23102014
23113330
23124053
23135430
23140122
23150545
23101201
23203202
23214025
23225341
23230524
23240410
23251133
23202550
23304500
23315213
23320030
23330352
23341005
23352421
23303144
23405155
23410541
23420224
23431040
23442303
23453010
23404432
23500443
23510100
23521512
23532235
23543051
23554304
23525025
01455025
23011454
23222131
23033523
23044240
23055002
23243315
24002505
24013221
24024044
24035303
50054132
24050430
24401152
24103103
24114510
24125232
24130055
24140301
24151524
24122440
24204451
24215154
24220520
24230243
24241000
24252312
24213135
24305040
24310402
24320115
24331531
24342254
24353004
24304323
24400334
24414050
24421403
24432120
24443542
24454205
24405011
24500022
24511345
24522001
24533414
24544130
24555553
01400441
50542121
24012033
24023350
24034452
24045425
24050141
01501452
25003054
25314443
25025123
02115230
25040204
25051015
25002331
25104342
25115005
25123411
25130134
25141550
25152203
25103020
25205034
25210353
25220400
25231422
25242145
25253501
25204214
25300225
25310041
25321304
25332010
25343433
25354150
25305522
25400513
25411230
25422052
25433305
25444021
25455444
01512115
25501101
25512524
25523240
25534003
25545310
25550032
25500455
25002400
25013112
25024535
25035251
23030000
25050320
25231543
24504233
01523521
01534244
34234512
20041441
20252104
20003510
25105521
23110244
05032025
20131313
20542410
20153452
20104105
11550313
20210532
20221255
20232011
20243324
20254042
20205403
00410152
20311120
20322543
25333232
25344012
20355335
04245333
41013403
20412415
20423131
20434554
20445202
50452250
01024110
20502350
20423400
20524420
20535142
20540505
20550211
20501034
01035532
20014301
20425414
01040255
20040153
24001210
20002222
00431221
30010240
51201324
30032315
30043031
30054454
25043341
30100111
30111534
30122253
32133033
30144320
30155042
02004514
30201450
30212122
30223545
30234201
30245014
31255330
03503110
03525250
30313410
30324133
30335550
30340202
21350023
30301341
30403352
01015200
30425421
30430144
03435314
30451213
00402030
30504045
30515303
02041022
30530432
30541155
30552531
30503224
30005235
02052445
04231440
02105102
30042443
02110525
00234412
05054004
31011425
31022141
31033504
31044212
31055033
02120241
31101303
31112013
31123430
31134152
31145505
31150221
31100344
31202055
31213351
31224024
31235441
31240103
31250510
31201232
31303243
31314000
31325312
31330035
31340451
31351104
31302520
31404531
31415254
02131004
31430323
31441040
31452402
31403115
31505120
31510542
31520205
31531011
31542334
31553050
31534443
31322414
31010135
31021553
31032200
31243022
31054345
02142310
32001251
32012004
32023320
32034543
32345400
32053112
32040535
32102540
32113202
32124015
32135331
32140054
32250203
32101123
32203134
32214550
32225253
32230020
32240342
32251005
32202411
32304422
32315145
32320501
32334214
32341030
32352353
35003500
32405010
32410433
32420150
32431502
32442225
32453041
32404304
50505013
32510021
32521444
32532100
32543513
32554230
32505152
02153333
32011310
32022032
32033455
32044121
32055524
02104450
33342430
33013153
33024520
33035222
33040045
33050301
33001014
33103025
33114441
33125104
33130510
33140233
33151050
33102332
33204313
33215030
33220452
33233105
33241521
33252244
04302413
33305001
33310324
33320544
33331403
33342110
33353532
33304255
33400200
33410012
33421335
33432051
33443454
33454120
33405543
33500554
33511220
33522023
33533340
33544002
33555415
33500131
33001142
33012505
33023211
33034034
33045350
02210113
02221533
02232252
34014332
34025055
34130401
34040124
34051545
34022203
34104204
34115020
34120343
02243005
34141412
34152135
34103551
34205502
34210215
34220031
34231354
34242412
34253423
34204140
34300152
34310523
34321220
34332042
34343305
34354011
34305434
34400445
34411101
34422514
34433230
34444053
34455300
34400022
34501033
34512450
34523102
34534525
34545241
34550004
34500310
34002321
34413044
34024400
34035113
34442530
34050252
02254321
35004105
35015511
35020234
02205344
35041303
35052021
35033442
35105453
35114100
35120522
35131245
35142001
35153314
35104030
35200041
35210404
35221110
35232533
35243250
35254422
35205325
35300330
35311052
35322405
35333121
35344544
35355200
35310013
35401024
35412340
35423003
35434410
35445132
35450555
35405201
35502212
35513035
35524351
35535054
35540420
35550143
35501500
02300055
35014223
35025040
35030050
35143515
35051431
35002154
30025344
00055243
30020413
30031130
30342552
30053205
12311411
02322124
30110355
30121001
30132424
30143140
30154503
33135210
02333540
30211043
30222300
30233012
30244435
30255151
02344203
30301515
30312231
30323054
35334302
30345023
30350440
02355010
30402103
30413520
30424242
30435005
30440311
30450034
31421552
31503401
30514114
30525530
30530253
00012323
30551322
32552245
00011035
30015402
30323125
30030541
34441204
30052010
30003333
00104332
40211351
40322003
40533420
40044142
45455555
03551041
40101222
40112045
40123301
44134014
40145433
40150153
00045115
40202510
40213233
40224050
40235322
40240025
40250441
42201104
40303105
40314521
40325244
02401343
40340313
40351530
40352452
40404403
40415110
40420532
40430255
44441441
40452324
04313130
40505051
40510444
40520120
40531543
45542200
40553512
42504335
00022451
02423412
40021415
40032131
40043554
02434135
40005021
41001113
41512530
41023252
41034525
41045321
41150044
00113011
41102421
41113124
41124540
41135203
41140010
41150332
41101055
02445551
41214412
41225135
41230551
41243204
41251020
41202343
41304354
41315102
41320423
41330140
41341502
41352215
41303031
41405042
41410305
41420011
41431434
41442150
41453503
41404220
41500230
41510053
41521300
41532022
41543445
41554101
41505514
50553544
41011241
41022004
41033310
41044033
41055450
41000102
42102302
42013015
42024431
42035154
42040500
42053223
42001040
42103350
42114303
42125020
42130442
42140105
42151511
42102234
42204245
42215001
42220314
42230433
42241453
42252130
42203522
42305533
42310250
42325332
42331325
42342041
42353404
42304110
42453121
42413544
42421200
42432013
42443330
42454052
42405425
42500410
42511132
42522555
42533201
42544024
42555340
02450244
04324552
42012420
42023143
42034500
42045212
42050035
42000351
43003541
43014204
43025013
43430333
02502031
43251452
43302125
43144130
43115552
43120235
43130021
43141344
43152000
43103413
43205424
43210140
43220503
43231210
43242032
43253355
43204041
43300012
43310435
43321151
43332504
43343220
43354043
43305300
02513354
43411023
43422440
43433102
43444515
43455231
43440054
43501205
43512311
43523034
43534455
43545103
43550521
43500242
43002253
04335215
43024322
43035045
43040401
43050114
43001530
44054020
44015443
02535423
44134512
44041235
44052051
44023314
44105315
44110131
44120454
44131100
44142523
44153240
44104002
02540140
44210320
44221042
44232405
44243111
44254534
44235250
44300201
44311014
44322330
44333053
44344440
44355122
44300545
44401550
44412242
44423025
44434341
44445004
44450410
44400133
44502144
44513500
44524213
44535030
44540352
44550005
44501421
44003432
44014155
44025501
44030224
02550502
44051303
02501215
04340521
45010022
45020345
45031001
45042414
45053130
45004553
45100504
45110210
45121033
45132350
45143002
45154425
45105141
45200152
45211505
45222221
45233044
45244300
45255013
45223430
45301440
45312103
45323510
45334232
45345055
45350301
45300024
45402035
45413451
45424154
45435520
45440243
02014042
45401312
45503323
45514040
45525402
45530115
45540531
45551254
02025305
45054211
45015334
04352344
45030433
45041120
45052542
45003245
02040434
02051150
40021524
40032240
00543232
40054310
00554055
04414424
40111400
40122112
40133535
40144251
40155004
03020132
40201331
40212054
50510330
40234123
40245540
40250202
03031555
13441130
40313342
40324005
40335411
40340134
54350550
40331203
40403214
40414030
40425353
00124334
42440422
40451145
40442501
40504502
40515225
40524041
40530304
40541010
40552433
43513150
03053024
40010513
04425140
40031052
40042305
00024225
40004444
03100351
50412401
50023114
51434530
51245253
04430503
50000322
50102333
50113055
50124402
50135125
50140541
50150204
50101003
50203021
50214344
50225000
54230413
50240130
50251552
53202205
50304210
50315032
50320355
03121422
50341424
50352140
50343503
55405504
50410224
50420043
50431300
50442012
50453435
50404151
03132143
53510515
50521231
51532054
50543350
50554023
50505440
03143500
50011143
55022520
50033242
50044004
50055311
00101542
51012224
51013040
51024303
51035010
51041432
00103444
51001501
51103512
51114235
51125051
51130344
51140523
51151443
51102100
51254155
51215523
51220240
51230002
51241315
51252031
51233454
51305405
51310111
51320534
51331250
51342003
51353320
51304442
51400553
51410440
51421122
51432545
51443201
51454014
51405335
51500341
51511004
51522410
51533133
51544550
51555202
51500025
03154212
51012352
51023005
51034421
51045144
03105035
51000213
52003403
52014120
52025542
52030205
52040011
52051334
04440210
52104101
52115414
52120130
52135553
52141210
52152022
52103345
52205350
52214232
52220425
52231141
52242504
52253210
52204033
52300044
52310300
52321013
52332430
52343152
52354505
52305221
52400232
52411055
52422301
52433024
52444440
52455103
52430511
52501520
52512243
52523000
52534312
52545035
52550451
52500104
52002115
52013531
52024254
03211302
52040323
03222015
52051402
53004052
53015335
53420021
53331444
53141104
53052513
53303230
53105240
53110003
53120310
53131032
53142455
53153101
53104524
53200535
53210251
53221004
53232320
53243043
53254400
53205112
53300123
53311540
53322202
53333015
53344331
53355054
13233431
53401411
53412134
53423552
53434203
53445020
53450342
03244154
03255500
53513422
53524145
53535501
53542214
53550030
53501353
53003304
53014410
53025433
53030150
53040502
53051225
53002041
54005131
54010554
03200223
54031023
54042340
54453002
54004415
54100420
54110142
54121505
54132211
54143034
54154350
54105353
54200014
54211430
54222153
54233500
54244222
54255045
54240301
54301302
54312025
54323441
54334104
54345510
54350233
03301234
03312050
54413313
54424030
54435452
54444105
54455521
54401244
54503255
54514001
54525324
54533043
54540403
54551110
54502532
54004543
54015200
54020012
54030335
54041051
54052434
54023123
55004310
55110033
55021450
55032102
55043525
55054241
54402000
13323303
55111321
55122044
55133400
55144113
55155530
55140252
55201203
55212010
55223332
55234055
55245431
55253124
55200540
55302551
55313204
55324020
55335343
03334020
55350412
55301135
55403140
55414502
55425215
55430031
55440354
55451000
55402423
55504434
55515150
55522503
55530220
55541042
55552305
55503011
55045022
55010445
55020101
55031514
55042230
55053053
03345442
00203553
50011212
50022035
50333351
03350105
53455425
03305511
50131154
50112530
50123223
50134040
50145302
50150015
50100431
50202442
50213105
50224511
50235234
03402522
50250333
03413245
03424201
50314453
50325120
50330522
50340245
52351001
50302314
50404325
50415041
53420404
20523203
14524335
52452044
32502325