000000
000111
000222
000333
001001
001013
001112
001120
001223
001231
001302
001330
002020
002131
002202
002313
003023
003032
003103
003210
003321
010002
010023
010113
010130
010201
010220
010312
010331
011021
011132
011203
011310
012033
012100
012211
012322
013001
013010
013111
013120
013232
013303
013312
020031
020102
020213
020320
021030
021101
021212
021323
022003
022012
022110
022123
022221
022230
022301
022332
023022
023133
023200
023311
023330
030010
030121
030232
030303
031001
031022
031112
031130
031133
031200
031311
031332
032011
032023
032122
032233
032300
033031
033102
033213
033221
033320
100003
100031
100102
100213
100223
100320
101010
101121
101201
101232
101303
102022
102113
102130
102200
102311
102312
102333
103011
103122
103233
103300
110032
110103
110210
110321
111000
111111
111222
111333
112001
112013
112112
112120
112223
112231
112302
112330
113020
113131
113202
113313
120010
120110
120121
120201
120232
120303
120312
120330
121002
121023
121113
121130
121220
121312
121331
122021
122132
122203
122310
123033
123100
123211
123322
130022
130133
130200
130311
131031
131102
131213
131320
132030
132101
132212
132323
133003
133012
133110
133123
133221
133230
133301
133332
200003
200012
200110
200123
200221
200230
200301
200332
201022
201133
201200
201311
202031
202102
202213
202320
203030
203101
203212
203323
210011
210122
210233
210300
211001
211031
211102
211112
211120
211213
211322
212010
212023
212121
212232
212303
213022
213133
213200
213221
213311
213330
220020
220131
220202
220223
220313
221032
221103
221210
221321
221330
222000
222111
222222
222333
223001
223013
223112
223120
223231
223302
230033
230100
230211
230322
231010
231023
231121
231221
231232
231303
232002
232113
232130
232201
232220
232312
232331
233021
233132
233203
233310
300021
300132
300203
300310
301033
301100
301211
301322
302001
302010
302023
302121
302221
302232
302303
303002
303113
303130
303201
303220
303312
303331
310030
310101
310212
310323
311003
311012
311123
311221
311230
311301
311332
312022
312110
312133
312200
312311
313023
313031
313102
313213
313320
320003
320022
320133
320200
320311
321011
321110
321122
321201
321233
321300
322031
322102
322213
322312
322320
322330
323010
323121
323223
323232
323303
330001
330013
330112
330120
330223
330231
330302
330330
331020
331131
331202
331313
332032
332103
332210
332321
333000
333111
333222
333333