000000
111111
222222
001002
012022
010021
222201
020111
110222
011101
212012
200212
221220
000222
210101
220002
122002
022102
212211
120011
122220
010210
021122
122122
222100
102011
020201
112102
121211
002120
121110
012121
221121
022010
222021
220112
100002
210220
201101
112110
120100
121102
000012
101222
221000
122212
020120
011020
002001
111000
021212
001110
200110
100210
020022
201122
200001
121021
102200
200200
000211
210122
101012
220210
202022
110201
202221
120202
002202
100121
000102
001220
211110
021001
012212
220221
201211
202210
111120
212000
002111
200020
101201
122101
110112
222111
102020
112221
011221
211021
101100
012200
011112
202102
210011
011011
111022
021200
212120
001021
010100
221012
010002
201010
110010
211202
111210
112001
022221
102112
120020