0000000
1111110
2222220
1011022
2022121
1111221
2000210
0120112
0011001
0212000
0210021
2021000
0202102
2001202
2112200
0002221
0021122
0200120
1221020
1202121
2101112
0001012
1101002
1120200
0202011
1222012
1012010
2110111
0022201
2110222
0121100
0010102
0122002
0220101
1212201
2011110
2201101
2111002
0021210
1211102
1022220
0112101
2211212
2122102
0100201
2222001
0111020
1201222
1122111
1020110
1021101
0102110
1010212
0112012
0220010
1110001
1102202
1011200
2002100
2010201
0212222
1112122
2212112
2201010
1010121
2000122
2120120
0221221
1100011
0221002
1202210
1121212
1200112
1001211
2020011
0122220
0012211
0222112
1102020
2022212
2100000
1220211
0022022
0200212
1211011
0000111
1222100
2012002
2200221
2101220
2102211
1210220
2121022
1220122
1001120
2221111
2210012
2122010
0110210
0121011
1020002
2220202
0020222
0012120
2121201
0111202
0201200
1002001
2211121
1002112
2010020
2202022
2011222
2112021
0101121
1200000
1120021
1000222
2210100
0100022
0211110
2001021
1100102