000000
111000
222000
333000
444000
555000
000111
111111
222111
333111
444111
555111
000222
111222
222222
333222
444222
555222
000333
111333
222333
333333
444333
555333
000444
111444
222444
333444
444444
555444
000555
111555
222555
333555
444555
555555
253110
251303
205331
252401
451035
232124
355335
140402
344020
233103
450510
212321
150444
205321
533342
405144
040133
120450
320242
552521
425535
434524
531411
522233
533034
353004
105355
242203
213112
214452
145153
211532
401401
553540
154314
254545
221514
445230
402121
352433
014225
241253
501311
113215
440150
304110
302303
310331
303401
502035
343124
400335
251402
455020
344103
501510
323321
201444
310321
044342
510144
151133
231450
431242
003521
530535
545524
042411
033233
044034
404004
210355
353203
324112
325452
250153
322532
512401
004540
205314
305545
332514
550230
513121
403433
125225
352253
012311
224215
551150
415110
413303
421331
414401
013035
454124
511335
302402
500020
455103
012510
434321
312444
421321
155342
021144
202133
342450
542242
114521
041535
050524
153411
144233
155034
515004
321355
404203
435112
430452
301153
433532
023401
115540
310314
410545
443514
001230
024121
514433
230225
403253
123311
335215
002150
520110
524303
532331
525401
124035
505124
022335
413402
011020
500103
123510
545321
423444
532321
200342
132144
313133
453450
053242
225521
152535
101524
204411
255233
200034
020004
432355
515203
540112
541452
412153
544532
134401
220540
421314
521545
554514
112230
135121
025433
341225
514253
234311
440215
113150
031110
035303
043331
030401
235035
010124
133335
524402
122020
011103
234510
050321
534444
043321
311342
243144
424133
504450
104242
330521
203535
212524
315411
300233
311034
131004
543355
020203
051112
052452
523153
055532
245401
331540
532314
032545
005514
223230
240121
130433
452225
025253
345311
551215
224150
142110
140303
154331
141401
340035
121124
244335
035402
233020
122103
345510
101321
045444
154321
422342
354144
535133
015450
215242
441521
314535
323524
420411
411233
422034
242004
054355
131203
102112
103452
034153
100532
350401
442540
043314
143545
110514
334230
351121
241433
503225
130253
450311
002215
335150
253221
251414
205442
252512
451140
232235
355440
140513
344131
233214
450021
212432
150555
205432
533453
405255
040244
120501
320353
552032
425040
434035
531522
522344
533145
353115
105400
242314
213223
214503
145204
211043
401512
553051
154425
254050
221025
445341
402232
352544
014330
241304
501422
113320
440201
304221
302414
310442
303512
502140
343235
400440
251513
455131
344214
501021
323432
201555
310432
044453
510255
151244
231501
431353
003032
530040
545035
042522
033344
044145
404115
210400
353314
324223
325503
250204
322043
512512
004051
205425
305050
332025
550341
513232
403544
125330
352304
012422
224320
551201
415221
413414
421442
414512
013140
454235
511440
302513
500131
455214
012021
434432
312555
421432
155453
021255
202244
342501
542353
114032
041040
050035
153522
144344
155145
515115
321400
404314
435223
430503
301204
433043
023512
115051
310425
410050
443025
001341
024232
514544
230330
403304
123422
335320
002201
520221
524414
532442
525512
124140
505235
022440
413513
011131
500214
123021
545432
423555
532432
200453
132255
313244
453501
053353
225032
152040
101035
204522
255344
200145
020115
432400
515314
540223
541503
412204
544043
134512
220051
421425
521050
554025
112341
135232
025544
341330
514304
234422
440320
113201
031221
035414
043442
030512
235140
010235
133440
524513
122131
011214
234021
050432
534555
043432
311453
243255
424244
504501
104353
330032
203040
212035
315522
300344
311145
131115
543400
020314
051223
052503
523204
055043
245512
331051
532425
032050
005025
223341
240232
130544
452330
025304
345422
551320
224201
142221
140414
154442
141512
340140
121235
244440
035513
233131
122214
345021
101432
045555
154432
422453
354255
535244
015501
215353
441032
314040
323035
420522
411344
422145
242115
054400
131314
102223
103503
034204
100043
350512
442051
043425
143050
110025
334341
351232
241544
503330
130304
450422
002320
335201
253332
251525
205553
252023
451251
232340
355551
140024
344242
233325
450132
212543
150000
205543
533504
405300
040355
120012
320404
552143
425151
434140
531033
522455
533250
353220
105511
242425
213334
214014
145315
211154
401023
553102
154530
254101
221130
445452
402343
352055
014441
241415
501533
113431
440312
304332
302525
310553
303023
502251
343340
400551
251024
455242
344325
501132
323543
201000
310543
044504
510300
151355
231012
431404
003143
530151
545140
042033
033455
044250
404220
210511
353425
324334
325014
250315
322154
512023
004102
205530
305101
332130
550452
513343
403055
125441
352415
012533
224431
551312
415332
413525
421553
414023
013251
454340
511551
302024
500242
455325
012132
434543
312000
421543
155504
021300
202355
342012
542404
114143
041151
050140
153033
144455
155250
515220
321511
404425
435334
430014
301315
433154
023023
115102
310530
410101
443130
001452
024343
514055
230441
403415
123533
335431
002312
520332
524525
532553
525023
124251
505340
022551
413024
011242
500325
123132
545543
423000
532543
200504
132300
313355
453012
053404
225143
152151
101140
204033
255455
200250
020220
432511
515425
540334
541014
412315
544154
134023
220102
421530
521101
554130
112452
135343
025055
341441
514415
234533
440431
113312
031332
035525
043553
030023
235251
010340
133551
524024
122242
011325
234132
050543
534000
043543
311504
243300
424355
504012
104404
330143
203151
212140
315033
300455
311250
131220
543511
020425
051334
052014
523315
055154
245023
331102
532530
032101
005130
223452
240343
130055
452441
025415
345533
551431
224312
142332
140525
154553
141023
340251
121340
244551
035024
233242
122325
345132
101543
045000
154543
422504
354300
535355
015012
215404
441143
314151
323140
420033
411455
422250
242220
054511
131425
102334
103014
034315
100154
350023
442102
043530
143101
110130
334452
351343
241055
503441
130415
450533
002431
335312
253443
251030
205004
252134
451302
232451
355002
140135
344353
233430
450243
212054
150111
205054
533015
405411
040400
120123
320515
552254
425202
434251
531144
522500
533301
353331
105022
242530
213445
214125
145420
211205
401134
553213
154041
254212
221241
445503
402454
352100
014552
241520
501044
113542
440423
304443
302030
310004
303134
502302
343451
400002
251135
455353
344430
501243
323054
201111
310054
044015
510411
151400
231123
431515
003254
530202
545251
042144
033500
044301
404331
210022
353530
324445
325125
250420
322205
512134
004213
205041
305212
332241
550503
513454
403100
125552
352520
012044
224542
551423
415443
413030
421004
414134
013302
454451
511002
302135
500353
455430
012243
434054
312111
421054
155015
021411
202400
342123
542515
114254
041202
050251
153144
144500
155301
515331
321022
404530
435445
430125
301420
433205
023134
115213
310041
410212
443241
001503
024454
514100
230552
403520
123044
335542
002423
520443
524030
532004
525134
124302
505451
022002
413135
011353
500430
123243
545054
423111
532054
200015
132411
313400
453123
053515
225254
152202
101251
204144
255500
200301
020331
432022
515530
540445
541125
412420
544205
134134
220213
421041
521212
554241
112503
135454
025100
341552
514520
234044
440542
113423
031443
035030
043004
030134
235302
010451
133002
524135
122353
011430
234243
050054
534111
043054
311015
243411
424400
504123
104515
330254
203202
212251
315144
300500
311301
131331
543022
020530
051445
052125
523420
055205
245134
331213
532041
032212
005241
223503
240454
130100
452552
025520
345044
551542
224423
142443
140030
154004
141134
340302
121451
244002
035135
233353
122430
345243
101054
045111
154054
422015
354411
535400
015123
215515
441254
314202
323251
420144
411500
422301
242331
054022
131530
102445
103125
034420
100205
350134
442213
043041
143212
110241
334503
351454
241100
503552
130520
450044
002542
335423
253554
251141
205115
252245
451413
232502
355113
140240
344404
233541
450354
212105
150222
205105
533120
405522
040511
120234
320020
552305
425313
434302
531255
522011
533412
353442
105133
242041
213550
214230
145531
211310
401245
553324
154152
254323
221352
445014
402505
352211
014003
241031
501155
113053
440534
304554
302141
310115
303245
502413
343502
400113
251240
455404
344541
501354
323105
201222
310105
044120
510522
151511
231234
431020
003305
530313
545302
042255
033011
044412
404442
210133
353041
324550
325230
250531
322310
512245
004324
205152
305323
332352
550014
513505
403211
125003
352031
012155
224053
551534
415554
413141
421115
414245
013413
454502
511113
302240
500404
455541
012354
434105
312222
421105
155120
021522
202511
342234
542020
114305
041313
050302
153255
144011
155412
515442
321133
404041
435550
430230
301531
433310
023245
115324
310152
410323
443352
001014
024505
514211
230003
403031
123155
335053
002534
520554
524141
532115
525245
124413
505502
022113
413240
011404
500541
123354
545105
423222
532105
200120
132522
313511
453234
053020
225305
152313
101302
204255
255011
200412
020442
432133
515041
540550
541230
412531
544310
134245
220324
421152
521323
554352
112014
135505
025211
341003
514031
234155
440053
113534
031554
035141
043115
030245
235413
010502
133113
524240
122404
011541
234354
050105
534222
043105
311120
243522
424511
504234
104020
330305
203313
212302
315255
300011
311412
131442
543133
020041
051550
052230
523531
055310
245245
331324
532152
032323
005352
223014
240505
130211
452003
025031
345155
551053
224534
142554
140141
154115
141245
340413
121502
244113
035240
233404
122541
345354
101105
045222
154105
422120
354522
535511
015234
215020
441305
314313
323302
420255
411011
422412
242442
054133
131041
102550
103230
034531
100310
350245
442324
043152
143323
110352
334014
351505
241211
503003
130031
450155
002053
335534
253005
251252
205220
252350
451524
232013
355224
140351
344515
233052
450405
212210
150333
205210
533231
405033
040022
120345
320131
552410
425424
434413
531300
522122
533523
353553
105244
242152
213001
214341
145042
211421
401350
553435
154203
254434
221403
445125
402010
352322
014114
241142
501200
113104
440045
304005
302252
310220
303350
502524
343013
400224
251351
455515
344052
501405
323210
201333
310210
044231
510033
151022
231345
431131
003410
530424
545413
042300
033122
044523
404553
210244
353152
324001
325341
250042
322421
512350
004435
205203
305434
332403
550125
513010
403322
125114
352142
012200
224104
551045
415005
413252
421220
414350
013524
454013
511224
302351
500515
455052
012405
434210
312333
421210
155231
021033
202022
342345
542131
114410
041424
050413
153300
144122
155523
515553
321244
404152
435001
430341
301042
433421
023350
115435
310203
410434
443403
001125
024010
514322
230114
403142
123200
335104
002045
520005
524252
532220
525350
124524
505013
022224
413351
011515
500052
123405
545210
423333
532210
200231
132033
313022
453345
053131
225410
152424
101413
204300
255122
200523
020553
432244
515152
540001
541341
412042
544421
134350
220435
421203
521434
554403
112125
135010
025322
341114
514142
234200
440104
113045
031005
035252
043220
030350
235524
010013
133224
524351
122515
011052
234405
050210
534333
043210
311231
243033
424022
504345
104131
330410
203424
212413
315300
300122
311523
131553
543244
020152
051001
052341
523042
055421
245350
331435
532203
032434
005403
223125
240010
130322
452114
025142
345200
551104
224045
142005
140252
154220
141350
340524
121013
244224
035351
233515
122052
345405
101210
045333
154210
422231
354033
535022
015345
215131
441410
314424
323413
420300
411122
422523
242553
054244
131152
102001
103341
034042
100421
350350
442435
043203
143434
110403
334125
351010
241322
503114
130142
450200
002104
335045