00000000
11111100
22222200
22111210
10222111
20212022
20102012
11112212
12012220
12010111
12210202
11202200
20010212
11121220
21111122
22211001
00110002
10012102
22120100
11000012
20221201
21022110
10211202
10020200
02002121
10021122
01200201
00100222
11101111
12122010
12201221
11220210
22102111
10102120
10101001
20001220
10111102
22020221
01011201
12001100
10220021
02121202
11022221
22221110
21201212
01122201
02221111
11000020
20200122
00222010
21000211
01020122
01210112
22220012
20120020
20121211
20021002
22010000
01121012
22202020
02222222
00022101
11221102
21120202
00201200
22111112
01002001
02100210
21022002
21101000
10110221
21102222
12011001
11211022
22212211
20200110
20012021
22001010
00210211
21210220
21212101
01112020
21222202
00101021
12122001
20112200
21001121
10202002
22100021
00002210
02012012
12200001
10002211
22111120
01011222
11000110
02111011
12101222
12021212
00001112
01201120
01202011
01102102
00121100
12202112
00010120
10000022
11100201
22002202
02201002
11012000
00222212
12110101
10211010
02100102
02212100
21221021
02210022
20122101
22022122
00020011
01011210
01120121
00112110
11021011
02021020
02020201
12220120
02000002
11212121
20200101
01220000
02112221
21010102
00211121
11110010
10120112
20011101
21110011
00222220
12122022