00000000000
11111111111
22222222222
10020111020
00000222221
00011001222
10102211012
00011220110
00022002111
00022110220
01020021011
01201010011
01121000121
01201202202
01211221022
01001112220
22121210112
12222220020
01220120201
01220201010
02102020022
22222000001
21021101102
11122202022
02110102020
11100202110
02121022102
00022212122
02121211021
02102101022
20012211012
12110011122
02110210102
00120221202
12210202111
00210112101
00221200012
01110212210
20212121010
10210212212
12020011201
20112201011
02121100210
01200100112
20101011201
01222012200
00022221101
21000210022
20101200120
02100200221
00112100021
02122112011
02201212000
01012200102
00121211000
02110021211
22200001220
01201121120
11212120221
02010012022
21112010010
11022010102
02002221110
21101222101
11111000002
11122112000
21210022120
11122001221
11100110222
11100221001
12101102122
12012121122
12202111202
12012010010
12022002100
12112220001
00202021220
20000001101
12001201012
12001012121
10210101100
00000111112
02102212210
22200010100
10221210101
22211010221
10202100210
11100020200
10202022102
10210212100
01120022120
20221122200
10221021210
11201002010
20021010222
11021220212
11002011120
12221020021
01020202121
21021020020
20101122012
01220012122
10202211021
12011211220
01212122012
12000120011
11100002212
02111021100
01212011201
10211011002
11220211102
10200220122
10012020111
12120011210
11202022111
10221102022
00011112001
12012202201
22020201002
10121120100
02220121121
22100121210
10110002221
02212000212
22222111110
22200220111
02021100201
22200112002
22211221000
22211002112
20212210200
20120202200
20010222010
20120121121
20100110211
20220001112
11010102001
01111112212
20112012120
20112120202
21021212211
11111222220
10210020021
00011121211
21002021212
00022121002
21010211021
22211101011
21010100210
21021020211
12201100201
01002200011
21002102021
22012110121
01102121000
22102001020
22110122201
20002101102
12101010202
02102101101
01212200120
12001120200
21010022102
20122022001
12020200120
20111201122
22211110020
10222102211
12020122012
21022122110
22001022210
21011001200
21120101222
20201122021
22010100222
21002210100
11122220112
20120010012
00101012110
21202201211
10001202202
00211202021
21221110002