0000000000000
1111111111111
2222222222222
1002011102011
0000022222112
0001100122201
2200102221111
0001122011001
0211022121211
0002211022002
0102002101102
0120101001121
0112100012100
0120120220201
0121122102210
0100111222020
2212221011201
1120100201212
2112011112112
0122020101020
0210202002212
2222200000110
2102111111020
1121212022101
0111011202002
1110000211001
0212102110011
2102221110122
0212121102202
0201001111110
0210020022021
0002200211100
0211021010200
0210010210022
0202121200010
2011201212012
0022120001111
1112220202200
0211000202111
1021021221210
1202001120200
2011220101112
0221210221011
0120010011012
2010101120120
0122201220112
1222102002000
1110002020222
1020022012201
2101002210100
1022210220200
2121022212011
2010120012220
0101220010211
2121201121220
0021202222020
2220000102101
0120112112002
1001102011220
1201001202221
2111101001002
2002101022210
0200222111012
0020221211202
1122120211021
0122012012221
2111221102021
0000101200211
2210200102020
2001200210202
0122002021111
0211101220121
1020121202001
2120000022122
1010221022110
2110122210122
1111100000220
1112211200012
0011210002222
1112200122112
1022100202022
1110022100110
1210110212210
1201212112202
1220211120211
1201201001012
1202200210021
1211222000101
0020002122012
2201211012020
0220122220220
1200101212101
1021010110020
0000011111221
0210222222101
2202020100212
1222122010110
2221111022112
1020210221122
0210002221200
1020202210010
1012112222221
1021101100102
1110011022211
1022102121011
1021121021100
1010202011121
0122012020120
1100201112222
2220001010011
1022111010222
2102102002021
2010112201011
0122001212220
1002021002122
1201121122120
0121212201201
1200012001220
2000210110111
2221110101000
2101100120012
0212110021211
2100021001011
0202100020122
0121201120001
1212001121022
0202012202001
1102010000101
0001111210212
1201220220110
2112210122001
2012112010002
0222212112110
0110212100021
1011000222120
1101002022010
2200201022102
1200120120002
0222002210102
1111212011022
0021011210101
0112011021010
1200110102222
1022212001202
2101202010112
0201111100200
2121002100221
0221200021200
2222211111001
2220022011120
1122021110000
2220011200220
2100211010100
2221100211221
2021221020021
2012020220010
2001022201022
2012012112120
2010011021102
2022000111212
1101110200120
0012022120101
1001200001001
2011212020212
2102121221101
1111122222002
1021000000212
0010101211020
2000200121221
0002222100220
2101021002200
1021110002011
2101010021121
2120220000002
2102212211210
2221122100022
2100210202122
2102202102211
2121010122202
1200120101201
2211012220000
0001112121122
2100222121000
0210210110102
0121220012122
1200112020001
2110102110200
2012202200201
1202020012012
2011120112001
0111021221222
0002221212111
0212211201120
1020221102022
0211102112122
1010211101200
1202012201112
2020112202100
1010120010112
2210121111212
1112222021020
2012001001221
0220021200112
0120220121110
1000020220221
1221020211102
2122111000201
2212110100121
0011012100210
2011201201110
1000110021210
2222020122100
1102122021212
1220122102121
2011221210000
2100020112010
0212010121220
1012222211011
0202110211002
