C CINVESTAV-TAMAULIPAS, MEXICO 
C email: jtj@cinvestav.mx 
C http://www.tamps.cinvestav.mx/~jtj/ 
C 
23 138 3^138 2
0 0 0 0 0 0 0 0 0 0 0 0 0 0 0 0 0 0 0 0 0 0 0 0 0 0 0 0 0 0 0 0 0 0 0 0 0 0 0 0 0 0 0 0 0 0 0 0 0 0 0 0 0 0 0 0 0 0 0 0 0 0 0 0 0 0 0 0 0 0 0 0 0 0 0 0 0 0 0 0 0 0 0 0 0 0 0 0 0 0 0 0 0 0 0 0 0 0 0 0 0 0 0 0 0 0 0 0 0 0 0 0 0 0 0 0 0 0 0 0 0 0 0 0 0 0 0 0 0 0 0 0 0 0 0 0 0 0
1 1 1 1 1 1 1 1 1 1 1 1 1 1 1 1 1 1 1 1 1 1 1 1 1 1 1 1 1 1 1 1 1 1 1 1 1 1 1 1 1 1 1 1 1 1 1 1 1 1 1 1 1 1 1 1 1 1 1 1 1 1 1 1 1 1 1 1 1 1 1 1 1 1 1 1 1 1 1 1 1 1 1 1 1 1 1 1 1 1 1 1 1 1 1 1 1 1 1 0 0 0 0 0 0 0 0 0 0 0 0 0 0 0 0 0 0 0 0 0 0 0 0 0 0 0 0 0 0 0 0 0 0 0 0 0 0 1
2 2 2 2 2 2 2 2 2 2 2 2 2 2 2 2 2 2 2 2 2 2 2 2 2 2 2 2 2 2 2 2 2 2 2 2 2 2 2 2 2 2 2 2 2 2 2 2 2 2 2 2 2 2 2 2 2 2 2 2 2 2 2 2 2 2 2 2 2 2 2 2 2 2 2 2 2 2 2 2 2 2 2 2 2 2 2 2 2 2 2 2 2 2 2 2 2 2 2 0 0 0 0 0 0 0 0 0 0 0 0 0 0 0 0 0 0 0 0 0 0 0 0 0 0 0 0 0 0 0 0 0 0 0 0 0 1 0
0 1 1 0 0 0 1 0 2 0 2 1 0 2 1 2 2 2 1 0 1 0 2 1 0 1 2 2 2 0 1 1 1 0 2 2 0 2 0 1 2 0 2 1 2 0 2 0 0 0 1 1 0 0 0 0 1 0 2 2 0 2 1 1 1 2 1 1 1 1 2 0 1 1 0 0 2 2 0 2 0 1 1 1 0 1 2 2 0 1 0 2 2 0 2 0 0 0 2 2 1 2 0 1 1 0 2 2 2 1 0 2 1 2 1 1 1 2 2 1 1 1 0 1 0 1 1 2 2 1 1 2 0 1 1 1 2 2
2 2 2 1 1 2 2 1 1 2 2 0 2 2 1 2 0 0 0 0 0 0 1 1 2 2 1 1 0 2 2 2 0 1 0 2 1 0 1 1 2 2 1 1 1 0 2 0 2 1 0 0 0 1 0 1 2 2 2 2 2 1 0 0 0 0 0 2 2 0 2 0 0 0 2 1 2 0 2 2 1 2 1 0 2 0 2 1 0 2 0 1 1 0 1 1 2 2 2 1 0 1 1 1 1 1 1 1 1 1 1 0 0 0 2 0 2 2 0 1 2 1 2 1 0 2 1 2 0 1 1 2 1 0 2 2 2 2
0 0 1 2 2 0 0 2 2 1 1 0 2 0 2 0 1 2 1 2 0 2 0 2 0 1 0 1 1 0 0 1 1 2 1 1 0 1 2 2 1 1 0 0 2 0 1 2 2 2 1 0 2 2 0 2 0 2 2 0 0 1 0 0 0 1 0 1 0 0 1 2 1 0 1 0 2 2 1 1 2 0 0 0 0 0 2 1 2 1 0 1 1 2 0 2 0 2 1 2 2 2 1 2 1 1 0 2 1 0 1 2 2 2 1 2 1 2 0 1 1 2 2 1 1 1 0 0 1 1 2 2 1 2 1 0 1 2
1 1 0 0 1 1 2 2 0 0 2 2 2 2 2 2 2 2 2 0 1 1 0 2 1 0 1 0 2 1 2 0 0 1 2 0 0 1 0 2 0 1 0 2 0 1 2 0 1 1 2 0 2 1 1 0 0 0 2 2 0 0 1 0 2 1 2 2 2 2 2 0 2 1 1 1 2 0 1 0 2 2 2 1 1 0 2 0 0 1 1 0 2 1 0 2 1 1 1 1 2 0 1 2 2 0 2 2 0 2 2 0 2 1 2 1 1 0 1 0 2 0 1 0 2 2 2 1 2 2 2 1 2 2 1 0 1 2
1 1 2 0 0 0 2 1 2 2 0 2 2 0 0 0 2 0 1 2 2 1 1 0 0 2 0 1 2 1 2 0 2 2 2 0 2 0 0 0 0 0 1 2 0 2 0 2 2 0 1 1 1 0 2 0 2 2 1 0 2 1 2 1 0 1 0 1 1 0 0 2 1 2 0 1 1 0 0 0 1 2 1 2 1 1 1 0 2 2 2 1 0 1 1 1 0 0 0 2 0 2 2 2 2 2 2 2 2 2 2 0 0 0 1 0 1 1 0 2 1 2 1 2 0 1 2 1 0 2 2 1 2 0 1 1 0 1
1 2 0 2 0 1 1 2 1 0 0 0 0 2 1 1 0 1 2 2 1 0 0 0 0 0 2 2 1 2 0 2 1 2 2 0 1 0 0 2 1 2 2 0 2 2 2 0 1 2 0 0 1 1 0 1 2 1 0 0 1 0 2 2 2 0 0 1 2 1 1 1 0 0 0 2 1 1 1 2 0 2 2 2 0 1 2 2 1 0 1 1 2 2 1 1 2 0 0 2 1 2 2 1 0 2 1 0 2 1 1 1 0 2 0 2 2 2 1 0 2 2 0 2 2 1 0 1 2 2 0 2 2 2 1 2 0 1
1 1 2 2 1 1 0 0 2 2 0 0 0 0 0 0 0 0 0 2 1 1 2 0 1 2 1 2 0 1 0 2 2 1 0 2 2 1 2 0 2 1 2 0 2 1 0 2 1 1 0 2 0 1 1 2 2 2 0 0 2 2 1 2 0 1 0 0 0 0 0 2 0 1 1 1 0 2 1 2 0 0 0 1 1 2 0 2 2 1 1 2 0 1 2 0 1 1 1 2 1 2 0 1 1 1 1 1 0 1 1 0 1 2 1 2 2 0 2 0 1 0 2 0 1 1 1 2 1 1 1 2 1 1 2 0 2 0
2 0 2 2 2 1 0 1 1 1 2 2 0 1 1 1 1 2 1 0 2 0 0 1 1 2 2 0 1 2 0 0 1 1 1 2 1 2 2 1 2 0 0 2 0 0 2 0 2 2 2 2 2 2 0 2 1 0 1 1 0 0 2 2 2 0 2 2 1 2 2 0 2 2 0 2 1 2 0 2 1 0 0 0 2 2 1 0 1 2 0 0 0 1 0 1 1 1 1 1 1 0 1 1 1 2 1 0 2 1 2 1 1 2 2 0 0 1 1 2 2 0 1 2 1 1 1 2 2 1 2 2 2 1 0 1 1 0
0 0 2 2 2 1 2 0 1 0 0 1 1 2 1 0 1 1 2 2 2 2 2 2 2 2 0 0 0 2 0 2 2 0 2 2 0 2 1 0 1 0 0 0 1 0 1 1 2 0 2 1 0 1 2 0 0 2 2 1 2 2 1 2 0 2 2 0 0 1 2 0 2 0 2 0 1 1 1 0 2 1 1 0 1 0 0 2 1 2 1 1 1 0 1 1 0 2 2 1 1 1 1 2 0 1 2 0 1 1 1 2 2 1 0 1 1 0 2 1 1 1 1 2 1 0 2 0 1 1 2 1 0 0 2 1 1 1
1 0 0 0 0 2 1 1 1 0 1 0 1 0 0 1 0 0 2 1 1 2 1 1 0 1 0 1 2 0 2 0 2 0 1 1 2 2 2 2 0 2 2 2 1 1 2 0 1 1 2 2 1 2 0 1 0 1 1 2 0 0 0 0 1 2 0 0 0 2 0 2 2 2 1 0 0 1 0 2 0 0 0 0 2 1 2 1 0 2 2 2 2 0 0 2 1 2 2 2 0 1 1 2 2 1 2 1 1 2 0 2 1 1 2 1 0 2 2 2 0 1 2 0 1 0 0 2 1 0 0 2 2 2 1 1 2 1
2 0 1 1 1 0 0 2 1 0 2 2 1 1 2 2 2 2 2 0 0 2 0 0 1 0 0 2 1 1 1 1 2 0 0 0 1 2 0 1 2 1 1 1 1 2 0 2 0 2 2 0 2 0 1 2 0 0 0 0 1 1 2 1 2 2 1 0 0 0 1 1 2 1 0 0 2 1 2 1 1 2 2 0 0 2 1 0 2 2 0 0 0 0 2 0 2 2 2 0 2 1 1 2 1 1 2 2 1 0 2 2 0 1 1 1 2 1 2 0 2 1 0 1 1 0 1 1 1 2 1 0 1 1 0 1 0 1
2 1 1 0 0 2 2 0 0 1 1 1 0 2 0 2 1 0 2 0 2 2 2 0 2 1 0 1 1 2 2 0 0 2 1 1 2 1 0 0 1 1 2 1 0 2 1 0 0 0 1 2 0 0 2 0 1 0 0 2 2 1 2 2 2 0 2 1 1 2 1 0 1 2 1 2 0 0 1 1 0 2 2 1 2 2 0 1 2 1 2 1 1 2 2 0 2 2 0 1 1 1 2 1 2 2 0 1 2 0 2 1 1 1 2 1 2 1 0 2 2 1 1 2 2 2 0 0 2 2 1 1 2 1 2 0 2 0
0 2 2 1 0 2 0 1 0 1 1 2 1 1 2 1 2 1 1 2 0 1 2 2 2 0 1 2 2 0 0 0 0 0 2 0 0 1 1 2 0 0 2 2 2 1 1 2 0 0 0 2 2 0 1 1 2 0 0 1 0 2 0 2 1 2 1 2 2 1 1 2 0 0 0 0 0 2 0 0 1 0 1 1 0 2 0 0 0 2 1 2 1 2 2 1 2 1 2 0 2 2 0 0 2 2 2 2 0 1 2 1 2 1 0 2 1 1 2 2 0 2 1 2 2 1 1 2 0 2 2 1 2 2 1 1 2 2
2 2 0 1 2 0 2 0 2 2 2 0 1 0 2 2 2 1 1 1 2 0 2 1 2 0 2 1 0 0 1 2 2 2 1 1 1 0 2 0 2 1 1 0 0 0 1 2 1 1 1 2 1 0 1 0 0 1 1 1 1 2 0 1 0 0 1 0 1 2 0 0 2 1 2 2 2 0 0 0 1 0 2 2 1 0 0 2 1 0 2 0 2 2 0 2 1 0 0 0 2 2 2 1 1 2 1 1 2 0 0 1 1 2 2 2 1 0 1 2 1 2 1 1 2 0 2 2 2 0 0 1 1 0 0 2 0 2
0 2 0 0 1 2 0 1 0 1 1 0 1 1 0 0 1 1 0 0 0 0 1 2 1 0 2 0 2 1 2 2 2 2 0 2 1 0 1 1 0 0 0 0 1 1 0 1 1 0 2 1 1 2 2 2 1 1 2 2 1 1 1 0 1 0 2 2 0 0 2 2 1 2 1 2 0 2 2 1 2 1 2 2 2 2 1 2 1 0 0 2 2 2 2 0 0 0 0 1 0 2 2 1 2 2 1 2 2 2 2 1 2 2 1 2 0 1 1 1 0 2 2 0 2 2 1 0 2 1 0 0 0 1 2 2 0 0
2 2 0 2 2 2 1 2 0 1 0 1 2 0 1 0 0 0 1 2 1 0 0 1 2 0 2 0 0 2 1 1 1 0 0 0 2 1 2 1 0 2 0 1 2 2 0 2 2 2 0 1 2 2 2 2 1 2 0 0 2 0 1 1 1 1 1 0 2 1 0 2 1 1 2 1 0 0 2 0 2 1 1 2 2 1 0 1 2 0 2 0 1 0 0 2 2 0 1 1 2 1 0 2 2 0 1 1 1 2 0 1 2 1 2 2 2 1 1 2 2 2 0 2 0 2 2 1 1 2 2 1 0 2 2 2 1 0
0 2 1 2 0 1 0 2 0 2 0 1 0 2 2 2 1 2 0 1 0 2 1 2 1 1 0 2 1 0 0 2 0 1 1 0 0 0 2 2 0 2 1 1 2 2 0 1 0 0 0 1 1 0 2 2 2 0 1 2 0 2 0 1 2 2 2 2 2 2 0 1 0 0 2 0 1 2 2 0 2 0 0 2 0 1 1 0 0 1 2 2 0 1 1 2 1 1 1 0 1 1 2 0 1 0 1 1 0 2 1 2 1 2 0 1 2 2 1 1 0 1 2 1 1 2 2 1 0 1 1 2 1 1 2 2 1 1
0 0 0 1 1 0 2 2 2 2 0 2 2 1 0 1 2 1 0 1 2 2 0 0 0 2 1 2 2 0 2 1 1 1 2 1 2 2 1 0 1 0 0 2 0 2 0 1 0 1 0 0 0 1 2 1 2 1 2 1 2 2 2 0 1 2 1 1 1 1 0 1 2 2 0 1 2 0 0 1 2 2 0 2 0 0 2 1 2 0 2 2 0 2 0 2 0 0 0 1 1 0 1 0 0 1 0 1 2 1 1 2 1 0 2 1 2 1 2 2 2 2 2 2 1 2 1 2 1 0 1 0 1 1 2 1 2 2
1 1 1 0 2 2 1 0 0 2 1 1 2 1 2 1 0 0 0 1 0 1 2 2 2 2 2 0 0 1 1 0 0 0 0 2 2 2 0 2 2 2 2 2 0 0 1 1 0 2 2 0 0 2 0 0 1 2 1 1 1 0 0 0 0 1 0 1 1 0 1 1 0 0 2 2 1 1 2 2 0 1 0 0 1 0 1 2 1 0 0 0 0 1 2 0 2 2 2 2 2 0 2 0 2 1 0 0 1 2 1 1 2 0 1 2 0 2 1 1 1 1 2 1 2 2 2 1 2 2 1 1 1 2 0 2 2 2
2 0 2 1 2 0 1 0 2 2 2 2 0 0 0 0 0 2 0 1 2 1 1 0 0 1 1 0 0 2 1 1 0 2 0 1 0 0 1 0 1 2 1 0 1 1 2 1 2 2 1 2 2 2 1 1 2 1 0 0 1 0 2 2 2 0 2 2 2 2 2 1 0 2 2 2 0 1 2 1 0 1 1 1 2 2 0 0 0 0 1 0 3 0 1 0 0 1 0 2 2 1 2 2 0 2 2 2 1 2 2 2 2 1 1 0 1 2 2 1 1 0 1 1 2 1 2 1 1 0 2 0 2 2 1 2 1 0
