00000000
00000111
00000222
00111000
00111111
00111222
00222000
00222111
00222222
00111102
11202202
21012020
00122022
21110012
12121021
21101012
11202022
20220110
20201111
22001210
21111210
01120021
11122222
00202201
22220120
22022210
20010001
01011202
12012221
10101010
20120210
02221221
00021210
21200211
11110020
10220021
20100002
22022000
02002101
10000012
20210122
00110022
00010002
12000001
22200202
10212112
11121001
12212011
11112120
12001101
01210221
22211120
21121110
21101111
20121202
12111022
10120022
12200012
20002100
20111020
22010200
10021120
20000011
11210200
10010211
02100011
00122020
10022000
01022100
11200102
02001200
00020022
20210101
21120200
22221210
11002221
00112220
00220121
00120122
01012222
02121022
10220111
01012012
11222200
10120020
00210111
12110122
02101020
12210121
01111110
21021210
02222120
22121101
10122110
01110200
01001100
02011000
00100220
12021100
21022112
20012201
00022121
11022120
21220001
01102020
02202220
21002222
10100210
11101212
10002202
02012121
10200200
21112121
01212200
22201220
02101110
20212211
12010000
01121010
11020110
12022101
12111202
10110112
12021112
22012022
22000002
21022202
22001222
22021002
22020102
11120200
01200001
20011220
02011210
01000020
02102201
00111210
11202010
21012101
00122100
21110120
12121102
21101120
11202100
20220221
20201222
22001021
21111021
01120102
11122000
00202012
22220201
22022021
20010112
01011010
12012002
10101121
20120021
02221002
00021021
21200022
11110101
10220102
20100110
22022111
02002212
10000120
20210200
00110100
00010110
12000112
22200010
10212220
11121112
12212122
11112201
12001212
01210002
22211201
21121221
21101222
20121010
12111100
10120100
12200120
20002211
20111101
22010011
10021201
20000122
11210011
10010022
02100122
00122101
10022111
01022211
11200210
02001011
00020100
20210212
21120011
22221021
11002002
00112001
00220202
00120200
01012000
02121100
10220222
01012120
11222011
10120101
00210222
12110200
02101101
12210202
01111221
21021021
02222201
22121212
10122221
01110011
01001211
02011111
00100001
12021211
21022220
20012012
00022202
11022201
21220112
01102101
02202001
21002000
10100021
11101020
10002010
02012202
10200011
21112202
01212011
22201001
02101221
20212022
12010111
01121121
11020221
12022212
12111010
10110220
12021220
22012100
22000110
21022010
22001000
22021110
22020210
11120011
01200112
20011001
02011021
01000101
02102012
00111021
11202121
21012212
00122211
21110201
12121210
21101201
11202211
20220002
20201000
22001102
21111102
01120210
11122111
00202120
22220012
22022102
20010220
01011121
12012110
10101202
20120102
02221110
00021102
21200100
11110212
10220210
20100221
22022222
02002020
10000201
20210011
00110211
00010221
12000220
22200121
10212001
11121220
12212200
11112012
12001020
01210110
22211012
21121002
21101000
20121121
12111211
10120211
12200201
20002022
20111212
22010122
10021012
20000200
11210122
10010100
02100200
00122212
10022222
01022022
11200021
02001122
00020211
20210020
21120122
22221102
11002110
00112112
00220010
00120011
01012111
02121211
10220000
01012201
11222122
10120212
00210000
12110011
02101212
12210010
01111002
21021102
02222012
22121020
10122002
01110122
01001022
02011222
00100112
12021022
21022001
20012120
00022010
11022012
21220220
01102212
02202112
21002111
10100102
11101101
10002121
02012010
10200122
21112010
01212122
22201112
02101002
20212100
12010222
01121202
11020002
12022020
12111121
10110001
12021001
22012211
22000221
21022121
22001111
22021221
22020021
11120122
01200220
20011112
02011102
01000212
02102120
00222102
11010202
21120020
00200022
21221012
12202021
21212012
11010022
20001110
20012111
22112210
21222210
01201021
11200222
00010201
22001120
22100210
20121001
01122202
12120221
10212010
20201210
02002221
00102210
21011211
11221020
10001021
20211002
22100000
02110101
10111012
20021122
00221022
00121002
12111001
22011202
10020112
11202001
12020011
11220120
12112101
01021221
22022120
21202110
21212111
20202202
12222022
10201022
12011012
20110100
20222020
22121200
10102120
20111011
11021200
10121211
02211011
00200020
10100000
01100100
11011102
02112200
00101022
20021101
21201200
22002210
11110221
00220220
00001121
00201122
01120222
02202022
10001111
01120012
11000200
10201020
00021111
12221122
02212020
12021121
01222110
21102210
02000120
22202101
10200110
01221200
01112100
02122000
00211220
12102100
21100112
20120201
00100121
11100120
21001001
01210020
02010220
21110222
10211210
11212212
10110202
02120121
10011200
21220121
01020200
22012220
02212110
20020211
12121000
01202010
11101110
12100101
12222202
10221112
12102112
22120022
22111002
21100202
22112222
22102002
22101102
11201200
01011001
20122220
02122210
01111020
02210201
00222210
11010010
21120101
00200100
21221120
12202102
21212120
11010100
20001221
20012222
22112021
21222021
01201102
11200000
00010012
22001201
22100021
20121112
01122010
12120002
10212121
20201021
02002002
00102021
21011022
11221101
10001102
20211110
22100111
02110212
10111120
20021200
00221100
00121110
12111112
22011010
10020220
11202112
12020122
11220201
12112212
01021002
22022201
21202221
21212222
20202010
12222100
10201100
12011120
20110211
20222101
22121011
10102201
20111122
11021011
10121022
02211122
00200101
10100111
01100211
11011210
02112011
00101100
20021212
21201011
22002021
11110002
00220001
00001202
00201200
01120000
02202100
10001222
01120120
11000011
10201101
00021222
12221200
02212101
12021202
01222221
21102021
02000201
22202212
10200221
01221011
01112211
02122111
00211001
12102211
21100220
20120012
00100202
11100201
21001112
01210101
02010001
21110000
10211021
11212020
10110010
02120202
10011011
21220202
01020011
22012001
02212221
20020022
12121111
01202121
11101221
12100212
12222010
10221220
12102220
22120100
22111110
21100010
22112000
22102110
22101210
11201011
01011112
20122001
02122021
01111101
02210012
00222021
11010121
21120212
00200211
21221201
12202210
21212201
11010211
20001002
20012000
22112102
21222102
01201210
11200111
00010120
22001012
22100102
20121220
01122121
12120110
10212202
20201102
02002110
00102102
21011100
11221212
10001210
20211221
22100222
02110020
10111201
20021011
00221211
00121221
12111220
22011121
10020001
11202220
12020200
11220012
12112020
01021110
22022012
21202002
21212000
20202121
12222211
10201211
12011201
20110022
20222212
22121122
10102012
20111200
11021122
10121100
02211200
00200212
10100222
01100022
11011021
02112122
00101211
20021020
21201122
22002102
11110110
00220112
00001010
00201011
01120111
02202211
10001000
01120201
11000122
10201212
00021000
12221011
02212212
12021010
01222002
21102102
02000012
22202020
10200002
01221122
01112022
02122222
00211112
12102022
21100001
20120120
00100010
11100012
21001220
01210212
02010112
21110111
10211102
11212101
10110121
02120010
10011122
21220010
01020122
22012112
02212002
20020100
12121222
01202202
11101002
12100020
12222121
10221001
12102001
22120211
22111221
21100121
22112111
22102221
22101021
11201122
01011220
20122112
02122102
01111212
02210120
00000102
11121202
21201020
00011022
21002012
12010021
21020012
11121022
20112110
20120111
22220210
21000210
01012021
11011222
00121201
22112120
22211210
20202001
01200202
12201221
10020010
20012210
02110221
00210210
21122211
11002020
10112021
20022002
22211000
02221101
10222012
20102122
00002022
00202002
12222001
22122202
10101112
11010001
12101011
11001120
12220101
01102221
22100120
21010110
21020111
20010202
12000022
10012022
12122012
20221100
20000020
22202200
10210120
20222011
11102200
10202211
02022011
00011020
10211000
01211100
11122102
02220200
00212022
20102101
21012200
22110210
11221221
00001220
00112121
00012122
01201222
02010022
10112111
01201012
11111200
10012020
00102111
12002122
02020020
12102121
01000110
21210210
02111120
22010101
10011110
01002200
01220100
02200000
00022220
12210100
21211112
20201201
00211121
11211120
21112001
01021020
02121220
21221222
10022210
11020212
10221202
02201121
10122200
21001121
01101200
22120220
02020110
20101211
12202000
01010010
11212110
12211101
12000202
10002112
12210112
22201022
22222002
21211202
22220222
22210002
22212102
11012200
01122001
20200220
02200210
01222020
02021201
00000210
11121010
21201101
00011100
21002120
12010102
21020120
11121100
20112221
20120222
22220021
21000021
01012102
11011000
00121012
22112201
22211021
20202112
01200010
12201002
10020121
20012021
02110002
00210021
21122022
11002101
10112102
20022110
22211111
02221212
10222120
20102200
00002100
00202110
12222112
22122010
10101220
11010112
12101122
11001201
12220212
01102002
22100201
21010221
21020222
20010010
12000100
10012100
12122120
20221211
20000101
22202011
10210201
20222122
11102011
10202022
02022122
00011101
10211111
01211211
11122210
02220011
00212100
20102212
21012011
22110021
11221002
00001001
00112202
00012200
01201000
02010100
10112222
01201120
11111011
10012101
00102222
12002200
02020101
12102202
01000221
21210021
02111201
22010212
10011221
01002011
01220211
02200111
00022001
12210211
21211220
20201012
00211202
11211201
21112112
01021101
02121001
21221000
10022021
11020020
10221010
02201202
10122011
21001202
01101011
22120001
02020221
20101022
12202111
01010121
11212221
12211212
12000010
10002220
12210220
22201100
22222110
21211010
22220000
22210110
22212210
11012011
01122112
20200001
02200021
01222101
02021012
00000021
11121121
21201212
00011211
21002201
12010210
21020201
11121211
20112002
20120000
22220102
21000102
01012210
11011111
00121120
22112012
22211102
20202220
01200121
12201110
10020202
20012102
02110110
00210102
21122100
11002212
10112210
20022221
22211222
02221020
10222201
20102011
00002211
00202221
12222220
22122121
10101001
11010220
12101200
11001012
12220020
01102110
22100012
21010002
21020000
20010121
12000211
10012211
12122201
20221022
20000212
22202122
10210012
20222200
11102122
10202100
02022200
00011212
10211222
01211022
11122021
02220122
00212211
20102020
21012122
22110102
11221110
00001112
00112010
00012011
01201111
02010211
10112000
01201201
11111122
10012212
00102000
12002011
02020212
12102010
01000002
21210102
02111012
22010020
10011002
01002122
01220022
02200222
00022112
12210022
21211001
20201120
00211010
11211012
21112220
01021212
02121112
21221111
10022102
11020101
10221121
02201010
10122122
21001010
01101122
22120112
02020002
20101100
12202222
01010202
11212002
12211020
12000121
10002001
12210001
22201211
22222221
21211121
22220111
22210221
22212021
11012122
01122220
20200112
02200102
01222212
02021120