011111110
110011010
101111010
100101110
101010101
100111000
010110010
001011000
001101000
111000000
111110010
000000000
101111111
101101001
011001100
001010010
110110000
110010110
001110011
011100001
110001011
001000100
101010000
011001111
100100011
001000011
100100000
100110111
010000011
111101011
100000111
110000010
001110000
110100110
110111110
110101110
011001001
011101101
000001001
010011100
110010100
001111101
100110100
001011011
010110111
000010011
011100010
111101100
011111011
101000001
110110011
001010001
000010000
010111001
000001110
010000110
001100111
111011110
110100001
111000110
111100111
001010110
011011101
110011111
000100010
111010011
011110100
110111101
010100100
010101000
101001010
111111000
101110110
101110001
010010001
111001101
011010111
101100010
000111010
100000110
000110110
111011001
101010011
000011111
100101101
110101010
011010000
100001100
100011110
100001010
110000101
000101011
101100100
000110001
100011001
110001000
010101111
000010101
011000101
101011100
010001101
100111011
100010001
000111100
010011010
011001010
000100101
001101110
111110101
001001101
101001111