010001110
101101000
111110011
001110100
011101001
000011100
101010011
100001000
011000010
011010011
101111110
100001111
110111100
110101010
101111101
010100000
010111101
000000001
001010001
001101110
111011101
110001101
000010111
111101111
011111010
100100001
010010010
111011011
100110000
010110100
100101100
001100000
111001110
011001011
001100011
100011001
011010000
110110101
100000010
010010101
010101111
010110001
010011001
010100011
000101010
101001100
010100110
001110111
110110010
000110110
010111011
001001000
000000100
110111111
110010011
010111110
101001010
001111001
011110010
101011000
001011111
000101101
110010110
101001001
000110011
011101100
101100101
101010100
111111000
110000011
010100101
100111011
111100100
111001000
110010000
010000111
111000001
101101011
100011110
100100110
101110010
011100111
011110101
011011100
100010101
101000000
010001000
011111111
011000101
111110001
000110101
000010010
000001011
000111000
010011111
000100111
111010110
110011010
110000100
111010111
111100010
111110110
001011010
000111111
001001101
011010110
110101001
110100111
100110111
001000110
101000111