0000000000000
1111111100000
1111010110101
1011110111011
0000011010010
1101111011001
1011111010100
0111000101100
0101100100001
0000111100110
1000101101001
1011011111000
1110001001010
0111110100111
0010101100000
1110110101001
0101001100010
0010011101011
1100100100110
1111011010011
1010100100101
1100110010111
1001110000101
0010111011000
0011110010001
1011000100011
1000011111101
0101000010111
1011001011101
1011100001000
0001010011100
1001101010010
0111111001010
0110101010110
1010101011011
1111101000101
0011100110100
1001001100100
1101011101111
1001100111101
0101110010010
0001011110001
1010010101100
1011101101110
0111011111110
1110000111111
0001101111000
0000001111110
1000110110000
0011010100000
1111001101001
0110111110001
1100000001101
0010001001100
0010110111110
1001011001010
1100010100011
1101101110111
1100111111010
1110111001111
0100101101111
1110011100110
1001111100011
1000010011011
1010000010100
0000101010101
0100001011011
1111100110010
0010000111001
0100000110100
1000111001100
1010011000001
1111000000110
0111010001001
0100100011000
0001110101010
1000001000111
1101010000000
0001001001001
1010110000010
1101100001011
0011011000110
0000100110011
0101011000101
0011001110111
0110001100101
1101000111000
1100001110001
0100111000011
0111100011101
1010111110111
0100110111101
0100011101000
1110101111100
0110010110010
1000000101010
1001010110110
0101010111011
0000010100101
1100011010100
0110110000100
0010100001111
0110011011101
1010001110010
1110100010001
0101101001100
0100010001110
1000100011110
0001111011111
1110010011000
1111110011110
0111001010000
1100101000000
0000110001001
1001000010001
0011111101101
1101110101100
1101001011110
0110100101010
0011101000011
0010010010111
0011000011010
0001000101111
1011010001111
0001100000110
0110000000011
0111101111011
0101111110100