000000000000000
111111110000000
111101011010111
101111011101101
000001101001011
110111101100111
101111101010001
011100010110010
010110010000111
000011110011001
100010110100100
101101111100010
111000100101010
011111010011100
001010110000010
111011010100110
010100110001000
001001110101100
110010010011010
111101101001100
101010010010101
110011001011111
100111000010100
001011101100000
001111001000110
101100010001110
100001111110101
010100001011110
101100101110100
101110000100011
000101001110011
100110101001010
011111100101011
011010101011000
101010101101111
111110100010110
001110011010000
100100110010011
110101110111110
100110011110110
010111001001001
000101111000100
101001010110000
101110110111000
011101111111001
111000011111100
000110111100001
000000111111010
100011011000011
001101010000001
111100110100101
011011111000101
110000000110111
001000100110001
001011011111011
100101100101001
110001010001101
110110111011101
110011111101000
111011100111101
010010110111111
111001110011011
100111110001111
100001001101110
101000001010010
000010101010100
010001110100000
000100100101111
000001010011111
100110011111111
100011100111011
001010110001011
000101001110000
001000011100100
010110010000100
101000001011011
001111110110100
011011000010000
110000111001111
011100101000000
101101111101011
000010101010111
010000101101101
111110011001011
001000011100111
010000011010001
100011100110010
101001100000111
111100000011001
011101000100100
010010001100010
000111010101010
100000100011100
110101000000010
000100100100110
101011000001000
110110000101100
001101100011010
000010011001100
010101100010101
001100111011111
011000110010100
110100011100000
110000111000110
010011100001110
011110001110101
101011111011110
010011011110100
010001110100011
111010111110011
011001011001010
100000010101011
100101011011000
010101011101111
000001010010110
110001101010000
011011000010011
001010000111110
011001101110110
101000111001001
111010001000100
010110100110000
010001000111000
100010001111001
000111101111100
111001001100001
111111001111010
011100101000011
110010100000001
000011000100101
100100001000101
001111110110111
110111010110001
110100101111011
011010010101001
001110100001101
001001001011101
001100001101000
000100010111101
101101000111111
000110000011011
011000000001111
011110111101110
010111111010010
111101011010100
101110000100000
111011010101111
111110100011111
011001101111111
011100010111011
110101000001011
111010111110000
110111101100100
101001100000100
010111111011011
110000000110100
100100110010000
001111001001111
100011011000000
010010001101011