000000000
111111100
100000011
000010101
101010111
100111111
111000100
010011001
011010101
010010010
011110000
101010000
101111001
110010001
111001111
101100010
110001010
011100110
110100111
001101010
111110011
110111010
110100000
111011010
110011101
010110101
100110100
010010111
110011000
011111111
111101001
010101011
011000011
000111000
101100101
100101001
101101110
100001100
010101100
010000101
001101101
000110011
010011110
001110110
100011010
001011011
110010110
000001111
001000110
001011100
000100110
001100001
101001001
011001000
101101011
001100100