0000000
0000111
0000222
1111000
1111111
1111222
2222000
2222111
2222222
1211110
2021122
1112201
0220001
2102102
0122000
1010101
1211212
2020112
2221112
0210111
0120012
0110011
1200210
0222120
2201202
0112212
1111210
1012102
0021110
2001221
0121200
1222010
0211120
2112022
1011202
1002010
1100011
2120000
0011100
2200220
1020122
2202012
0021020
1110211
2121002
0101022
0020202
1211221
2021200
1112012
0220112
2102210
0122111
1010212
1211020
2020220
2221220
0210222
0120120
0110122
1200021
0222201
2201010
0112020
1111021
1012210
0021221
2001002
0121011
1222121
0211201
2112100
1011010
1002121
1100122
2120111
0011211
2200001
1020200
2202120
0021101
1110022
2121110
0101100
0020010
1211002
2021011
1112120
0220220
2102021
0122222
1010020
1211101
2020001
2221001
0210000
0120201
0110200
1200102
0222012
2201121
0112101
1111102
1012021
0021002
2001110
0121122
1222202
0211012
2112211
1011121
1002202
1100200
2120222
0011022
2200112
1020011
2202201
0021212
1110100
2121221
0101211
0020121
2022110
0102122
2220201
1001001
0210102
1200000
2121101
2022212
0101112
0002112
1021111
1201012
1221011
2011210
1000120
0012202
1220212
2222210
2120102
1102110
0112221
1202200
2000010
1022120
0220022
2122202
2110010
2211011
0201000
1122100
0011220
2101122
0010012
1102020
2221211
0202002
1212022
1101202
2022221
0102200
2220012
1001112
0210210
1200111
2121212
2022020
0101220
0002220
1021222
1201120
1221122
2011021
1000201
0012010
1220020
2222021
2120210
1102221
0112002
1202011
2000121
1022201
0220100
2122010
2110121
2211122
0201111
1122211
0011001
2101200
0010120
1102101
2221022
0202110
1212100
1101010
2022002
0102011
2220120
1001220
0210021
1200222
2121020
2022101
0101001
0002001
1021000
1201201
1221200
2011102
1000012
0012121
1220101
2222102
2120021
1102002
0112110
1202122
2000202
1022012
0220211
2122121
2110202
2211200
0201222
1122022
0011112
2101011
0010201
1102212
2221100
0202221
1212211
1101121
0100110
1210122
0001201
2112001
1021102
2011000
0202101
0100212
1212112
1110112
2102111
2012012
2002011
0122210
2111120
1120202
2001212
0000210
0201102
2210110
1220221
2010200
0111010
2100120
1001022
0200202
0221010
0022011
1012000
2200100
1122220
0212122
1121012
2210020
0002211
1010002
2020022
2212202
0100221
1210200
0001012
2112112
1021210
2011111
0202212
0100020
1212220
1110220
2102222
2012120
2002122
0122021
2111201
1120010
2001020
0000021
0201210
2210221
1220002
2010011
0111121
2100201
1001100
0200010
0221121
0022122
1012111
2200211
1122001
0212200
1121120
2210101
0002022
1010110
2020100
2212010
0100002
1210011
0001120
2112220
1021021
2011222
0202020
0100101
1212001
1110001
2102000
2012201
2002200
0122102
2111012
1120121
2001101
0000102
0201021
2210002
1220110
2010122
0111202
2100012
1001211
0200121
0221202
0022200
1012222
2200022
1122112
0212011
1121201
2210212
0002100
1010221
2020211
2212121