00000000000000
11111111000000
01011100000011
11100010101000
10010101111111
01111101011101
00101110001001
10001101000101
11011110101101
01010000101110
01110111101011
10001110110000
00110101000110
10010110001010
00110000011011
00011011001111
00101011010100
00101101110011
10111011111001
10111110010111
00011000110101
01101100100100
00010111010001
01100110010010
01011010011000
10111000001100
10100000110110
00000011111010
10110100100001
00000110100111
11001001111100
00111010100010
11110011011110
10100011000011
00011101101000
01101010111111
10000010011101
11010001001001
01110010000101
00100001101101
10101111101110
10001000101011
01110001110000
11001010000110
01101001001010
11001111011011
11100100001111
11010100010100
11010010110011
01000100111001
01000001010111
11100111110101
10010011100100
11101000010001
10011001010010
10100101011000
01000111001100
01011111110110
11111100111010
01001011100001
11111001100111
00110110111100
11000101100010
00001100011110