0000000000
1111111100
1000000111
0110101101
1010101011
1001111111
1110001000
0100110001
0101101101
0100100110
0111100000
1010100100
1011110001
1100111001
1110011111
1011000010
1100010010
0111001110
1101001011
1011010110
1111100111
1101110010
1101000100
1110110010
0011011101
1111010001
1001101000
1100110101
1100101110
1011010011
1100110000
0111111011
1001010001
0101010111
0110000011
0001110100
1011001101
1010010001
1011011010
1000011100
0101011000
0100001101
0011000101
0001100011
0100111110
0011101110
1000110010
0010110111
0100101010
0000011011
0010001110
0010111000
0001001110
1100100001
0000101101
0110010100
0011001001
0011010010
0100101111
0011001100