000000000000000
111111111000000
000100010110101
000110001111010
001100110011000
011011110101101
000101000011011
001110010000011
011011001101011
000111100111100
011000111100010
011001101001100
000100101000110
000010100100111
000011111001001
001101100100001
011111011011110
001001111111111
001100000101110
011100100010111
010010111010100
010110100001010
010111000000101
010111111110011
001010000011101
001011101010010
011110000110000
010000100111001
001011011100100
010101010101000
010001000110110
000101110000110
010000101111111
011001010010001
010000010001111
011110111101101
110011110100011
000000001010111
000101001110000
010111001100100
000100011001001
000100001011100
000010010111010
011100001010001
001011100001010
111011101110101
111001110111010
110011001011000
100100001101101
111010111011011
110001101000011
100100110101011
111000011111100
100111000100010
100110010001100
111011010000110
111101011100111
111100000001001
110010011100001
100000100011110
110110000111111
110011111101110
100011011010111
101101000010100
101001011001010
101000111000101
101000000110011
110101111011101
110100010010010
100001111110000
101111011111001
110100100100100
101010101101000
101110111110110
111010001000110
101111010111111
100110101010001
101111101001111
100001000101101
001100001100011
111111110010111
111010110110000
101000110100100
111011100001001
111011110011100
111101101111010
100011110010001
110100011001010