7987654
0111111
0222222
0333333
0444444
0555555
0666666
0777777
0888888
0999999
2098765
1612345
1123456
1234567
1345678
1456789
1567890
7473362
1789701
1891012
1900123
1021234
2124680
8185297
2246891
2357902
2468413
2579024
2685135
2790246
2801357
2932468
2013579
3136914
3147725
3258036
3369147
3477258
3580369
3691470
3702580
5876543
3914792
3025803
4648159
4159260
4267376
4370481
4481592
4592693
4603704
4714815
4815926
4926037
4037048
0432100
5160594
5271605
5382716
5493827
5504938
9642097
5716050
5827169
5938271
5049382
6361728
6172839
6283940
6394059
6405061
6526172
6617283
6728394
6839495
6942506
6050617
5765432
7184073
7295184
7306295
0210008
7518407
7629518
7735629
7840730
7951849
7062951
1678987
8196308
8207419
8328520
8419636
8525741
8630852
8741963
8852474
8963085
8074196
9897531
9108642
9259753
9315864
9420975
9531786
7543216
9753198
9864209
9975310
9086420
0009876
5654321
3893651