098765432100
011111111111
022222222222
033333333333
044444444444
055555555555
066666666666
077777777777
088888888888
099999999999
609876543210
181234567899
112345678940
123456789001
134567890812
145678921123
156789001234
167894312345
178920123456
189301234567
190012345678
104123456789
252468013579
213579324689
224684135790
235790246871
246821357902
257902468013
268313579824
279024680135
280135792246
297246871357
201357902468
353691470258
314752581369
325803691476
336914702580
347325803691
358036914702
369147025803
370258336914
384369147025
391471258836
302580369147
454815926037
415926037048
426637248159
437048159269
448159260370
459267379481
460370481592
474481592673
481592623704
492653704815
403704815926
585649382716
516054493827
527160524938
538271605049
549382716756
550493827160
565524938271
571605049382
582716050493
593827169554
504938271605
686172839475
617283940506
628394051617
639455361728
640506172839
657617283946
661728394050
672839475761
683940506172
694050617283
605061728394
787356295184
718407306295
729518407306
730629518407
744734629518
751840730629
762951849736
773062951840
784073062951
795184673062
706295184073
888528741963
819630852074
820741963085
830852074196
841963885257
852374196308
863085207419
874196308526
885207419630
896308520741
807419630852
969753128642
910864209753
920975310864
931386427975
942097531086
953128642897
964209753108
975310864209
986420975310
997531086420
908642097531
000987654321
616998765432
021009876543
032100987654
043210098765
076543210098
065432100987