87654321
11111111
22222222
33333333
44444444
55555555
66666666
27777777
88888883
99999999
98765432
12345673
23456789
34567890
45678908
58789121
67890012
76987654
89001234
96012345
00123456
71234567
24680135
35797246
43811357
57902461
68913579
09024680
86135798
90246801
01357902
72468113
13579024
36914702
47225893
58036914
69147025
06258036
80369147
91470254
02584369
73691470
14702588
25803691
48159260
59260378
66374481
60481592
81592603
92693794
03704815
74815926
15926937
65432130
37048159
56493827
70543218
71605049
82716050
93827168
04938271
75049382
16050493
27160504
38271695
49382716
61728394
22839405
83940596
94654617
05961723
70172839
17283940
28394058
39455061
46506172
50617283
63562951
84073062
95184073
03295184
77316295
18407306
29518437
36629510
40730629
51840730
62951848
85217419
90308520
07419638
78520741
19637852
26741963
30852074
41963085
52974196
63085207
24196341
97531086
08642097
79753100
16864239
20975310
31086428
42097531
53138642
64209753
05310864
80424975
09876543
54321009
10098765
21069876
32100987