09876543210
01111111111
02222222222
03333333333
04444444444
05555555555
06666666666
07777777777
08888888888
09999999999
20987654321
11123456789
11234567897
12345678900
13456789081
14567896512
15678900123
16789871234
17899012345
18960123456
19001234567
10412345678
25246801357
21357972468
22408013579
23579024680
24682135790
25790246801
26861357932
27902468013
28013579024
29724682135
20135790246
30369147025
31479258536
32580369147
33691476258
34762580369
35803691470
36914702580
37025803691
38036914702
39147825843
30258036914
40481592603
41592603704
42663774815
43704815926
44815926037
45926137948
46037048159
47448159267
48159266370
49210370481
40370481592
58564938271
51605849382
52716056493
53827160504
54938271685
55049382716
56755493827
57130504938
58271675049
59382716957
50493827160
61617283943
61728394050
62839405061
63945536172
64050617283
65431728394
66172839405
67283946546
68394050617
69465061728
60506172839
78732629518
71840732629
72951840730
73062951840
74473462951
75184073062
76295184973
77366295184
78407306295
79518437306
70629518487
88852474196
81963085207
82074196388
83785207419
84196378523
85267419630
86308520741
87419630852
88529741963
89630852074
80741963985
98975312864
91086420975
92797531086
93168642397
94209753108
95312864289
96420975310
97531186420
98642097531
99753108642
90864209753
00098765432
06543210098
02100987654
23210098765
04321009876
07654321009