0000000000030
1111111111120
2222222222220
3333333333330
4444441444440
2023431220000
1224032101034
0324114324431
0202034312243
2010432303443
1014243010232
4124230143124
3134042331104
2330143212144
1430224430041
1313140423311
3121043414023
2120300121342
0230341204211
4240103442201
3441200323234
2041334041111
2424201034414
4232102020113
3231410232442
1341402310321
0301214003302
4002312434324
3102444102211
3030314140024
0343213131213
4342021343012
2402013421431
1412320114403
0113422040424
4213004213310
4141423201130
1404321242333
0403132404122
3013121032040