4000000000003
4111111111113
4222222222223
4333333333333
4444441444443
0202343122004
1122404310104
1032411232440
2020203431221
1201043130341
4101423301024
3412423014312
0313403233112
0233014421210
1143022443000
2131314042332
0312104341401
3212030412134
1023032120422
0424010344221
4344124032320
1204133004110
2242420103443
0423210202011
3323141023244
3134140231032
0030121400333
3400234143430
1310240110223
2303031214004
3034321313121
3434202134304
2240201342142
0141232011440
3011344204043
1421300221330
2414142320110
4140432024231
3040313240414
4301312403202