043165205
011111111
022222222
033333333
044444444
055555553
066666666
000256134
101234565
110325406
123016045
132104354
145640123
154061632
161452321
106543210
242463106
213502664
220641355
231050246
246524531
252136420
264205013
205314002
353654412
312046503
321445630
330564021
340213656
356302145
365531204
304120363
464346251
415264340
426154603
431345162
440032316
451623034
462510435
403401526
555142036
514353625
522360514
536221443
541506302
550414263
563024150
502635641
656015324
610600230
624534146
635426615
642351060
653240601
660123542
601062453
034612500
016430052
025003461