000000000
011111111
042165205
024612520
044444444
555555554
066666666
030256134
101234565
110025426
132016345
122103654
145660123
154361032
163452601
136543210
202433133
212562064
260641055
221350246
246024531
253136420
264205313
235314602
302652412
311346503
321465630
320564321
343213056
356302145
365031224
334120262
404266251
415222240
426154013
423045162
440332616
451623304
461510435
432401526
505142336
514053625
553060514
526231402
541506022
550415263
562324150
533635041
606315524
613604235
654534106
625426015
643351360
652240621
660163542
631062453
003521643
016430352
055303461