000000000
011111111
022222202
033333333
044444444
055555555
652064316
660256134
101234566
110325426
123016645
132105654
145660123
154531032
106452301
160543210
202433125
213562064
220641354
231550246
240024531
256136420
204205613
265314602
303654412
312546503
321465630
634612520
346213056
350302142
365031224
364120365
404366251
415215340
420154023
436045162
641342015
451623604
402510434
463401516
505142636
514053106
526330514
530261405
541506322
550412263
533524150
562635041
643135203
416604235
024636166
335426011
442351660
053240621
066163542
461032453
606521643
610430652
625503461