2000101035626
3111212160636
0252023251046
6563434302156
6404545413206
6445050124316
4622232315102
0644454531324
5633343420213
6666666666666
3611121204051
1655505042435
0340111541640
1431214053651
2212325103662
3333430212663
4144541323664
5555052434615
0001035426200
1112140536311
2223251046422
3534302156533
4445413206044
5350524316155
1321423060600
5121405263111
6232510364222
6343021465333
6454132560444
2505243061555
0103542604020
1214053615131
2325104620242
3430215631353
4541320642404
5052431653515
1035426205400
2140536311511
3251046422022
4302156533133
5413206044244
0524316165355
0354260000010
1405361111121
2510462222232
3021563333343
4132064444454
5243165555505
3542601020100
4053612131211
5104623242322
0215634353433
1320645404544
2431650515055
5426000301030
0536111412141
1046222526252
2156333004303
3206444145414
4316556250525
4260002010350
5361113121401
0462224232512
1566535543023
2064440454134
3165351505245
2600010153540
6520344230060
6115203451262
0060303514464
6004155340161
1333312343566
4256535135406
5021025552366
4010454162000
6451130025565