0000101035626
3111216460636
4252223251046
6523434302156
6464045213206
6045250124316
4622232315102
0644454531324
5633343420213
6666666666666
3611121204051
1655505042435
0121303541640
1131214053601
2252325103662
3333430212663
4444541323664
5555052434615
0001035426200
1112140536311
2223251046422
3534302156533
4445413206044
5350524316155
6125423025565
1121405263111
6232510364222
6343021465333
6454132560444
0505243061555
0103542604020
1214053615131
2325104620242
3430215631353
4541320642404
5052431653515
1035426200400
2140536311511
3251046422022
4302156533133
5413206044244
0124316152355
0354260000010
1405361111121
2510462222232
3021563333343
4132064444454
5243165555505
3542601020100
4053612131211
5104623242322
0215634353433
1320645404544
2431650515055
5426000301030
0536111412141
1046222523252
2156334004303
3206444145414
4316555250525
4260002010350
5361113121401
0462324232512
1563535443023
2064440454134
3165551505245
2600010153540
6555136235060
6411304451262
0020053514464
6000155340161
1361312345566
2236533130406
5561213562366
2010354162000
4504446065654