000000000000000
111111111111111
222222222222222
112021102120020
202012010111120
011011101022102
200200112120211
001102102210121
100002121001220
122000201111221
221020100211212
120210111210020
220100112121102
000220201101122
212000221210110
010022212011012
021222220110221
220010201121200
210201100012121
022201122111000
211202001221010
220102210201101
010120121222201
122122212100210
011011220201022
112210210021202
211110202112001
200111012222002
002101211022020
201021222021101
001211220202210
111001012212200
020111002021221
121100020122120
102000001221002
001121012202011
021012211120202
100012200222111
022010112002121
001210021012212
121201202000012
200200020211021
122122001012100
220021021102010
022221010220112
011222120000110
110212022100101
012102000102212
112022001010021
222112120020011
101222110102002
202211101200201
210111112002110
112202120010122
102120022201010
211120011000222
100121220110202