00000000000000
11111111111111
22222222222222
02221120200211
20201201011102
10122211000200
20020011212121
00110212221012
12000212100122
00121002101221
22102010021121
12021021121002
02201011200212
00122020110112
21112001200022
01002221201101
02101221112020
02022200211222
02120010222200
10002201011022
01012012122210
21200022111011
01101122020202
11221020002120
20111020211200
11202110212002
00210121102202
20102102202110
10012122011020
11200101221220
02220112011100
12110002012212
10212002220101
10100011022000
10201121000011
21110012122100
12120120200021
02011100222122
12212200101010
22002101110201
01222101022011
22010221020110
11021202210010
01210210010221
21120200122101
22011212002001
10001220122211
20221110120020
21020110001212
21211122100111
21012202111122