000000000000
111111111111
222222222222
212111221001
202012010111
101222110002
200200112121
001102122210
120002121001
001210021012
221020100211
120210211210
022010112002
001220201101
211120012000
010022212011
021012211120
020222002112
010120121222
212000221110
011011220202
112210200021
201110202112
112021102120
002101211022
201021022021
100121220110
112001012212
022201120111
121100020122
102120022201
101000110220
121201202000
020111002221
122122001010
220021011102
012221010220
220102210201
110212022100
012102100102
211202001221
220112120020
100012201222
202211101200
210201100012