000250
222872
444494
666016
888638
102559
591712
168799
273477
268834
097871
437693
029364
362368
823561
961841
559172
548959
405152
964135
801163
790807
992287
491677
013660
516418
234153
141873
446650
552465
009121
683964
154283
963007
605361
474751
531181
473624
819024
971903
562582
303829
066467
918008
355536
624489
227321
429798
452353
153156
490540
856164
862803
941628
538898
557916
879671
259846
218366
232997
682836
560326
639091
573736
644603
403996
059699
314010
036195
311725
582724
479202
451226
848267
043927
910264
286823
725684
047349
658188
732452
979747
553594
421954
020492
570442
616584
952818
956230
513123
458931
342126
371356
680670
177723
089976
143039
650344
439859
916842
547822
343253
999994
367817
488290
322915
256551
276762
550209
543400
903431
434300
635679
146324
019248
751547
567031
425376
858329
936083
492706
517545
877415
561453
477046
264412
415213
142902
504199
899882
162111
720133
762737
581695
388155
684092
855035
144168
919136
274506
829149
407318
339716
962979
606490
532210
334265
378061
595134
152027
472595
672719
447787
985488
523286
642447
377934
053011
943884
167662
853879
004672
571570
594005
312854
260090
243142
149617
761600
006838
210522
182335
416341
204881
688414
459060
309407
810151
566904
008094
667143
296985
065330
129475
861776
332009
833655
410763
062045
966391
731323
229587
171145
767288
318432
968557
161084
845974
764993
124926
135170
736874
646869
469186
419686
415264
910213
356614
570491
857242
294770
746986
964186
748142
688463
245358
021579
961892
681757
573785
462429
029313
352291
355585
324171
713334
380311
495099
480456
219493
659215
241986
584980
045183
183463
771794
760571
627774
186757
023785
912429
114809
613299
235282
738030
456775
363495
668272
774087
221743
805586
376805
185629
827983
696373
753703
695246
031646
193525
784104
525441
288089
130620
577158
846001
449943
641310
674975
375778
612162
078786
084425
163240
750410
779538
091293
471468
430988
454519
804458
782948
851613
795358
866225
625518
271211
536632
258717
533347
704346
691824
673848
060889
265549
132886
408445
947206
269961
870700
954074
191369
775116
643576
242014
792064
838106
174430
178852
735745
670553
564748
593978
802292
399345
201598
365651
872966
651471
138464
769444
565875
111516
589439
600812
544537
478173
498384
772821
765022
125053
656922
857291
368946
231860
973169
789653
647998
070941
158605
614328
739167
099037
783075
699668
486034
637835
364524
726711
011404
384733
942755
984359
703217
500777
806614
077657
366780
131758
496128
041761
629930
551338
184591
828012
754832
556887
590683
717756
374649
694117
894331
669309
107000
745808
864069
599556
275633
165406
389284
075491
226294
793192
716627
534476
482612
465764
361239
983222
228450
432144
304957
638963
426403
800036
671682
521029
032773
788526
220616
889765
418507
287952
341097
083398
554621
055277
632385
284667
188913
953945
441109
393767
989800
530054
180179
383606
067596
986515
346548
357792
958496
868481
681708
631208
637886
132835
578236
792013
079864
416392
968508
186708
960764
800085
467970
243191
183414
803379
795307
684041
241935
574813
577107
546793
935956
502933
617611
602078
431015
871837
463508
706502
267705
305085
993316
982193
849396
308379
245307
134041
336421
835811
457804
950652
678397
585017
880894
996609
443365
027108
598427
307241
049505
818995
975325
817868
253268
315147
906726
747063
400601
352242
799770
068623
661565
863932
896597
597390
834784
290308
206047
385862
972032
991150
213815
693080
652500
676131
026070
904560
073235
917970
088847
847130
493833
758254
470339
755969
926968
813446
895460
282401
487161
354408
620067
169828
481583
092322
176696
313981
997738
865198
464636
914686
050728
396052
390474
957367
892175
786360
715590
024814
511967
423110
587273
094588
873093
350086
981066
787497
333138
701051
822434
766159
690795
610906
994443
987644
347675
878544
079813
580568
453482
195781
901275
869510
292563
370227
836940
951789
211659
905697
811280
608656
859457
586146
948333
233026
506355
164377
106971
925839
722399
028236
299279
588302
353370
618740
263383
841552
773950
306113
040634
976454
778409
712205
939378
596261
816739
016953
881921
329622
967420
086681
711178
497255
387028
501806
297013
448816
915714
938249
756098
604234
687386
583851
105844
440072
654766
526579
850585
648025
022658
893204
743641
254395
900148
442238
001387
630129
409574
563619
205910
776243
277899
854907
406289
300535
175567
663721
515389
101422
752676
302791
505228
289118
108137
568160
579314
170018
080003
803320
853820
859408
354457
790858
914635
291486
638914
180120
308320
182386
022607
689592
465713
305036
025991
917929
806663
463557
796435
799729
768315
157578
724555
839233
824690
653637
093459
685120
928124
489327
527607
115938
104715
061918
520991
467929
356663
558043
057433
679426
172274
890919
707639
002416
118221
665987
249720
710049
529863
261127
030517
197947
039480
475880
537769
128348
969685
622223
574864
911392
280245
883187
085554
018119
719912
056306
412920
428669
507484
194654
113772
435437
815602
874122
898753
248692
126182
295857
139592
200469
069752
615455
970876
692951
977581
148580
035068
017082
404023
609783
576020
842689
381440
603105
214944
398218
535503
119350
087710
686258
136208
272340
518674
512096
179989
014797
908982
937112
246436
733589
645732
709895
216100
095615
572608
103688
909019
555750
923673
044056
988771
812317
832528
116065
109266
569297
090166
291435
702180
675004
317303
123897
081132
414185
592849
058562
173301
433271
127219
033802
820278
071079
708768
160955
455648
728977
386999
328593
147451
944911
240858
411891
700924
575992
830362
485905
063174
995572
528735
262256
198076
990021
934827
151990
718883
038351
238575
003543
541244
189042
208203
933790
619877
509640
723428
419635
660438
137336
150861
978610
826856
809908
705473
327466
662694
876388
748191
072107
860647
244270
015826
965263
476917
122760
664850
223909
852741
621196
785231
427532
998865
499411
076529
628801
522157
397189
885343
737901
323044
974298
524313
727840
401730
320759
780782
791936
392630
202625
025942
075442
071020
576079
912470
136257
413008
850536
302742
520942
304908
244229
801114
687335
527658
247513
139541
028285
685179
918057
911341
980937
379190
946177
051855
046212
875259
215071
807742
140746
601949
749229
337550
326337
283530
742513
689541
578285
770665
279055
891048
394896
012531
929251
224038
330843
887509
461342
932661
741485
483749
252139
319569
251002
697402
759381
340960
181207
844845
796486
133914
402867
005709
207176
230731
931534
278928
634542
640281
729006
316276
335394
657059
037224
096744
010375
460214
348704
417479
351114
422081
281374
837077
192498
814573
199103
360102
257680
239604
626645
821305
798642
064201
503062
825727
436566
510830
757125
331972
209332
808870
358820
494962
730296
734618
391501
236319
120504
159734
468058
955101
867354
921417
438722
217237
794220
325200
121631
777372
145295
266678
100393
034939
054140
338687
321888
781819
212788
413057
924702
897626
539925
345419
203754
636707
714461
270184
395923
655893
349831
255424
042890
293691
920380
382577
677260
940599
508511
540115
369073
166533
462470
633413
922546
797514
052984
607527
285796
117194
740357
484878
310698
112643
156449
373512
930405
250973
450197
225165
763866
301664
420825
155312
831499
721262
945040
631257
882050
359958
372483
190232
048478
021520
927095
549088
884216
098900
960713
294729
082269
466892
237448
187885
698539
344382
886472
445521
074363
843718
907853
649154
110487
611033
298141
840423
744779
519701
007965
959523
545666
196810
746935
949462
623352
542371
902304
913558
514252
424247
247564
297064
293642
798691
134092
358879
635620
072158
524364
742564
526520
466841
023736
809957
749270
469135
351163
240807
807791
130679
133963