0000000
0011143
5434513
0011311
5454051
0521254
0022522
1512320
0033233
4035210
0044544
0054410
0055155
0101445
4142514
3103122
0112051
0123300
0125044
5134355
0134201
0100134
0145212
2151200
0150523
0202113
4204530
0213424
1215101
5225412
0224035
0235343
5241334
0251502
0243150
5045553
0250251
5410044
0242145
0303551
0314102
3320150
0325403
0334014
0332240
0340325
0342002
0351031
0404225
5344452
0405332
0415530
1421525
0420141
0430452
4432131
0433515
0441023
3443440
0452304
5314301
0510205
0520511
3522213
5551414
0531120
1533504
0542431
1544115
0553042
0504353
1005323
1013034
1020245
1130111
1031550
1004012
1241422
1042100
3040221
1053401
5355000
1110302
1121013
1105450
1132224
1143535
1154144
1200435
1211040
1222351
1233122
1244203
1252033
1255514
1301104
1312415
5524040
1310543
1323020
1334330
1345041
1354252
1402542
1410214
1413153
1424404
1431231
1435005
1443314
1450320
1500341
5550103
1503210
1514521
1525132
1533443
1540054
1551355
2003045
2014250
2024123
2025511
2032335
2035102
2040413
2051024
2104314
2115225
2123231
2130540
2141151
2143003
2152442
2205052
2210353
2220504
2231215
2235434
2242525
2254441
2253130
2304420
2310031
2321342
2332053
2343244
2353313
2354505
2355112
2400155
2453554
2411401
2422010
2433321
2444532
2455243
2501533
2502201
2512144
2513512
2523455
2534042
2545300
2550222
5322534
3001252
5423202
3012503
3322445
3023114
3433050
3034425
3044351
3045034
3053340
3111322
3102030
3113241
3124552
3135103
3140404
3150015
3203305
3511135
3214014
5445124
3225220
3232531
3240142
3251453
3304043
5305235
3315354
3353432
3330202
3341510
3352121
3405411
3415022
3420333
3431544
3454100
3442255
5452435
3500524
3510450
5333145
3521001
3532312
3543523
3555545
3554234
0555421
4001515
3002454
5551541
4025204
4010125
5513335
4021430
4031303
4032041
5502025
4043352
3050532
4253225
4054003
4020052
4100253
4111544
5114433
4122105
4133412
4144020
4155331
4201021
4212232
4223543
4234154
4245405
4220310
4302324
5512152
4313500
4311055
4324211
4331451
4335522
4345133
4350444
4403034
4414345
4425250
4412423
4440501
4451112
4504402
4505140
4513101
4515013
4524324
4530035
4541242
4552550
5403403
5004131
5212004
5015442
5023520
5535251
5030344
5540230
5041005
5052211
5105501
5110110
5120421
5131032
5401350
5142343
5153254
5204244
5210555
5221153
5025315
5230023
5232400
5243011
5254322
5300512
5311223
1505244