5225141141
1111111111
2222222222
3333333333
4444444444
5555555555
0153013005
3511522313
2053523302
1100335522
2233024044
3322115555
4455500122
5544441133
4234255414
0101553311
1122443300
1133552255
2210001155
3311000044
5311344115
5544110022
1044225511
0055334400
1243142003
0135123350
2211445533
3333554422
4423223355
5504332244
5053435043
1042524151
4344330055
1155220444
2200114440
2411112244
4400002211
5511003350
0522550033
0333441122
0055112233
1144003322
2233330211
3300221100
4414553535
2505455240
0031414455
0022345544
4211241402
1101224433
2244550000
3355440011
4422331101
5533220001
0000113344
5342254344
2011551144
1100440055
2255203530
3344442200
4433115500
5522004411
0011333022
5333100513
4111402024
1212543435
2323345405
3232351510
4545020214
5454134301
5035253420
0033315153
0110242242
1221250353
2332424140
3223505101
4554252010
5445313210
0124342331
0005131535
2123021553
1032130442
2321213201
3210312005
2435521431
3401304551
3045540335
1054050224
4132245135
1323314024
2310220310
3231130235
4513341511
1401343040
3054453553
1044522042
0145054051
1054245120
2301500253
3204440342
4501310435
5410201524
0323132010
2442000505
0154502413
1045421502
2320052035
3200043024
4510134253
5401025142
4253340250
3553101404
4224313313
5335503202
2345135124
3254024335
4523053142
5432242053
1004434131
0113525520
4310413220
5230502335
2354311542
3245200453
4532503324
5423450235
2453254113
3542345202
0232304443
1313205052
2020150501
3131040400
4235432005
5455021215
0404512125
3510250231
0213150325
1302041234
2131302100
3120203015
4453514111
5324523004
3405032543
0504224452
0225433434
1331521525
2032515211
3113404303
0134131124
5545202101
1440151252
0550040343
0231513052
1320402143
2413031200
3132022341
4405150410
0025320115
3455305034
0543224525
0244042110
1352153002
2104200334
3115301225
4012400552
5413510443
0011145451
0531235031
1013054540
1340350411
2015044052
3104155043
4013022134
5022333525
4431450310
0520511241
0204451201
1325510302
5035340504
3150032152
4220045025
5531154034
2545323043
1535005013
3434201102
1354234215
2050400425
3140513534
4031201243
5120310352
2413043511
0502152150
4343501015
5252410104
2121534345
3030425254
4142352523
5050243432
0101023230
1001505404
0312532501
1203423410
2130510523
3021001032
4350131145
2552033032
4524354300
0405245241
1321355210
1230244301
2123104132
3312020123
4105011454
2543412351
1540535430
0450422500
2534143215
3425052304
2112353454
3003242545
4024535232
5005424323
4352025403
5243034502
0340420032
1255531023
3105532510
3504313401
3452523240
5012105220
0521242154
0430350245
4350354354
1240015245
2104425115
4325204533
4012240013
5013351031
2535012532
0421103423
3305503445
1204102554
2145241040
5234325424
4421424041
5230533110
4503405223
0412014332
0304240023
1205354132
2150005201
3041104310
1034412030
5021012500
0512421045
0443530054
2542211420
1515142424
2525401014
4200520545
4040213102
5151330103
4202035350
0303124241
2415413153
3500414515
2235555312
3023444253
4051033514
5140122405
0223211130
3410035415
5305315031
1530301051
2004032423
3215123502
4002054205
5143045314
4301142302
5351513130
0430034220
1525125330
2015215005
3024301114
5200053233
5102501002
1251052441
0340043550
4440535323
1551404242
5210424451
2143300141
4004121020
5115030031
3524430520
0330212414
0451541405
2400433002
0034524503
3402402433
4015305341
5114214250
0220124103
0052201251
0402122514
1503230105
2040304233
3551215320
4020502450
5134403541
2402340321
0315051513
5443302452
1502213543
2051120050
3040031341
1025033251
5120554124
0215504214
0354405305
0555231312
1414320203
1524251445
3030112021
4141505555
5510555102
2303454504
4241404120
0514015504
1415104005
2535230552
3020320440
4150451330
5041540221
0302303112
3420411013
3443325020
1430023104
1553100531
3014541350
4103233421
5002320530
0341014003
0250105012
0531453403
1424540512
2514504021
5201252015
4102312040
5003143154
5301431450
0241321304
0541102545
1450210450
0142430213
3052234004
4105543103
5014452312
0323001321
0152144524
0550323121
1441232334
2532111303
3003010212
4334050151
0043055434
5330545040
0125415442
3503544030
1442455021
2341033412
2043203224
4124100204
5034011345
3315322050
0214233140
1052302315
1403301340
2550542114
3541453155
4130324012
5020235303
0314100430
0225010521
2501051325
1010430314
2424005050
3535014140
4242133031
5353002320
1000341413
0151250502
3440140130