0000000
1111111
2222222
3333333
4444444
2203101
1310013
1220110
1104323
0133120
2120021
1202312
4410112
0121312
2434130
0242124
4241313
3003431
1424002
3243300
2034303
0422430
1210143
2023300
2121331
4214123
2234010
4112422
0434243
3324420
2312100
2324413
4413220
0230311
2121043
0420044
4221441
3044023
4233204
2113233
3314212
2421124
2331221
2210434
1244231
3231132
2313423
0021223
1232423
3040241
1303230
0302424
4114042
2030113
4304411
3140414
1033041
2321204
3134411
3232442
0320234
3340121
0223033
1040304
4430031
3423211
3430024
0024331
1341422
3232104
1031100
0332002
4100134
0344310
3224344
4420323
3032230
3442332
3321040
2300342
4342243
3424034
1132334
2343034
4101302
2414341
1413030
0220103
3141224
0410022
4201020
2144102
3432310
4240022
4343003
1431340
4401232
1334144
2101410
0041142
4034322
4041130
1130442
2402033
4343210
2142211
1443113
0211240
1400421
4330400
0031434
4143341
4003443
4432101
3411403
0403304
4030140
2243440
3404140
0212413
3020402
2024141
1331214
4202330
1021133
0312131
3200213
4043421
0301133
0404114
2042401
0012343
2440200
3212021
1102203
0140433
0102241
2241003
3013144
0404321
3203322
2004224
1322301
2011032
0441011
1142040
0204402
0114004
0043212
4022014
1014410
0141201
3304001
4010201
1323024
4131013
3130202
2442320
0313441
2132244
1423242
4311324
0104032
1412244
1010220
3103012
1123404
3001311
4323132
2213314
1201044
1213302
3302114
4124200
1010432
4314433
3110330
2433412
3122143
1002122