415301305
011122540
112244332
052453340
410323014
155511223
002255003
224455114
210140204
011034022
112302153
413225515
200011334
142225155
414431431
314013341
020334133
021315035
520405444
023151302
044212244
025421052
545402120
014050401
400413155
031253251
232135520
010102325
531442142
431350115
050512141
134424403
414125352
455404033
001304301
423240121
045311310
450215210
541351433
554335242
050523132
051001544
452025245
014345023
451111450
555032311
034523053
054230523
544520211
012541502
502410512
003534054
400430322
505343530
431114404
422113243
440414511
002522551
342553440
033354543
144325324
545255402
005510115
544041055
151105433
330530205
122131444
133213102
101540150
125104510
150452201
024321140
110033555
111111111
112022004
113355220
025105241
115522444
053525300
114400044
120342343
121253443
011420233
123024231
121401525
125053103
120535012
124310254
130204124
131320502
132040213
133102055
435151413
135415345
404031513
134551030
350300344
131232023
142454452
153050314
100123231
402502015
412334241
104245541
051242105
434312021
152312530
153434140
010330010
155145022
150221353
154303415
104422010
004444220
102503321
103341401
101314043
105230235
100150534
104002132
140001242
141443034
005435504
143502503
235252500
145330551
140010420
144134300
032400131
201333120
202015051
243130212
022030355
255440445
453350453
224504542
210311442
211235344
212153035
213031243
215424105
215000521
212550250
214242510
013303124
221144553
222222222
221000115
424254045
225534330
443035435
224433001
230120341
231032434
232303244
203340003
233513514
235331152
230454023
234105205
045140343
201410240
431505143
223552141
015214450
225325513
230043302
214151424
250402054
251554012
252533403
253314325
251341231
255203040
543115344
254025534
542334032
201521025
202044144
203405532
420501451
205112303
200204411
204350355
240545121
241133005
242401313
243423450
431233052
245054224
240332545
244210133
340324255
351200013
252100102
303042524
330413430
052124014
020203533
551531345
310202031
111340455
312321301
313144445
310351054
315403212
310115503
314535125
320113020
321031200
322351511
323205152
323520043
325102145
321404304
324340432
332055042
040155152
332211445
333333333
440022003
335544001
330022110
334400550
354441103
351013535
302505234
454540304
455502422
315250320
335130151
334014014
053010252
351425421
352043452
353541410
350234502
355315114
041045510
354152243
450524520
301154130
302432545
303010201
302145315
305001453
300300022
304223404
342130414
341512352
355030034
343450005
341453141
345121532
340245225
340305050
421023314
311530531
405220121
042313203
001021412
035103354
023412413
035023225
410554313
442204554
012415024
013032102
401554202
415045130
034532240
214251205
000133442
445553544
022001033
023543245
422210301
425334420
220052450
431241535
000002400
331341320
452051122
133005011
034110505
402325434
430114232
021550424
441100221
450141045
122233110
223211550
440055331
034201312
432054350
044422335
411452525
151055303
405242252
053250434
033140530
055320200
050443511
554004151
422445000
501302214
102054505
403125123
453133501
405451441
443344112
204515440
043231021
041224040
042142401
030345454
141435253
145514015
440531104
444353522
444003230
005352032
502423543
503201135
504154021
424132134
020051215
554232450
510421320
511503000
512005412
513445351
513012235
515130043
510250142
514304534
522450230
521042041
522514100
523332504
521303552
525241014
520120405
524005323
530210053
531434215
532552304
533500422
532225030
342014123
530041501
534143113
540152512
531020154
502340425
553204203
403202340
535313431
433421224
425010542
550044440
551100332
552220041
553322042
413510030
555555555
555433224
554411002
500335101
501215522
502101250
503053010
415243423
505324342
500542233
040504435
540253315
344352405
110125423