05212002
13133225
01240141
52354004
05320525
51505533
50012451
03410313
01145004
11252521
01355332
03302440
01515212
31024135
52543430
42150353
02253105
52351122
52415445
02522041
52030514
33055115
02404034
13210055
03313501
43420424
53534340
53041233
05433441
54104411
44211334
04325251
14432103
04150454
14053042
25402244
02511550
15223513
05330030
55444552
15551405
05005321
00014023
40121540
00235432
50342315
00450231
50503154
00552143
11330413
13144330
15251252
10305105
02025403
11510044
02432320
11542102
11150215
11203031
11300554
11414400
11521323
11035240
12454541
12101404
12205310
12312233
12424150
12533002
12040025
01402255
13103143
04103300
13324012
13431535
13545451
13052304
05540304
14115522
14222445
14331341
14443214
14550130
14004553
15113355
15120201
15234124
15341040
15455023
15502510
15000432
10025234
10132050
10240503
10353420
10400342
10504225
10011111
24541524
25155440
25222303
03244205
23413132
03030152
20034001
21453203
21100120
21204442
21311045
21425511
21532434
21040350
22105052
22102505
22210421
22323344
22430200
22544113
22051330
23402331
23114254
23221100
23335223
23442040
23550502
23003415
24312210
24120033
24233550
24340402
24454325
24501241
24005104
25524455
25131312
25245235
25352151
03151021
25503020
25010543
20430145
20143551
20250014
20304530
20401453
20515300
20022222
30152035
02140242
34223404
34315321
32424243
31531151
35045112
31404314
31101230
31215153
31322000
31430022
31543545
31050401
05054210
32113010
32220532
32334455
32441301
32555224
32002140
33211442
33125355
33232211
33340134
33453550
33500003
33034520
34023121
34130444
34244020
34351513
34405430
34502352
34010205
35135501
35142423
35250340
35303222
03205544
35514231
35021054
30040250
30154102
30201525
30305041
30412504
30520410
30033333
00453512
00110435
42214515
42321431
40435354
41542201
40051123
41445425
41112341
41220244
41333110
41443333
41554050
41001502
42110104
42124023
42231043
42345500
42452412
42500335
42003251
43022553
43132402
43243322
43350245
43404121
43501014
43015030
44134232
44141155
44255101
44302024
44400545
44513443
44020310
45440011
45153534
45205450
45304303
45411220
45525142
45032215
04200223
40105213
40202130
40310052
40423005
40530521
40044444
04314140
50111403
55225020
55332542
35410105
55553311
04421002
51110530
51123452
51230305
51344221
51451144
03523230
51002013
52421215
52135131
52242254
04535015
52403523
01013524
52014302
53533034
53140510
53254433
53301350
53405202
53512125
53020441
54345343
54152200
54200112
54313235
54410051
54524504
54031420
02300311
55104045
55201501
55315414
55422332
55530253
55043100
04042531
50150324
50213240
50320153
50434110
50541032
50055555
05101133
01122114
00224351
05343053
00331204
05504422
00001345
00445120
01134543
01241410