000000000
001122146
002244334
003366441
005133665
005511223
006611552
004455114
010146264
011064622
012302153
013220515
451335656
452626145
016431436
014613340
020234063
021315035
022043444
023151302
025604216
025426650
026540121
024562566
030341610
031253251
032135520
033014166
031442042
035660034
036506345
034624403
010165356
455404033
062621061
023403122
015056533
450215210
016212604
054330242
050523132
051201544
052464205
053645643
052110450
055032311
056354060
054206026
060652425
061460363
062316312
063534054
065261140
065343506
066025240
064105631
040414541
041636105
042550646
043062230
042325324
045205462
046163013
044041055
100105433
101055345
102331504
103213042
101546156
105164510
106402261
104620622
110033556
111111111
112255660
113355226
111200332
115522444
116644005
114466443
120342340
121260406
122106045
123024331
121401525
125653163
126535612
124514254
130204124
131326562
132040213
133162655
435156416
135415306
464631513
134551030
130510165
131232023
132454452
143666314
142123200
125001646
136363136
134245541
150556601
434312521
152612536
153430140
151065064
155146622
156221353
154303415
160425016
161605150
162563321
163341465
161314643
165236235
166150564
164012102
140661242
141443634
444460611
143500503
145252513
145330051
146016420
144134366
200251566
201333120
202015651
203130212
206662303
205440445
206426034
204504642
210315402
211235344
212153035
213061043
215424165
215606521
216560250
214542616
220066115
221144553
222222222
223300664
424254645
225533336
443035405
224433001
230120341
231002434
232364046
233246000
232513514
235631152
236451623
234625265
240634630
221416246
431565143
213552101
461046011
235325513
246043362
224161424
250402054
251650012
252536463
253114325
253341231
255263640
256105106
254020530
260203243
261521605
262645144
263465532
266030326
265112060
266214411
264356352
240545020
241166661
242401310
243623456
432603602
245054204
246332545
244210133
300324255
301206613
302160162
303042524
300412130
305635046
306553400
304531341
310262031
311340460
312026306
313104440
311651654
315463212
316115563
314535125
320113626
321031260
322350511
323245152
326520043
325102105
326464344
324646432
330055042
331125004
332211445
333333333
440022663
335544661
336622110
334400556
350441103
331663545
352505234
454540304
456662442
345250320
336136451
324014012
350605362
351425421
352643050
353561416
356234502
355316144
356000635
354152243
360536540
361154136
362432600
363610201
362145315
365060453
366301022
364223064
340430414
341512352
342614323
343456065
342003141
345121532
346242246
344365600
424106160
401530531
602656240
303424606
001021412
405103354
506265025
304342063
010554313
211206455
012410024
113632462
461554262
615045130
116323641
014201201
220625504
400353044
422161633
623543245
422216361
425334420
626052056
430241535
630463460
531641326
452051122
133605011
232350105
462320430
036114232
334036644
330066221
460164300
142233116
223311550
446655331
445566002
432064350
144422335
650131035
151013203
435642252
353252434
051502620
355320266
456446513
154664151
360240652
661362214
662004565
163126123
453133561
565451041
443344112
064515406
440306536
441224040
142142401
436230062
144435253
245613615
546531164
444553522
500565644
501345202
502423543
503601135
504154021
505056265
506310316
504232450
510421020
511503066
512665410
513445351
512012245
515130603
516256142
514364534
520450230
521612641
522514100
523136546
521363152
525241014
526120465
524005323
530616053
531434115
532552364
533500422
535225636
535305240
536061501
534143113
500102512
541020154
552346625
553264263
463202346
565613431
433421244
524650406
550044446
551166330
552200111
553322002
465155624
555555555
556633224
554411662
560335161
561214524
562161256
563053610
566406404
565624342
566542433
564160045
540233305
541351433
542035032
543115444
546640560
545462126
546604653
544526211
600643411
601461052
602302426
603525360
602260244
605352632
606034143
604116505
610405645
611620233
612541542
613363104
614336010
615214056
616132320
614050461
441100225
621556424
622630355
623412413
620044602
625165211
626203530
624321146
630532206
631510640
632426131
633654546
633101063
635023025
636345454
634261312
620226462
651304301
441111006
663140036
654615122
605435564
626651215
634523653
650360523
651242165
652124614
653006252
652453346
655601400
656515041
442266554
660011334
661133442
662255003
466413155
662522551
665500110
666666666
664444220
640155150
641065516
642313265
643231621
644564435
645146343
646420602
644602044
400436322
401614464
402562015
403050353
456524526
405225101
406141640
404063236
410600146
411452500
412634241
413516632
414243423
415361365
416005514
414125052
420501451
421523310
422445466
423660020
424132134
425010542
426316203
226455440