000000
222222
444444
100451
535555
514530
522500
150254
433540
032112
435042
110525
524411
500544
425201
252401
021210
104340
551004
402420
002442
402511
412034
111113
434351
114402
544053
350130
415522
142251
005141
052025
501150
035304
525043
231102
251255
115331
354545
213504
513020
310343
505325
105503
525132
511445
033522
002211
530310
220140
102104
550422
011051
153443
520253
131430
115453
251033
125424
311232
022554
340211
422345
545400
225515
235342
401243
424533
420114
534143
103134
012203
143550
232454
205405
201414
120440
445313
301301
133135
421452
010434
053531
432234
340455
025225
404105
452153
322013
151111
130152
144122
312410
055102
254334
051204
332141
140033
122100
041423
414023
243432
320502
113220
024042
224004
024133
034250
333335
050513
330024
100215
512352
031144
304413
221303
214241
123312
251520
141205
453324
413411
331553
510101
435120
135242
532505
121541
321125
141354
133001
255144
224433
152532
442302
324320
112044
233213
315005
142415
353052
331015
413255
341040
533454
244110
502433
044501
101022
441131
451504
023405
040155
042330
150305
325350
234425
305112
454010
421021
423030
342002
001535
523523
355351
043014
232050
215153
054450
502011
241441
020321
014315
544235
313333
352314
300344
534032
211324
410550
213420
554303
302255
344322
203045
030245
405054
542124
335442
240204
440220
240355
250412
555551
212135
552240
322431
134514
253300
520035
443525
430403
345534
413142
303421
015540
035033
553115
132323
051342
351404
154121
343103
543341
303510
355223
411300
440055
314154
004524
540542
334200
455435
531221
304031
515214
553231
035411
503202
155010
400332
124055
200123
323244
003353
013120
245021
202311
204552
312521
541512
450041
521334
010232
043243
045252
504224
223151
145145
511513
205230
454212
431315
210012
124233
403003
242543
230531