00000
22222
44444
32500
14435
35221
34142
11022
10421
14124
24010
22004
53434
43422
35354
34322
55555
03202
23031
20312
50315
50140
23413
04545
30203
04214
41233
22441
21013
34104
23053
52030
43543
40331
14500
10502
01420
04301
42201
11404
02403
24402
43300
03324
01504
44512
53312
22514
40405
34231
51353
42410
54533
02112
51452
00511
14313
12453
05310
24551
55023
33125
35002
41314
15325
23345
33552
44121
35445
43011
03141
54054
34450
31423
23504
01055
15412
31305
25235
33110
35513
54411
54122
30051
51443
50304
33244
32043
30340
40232
44220
15050
05044
51510
50544
11111
25424
45253
42534
12531
12302
45035
20101
52425
20430
03455
44003
43235
50320
45215
14252
05105
02553
30122
32124
23042
20523
04423
33020
24025
40024
05522
25540
23120
00134
15534
44130
02021
50453
13515
04032
10155
24334
13014
22133
30535
34015
21532
40113
11245
55341
51224
03530
31541
45501
55114
00343
51001
05233
25303
10210
50012
53045
45120
23211
31034
53521
41451
55332
51135
10033
10344
52213
13005
12520
55400
54205
52502
02454
00442
31212
21200
13132
12100
33333
41040
01415
04150
34153
34524
01251
42323
14041
42052
25011
00225
05451
12542
01431
30414
21321
24115
52344
54340
45204
42145
20045
55242
40241
02240
21144
41102
45342
22350
31150
00352
24243
12015
35131
20254
32311
40550
35230
44355
52151
50231
43154
02335
33401
11503
13440
25152
53103
01123
11330
22505
13223
21455
41525
32432
12234
15201
01342
45433
53250
15143
03013
11554
13351
32255